009.129679	006.157233
008.601374	005.687239
008.073070	005.217245
007.544765	004.747251
007.016461	004.277257
006.488157	003.807263
009.129679	006.157233
008.601374	005.687239
008.073070	005.217245
007.544765	004.747251
007.016461	004.277257
006.488157	003.807263
009.129679	006.157233
008.601374	005.687239
008.073070	005.217245
007.544765	004.747251
007.016461	004.277257
006.488157	003.807263
009.129679	006.157233
008.601374	005.687239
009.129679	006.157233
008.601374	005.687239
008.073070	005.217245
009.129679	006.157233
008.601374	005.687239
009.129679	006.157233
008.601374	005.687239
008.073070	005.217245
009.129679	006.157233
008.601374	005.687239
008.073070	005.217245
007.544765	004.747251
009.129679	006.157233
008.601374	005.687239
009.129679	006.157233
008.601374	005.687239
008.073070	005.217245
007.544765	004.747251
007.016461	004.277257
006.488157	003.807263
005.959852	003.337269
005.431548	002.867275
004.903243	002.397281
004.374939	001.927287
