003.416794	004.157850
002.753618	004.403203
002.090443	004.648557
001.427267	004.893910
000.764092	005.139263
000.117288	005.428869
003.416794	004.157850
002.753618	004.403203
002.090443	004.648557
001.427267	004.893910
000.764092	005.139263
000.117288	005.428869
003.416794	004.157850
002.753618	004.403203
002.090443	004.648557
001.427267	004.893910
000.764092	005.139263
000.117288	005.428869
003.416794	004.157850
002.753618	004.403203
003.416794	004.157850
002.753618	004.403203
002.090443	004.648557
003.416794	004.157850
002.753618	004.403203
003.416794	004.157850
002.753618	004.403203
002.090443	004.648557
003.416794	004.157850
002.753618	004.403203
002.090443	004.648557
001.427267	004.893910
003.416794	004.157850
002.753618	004.403203
003.416794	004.157850
002.753618	004.403203
002.090443	004.648557
001.427267	004.893910
000.764092	005.139263
000.117288	005.428869
-00.557868	005.641840
-01.439185	005.297570
-02.111697	005.517686
-02.873170	005.497348
003.416794	004.157850
002.753618	004.403203
002.090443	004.648557
001.427267	004.893910
000.764092	005.139263
000.100916	005.384617
-00.562259	005.629970
-01.225435	005.875323
-01.888610	006.120677
-02.551786	006.366030
-03.214961	006.611384
-03.878137	006.856737
-04.541312	007.102090
-05.204488	007.347444
-05.867663	007.592797
-06.530839	007.838150
-07.354980	007.648421
-08.156320	007.520324
-08.819496	007.765678
-09.482671	008.011031
009.854153	008.256385
009.140745	008.365963
008.252897	008.004040
007.531375	008.091685
006.861542	008.319045
006.198367	008.564398
005.535191	008.809752
004.872016	009.055105
004.208840	009.300458
003.545665	009.545812
002.882490	009.791165
002.219314	-09.963482
001.556139	-09.718128
000.892963	-09.472775
000.229788	-09.227421
-00.423434	-08.955163
-00.910876	-08.234813
-01.444350	-07.638885
-02.084169	-07.330400
-02.788827	-07.197171
-03.518472	-06.927692
-04.181731	-06.682565
-04.844905	-06.437209
-05.508081	-06.191856
-06.171259	-05.946508
-06.836280	-05.706144
-07.525227	-05.530450
-08.167468	-05.228513
-08.718338	-04.679603
-09.264380	-04.117645
-09.911143	-03.827930
003.416794	004.157850
002.753618	004.403203
002.090443	004.648557
001.427267	004.893910
000.764092	005.139263
000.100916	005.384617
-00.562259	005.629970
-01.225435	005.875323
-01.888610	006.120677
-02.551786	006.366030
-03.214961	006.611384
-03.878137	006.856737
-04.541312	007.102090
-05.204488	007.347444
-05.867663	007.592797
-06.530839	007.838150
-07.354980	007.648421
-08.156320	007.520324
-08.819496	007.765678
-09.482671	008.011031
009.854153	008.256385
009.140745	008.365963
008.252897	008.004040
003.504025	004.125577
002.920150	004.341592
002.336276	004.557606
001.752401	004.773621
001.168527	004.989636
000.584652	005.205650
000.000778	005.421665
-00.583096	005.637679
-01.166971	005.853694
-01.750845	006.069708
-02.334720	006.285723
-02.918594	006.501738
-03.502469	006.717752
-04.086343	006.933767
-04.670218	007.149781
-05.254092	007.365796
-05.837967	007.581810
-06.421841	007.797825
-07.005716	008.013839
003.504025	004.125577
002.920150	004.341592
002.336276	004.557606
001.752401	004.773621
001.168527	004.989636
000.584652	005.205650
000.000778	005.421665
-00.583096	005.637679
-01.166971	005.853694
-01.750845	006.069708
-02.334720	006.285723
-02.918594	006.501738
-03.502469	006.717752
-04.086343	006.933767
-04.662210	007.171426
-05.245902	007.387935
-05.829776	007.603949
003.416794	004.157850
002.753618	004.403203
002.090443	004.648557
001.427267	004.893910
000.764092	005.139263
000.100916	005.384617
-00.562259	005.629970
-01.225435	005.875323
-01.888610	006.120677
-02.551786	006.366030
-03.214961	006.611384
-03.878137	006.856737
003.794133	004.018247
003.473993	004.136688
003.153854	004.255129
002.833714	004.373570
002.513574	004.492012
002.193435	004.610453
001.873295	004.728894
001.553155	004.847336
001.233015	004.965777
000.912876	005.084218
000.592736	005.202659
000.272596	005.321101
-00.047543	005.439542
-00.367683	005.557983
-00.687823	005.676425
-01.007962	005.794866
-01.328102	005.913307
-01.648242	006.031748
-01.968381	006.150190
-02.288521	006.268631
-02.608661	006.387072
-02.928801	006.505513
-03.248940	006.623955
-03.569080	006.742396
-03.889220	006.860837
-04.209359	006.979279
-04.529499	007.097720
-04.849639	007.216161
-05.169778	007.334602
-05.489918	007.453044
-05.810058	007.571485
-06.130198	007.689926
-06.450337	007.808368
-06.770477	007.926809
-07.090617	008.045250
-07.410756	008.163691
-07.730896	008.282133
-08.051036	008.400574
-08.371175	008.519015
-08.691315	008.637456
-09.011455	008.755898
-09.331595	008.874339
-09.651734	008.992780
-09.971874	009.111222
009.707986	009.229663
009.387847	009.348104
009.067707	009.466545
008.747567	009.584987
008.427428	009.703428
003.794133	004.018247
003.473993	004.136688
003.153854	004.255129
002.833714	004.373570
002.513574	004.492012
002.193435	004.610453
001.873295	004.728894
001.553155	004.847336
001.233015	004.965777
000.912876	005.084218
000.592736	005.202659
000.272596	005.321101
-00.047543	005.439542
003.483111	004.133315
002.819936	004.378668
002.156760	004.624021
001.493585	004.869375
000.830409	005.114728
000.167234	005.360081
-00.440937	005.754110
-01.235885	005.643289
-01.882099	005.934490
-02.539836	006.194541
-03.110415	006.690178
-03.632767	007.316167
-04.154121	007.944856
-04.816756	008.191670
-05.346931	008.796516
-05.929334	009.260193
-06.548118	009.625534
-07.257594	009.745741
-08.066354	009.597586
-08.734061	009.830693
-09.397236	-09.923953
009.960444	-09.622229
009.297268	-09.376876
008.634093	-09.131523
007.970917	-08.886169
007.215774	-08.889400
006.388441	-09.087754
005.540746	-09.341145
004.708686	-09.552277
003.995216	-09.442867
003.315044	-09.243453
002.638427	-09.034432
001.905451	-08.977746
001.188424	-08.877951
000.482707	-08.747582
-00.182807	-08.508550
-00.764025	-08.041670
-01.279626	-07.397431
-01.755908	-06.646916
-02.345241	-06.201971
-02.990422	-05.907982
-03.682596	-05.741008
003.483111	004.133315
002.819936	004.378668
002.156760	004.624021
001.493585	004.869375
000.830409	005.114728
003.483111	004.133315
002.819936	004.378668
002.156760	004.624021
001.493585	004.869375
000.830409	005.114728
000.167234	005.360081
-00.440937	005.754110
-01.235885	005.643289
-01.882099	005.934490
-02.539836	006.194541
-03.110415	006.690178
-03.632767	007.316167
-04.154121	007.944856
003.483111	004.133315
002.819936	004.378668
002.028163	004.276430
003.483111	004.133315
002.819936	004.378668
002.028163	004.276430
001.245697	004.199350
003.483111	004.133315
002.819936	004.378668
002.028163	004.276430
003.416794	004.157850
002.753618	004.403203
001.911135	004.163899
001.099889	004.009026
000.435864	004.252082
-00.163005	004.671255
003.483111	004.133315
002.819936	004.378668
002.028163	004.276430
001.245697	004.199350
003.483111	004.133315
