-08.624760	-03.629652
-08.546033	-02.926941
-08.467307	-02.224231
-08.388581	-01.521520
-08.309854	-00.818809
-08.231128	-00.116099
-08.509217	000.626587
-08.490128	001.335979
-08.411402	002.038689
-08.332675	002.741400
-08.253949	003.444110
-08.175222	004.146821
-08.096496	004.849532
-08.017770	005.552242
-07.939043	006.254953
-07.860317	006.957663
-07.781590	007.660374
-07.702864	008.363084
-07.624138	009.065795
-07.545411	009.768506
-07.470946	-09.528307
-07.432808	-08.821049
-07.276452	-08.127035
-06.701718	-07.479894
-06.030068	-06.843610
-08.624760	-03.629652
-08.546033	-02.926941
-08.467307	-02.224231
-08.388581	-01.521520
-08.309854	-00.818809
-08.231128	-00.116099
-08.509217	000.626587
-08.490128	001.335979
-08.411402	002.038689
-08.332675	002.741400
-08.253949	003.444110
-08.175222	004.146821
-08.096496	004.849532
-08.017770	005.552242
-07.939043	006.254953
-07.860317	006.957663
-07.781590	007.660374
-07.702864	008.363084
-08.624760	-03.629652
-08.546033	-02.926941
-08.467307	-02.224231
-08.388581	-01.521520
-08.309854	-00.818809
-08.231128	-00.116099
-08.653809	000.642786
-08.669645	001.356090
-08.590919	002.058801
-08.512193	002.761512
-08.433466	003.464222
-08.354740	004.166933
-08.276013	004.869643
-08.197287	005.572354
-08.118561	006.275064
-08.039834	006.977775
-07.961108	007.680486
-07.882381	008.383196
-07.803655	009.085907
-07.724929	009.788617
-07.644029	-09.508916
-07.575253	-08.805090
-07.468307	-08.105541
-07.131388	-07.431757
-06.499022	-06.791072
-08.624760	-03.629652
-08.546033	-02.926941
-08.467307	-02.224231
-08.388581	-01.521520
-08.309854	-00.818809
-08.231128	-00.116099
-08.653809	000.642786
-08.669645	001.356090
-08.590919	002.058801
-08.512193	002.761512
-08.433466	003.464222
-08.354740	004.166933
-08.276013	004.869643
-08.197287	005.572354
-08.118561	006.275064
-08.039834	006.977775
-07.961108	007.680486
-07.882381	008.383196
-07.803655	009.085907
-07.724929	009.788617
-07.644029	-09.508916
-08.504427	-03.643133
-08.210953	-02.964481
-08.132227	-02.261770
-08.053500	-01.559060
-07.974774	-00.856349
-07.896047	-00.153639
-08.504427	-03.643133
-08.210953	-02.964481
-08.132227	-02.261770
-08.053500	-01.559060
-07.974774	-00.856349
-07.896047	-00.153639
-08.504427	-03.643133
-08.210953	-02.964481
-08.132227	-02.261770
-08.053500	-01.559060
-07.974774	-00.856349
-07.896047	-00.153639
-08.504427	-03.643133
-08.210953	-02.964481
-08.504427	-03.643133
-08.210953	-02.964481
-08.132227	-02.261770
-08.504427	-03.643133
-08.210953	-02.964481
-08.504427	-03.643133
-08.210953	-02.964481
-08.132227	-02.261770
-08.504427	-03.643133
-08.210953	-02.964481
-08.132227	-02.261770
-08.053500	-01.559060
-08.504427	-03.643133
-08.210953	-02.964481
-08.504427	-03.643133
-08.210953	-02.964481
-08.132227	-02.261770
-08.053500	-01.559060
-07.974774	-00.856349
-07.896047	-00.153639
-07.961885	000.565268
-07.482668	001.223110
-06.740713	001.851518
-06.523657	002.538731
-08.624760	-03.629652
-08.546033	-02.926941
-08.467307	-02.224231
-08.388581	-01.521520
-08.309854	-00.818809
-08.231128	-00.116099
-08.653809	000.642786
-08.669645	001.356090
-08.590919	002.058801
-08.512193	002.761512
-08.433466	003.464222
-08.354740	004.166933
-08.276013	004.869643
-08.197287	005.572354
-08.118561	006.275064
-08.039834	006.977775
-07.530733	007.632270
-07.135797	008.299554
-07.057071	009.002265
-06.978344	009.704976
-06.615791	-09.624112
-06.387502	-08.938157
-06.310903	-08.235208
-06.232177	-07.532497
-06.153450	-06.829787
-06.074724	-06.127076
-05.995997	-05.424366
-05.917271	-04.721655
-05.740870	-04.029887
-05.124857	-03.387370
-04.939400	-02.696617
-04.785809	-02.002294
-04.707083	-01.299583
-04.628356	-00.596872
-04.549630	000.105838
-04.470903	000.808549
-04.392177	001.511259
-04.478010	002.232406
-04.776328	002.977358
-04.783745	003.689719
-04.699392	004.462952
-04.610978	005.164578
-04.555890	005.869936
-04.361269	006.559663
-03.866163	007.215726
-03.338913	007.868187
-03.109182	008.553980
-03.030441	009.256689
-02.951731	009.959402
-02.873006	-09.337888
-02.826604	-08.631556
-08.624760	-03.629652
-08.546033	-02.926941
-08.467307	-02.224231
-08.388581	-01.521520
-08.309854	-00.818809
-08.231128	-00.116099
-08.653809	000.642786
-08.669645	001.356090
-08.590919	002.058801
-08.512193	002.761512
-08.433466	003.464222
-08.354740	004.166933
-08.276013	004.869643
-08.197287	005.572354
-08.118561	006.275064
-08.039834	006.977775
-07.530733	007.632270
-07.135797	008.299554
-07.057071	009.002265
-06.978344	009.704976
-06.615791	-09.624112
-06.387502	-08.938157
-06.310903	-08.235208
-08.642366	-03.786809
-08.579646	-03.226970
-08.516926	-02.667130
-08.454206	-02.107290
-08.391486	-01.547450
-08.328765	-00.987610
-08.266045	-00.427770
-08.203325	000.132070
-08.140605	000.691910
-08.077884	001.251749
-08.015164	001.811589
-07.952444	002.371429
-07.889724	002.931269
-07.827003	003.491109
-07.764283	004.050949
-07.701563	004.610789
-07.638843	005.170629
-07.576122	005.730468
-07.513402	006.290308
-08.642366	-03.786809
-08.579646	-03.226970
-08.516926	-02.667130
-08.454206	-02.107290
-08.391486	-01.547450
-08.328765	-00.987610
-08.266045	-00.427770
-08.203325	000.132070
-08.140605	000.691910
-08.077884	001.251749
-08.015164	001.811589
-07.952444	002.371429
-07.889724	002.931269
-07.827003	003.491109
-07.764283	004.050949
-07.701563	004.610789
-07.638843	005.170629
-08.624760	-03.629652
-08.546033	-02.926941
-08.467307	-02.224231
-08.388581	-01.521520
-08.309854	-00.818809
-08.231128	-00.116099
-08.268217	000.599587
-08.273686	001.311730
-08.194959	002.014441
-08.116233	002.717151
-08.037507	003.419862
-07.958780	004.122572
-08.673633	-04.065895
-08.639337	-03.759769
-08.605041	-03.453643
-08.570745	-03.147517
-08.536449	-02.841390
-08.502153	-02.535264
-08.467857	-02.229138
-08.433561	-01.923012
-08.399265	-01.616886
-08.364969	-01.310760
-08.330673	-01.004634
-08.296376	-00.698508
-08.262080	-00.392382
-08.227784	-00.086256
-08.193488	000.219870
-08.159192	000.525996
-08.124896	000.832122
-08.090600	001.138248
-08.056304	001.444374
-08.022008	001.750500
-07.987712	002.056626
-07.953416	002.362752
-07.919120	002.668878
-07.884824	002.975004
-07.850528	003.281130
-07.816232	003.587257
-07.781936	003.893383
-07.747640	004.199509
-07.713344	004.505635
-07.679048	004.811761
-07.644751	005.117887
-07.610455	005.424013
-07.576159	005.730139
-07.541863	006.036265
-07.507567	006.342391
-07.473271	006.648517
-07.438082	006.954543
-07.397582	007.259974
-07.362440	007.566005
-07.334373	007.872829
-07.302096	008.179181
-07.267800	008.485307
-07.233504	008.791433
-07.199208	009.097560
-07.164912	009.403686
-07.130616	009.709812
-07.096320	-09.984062
-07.062024	-09.677936
-07.027728	-09.371810
-08.673633	-04.065895
-08.639337	-03.759769
-08.605041	-03.453643
-08.570745	-03.147517
-08.536449	-02.841390
-08.502153	-02.535264
-08.467857	-02.229138
-08.433561	-01.923012
-08.399265	-01.616886
-08.364969	-01.310760
-08.330673	-01.004634
-08.296376	-00.698508
-08.262080	-00.392382
