009.095168	-07.782057
009.095168	-07.782057
009.095168	-07.782057
009.095168	-07.782057
009.095168	-07.782057
009.095168	-07.782057
009.095168	-07.782057
009.095168	-07.782057
009.095168	-07.782057
009.095168	-07.782057
009.165371	-07.790514
009.235574	-07.798971
009.095168	-07.782057
009.095168	-07.782057
009.165371	-07.790514
009.165371	-07.790514
009.095168	-07.782057
009.095168	-07.782057
009.165371	-07.790514
009.235574	-07.798971
009.095168	-07.782057
009.165371	-07.790514
009.095168	-07.782057
009.165371	-07.790514
009.797199	-07.866627
009.095168	-07.782057
009.024965	-07.773600
009.024965	-07.773600
009.024965	-07.773600
009.024965	-07.773600
009.024965	-07.773600
009.797199	-07.866627
-09.500769	-07.951196
-08.798738	-08.035766
009.797199	-07.866627
009.024965	-07.773600
009.024965	-07.773600
009.024965	-07.773600
009.024965	-07.773600
009.024965	-07.773600
009.024965	-07.773600
009.024965	-07.773600
009.024965	-07.773600
009.024965	-07.773600
009.024965	-07.773600
009.797199	-07.866627
-09.500769	-07.951196
-08.798738	-08.035766
-08.096707	-08.120335
-07.394675	-08.204905
-06.692644	-08.289474
-05.990613	-08.374044
-05.288581	-08.458613
-04.586550	-08.543183
-03.884519	-08.627752
-03.182487	-08.712322
-02.480456	-08.796891
-01.778425	-08.881461
-01.076393	-08.966030
-00.374362	-09.050600
009.797199	-07.866627
-09.500769	-07.951196
-08.798738	-08.035766
-08.096707	-08.120335
-07.394675	-08.204905
009.797199	-07.866627
-09.500769	-07.951196
-08.798738	-08.035766
-08.096707	-08.120335
-07.394675	-08.204905
-06.692644	-08.289474
-05.990613	-08.374044
-05.288581	-08.458613
-04.586550	-08.543183
-03.884519	-08.627752
-03.182487	-08.712322
-02.480456	-08.796891
-01.778425	-08.881461
-01.076393	-08.966030
-00.374362	-09.050600
000.327669	-09.135170
001.029701	-09.219739
001.731732	-09.304309
002.433763	-09.388878
003.135795	-09.473448
009.797199	-07.866627
-09.500769	-07.951196
-08.798738	-08.035766
-08.096707	-08.120335
-07.394675	-08.204905
009.797199	-07.866627
-09.500769	-07.951196
-08.798738	-08.035766
-08.096707	-08.120335
-07.394675	-08.204905
-06.692644	-08.289474
-05.990613	-08.374044
-05.288581	-08.458613
-04.586550	-08.543183
-03.884519	-08.627752
-03.182487	-08.712322
-02.480456	-08.796891
-01.778425	-08.881461
-01.076393	-08.966030
-00.374362	-09.050600
000.309793	-09.283567
001.042155	-09.116349
001.810542	-08.650089
002.551040	-08.415336
003.196578	-08.968874
003.845654	-09.493032
004.545750	-09.593673
005.247781	-09.678243
005.949812	-09.762812
006.651844	-09.847382
007.353875	-09.931951
008.055906	009.983479
008.757938	009.898909
009.459969	009.814340
-09.838000	009.729770
-09.135968	009.645201
-08.433937	009.560631
-07.731906	009.476062
009.797199	-07.866627
-09.500769	-07.951196
-08.798738	-08.035766
-08.096707	-08.120335
-07.394675	-08.204905
-06.692644	-08.289474
-05.990613	-08.374044
-05.288581	-08.458613
-04.586550	-08.543183
-03.884519	-08.627752
-03.182487	-08.712322
-02.480456	-08.796891
-01.778425	-08.881461
-01.076393	-08.966030
-00.374362	-09.050600
000.309793	-09.283567
001.042155	-09.116349
001.810542	-08.650089
002.551040	-08.415336
003.196578	-08.968874
003.845654	-09.493032
004.545750	-09.593673
005.247781	-09.678243
005.949812	-09.762812
006.651844	-09.847382
007.353875	-09.931951
008.055906	009.983479
009.797199	-07.866627
-09.500769	-07.951196
-08.798738	-08.035766
-08.096707	-08.120335
-07.394675	-08.204905
-06.692644	-08.289474
-05.990613	-08.374044
-05.288581	-08.458613
-04.586550	-08.543183
-03.884519	-08.627752
-03.182487	-08.712322
-02.480456	-08.796891
-01.778425	-08.881461
-01.076393	-08.966030
-00.374362	-09.050600
000.309793	-09.283567
001.042155	-09.116349
001.810542	-08.650089
002.551040	-08.415336
003.196578	-08.968874
003.845654	-09.493032
004.545750	-09.593673
005.247781	-09.678243
005.949812	-09.762812
006.651844	-09.847382
007.353875	-09.931951
009.797199	-07.866627
-09.500769	-07.951196
-08.798738	-08.035766
009.797199	-07.866627
-09.500769	-07.951196
-08.798738	-08.035766
009.797199	-07.866627
-09.500769	-07.951196
-08.798738	-08.035766
009.797199	-07.866627
-09.430566	-07.959653
-08.658332	-08.052680
-07.886097	-08.145706
009.797199	-07.866627
-09.500769	-07.951196
-08.798738	-08.035766
-08.096707	-08.120335
-07.394675	-08.204905
-06.692644	-08.289474
009.797199	-07.866627
-09.500769	-07.951196
-08.798738	-08.035766
-08.096707	-08.120335
-07.394675	-08.204905
-06.692644	-08.289474
009.797199	-07.866627
-09.500769	-07.951196
-08.798738	-08.035766
-08.096707	-08.120335
-07.394675	-08.204905
-06.692644	-08.289474
009.797199	-07.866627
009.797199	-07.866627
-09.500769	-07.951196
-08.798738	-08.035766
-08.096707	-08.120335
-07.394675	-08.204905
-06.692644	-08.289474
-05.990613	-08.374044
-05.288581	-08.458613
-04.586550	-08.543183
-03.884519	-08.627752
-03.182487	-08.712322
-02.480456	-08.796891
-01.778425	-08.881461
-01.076393	-08.966030
-00.374362	-09.050600
000.309793	-09.283567
001.042155	-09.116349
001.810542	-08.650089
002.551040	-08.415336
003.196578	-08.968874
003.845654	-09.493032
004.545750	-09.593673
005.247781	-09.678243
005.949812	-09.762812
006.651844	-09.847382
009.797199	-07.866627
-09.500769	-07.951196
-08.798738	-08.035766
-08.096707	-08.120335
-07.394675	-08.204905
-06.692644	-08.289474
-05.990613	-08.374044
-05.288581	-08.458613
-04.586550	-08.543183
-03.884519	-08.627752
-03.182487	-08.712322
-02.480456	-08.796891
-01.778425	-08.881461
-01.076393	-08.966030
-00.374362	-09.050600
000.309793	-09.283567
001.042155	-09.116349
001.810542	-08.650089
009.797199	-07.866627
-09.500769	-07.951196
-08.798738	-08.035766
-08.096707	-08.120335
-07.394675	-08.204905
-06.692644	-08.289474
-05.990613	-08.374044
-05.288581	-08.458613
-04.586550	-08.543183
-03.884519	-08.627752
-03.182487	-08.712322
-02.480456	-08.796891
-01.778425	-08.881461
-01.076393	-08.966030
-00.374362	-09.050600
000.294569	-09.409945
001.034177	-09.182584
001.811149	-08.645054
002.527807	-08.608200
003.166999	-09.214410
003.815716	-09.741554
004.512753	-09.867585
005.214785	-09.952154
005.916816	009.963276
006.618847	009.878707
009.797199	-07.866627
-09.500769	-07.951196
-08.798738	-08.035766
-08.096707	-08.120335
-07.394675	-08.204905
-06.692644	-08.289474
-05.990613	-08.374044
-05.288581	-08.458613
-04.586550	-08.543183
-03.884519	-08.627752
-03.182487	-08.712322
-02.480456	-08.796891
-01.778425	-08.881461
-01.076393	-08.966030
-00.374362	-09.050600
000.294569	-09.409945
001.034177	-09.182584
001.811149	-08.645054
002.527807	-08.608200
003.166999	-09.214410
003.815716	-09.741554
009.797199	-07.866627
-09.500769	-07.951196
-08.798738	-08.035766
-08.103744	-08.178750
-07.353165	-07.860316
-06.678575	-08.172687
009.797199	-07.866627
-09.500769	-07.951196
-08.798738	-08.035766
-08.103744	-08.178750
-07.353165	-07.860316
-06.678575	-08.172687
009.797199	-07.866627
-09.500769	-07.951196
-08.798738	-08.035766
-08.103744	-08.178750
-07.353165	-07.860316
-06.678575	-08.172687
009.797199	-07.866627
-09.500769	-07.951196
009.797199	-07.866627
-09.500769	-07.951196
-08.798738	-08.035766
009.797199	-07.866627
-09.500769	-07.951196
009.797199	-07.866627
-09.500769	-07.951196
-08.798738	-08.035766
009.797199	-07.866627
-09.500769	-07.951196
-08.798738	-08.035766
-08.103744	-08.178750
009.797199	-07.866627
-09.500769	-07.951196
009.797199	-07.866627
-09.500769	-07.951196
-08.798738	-08.035766
-08.103744	-08.178750
-07.353165	-07.860316
-06.678575	-08.172687
-05.980099	-08.286767
-05.278068	-08.371336
-04.576036	-08.455906
-03.941499	-09.100763
009.797199	-07.866627
-09.500769	-07.951196
-08.798738	-08.035766
-08.096707	-08.120335
-07.394675	-08.204905
-06.692644	-08.289474
-05.990613	-08.374044
-05.288581	-08.458613
-04.586550	-08.543183
-03.884519	-08.627752
-03.182487	-08.712322
-02.480456	-08.796891
-01.778425	-08.881461
-01.076393	-08.966030
-00.374362	-09.050600
000.327669	-09.135170
001.029701	-09.219739
001.731732	-09.304309
002.433763	-09.388878
003.147622	-09.375268
003.924830	-08.835777
004.619172	-08.984174
009.797199	-07.866627
-09.500769	-07.951196
009.797199	-07.866627
-09.500769	-07.951196
-08.798738	-08.035766
-08.096707	-08.120335
-07.394675	-08.204905
-06.692644	-08.289474
-05.990613	-08.374044
-05.288581	-08.458613
-04.586550	-08.543183
-03.874628	-08.545646
-03.096781	-08.000858
-02.313821	-07.413614
-01.547499	-06.964495
-00.844098	-07.037694
-00.142067	-07.122264
000.559965	-07.206833
001.261996	-07.291403
001.964027	-07.375972
002.666059	-07.460542
003.368090	-07.545111
004.070121	-07.629681
004.772153	-07.714250
005.474184	-07.798820
006.176215	-07.883389
006.878247	-07.967959
007.580278	-08.052528
008.248442	-08.418240
008.887562	-09.025045
009.589594	-09.109614
-09.708375	-09.194184
-09.006344	-09.278753
-08.304312	-09.363323
-07.602281	-09.447892
-06.900250	-09.532462
-06.198218	-09.617031
-05.489301	-09.644442
-04.750270	-09.421869
-04.026909	-09.329372
-03.325015	-09.415083
-02.606695	-09.364438
-01.756895	-08.813573
-01.052378	-08.877506
-00.376569	-09.179754
000.331537	-09.213902
001.074926	-08.955153
001.839570	-08.519954
002.595323	-08.158568
003.326633	-08.000086
004.032418	-08.053502
004.734482	-08.137799
005.436513	-08.222369
009.797199	-07.866627
-09.500769	-07.951196
-08.798738	-08.035766
-08.096707	-08.120335
-07.394675	-08.204905
-06.692644	-08.289474
-05.990613	-08.374044
-05.288581	-08.458613
-04.586550	-08.543183
-03.874628	-08.545646
-03.096781	-08.000858
-02.313821	-07.413614
-01.547499	-06.964495
-00.844098	-07.037694
-00.142067	-07.122264
000.559965	-07.206833
001.261996	-07.291403
001.964027	-07.375972
002.666059	-07.460542
003.368090	-07.545111
004.070121	-07.629681
004.772153	-07.714250
005.474184	-07.798820
009.654285	-07.849411
-09.773606	-07.918329
-09.201497	-07.987248
-08.629388	-08.056166
-08.057278	-08.125085
-07.485169	-08.194004
-06.913060	-08.262922
-06.340951	-08.331841
-05.768842	-08.400759
-05.196733	-08.469678
-04.624624	-08.538596
-04.052514	-08.607515
-03.480405	-08.676434
-02.908296	-08.745352
-02.336187	-08.814271
-01.764078	-08.883189
-01.191969	-08.952108
-00.619860	-09.021026
-00.047750	-09.089945
009.654285	-07.849411
-09.773606	-07.918329
-09.201497	-07.987248
-08.629388	-08.056166
-08.057278	-08.125085
-07.485169	-08.194004
-06.913060	-08.262922
-06.340951	-08.331841
-05.768842	-08.400759
-05.196733	-08.469678
-04.624624	-08.538596
-04.052748	-08.609450
-03.481916	-08.688972
-02.907797	-08.741205
-02.335688	-08.810124
-01.763578	-08.879043
-01.191469	-08.947961
009.797199	-07.866627
-09.500769	-07.951196
-08.798738	-08.035766
-08.096707	-08.120335
-07.394675	-08.204905
-06.692644	-08.289474
-05.990613	-08.374044
-05.288581	-08.458613
-04.586550	-08.543183
-03.923082	-08.947874
-03.178048	-08.675472
-02.432444	-08.398331
009.369304	-07.815081
009.682340	-07.852790
009.995376	-07.890500
-09.691588	-07.928209
-09.378552	-07.965919
-09.065516	-08.003629
-08.752480	-08.041338
-08.439444	-08.079048
-08.126408	-08.116757
-07.813372	-08.154467
-07.500336	-08.192177
-07.187300	-08.229886
-06.874264	-08.267596
-06.561228	-08.305305
-06.248191	-08.343015
-05.935155	-08.380724
-05.622119	-08.418434
-05.309083	-08.456144
-04.996047	-08.493853
-04.683011	-08.531563
-04.369975	-08.569272
-04.057329	-08.610212
-03.745086	-08.654510
-03.431783	-08.690003
-03.117956	-08.721146
-02.804750	-08.757447
-02.491714	-08.795156
-02.178678	-08.832866
-01.865642	-08.870576
-01.552606	-08.908285
-01.239570	-08.945995
-00.926534	-08.983704
-00.613498	-09.021414
-00.300462	-09.059123
000.012574	-09.096833
000.325610	-09.134543
000.638646	-09.172252
000.951682	-09.209962
001.264718	-09.247671
001.577754	-09.285381
001.890790	-09.323090
002.203826	-09.360800
002.516862	-09.398510
002.829898	-09.436219
003.142934	-09.473929
003.455970	-09.511638
003.769006	-09.549348
004.082042	-09.587058
004.395078	-09.624767
009.369304	-07.815081
009.682340	-07.852790
009.995376	-07.890500
-09.691588	-07.928209
-09.378552	-07.965919
-09.065516	-08.003629
-08.752480	-08.041338
-08.439444	-08.079048
-08.126408	-08.116757
-07.813372	-08.154467
-07.500336	-08.192177
-07.187300	-08.229886
-06.874264	-08.267596
009.369304	-07.815081
009.682340	-07.852790
009.995376	-07.890500
-09.691588	-07.928209
-09.378552	-07.965919
-09.065516	-08.003629
-08.752480	-08.041338
-08.439444	-08.079048
-08.126408	-08.116757
-07.813372	-08.154467
-07.500336	-08.192177
-07.187300	-08.229886
-06.874264	-08.267596
-06.561228	-08.305305
009.797199	-07.866627
-09.500769	-07.951196
-08.798738	-08.035766
-08.096707	-08.120335
-07.394675	-08.204905
-06.692644	-08.289474
-05.990613	-08.374044
-05.288581	-08.458613
-04.586550	-08.543183
-03.884519	-08.627752
-03.182487	-08.712322
-02.480456	-08.796891
-01.778425	-08.881461
-01.076393	-08.966030
-00.374362	-09.050600
000.326735	-09.142923
001.058743	-08.978650
001.825018	-08.529919
002.560648	-08.335578
003.206166	-08.889282
003.861045	-09.365272
004.562232	-09.456852
005.264263	-09.541421
005.966294	-09.625991
006.668326	-09.710560
007.370357	-09.795130
008.072388	-09.879699
008.774420	-09.964269
009.476451	009.951162
-09.821518	009.866592
-09.119486	009.782023
-08.417455	009.697453
-07.715424	009.612884
-07.013392	009.528314
-06.311361	009.443745
-05.609330	009.359175
-04.907298	009.274606
-04.205267	009.190036
