006.338044	-04.600596
007.002488	-04.842493
007.666932	-05.084391
008.331375	-05.326288
008.995819	-05.568185
009.639353	-05.867519
006.338044	-04.600596
007.002488	-04.842493
007.666932	-05.084391
008.331375	-05.326288
008.995819	-05.568185
009.639353	-05.867519
006.338044	-04.600596
007.002488	-04.842493
007.666932	-05.084391
008.331375	-05.326288
008.995819	-05.568185
009.639353	-05.867519
006.338044	-04.600596
007.002488	-04.842493
006.338044	-04.600596
007.002488	-04.842493
007.666932	-05.084391
006.338044	-04.600596
007.002488	-04.842493
006.338044	-04.600596
007.002488	-04.842493
007.666932	-05.084391
006.338044	-04.600596
007.002488	-04.842493
007.666932	-05.084391
008.331375	-05.326288
006.338044	-04.600596
007.002488	-04.842493
006.338044	-04.600596
007.002488	-04.842493
007.666932	-05.084391
008.331375	-05.326288
008.995819	-05.568185
009.639353	-05.867519
-09.906052	-06.685829
-09.474607	-07.567728
-08.808341	-07.804621
-08.069103	-07.841072
