-01.525903	005.241454
-01.092035	005.799808
-00.658167	006.358162
-00.224300	006.916515
000.209568	007.474869
001.097199	007.680627
-01.525903	005.241454
-01.092035	005.799808
-00.658167	006.358162
-00.224300	006.916515
000.209568	007.474869
001.097199	007.680627
-01.525903	005.241454
-01.092035	005.799808
-00.658167	006.358162
-00.224300	006.916515
000.209568	007.474869
001.097199	007.680627
-01.525903	005.241454
-01.092035	005.799808
-01.525903	005.241454
-01.092035	005.799808
-00.658167	006.358162
-01.525903	005.241454
-01.092035	005.799808
-01.525903	005.241454
-01.092035	005.799808
-00.658167	006.358162
-01.525903	005.241454
-01.092035	005.799808
-00.658167	006.358162
-00.224300	006.916515
-01.525903	005.241454
-01.092035	005.799808
-01.525903	005.241454
-01.092035	005.799808
-00.658167	006.358162
-00.224300	006.916515
000.209568	007.474869
001.097199	007.680627
001.398861	008.341710
001.748188	008.965757
002.374401	009.374649
003.190592	009.635919
