-06.015060	-08.403886
-06.682032	-08.069771
-07.360345	-07.816048
-08.089551	-07.923053
-08.794699	-07.859534
-09.497783	-07.781390
-06.015060	-08.403886
-06.682032	-08.069771
-07.360345	-07.816048
-08.089551	-07.923053
-08.794699	-07.859534
-09.497783	-07.781390
-06.015060	-08.403886
-06.682032	-08.069771
-07.360345	-07.816048
-08.089551	-07.923053
-08.794699	-07.859534
-09.497783	-07.781390
-06.015060	-08.403886
-06.682032	-08.069771
-06.015060	-08.403886
-06.682032	-08.069771
-07.360345	-07.816048
-06.015060	-08.403886
-06.682032	-08.069771
-06.015060	-08.403886
-06.682032	-08.069771
-07.360345	-07.816048
-06.015060	-08.403886
-06.682032	-08.069771
-07.360345	-07.816048
-08.089551	-07.923053
-06.015060	-08.403886
-06.682032	-08.069771
-06.015060	-08.403886
-06.682032	-08.069771
-07.360345	-07.816048
-08.089551	-07.923053
-08.794699	-07.859534
-09.497783	-07.781390
009.808119	-07.639549
009.175949	-07.058750
008.559553	-06.366147
007.955479	-05.586208
