-07.261417	-07.271960
-07.457353	-07.951378
-07.653290	-08.630796
-07.849227	-09.310214
-08.045163	-09.989632
-08.241100	009.330950
-07.261417	-07.271960
-07.457353	-07.951378
-07.653290	-08.630796
-07.849227	-09.310214
-08.045163	-09.989632
-08.241100	009.330950
-07.261417	-07.271960
-07.457353	-07.951378
-07.653290	-08.630796
-07.849227	-09.310214
-08.045163	-09.989632
-08.241100	009.330950
-07.261417	-07.271960
-07.457353	-07.951378
-07.261417	-07.271960
-07.457353	-07.951378
-07.653290	-08.630796
-07.261417	-07.271960
-07.457353	-07.951378
-07.261417	-07.271960
-07.457353	-07.951378
-07.653290	-08.630796
-07.261417	-07.271960
-07.457353	-07.951378
-07.653290	-08.630796
-07.849227	-09.310214
-07.261417	-07.271960
-07.457353	-07.951378
-07.261417	-07.271960
-07.457353	-07.951378
-07.653290	-08.630796
-07.849227	-09.310214
-08.045163	-09.989632
-08.241100	009.330950
-08.437037	008.651532
-08.632974	007.972114
-08.828910	007.292696
-09.024847	006.613278
