#1 AntPos X;#2 AntPos Y;#3 Distance form nest;#4 Total Distance;#5 Total Y Distance
-13.9189;11.5839;18.1086;0.206898;-0.0979106
-14.0912;11.4937;18.1842;0.40142;-0.188201
-14.2762;11.4068;18.2736;0.605616;-0.275025
-14.4714;11.3299;18.379;0.81476;-0.351976
-14.6642;11.2626;18.4901;1.01795;-0.419274
-14.8549;11.2112;18.6107;1.21325;-0.470632
-15.0506;11.1585;18.7359;1.41437;-0.523312
-15.2574;11.0893;18.8616;1.6322;-0.592586
-15.451;10.9965;18.9646;1.84633;-0.685349
-15.6324;10.9182;19.0678;2.0438;-0.763634
-15.7865;10.8339;19.1464;2.21836;-0.847991
-15.983;10.7324;19.2521;2.43882;-0.949415
-16.1512;10.6485;19.3456;2.62637;-1.03333
-16.327;10.536;19.4314;2.83253;-1.14585
-16.4995;10.4074;19.5077;3.04268;-1.27444
-16.6602;10.2965;19.5852;3.23517;-1.38532
-16.8285;10.1844;19.6703;3.43544;-1.49749
-16.9991;10.0618;19.7537;3.64258;-1.62006
-17.1465;9.93594;19.8173;3.83086;-1.74591
-17.3009;9.80683;19.887;4.02739;-1.87503
-17.4428;9.68217;19.9498;4.21125;-1.99969
-17.602;9.5551;20.0282;4.41185;-2.12676
-17.7583;9.43015;20.1068;4.60915;-2.25171
-17.9281;9.29511;20.1945;4.82342;-2.38675
-18.0884;9.15591;20.2737;5.03177;-2.52595
-18.2411;9.02157;20.3501;5.23141;-2.66028
-18.3979;8.89946;20.4373;5.42854;-2.78239
-18.5349;8.77187;20.5058;5.61176;-2.90999
-18.6912;8.64839;20.595;5.80945;-3.03346
-18.8459;8.525;20.6844;6.00589;-3.15686
-19.006;8.3962;20.7779;6.20981;-3.28565
-19.1651;8.27387;20.8748;6.40961;-3.40799
-19.3469;8.15945;20.9971;6.62442;-3.52241
-19.5158;8.05263;21.1118;6.82422;-3.62922
-19.6836;7.9512;21.2289;7.02034;-3.73066
-19.8631;7.85928;21.3614;7.2212;-3.82258
-20.0487;7.77026;21.5018;7.42583;-3.9116
-20.231;7.69011;21.6432;7.62304;-3.99174
-20.3955;7.60097;21.7658;7.80991;-4.08089
-20.5832;7.51204;21.9111;8.01642;-4.16982
-20.7575;7.41084;22.0408;8.21797;-4.27101
-20.9374;7.28392;22.1683;8.43765;-4.39794
-21.1188;7.16355;22.3006;8.65514;-4.51831
-21.2797;7.06971;22.4233;8.84139;-4.61215
-21.4686;6.96921;22.5714;9.05495;-4.71265
-21.6383;6.88914;22.7085;9.2416;-4.79271
-21.8271;6.80232;22.8625;9.44807;-4.87953
-22.0274;6.73861;23.0351;9.65258;-4.94324
-22.216;6.69274;23.2022;9.83825;-4.98911
-22.4112;6.64577;23.3758;10.0305;-5.03609
-22.6052;6.59242;23.5469;10.2252;-5.08944
-22.7691;6.5213;23.6846;10.4027;-5.16056
-22.9563;6.45038;23.8454;10.6006;-5.23148
-23.1303;6.36657;23.9905;10.7932;-5.31529
-23.3231;6.28737;24.1557;11.0001;-5.39449
-23.5411;6.21353;24.3473;11.2263;-5.46833
-23.7307;6.15416;24.5157;11.4209;-5.52769
-23.9224;6.07916;24.6828;11.625;-5.60269
-24.1094;6.00665;24.8464;11.8238;-5.6752
-24.281;5.92559;24.9936;12.0133;-5.75626
-24.4611;5.84196;25.149;12.2114;-5.83989
-24.6437;5.74851;25.3052;12.4165;-5.93334
-24.818;5.66459;25.4563;12.6097;-6.01727
-25.0047;5.58352;25.6205;12.8125;-6.09834
-25.2023;5.50856;25.7973;13.022;-6.1733
-25.3889;5.43535;25.9641;13.221;-6.24651
-25.5797;5.32772;26.1286;13.44;-6.35413
-25.7467;5.22331;26.2712;13.6365;-6.45855
-25.9281;5.12365;26.4295;13.8435;-6.55821
-26.0739;5.03147;26.555;14.0156;-6.65039
-26.2563;4.93931;26.7168;14.2199;-6.74255
-26.4428;4.84161;26.8824;14.4304;-6.84024
-26.6051;4.73977;27.024;14.6216;-6.94209
-26.773;4.63302;27.1709;14.8201;-7.04884
-26.9437;4.52285;27.3207;15.0226;-7.159
-27.1271;4.35457;27.4744;15.2642;-7.32729
-27.2734;4.22126;27.5981;15.4565;-7.4606
-27.4263;4.07452;27.7273;15.6614;-7.60734
-27.5563;3.93294;27.8355;15.8439;-7.74892
-27.6914;3.78584;27.9489;16.0338;-7.89601
-27.8238;3.64223;28.0612;16.2199;-8.03963
-27.9813;3.4875;28.1978;16.4335;-8.19436
-28.1189;3.35316;28.3181;16.6198;-8.3287
-28.2495;3.22141;28.4326;16.7989;-8.46045
-28.4158;3.07138;28.5813;17.0182;-8.61048
-28.5553;2.93836;28.706;17.2059;-8.7435
-28.6861;2.8118;28.8236;17.3829;-8.87006
-28.8302;2.67169;28.9538;17.5784;-9.01016
-28.9694;2.52864;29.0795;17.7713;-9.15322
-29.1253;2.38095;29.2225;17.9811;-9.30091
-29.2707;2.24344;29.3566;18.1767;-9.43841
-29.4281;2.11555;29.5041;18.3777;-9.56631
-29.5847;1.99135;29.6517;18.576;-9.69051
-29.7498;1.87488;29.8089;18.7777;-9.80698
-29.9115;1.7587;29.9631;18.9762;-9.92316

29.9326;1.63405;29.9771;19.1743;-10.0478
29.7686;1.52021;29.8074;19.3736;-10.1616
29.6043;1.40615;29.6377;19.5733;-10.2757
29.4244;1.29756;29.453;19.7835;-10.3843
29.2422;1.19145;29.2665;19.9942;-10.4904
29.069;1.10419;29.0899;20.1875;-10.5777
28.8903;1.00347;28.9077;20.3924;-10.6784
28.7149;0.908078;28.7293;20.5918;-10.7738
28.5264;0.795174;28.5374;20.8116;-10.8867
28.354;0.690036;28.3624;21.0135;-10.9918
28.1822;0.58006;28.1882;21.2174;-11.1018
28.0106;0.471711;28.0145;21.4204;-11.2101
27.8424;0.358602;27.8447;21.6229;-11.3233
27.6781;0.236411;27.6791;21.8269;-11.4454
27.529;0.122287;27.5292;22.0137;-11.5596
27.365;0.0139714;27.365;22.2101;-11.6679
27.1985;-0.110873;27.1987;22.4174;-11.7927
27.0401;-0.217178;27.041;22.608;-11.899
26.8639;-0.304988;26.8656;22.8041;-11.9868
26.6868;-0.396266;26.6897;23.0027;-12.0781
26.4987;-0.498144;26.5034;23.2163;-12.18
26.29;-0.599248;26.2968;23.447;-12.2811
26.1108;-0.685796;26.1198;23.645;-12.3677
25.9291;-0.772103;25.9406;23.845;-12.454
25.7468;-0.854427;25.7609;24.0435;-12.5363
25.561;-0.922781;25.5776;24.2377;-12.6046
25.3805;-1.01131;25.4007;24.4379;-12.6932
25.1983;-1.10011;25.2223;24.6398;-12.782
24.9961;-1.21175;25.0254;24.8706;-12.8936
24.7897;-1.30728;24.8241;25.0966;-12.9891
24.6201;-1.39494;24.6596;25.2871;-13.0768
24.4229;-1.516;24.4699;25.5185;-13.1979
24.2584;-1.62143;24.3126;25.7137;-13.3033
24.0855;-1.73163;24.1477;25.9187;-13.4135
23.9293;-1.83527;23.9995;26.1061;-13.5171
23.7611;-1.94219;23.8403;26.3053;-13.624
23.5894;-2.04509;23.6779;26.5055;-13.7269
23.4277;-2.14295;23.5255;26.6945;-13.8248
23.2619;-2.26485;23.3719;26.8994;-13.9467
23.101;-2.38044;23.2233;27.097;-14.0623
22.9322;-2.47205;23.0651;27.2887;-14.1539
22.769;-2.55762;22.9122;27.4727;-14.2395
22.6071;-2.64693;22.7616;27.6574;-14.3288
22.4371;-2.74801;22.6047;27.8552;-14.4299
22.2729;-2.86247;22.4561;28.0549;-14.5443
22.1056;-2.97372;22.3047;28.2557;-14.6556
21.9352;-3.08195;22.1507;28.4575;-14.7638
21.7666;-3.19705;22.0001;28.6614;-14.8789
21.6001;-3.32307;21.8542;28.8691;-15.0049
21.4519;-3.46064;21.7293;29.0672;-15.1425
21.32;-3.62337;21.6257;29.2647;-15.3052
21.1914;-3.77778;21.5255;29.4551;-15.4596
21.0614;-3.92844;21.4246;29.645;-15.6103
20.9326;-4.07878;21.3263;29.8336;-15.7606
20.8062;-4.19367;21.2246;30.0017;-15.8755
20.6604;-4.36262;21.116;30.2149;-16.0445
20.5327;-4.51653;21.0236;30.4049;-16.1984
20.4089;-4.67264;20.937;30.5929;-16.3545
20.284;-4.82898;20.8509;30.7821;-16.5108
20.1659;-4.97542;20.7707;30.9603;-16.6573
20.0409;-5.12909;20.6868;31.1485;-16.8109
19.9206;-5.29045;20.6111;31.3369;-16.9723
19.8106;-5.45136;20.5469;31.5166;-17.1332
19.7017;-5.61993;20.4875;31.6998;-17.3018
19.5866;-5.77339;20.4197;31.8801;-17.4552
19.4657;-5.95014;20.3548;32.0781;-17.632
19.352;-6.11507;20.2952;32.2638;-17.7969
19.2126;-6.27655;20.2119;32.4692;-17.9584
19.0781;-6.41809;20.1287;32.6596;-18.0999
18.9557;-6.57755;20.0644;32.8499;-18.2594
18.8271;-6.75284;20.0015;33.0543;-18.4347
18.6993;-6.92144;19.9391;33.2545;-18.6033
18.6004;-7.08091;19.9026;33.4258;-18.7628
18.5102;-7.24217;19.8765;33.5911;-18.924
18.41;-7.41512;19.8473;33.7714;-19.097
18.3381;-7.60231;19.8515;33.9367;-19.2842
18.2461;-7.78644;19.838;34.1172;-19.4683
18.1585;-7.96637;19.8291;34.292;-19.6482
18.0698;-8.1346;19.8164;34.4611;-19.8165
17.9761;-8.32343;19.8096;34.6466;-20.0053
17.9007;-8.50647;19.819;34.814;-20.1883
17.8244;-8.69117;19.8304;34.9834;-20.373
17.7628;-8.87876;19.8583;35.1429;-20.5606
17.7287;-9.0743;19.9161;35.2852;-20.7562
17.7004;-9.27031;19.981;35.4237;-20.9522
17.6729;-9.46912;20.0498;35.5638;-21.151
17.6377;-9.68058;20.1197;35.7181;-21.3624
17.6087;-9.87698;20.1896;35.8591;-21.5588
17.5718;-10.0732;20.2543;36.0068;-21.7551
17.5341;-10.2626;20.3166;36.1515;-21.9444
17.5021;-10.4639;20.3916;36.2994;-22.1457
17.4707;-10.6617;20.467;36.4452;-22.3435
17.4441;-10.8636;20.5502;36.5903;-22.5454
17.4303;-11.0518;20.6387;36.7174;-22.7336
17.4121;-11.2263;20.7175;36.8399;-22.9082
17.3867;-11.4209;20.8023;36.9811;-23.1028
17.3582;-11.6315;20.895;37.1352;-23.3134
17.3267;-11.8309;20.9806;37.2851;-23.5128
17.2916;-12.0323;21.066;37.4397;-23.7142
17.2439;-12.2224;21.1363;37.5971;-23.9043
17.22;-12.4302;21.2376;37.748;-24.1121
17.2001;-12.6282;21.3381;37.89;-24.31
17.1809;-12.828;21.4415;38.0332;-24.5098
17.1609;-13.0253;21.5442;38.1759;-24.7071
17.1405;-13.2263;21.6503;38.3218;-24.9082
17.1476;-13.4332;21.7828;38.4513;-25.1151
17.161;-13.63;21.9152;38.5699;-25.3119
17.1722;-13.8058;22.0337;38.6771;-25.4877
17.2166;-14.0124;22.1981;38.7803;-25.6942
17.2591;-14.2103;22.3565;38.88;-25.8922
17.2778;-14.4214;22.5055;39.007;-26.1032
17.2954;-14.6172;22.645;39.1253;-26.2991
17.3087;-14.7872;22.7652;39.2299;-26.4691
17.3287;-14.9874;22.9109;39.3506;-26.6693
17.3192;-15.1757;23.0273;39.4854;-26.8576
17.3027;-15.3894;23.1564;39.6431;-27.0712
17.2927;-15.5923;23.2843;39.7892;-27.2742
17.3019;-15.7948;23.4271;39.9216;-27.4766
17.2874;-15.9797;23.5416;40.0596;-27.6616
17.2827;-16.1735;23.6701;40.1971;-27.8554
17.2811;-16.3619;23.7981;40.329;-28.0437
17.268;-16.5738;23.9348;40.486;-28.2556
17.2631;-16.7469;24.0514;40.6105;-28.4287
17.2568;-16.9425;24.1835;40.7521;-28.6243
17.2433;-17.1396;24.3125;40.9004;-28.8215
17.2463;-17.3339;24.452;41.0354;-29.0157
17.2532;-17.5344;24.5994;41.1726;-29.2163
17.2472;-17.7251;24.7315;41.3123;-29.4069
17.2484;-17.9174;24.8705;41.4486;-29.5993
17.2463;-18.1188;25.0145;41.5941;-29.8007
17.2328;-18.3254;25.1553;41.7518;-30.0072
17.2248;-18.5242;25.2951;41.9004;-30.2061
17.203;-18.7201;25.4241;42.0569;-30.402
17.1759;-18.9198;25.5533;42.2202;-30.6017
17.1415;-19.1273;25.6843;42.3944;-30.8091
17.0861;-19.3208;25.7921;42.5732;-31.0027
17.0124;-19.5118;25.8869;42.7628;-31.1936
16.9191;-19.6886;25.9595;42.9557;-31.3704
16.8238;-19.8677;26.0339;43.1516;-31.5495
16.7319;-20.0407;26.1072;43.3408;-31.7225
16.6392;-20.2146;26.1819;43.5313;-31.8965
16.5447;-20.4045;26.2692;43.7348;-32.0864
16.4471;-20.5901;26.3525;43.9373;-32.2719
16.3556;-20.7705;26.4371;44.132;-32.4524
16.2635;-20.9394;26.5134;44.3186;-32.6213
16.1837;-21.111;26.6005;44.499;-32.7929
16.09;-21.2953;26.6904;44.6982;-32.9771
15.9996;-21.4516;26.7612;44.8745;-33.1335
15.8954;-21.6258;26.8391;45.0735;-33.3077
15.8027;-21.8125;26.9353;45.2739;-33.4944
15.6937;-22.0244;27.0437;45.504;-33.7062
15.6029;-22.2203;27.1513;45.7102;-33.9021
15.5023;-22.4144;27.253;45.9217;-34.0963
15.3914;-22.5969;27.3407;46.1315;-34.2788
15.2848;-22.767;27.4219;46.3292;-34.4489
15.179;-22.9349;27.503;46.5248;-34.6168
15.0663;-23.1035;27.582;46.7256;-34.7854
14.956;-23.2744;27.6655;46.9265;-34.9563
14.8238;-23.4372;27.7317;47.1359;-35.1191
14.6995;-23.5865;27.7921;47.3301;-35.2684
14.577;-23.7288;27.8486;47.5178;-35.4107
14.4421;-23.8807;27.9081;47.7209;-35.5626
14.3102;-24.029;27.9674;47.9194;-35.7108
14.1799;-24.1646;28.0178;48.1074;-35.8464
14.0452;-24.3166;28.0814;48.3105;-35.9985
13.9113;-24.4584;28.1378;48.5054;-36.1403
13.763;-24.6139;28.2004;48.7202;-36.2957
13.6261;-24.7596;28.2615;48.9201;-36.4415
13.4919;-24.896;28.3168;49.1112;-36.5778
13.3477;-25.0383;28.3739;49.3134;-36.7202
13.1922;-25.1818;28.4281;49.5241;-36.8637
13.0654;-25.3049;28.4788;49.7003;-36.9867
12.9401;-25.4658;28.5649;49.9038;-37.1477
12.8192;-25.6209;28.649;50.1;-37.3028
12.6812;-25.7908;28.7398;50.3186;-37.4726
12.542;-25.9237;28.7982;50.5105;-37.6055
12.3925;-26.0574;28.8541;50.7099;-37.7393
12.2438;-26.1886;28.9094;50.9068;-37.8704
12.1003;-26.3274;28.975;51.106;-38.0093
11.9632;-26.4753;29.0527;51.3076;-38.1572
11.8403;-26.617;29.1317;51.4952;-38.2989
11.6991;-26.7636;29.2089;51.6985;-38.4454
11.5516;-26.9035;29.2786;51.9013;-38.5854
11.3749;-27.0345;29.3301;52.1168;-38.7164
11.2037;-27.1651;29.3848;52.3285;-38.847
11.0315;-27.3009;29.4454;52.5446;-38.9827
10.8638;-27.427;29.5002;52.7507;-39.1089
10.6712;-27.5431;29.5381;52.966;-39.225
10.4912;-27.6486;29.5722;53.1652;-39.3305
10.3187;-27.7516;29.6078;53.3574;-39.4334
10.1335;-27.8596;29.6453;53.5621;-39.5415
9.96216;-27.9591;29.6809;53.7511;-39.641
9.80893;-28.0648;29.7296;53.9326;-39.7467
9.64783;-28.2089;29.8131;54.1477;-39.8907
9.48048;-28.3467;29.8901;54.3624;-40.0286
9.32555;-28.4732;29.9615;54.5604;-40.1551
9.1703;-28.6032;30.0372;54.7611;-40.285
9.0238;-28.7323;30.116;54.9553;-40.4141
8.86944;-28.8617;30.1938;55.1551;-40.5435
8.73018;-29.0169;30.3018;55.3637;-40.6988
8.59656;-29.1656;30.4061;55.5635;-40.8474
8.46518;-29.326;30.5233;55.7705;-41.0079
8.34994;-29.465;30.6253;55.9508;-41.1468
8.22217;-29.6188;30.7389;56.1505;-41.3007
8.09388;-29.7723;30.8529;56.3504;-41.4542
7.97007;-29.9055;30.9493;56.5322;-41.5874

7.84082;29.951;30.9603;56.7253;-41.7309
7.70725;29.8487;30.8277;56.891;-41.8331
7.5476;29.727;30.6702;57.0887;-41.9549
7.38897;29.6086;30.5167;57.2833;-42.0732
7.22346;29.4863;30.3582;57.4855;-42.1956
7.06401;29.3578;30.1957;57.6881;-42.3241
6.89781;29.2329;30.0357;57.8927;-42.449
6.73458;29.1069;29.8758;58.0961;-42.575
6.57219;28.9801;29.716;58.2995;-42.7018
6.41408;28.8523;29.5566;58.5008;-42.8296
6.26299;28.7241;29.3989;58.6976;-42.9578
6.1071;28.5795;29.2247;58.9096;-43.1024
5.96423;28.4508;29.0692;59.1011;-43.231
5.82952;28.2997;28.8939;59.3035;-43.3822
5.70811;28.155;28.7278;59.4922;-43.5268
5.58694;28.0118;28.5635;59.6796;-43.6701
5.46023;27.8626;28.3925;59.8751;-43.8193
5.33312;27.7022;28.2109;60.0791;-43.9797
5.23033;27.5618;28.0537;60.2519;-44.12
5.11215;27.3982;27.871;60.4522;-44.2837
5.00037;27.2415;27.6966;60.6431;-44.4404
4.89455;27.0855;27.5241;60.8294;-44.5964
4.75511;26.9119;27.3287;61.0515;-44.77
4.64668;26.7578;27.1582;61.2383;-44.9241
4.53697;26.605;26.9891;61.4249;-45.0769
4.41836;26.4459;26.8124;61.6223;-45.236
4.29875;26.2904;26.6395;61.8176;-45.3914
4.18282;26.1324;26.465;62.0123;-45.5495
4.06107;25.9815;26.297;62.2058;-45.7003
3.93821;25.839;26.1374;62.3938;-45.8428
3.79883;25.695;25.9743;62.5942;-45.9869
3.64507;25.5637;25.8223;62.7949;-46.1181
3.50483;25.428;25.6684;62.9898;-46.2538
3.36228;25.2881;25.5107;63.1893;-46.3937
3.22791;25.1316;25.3381;63.3954;-46.5502
3.09438;24.9655;25.1565;63.608;-46.7164
2.98159;24.8168;24.9953;63.7938;-46.865
2.86396;24.6609;24.8267;63.9881;-47.0209
2.73436;24.5049;24.6569;64.1907;-47.177
2.5903;24.3555;24.4929;64.3981;-47.3263
2.45401;24.21;24.3341;64.5975;-47.4718
2.31916;24.0659;24.1774;64.7949;-47.616
2.1792;23.9293;24.0283;64.9902;-47.7526
2.03596;23.7897;23.8767;65.1899;-47.8921
1.91453;23.6624;23.7397;65.3658;-48.0194
1.7685;23.5133;23.5797;65.5744;-48.1686
1.62056;23.3692;23.4253;65.7807;-48.3127
1.47539;23.2207;23.2675;65.9883;-48.4612
1.32376;23.0599;23.0979;66.2092;-48.6219
1.1876;22.9094;22.9402;66.4122;-48.7724
1.05634;22.7835;22.8079;66.5938;-48.8984
0.911445;22.6496;22.6679;66.7905;-49.0323
0.78575;22.523;22.5367;66.9687;-49.1589
0.645101;22.3766;22.3859;67.1717;-49.3053
0.524741;22.2283;22.2345;67.3623;-49.4536
0.404116;22.0646;22.0683;67.5643;-49.6172
0.283809;21.9454;21.9472;67.7336;-49.7365
0.140515;21.8034;21.8038;67.9351;-49.8785
0.00056465;21.6553;21.6553;68.1389;-50.0265
-0.133179;21.5052;21.5056;68.3399;-50.1767
-0.268515;21.3235;21.3252;68.5652;-50.3584
-0.398019;21.1832;21.187;68.7561;-50.4986
-0.531763;21.0411;21.0478;68.9513;-50.6408
-0.667769;20.8954;20.906;69.1506;-50.7865
-0.79489;20.7533;20.7685;69.3412;-50.9285
-0.945638;20.5746;20.5964;69.5747;-51.1072
-1.07371;20.4275;20.4557;69.7697;-51.2544
-1.22115;20.2943;20.331;69.9676;-51.3876
-1.3722;20.1477;20.1944;70.1777;-51.5341
-1.53713;19.9861;20.0451;70.4084;-51.6958
-1.65462;19.8412;19.91;70.5946;-51.8407
-1.77563;19.7072;19.787;70.7751;-51.9746
-1.90701;19.5565;19.6492;70.9749;-52.1254
-2.03605;19.4156;19.5221;71.166;-52.2662
-2.17484;19.261;19.3834;71.3737;-52.4209
-2.29771;19.1237;19.2612;71.558;-52.5582
-2.43289;18.9791;19.1344;71.7559;-52.7028
-2.56928;18.8304;19.0049;71.9577;-52.8515
-2.69945;18.6738;18.8679;72.161;-53.008
-2.81745;18.5215;18.7345;72.353;-53.1604
-2.94688;18.3901;18.6247;72.5373;-53.2918
-3.08654;18.246;18.5053;72.7379;-53.4358
-3.21448;18.1171;18.4001;72.9194;-53.5647
-3.36288;17.9789;18.2907;73.1217;-53.703
-3.51411;17.841;18.1838;73.3256;-53.8409
-3.65709;17.6924;18.0664;73.5317;-53.9894
-3.7874;17.5496;17.9536;73.725;-54.1322
-3.91575;17.3676;17.8036;73.9458;-54.3142
-4.01656;17.2199;17.6821;74.1227;-54.462
-4.14029;17.0583;17.5535;74.3254;-54.6236
-4.28096;16.8868;17.4209;74.5469;-54.7951
-4.41944;16.7268;17.3008;74.7584;-54.9551
-4.54269;16.5842;17.1951;74.9467;-55.0977
-4.67091;16.4365;17.0873;75.1422;-55.2453
-4.80628;16.2859;16.9803;75.3447;-55.396
-4.9401;16.1126;16.8529;75.5628;-55.5692
-5.06756;15.9637;16.7487;75.7587;-55.7182
-5.19534;15.8106;16.6423;75.9579;-55.8713
-5.31556;15.6624;16.5398;76.1483;-56.0195
-5.44132;15.5083;16.4352;76.3469;-56.1735
-5.55313;15.352;16.3255;76.5376;-56.3299
-5.67022;15.1898;16.2136;76.7362;-56.492
-5.79492;15.0218;16.1008;76.9444;-56.6601
-5.92271;14.8643;16.0008;77.1468;-56.8176
-6.04644;14.7037;15.8984;77.3487;-56.9781
-6.17604;14.554;15.8102;77.5467;-57.1279
-6.31193;14.4157;15.737;77.7405;-57.2662
-6.44559;14.2686;15.6569;77.9392;-57.4133
-6.57895;14.1367;15.5926;78.1266;-57.5452
-6.73961;13.9791;15.5189;78.3513;-57.7028
-6.8891;13.8443;15.4636;78.5517;-57.8376
-7.0339;13.7109;15.4099;78.7479;-57.971
-7.16716;13.5676;15.3443;78.9436;-58.1143
-7.30428;13.4163;15.2758;79.1478;-58.2655
-7.45091;13.2626;15.2122;79.3602;-58.4193
-7.56667;13.1075;15.1348;79.5527;-58.5743
-7.69239;12.9516;15.0638;79.7525;-58.7302
-7.81997;12.7954;14.9958;79.9539;-58.8865
-7.93522;12.631;14.9168;80.1529;-59.0509
-8.0516;12.4647;14.839;80.3542;-59.2172
-8.16099;12.3216;14.7792;80.5336;-59.3603
-8.27146;12.1566;14.7038;80.7298;-59.5252
-8.41206;11.9984;14.6535;80.9414;-59.6834
-8.53902;11.867;14.6199;81.1241;-59.8148
-8.67023;11.719;14.5776;81.3219;-59.9629
-8.80556;11.5689;14.5388;81.524;-60.1129
-8.94436;11.4265;14.5109;81.7227;-60.2553
-9.08923;11.2851;14.4902;81.9249;-60.3968
-9.24144;11.1366;14.4716;82.1372;-60.5452
-9.38474;10.9945;14.4552;82.3387;-60.6873
-9.53391;10.843;14.4384;82.5512;-60.8388
-9.66564;10.7023;14.421;82.7439;-60.9795
-9.80096;10.5363;14.39;82.9578;-61.1456
-9.93061;10.3798;14.3652;83.1607;-61.302
-10.0613;10.2423;14.3574;83.3505;-61.4396
-10.1982;10.0987;14.3523;83.5488;-61.5831
-10.3454;9.94948;14.3534;83.7582;-61.7324
-10.4994;9.82545;14.3797;83.9537;-61.8564
-10.6558;9.69287;14.4048;84.1571;-61.989
-10.8084;9.58501;14.4463;84.3398;-62.0968
-10.9729;9.464;14.4904;84.5403;-62.2179
-11.1378;9.3429;14.5376;84.7411;-62.339
-11.2907;9.23654;14.5875;84.9229;-62.4453
-11.4376;9.12502;14.6316;85.1044;-62.5568
-11.5967;9.01548;14.6889;85.2928;-62.6664
-11.7731;8.89935;14.7582;85.4979;-62.7825
-11.94;8.80433;14.8351;85.6809;-62.8775
-12.1235;8.6787;14.9097;85.8978;-63.0032
-12.2722;8.5855;14.9772;86.0672;-63.0964
-12.4413;8.47224;15.052;86.2652;-63.2096
-12.6183;8.37004;15.1419;86.4606;-63.3118
-12.7982;8.26421;15.2345;86.6606;-63.4177
-12.9742;8.1612;15.3276;86.856;-63.5207
-13.1451;8.06352;15.4212;87.044;-63.6183
-13.3362;7.97347;15.5381;87.2403;-63.7084
-13.5131;7.89014;15.648;87.4221;-63.7917
-13.686;7.80869;15.7569;87.5997;-63.8732
-13.8475;7.71365;15.851;87.7796;-63.9682
-14.0142;7.62174;15.9527;87.9607;-64.0601
-14.1931;7.52481;16.0645;88.1539;-64.157
-14.37;7.4318;16.178;88.3429;-64.2501
-14.5366;7.32367;16.2773;88.536;-64.3582
-14.7035;7.20961;16.376;88.7335;-64.4722
-14.8734;7.11425;16.4873;88.9196;-64.5676
-15.049;7.02025;16.6059;89.1086;-64.6616
-15.2188;6.9193;16.7179;89.2986;-64.7626
-15.3954;6.79931;16.83;89.5072;-64.8826
-15.5566;6.68528;16.9322;89.701;-64.9966
-15.7252;6.57766;17.0455;89.8952;-65.1042
-15.8888;6.46083;17.1522;90.0926;-65.221
-16.0318;6.3387;17.2394;90.2797;-65.3432
-16.1815;6.19802;17.3279;90.4848;-65.4838
-16.3279;6.0408;17.4096;90.6996;-65.6411
-16.4633;5.88813;17.4846;90.9036;-65.7937
-16.599;5.74049;17.5636;91.104;-65.9414
-16.7489;5.58457;17.6554;91.3203;-66.0973
-16.8675;5.43502;17.7215;91.5104;-66.2468
-16.9751;5.29405;17.7814;91.6867;-66.3878
-17.1097;5.14621;17.8669;91.8866;-66.5357
-17.2497;4.98359;17.9552;92.1009;-66.6983
-17.3768;4.82584;18.0344;92.3028;-66.856
-17.5006;4.67364;18.1139;92.4983;-67.0082
-17.6401;4.50579;18.2064;92.7161;-67.1761
-17.7708;4.3576;18.2973;92.9136;-67.3243
-17.9016;4.21921;18.3921;93.104;-67.4627
-18.045;4.08826;18.5023;93.2977;-67.5936
-18.1727;3.94626;18.5962;93.4886;-67.7356
-18.3172;3.78005;18.7031;93.7086;-67.9018
-18.4601;3.6321;18.8141;93.9144;-68.0498
-18.5976;3.49297;18.9228;94.1099;-68.1889
-18.7397;3.34964;19.0367;94.3117;-68.3322
-18.881;3.2179;19.1532;94.5045;-68.464
-19.0234;3.08591;19.2721;94.6983;-68.5959
-19.1704;2.95003;19.396;94.898;-68.7318
-19.3228;2.8311;19.5291;95.0893;-68.8508
-19.4756;2.70746;19.6629;95.2842;-68.9744
-19.6435;2.58349;19.8126;95.4898;-69.0984
-19.8076;2.46263;19.9601;95.6906;-69.2192
-19.9699;2.33706;20.1062;95.8934;-69.3448
-20.1231;2.21005;20.2441;96.0911;-69.4718
-20.2758;2.0736;20.3816;96.2952;-69.6083
-20.4294;1.94416;20.5217;96.4949;-69.7377
-20.5964;1.83823;20.6782;96.6869;-69.8436
-20.7553;1.70412;20.8251;96.8937;-69.9777
-20.9211;1.58586;20.9811;97.0938;-70.096
-21.0828;1.47026;21.134;97.2891;-70.2116
-21.2557;1.349;21.2985;97.4964;-70.3329
-21.4194;1.23415;21.4549;97.6926;-70.4477
-21.5855;1.11823;21.6145;97.8913;-70.5636
-21.751;1.00407;21.7742;98.0883;-70.6778
-21.9147;0.907399;21.9334;98.2714;-70.7745
-22.087;0.789564;22.1011;98.4758;-70.8923
-22.2524;0.674395;22.2626;98.6736;-71.0075
-22.4382;0.55863;22.4452;98.8859;-71.1232
-22.5981;0.452373;22.6027;99.0735;-71.2295
-22.7646;0.342448;22.7671;99.2682;-71.3394
-22.9245;0.242812;22.9258;99.451;-71.439
-23.1032;0.138112;23.1036;99.6506;-71.5437
-23.277;0.0628161;23.277;99.8256;-71.619
-23.4567;-0.0147706;23.4567;100.006;-71.6966
-23.645;-0.0998583;23.6452;100.199;-71.7817
-23.8137;-0.184674;23.8144;100.377;-71.8665
-24.0001;-0.277813;24.0017;100.574;-71.9597
-24.1789;-0.368445;24.1818;100.764;-72.0503
-24.3644;-0.455037;24.3686;100.955;-72.1369
-24.5417;-0.535369;24.5475;101.137;-72.2172
-24.7147;-0.619933;24.7225;101.319;-72.3018
-24.8936;-0.708411;24.9037;101.507;-72.3903
-25.0743;-0.79798;25.087;101.698;-72.4798
-25.2632;-0.877956;25.2785;101.887;-72.5598
-25.4483;-0.942988;25.4658;102.063;-72.6248
-25.633;-1.00708;25.6528;102.239;-72.6889
-25.8171;-1.09308;25.8403;102.429;-72.7749
-26.0047;-1.17723;26.0314;102.621;-72.8591
-26.194;-1.25779;26.2242;102.812;-72.9396
-26.3726;-1.33065;26.4062;102.989;-73.0125
-26.53;-1.41288;26.5676;103.159;-73.0947
-26.6842;-1.51708;26.7273;103.341;-73.1989
-26.846;-1.62265;26.895;103.53;-73.3045
-27.0219;-1.72313;27.0768;103.726;-73.405
-27.1993;-1.83774;27.2613;103.932;-73.5196
-27.3431;-1.94435;27.4122;104.109;-73.6262
-27.5061;-2.06303;27.5833;104.308;-73.7449
-27.6619;-2.17161;27.747;104.495;-73.8535
-27.8431;-2.29072;27.9372;104.708;-73.9726
-28.0035;-2.39693;28.1059;104.896;-74.0788
-28.1711;-2.50272;28.282;105.09;-74.1846
-28.335;-2.61012;28.4549;105.282;-74.292
-28.4915;-2.73404;28.6224;105.48;-74.4159
-28.6387;-2.87245;28.7824;105.682;-74.5543
-28.8101;-3.03598;28.9697;105.919;-74.7178
-28.9484;-3.19169;29.1239;106.127;-74.8735
-29.0771;-3.33084;29.2673;106.316;-75.0127
-29.2089;-3.49831;29.4176;106.528;-75.1802
-29.3492;-3.65369;29.5758;106.737;-75.3355
-29.4871;-3.7968;29.7305;106.935;-75.4787
-29.6104;-3.95053;29.8728;107.131;-75.6324
-29.7238;-4.1348;30.01;107.342;-75.8167
-29.8263;-4.30741;30.1357;107.536;-75.9893
-29.9447;-4.47688;30.2775;107.74;-76.1587

29.9302;-4.63627;30.2872;107.941;-76.3181
29.8204;-4.78926;30.2026;108.127;-76.4711
29.7036;-4.95432;30.114;108.326;-76.6362
29.5923;-5.11471;30.031;108.518;-76.7966
29.49;-5.26297;29.9559;108.695;-76.9448
29.3706;-5.426;29.8676;108.895;-77.1079
29.2577;-5.58658;29.7863;109.088;-77.2684
29.1429;-5.73869;29.7025;109.277;-77.4205
29.0415;-5.90754;29.6362;109.468;-77.5894
28.9427;-6.08248;29.5749;109.662;-77.7643
28.8479;-6.27416;29.5223;109.865;-77.956
28.7613;-6.44665;29.475;110.048;-78.1285
28.6806;-6.64901;29.4412;110.249;-78.3309
28.6153;-6.84263;29.4221;110.432;-78.5245
28.5531;-7.01377;29.4019;110.598;-78.6956
28.4737;-7.2146;29.3735;110.797;-78.8965
28.3979;-7.39924;29.346;110.981;-79.0811
28.3213;-7.59111;29.321;111.172;-79.273
28.2517;-7.76339;29.299;111.343;-79.4453
28.1762;-7.94407;29.2747;111.525;-79.6259
28.1017;-8.12918;29.2538;111.71;-79.811
28.0087;-8.32667;29.2202;111.916;-80.0085
27.9062;-8.52319;29.1788;112.128;-80.205
27.807;-8.72722;29.1443;112.343;-80.4091
27.7028;-8.91198;29.101;112.548;-80.5938
27.6132;-9.08198;29.0684;112.733;-80.7638
27.532;-9.29195;29.0577;112.94;-80.9738
27.4657;-9.48214;29.0564;113.122;-81.164
27.406;-9.6705;29.0621;113.299;-81.3524
27.3568;-9.87725;29.0853;113.482;-81.5591
27.3117;-10.0737;29.1103;113.654;-81.7556
27.2487;-10.2506;29.113;113.825;-81.9324
27.1805;-10.439;29.1162;114.009;-82.1208
27.1189;-10.6091;29.1202;114.174;-82.291
27.0647;-10.8084;29.1431;114.355;-82.4902
27.0136;-11.0114;29.1716;114.537;-82.6933
26.9646;-11.202;29.1989;114.708;-82.8839
26.8988;-11.4152;29.2208;114.908;-83.0971
26.8265;-11.6061;29.2295;115.096;-83.288
26.7562;-11.7933;29.24;115.28;-83.4752
26.6664;-11.9615;29.2263;115.464;-83.6434
26.571;-12.1391;29.2126;115.658;-83.8209
26.4743;-12.3325;29.2058;115.865;-84.0144
26.3986;-12.5397;29.2255;116.067;-84.2215
26.3188;-12.7313;29.2364;116.261;-84.4132
26.2387;-12.9164;29.2456;116.451;-84.5983
26.1612;-13.1106;29.2625;116.645;-84.7925
26.0978;-13.2897;29.2867;116.819;-84.9716
26.025;-13.4682;29.3035;116.999;-85.1501
25.9475;-13.6505;29.3191;117.185;-85.3323
25.8798;-13.8331;29.3448;117.364;-85.5149
25.7999;-14.0209;29.3636;117.556;-85.7027
25.7139;-14.2009;29.3747;117.746;-85.8828
25.6272;-14.3816;29.3868;117.937;-86.0635
25.5442;-14.5689;29.4068;118.13;-86.2508
25.4383;-14.7582;29.4094;118.341;-86.44
25.3637;-14.9152;29.4242;118.507;-86.5971
25.2794;-15.1306;29.4616;118.722;-86.8125
25.2014;-15.2973;29.4808;118.897;-86.9791
25.1248;-15.517;29.5302;119.11;-87.1989
25.0614;-15.7049;29.5757;119.29;-87.3868
24.9864;-15.8941;29.6133;119.48;-87.576
24.9123;-16.08;29.6511;119.667;-87.7619
24.8506;-16.2588;29.6968;119.84;-87.9406
24.7841;-16.4551;29.7493;120.029;-88.137
24.7107;-16.6482;29.7956;120.221;-88.33
24.6394;-16.8435;29.8463;120.413;-88.5253
24.5549;-17.0248;29.8795;120.603;-88.7066
24.4666;-17.1959;29.9051;120.789;-88.8778
24.3841;-17.3878;29.9486;120.986;-89.0697
24.3055;-17.5801;29.9969;121.181;-89.2619
24.2258;-17.7481;30.0314;121.358;-89.4299
24.1322;-17.9362;30.0677;121.56;-89.6181
24.0381;-18.1092;30.0961;121.752;-89.7911
23.9351;-18.2806;30.1176;121.947;-89.9625
23.8342;-18.4422;30.136;122.135;-90.124
23.703;-18.6144;30.1385;122.35;-90.2963
23.5516;-18.7571;30.1083;122.558;-90.439
23.3974;-18.8937;30.0734;122.763;-90.5755
23.2455;-19.0369;30.0459;122.971;-90.7187
23.1113;-19.1843;30.0361;123.17;-90.8661
22.9774;-19.3319;30.028;123.37;-91.0138
22.8297;-19.4827;30.0129;123.581;-91.1645
22.6926;-19.6366;30.0091;123.787;-91.3184
22.582;-19.7906;30.0269;123.975;-91.4725
22.4578;-19.9589;30.0451;124.183;-91.6408
22.3751;-20.1116;30.0852;124.351;-91.7935
22.2873;-20.2891;30.1391;124.542;-91.9709
22.1909;-20.4567;30.1814;124.73;-92.1386
22.0659;-20.6349;30.211;124.946;-92.3167
21.9509;-20.7884;30.2324;125.137;-92.4703
21.8262;-20.9535;30.2561;125.343;-92.6354
21.7052;-21.1122;30.2794;125.542;-92.794
21.5813;-21.2725;30.303;125.744;-92.9543
21.4528;-21.4321;30.3242;125.949;-93.1139
21.3239;-21.5932;30.3475;126.154;-93.275
21.2015;-21.7638;30.3837;126.363;-93.4457
21.0856;-21.928;30.421;126.563;-93.6099
20.9808;-22.0746;30.4545;126.741;-93.7564
20.8738;-22.2416;30.5025;126.937;-93.9234
20.7613;-22.4238;30.5591;127.148;-94.1057
20.6629;-22.6101;30.6296;127.352;-94.292
20.57;-22.7837;30.6956;127.543;-94.4656
20.4708;-22.9674;30.7662;127.745;-94.6493
20.3722;-23.1498;30.8373;127.947;-94.8317
20.2888;-23.3146;30.9064;128.125;-94.9964
20.1758;-23.4999;30.9727;128.338;-95.1818
20.0715;-23.6719;31.0359;128.536;-95.3538
19.9684;-23.8424;31.0998;128.731;-95.5243
19.8664;-24.0187;31.1701;128.93;-95.7006
19.7638;-24.1913;31.2383;129.127;-95.8732
19.647;-24.3606;31.296;129.331;-96.0424
19.5335;-24.5256;31.3538;129.53;-96.2074
19.423;-24.6922;31.4159;129.727;-96.3741
19.3009;-24.8542;31.4683;129.93;-96.5361
19.1762;-25.0087;31.5145;130.128;-96.6905
19.0573;-25.1567;31.5601;130.317;-96.8386
18.9319;-25.3139;31.6103;130.518;-96.9958
18.8015;-25.458;31.6482;130.712;-97.1398
18.6583;-25.594;31.6731;130.909;-97.2759
18.5092;-25.7205;31.6881;131.103;-97.4023
18.3607;-25.8385;31.6977;131.29;-97.5204
18.2043;-25.9619;31.7083;131.487;-97.6438
18.0532;-26.0984;31.734;131.689;-97.7802
17.9128;-26.2302;31.7631;131.881;-97.9121
17.7625;-26.3617;31.7875;132.079;-98.0435
17.6083;-26.4929;31.8108;132.28;-98.1747
17.4428;-26.6286;31.8328;132.492;-98.3104
17.2813;-26.762;31.8566;132.699;-98.4438
17.1286;-26.8885;31.8807;132.895;-98.5703
16.9907;-27.0171;31.9156;133.083;-98.6989
16.8492;-27.1478;31.9516;133.275;-98.8297
16.6931;-27.2907;31.9913;133.486;-98.9726
16.5438;-27.4262;32.0296;133.686;-99.1081
16.4031;-27.5614;32.0732;133.881;-99.2432
16.2685;-27.7034;32.1269;134.077;-99.3852
16.1462;-27.8767;32.2151;134.287;-99.5586
16.0306;-28.0403;32.2992;134.486;-99.7221
15.9037;-28.2003;32.3757;134.69;-99.8821
15.7709;-28.3703;32.4591;134.905;-100.052
15.645;-28.5241;32.5329;135.103;-100.206
15.4939;-28.7076;32.6219;135.341;-100.389
15.3662;-28.8725;32.707;135.549;-100.554
15.2354;-29.0408;32.7946;135.761;-100.723
15.114;-29.1839;32.8654;135.949;-100.866
14.9879;-29.3232;32.9316;136.137;-101.005
14.8379;-29.4932;33.0153;136.364;-101.175
14.7105;-29.6283;33.0793;136.549;-101.31
14.5736;-29.7737;33.1491;136.749;-101.456
14.437;-29.919;33.2201;136.948;-101.601

14.2929;29.9328;33.1701;137.155;-101.749
14.154;29.787;32.9788;137.356;-101.895
14.0146;29.6425;32.7885;137.557;-102.039
13.8761;29.5166;32.6156;137.743;-102.165
13.728;29.381;32.4299;137.943;-102.301
13.5803;29.2461;32.2453;138.142;-102.436
13.4211;29.0895;32.0363;138.365;-102.592
13.274;28.9486;31.8468;138.568;-102.733
13.1355;28.8107;31.6638;138.763;-102.871
12.9845;28.6692;31.4725;138.97;-103.013
12.8387;28.5295;31.2852;139.171;-103.152
12.681;28.3831;31.0871;139.385;-103.299
12.5365;28.2511;30.9078;139.58;-103.431
12.3624;28.1315;30.728;139.786;-103.55
12.1928;28.0192;30.5571;139.983;-103.663
12.0249;27.9128;30.3928;140.175;-103.769
11.8532;27.8321;30.251;140.35;-103.85
11.6686;27.7414;30.0956;140.541;-103.94
11.4656;27.6302;29.9147;140.76;-104.052
11.2853;27.5498;29.7716;140.941;-104.132
11.1046;27.4659;29.6258;141.125;-104.216
10.9183;27.3796;29.4763;141.314;-104.302
10.7439;27.3043;29.342;141.487;-104.378
10.5615;27.217;29.1943;141.675;-104.465
10.3863;27.1434;29.0627;141.847;-104.538
10.1889;27.0752;28.9289;142.031;-104.607
9.99684;27.0212;28.8112;142.201;-104.661
9.78984;26.932;28.6561;142.407;-104.75
9.59702;26.8556;28.5189;142.594;-104.826
9.41535;26.7877;28.3942;142.767;-104.894
9.22927;26.7207;28.2697;142.942;-104.961
9.03379;26.6592;28.1482;143.12;-105.023
8.86297;26.5811;28.0198;143.293;-105.101
8.65296;26.4785;27.8565;143.512;-105.203
8.49615;26.3544;27.69;143.709;-105.327
8.3398;26.2306;27.5245;143.906;-105.451
8.17114;26.1053;27.3542;144.113;-105.577
8.00604;26.0023;27.2069;144.301;-105.68
7.83525;25.8818;27.0418;144.505;-105.8
7.66517;25.7542;26.8707;144.714;-105.928
7.49061;25.6341;26.7061;144.921;-106.048
7.3201;25.5075;26.5371;145.13;-106.174
7.15915;25.4237;26.4125;145.301;-106.258
7.00422;25.324;26.2747;145.48;-106.358
6.83223;25.2081;26.1176;145.682;-106.474
6.65143;25.1163;25.9821;145.872;-106.566
6.48348;25.0359;25.8618;146.046;-106.646
6.30004;24.9477;25.7309;146.236;-106.734
6.09273;24.8576;25.5934;146.443;-106.824
5.899;24.7712;25.4639;146.639;-106.911
5.70655;24.6777;25.3289;146.839;-107.004
5.52593;24.5857;25.199;147.029;-107.096
5.34751;24.494;25.0709;147.218;-107.188
5.15852;24.406;24.9452;147.412;-107.276
4.97701;24.3213;24.8254;147.598;-107.361
4.78037;24.2325;24.6995;147.798;-107.449
4.5961;24.1334;24.5671;147.996;-107.548
4.42307;24.0497;24.453;148.176;-107.632
4.2339;23.9734;24.3444;148.361;-107.708
4.05952;23.9124;24.2545;148.526;-107.769
3.87021;23.8467;24.1588;148.704;-107.835
3.67617;23.7409;24.0238;148.914;-107.941
3.51257;23.661;23.9203;149.085;-108.021
3.33393;23.5736;23.8082;149.271;-108.108
3.17165;23.4641;23.6775;149.462;-108.218
3.01183;23.3532;23.5466;149.653;-108.329
2.83934;23.2338;23.4066;149.858;-108.448
2.67671;23.0854;23.2401;150.078;-108.596
2.52311;22.9336;23.072;150.294;-108.748
2.3618;22.8289;22.9507;150.481;-108.853
2.18556;22.712;22.8169;150.687;-108.97
2.01837;22.6023;22.6922;150.882;-109.08
1.83818;22.4791;22.5542;151.096;-109.203
1.67389;22.3745;22.437;151.285;-109.307
1.52123;22.2638;22.3157;151.47;-109.418
1.35887;22.1275;22.1692;151.681;-109.554
1.20207;22.0027;22.0355;151.88;-109.679
1.04356;21.8804;21.9053;152.078;-109.801
0.899175;21.7652;21.7838;152.261;-109.917
0.741912;21.6341;21.6468;152.464;-110.048
0.583421;21.4981;21.506;152.672;-110.184
0.435602;21.3759;21.3803;152.862;-110.306
0.287449;21.2471;21.249;153.058;-110.435
0.139169;21.1188;21.1192;153.253;-110.563
-0.0215363;20.9912;20.9912;153.457;-110.691
-0.178039;20.867;20.8677;153.655;-110.815
-0.334951;20.7426;20.7453;153.853;-110.939
-0.50503;20.6283;20.6345;154.053;-111.054
-0.648283;20.5162;20.5264;154.233;-111.166
-0.798312;20.3885;20.4041;154.429;-111.293
-0.960365;20.2689;20.2917;154.628;-111.413
-1.11483;20.1445;20.1753;154.825;-111.537
-1.24066;20.0346;20.073;154.991;-111.647
-1.39325;19.9048;19.9535;155.19;-111.777
-1.53547;19.7909;19.8503;155.371;-111.891
-1.68945;19.6744;19.7468;155.562;-112.008
-1.84103;19.5454;19.6319;155.76;-112.136
-1.98475;19.4069;19.5081;155.959;-112.275
-2.13222;19.2759;19.3934;156.156;-112.406
-2.27694;19.1467;19.2816;156.35;-112.535
-2.42505;19.013;19.1671;156.549;-112.669
-2.57784;18.8813;19.0565;156.749;-112.801
-2.72409;18.7552;18.952;156.942;-112.927
-2.85343;18.6169;18.8343;157.131;-113.065
-2.99635;18.4524;18.6941;157.349;-113.229
-3.13636;18.3252;18.5917;157.537;-113.357
-3.31602;18.1891;18.4889;157.76;-113.493
-3.47389;18.0473;18.3786;157.972;-113.635
-3.62794;17.9384;18.3016;158.157;-113.743
-3.78268;17.8416;18.2382;158.334;-113.84
-3.95408;17.7332;18.1687;158.531;-113.949
-4.12176;17.6276;18.1031;158.724;-114.054
-4.29089;17.5164;18.0343;158.921;-114.165
-4.45388;17.4021;17.963;159.117;-114.28
-4.61068;17.2933;17.8974;159.304;-114.389
-4.79066;17.1916;17.8467;159.502;-114.49
-4.96822;17.1033;17.8103;159.689;-114.579
-5.14675;17.0155;17.7768;159.877;-114.666
-5.32101;16.9257;17.7424;160.063;-114.756
-5.49849;16.8327;17.708;160.253;-114.849
-5.6891;16.7369;17.6773;160.455;-114.945
-5.86039;16.6512;17.6523;160.636;-115.031
-6.0486;16.5596;17.6297;160.833;-115.122
-6.23809;16.4643;17.6064;161.033;-115.218
-6.4184;16.3707;17.5839;161.226;-115.311
-6.58546;16.2976;17.5779;161.395;-115.384
-6.76995;16.2233;17.5792;161.577;-115.459
-6.95331;16.143;17.5768;161.763;-115.539
-7.13252;16.0637;17.576;161.945;-115.618
-7.32231;15.9767;17.5747;162.14;-115.705
-7.51781;15.8755;17.5656;162.349;-115.806
-7.6731;15.7757;17.5428;162.529;-115.906
-7.81585;15.6903;17.5292;162.69;-115.992
-7.98716;15.5812;17.5091;162.888;-116.101
-8.14221;15.4941;17.5033;163.059;-116.188
-8.31869;15.4109;17.5127;163.242;-116.271
-8.48903;15.3243;17.5185;163.423;-116.358
-8.66874;15.2311;17.5252;163.616;-116.451
-8.85351;15.1377;17.5367;163.812;-116.544
-9.00321;15.0538;17.5407;163.977;-116.628
-9.17824;14.9457;17.5389;164.177;-116.736
-9.33982;14.8494;17.5424;164.359;-116.832
-9.50458;14.7432;17.5413;164.551;-116.939
-9.67459;14.628;17.5379;164.752;-117.054
-9.81506;14.5034;17.5124;164.939;-117.178
-9.94822;14.3501;17.4612;165.142;-117.332
-10.0786;14.198;17.4115;165.342;-117.484
-10.2048;14.0428;17.3591;165.541;-117.639
-10.3309;13.8596;17.2863;165.76;-117.822
-10.4452;13.6903;17.2199;165.961;-117.992
-10.5551;13.5243;17.1556;166.156;-118.158
-10.6542;13.3549;17.0841;166.346;-118.327
-10.7758;13.1781;17.0229;166.557;-118.504
-10.8907;13.0134;16.9693;166.755;-118.668
-11.0095;12.8434;16.9163;166.96;-118.838
-11.1138;12.6911;16.8695;167.141;-118.991
-11.2138;12.5278;16.8135;167.328;-119.154
-11.3156;12.367;16.7626;167.514;-119.315
-11.4385;12.2223;16.7399;167.703;-119.46
-11.5737;12.0718;16.7236;167.905;-119.61
-11.7202;11.9268;16.7216;168.111;-119.755
-11.8636;11.7745;16.7147;168.32;-119.907
-12.0089;11.6354;16.7211;168.521;-120.046
-12.1676;11.4836;16.7309;168.741;-120.198
-12.3076;11.3391;16.7348;168.942;-120.343
-12.4416;11.2137;16.7493;169.126;-120.468
-12.5863;11.0813;16.7693;169.321;-120.601
-12.7365;10.9513;16.7973;169.519;-120.731
-12.8975;10.8233;16.8371;169.724;-120.859
-13.048;10.702;16.8755;169.916;-120.98
-13.2051;10.572;16.9157;170.119;-121.11
-13.3632;10.4611;16.9709;170.309;-121.221
-13.5275;10.347;17.0309;170.505;-121.335
-13.6922;10.1898;17.0677;170.733;-121.492
-13.822;10.0414;17.0844;170.93;-121.64
-13.9386;9.90467;17.0994;171.109;-121.777
-14.0644;9.75004;17.1135;171.307;-121.932
-14.1808;9.6049;17.1274;171.492;-122.077
-14.2744;9.44088;17.114;171.675;-122.241
-14.3753;9.26929;17.1046;171.868;-122.413
-14.4745;9.09973;17.0973;172.058;-122.582
-14.5769;8.91247;17.0856;172.263;-122.769
-14.6661;8.7341;17.0698;172.453;-122.948
-14.7677;8.54879;17.0636;172.657;-123.133
-14.8408;8.37456;17.0406;172.832;-123.307
-14.9094;8.1826;17.0072;173.017;-123.499
-14.9456;7.97331;16.9394;173.192;-123.709
-14.969;7.75636;16.8592;173.363;-123.925
-14.9711;7.57407;16.778;173.495;-124.108
-14.97;7.38142;16.6909;173.632;-124.3
-14.9785;7.19207;16.6157;173.774;-124.49
-15.0037;6.99576;16.5545;173.932;-124.686
-15.0262;6.79529;16.4913;174.091;-124.887
-15.0357;6.59495;16.4185;174.242;-125.087
-15.0294;6.39833;16.3347;174.379;-125.284
-15.0261;6.20789;16.258;174.513;-125.474
-15.0231;6.00364;16.1783;174.658;-125.678
-15.0178;5.80787;16.1017;174.795;-125.874
-15.0089;5.59622;16.0183;174.942;-126.086
-15.0004;5.39368;15.9406;175.082;-126.288
-14.9945;5.19608;15.8692;175.22;-126.486
-14.9915;5.0013;15.8037;175.359;-126.681
-14.9884;4.80681;15.7403;175.497;-126.875
-14.9955;4.60332;15.6861;175.649;-127.079
-14.9926;4.41237;15.6284;175.785;-127.269
-14.9919;4.21803;15.5739;175.926;-127.464
-14.991;4.01328;15.5189;176.074;-127.669
-14.9895;3.81208;15.4666;176.218;-127.87
-14.9894;3.61182;15.4184;176.364;-128.07
-14.9704;3.40542;15.3528;176.501;-128.276
-14.9636;3.22576;15.3073;176.627;-128.456
-14.9634;3.00967;15.2631;176.784;-128.672
-14.9533;2.82121;15.2171;176.914;-128.861
-14.9332;2.62285;15.1618;177.045;-129.059
-14.9286;2.43211;15.1254;177.181;-129.25
-14.9251;2.22841;15.0905;177.327;-129.453
-14.9121;2.03299;15.0501;177.461;-129.649
-14.8969;1.83117;15.009;177.598;-129.851
-14.8847;1.60751;14.9712;177.753;-130.074
-14.8805;1.41708;14.9479;177.89;-130.265
-14.883;1.21362;14.9324;178.04;-130.468
-14.8848;1.0111;14.9191;178.19;-130.671
-14.888;0.813682;14.9102;178.337;-130.868
-14.8808;0.634004;14.8943;178.464;-131.048
-14.8626;0.411523;14.8683;178.615;-131.27
-14.8387;0.219714;14.8403;178.74;-131.462
-14.8047;-0.00230852;14.8047;178.88;-131.684
-14.7851;-0.193286;14.7863;179.008;-131.875
-14.7757;-0.381325;14.7806;179.14;-132.063
-14.7655;-0.586022;14.7771;179.284;-132.268
-14.7701;-0.778644;14.7906;179.429;-132.461
-14.7704;-0.952451;14.8011;179.558;-132.634
-14.7733;-1.13555;14.8169;179.695;-132.817
-14.7908;-1.3406;14.8514;179.859;-133.022
-14.8118;-1.54096;14.8917;180.021;-133.223
-14.8347;-1.75086;14.9377;180.192;-133.433
-14.8572;-1.94836;14.9844;180.353;-133.63
-14.8725;-2.15276;15.0275;180.515;-133.835
-14.8903;-2.34842;15.0743;180.672;-134.03
-14.9004;-2.54516;15.1162;180.825;-134.227
-14.9156;-2.75816;15.1685;180.993;-134.44
-14.9242;-2.9705;15.217;181.157;-134.652
-14.93;-3.18361;15.2657;181.319;-134.865
-14.9217;-3.37911;15.2995;181.459;-135.061
-14.921;-3.59278;15.3475;181.617;-135.275
-14.9257;-3.79622;15.4009;181.772;-135.478
-14.9353;-4.00704;15.4635;181.936;-135.689
-14.938;-4.19579;15.5161;182.078;-135.878
-14.9409;-4.39588;15.5741;182.23;-136.078
-14.9396;-4.57632;15.6248;182.364;-136.258
-14.9524;-4.77819;15.6973;182.523;-136.46
-14.9486;-4.97859;15.7559;182.67;-136.66
-14.9393;-5.17749;15.8111;182.813;-136.859
-14.9155;-5.38282;15.857;182.951;-137.065
-14.9006;-5.56917;15.9074;183.081;-137.251
-14.9144;-5.75416;15.9859;183.229;-137.436
-14.9112;-5.95814;16.0575;183.38;-137.64
-14.9067;-6.16729;16.1321;183.534;-137.849
-14.8965;-6.3734;16.2027;183.682;-138.055
-14.8779;-6.5732;16.2653;183.82;-138.255
-14.8723;-6.76606;16.339;183.961;-138.448
-14.8624;-6.95185;16.4079;184.094;-138.634
-14.8421;-7.14282;16.4714;184.225;-138.825
-14.8183;-7.33803;16.5357;184.356;-139.02
-14.802;-7.53453;16.6093;184.494;-139.216
-14.7613;-7.74236;16.6686;184.624;-139.424
-14.7168;-7.93522;16.7198;184.741;-139.617
-14.6719;-8.14166;16.7795;184.867;-139.824
-14.634;-8.33521;16.8413;184.989;-140.017
-14.6112;-8.52812;16.9179;185.12;-140.21
-14.5951;-8.72639;17.0049;185.26;-140.408
-14.5996;-8.94769;17.1233;185.431;-140.63
-14.6022;-9.15738;17.236;185.591;-140.839
-14.6182;-9.36823;17.3624;185.762;-141.05
-14.6516;-9.55886;17.494;185.928;-141.241
-14.6832;-9.75655;17.6292;186.099;-141.438
-14.7115;-9.96625;17.7695;186.277;-141.648
-14.7533;-10.1767;17.9228;186.464;-141.859
-14.7859;-10.3714;18.0607;186.633;-142.053
-14.8185;-10.5352;18.1818;186.779;-142.217
-14.8687;-10.7169;18.3284;186.95;-142.399
-14.9414;-10.9071;18.4989;187.142;-142.589
-15.0061;-11.1094;18.6708;187.338;-142.791
-15.0408;-11.2826;18.8022;187.493;-142.964
-15.0801;-11.4757;18.9499;187.665;-143.158
-15.1248;-11.6709;19.1042;187.843;-143.353
-15.1698;-11.8664;19.2596;188.022;-143.548
-15.2237;-12.0514;19.4164;188.198;-143.733
-15.2919;-12.2482;19.5924;188.392;-143.93
-15.383;-12.4359;19.781;188.594;-144.118
-15.4737;-12.5991;19.9543;188.777;-144.281
-15.5729;-12.7705;20.1396;188.972;-144.452
-15.6778;-12.9465;20.3324;189.175;-144.628
-15.7696;-13.1263;20.5178;189.371;-144.808
-15.8569;-13.314;20.7052;189.571;-144.996
-15.9583;-13.5174;20.9138;189.792;-145.199
-16.0631;-13.6758;21.0962;189.981;-145.358
-16.1736;-13.8425;21.2885;190.179;-145.524
-16.2868;-14.0161;21.4875;190.385;-145.698
-16.4061;-14.1857;21.6886;190.592;-145.868
-16.4993;-14.3389;21.8594;190.769;-146.021
-16.6055;-14.5005;22.0456;190.961;-146.182
-16.7129;-14.6551;22.2282;191.148;-146.337
-16.8118;-14.8148;22.4079;191.334;-146.497
-16.9162;-15.0053;22.6123;191.547;-146.687
-17.0108;-15.1821;22.8005;191.743;-146.864
-17.0892;-15.3827;22.9928;191.948;-147.065
-17.1643;-15.5762;23.1783;192.144;-147.258
-17.2345;-15.7509;23.3478;192.323;-147.433
-17.3113;-15.9361;23.5296;192.514;-147.618
-17.3786;-16.1353;23.7142;192.71;-147.817
-17.4464;-16.3183;23.8886;192.894;-148
-17.5169;-16.5072;24.0693;193.084;-148.189
-17.5858;-16.689;24.2442;193.268;-148.371
-17.6561;-16.8688;24.4191;193.451;-148.551
-17.7263;-17.0609;24.6028;193.644;-148.743
-17.8168;-17.2667;24.8108;193.86;-148.949
-17.9029;-17.4523;25.002;194.057;-149.134
-17.9888;-17.6407;25.195;194.257;-149.323
-18.0912;-17.8236;25.3963;194.463;-149.505
-18.2062;-17.9841;25.5909;194.66;-149.666
-18.3233;-18.147;25.7887;194.86;-149.829
-18.4187;-18.3067;25.9689;195.044;-149.989
-18.5368;-18.4787;26.1739;195.252;-150.161
-18.6501;-18.6095;26.3465;195.425;-150.291
-18.7912;-18.7641;26.5556;195.634;-150.446
-18.9379;-18.8955;26.7522;195.829;-150.577
-19.0879;-19.0454;26.9644;196.04;-150.727
-19.233;-19.1888;27.1683;196.243;-150.871
-19.3755;-19.3437;27.3786;196.453;-151.026
-19.5189;-19.4892;27.5829;196.657;-151.171
-19.6413;-19.6202;27.7621;196.836;-151.302
-19.7754;-19.7727;27.9647;197.039;-151.455
-19.9074;-19.9229;28.1643;197.239;-151.605
-20.0321;-20.0665;28.3541;197.429;-151.748
-20.1531;-20.2373;28.5604;197.637;-151.919
-20.2537;-20.4017;28.7479;197.828;-152.084
-20.37;-20.592;28.9649;198.049;-152.274
-20.4657;-20.7629;29.1538;198.241;-152.445
-20.5718;-20.9412;29.3553;198.446;-152.623
-20.6754;-21.1149;29.5518;198.646;-152.797
-20.7768;-21.2769;29.7386;198.836;-152.959
-20.8919;-21.4492;29.9423;199.042;-153.131
-20.9887;-21.616;30.1293;199.232;-153.298
-21.0893;-21.7951;30.328;199.434;-153.477
-21.1998;-21.965;30.527;199.635;-153.647
-21.3153;-22.1176;30.7169;199.826;-153.799
-21.428;-22.2848;30.9156;200.027;-153.967
-21.5385;-22.4501;31.1113;200.225;-154.132
-21.6563;-22.636;31.3271;200.443;-154.318
-21.7739;-22.8138;31.5368;200.655;-154.496
-21.8842;-22.9805;31.7336;200.854;-154.662
-21.9975;-23.1511;31.9353;201.057;-154.833
-22.1015;-23.3034;32.1173;201.241;-154.985
-22.2164;-23.464;32.313;201.438;-155.146
-22.3147;-23.6279;32.4996;201.627;-155.31
-22.4234;-23.8115;32.7078;201.838;-155.493
-22.5367;-23.9933;32.9178;202.05;-155.675
-22.6661;-24.175;33.1389;202.273;-155.857
-22.7823;-24.3373;33.3367;202.472;-156.019
-22.8989;-24.4989;33.5344;202.671;-156.181
-23.0323;-24.6713;33.7514;202.888;-156.353
-23.1279;-24.8356;33.9368;203.076;-156.517
-23.2294;-25.0022;34.1279;203.269;-156.684
-23.3331;-25.177;34.3266;203.47;-156.859
-23.43;-25.3324;34.5065;203.651;-157.014
-23.5281;-25.4987;34.6952;203.842;-157.181
-23.6308;-25.6717;34.892;204.041;-157.354
-23.7196;-25.8377;35.0743;204.225;-157.52
-23.8146;-26.013;35.2677;204.421;-157.695
-23.9199;-26.1917;35.4706;204.626;-157.874
-24.0213;-26.3702;35.6708;204.828;-158.052
-24.1391;-26.5437;35.8784;205.037;-158.226
-24.2524;-26.7093;36.0772;205.237;-158.391
-24.357;-26.86;36.2591;205.42;-158.542
-24.4501;-27.0523;36.4642;205.627;-158.734
-24.5379;-27.2322;36.6566;205.822;-158.914
-24.6162;-27.4356;36.8601;206.029;-159.117
-24.6906;-27.6221;37.0486;206.22;-159.304
-24.7702;-27.8009;37.2351;206.409;-159.483
-24.8453;-27.991;37.4271;206.603;-159.673
-24.91;-28.1746;37.6074;206.786;-159.856
-24.9799;-28.3666;37.7976;206.979;-160.048
-25.0629;-28.551;37.9909;207.174;-160.233
-25.1476;-28.7359;38.1858;207.371;-160.418
-25.2313;-28.9116;38.3732;207.56;-160.593
-25.3148;-29.0921;38.5641;207.752;-160.774
-25.4135;-29.2775;38.7687;207.958;-160.959
-25.505;-29.4539;38.962;208.153;-161.136
-25.5944;-29.6328;39.1558;208.348;-161.315
-25.6849;-29.8143;39.3524;208.546;-161.496

-25.7832;29.9882;39.5482;208.761;-161.694
-25.8742;29.8326;39.4899;208.939;-161.849
-25.9705;29.6701;39.4307;209.126;-162.012
-26.0595;29.5189;39.3759;209.299;-162.163
-26.1712;29.3532;39.3261;209.498;-162.329
-26.2742;29.1641;39.254;209.71;-162.518
-26.3828;28.9916;39.199;209.912;-162.69
-26.489;28.8223;39.1458;210.111;-162.86
-26.5911;28.6598;39.0957;210.301;-163.022
-26.6972;28.4895;39.0435;210.5;-163.192
-26.7936;28.3162;38.9834;210.695;-163.366
-26.894;28.1427;38.9268;210.893;-163.539
-27.0002;27.972;38.8773;211.093;-163.71
-27.1095;27.8066;38.8347;211.29;-163.875
-27.2131;27.6363;38.7855;211.487;-164.046
-27.3175;27.466;38.738;211.685;-164.216
-27.408;27.2703;38.6636;211.894;-164.412
-27.4978;27.083;38.5956;212.096;-164.599
-27.5875;26.9235;38.548;212.277;-164.758
-27.6816;26.7465;38.4922;212.473;-164.935
-27.7965;26.5762;38.457;212.678;-165.106
-27.91;26.4073;38.4228;212.881;-165.275
-28.0277;26.2227;38.3821;213.098;-165.459
-28.1435;26.0595;38.3557;213.298;-165.622
-28.2601;25.9011;38.334;213.494;-165.781
-28.358;25.7329;38.293;213.687;-165.949
-28.4837;25.5515;38.2649;213.907;-166.13
-28.6108;25.3805;38.2459;214.12;-166.301
-28.7306;25.2121;38.2243;214.326;-166.47
-28.8436;25.0485;38.2019;214.524;-166.633
-28.9559;24.8863;38.1808;214.721;-166.796
-29.0672;24.7031;38.1463;214.933;-166.979
-29.1537;24.5267;38.0985;215.125;-167.155
-29.2481;24.3426;38.0527;215.327;-167.339
-29.3534;24.1615;38.0184;215.534;-167.52
-29.4562;23.9875;37.9877;215.734;-167.694
-29.5564;23.8153;37.9572;215.931;-167.867
-29.6782;23.6536;37.9511;216.133;-168.028
-29.7994;23.4888;37.9438;216.338;-168.193
-29.907;23.3123;37.9196;216.543;-168.37

29.9937;23.1464;37.8864;216.734;-168.536
29.8833;22.9766;37.6952;216.936;-168.705
29.7646;22.7903;37.4877;217.155;-168.892
29.6576;22.6236;37.3015;217.352;-169.058
29.5332;22.4645;37.1061;217.554;-169.217
29.4096;22.308;36.9131;217.753;-169.374
29.2897;22.1543;36.7246;217.948;-169.528
29.1296;21.9806;36.4922;218.184;-169.701
28.9973;21.8336;36.2981;218.381;-169.848
28.8639;21.6861;36.1028;218.58;-169.996
28.7175;21.5484;35.903;218.779;-170.133
28.5746;21.4296;35.7174;218.961;-170.252
28.4058;21.3118;35.5117;219.159;-170.37
28.2302;21.202;35.3054;219.355;-170.48
28.0658;21.1006;35.113;219.537;-170.581
27.8908;20.998;34.9115;219.727;-170.684
27.7232;20.8919;34.7138;219.915;-170.79
27.5661;20.8055;34.5363;220.081;-170.876
27.4016;20.7293;34.3591;220.244;-170.953
27.216;20.6353;34.1544;220.434;-171.047
27.0366;20.5461;33.9576;220.616;-171.136
26.857;20.4572;33.7609;220.799;-171.225
26.6888;20.37;33.5743;220.972;-171.312
26.5096;20.2674;33.3695;221.165;-171.414
26.3284;20.177;33.1707;221.35;-171.505
26.1377;20.0808;32.9609;221.545;-171.601
25.9684;19.9816;32.7662;221.729;-171.7
25.7966;19.8871;32.5724;221.911;-171.795
25.6084;19.7994;32.3699;222.098;-171.882
25.4214;19.7179;32.1721;222.279;-171.964
25.2452;19.6396;31.9849;222.452;-172.042
25.0306;19.562;31.7679;222.648;-172.12
24.8365;19.4897;31.5706;222.827;-172.192
24.6486;19.4177;31.3783;223.002;-172.264
24.4633;19.3488;31.1903;223.172;-172.333
24.2972;19.2763;31.015;223.334;-172.406
24.1149;19.1915;30.8195;223.515;-172.49
23.9316;19.1065;30.6232;223.698;-172.575
23.7495;19.028;30.432;223.874;-172.654
23.5691;18.9512;30.2432;224.048;-172.731
23.3794;18.8875;30.0555;224.218;-172.794
23.182;18.8384;29.8712;224.382;-172.844
23.0077;18.7918;29.7067;224.529;-172.89
22.8242;18.7416;29.5329;224.685;-172.94
22.6281;18.6887;29.3479;224.85;-172.993
22.4559;18.6217;29.1725;225.012;-173.06
22.2726;18.5624;28.9936;225.175;-173.119
22.0826;18.5008;28.8084;225.344;-173.181
21.9092;18.4423;28.6379;225.5;-173.24
21.7111;18.3559;28.4308;225.693;-173.326
21.5145;18.2801;28.2319;225.877;-173.402
21.3116;18.2117;28.0331;226.06;-173.47
21.1115;18.111;27.8155;226.265;-173.571
20.9417;18.0224;27.6291;226.442;-173.659
20.7503;17.9378;27.4288;226.63;-173.744
20.5685;17.8581;27.2392;226.808;-173.824
20.4116;17.7908;27.0767;226.96;-173.891
20.2327;17.7097;26.8885;227.137;-173.972
20.0531;17.6166;26.6921;227.324;-174.065
19.8973;17.5189;26.5107;227.499;-174.163
19.7283;17.4157;26.3156;227.687;-174.266
19.5571;17.3114;26.1183;227.877;-174.37
19.3865;17.2049;25.92;228.068;-174.477
19.208;17.0856;25.7073;228.274;-174.596
19.0523;16.9524;25.5024;228.476;-174.73
18.912;16.8112;25.3037;228.675;-174.871
18.7657;16.6718;25.1018;228.876;-175.01
18.6221;16.533;24.9022;229.074;-175.149
18.482;16.3967;24.707;229.269;-175.285
18.3341;16.2561;24.5031;229.472;-175.426
18.1765;16.1289;24.3007;229.671;-175.553
18.0278;16.0211;24.118;229.849;-175.661
17.8757;15.8958;23.9211;230.043;-175.786
17.7303;15.7742;23.7316;230.229;-175.908
17.5877;15.631;23.5298;230.431;-176.051
17.4464;15.4781;23.3227;230.639;-176.204
17.3;15.3344;23.1179;230.843;-176.347
17.1484;15.1852;22.9055;231.055;-176.497
17.0001;15.0522;22.7062;231.252;-176.63
16.8526;14.9123;22.503;231.454;-176.77
16.6981;14.7752;22.2965;231.659;-176.907
16.5449;14.652;22.1001;231.852;-177.03
16.3919;14.5186;21.8971;232.052;-177.163
16.2345;14.374;21.6834;232.264;-177.308
16.0938;14.2612;21.5033;232.441;-177.421
15.9365;14.1291;21.298;232.644;-177.553
15.7847;14.0209;21.1126;232.824;-177.661
15.6142;13.8841;20.8943;233.039;-177.798
15.4417;13.755;20.6795;233.249;-177.927
15.2824;13.6394;20.4838;233.44;-178.042
15.1316;13.5439;20.3077;233.611;-178.138
14.9608;13.4357;20.1083;233.804;-178.246
14.8014;13.3378;19.9243;233.981;-178.344
14.6333;13.2215;19.7216;234.179;-178.46
14.4642;13.1204;19.5284;234.366;-178.561
14.282;13.0253;19.3296;234.556;-178.657
14.1052;12.945;19.145;234.732;-178.737
13.9213;12.8581;18.9508;234.917;-178.824
13.7439;12.7788;18.7668;235.093;-178.903
13.5728;12.699;18.5872;235.264;-178.983
13.3916;12.6134;18.3965;235.447;-179.068
13.2242;12.5359;18.2217;235.615;-179.146
13.0393;12.4528;18.0304;235.798;-179.229
12.851;12.3737;17.8397;235.98;-179.308
12.6621;12.2877;17.6442;236.169;-179.394
12.4805;12.2053;17.4566;236.349;-179.477
12.299;12.1227;17.2692;236.53;-179.559
12.1278;12.0445;17.0925;236.701;-179.637
11.9574;11.9579;16.9107;236.878;-179.724
11.7998;11.8738;16.7398;237.044;-179.808
11.6388;11.8001;16.5742;237.205;-179.882
11.4558;11.7171;16.3867;237.387;-179.965
11.2751;11.6394;16.205;237.564;-180.042
11.0706;11.5637;16.0087;237.755;-180.118
10.8913;11.5107;15.8467;237.912;-180.171
10.6981;11.454;15.673;238.081;-180.228
10.4961;11.4031;15.4984;238.252;-180.279
10.3007;11.3603;15.335;238.412;-180.322
10.0765;11.3183;15.1539;238.59;-180.364
9.88577;11.2965;15.0113;238.732;-180.385
9.68732;11.2641;14.8568;238.886;-180.418
9.49424;11.2198;14.6978;239.046;-180.462
9.29018;11.176;14.5331;239.213;-180.506
9.09652;11.1235;14.3694;239.38;-180.558
8.88865;11.0461;14.1783;239.575;-180.636
8.69515;10.9604;13.9906;239.767;-180.721
8.50241;10.8962;13.821;239.942;-180.786
8.32654;10.8422;13.6706;240.098;-180.84
8.1379;10.8047;13.5266;240.25;-180.877
7.94398;10.7643;13.3782;240.408;-180.918
7.76548;10.7359;13.25;240.547;-180.946
7.56765;10.7049;13.1097;240.701;-180.977
7.36635;10.6768;12.9714;240.855;-181.005
7.17713;10.6368;12.8317;241.01;-181.045
6.98649;10.5982;12.6938;241.165;-181.084
6.79385;10.5653;12.5611;241.317;-181.117
6.58593;10.5356;12.4247;241.476;-181.146
6.39665;10.485;12.2822;241.64;-181.197
6.21339;10.415;12.1276;241.813;-181.267
6.02537;10.3379;11.9657;241.996;-181.344
5.83121;10.2578;11.7994;242.184;-181.424
5.63177;10.206;11.6567;242.355;-181.476
5.44216;10.1479;11.5151;242.524;-181.534
5.25357;10.0868;11.3729;242.695;-181.595
5.07228;10.0076;11.2196;242.875;-181.674
4.89297;9.93456;11.0741;243.048;-181.747
4.71828;9.84005;10.9128;243.235;-181.842
4.54418;9.74343;10.751;243.423;-181.938
4.38256;9.6434;10.5925;243.605;-182.038
4.20936;9.53484;10.4227;243.801;-182.147
4.03916;9.42218;10.2515;243.999;-182.26
3.87173;9.31501;10.0876;244.19;-182.367
3.70154;9.20696;9.92318;244.384;-182.475
3.52092;9.10814;9.76499;244.578;-182.574
3.33722;9.02239;9.6198;244.764;-182.659
3.14558;8.9279;9.46583;244.962;-182.754
2.94833;8.83028;9.30948;245.166;-182.852
2.7748;8.73657;9.16663;245.352;-182.945
2.59009;8.64352;9.02325;245.544;-183.038
2.41678;8.55877;8.89344;245.723;-183.123
2.22439;8.46821;8.75548;245.919;-183.214
2.04645;8.38555;8.63165;246.099;-183.296
1.86512;8.30128;8.50822;246.283;-183.381
1.68686;8.22642;8.39759;246.458;-183.455
1.4993;8.14824;8.28503;246.641;-183.534
1.30538;8.07085;8.17573;246.828;-183.611
1.1199;7.99609;8.07413;247.008;-183.686
0.91549;7.91479;7.96756;247.205;-183.767
0.715735;7.83904;7.87165;247.395;-183.843
0.54544;7.80198;7.82103;247.536;-183.88
0.353781;7.76785;7.7759;247.69;-183.914
0.154334;7.73266;7.7342;247.85;-183.949
-0.0477171;7.70277;7.70292;248.007;-183.979
-0.245729;7.67303;7.67696;248.162;-184.009
-0.446953;7.64749;7.66054;248.316;-184.034
-0.653904;7.61385;7.64188;248.48;-184.068
-0.854087;7.57668;7.62467;248.642;-184.105
-1.05876;7.53174;7.60579;248.813;-184.15
-1.25269;7.49794;7.60186;248.969;-184.184
-1.44554;7.46644;7.60508;249.122;-184.215
-1.63658;7.4327;7.61074;249.275;-184.249
-1.83048;7.39352;7.61675;249.435;-184.288
-2.02069;7.31996;7.59375;249.617;-184.362
-2.20822;7.26424;7.59246;249.785;-184.418
-2.40088;7.19648;7.58641;249.965;-184.485
-2.56005;7.12347;7.56952;250.126;-184.558
-2.74201;7.04035;7.55548;250.31;-184.642
-2.93883;6.95102;7.54675;250.509;-184.731
-3.09372;6.85097;7.51711;250.688;-184.831
-3.2584;6.74017;7.48646;250.881;-184.942
-3.42189;6.63534;7.46572;251.068;-185.047
-3.59066;6.53189;7.45375;251.259;-185.15
-3.75818;6.42713;7.44526;251.449;-185.255
-3.9259;6.32829;7.44714;251.635;-185.354
-4.09693;6.2293;7.45581;251.824;-185.453
-4.28755;6.15915;7.50455;252.005;-185.523
-4.47024;6.09319;7.55711;252.177;-185.589
-4.67962;5.98439;7.59683;252.399;-185.697
-4.8605;5.88544;7.63301;252.594;-185.796
-5.05393;5.79217;7.6871;252.794;-185.89
-5.23788;5.71062;7.74897;252.978;-185.971
-5.4242;5.63005;7.81789;253.164;-186.052
-5.60252;5.54038;7.87934;253.351;-186.141
-5.77157;5.43869;7.93035;253.54;-186.243
-5.93451;5.36207;7.99814;253.707;-186.32
-6.11469;5.27346;8.07458;253.894;-186.408
-6.28411;5.18357;8.14613;254.075;-186.498
-6.45643;5.08948;8.22121;254.261;-186.592
-6.63303;4.99221;8.30176;254.453;-186.69
-6.80384;4.88493;8.37585;254.648;-186.797
-6.96304;4.77735;8.44435;254.835;-186.905
-7.13421;4.66612;8.52465;255.033;-187.016
-7.29856;4.57473;8.61377;255.211;-187.107
-7.45023;4.44221;8.67404;255.412;-187.24
-7.60855;4.30523;8.74214;255.62;-187.377
-7.75975;4.17674;8.81243;255.817;-187.505
-7.92495;4.05063;8.90014;256.022;-187.631
-8.07831;3.92047;8.97937;256.221;-187.761
-8.25364;3.80212;9.08728;256.427;-187.88
-8.41944;3.68989;9.19251;256.622;-187.992
-8.58338;3.59852;9.30719;256.801;-188.083
-8.73569;3.50781;9.41366;256.971;-188.174
-8.91735;3.40802;9.54639;257.168;-188.274
-9.09017;3.3213;9.67793;257.349;-188.361
-9.27976;3.23384;9.82709;257.542;-188.448
-9.46572;3.15731;9.9784;257.725;-188.525
-9.65795;3.06756;10.1334;257.922;-188.614
-9.84098;2.97575;10.2811;258.114;-188.706
-10.0176;2.88493;10.4248;258.301;-188.797
-10.1837;2.7919;10.5595;258.482;-188.89
-10.3582;2.6965;10.7034;258.671;-188.985
-10.5129;2.59455;10.8283;258.851;-189.087
-10.6939;2.4711;10.9757;259.065;-189.211
-10.8581;2.37938;11.1158;259.244;-189.302
-11.0384;2.27643;11.2707;259.442;-189.405
-11.2124;2.1798;11.4223;259.632;-189.502
-11.3841;2.09246;11.5748;259.813;-189.589
-11.5697;2.00171;11.7416;260.006;-189.68
-11.752;1.91466;11.907;260.194;-189.767
-11.9309;1.82779;12.0701;260.38;-189.854
-12.1053;1.75848;12.2323;260.55;-189.923
-12.3038;1.68626;12.4188;260.739;-189.996
-12.4952;1.61857;12.5996;260.919;-190.063
-12.6805;1.54634;12.7745;261.099;-190.136
-12.8784;1.49244;12.9646;261.273;-190.189
-13.0492;1.45556;13.1301;261.417;-190.226
-13.2649;1.42344;13.3411;261.589;-190.258
-13.462;1.39334;13.5339;261.746;-190.289
-13.6726;1.35475;13.7396;261.919;-190.327
-13.8656;1.33606;13.9298;262.065;-190.346
-14.062;1.30651;14.1226;262.221;-190.375
-14.2626;1.27423;14.3194;262.383;-190.408
-14.4658;1.2586;14.5205;262.534;-190.423
-14.6765;1.25294;14.7299;262.683;-190.429
-14.8734;1.24558;14.9255;262.824;-190.436
-15.0438;1.24219;15.095;262.944;-190.44
-15.2436;1.23743;15.2937;263.085;-190.444
-15.4452;1.23141;15.4942;263.229;-190.45
-15.6308;1.21961;15.6783;263.365;-190.462
-15.8096;1.22383;15.8569;263.486;-190.458
-16.0115;1.21098;16.0572;263.635;-190.471
-16.2248;1.17441;16.2673;263.809;-190.507
-16.4174;1.14343;16.4572;263.964;-190.538
-16.6003;1.14131;16.6395;264.092;-190.541
-16.8007;1.13908;16.8392;264.233;-190.543
-17.0098;1.13852;17.0479;264.378;-190.543
-17.2079;1.13831;17.2455;264.516;-190.544
-17.4127;1.13733;17.4498;264.659;-190.545
-17.621;1.13163;17.6573;264.807;-190.55
-17.8104;1.12615;17.846;264.943;-190.556
-18.0098;1.12063;18.0447;265.085;-190.561
-18.2138;1.12367;18.2485;265.225;-190.558
-18.4188;1.12896;18.4534;265.364;-190.553
-18.6183;1.13782;18.653;265.496;-190.544
-18.7991;1.15215;18.8343;265.612;-190.53
-18.9899;1.17584;19.0263;265.728;-190.506
-19.2011;1.19166;19.238;265.864;-190.49
-19.3987;1.20038;19.4358;265.995;-190.481
-19.606;1.2115;19.6434;266.132;-190.47
-19.7996;1.21347;19.8368;266.266;-190.468
-19.9939;1.22156;20.0312;266.396;-190.46
-20.2024;1.21731;20.2391;266.545;-190.465
-20.3952;1.21333;20.4312;266.683;-190.469
-20.6098;1.22012;20.6459;266.828;-190.462
-20.8105;1.22757;20.8467;266.963;-190.454
-21.014;1.24174;21.0507;267.096;-190.44
-21.2246;1.24947;21.2613;267.238;-190.432
-21.4171;1.24833;21.4534;267.374;-190.434
-21.6009;1.24744;21.6369;267.504;-190.434
-21.7995;1.25248;21.8354;267.64;-190.429
-22.0255;1.2395;22.0603;267.808;-190.442
-22.2197;1.23071;22.2538;267.951;-190.451
-22.4208;1.21755;22.4538;268.101;-190.464
-22.6254;1.20132;22.6572;268.257;-190.481
-22.8278;1.17975;22.8583;268.415;-190.502
-23.0193;1.16684;23.0488;268.559;-190.515
-23.2199;1.15552;23.2487;268.708;-190.526
-23.4095;1.14223;23.4373;268.852;-190.54
-23.6297;1.11872;23.6562;269.024;-190.563
-23.8161;1.09282;23.8412;269.174;-190.589
-24.0218;1.05335;24.0449;269.347;-190.629
-24.2293;1.01545;24.2506;269.52;-190.666
-24.4499;0.991743;24.47;269.693;-190.69
-24.6506;0.976186;24.6699;269.846;-190.706
-24.8419;0.95047;24.8601;269.999;-190.731
-25.0459;0.928228;25.0631;270.16;-190.754
-25.2467;0.911801;25.2631;270.313;-190.77
-25.4485;0.910556;25.4648;270.457;-190.771
-25.6385;0.919513;25.655;270.586;-190.762
-25.8387;0.928526;25.8554;270.721;-190.753
-26.0478;0.933524;26.0645;270.866;-190.748
-26.2436;0.9412;26.2604;271;-190.741
-26.4503;0.973325;26.4682;271.124;-190.709
-26.6592;0.98405;26.6774;271.265;-190.698
-26.8554;0.969195;26.8729;271.415;-190.713
-27.0535;0.967115;27.0708;271.558;-190.715
-27.2575;0.955933;27.2743;271.711;-190.726
-27.4471;0.947935;27.4635;271.851;-190.734
-27.6564;0.957106;27.6729;271.994;-190.725
-27.8642;0.970157;27.8811;272.133;-190.712
-28.063;0.976962;28.08;272.27;-190.705
-28.2814;0.978679;28.2984;272.425;-190.703
-28.4992;0.962785;28.5155;272.592;-190.719
-28.7007;0.942883;28.7162;272.75;-190.739
-28.8997;0.92298;28.9144;272.906;-190.759
-29.1004;0.901192;29.1144;273.065;-190.781
-29.2996;0.888958;29.3131;273.216;-190.793
-29.495;0.878271;29.5081;273.363;-190.804
-29.6919;0.851715;29.7041;273.523;-190.83
-29.8997;0.83086;29.9112;273.686;-190.851

29.9031;0.814321;29.9142;273.839;-190.868
29.6969;0.79765;29.7077;273.998;-190.884
29.4835;0.783886;29.4939;274.161;-190.898
29.2823;0.768917;29.2924;274.316;-190.913
29.071;0.745558;29.0806;274.484;-190.936
28.8773;0.730674;28.8866;274.634;-190.951
28.6797;0.718245;28.6887;274.784;-190.964
28.4946;0.695437;28.5031;274.933;-190.986
28.3017;0.670068;28.3096;275.09;-191.012
28.1222;0.61872;28.129;275.255;-191.063
27.9449;0.580379;27.9509;275.409;-191.101
27.7363;0.525713;27.7413;275.597;-191.156
27.5502;0.479174;27.5544;275.763;-191.203
27.3351;0.441975;27.3387;275.944;-191.24
27.1427;0.429427;27.1461;276.092;-191.252
26.943;0.409618;26.9462;276.249;-191.272
26.7427;0.38838;26.7455;276.409;-191.293
26.5555;0.356016;26.5579;276.566;-191.326
26.348;0.32055;26.3499;276.741;-191.361
26.1511;0.28721;26.1527;276.906;-191.395
25.9587;0.259243;25.96;277.064;-191.423
25.7397;0.226717;25.7407;277.245;-191.455
25.5484;0.202816;25.5492;277.4;-191.479
25.3629;0.162013;25.3634;277.562;-191.52
25.1674;0.115457;25.1676;277.736;-191.566
24.9723;0.0702693;24.9724;277.908;-191.612
24.7685;0.0166715;24.7685;278.093;-191.665
24.5793;-0.0230807;24.5794;278.258;-191.705
