#1 AntPos X	#2 AntVel X	#3 AntPos Y	#4 AntVel Y	#5 AntAngle	
-4.87576;-1.37033;-0.548978;-1.44917;-2.32824;
-4.98876;-1.13004;-0.685612;-1.36634;-2.26182;
-5.12364;-1.3488;-0.819192;-1.3358;-2.36104;
-5.25009;-1.26444;-0.962137;-1.42946;-2.29502;
-5.40005;-1.49967;-1.12388;-1.61738;-2.31845;
-5.53457;-1.34522;-1.28795;-1.64076;-2.25754;
-5.66039;-1.25819;-1.44711;-1.59157;-2.23974;
-5.79407;-1.33671;-1.60989;-1.62779;-2.25832;
-5.92701;-1.3294;-1.7543;-1.44414;-2.31485;
-6.07407;-1.47063;-1.88489;-1.30589;-2.41546;
-6.23051;-1.56439;-2.01616;-1.31268;-2.44346;
-6.3763;-1.45797;-2.13387;-1.17715;-2.46236;
-6.53228;-1.55978;-2.25994;-1.26069;-2.46184;
-6.67896;-1.46675;-2.37959;-1.19645;-2.45734;
-6.83457;-1.55609;-2.49944;-1.1985;-2.48529;
-6.98987;-1.55305;-2.59624;-0.967987;-2.58423;
-7.17014;-1.80267;-2.7106;-1.14362;-2.57626;
-7.33903;-1.68889;-2.81757;-1.06974;-2.57698;
-7.50132;-1.62296;-2.92766;-1.10084;-2.54558;
-7.66583;-1.64508;-3.0411;-1.13447;-2.53787;
-7.82931;-1.6348;-3.15548;-1.14375;-2.53111;
-8.00231;-1.73002;-3.25608;-1.00601;-2.61489;
-8.1785;-1.76186;-3.35621;-1.00132;-2.62478;
-8.35665;-1.78151;-3.45712;-1.00907;-2.62624;
-8.52652;-1.69872;-3.54606;-0.889439;-2.65925;
-8.70608;-1.79555;-3.63995;-0.938893;-2.65979;
-8.89018;-1.84106;-3.73747;-0.975206;-2.65447;
-9.07481;-1.84632;-3.84376;-1.06291;-2.61924;
-9.23469;-1.59876;-3.96839;-1.24624;-2.47947;
-9.38917;-1.54485;-4.09066;-1.22271;-2.47207;
-9.53315;-1.43974;-4.21879;-1.28136;-2.41433;
-9.70735;-1.74201;-4.32586;-1.07061;-2.59052;
-9.87062;-1.63272;-4.44612;-1.20269;-2.50671;
-10.0309;-1.60237;-4.56514;-1.19019;-2.50273;
-10.1852;-1.54348;-4.68206;-1.16921;-2.4933;
-10.3453;-1.6012;-4.80401;-1.21941;-2.49073;
-10.5047;-1.59349;-4.93137;-1.27368;-2.46728;
-10.6591;-1.54407;-5.0647;-1.33331;-2.42931;
-10.8134;-1.54345;-5.21713;-1.52422;-2.36246;
-10.9597;-1.46236;-5.34607;-1.28942;-2.41896;
-11.1149;-1.55208;-5.46701;-1.2094;-2.47966;
-11.2677;-1.52815;-5.59264;-1.2563;-2.45352;
-11.4226;-1.54932;-5.72428;-1.31643;-2.43728;
-11.5684;-1.45828;-5.85305;-1.2877;-2.41823;
-11.7069;-1.38447;-5.99398;-1.40931;-2.34731;
-11.8419;-1.34965;-6.13737;-1.43386;-2.32595;
-11.9755;-1.33631;-6.28208;-1.44715;-2.31639;
-12.1095;-1.34003;-6.43449;-1.52406;-2.29203;
-12.2424;-1.32866;-6.58529;-1.50799;-2.29306;
-12.3734;-1.31056;-6.71896;-1.3367;-2.34632;
-12.5173;-1.43905;-6.86348;-1.44525;-2.35405;
-12.662;-1.44635;-7.00424;-1.40758;-2.36978;
-12.8036;-1.41654;-7.14964;-1.45399;-2.34315;
-12.9454;-1.41774;-7.29827;-1.4863;-2.33259;
-13.0811;-1.35758;-7.44095;-1.42682;-2.33133;
-13.2008;-1.19708;-7.58986;-1.48913;-2.2479;
-13.3263;-1.25472;-7.74592;-1.56059;-2.24798;
-13.4468;-1.205;-7.9014;-1.55477;-2.23013;
-13.5698;-1.22992;-8.07677;-1.75375;-2.1824;
-13.6846;-1.14754;-8.24138;-1.64602;-2.17961;
-13.7983;-1.13755;-8.40692;-1.65544;-2.17285;
-13.9124;-1.14063;-8.56156;-1.54639;-2.20632;
-14.0298;-1.17397;-8.72286;-1.61297;-2.19996;
-14.1297;-0.999551;-8.8919;-1.69041;-2.1048;
-14.2334;-1.03658;-9.0805;-1.88605;-2.07333;
-14.3334;-0.99978;-9.24351;-1.63006;-2.12097;
-14.4421;-1.08689;-9.41215;-1.68646;-2.14328;
-14.5346;-0.925798;-9.57683;-1.64675;-2.08296;
-14.6416;-1.06915;-9.75327;-1.76436;-2.1156;
-14.745;-1.03476;-9.92776;-1.74494;-2.10606;
-14.8482;-1.03192;-10.0998;-1.72042;-2.11107;
-14.9446;-0.964202;-10.2751;-1.75342;-2.07356;
-15.0477;-1.03033;-10.4577;-1.8257;-2.08459;
-15.1645;-1.16772;-10.6202;-1.62477;-2.19396;
-15.2765;-1.12063;-10.7914;-1.7126;-2.15022;
-15.3793;-1.02764;-10.9374;-1.45923;-2.18436;
-15.4877;-1.08402;-11.1026;-1.65196;-2.15152;
-15.5982;-1.10523;-11.2759;-1.73295;-2.13853;
-15.7277;-1.29518;-11.4442;-1.68358;-2.22654;
-15.8496;-1.21924;-11.6027;-1.58525;-2.22642;
-15.9834;-1.33706;-11.766;-1.63281;-2.25694;
-16.112;-1.28683;-11.9274;-1.6134;-2.24406;
-16.2333;-1.21299;-12.0815;-1.54112;-2.23761;
-16.3551;-1.21737;-12.2369;-1.55445;-2.23518;
-16.4672;-1.12138;-12.3653;-1.28422;-2.2886;
-16.602;-1.34782;-12.5193;-1.53963;-2.28986;
-16.7356;-1.33607;-12.6532;-1.33927;-2.355;
-16.8802;-1.44576;-12.7938;-1.40579;-2.37021;
-17.0238;-1.43613;-12.9335;-1.39669;-2.37012;
-17.1682;-1.44436;-13.0687;-1.35191;-2.38925;
-17.3015;-1.33311;-13.2138;-1.45075;-2.31396;
-17.4371;-1.35604;-13.3611;-1.47374;-2.31463;
-17.5705;-1.33324;-13.5081;-1.47009;-2.30742;
-17.6981;-1.27625;-13.6581;-1.49945;-2.27595;
-17.8287;-1.30648;-13.8057;-1.47584;-2.2954;
-17.9636;-1.34869;-13.9522;-1.46501;-2.31488;
-18.1166;-1.53024;-14.1009;-1.48744;-2.37038;
-18.2607;-1.4405;-14.2403;-1.39363;-2.37273;
-18.3859;-1.25206;-14.3969;-1.56613;-2.24521;
-18.4997;-1.13773;-14.5514;-1.54562;-2.20534;
-18.6131;-1.13447;-14.7129;-1.61429;-2.18338;
-18.7021;-0.889578;-14.8838;-1.70965;-2.05057;
-18.792;-0.899761;-15.0606;-1.76726;-2.04172;
-18.8772;-0.851892;-15.2295;-1.68898;-2.03794;
-18.9486;-0.713811;-15.4202;-1.90755;-1.92887;
-19.026;-0.773465;-15.6151;-1.94908;-1.94857;
-19.1011;-0.751739;-15.8015;-1.86419;-1.9541;
-19.1963;-0.951751;-15.9821;-1.80528;-2.05597;
-19.2766;-0.803303;-16.1568;-1.74695;-2.0018;
-19.3694;-0.927805;-16.3375;-1.80781;-2.04496;
-19.478;-1.08555;-16.5171;-1.7954;-2.11462;
-19.5558;-0.778254;-16.6841;-1.67004;-2.00688;
-19.6298;-0.740247;-16.8812;-1.97109;-1.93005;
-19.6969;-0.671157;-17.0584;-1.77235;-1.93279;
-19.7668;-0.699064;-17.2475;-1.89093;-1.92491;
-19.8158;-0.490057;-17.4282;-1.80643;-1.83571;
-19.8847;-0.6883;-17.6183;-1.90118;-1.91815;
-19.9296;-0.448844;-17.8036;-1.85322;-1.80842;
-19.9767;-0.470953;-17.998;-1.94393;-1.80848;
-20.0258;-0.491034;-18.1919;-1.93929;-1.81879;
-20.0835;-0.57759;-18.3545;-1.62559;-1.91219;
-20.1456;-0.621139;-18.549;-1.94491;-1.87992;
-20.221;-0.753559;-18.7325;-1.8351;-1.96044;
-20.2959;-0.749294;-18.9246;-1.92069;-1.94275;
-20.3694;-0.734358;-19.1109;-1.86311;-1.94626;
-20.459;-0.896819;-19.3132;-2.02286;-1.9881;
-20.5414;-0.823581;-19.491;-1.77794;-2.00459;
-20.6243;-0.829462;-19.6987;-2.07695;-1.95076;
-20.6944;-0.700256;-19.8856;-1.86969;-1.92916;
-20.7663;-0.719543;-20.0634;-1.77778;-1.95538;
-20.8653;-0.989602;-20.2646;-2.01219;-2.02787;
-20.9472;-0.819541;-20.4391;-1.74499;-2.00987;
-21.0442;-0.969522;-20.6136;-1.74513;-2.0779;
-21.1467;-1.02536;-20.7879;-1.74277;-2.10261;
-21.2448;-0.980756;-20.9708;-1.82866;-2.06308;
-21.3286;-0.837915;-21.1614;-1.90665;-1.98486;
-21.3943;-0.657141;-21.3481;-1.86642;-1.90933;
-21.4607;-0.663799;-21.5366;-1.88555;-1.90929;
-21.5293;-0.686635;-21.7034;-1.66764;-1.96138;
-21.5953;-0.659338;-21.876;-1.7256;-1.93577;
-21.6591;-0.638614;-22.0785;-2.02526;-1.87625;
-21.7193;-0.601776;-22.2694;-1.90919;-1.87614;
-21.7713;-0.519875;-22.4507;-1.81316;-1.85003;
-21.8167;-0.453768;-22.639;-1.88253;-1.80733;
-21.8492;-0.325073;-22.8328;-1.93789;-1.73699;
-21.8835;-0.343467;-23.0295;-1.96728;-1.74364;
-21.9168;-0.333023;-23.2257;-1.96237;-1.7389;
-21.9536;-0.367867;-23.4227;-1.96976;-1.75543;
-21.9907;-0.37104;-23.6268;-2.04075;-1.75065;
-22.0244;-0.336479;-23.8215;-1.9476;-1.74187;
-22.0506;-0.262411;-24.0131;-1.91585;-1.70692;
-22.0741;-0.235021;-24.2171;-2.03966;-1.68552;
-22.0897;-0.155816;-24.4055;-1.88374;-1.65332;
-22.1331;-0.433455;-24.5855;-1.80004;-1.8071;
-22.1783;-0.452828;-24.7811;-1.95588;-1.79831;
-22.2428;-0.644992;-24.9556;-1.74529;-1.92479;
-22.3263;-0.834374;-25.1269;-1.71296;-2.02407;
-22.4261;-0.997947;-25.3249;-1.98004;-2.03764;
-22.5037;-0.776455;-25.4983;-1.73387;-1.99183;
-22.5615;-0.577592;-25.6924;-1.9413;-1.85998;
-22.619;-0.575707;-25.8874;-1.94978;-1.85791;
-22.6768;-0.577993;-26.0807;-1.93305;-1.86134;
-22.7328;-0.559951;-26.2803;-1.99662;-1.84422;
-22.7768;-0.439344;-26.4695;-1.89136;-1.79904;
-22.8219;-0.451767;-26.6652;-1.95706;-1.79766;
-22.8672;-0.452398;-26.8506;-1.85402;-1.81013;
-22.9038;-0.365863;-27.0765;-2.2589;-1.73137;
-22.9348;-0.309879;-27.2896;-2.13091;-1.7152;
-22.9763;-0.415203;-27.5168;-2.27273;-1.75149;
-23.0069;-0.306109;-27.7109;-1.9404;-1.72726;
-23.0479;-0.410348;-27.9043;-1.93454;-1.77982;
-23.1044;-0.565152;-28.1084;-2.04069;-1.84097;
-23.1406;-0.361137;-28.2965;-1.88142;-1.76044;
-23.1627;-0.221017;-28.5099;-2.13357;-1.67402;
-23.1779;-0.152599;-28.7287;-2.18756;-1.64044;
-23.1855;-0.0762129;-28.9279;-1.99271;-1.60902;
-23.1977;-0.121707;-29.141;-2.13079;-1.62785;
-23.2063;-0.0860758;-29.3357;-1.94679;-1.61498;
-23.2254;-0.190503;-29.5333;-1.97613;-1.6669;
-23.2434;-0.180242;-29.7336;-2.00247;-1.66056;
-23.2657;-0.222726;-29.9281;-1.9454;-1.68479;

-23.2844;-0.18737;29.8808;-1.91073;-1.66855;
-23.3109;-0.264518;29.6845;-1.9633;-1.70472;
-23.3585;-0.476182;29.4729;-2.1156;-1.79219;
-23.3804;-0.219461;29.2813;-1.91607;-1.68484;
-23.3806;-0.00199143;29.0783;-2.03058;-1.57178;
-23.3842;-0.0359188;28.8888;-1.89452;-1.58975;
-23.3685;0.15724;28.6882;-2.00632;-1.49258;
-23.3429;0.255715;28.4818;-2.06439;-1.44755;
-23.3111;0.317771;28.282;-1.99797;-1.41307;
-23.2648;0.463591;28.0989;-1.83036;-1.32273;
-23.2228;0.419907;27.9073;-1.91615;-1.35507;
-23.1815;0.412915;27.7122;-1.95061;-1.36219;
-23.1418;0.397001;27.51;-2.02278;-1.37699;
-23.0921;0.496669;27.3098;-2.00178;-1.32759;
-23.0461;0.460384;27.1173;-1.92511;-1.33606;
-22.9972;0.48854;26.923;-1.94262;-1.32442;
-22.9535;0.436943;26.7218;-2.01262;-1.35701;
-22.9127;0.408674;26.53;-1.91801;-1.36086;
-22.8745;0.381761;26.337;-1.92939;-1.37545;
-22.8339;0.406285;26.1584;-1.78641;-1.34717;
-22.7898;0.440896;25.9452;-2.13196;-1.36687;
-22.7541;0.356625;25.7472;-1.97996;-1.39259;
-22.712;0.4209;25.5446;-2.02567;-1.36593;
-22.6574;0.546053;25.3595;-1.85142;-1.28399;
-22.5901;0.672878;25.1645;-1.95011;-1.23854;
-22.5325;0.576217;24.9988;-1.65701;-1.23613;
-22.4651;0.673633;24.8189;-1.79871;-1.21246;
-22.3936;0.715646;24.6407;-1.78169;-1.18885;
-22.3276;0.660304;24.4489;-1.91872;-1.23935;
-22.2625;0.650285;24.2597;-1.89102;-1.23958;
-22.1966;0.658936;24.0714;-1.88379;-1.23431;
-22.1323;0.64325;23.8815;-1.89908;-1.24421;
-22.0594;0.72857;23.6694;-2.12051;-1.23985;
-21.9997;0.596996;23.4646;-2.04807;-1.28716;
-21.9491;0.506132;23.2884;-1.76159;-1.29102;
-21.895;0.540939;23.0934;-1.95065;-1.30028;
-21.8427;0.523919;22.8975;-1.95892;-1.30946;
-21.7909;0.51713;22.7004;-1.97071;-1.31417;
-21.7399;0.510323;22.5032;-1.97237;-1.31761;
-21.6896;0.503499;22.3116;-1.91551;-1.31376;
-21.6194;0.701975;22.1177;-1.9391;-1.22346;
-21.5733;0.460468;21.915;-2.02695;-1.34741;
-21.5358;0.375047;21.7267;-1.88345;-1.37424;
-21.5061;0.297469;21.5325;-1.94215;-1.41881;
-21.4707;0.353947;21.3341;-1.98346;-1.39421;
-21.441;0.296706;21.14;-1.94077;-1.41909;
-21.4149;0.260707;20.9397;-2.00333;-1.44139;
-21.3949;0.199848;20.746;-1.9367;-1.46797;
-21.3599;0.349891;20.5538;-1.92195;-1.39072;
-21.3056;0.543581;20.3814;-1.72457;-1.26546;
-21.2474;0.58174;20.1887;-1.92663;-1.27755;
-21.1942;0.532398;19.9998;-1.88885;-1.29606;
-21.1444;0.49784;19.811;-1.88791;-1.31297;
-21.098;0.463768;19.6254;-1.85664;-1.32602;
-21.0563;0.417425;19.4343;-1.91102;-1.35574;
-21.0041;0.52208;19.2365;-1.97825;-1.31277;
-20.9604;0.436701;19.0533;-1.83163;-1.33674;
-20.9201;0.403093;18.8518;-2.01506;-1.37336;
-20.8688;0.512489;18.6591;-1.92643;-1.31079;
-20.8263;0.424918;18.466;-1.93173;-1.35428;
-20.7774;0.489499;18.2693;-1.96707;-1.3269;
-20.7383;0.391251;18.0806;-1.88716;-1.36637;
-20.6952;0.430821;17.8721;-2.08425;-1.36696;
-20.6557;0.394732;17.6775;-1.94637;-1.37071;
-20.6282;0.275548;17.4689;-2.08586;-1.43945;
-20.6024;0.257514;17.2728;-1.96148;-1.44026;
-20.591;0.113754;17.0777;-1.95021;-1.51253;
-20.5829;0.0809017;16.8831;-1.94644;-1.52926;
-20.5797;0.0324417;16.6832;-1.99931;-1.55457;
-20.5797;-0.000107102;16.4803;-2.02871;-1.57085;
-20.5851;-0.0539944;16.2609;-2.19353;-1.59541;
-20.6126;-0.275039;16.06;-2.00903;-1.70685;
-20.6325;-0.198622;15.8655;-1.94546;-1.67254;
-20.648;-0.15478;15.6901;-1.75414;-1.65881;
-20.6677;-0.197384;15.4989;-1.91193;-1.67367;
-20.6888;-0.211317;15.2994;-1.99455;-1.67635;
-20.7206;-0.317723;15.0958;-2.03662;-1.72555;
-20.7475;-0.268993;14.8978;-1.97964;-1.70585;
-20.8085;-0.609729;14.7009;-1.96863;-1.87115;
-20.8778;-0.69296;14.5095;-1.91395;-1.91817;
-20.9632;-0.854641;14.2998;-2.09757;-1.9577;
-21.04;-0.768146;14.1113;-1.88445;-1.95786;
-21.1279;-0.878214;13.923;-1.88297;-2.0072;
-21.2176;-0.897185;13.7497;-1.73325;-2.04845;
-21.3002;-0.826039;13.5662;-1.83543;-1.99369;
-21.3787;-0.785214;13.3809;-1.85235;-1.97174;
-21.4763;-0.975554;13.1967;-1.84254;-2.05773;
-21.5669;-0.906328;13.0219;-1.74779;-2.04918;
-21.6562;-0.893443;12.8475;-1.74441;-2.04414;
-21.749;-0.927948;12.6676;-1.79896;-2.04702;
-21.845;-0.959144;12.4923;-1.75299;-2.07145;
-21.9369;-0.919299;12.3115;-1.80752;-2.0413;
-22.0375;-1.0064;12.1243;-1.87218;-2.06404;
-22.1228;-0.853013;11.9489;-1.7542;-2.0234;
-22.1868;-0.640064;11.7669;-1.81951;-1.90905;
-22.251;-0.64156;11.5617;-2.05236;-1.87377;
-22.3109;-0.599608;11.3782;-1.83497;-1.88663;
-22.3697;-0.587264;11.163;-2.15176;-1.83723;
-22.4109;-0.412086;10.9701;-1.92897;-1.78126;
-22.4456;-0.347496;10.7797;-1.90443;-1.75128;
-22.4799;-0.34315;10.5812;-1.98435;-1.74203;
-22.5071;-0.27163;10.396;-1.85287;-1.71636;
-22.5303;-0.232183;10.1629;-2.33089;-1.67008;
-22.5546;-0.243108;9.96562;-1.97247;-1.69343;
-22.5925;-0.379012;9.7863;-1.79319;-1.77909;
-22.6418;-0.492166;9.58532;-2.00977;-1.81096;
-22.6934;-0.516022;9.39133;-1.93999;-1.83077;
-22.7359;-0.425612;9.20186;-1.89466;-1.79177;
-22.7889;-0.530025;9.0093;-1.92558;-1.8394;
-22.842;-0.530389;8.81628;-1.93025;-1.83896;
-22.8928;-0.508162;8.62118;-1.95103;-1.82559;
-22.9514;-0.586583;8.43034;-1.90835;-1.86901;
-22.9985;-0.470639;8.23479;-1.95553;-1.80698;
-23.0378;-0.392825;8.02096;-2.13827;-1.75248;
-23.0735;-0.357313;7.82547;-1.95492;-1.75158;
-23.114;-0.404785;7.6252;-2.00268;-1.77023;
-23.1467;-0.326918;7.44447;-1.80725;-1.74975;
-23.1865;-0.398038;7.25144;-1.93032;-1.77415;
-23.2257;-0.392308;7.05329;-1.98153;-1.76625;
-23.2619;-0.362158;6.84183;-2.11462;-1.74041;
-23.2811;-0.191318;6.65439;-1.8744;-1.67251;
-23.3121;-0.310006;6.44638;-2.08009;-1.71874;
-23.345;-0.329802;6.24348;-2.02897;-1.73193;
-23.3885;-0.434956;6.06845;-1.75027;-1.81437;
-23.4396;-0.510881;5.87581;-1.92648;-1.83002;
-23.4645;-0.2492;5.67315;-2.02661;-1.69315;
-23.495;-0.304927;5.47501;-1.98139;-1.72349;
-23.5192;-0.241993;5.28128;-1.93727;-1.69507;
-23.5699;-0.506783;5.08435;-1.96932;-1.82267;
-23.6203;-0.503624;4.87584;-2.08512;-1.80779;
-23.6478;-0.27524;4.69027;-1.85565;-1.71805;
-23.6943;-0.464663;4.48256;-2.07707;-1.79088;
-23.7363;-0.420777;4.293;-1.89563;-1.78923;
-23.7631;-0.267781;4.10699;-1.86009;-1.71378;
-23.8079;-0.447927;3.90637;-2.00623;-1.79046;
-23.8375;-0.296176;3.70692;-1.99453;-1.71821;
-23.8618;-0.242227;3.50885;-1.98066;-1.69249;
-23.919;-0.572257;3.3068;-2.02053;-1.84679;
-23.9708;-0.517826;3.10992;-1.96877;-1.82799;
-24.0204;-0.496563;2.92107;-1.88846;-1.82792;
-24.0722;-0.517873;2.72712;-1.93955;-1.83172;
-24.1347;-0.624483;2.52697;-2.00148;-1.87324;
-24.2009;-0.662275;2.33581;-1.91166;-1.9043;
-24.255;-0.54156;2.15373;-1.82073;-1.8599;
-24.3166;-0.615629;1.95838;-1.95355;-1.87608;
-24.3767;-0.601265;1.78828;-1.70098;-1.91057;
-24.4278;-0.511048;1.57554;-2.12744;-1.80655;
-24.4803;-0.524333;1.38706;-1.88473;-1.84214;
-24.54;-0.59704;1.19273;-1.94331;-1.86887;
-24.5946;-0.546413;0.990514;-2.02218;-1.8347;
-24.6558;-0.611519;0.78927;-2.01244;-1.8658;
-24.7068;-0.510662;0.616458;-1.72812;-1.85812;
-24.7578;-0.510015;0.420128;-1.96331;-1.82495;
-24.7997;-0.418297;0.246634;-1.73494;-1.80738;
-24.8566;-0.569021;0.046495;-2.00139;-1.8478;
-24.9042;-0.476204;-0.14601;-1.92505;-1.8133;
-24.9568;-0.525794;-0.336254;-1.90244;-1.84044;
-25.0145;-0.577394;-0.527373;-1.9112;-1.86419;
-25.069;-0.544495;-0.714253;-1.8688;-1.85431;
-25.0976;-0.286567;-0.904572;-1.90318;-1.72025;
-25.1104;-0.127727;-1.1142;-2.09632;-1.63165;
-25.1038;0.065823;-1.31226;-1.98056;-1.53757;
-25.0968;0.0697027;-1.51246;-2.00197;-1.53599;
-25.0898;0.0704363;-1.72132;-2.08861;-1.53709;
-25.0888;0.0103283;-1.90998;-1.88666;-1.56532;
-25.0722;0.165453;-2.12163;-2.1165;-1.49278;
-25.0579;0.143367;-2.31843;-1.96796;-1.49807;
-25.0849;-0.269812;-2.54188;-2.23453;-1.69096;
-25.1095;-0.245963;-2.74466;-2.02779;-1.6915;
-25.1261;-0.165982;-2.95042;-2.05755;-1.65129;
-25.1441;-0.180011;-3.18096;-2.30543;-1.64872;
-25.1536;-0.0953502;-3.37556;-1.94603;-1.61975;
-25.157;-0.03449;-3.59603;-2.20467;-1.58644;
-25.1429;0.141167;-3.79587;-1.99842;-1.50027;
-25.1371;0.058262;-4.01277;-2.16901;-1.54394;
-25.1299;0.0718807;-4.21546;-2.02684;-1.53535;
-25.1204;0.095011;-4.40631;-1.90856;-1.52106;
-25.1315;-0.110787;-4.61646;-2.10147;-1.62347;
-25.1356;-0.0410775;-4.83753;-2.21071;-1.58938;
-25.1415;-0.0590354;-5.04618;-2.08652;-1.59908;
-25.152;-0.105414;-5.22778;-1.816;-1.62878;
-25.1618;-0.0976;-5.43066;-2.02874;-1.61887;
-25.1681;-0.062675;-5.6515;-2.20845;-1.59917;
-25.1626;0.0551326;-5.83484;-1.83336;-1.54073;
-25.1637;-0.0116174;-6.03672;-2.01885;-1.57655;
-25.1675;-0.0380272;-6.23523;-1.98507;-1.58995;
-25.1716;-0.0406546;-6.44068;-2.05451;-1.59058;
-25.1756;-0.0402069;-6.64042;-1.99735;-1.59092;
-25.1799;-0.0431325;-6.84593;-2.05513;-1.59178;
-25.1863;-0.0642845;-7.04838;-2.02447;-1.60254;
-25.1948;-0.0847972;-7.24834;-1.99969;-1.61318;
-25.2293;-0.344475;-7.44777;-1.9943;-1.74184;
-25.24;-0.107289;-7.63593;-1.88156;-1.62776;
-25.2662;-0.262351;-7.83695;-2.01018;-1.70057;
-25.3018;-0.355383;-8.01479;-1.77842;-1.76803;
-25.3239;-0.221581;-8.20291;-1.88117;-1.68805;
-25.3459;-0.219579;-8.40178;-1.98872;-1.68076;
-25.3675;-0.216216;-8.60047;-1.98688;-1.67919;
-25.3918;-0.242795;-8.79951;-1.99043;-1.69218;
-25.4146;-0.227765;-8.99949;-1.99976;-1.6842;
-25.4407;-0.260846;-9.20001;-2.00519;-1.70016;
-25.4619;-0.212158;-9.39892;-1.98918;-1.67705;
-25.4777;-0.158461;-9.59249;-1.9357;-1.65248;
-25.5052;-0.274648;-9.79048;-1.97989;-1.70864;
-25.5287;-0.235319;-9.98942;-1.98941;-1.68854;
-25.5527;-0.239916;-10.1835;-1.94118;-1.69377;
-25.5812;-0.285477;-10.388;-2.04508;-1.70949;
-25.604;-0.227901;-10.5479;-1.59831;-1.71243;
-25.6226;-0.185866;-10.7852;-2.37287;-1.64897;
-25.6638;-0.41134;-10.9857;-2.00574;-1.77307;
-25.7107;-0.469543;-11.1802;-1.94458;-1.80772;
-25.7621;-0.514132;-11.3742;-1.93965;-1.8299;
-25.8022;-0.401151;-11.5883;-2.14136;-1.75598;
-25.8341;-0.318746;-11.794;-2.05703;-1.72453;
-25.8604;-0.262733;-11.9947;-2.00732;-1.70094;
-25.893;-0.326448;-12.216;-2.21231;-1.7173;
-25.9252;-0.32153;-12.4161;-2.00123;-1.7301;
-25.9432;-0.180398;-12.5961;-1.79961;-1.67071;
-25.9445;-0.01302;-12.8121;-2.16028;-1.57682;
-25.9461;-0.0152341;-13.0163;-2.04247;-1.57825;
-25.958;-0.119839;-13.2275;-2.11224;-1.62747;
-25.9686;-0.105227;-13.421;-1.93483;-1.62513;
-25.9607;0.0782795;-13.6296;-2.08546;-1.53328;
-25.9638;-0.0305465;-13.8389;-2.09288;-1.58539;
-25.99;-0.262149;-14.0646;-2.25777;-1.68639;
-26.0196;-0.296037;-14.2613;-1.96609;-1.72025;
-26.0494;-0.297616;-14.4587;-1.97483;-1.72037;
-26.1004;-0.510793;-14.6632;-2.04454;-1.81562;
-26.1445;-0.440273;-14.8536;-1.90363;-1.79808;
-26.1871;-0.426669;-15.039;-1.85428;-1.79696;
-26.2446;-0.574831;-15.2256;-1.86646;-1.86956;
-26.3271;-0.825141;-15.4221;-1.96507;-1.96834;
-26.3959;-0.687754;-15.5962;-1.74024;-1.94716;
-26.4812;-0.853185;-15.79;-1.93884;-1.98535;
-26.5631;-0.818993;-15.9683;-1.78224;-2.00155;
-26.6129;-0.497828;-16.1554;-1.87164;-1.83076;
-26.6792;-0.662506;-16.3516;-1.96157;-1.89651;
-26.7337;-0.54552;-16.5286;-1.77003;-1.86976;
-26.7921;-0.584068;-16.7205;-1.91956;-1.86617;
-26.8479;-0.558136;-16.9453;-2.24805;-1.81415;
-26.8962;-0.483084;-17.1393;-1.9399;-1.81486;
-26.938;-0.417826;-17.3401;-2.00765;-1.77598;
-26.9774;-0.393556;-17.5375;-1.97351;-1.76763;
-27.0165;-0.390679;-17.7336;-1.96171;-1.76738;
-27.0434;-0.26961;-17.9355;-2.01915;-1.70354;
-27.0704;-0.269784;-18.132;-1.96448;-1.70727;
-27.0992;-0.287824;-18.3334;-2.01455;-1.71271;
-27.1452;-0.460276;-18.5348;-2.0138;-1.7955;
-27.185;-0.398228;-18.7477;-2.12894;-1.75571;
-27.2278;-0.427314;-18.9456;-1.97883;-1.78347;
-27.2705;-0.427155;-19.1417;-1.96113;-1.78526;
-27.3216;-0.511607;-19.3398;-1.98081;-1.82355;
-27.3443;-0.226293;-19.567;-2.27162;-1.67009;
-27.3636;-0.192922;-19.7784;-2.11404;-1.6618;
-27.417;-0.534076;-19.9822;-2.03869;-1.82701;
-27.4705;-0.535052;-20.1762;-1.94013;-1.83989;
-27.5354;-0.64963;-20.3422;-1.66004;-1.94381;
-27.6065;-0.710394;-20.5303;-1.88008;-1.93207;
-27.6646;-0.581465;-20.7281;-1.97833;-1.85666;
-27.7216;-0.569926;-20.92;-1.91872;-1.85953;
-27.7838;-0.621581;-21.1145;-1.94501;-1.88012;
-27.8442;-0.604584;-21.3074;-1.92923;-1.87448;
-27.9187;-0.745032;-21.4887;-1.81344;-1.96061;
-27.9937;-0.749464;-21.6899;-2.01185;-1.9274;
-28.0552;-0.615169;-21.8851;-1.95169;-1.87614;
-28.1206;-0.654019;-22.0817;-1.96614;-1.89192;
-28.1902;-0.696024;-22.2861;-2.04437;-1.89895;
-28.2562;-0.659726;-22.4654;-1.793;-1.92337;
-28.3223;-0.661285;-22.6514;-1.85992;-1.9124;
-28.3927;-0.703857;-22.8504;-1.98991;-1.91077;
-28.445;-0.523701;-23.0164;-1.66013;-1.87637;
-28.5241;-0.790237;-23.2048;-1.88327;-1.96809;
-28.598;-0.739572;-23.4;-1.95193;-1.93298;
-28.671;-0.729753;-23.5896;-1.8961;-1.93819;
-28.737;-0.659819;-23.78;-1.90404;-1.90438;
-28.8047;-0.677067;-23.9699;-1.89908;-1.91327;
-28.8621;-0.573966;-24.1356;-1.65696;-1.90426;
-28.9236;-0.615571;-24.322;-1.864;-1.88976;
-28.9751;-0.514095;-24.5149;-1.92926;-1.83122;
-29.0116;-0.365367;-24.7211;-2.06178;-1.74619;
-29.0537;-0.421529;-24.9143;-1.93259;-1.78555;
-29.0937;-0.399061;-25.1136;-1.99237;-1.76848;
-29.1367;-0.430505;-25.3074;-1.93865;-1.78931;
-29.1757;-0.389881;-25.5124;-2.04956;-1.75878;
-29.2136;-0.378854;-25.6985;-1.86082;-1.77165;
-29.2471;-0.335283;-25.8839;-1.85445;-1.74966;
-29.277;-0.299022;-26.0732;-1.8925;-1.7275;
-29.2822;-0.0520943;-26.2915;-2.1832;-1.59465;
-29.2866;-0.0442646;-26.5174;-2.25923;-1.59039;
-29.2713;0.152975;-26.7255;-2.08094;-1.49742;
-29.267;0.0430317;-26.9223;-1.96804;-1.54893;
-29.2803;-0.132416;-27.1359;-2.13582;-1.63271;
-29.2826;-0.0232404;-27.3283;-1.92421;-1.58287;
-29.2827;-0.00115007;-27.506;-1.77733;-1.57144;
-29.2745;0.0819007;-27.7068;-2.00768;-1.53003;
-29.2552;0.192868;-27.8988;-1.91999;-1.47068;
-29.2275;0.277371;-28.0945;-1.95699;-1.43;
-29.2016;0.259505;-28.2826;-1.88073;-1.43368;
-29.1785;0.230325;-28.4715;-1.88932;-1.44949;
-29.1783;0.00265353;-28.6842;-2.12697;-1.56955;
-29.1804;-0.0212837;-28.8761;-1.91855;-1.58189;
-29.1915;-0.111113;-29.0707;-1.94665;-1.62781;
-29.2065;-0.149626;-29.2479;-1.77153;-1.65506;
-29.2224;-0.159323;-29.4583;-2.10445;-1.64636;
-29.2285;-0.0613293;-29.657;-1.9868;-1.60165;
-29.2324;-0.0387388;-29.8506;-1.93634;-1.5908;

-29.2272;0.0518651;29.947;-2.02353;-1.54517;
-29.218;0.0921036;29.7498;-1.97233;-1.52413;
-29.2108;0.0721231;29.5625;-1.87307;-1.53231;
-29.2037;0.0709564;29.3557;-2.06804;-1.5365;
-29.2131;-0.0941476;29.142;-2.13625;-1.61484;
-29.2231;-0.0996303;28.9293;-2.12698;-1.6176;
-29.2442;-0.210848;28.7341;-1.95262;-1.67836;
-29.2552;-0.109956;28.5337;-2.00335;-1.62563;
-29.2672;-0.119955;28.3299;-2.03818;-1.62958;
-29.2804;-0.132765;28.1297;-2.00247;-1.637;
-29.2921;-0.116419;27.964;-1.65705;-1.64094;
-29.3109;-0.188634;27.7644;-1.99587;-1.66503;
-29.3205;-0.0955576;27.5696;-1.94763;-1.61982;
-29.3441;-0.235676;27.3873;-1.82334;-1.69934;
-29.3701;-0.260445;27.1919;-1.95372;-1.70332;
-29.4067;-0.365614;26.9901;-2.01824;-1.75001;
-29.4211;-0.144347;26.7971;-1.92964;-1.64546;
-29.4363;-0.152134;26.606;-1.91102;-1.65024;
-29.4522;-0.158916;26.4059;-2.00132;-1.65004;
-29.4524;-0.00238902;26.2233;-1.8262;-1.5721;
-29.4482;0.0428673;26.0386;-1.84652;-1.54759;
-29.4456;0.0254532;25.8164;-2.2224;-1.55934;
-29.4473;-0.0168114;25.6091;-2.07308;-1.57891;
-29.4415;0.0579409;25.4098;-1.99308;-1.54173;
-29.4664;-0.248982;25.2114;-1.98321;-1.69569;
-29.4929;-0.264866;25.022;-1.89401;-1.70974;
-29.498;-0.0516178;24.8179;-2.0414;-1.59608;
-29.5221;-0.240232;24.6257;-1.92171;-1.69516;
-29.5246;-0.0252763;24.4241;-2.01622;-1.58333;
-29.5273;-0.0270309;24.2272;-1.96938;-1.58452;
-29.5239;0.0338173;24.0361;-1.91121;-1.5531;
-29.5198;0.0407935;23.8348;-2.01227;-1.55053;
-29.5141;0.0573897;23.6339;-2.00879;-1.54223;
-29.508;0.060513;23.436;-1.97977;-1.54024;
-29.4971;0.109376;23.2349;-2.01063;-1.51645;
-29.494;0.031428;23.0269;-2.08034;-1.55569;
-29.4838;0.101354;22.8141;-2.12755;-1.52319;
-29.4749;0.0892975;22.6144;-1.99717;-1.52611;
-29.4683;0.0664777;22.4197;-1.94747;-1.53667;
-29.4628;0.0542284;22.208;-2.11652;-1.54518;
-29.4451;0.177481;22.0173;-1.90747;-1.47802;
-29.4241;0.209499;21.8111;-2.06201;-1.46954;
-29.4151;0.0907331;21.6018;-2.09297;-1.52747;
-29.4042;0.108375;21.404;-1.97713;-1.51604;
-29.3939;0.103633;21.213;-1.91016;-1.5166;
-29.4024;-0.085698;21.0211;-1.91965;-1.61541;
-29.4197;-0.172993;20.8215;-1.99599;-1.65725;
-29.4382;-0.184766;20.6225;-1.98942;-1.6634;
-29.4572;-0.190156;20.4273;-1.95264;-1.66787;
-29.4792;-0.22016;20.2226;-2.04634;-1.67797;
-29.5025;-0.232253;20.028;-1.94576;-1.6896;
-29.5267;-0.242875;19.8367;-1.9138;-1.69703;
-29.5774;-0.506113;19.5997;-2.36992;-1.78119;
-29.6252;-0.478672;19.4066;-1.93061;-1.81383;
-29.6903;-0.650326;19.2089;-1.97761;-1.8885;
-29.7545;-0.642575;19.0195;-1.89331;-1.89799;
-29.8374;-0.828702;18.8433;-1.76267;-2.01027;
-29.9325;-0.951123;18.6693;-1.73988;-2.07107;

29.9706;-0.96895;18.4938;-1.75463;-2.07535;
29.87;-1.00652;18.3161;-1.77654;-2.08626;
29.7828;-0.871508;18.158;-1.58131;-2.07451;
29.6691;-1.13741;17.9535;-2.04507;-2.07837;
29.5777;-0.913873;17.7797;-1.73824;-2.05483;
29.4839;-0.937301;17.6049;-1.74814;-2.06296;
29.4035;-0.804542;17.4317;-1.7316;-2.00574;
29.3179;-0.855916;17.2656;-1.66088;-2.04664;
29.2209;-0.970249;17.088;-1.77586;-2.07084;
29.1217;-0.99131;16.9446;-1.43464;-2.17544;
29.0108;-1.10926;16.7814;-1.63174;-2.16783;
28.8948;-1.16018;16.6224;-1.59026;-2.20108;
28.7814;-1.13368;16.4601;-1.62234;-2.18071;
28.6664;-1.15032;16.3084;-1.51733;-2.21947;
28.5499;-1.16484;16.1526;-1.55767;-2.21289;
28.4288;-1.21146;15.9873;-1.6531;-2.20323;
28.3085;-1.2031;15.839;-1.4836;-2.25217;
28.1966;-1.11846;15.6734;-1.65546;-2.16497;
28.0833;-1.13357;15.5086;-1.64835;-2.17322;
27.9729;-1.10338;15.3396;-1.69023;-2.14914;
27.8566;-1.1629;15.1736;-1.6596;-2.182;
27.7469;-1.09737;15.0074;-1.66165;-2.15445;
27.6289;-1.18015;14.8489;-1.58518;-2.21076;
27.5327;-0.961628;14.6764;-1.72527;-2.07929;
27.426;-1.06671;14.4853;-1.91083;-2.07995;
27.3207;-1.05332;14.3127;-1.72645;-2.11861;
27.2159;-1.04805;14.1389;-1.73806;-2.11342;
27.0939;-1.22029;13.9755;-1.63376;-2.21233;
26.9648;-1.29096;13.8135;-1.62006;-2.24362;
26.8457;-1.19087;13.6525;-1.60939;-2.20783;
26.7181;-1.2759;13.5065;-1.46012;-2.28896;
26.5851;-1.32977;13.3711;-1.35454;-2.34697;
26.4217;-1.63384;13.2563;-1.14746;-2.52932;
26.2516;-1.70182;13.1391;-1.17209;-2.53847;
26.1153;-1.36291;13.0222;-1.16874;-2.43274;
25.963;-1.5231;12.8932;-1.29079;-2.43856;
25.8079;-1.55095;12.7629;-1.30258;-2.44302;
25.6592;-1.48666;12.6415;-1.21431;-2.45669;
25.5062;-1.5299;12.5141;-1.27391;-2.44724;
25.3566;-1.49598;12.3772;-1.36915;-2.40043;
25.1797;-1.7688;12.223;-1.54122;-2.42484;
25.0388;-1.40968;12.0835;-1.39591;-2.3611;
24.8971;-1.41629;11.9427;-1.40737;-2.35936;
24.7381;-1.59054;11.8128;-1.29933;-2.45662;
24.5833;-1.54825;11.6861;-1.26675;-2.45586;
24.4321;-1.51132;11.5524;-1.33713;-2.41727;
24.278;-1.54117;11.4037;-1.48744;-2.37393;
24.1272;-1.50769;11.2649;-1.38791;-2.39754;
23.9767;-1.50541;11.1311;-1.33744;-2.41521;
23.8084;-1.68277;10.9854;-1.45757;-2.42779;
23.6567;-1.51718;10.8521;-1.33216;-2.42104;
23.4999;-1.56836;10.7234;-1.28772;-2.45414;
23.3457;-1.54157;10.5963;-1.27078;-2.45218;
23.1989;-1.46806;10.4657;-1.3062;-2.41447;
23.0549;-1.43997;10.3296;-1.36126;-2.38429;
22.8997;-1.55187;10.1834;-1.46199;-2.38601;
22.7493;-1.50449;10.0607;-1.22647;-2.45765;
22.5975;-1.5178;9.88672;-1.73982;-2.28815;
22.4595;-1.38012;9.72993;-1.56791;-2.29258;
22.331;-1.28477;9.61022;-1.19717;-2.39148;
22.1836;-1.47391;9.46927;-1.40951;-2.37852;
22.0552;-1.28427;9.33338;-1.35888;-2.32798;
21.9351;-1.2009;9.1943;-1.39075;-2.28307;
21.8362;-0.989159;9.03206;-1.62238;-2.11832;
21.7112;-1.25;8.85496;-1.77109;-2.18539;
21.5862;-1.25027;8.7004;-1.54556;-2.25097;
21.4846;-1.01564;8.55171;-1.48693;-2.17005;
21.3805;-1.04124;8.37435;-1.77354;-2.10168;
21.2764;-1.04043;8.20237;-1.71986;-2.11485;
21.1658;-1.10626;8.03172;-1.70652;-2.14594;
21.0446;-1.21146;7.84945;-1.82269;-2.15741;
20.9339;-1.10742;7.6791;-1.70347;-2.14724;
20.8268;-1.07143;7.49501;-1.8409;-2.09789;
20.7317;-0.950306;7.31426;-1.80748;-2.05484;
20.6386;-0.930951;7.12198;-1.92281;-2.02169;
20.5375;-1.01188;6.95648;-1.65504;-2.11955;
20.4224;-1.15011;6.7921;-1.64381;-2.1813;
20.3187;-1.03702;6.63719;-1.54905;-2.16072;
20.2009;-1.17834;6.47178;-1.65406;-2.18979;
20.0729;-1.28047;6.29497;-1.76815;-2.19757;
19.9676;-1.05303;6.11111;-1.8386;-2.09093;
19.8459;-1.21647;5.93125;-1.79856;-2.16548;
19.7387;-1.07209;5.7744;-1.56856;-2.17035;
19.6225;-1.16201;5.61477;-1.59623;-2.20005;
19.5096;-1.1285;5.43621;-1.78562;-2.13441;
19.4022;-1.07401;5.26622;-1.69989;-2.13428;
19.2884;-1.13878;5.09698;-1.6924;-2.16309;
19.1434;-1.44958;4.92038;-1.76604;-2.2581;
19.0107;-1.32683;4.78359;-1.36789;-2.34096;
18.8531;-1.57674;4.6405;-1.43092;-2.40464;
18.7004;-1.52667;4.50771;-1.32783;-2.42574;
18.5629;-1.37455;4.36114;-1.46571;-2.32411;
18.4261;-1.368;4.21528;-1.45869;-2.32412;
18.2907;-1.35439;4.07828;-1.36996;-2.35048;
18.1431;-1.47579;3.94807;-1.30206;-2.41866;
17.9939;-1.49187;3.81595;-1.32126;-2.41677;
17.8443;-1.49634;3.67767;-1.38274;-2.39563;
17.7126;-1.31701;3.56019;-1.17486;-2.41318;
17.5631;-1.49486;3.42491;-1.35277;-2.40605;
17.3986;-1.64523;3.29497;-1.29938;-2.47311;
17.2381;-1.60478;3.17174;-1.23239;-2.4867;
17.0793;-1.58819;3.0499;-1.21839;-2.4872;
16.9135;-1.65788;2.92326;-1.26635;-2.4893;
16.7633;-1.50172;2.79581;-1.27453;-2.43784;
16.6081;-1.552;2.67251;-1.23294;-2.47027;
16.4542;-1.5396;2.54852;-1.2399;-2.4636;
16.2874;-1.66788;2.42168;-1.26848;-2.49139;
16.125;-1.62332;2.30376;-1.17921;-2.51336;
15.9771;-1.47932;2.19888;-1.04878;-2.52488;
15.8183;-1.58796;2.09131;-1.07568;-2.5462;
15.65;-1.68313;1.98136;-1.09953;-2.56293;
15.485;-1.6498;1.87238;-1.08977;-2.55784;
15.315;-1.69997;1.76877;-1.03611;-2.59423;
15.1362;-1.78802;1.67109;-0.976772;-2.64161;
14.9608;-1.75439;1.57517;-0.959216;-2.64125;
14.8122;-1.48623;1.47032;-1.04849;-2.52721;
14.6515;-1.60704;1.35743;-1.12895;-2.52919;
14.4873;-1.64198;1.24113;-1.16298;-2.52533;
14.322;-1.65297;1.13217;-1.0896;-2.5588;
14.1607;-1.61282;1.03431;-0.978626;-2.5962;
13.991;-1.69703;0.920796;-1.13511;-2.55206;
13.8433;-1.47696;0.809795;-1.11001;-2.4971;
13.6835;-1.59802;0.68968;-1.20115;-2.49704;
13.5241;-1.59415;0.569774;-1.19906;-2.49671;
13.3686;-1.55468;0.432602;-1.37171;-2.41864;
13.219;-1.4956;0.300818;-1.31784;-2.41929;
13.0658;-1.53229;0.1549;-1.45919;-2.38063;
12.9218;-1.44056;0.015422;-1.39478;-2.37234;
12.7789;-1.42867;-0.138975;-1.54397;-2.31743;
12.6589;-1.19982;-0.286492;-1.47517;-2.25362;
12.5354;-1.23477;-0.439142;-1.5265;-2.25094;
12.4119;-1.23529;-0.591033;-1.51891;-2.25358;
12.2895;-1.22408;-0.747361;-1.56327;-2.2351;
12.1567;-1.32775;-0.900561;-1.532;-2.28489;
12.0194;-1.37335;-1.03734;-1.36777;-2.35823;
11.8803;-1.39078;-1.16981;-1.32475;-2.38051;
11.7408;-1.39548;-1.30851;-1.38698;-2.35925;
11.5989;-1.41852;-1.44943;-1.4092;-2.35949;
11.4543;-1.4457;-1.59818;-1.48747;-2.34195;
11.3102;-1.4415;-1.74221;-1.44029;-2.35662;
11.1783;-1.31846;-1.85665;-1.14443;-2.42674;
11.0367;-1.41676;-1.9934;-1.36752;-2.37388;
10.9141;-1.22538;-2.15249;-1.5909;-2.22713;
10.784;-1.30143;-2.30641;-1.53918;-2.27269;
10.6556;-1.284;-2.46452;-1.58108;-2.25288;
10.5324;-1.23141;-2.62234;-1.57826;-2.23337;
10.4171;-1.15371;-2.79205;-1.69709;-2.16785;
10.2952;-1.21829;-2.96107;-1.69019;-2.19535;
10.1681;-1.2713;-3.13209;-1.71015;-2.21005;
10.0453;-1.22827;-3.29889;-1.66801;-2.20552;
9.93212;-1.13162;-3.46102;-1.62136;-2.18014;
9.80934;-1.2278;-3.62459;-1.63566;-2.21471;
9.68709;-1.22249;-3.77358;-1.48991;-2.25792;
9.56166;-1.25432;-3.93442;-1.60839;-2.23314;
9.4376;-1.2406;-4.09208;-1.57662;-2.23748;
9.31493;-1.22663;-4.24919;-1.57113;-2.23368;
9.1874;-1.27538;-4.40647;-1.57274;-2.25216;
9.06192;-1.25477;-4.56414;-1.57671;-2.24298;
8.9334;-1.28524;-4.71095;-1.46808;-2.28988;
8.79945;-1.33944;-4.84887;-1.37919;-2.34158;
8.66182;-1.37633;-4.99826;-1.4939;-2.31526;
8.53837;-1.23446;-5.14323;-1.44971;-2.27617;
8.40857;-1.29805;-5.29579;-1.52565;-2.27576;
8.27357;-1.34996;-5.44909;-1.53296;-2.2928;
8.14406;-1.29515;-5.59265;-1.43562;-2.3048;
7.99614;-1.47913;-5.73467;-1.42022;-2.37651;
7.84878;-1.47367;-5.88129;-1.46614;-2.35876;
7.69826;-1.50518;-6.01048;-1.29193;-2.43229;
7.51645;-1.81809;-6.13441;-1.23932;-2.54328;
7.34947;-1.66984;-6.2409;-1.06489;-2.5739;
7.15521;-1.94254;-6.33956;-0.986636;-2.67164;
6.97088;-1.84334;-6.42929;-0.897214;-2.68861;
6.79508;-1.75802;-6.4943;-0.650099;-2.7874;
6.60979;-1.85287;-6.55927;-0.649752;-2.80432;
6.41864;-1.91146;-6.63043;-0.711626;-2.7852;
6.23102;-1.87621;-6.70032;-0.698869;-2.78502;
6.03059;-2.00435;-6.78267;-0.823472;-2.75177;
5.84413;-1.86461;-6.8677;-0.850361;-2.71372;
5.67769;-1.66435;-6.95564;-0.879387;-2.65551;
5.49974;-1.77954;-7.05094;-0.952967;-2.64994;
5.33181;-1.67932;-7.16704;-1.16105;-2.53667;
5.17903;-1.52777;-7.306;-1.38958;-2.40353;
5.03388;-1.45147;-7.44137;-1.35367;-2.39105;
4.89645;-1.37429;-7.60545;-1.64085;-2.26802;
4.78838;-1.08074;-7.74219;-1.36739;-2.23964;
4.67082;-1.17561;-7.8864;-1.44212;-2.25473;
4.54419;-1.26627;-8.04956;-1.63157;-2.2308;
4.42139;-1.22802;-8.20762;-1.58059;-2.23132;
4.30123;-1.20161;-8.36161;-1.53991;-2.23341;
4.17669;-1.24542;-8.52022;-1.58606;-2.23647;
4.07614;-1.00541;-8.67976;-1.59545;-2.13311;
3.96869;-1.07454;-8.84187;-1.62109;-2.15615;
3.85951;-1.09179;-9.01149;-1.69623;-2.1427;
3.76294;-0.965685;-9.18078;-1.69281;-2.08921;
3.68912;-0.738196;-9.3639;-1.83124;-1.95398;
3.62134;-0.677892;-9.55936;-1.9546;-1.90463;
3.5594;-0.619339;-9.74579;-1.86426;-1.89154;
3.50137;-0.580355;-9.95421;-2.0842;-1.84237;
3.44796;-0.534053;-10.1446;-1.90423;-1.84423;
3.39538;-0.525779;-10.3366;-1.91928;-1.83818;
3.35233;-0.430513;-10.5426;-2.06018;-1.7768;
3.32115;-0.311816;-10.7333;-1.90699;-1.73287;
3.2874;-0.337524;-10.9268;-1.93561;-1.74344;
3.25887;-0.28531;-11.124;-1.97116;-1.71454;
3.20504;-0.538311;-11.3198;-1.95834;-1.83905;
3.15676;-0.482782;-11.5064;-1.86622;-1.82394;
3.10639;-0.503672;-11.6999;-1.93519;-1.82542;
3.0496;-0.567873;-11.8904;-1.90458;-1.86057;
2.96625;-0.833543;-12.0763;-1.85929;-1.99225;
2.90708;-0.591719;-12.2441;-1.67754;-1.9099;
2.84472;-0.62353;-12.4525;-2.08461;-1.86144;
2.7859;-0.588222;-12.6431;-1.90562;-1.87019;
2.71358;-0.723223;-12.8384;-1.95307;-1.92544;
2.66231;-0.51268;-13.023;-1.84601;-1.84169;
2.61147;-0.508445;-13.2139;-1.90897;-1.8311;
2.57301;-0.384552;-13.4015;-1.87585;-1.773;
2.53162;-0.413901;-13.6009;-1.99395;-1.77547;
2.47209;-0.595268;-13.8037;-2.02802;-1.8563;
2.40609;-0.660076;-13.9979;-1.94245;-1.89837;
2.34352;-0.625703;-14.1998;-2.01903;-1.87131;
2.29597;-0.475494;-14.4072;-2.07417;-1.79615;
2.24971;-0.462584;-14.6045;-1.97254;-1.80115;
2.20387;-0.458347;-14.7991;-1.94615;-1.8021;
2.15905;-0.448259;-14.9952;-1.96075;-1.79555;
2.12853;-0.30515;-15.2059;-2.10712;-1.71462;
2.09765;-0.308829;-15.3948;-1.88944;-1.73281;
2.06445;-0.331974;-15.5949;-2.00013;-1.73527;
2.02439;-0.40067;-15.8111;-2.16209;-1.75403;
1.98684;-0.375465;-16.0082;-1.97172;-1.75897;
1.94955;-0.372879;-16.1597;-1.51489;-1.81214;
1.8968;-0.527539;-16.3529;-1.93187;-1.83737;
1.84197;-0.548287;-16.5461;-1.93236;-1.84727;
1.79241;-0.495612;-16.7478;-2.01629;-1.81182;
1.74149;-0.509149;-16.9419;-1.94108;-1.82732;
1.68961;-0.518811;-17.1327;-1.9078;-1.83632;
1.64426;-0.453506;-17.3431;-2.10433;-1.78306;
1.59992;-0.443421;-17.538;-1.94944;-1.79445;
1.55391;-0.460054;-17.74;-2.01971;-1.79476;
1.50638;-0.475344;-17.9322;-1.92152;-1.81331;
1.46108;-0.452943;-18.1225;-1.90297;-1.80447;
1.41806;-0.430204;-18.3228;-2.00349;-1.78231;
1.37476;-0.433053;-18.5209;-1.9808;-1.78603;
1.3223;-0.524584;-18.711;-1.90153;-1.83998;
1.26907;-0.532286;-18.9039;-1.92891;-1.84005;
1.20324;-0.658369;-19.0957;-1.91804;-1.90145;
1.13901;-0.642295;-19.2963;-2.00516;-1.88079;
1.07263;-0.663755;-19.4925;-1.96266;-1.89691;
1.0142;-0.584291;-19.6774;-1.84865;-1.87693;
0.975632;-0.385694;-19.864;-1.86574;-1.77465;
0.93352;-0.42112;-20.0693;-2.05381;-1.77304;
0.888024;-0.454958;-20.2494;-1.80048;-1.8183;
0.856817;-0.312066;-20.4423;-1.92909;-1.73118;
0.827478;-0.293389;-20.6371;-1.94771;-1.72031;
0.792168;-0.353105;-20.8375;-2.00469;-1.74515;
0.745748;-0.464196;-21.0284;-1.90868;-1.80937;
0.697528;-0.4822;-21.2281;-1.99729;-1.80769;
0.654903;-0.426252;-21.4222;-1.94049;-1.78702;
0.615462;-0.394413;-21.6183;-1.96114;-1.76926;
0.576067;-0.393949;-21.8144;-1.96054;-1.76909;
0.53434;-0.417267;-22.0076;-1.93283;-1.78342;
0.486225;-0.481148;-22.2079;-2.00276;-1.80657;
0.413434;-0.727917;-22.3829;-1.74973;-1.96503;
0.351988;-0.614461;-22.5658;-1.82949;-1.89482;
0.285276;-0.667119;-22.7423;-1.76497;-1.93218;
0.220324;-0.649518;-22.9363;-1.94017;-1.89384;
0.143414;-0.769101;-23.1308;-1.9446;-1.94742;
0.0681261;-0.752876;-23.3118;-1.81013;-1.96495;
-0.0131985;-0.813246;-23.4972;-1.85342;-1.98428;
-0.114539;-1.0134;-23.6852;-1.88072;-2.06503;
-0.206187;-0.916481;-23.8637;-1.78517;-2.0451;
-0.301634;-0.954466;-24.059;-1.95298;-2.02538;
-0.395502;-0.938689;-24.2362;-1.77181;-2.05799;
-0.495172;-0.996695;-24.4146;-1.78352;-2.0804;
-0.594629;-0.994571;-24.5926;-1.78037;-2.08024;
-0.67599;-0.813614;-24.7635;-1.70893;-2.01514;
-0.800455;-1.24465;-24.9535;-1.90027;-2.15067;
-0.905539;-1.05083;-25.1327;-1.79199;-2.10116;
-0.999328;-0.937893;-25.3448;-2.1206;-1.98721;
-1.09513;-0.957994;-25.5105;-1.65668;-2.09508;
-1.20615;-1.11024;-25.6584;-1.47953;-2.21456;
-1.3464;-1.40247;-25.8222;-1.6374;-2.27906;
-1.45914;-1.12737;-25.9618;-1.39624;-2.25005;
-1.59083;-1.3169;-26.1031;-1.4134;-2.32087;
-1.74917;-1.58347;-26.2442;-1.41093;-2.41375;
-1.88892;-1.39747;-26.3662;-1.21952;-2.42409;
-2.04182;-1.52901;-26.5042;-1.38014;-2.40732;
-2.17706;-1.3524;-26.6432;-1.39046;-2.34232;
-2.31391;-1.36845;-26.7837;-1.40513;-2.34297;
-2.47481;-1.609;-26.9297;-1.46012;-2.40467;
-2.62153;-1.46723;-27.0659;-1.36111;-2.3937;
-2.76849;-1.46965;-27.2049;-1.39066;-2.3838;
-2.91815;-1.49657;-27.3497;-1.4475;-2.37286;
-3.04892;-1.30768;-27.4608;-1.11092;-2.43737;
-3.2015;-1.5258;-27.5899;-1.29082;-2.43943;
-3.32802;-1.26521;-27.7246;-1.34748;-2.32472;
-3.4776;-1.49576;-27.8746;-1.50042;-2.35464;
-3.62436;-1.46768;-28.0043;-1.2966;-2.41801;
-3.77329;-1.48928;-28.1367;-1.32376;-2.41497;
-3.91736;-1.44068;-28.2489;-1.122;-2.47991;
-4.0759;-1.58541;-28.3699;-1.21055;-2.48947;
-4.23622;-1.60318;-28.4914;-1.2146;-2.49323;
-4.39646;-1.6024;-28.6165;-1.25115;-2.47867;
-4.56912;-1.72664;-28.7609;-1.44386;-2.44515;
-4.71794;-1.48813;-28.8821;-1.21235;-2.45796;
-4.86678;-1.48846;-29.0107;-1.28549;-2.42923;
-5.02311;-1.56325;-29.1269;-1.16222;-2.50229;
-5.17903;-1.55925;-29.2536;-1.26734;-2.4591;
-5.35333;-1.74294;-29.3772;-1.23564;-2.52489;
-5.51415;-1.6082;-29.4649;-0.876872;-2.6424;
-5.69001;-1.75865;-29.5599;-0.95022;-2.64622;
-5.87002;-1.80011;-29.641;-0.81097;-2.71831;
-6.04752;-1.77496;-29.723;-0.819539;-2.70903;
-6.21903;-1.71509;-29.8277;-1.04716;-2.59345;
-6.38523;-1.66205;-29.9045;-0.76867;-2.70841;

-6.55999;-1.74761;29.9946;-1.00848;-2.61821;
-6.73925;-1.79259;29.8968;-0.97785;-2.64221;
-6.902;-1.62744;29.7894;-1.07417;-2.5582;
-7.06725;-1.65257;29.6778;-1.11579;-2.54771;
-7.23352;-1.66264;29.5647;-1.13149;-2.54405;
-7.38013;-1.46613;29.464;-1.00659;-2.53994;
-7.54566;-1.65533;29.3525;-1.11476;-2.54892;
-7.72043;-1.74767;29.257;-0.955546;-2.64124;
-7.89517;-1.74739;29.1615;-0.955235;-2.64131;
-8.06277;-1.67597;29.0485;-1.13014;-2.54831;
-8.22769;-1.64929;28.9399;-1.0858;-2.55938;
-8.40851;-1.80812;28.8268;-1.13098;-2.58263;
-8.57062;-1.62117;28.7026;-1.24161;-2.48801;
-8.72947;-1.58841;28.581;-1.21613;-2.48817;
-8.91703;-1.87564;28.4444;-1.36644;-2.51198;
-9.06639;-1.49359;28.32;-1.24334;-2.44737;
-9.21983;-1.53446;28.2051;-1.14962;-2.4986;
-9.37136;-1.51526;28.0988;-1.06258;-2.53003;
-9.5352;-1.63838;27.9754;-1.23445;-2.49588;
-9.70164;-1.66437;27.8697;-1.05688;-2.57583;
-9.86677;-1.6513;27.7689;-1.00793;-2.59357;
-10.0487;-1.81894;27.6571;-1.11794;-2.5905;
-10.2215;-1.7289;27.5603;-0.968099;-2.63114;
-10.3962;-1.74682;27.4631;-0.971614;-2.63399;
-10.5692;-1.72934;27.3731;-0.899954;-2.66176;
-10.7532;-1.84037;27.2758;-0.973431;-2.65507;
-10.9244;-1.71161;27.1801;-0.957167;-2.6317;
-11.1031;-1.78756;27.0897;-0.903201;-2.67374;
-11.2892;-1.86045;27.0018;-0.879711;-2.6999;
-11.4697;-1.805;26.9185;-0.832469;-2.70946;
-11.636;-1.66351;26.8583;-0.602555;-2.79407;
-11.8114;-1.75385;26.7919;-0.663291;-2.78003;
-12.0004;-1.89024;26.7284;-0.634905;-2.81755;
-12.1836;-1.83147;26.6768;-0.51657;-2.86668;
-12.376;-1.9239;26.6224;-0.543408;-2.86631;
-12.5759;-1.99968;26.5576;-0.648725;-2.82789;
-12.7643;-1.8832;26.4976;-0.599787;-2.83326;
-12.9523;-1.88094;26.4542;-0.43438;-2.91463;
-13.146;-1.93681;26.4099;-0.442749;-2.91686;
-13.3284;-1.82421;26.3577;-0.521685;-2.86305;
-13.5119;-1.83408;26.2941;-0.63642;-2.8076;
-13.6994;-1.8757;26.2315;-0.625374;-2.81977;
-13.8893;-1.89863;26.1664;-0.651333;-2.81112;
-14.0659;-1.76623;26.0845;-0.819035;-2.70739;
-14.259;-1.93045;26.0029;-0.815989;-2.74168;
-14.4545;-1.95587;25.9203;-0.82587;-2.74205;
-14.6363;-1.81728;25.8424;-0.779204;-2.73653;
-14.83;-1.93722;25.7646;-0.777464;-2.75994;
-15.0148;-1.84845;25.6931;-0.714968;-2.77252;
-15.1988;-1.83964;25.6182;-0.749922;-2.75451;
-15.384;-1.85243;25.5437;-0.745036;-2.7592;
-15.5697;-1.85652;25.4681;-0.756018;-2.75487;
-15.7461;-1.76403;25.385;-0.830724;-2.70148;
-15.9276;-1.81461;25.3069;-0.780636;-2.73533;
-16.1112;-1.83687;25.2274;-0.794732;-2.73326;
-16.2921;-1.80838;25.1419;-0.855304;-2.6998;
-16.476;-1.8393;25.0531;-0.888205;-2.69172;
-16.6416;-1.65622;24.9729;-0.801615;-2.69082;
-16.8244;-1.8275;24.8879;-0.849828;-2.70632;
-16.999;-1.74601;24.8112;-0.767376;-2.7275;
-17.1964;-1.97411;24.7263;-0.849174;-2.73536;
-17.3968;-2.00405;24.6504;-0.759349;-2.7794;
-17.5923;-1.95538;24.5643;-0.860118;-2.72719;
-17.8088;-2.16468;24.4677;-0.966771;-2.72156;
-17.9936;-1.84754;24.38;-0.877159;-2.69833;
-18.1599;-1.66365;24.3107;-0.692838;-2.74698;
-18.3394;-1.79503;24.2308;-0.798572;-2.72301;
-18.4896;-1.5018;24.1363;-0.944795;-2.58004;
-18.666;-1.764;24.0306;-1.05727;-2.60165;
-18.8503;-1.8431;23.9413;-0.892711;-2.69054;
-19.0369;-1.86539;23.8495;-0.918419;-2.68409;
-19.1817;-1.44812;23.7593;-0.901804;-2.58462;
-19.3513;-1.69659;23.6525;-1.06851;-2.57955;
-19.5275;-1.76153;23.5443;-1.08204;-2.59075;
-19.6991;-1.71575;23.4447;-0.995101;-2.61602;
-19.8842;-1.85136;23.3358;-1.08941;-2.60972;
-20.059;-1.7479;23.2187;-1.17084;-2.55139;
-20.2076;-1.48589;23.1311;-0.87606;-2.60887;
-20.3776;-1.70053;23.0279;-1.03263;-2.59587;
-20.5341;-1.56435;22.9356;-0.923;-2.60854;
-20.7053;-1.71257;22.8416;-0.93945;-2.63985;
-20.8708;-1.65526;22.754;-0.875928;-2.65488;
-21.0514;-1.8051;22.6598;-0.942082;-2.66058;
-21.233;-1.81624;22.5684;-0.914122;-2.67531;
-21.4089;-1.75928;22.4699;-0.984751;-2.6313;
-21.5834;-1.74462;22.3699;-1.00032;-2.62098;
-21.7567;-1.73344;22.2711;-0.987428;-2.6238;
-21.9293;-1.72632;22.1645;-1.06664;-2.58814;
-22.1013;-1.71921;22.0567;-1.07754;-2.58172;
-22.2721;-1.70878;21.947;-1.09682;-2.57095;
-22.4409;-1.68779;21.8368;-1.10214;-2.56311;
-22.6099;-1.68964;21.7265;-1.10348;-2.56305;
-22.786;-1.76077;21.6192;-1.07293;-2.59432;
-22.9617;-1.75698;21.513;-1.06199;-2.59791;
-23.1319;-1.7026;21.4171;-0.959241;-2.62852;
-23.3188;-1.86876;21.3197;-0.973499;-2.66134;
-23.5048;-1.8599;21.2128;-1.06909;-2.6199;
-23.6683;-1.63531;21.1239;-0.889424;-2.64346;
-23.8403;-1.72002;21.0341;-0.89728;-2.66076;
-24.0195;-1.79159;20.9377;-0.964825;-2.6476;
-24.1836;-1.64086;20.8478;-0.898193;-2.64075;
-24.3601;-1.76562;20.7534;-0.944073;-2.65057;
-24.5381;-1.77971;20.6606;-0.928193;-2.66086;
-24.7248;-1.86695;20.5689;-0.917193;-2.68495;
-24.8987;-1.73947;20.4746;-0.943261;-2.6447;
-25.0652;-1.66463;20.363;-1.11607;-2.55097;
-25.2306;-1.65442;20.2551;-1.07825;-2.56399;
-25.4075;-1.76893;20.1549;-1.00209;-2.62617;
-25.5763;-1.68759;20.0474;-1.07505;-2.57439;
-25.7405;-1.64222;19.9399;-1.07469;-2.56212;
-25.9093;-1.68775;19.8243;-1.15652;-2.54084;
-26.0721;-1.62768;19.707;-1.17322;-2.51705;
-26.2358;-1.63693;19.5892;-1.17742;-2.51804;
-26.398;-1.62209;19.473;-1.16276;-2.51966;
-26.5499;-1.51904;19.353;-1.19993;-2.47302;
-26.6911;-1.4123;19.2396;-1.13375;-2.46516;
-26.8592;-1.68081;19.1181;-1.21443;-2.51591;
-27.0328;-1.73591;18.9829;-1.35205;-2.47987;
-27.1912;-1.58449;18.8603;-1.22613;-2.48301;
-27.3527;-1.61514;18.7402;-1.20105;-2.50219;
-27.5131;-1.6041;18.6212;-1.18981;-2.5034;
-27.6711;-1.5791;18.5049;-1.16347;-2.5066;
-27.8239;-1.52817;18.3874;-1.17455;-2.48629;
-27.9938;-1.69952;18.2624;-1.24996;-2.50745;
-28.1754;-1.8157;18.1544;-1.08088;-2.60464;
-28.3488;-1.73414;18.0377;-1.16694;-2.54927;
-28.5114;-1.62607;17.9283;-1.09391;-2.5494;
-28.6635;-1.52119;17.817;-1.11232;-2.51022;
-28.8322;-1.68623;17.698;-1.19007;-2.52701;
-28.9764;-1.44283;17.5767;-1.21346;-2.44233;
-29.1241;-1.47672;17.4485;-1.28204;-2.42665;
-29.2665;-1.42366;17.3134;-1.35069;-2.38249;
-29.4125;-1.46064;17.1741;-1.39355;-2.3797;
-29.5547;-1.42184;17.0397;-1.34386;-2.38438;
-29.6748;-1.20111;16.9248;-1.14907;-2.37833;
-29.8118;-1.36934;16.7929;-1.31882;-2.37499;
-29.9569;-1.45131;16.6544;-1.38458;-2.37972;

29.8966;-1.46493;16.5154;-1.39002;-2.38243;
29.749;-1.47634;16.391;-1.24424;-2.4413;
29.6033;-1.4565;16.2594;-1.31583;-2.40689;
29.4547;-1.48595;16.1255;-1.33873;-2.40827;
29.3075;-1.47226;15.9942;-1.31292;-2.41334;
29.159;-1.48471;15.8711;-1.23128;-2.44924;
28.9834;-1.75644;15.7407;-1.30385;-2.50302;
28.8189;-1.64512;15.6218;-1.18971;-2.51548;
28.6513;-1.67571;15.519;-1.02734;-2.59161;
28.4768;-1.74454;15.419;-1.00064;-2.62082;
28.3236;-1.53237;15.3073;-1.11705;-2.51169;
28.1443;-1.79302;15.2025;-1.04796;-2.61267;
27.9794;-1.64893;15.1072;-0.952995;-2.61755;
27.8078;-1.71617;15.0076;-0.995354;-2.61602;
27.6433;-1.64454;14.9228;-0.848514;-2.66526;
27.4779;-1.65492;14.8371;-0.856334;-2.66408;
27.3008;-1.77052;14.7498;-0.873591;-2.68323;
27.1044;-1.96376;14.6551;-0.947096;-2.69222;
26.9238;-1.80619;14.5734;-0.816766;-2.71691;
26.7531;-1.70684;14.4856;-0.877545;-2.6667;
26.582;-1.71155;14.397;-0.886698;-2.6636;
26.4023;-1.79656;14.304;-0.929735;-2.66404;
26.2125;-1.89851;14.2191;-0.848692;-2.72121;
26.0418;-1.70638;14.1541;-0.650268;-2.7775;
25.857;-1.84851;14.0757;-0.784206;-2.74037;
25.6339;-2.23031;13.9805;-0.951351;-2.73841;
25.4196;-2.14332;13.9111;-0.694396;-2.82828;
25.2247;-1.94872;13.8437;-0.673594;-2.80879;
25.0334;-1.91301;13.784;-0.597049;-2.83907;
24.8381;-1.95374;13.7266;-0.573951;-2.85586;
24.6473;-1.90741;13.6676;-0.590848;-2.8412;
24.4613;-1.86001;13.6167;-0.508181;-2.87489;
24.2696;-1.91692;13.559;-0.57766;-2.8489;
24.0695;-2.00176;13.5059;-0.530506;-2.88253;
23.8712;-1.98262;13.4584;-0.475139;-2.90638;
23.6764;-1.9479;13.4148;-0.435725;-2.92153;
23.4826;-1.93764;13.3738;-0.410732;-2.93271;
23.2832;-1.99475;13.3331;-0.40689;-2.94037;
23.1032;-1.79916;13.2892;-0.439259;-2.90213;
22.9103;-1.92928;13.2376;-0.515572;-2.88046;
22.7044;-2.05934;13.1778;-0.597572;-2.85917;
22.5148;-1.8957;13.1135;-0.643291;-2.81444;
22.3223;-1.9249;13.0358;-0.777436;-2.75774;
22.1267;-1.95647;12.9714;-0.643362;-2.82389;
21.9393;-1.87346;12.9012;-0.702758;-2.78272;
21.7491;-1.90255;12.8377;-0.634116;-2.81987;
21.5445;-2.04584;12.7643;-0.734337;-2.79697;
21.3543;-1.9018;12.7065;-0.578242;-2.84643;
21.1738;-1.80517;12.6486;-0.578557;-2.83144;
20.9875;-1.8625;12.588;-0.606505;-2.82678;
20.7848;-2.02752;12.5268;-0.611913;-2.84848;
20.5911;-1.93691;12.4593;-0.675288;-2.80613;
20.4013;-1.89818;12.394;-0.653008;-2.81026;
20.2048;-1.96501;12.3252;-0.687338;-2.80511;
20.0087;-1.96075;12.2667;-0.584937;-2.85168;
19.8139;-1.94785;12.2153;-0.514682;-2.88327;
19.6299;-1.84043;12.1383;-0.769453;-2.7456;
19.4399;-1.89956;12.0491;-0.892332;-2.70243;
19.2664;-1.7356;11.9919;-0.571755;-2.82336;
19.0579;-2.08417;11.9246;-0.672817;-2.82933;
18.9133;-1.44625;11.8688;-0.558247;-2.77322;
18.7374;-1.75934;11.7908;-0.780465;-2.72406;
18.5458;-1.91634;11.6934;-0.97378;-2.67145;
18.3689;-1.76813;11.6032;-0.901671;-2.67001;
18.1745;-1.9444;11.5144;-0.887708;-2.71331;
17.9968;-1.77661;11.4361;-0.783532;-2.72623;
17.8006;-1.96256;11.3585;-0.775668;-2.7652;
17.6151;-1.85489;11.2954;-0.631415;-2.81349;
17.4147;-2.00391;11.2422;-0.531933;-2.88213;
17.2092;-2.05475;11.1878;-0.543528;-2.88299;
17.0152;-1.93993;11.1359;-0.519156;-2.8801;
16.8209;-1.94305;11.0816;-0.543613;-2.86879;
16.6216;-1.99361;11.0243;-0.573016;-2.86171;
16.425;-1.9653;10.9755;-0.487496;-2.89845;
16.2656;-1.59462;10.9232;-0.52331;-2.82449;
16.0721;-1.93471;10.8612;-0.61926;-2.83182;
15.8807;-1.91423;10.792;-0.692937;-2.79427;
15.6924;-1.88256;10.7066;-0.85317;-2.71608;
15.5043;-1.88097;10.6253;-0.813365;-2.73346;
15.3023;-2.01987;10.5324;-0.929497;-2.71031;
15.122;-1.80372;10.4324;-0.999681;-2.63551;
14.9526;-1.69354;10.3383;-0.940668;-2.63458;
14.7876;-1.65004;10.2558;-0.82479;-2.67806;
14.6145;-1.73072;10.1878;-0.680201;-2.76712;
14.4235;-1.91013;10.0979;-0.898816;-2.70178;
14.2417;-1.81861;10.0152;-0.827091;-2.71476;
14.0657;-1.75976;9.93626;-0.789709;-2.71977;
13.8832;-1.82464;9.8384;-0.978601;-2.64931;
13.7188;-1.64411;9.75178;-0.866123;-2.65673;
13.541;-1.77789;9.66205;-0.897342;-2.67417;
13.3731;-1.67936;9.55774;-1.04306;-2.5858;
13.2023;-1.70775;9.44775;-1.09992;-2.56939;
13.0409;-1.61435;9.34555;-1.02199;-2.57722;
12.8741;-1.66734;9.25439;-0.911667;-2.64123;
12.7269;-1.47261;9.15354;-1.00847;-2.54113;
12.5598;-1.67136;9.04681;-1.06728;-2.57329;
12.388;-1.7172;8.94024;-1.06569;-2.58617;
12.2166;-1.71398;8.83179;-1.08452;-2.57744;
12.042;-1.7459;8.72839;-1.034;-2.6069;
11.8457;-1.96341;8.61257;-1.15816;-2.60865;
11.68;-1.65695;8.50764;-1.04929;-2.57707;
11.5145;-1.65535;8.40084;-1.06804;-2.5686;
11.3346;-1.79856;8.29025;-1.10592;-2.59029;
11.1602;-1.74408;8.18029;-1.09957;-2.57908;
10.9805;-1.79741;8.05555;-1.24736;-2.53492;
10.817;-1.63486;7.93941;-1.16148;-2.52389;
10.6393;-1.77725;7.80899;-1.30416;-2.50854;
10.4809;-1.58402;7.68532;-1.23669;-2.47871;
10.3225;-1.58333;7.56312;-1.22203;-2.48428;
10.1631;-1.59383;7.4482;-1.14917;-2.5169;
10.0184;-1.4478;7.32996;-1.18239;-2.45676;
9.85379;-1.64563;7.20126;-1.28704;-2.47786;
9.70303;-1.50767;7.07096;-1.30298;-2.42889;
9.55676;-1.46272;6.9385;-1.32455;-2.40572;
9.42438;-1.32375;6.79841;-1.40093;-2.32788;
9.28312;-1.41264;6.66402;-1.34394;-2.38111;
9.13382;-1.49299;6.53613;-1.27887;-2.43329;
8.97925;-1.54565;6.40262;-1.33511;-2.42915;
8.83554;-1.43709;6.27813;-1.24492;-2.42772;
8.68975;-1.45798;6.15263;-1.25495;-2.43089;
8.53749;-1.52256;6.02031;-1.32319;-2.42614;
8.38536;-1.52134;5.88747;-1.32843;-2.42378;
8.24158;-1.43779;5.75558;-1.31895;-2.39928;
8.11826;-1.23314;5.62748;-1.28099;-2.33717;
7.99093;-1.27337;5.48727;-1.40205;-2.30814;
7.85566;-1.35268;5.3391;-1.48169;-2.31071;
7.72066;-1.34997;5.20531;-1.3379;-2.36069;
7.58645;-1.34209;5.05375;-1.51563;-2.29554;
7.48769;-0.987583;4.91868;-1.35072;-2.20213;
7.3668;-1.20892;4.76313;-1.55552;-2.23147;
7.24051;-1.26294;4.57356;-1.89567;-2.15849;
7.12103;-1.19478;4.40055;-1.73005;-2.17519;
7.00496;-1.16067;4.23813;-1.6242;-2.19126;
6.89254;-1.12422;4.07676;-1.61379;-2.17926;
6.77795;-1.14591;3.91893;-1.57826;-2.1988;
6.66452;-1.13427;3.73545;-1.83479;-2.12449;
6.56171;-1.02812;3.565;-1.70454;-2.11354;
6.45742;-1.04292;3.38868;-1.76315;-2.10495;
6.35099;-1.06425;3.22373;-1.64957;-2.14377;
6.21803;-1.32965;3.05717;-1.66557;-2.24451;
6.09252;-1.25508;2.9028;-1.54369;-2.25344;
5.96738;-1.2514;2.74742;-1.5538;-2.24881;
5.84445;-1.2293;2.59478;-1.52643;-2.24879;
5.71929;-1.25159;2.43943;-1.5535;-2.24898;
5.60682;-1.12466;2.26615;-1.73273;-2.14652;
5.50305;-1.03771;2.09359;-1.72568;-2.1122;
5.40299;-1.00065;1.92329;-1.70294;-2.10205;
5.30212;-1.00873;1.75479;-1.68498;-2.11023;
5.20959;-0.925271;1.5838;-1.70996;-2.06679;
5.10502;-1.04571;1.40536;-1.78434;-2.10089;
4.9907;-1.14315;1.23133;-1.74035;-2.15197;
4.87207;-1.18635;1.04531;-1.86018;-2.13852;
4.75893;-1.13133;0.858941;-1.86371;-2.11637;
4.67232;-0.866132;0.687129;-1.71812;-2.03773;
4.57263;-0.996891;0.482833;-2.04296;-2.02477;
4.49138;-0.812553;0.308511;-1.74322;-2.00698;
4.40177;-0.896077;0.0940316;-2.1448;-1.96655;
4.3165;-0.852678;-0.0877468;-1.81778;-2.0094;
4.25521;-0.612879;-0.29232;-2.04574;-1.86188;
4.20738;-0.47836;-0.488693;-1.96373;-1.80974;
4.14038;-0.669968;-0.67949;-1.90797;-1.90849;
4.05884;-0.815442;-0.852515;-1.73025;-2.01121;
3.95256;-1.06275;-1.02117;-1.68657;-2.13307;
3.85766;-0.949024;-1.1807;-1.59525;-2.10746;
3.75208;-1.05577;-1.35227;-1.7157;-2.12243;
3.64983;-1.0225;-1.52094;-1.68674;-2.11576;
3.54209;-1.07738;-1.69015;-1.69212;-2.13777;
3.4364;-1.05689;-1.85914;-1.6899;-2.12969;
3.32592;-1.10486;-2.034;-1.7486;-2.13431;
3.2063;-1.19618;-2.19951;-1.65504;-2.19663;
3.08935;-1.16954;-2.36146;-1.61952;-2.19624;
2.97344;-1.15908;-2.52419;-1.62733;-2.1897;
2.86428;-1.09155;-2.68652;-1.62332;-2.16277;
2.76096;-1.03323;-2.87962;-1.93094;-2.06212;
2.65618;-1.04782;-3.04215;-1.62532;-2.14343;
2.5475;-1.08679;-3.18638;-1.44226;-2.21656;
2.42702;-1.20481;-3.34018;-1.53807;-2.23529;
2.3125;-1.14521;-3.4793;-1.39116;-2.25953;
2.19343;-1.19067;-3.63278;-1.53484;-2.23058;
2.05895;-1.34476;-3.80751;-1.74727;-2.22675;
1.93134;-1.27615;-3.95939;-1.51886;-2.26957;
1.80272;-1.28619;-4.11245;-1.53057;-2.26965;
1.67415;-1.28573;-4.26555;-1.53095;-2.26935;
1.54679;-1.27356;-4.40701;-1.41463;-2.30376;
1.40941;-1.37385;-4.56109;-1.5408;-2.29898;
1.28284;-1.26571;-4.67778;-1.16688;-2.3968;
1.13909;-1.43746;-4.81933;-1.41553;-2.36388;
0.993233;-1.45857;-4.96899;-1.49654;-2.34334;
0.858046;-1.35187;-5.12608;-1.57094;-2.28138;
0.727827;-1.30219;-5.28179;-1.55711;-2.26728;
0.585657;-1.42169;-5.42394;-1.42149;-2.35627;
0.455106;-1.30552;-5.5662;-1.4226;-2.3133;
0.320118;-1.34988;-5.70445;-1.38254;-2.34424;
0.172307;-1.4781;-5.83271;-1.2826;-2.42689;
0.0274885;-1.44819;-5.95912;-1.26407;-2.42398;
-0.120622;-1.4811;-6.08791;-1.28789;-2.42586;
-0.273936;-1.53314;-6.21872;-1.30806;-2.43525;
-0.425068;-1.51132;-6.34959;-1.30874;-2.42791;
-0.575119;-1.50051;-6.47864;-1.29052;-2.43129;
-0.720256;-1.45136;-6.61271;-1.34065;-2.39583;
-0.869148;-1.48892;-6.73304;-1.20331;-2.46189;
-1.02156;-1.52417;-6.86139;-1.28355;-2.44169;
-1.18049;-1.5893;-6.99576;-1.34366;-2.43975;
-1.33538;-1.54891;-7.08793;-0.921699;-2.60481;
-1.517;-1.81619;-7.18953;-1.01601;-2.63155;
-1.6966;-1.79593;-7.26941;-0.798789;-2.72309;
-1.88767;-1.91071;-7.35465;-0.852419;-2.72196;
-2.08134;-1.93673;-7.426;-0.713473;-2.78863;
-2.26643;-1.85093;-7.49267;-0.666715;-2.79586;
-2.46884;-2.02404;-7.55982;-0.671525;-2.82125;
-2.65148;-1.8264;-7.60657;-0.467445;-2.89103;
-2.85235;-2.0087;-7.65522;-0.486551;-2.90395;
-3.03145;-1.79101;-7.70885;-0.53626;-2.85067;
-3.23;-1.98554;-7.77703;-0.681864;-2.8108;
-3.40941;-1.79409;-7.83908;-0.620441;-2.80864;
-3.6044;-1.94986;-7.91363;-0.745525;-2.7764;
-3.79622;-1.91821;-7.98267;-0.690357;-2.79613;
-3.9811;-1.84881;-8.03419;-0.515284;-2.86978;
-4.1815;-2.00396;-8.08566;-0.514692;-2.89019;
-4.36947;-1.87972;-8.12849;-0.428309;-2.91756;
-4.56704;-1.97576;-8.17462;-0.461254;-2.91224;
-4.7601;-1.93053;-8.22759;-0.529727;-2.87379;
-4.95265;-1.92556;-8.28364;-0.560479;-2.85835;
-5.14003;-1.8738;-8.35858;-0.749379;-2.76115;
-5.31973;-1.79692;-8.42402;-0.654388;-2.79235;
-5.50714;-1.8741;-8.49276;-0.687462;-2.79001;
-5.7014;-1.94268;-8.57849;-0.857294;-2.726;
-5.88146;-1.80053;-8.66084;-0.823514;-2.71262;
-6.07352;-1.92064;-8.74032;-0.794784;-2.74924;
-6.23795;-1.64433;-8.8096;-0.692829;-2.74282;
-6.41086;-1.7291;-8.89317;-0.835613;-2.69142;
-6.58201;-1.71143;-8.98669;-0.935195;-2.64149;
-6.746;-1.63995;-9.07365;-0.869633;-2.65402;
-6.92286;-1.76855;-9.16553;-0.918772;-2.66246;
-7.09982;-1.76962;-9.26415;-0.986255;-2.63314;
-7.29787;-1.98051;-9.37278;-1.08632;-2.6399;
-7.47189;-1.74021;-9.46555;-0.927697;-2.65182;
-7.6507;-1.78811;-9.55926;-0.937069;-2.65889;
-7.83459;-1.83891;-9.65427;-0.950129;-2.66469;
-8.01208;-1.77485;-9.74617;-0.918993;-2.66382;
-8.18981;-1.77735;-9.83258;-0.864067;-2.68908;
-8.36657;-1.76757;-9.91949;-0.869077;-2.68462;
-8.54288;-1.76308;-9.98579;-0.663067;-2.78187;
-8.72414;-1.81257;-10.0492;-0.63408;-2.80508;
-8.91631;-1.92176;-10.1135;-0.642873;-2.81877;
-9.10358;-1.87272;-10.1772;-0.637604;-2.81343;
-9.29873;-1.95142;-10.2361;-0.588068;-2.84889;
-9.48685;-1.88125;-10.2802;-0.441057;-2.9113;
-9.68052;-1.93665;-10.3315;-0.512981;-2.88266;
-9.86941;-1.88899;-10.385;-0.535484;-2.86536;
-10.06;-1.90604;-10.4345;-0.494434;-2.88778;
-10.257;-1.96945;-10.4727;-0.382904;-2.94957;
-10.4682;-2.11259;-10.5227;-0.499635;-2.90936;
-10.6537;-1.85459;-10.576;-0.533245;-2.86162;
-10.8524;-1.98731;-10.6355;-0.594626;-2.85086;
-11.0282;-1.75744;-10.7125;-0.769809;-2.72874;
-11.1862;-1.57996;-10.7915;-0.789858;-2.67801;
-11.3637;-1.77595;-10.8832;-0.917536;-2.66472;
-11.5593;-1.95512;-10.9517;-0.684669;-2.80475;
-11.7522;-1.92933;-11.0177;-0.660456;-2.81177;
-11.9474;-1.95219;-11.093;-0.7526;-2.77364;
-12.1239;-1.76455;-11.1663;-0.733434;-2.74767;
-12.3326;-2.08767;-11.257;-0.906263;-2.73204;
-12.5212;-1.88605;-11.3344;-0.774939;-2.75174;
-12.7036;-1.8239;-11.417;-0.82503;-2.71679;
-12.8858;-1.82189;-11.4962;-0.792098;-2.73148;
-13.0772;-1.91422;-11.575;-0.788497;-2.75086;
-13.2579;-1.80625;-11.6689;-0.938505;-2.6624;
-13.4359;-1.77994;-11.7881;-1.19259;-2.55127;
-13.603;-1.67113;-11.8977;-1.0954;-2.56137;
-13.7689;-1.65915;-12.0069;-1.09216;-2.55943;
-13.9294;-1.60557;-12.1087;-1.01858;-2.57626;
-14.0753;-1.45807;-12.2017;-0.929736;-2.57395;
-14.2444;-1.6914;-12.3022;-1.00471;-2.60559;
-14.4357;-1.91294;-12.3981;-0.959366;-2.67673;
-14.5949;-1.59259;-12.487;-0.888535;-2.63269;
-14.7711;-1.76164;-12.5857;-0.986946;-2.63092;
-14.9179;-1.4681;-12.686;-1.00312;-2.54218;
-15.1047;-1.86794;-12.8066;-1.20653;-2.56809;
-15.276;-1.71249;-12.9144;-1.07728;-2.58007;
-15.4235;-1.47508;-13.0239;-1.09583;-2.50266;
-15.5944;-1.70976;-13.1409;-1.16982;-2.54155;
-15.7591;-1.64626;-13.2565;-1.1557;-2.52952;
-15.9214;-1.62288;-13.3718;-1.15309;-2.52384;
-16.0797;-1.58331;-13.4941;-1.22322;-2.4838;
-16.2611;-1.81399;-13.6199;-1.25806;-2.53522;
-16.4263;-1.65181;-13.7526;-1.32708;-2.46478;
-16.5792;-1.52949;-13.8724;-1.19814;-2.47708;
-16.7368;-1.57606;-13.9984;-1.25967;-2.46731;
-16.8881;-1.51321;-14.1214;-1.22973;-2.45918;
-17.047;-1.58902;-14.2485;-1.27154;-2.46672;
-17.2004;-1.53331;-14.3812;-1.32705;-2.42818;
-17.3539;-1.53522;-14.5142;-1.32974;-2.42779;
-17.504;-1.50151;-14.645;-1.3076;-2.42511;
-17.6574;-1.53383;-14.7687;-1.23692;-2.46294;
-17.818;-1.606;-14.8912;-1.2254;-2.48981;
-17.9766;-1.58543;-15.0003;-1.09117;-2.5388;
-18.143;-1.66409;-15.1215;-1.21211;-2.51206;
-18.3177;-1.74755;-15.2506;-1.29058;-2.50549;
-18.4777;-1.5992;-15.3741;-1.23497;-2.48401;
-18.625;-1.47384;-15.5162;-1.4209;-2.37448;
-18.7725;-1.47497;-15.6497;-1.3352;-2.40589;
-18.9337;-1.61114;-15.8014;-1.51647;-2.38645;
-19.0589;-1.25203;-15.9447;-1.43311;-2.28886;
-19.1921;-1.33289;-16.0966;-1.51933;-2.29092;
-19.31;-1.17831;-16.2403;-1.43702;-2.25759;
-19.4556;-1.45628;-16.3928;-1.52505;-2.33313;
-19.5973;-1.41724;-16.5283;-1.35534;-2.37852;
-19.748;-1.50692;-16.6703;-1.41973;-2.38598;
-19.8946;-1.4658;-16.8101;-1.39739;-2.38008;
-20.0434;-1.48846;-16.9536;-1.43533;-2.37436;
-20.1876;-1.44183;-17.0927;-1.39098;-2.37414;
-20.3193;-1.31661;-17.2166;-1.23918;-2.38648;
-20.5008;-1.81481;-17.3638;-1.47195;-2.46013;
-20.6832;-1.82472;-17.5069;-1.43122;-2.47647;
-20.8399;-1.56671;-17.6253;-1.18407;-2.49441;
-20.999;-1.5913;-17.7454;-1.20062;-2.49522;
-21.159;-1.59997;-17.8828;-1.37414;-2.43198;
-21.3102;-1.51202;-18.0076;-1.24802;-2.45156;
-21.466;-1.55798;-18.1307;-1.23143;-2.47273;
-21.6347;-1.6863;-18.2612;-1.30442;-2.4832;
-21.7924;-1.57717;-18.3846;-1.2343;-2.47755;
-21.9294;-1.37033;-18.5014;-1.1682;-2.43565;
-22.0865;-1.57127;-18.6333;-1.31837;-2.44349;
-22.2328;-1.46261;-18.7643;-1.30999;-2.41118;
-22.3919;-1.59073;-18.9072;-1.42925;-2.40962;
-22.5057;-1.1385;-19.0192;-1.12019;-2.3643;
-22.6444;-1.3866;-19.1673;-1.48049;-2.32346;
-22.7764;-1.31959;-19.3088;-1.41572;-2.32106;
-22.8952;-1.18816;-19.4657;-1.56882;-2.21899;
-23.0019;-1.06691;-19.6285;-1.62757;-2.15104;
-23.1082;-1.06317;-19.798;-1.69499;-2.13101;
-23.2213;-1.13088;-19.9727;-1.74701;-2.14529;
-23.331;-1.09745;-20.1447;-1.7207;-2.13854;
-23.4273;-0.962918;-20.3073;-1.62594;-2.10548;
-23.5284;-1.01111;-20.48;-1.72673;-2.10053;
-23.6022;-0.73809;-20.6523;-1.7226;-1.97561;
-23.6736;-0.713693;-20.8343;-1.81993;-1.94452;
-23.7436;-0.699648;-21.0191;-1.84874;-1.93258;
-23.8153;-0.717297;-21.2058;-1.86676;-1.93765;
-23.8986;-0.833547;-21.4017;-1.95931;-1.97303;
-23.9515;-0.528741;-21.5755;-1.73736;-1.86623;
-23.9931;-0.416025;-21.7725;-1.96968;-1.77895;
-24.0336;-0.404425;-21.9664;-1.93905;-1.77642;
-24.0635;-0.299412;-22.1544;-1.88048;-1.72869;
-24.0816;-0.181331;-22.3629;-2.08502;-1.65755;
-24.0988;-0.171567;-22.5621;-1.99214;-1.65671;
-24.1091;-0.103048;-22.7572;-1.95062;-1.62358;
-24.1246;-0.155084;-22.9612;-2.0404;-1.64666;
-24.1374;-0.128069;-23.1581;-1.96877;-1.63576;
-24.157;-0.196083;-23.3425;-1.84378;-1.67675;
-24.1801;-0.231328;-23.5419;-1.9942;-1.68628;
-24.2435;-0.633071;-23.7232;-1.81266;-1.9068;
-24.3056;-0.621824;-23.8973;-1.74142;-1.91376;
-24.3801;-0.744636;-24.0851;-1.87823;-1.94824;
-24.4411;-0.610165;-24.2524;-1.67237;-1.92064;
-24.5111;-0.699371;-24.4634;-2.1103;-1.89081;
-24.5853;-0.742356;-24.6565;-1.93079;-1.93785;
-24.6568;-0.71514;-24.8338;-1.77316;-1.95416;
-24.7364;-0.795995;-25.0064;-1.72613;-2.00288;
-24.8246;-0.881593;-25.1933;-1.86926;-2.01149;
-24.9069;-0.823089;-25.3708;-1.77474;-2.00505;
-24.9883;-0.81471;-25.5661;-1.95247;-1.9661;
-25.0681;-0.797373;-25.7495;-1.83455;-1.98081;
-25.156;-0.879432;-25.9508;-2.01266;-1.98274;
-25.2582;-1.02163;-26.1218;-1.71016;-2.10929;
-25.3592;-1.00991;-26.2936;-1.71785;-2.10227;
-25.459;-0.997994;-26.4762;-1.82627;-2.07092;
-25.5498;-0.907837;-26.6513;-1.75079;-2.04916;
-25.6581;-1.08363;-26.8189;-1.67571;-2.14483;
-25.7682;-1.10123;-26.988;-1.69139;-2.14793;
-25.8702;-1.01982;-27.1764;-1.88456;-2.06682;
-25.9553;-0.851058;-27.3565;-1.80056;-2.01234;
-26.0336;-0.782792;-27.5359;-1.79437;-1.98216;
-26.1087;-0.750492;-27.7219;-1.85934;-1.95443;
-26.1647;-0.560387;-27.927;-2.05089;-1.83753;
-26.2214;-0.566625;-28.1218;-1.94885;-1.85374;
-26.2858;-0.644432;-28.3201;-1.98222;-1.88512;
-26.3456;-0.598281;-28.5079;-1.87862;-1.87911;
-26.3985;-0.528529;-28.7063;-1.98383;-1.83117;
-26.4482;-0.49733;-28.8898;-1.83443;-1.83554;
-26.5245;-0.763057;-29.0949;-2.05123;-1.92693;
-26.5994;-0.748336;-29.2688;-1.7394;-1.97709;
-26.7016;-1.02218;-29.4475;-1.78671;-2.09045;
-26.8058;-1.04212;-29.6025;-1.55006;-2.16269;
-26.9246;-1.18839;-29.7658;-1.63292;-2.19992;
-27.0433;-1.18651;-29.9192;-1.53411;-2.22912;

-27.1608;-1.17488;29.9176;-1.63241;-2.19464;
-27.2786;-1.17807;29.7554;-1.62138;-2.19914;
-27.4094;-1.30849;29.5992;-1.56255;-2.26793;
-27.5536;-1.44223;29.4535;-1.45628;-2.35135;
-27.7149;-1.61202;29.2757;-1.77852;-2.30712;
-27.8304;-1.15578;29.1328;-1.42915;-2.25083;
-27.9359;-1.05478;28.9475;-1.85287;-2.08831;
-28.0227;-0.867513;28.7539;-1.93554;-1.99215;
-28.107;-0.84333;28.5479;-2.06073;-1.95924;
-28.1855;-0.78479;28.3744;-1.73444;-1.99571;
-28.2615;-0.760747;28.1966;-1.77801;-1.97509;
-28.3608;-0.992664;28.0096;-1.87006;-2.0588;
-28.4571;-0.962689;27.8423;-1.67306;-2.09294;
-28.5722;-1.15112;27.665;-1.77327;-2.14657;
-28.6913;-1.19141;27.5286;-1.36403;-2.28875;
-28.8315;-1.40201;27.3827;-1.45897;-2.33629;
-28.9704;-1.38872;27.2393;-1.43379;-2.34023;
-29.1018;-1.31378;27.0955;-1.4378;-2.31115;
-29.231;-1.2926;26.9545;-1.41028;-2.31268;
-29.3644;-1.3339;26.813;-1.41503;-2.32669;
-29.5159;-1.51458;26.6809;-1.32093;-2.42438;
-29.6778;-1.61899;26.5461;-1.34807;-2.44725;
-29.8357;-1.57868;26.4179;-1.28138;-2.45977;
-29.993;-1.57333;26.2932;-1.24722;-2.4713;

29.8509;-1.56094;26.1695;-1.23686;-2.47152;
29.6916;-1.59318;26.036;-1.33496;-2.44415;
29.5462;-1.45389;25.915;-1.20994;-2.44752;
29.3789;-1.67298;25.7965;-1.18588;-2.52496;
29.1977;-1.81252;25.6786;-1.17875;-2.56498;
29.0241;-1.73565;25.5471;-1.31486;-2.49327;
28.843;-1.81097;25.4569;-0.901651;-2.67964;
28.6545;-1.88541;25.3649;-0.9204;-2.68745;
28.4674;-1.87092;25.2789;-0.859549;-2.71093;
28.2671;-2.00229;25.2112;-0.677198;-2.81546;
28.0746;-1.92549;25.1405;-0.706687;-2.78984;
27.8839;-1.90638;25.0739;-0.66645;-2.80528;
27.6949;-1.8901;25.0079;-0.65985;-2.80571;
27.5103;-1.84585;24.9383;-0.69651;-2.78077;
27.3238;-1.86567;24.8678;-0.704963;-2.78032;
27.1336;-1.90202;24.8025;-0.652437;-2.81115;
26.9427;-1.90837;24.7314;-0.71105;-2.78493;
26.7549;-1.87802;24.6494;-0.82011;-2.72986;
26.5549;-2.00072;24.5578;-0.916163;-2.71217;
26.3852;-1.69625;24.4945;-0.632625;-2.78462;
26.1966;-1.88617;24.4236;-0.709301;-2.7819;
25.9999;-1.96761;24.366;-0.575631;-2.85698;
25.8088;-1.91024;24.2941;-0.719717;-2.78127;
25.6203;-1.88521;24.2191;-0.74997;-2.76297;
25.4485;-1.71847;24.1313;-0.878033;-2.66923;
25.2728;-1.75692;24.0239;-1.07355;-2.5931;
25.1208;-1.51934;23.9236;-1.00265;-2.55827;
24.9711;-1.49755;23.8199;-1.03721;-2.53585;
24.7932;-1.77922;23.7136;-1.06342;-2.60287;
24.6275;-1.65635;23.6245;-0.891035;-2.64805;
24.4568;-1.70736;23.5409;-0.835894;-2.68631;
24.2712;-1.85573;23.4703;-0.706314;-2.77791;
24.1226;-1.48641;23.4024;-0.678306;-2.71348;
23.9431;-1.79534;23.315;-0.874557;-2.6883;
23.7596;-1.83433;23.2269;-0.881206;-2.69375;
23.5951;-1.64528;23.1226;-1.04288;-2.57665;
23.4194;-1.75686;23.0352;-0.873705;-2.6801;
23.2147;-2.04702;22.9581;-0.770582;-2.78156;
23.0378;-1.76884;22.8692;-0.889497;-2.67565;
22.8573;-1.80508;22.7828;-0.863523;-2.69539;
22.6759;-1.81432;22.7058;-0.770687;-2.73991;
22.4965;-1.79391;22.6276;-0.781688;-2.73066;
22.3087;-1.87751;22.5448;-0.828152;-2.72617;
22.1353;-1.73391;22.4406;-1.04176;-2.60057;
21.971;-1.64338;22.3287;-1.1194;-2.54363;
21.8057;-1.65333;22.2122;-1.16475;-2.52786;
21.6481;-1.576;22.1183;-0.938783;-2.60436;
21.4806;-1.67474;22.0213;-0.970067;-2.61658;
21.2937;-1.86898;21.9317;-0.896484;-2.69435;
21.1089;-1.84816;21.8503;-0.813729;-2.72684;
20.9264;-1.82456;21.7652;-0.851111;-2.70512;
20.7274;-1.99073;21.6714;-0.937921;-2.70129;
20.5523;-1.75104;21.5963;-0.750898;-2.73648;
20.3643;-1.87974;21.5241;-0.721815;-2.77496;
20.1711;-1.93173;21.4488;-0.753218;-2.76981;
19.9891;-1.82007;21.3998;-0.4899;-2.87866;
19.8046;-1.84519;21.3783;-0.214609;-3.02581;
19.6131;-1.91451;21.3619;-0.163994;-3.05614;
19.4235;-1.89594;21.3416;-0.203355;-3.03474;
19.2516;-1.71896;21.3369;-0.0475177;-3.11396;
19.0623;-1.89386;21.3578;0.209019;3.03167;
18.8416;-2.20688;21.3945;0.367465;2.9766;
18.6413;-2.00306;21.4206;0.260819;3.01211;
18.4456;-1.95616;21.4471;0.265257;3.00681;
18.2451;-2.00497;21.4845;0.373869;2.95724;
18.0497;-1.95446;21.5204;0.359013;2.95993;
17.8465;-2.03189;21.5552;0.34807;2.97194;
17.6513;-1.9521;21.5938;0.386298;2.94623;
17.4594;-1.91906;21.6409;0.470914;2.90096;
17.2482;-2.11158;21.6859;0.449534;2.93183;
17.0355;-2.12775;21.7246;0.386744;2.96179;
16.8374;-1.98081;21.7511;0.26537;3.00841;
16.6439;-1.93451;21.7857;0.345679;2.96477;
16.4353;-2.08665;21.8223;0.366791;2.96759;
16.272;-1.63291;21.8864;0.640763;2.76765;
16.0857;-1.86308;21.9351;0.486543;2.88615;
15.8949;-1.90772;21.9792;0.441234;2.9143;
15.7014;-1.93498;22.0194;0.401909;2.9368;
15.5196;-1.81752;22.072;0.526433;2.85966;
15.3174;-2.02275;22.1274;0.553815;2.87435;
15.134;-1.83335;22.1766;0.491853;2.87948;
14.9403;-1.93729;22.2228;0.461714;2.90763;
14.759;-1.81315;22.274;0.512405;2.86617;
14.5791;-1.79931;22.3253;0.512583;2.86407;
14.3871;-1.91999;22.38;0.547083;2.86401;
14.2117;-1.75379;22.4324;0.523802;2.85136;
14.0198;-1.91914;22.5079;0.755167;2.76671;
13.8316;-1.88157;22.5833;0.75477;2.76011;
13.6467;-1.84891;22.6577;0.743114;2.75943;
13.4655;-1.81172;22.7261;0.684623;2.78029;
13.2762;-1.89397;22.7945;0.683807;2.79511;
13.0938;-1.82374;22.8642;0.696756;2.77666;
12.9053;-1.885;22.9331;0.68902;2.79115;
