#1 AntPos X;#2 AntPos Y;#3 Distance form nest;#4 Total Distance;#5 Total Y Distance
4.82822;-13.514;14.3506;0.198929;0.108456
4.64344;-13.4026;14.1842;0.414608;0.219796
4.46854;-13.2919;14.023;0.621593;0.330498
4.28098;-13.192;13.8692;0.833737;0.43047
4.12596;-13.0935;13.7282;1.01736;0.528974
3.95543;-12.9778;13.5672;1.2232;0.644614
3.77493;-12.8609;13.4035;1.43823;0.761551
3.60248;-12.7387;13.2383;1.64927;0.883752
3.43305;-12.6225;13.081;1.85459;0.999929
3.26863;-12.51;12.93;2.05373;1.11243
3.09637;-12.3916;12.7726;2.26266;1.23082
2.9271;-12.2809;12.6249;2.46494;1.34154
2.76545;-12.172;12.4822;2.65983;1.45048
2.59525;-12.0564;12.3325;2.86554;1.56606
2.42958;-11.9443;12.1889;3.06551;1.6781
2.264;-11.8178;12.0327;3.27339;1.80467
2.10687;-11.699;11.8872;3.47001;1.92348
1.94824;-11.5829;11.7456;3.66638;2.03953
1.79258;-11.4667;11.606;3.8604;2.15575
1.64317;-11.3564;11.4747;4.04594;2.26604
1.49218;-11.2764;11.3747;4.21589;2.34606
1.30977;-11.1895;11.2659;4.41588;2.43293
1.13282;-11.0995;11.1572;4.61319;2.52293
0.973913;-11.0006;11.0436;4.80033;2.62186
0.805335;-10.8931;10.9228;5.00026;2.72936
0.636859;-10.7854;10.8042;5.2002;2.83703
0.500516;-10.6818;10.6936;5.37098;2.94061
0.332161;-10.5586;10.5639;5.57933;3.06382
0.167034;-10.4377;10.439;5.78374;3.18473
0.00389275;-10.3164;10.3164;5.98673;3.30603
-0.152527;-10.2103;10.2115;6.17572;3.41212
-0.310935;-10.0863;10.0911;6.37627;3.53611
-0.463674;-9.95471;9.96551;6.57642;3.66773
-0.621749;-9.82551;9.84516;6.77971;3.79693
-0.776622;-9.69905;9.73009;6.97886;3.9234
-0.932509;-9.57207;9.61739;7.17919;4.05037
-1.08594;-9.44764;9.50985;7.37609;4.17481
-1.24126;-9.32484;9.40709;7.57365;4.29761
-1.39781;-9.20835;9.31384;7.76866;4.41409
-1.56345;-9.08784;9.22134;7.97344;4.53461
-1.70684;-8.97096;9.13189;8.15787;4.65149
-1.85469;-8.83761;9.03013;8.3554;4.78483
-2.01681;-8.70874;8.93922;8.56211;4.9137
-2.16352;-8.59615;8.86423;8.74688;5.0263
-2.31691;-8.47811;8.78899;8.94025;5.14434
-2.47314;-8.35678;8.71506;9.13784;5.26566
-2.62988;-8.2374;8.64702;9.33474;5.38505
-2.78402;-8.12461;8.58837;9.52572;5.49784
-2.94863;-8.01188;8.53725;9.7252;5.61057
-3.11218;-7.89823;8.48927;9.92436;5.72422
-3.27899;-7.77987;8.44264;10.1289;5.84257
-3.44142;-7.66352;8.40077;10.3287;5.95892
-3.6116;-7.54744;8.36705;10.5347;6.07501
-3.7751;-7.43377;8.3374;10.7338;6.18868
-3.92003;-7.31131;8.2959;10.9228;6.31113
-4.09584;-7.17983;8.26595;11.1423;6.44262
-4.25542;-7.06037;8.24363;11.3416;6.56207
-4.40634;-6.94384;8.22392;11.5321;6.6786
-4.54865;-6.79835;8.17972;11.7324;6.82409
-4.68427;-6.65302;8.13665;11.9273;6.96942
-4.82339;-6.48794;8.08445;12.1368;7.13451
-4.95488;-6.3241;8.03399;12.3396;7.29835
-5.08425;-6.18276;8.00475;12.5276;7.43969
-5.22097;-6.03163;7.97741;12.7274;7.59082
-5.35482;-5.88434;7.9561;12.9227;7.73811
-5.50442;-5.72804;7.94412;13.1362;7.89441
-5.63621;-5.57163;7.92527;13.3356;8.05082
-5.77575;-5.41309;7.91586;13.5426;8.20936
-5.91676;-5.23396;7.89952;13.7635;8.38849
-6.03597;-5.09719;7.90027;13.9414;8.52526
-6.18155;-4.93926;7.91252;14.1532;8.68318
-6.32061;-4.82735;7.9532;14.3317;8.7951
-6.46224;-4.70423;7.99314;14.519;8.91821
-6.58479;-4.56327;8.01142;14.7024;9.05917
-6.71985;-4.4013;8.03292;14.9086;9.22115
-6.82735;-4.24357;8.03869;15.0908;9.37887
-6.93796;-4.07916;8.04828;15.2797;9.54329
-7.05222;-3.91417;8.06564;15.4721;9.70827
-7.18237;-3.74736;8.10118;15.6782;9.87508
-7.28686;-3.56723;8.11317;15.873;10.0552
-7.38074;-3.39338;8.12344;16.0559;10.2291
-7.45432;-3.21976;8.11996;16.2235;10.4027
-7.52145;-3.05551;8.11839;16.3805;10.5669
-7.58106;-2.86785;8.10537;16.5475;10.7546
-7.64749;-2.69627;8.10888;16.7097;10.9262
-7.71656;-2.50981;8.11446;16.8841;11.1126
-7.80167;-2.31169;8.13695;17.0789;11.3108
-7.89212;-2.10835;8.16889;17.2815;11.5141
-7.97298;-1.93622;8.20471;17.4567;11.6862
-8.03996;-1.74603;8.22736;17.634;11.8764
-8.12116;-1.56521;8.27062;17.816;12.0572
-8.19777;-1.38208;8.31346;17.9965;12.2404
-8.29352;-1.18685;8.37801;18.1997;12.4356
-8.38213;-1.01638;8.44352;18.381;12.6061
-8.46814;-0.85935;8.51163;18.5513;12.7631
-8.55459;-0.691635;8.58251;18.7296;12.9308
-8.65986;-0.522866;8.67563;18.9223;13.0996
-8.74858;-0.366418;8.75625;19.0947;13.256
-8.84565;-0.186803;8.84762;19.2894;13.4356
-8.93945;-0.0126665;8.93946;19.4781;13.6098
-9.03693;0.173325;9.03859;19.6779;13.7958
-9.11705;0.354624;9.12395;19.8622;13.9771
-9.20899;0.568746;9.22654;20.0784;14.1912
-9.28649;0.756071;9.31721;20.2658;14.3785
-9.34314;0.94571;9.39088;20.4405;14.5682
-9.42187;1.13254;9.48969;20.629;14.755
-9.49557;1.31843;9.58666;20.8136;14.9409
-9.56588;1.50071;9.68288;20.9935;15.1232
-9.63185;1.68567;9.77824;21.1727;15.3081
-9.69911;1.8729;9.87828;21.3547;15.4953
-9.75592;2.04304;9.96754;21.5174;15.6655
-9.82262;2.2458;10.0761;21.7109;15.8682
-9.89919;2.44122;10.1958;21.9061;16.0637
-9.95482;2.63071;10.2966;22.0831;16.2532
-10.0013;2.81802;10.3907;22.2526;16.4405
-10.0584;3.01957;10.5018;22.4401;16.642
-10.1212;3.21733;10.6203;22.6291;16.8398
-10.1799;3.41772;10.7383;22.8177;17.0402
-10.2354;3.61848;10.8562;23.0047;17.2409
-10.2876;3.81412;10.9718;23.186;17.4366
-10.3425;4.00204;11.0898;23.3637;17.6245
-10.4149;4.21636;11.236;23.573;17.8388
-10.4802;4.41074;11.3706;23.7629;18.0332
-10.5309;4.59807;11.491;23.9383;18.2205
-10.5666;4.79875;11.6052;24.1144;18.4212
-10.6124;4.99341;11.7285;24.2928;18.6159
-10.666;5.16864;11.8524;24.4616;18.7911
-10.7235;5.3651;11.9908;24.6495;18.9875
-10.794;5.57716;12.1497;24.858;19.1996
-10.8482;5.76153;12.2833;25.0349;19.384
-10.9047;5.94546;12.4202;25.2132;19.5679
-10.9729;6.13499;12.5715;25.4033;19.7574
-11.067;6.31493;12.7419;25.6025;19.9374
-11.1578;6.4937;12.9099;25.7987;20.1161
-11.2454;6.6599;13.0695;25.9831;20.2823
-11.3474;6.84056;13.2498;26.188;20.463
-11.442;7.02846;13.4283;26.3938;20.6509
-11.5234;7.20256;13.5892;26.5808;20.825
-11.6026;7.40196;13.7626;26.7863;21.0244
-11.6725;7.57063;13.9126;26.962;21.1931
-11.7458;7.78582;14.0919;27.1766;21.4083
-11.8147;7.96132;14.2468;27.3574;21.5838
-11.8875;8.14445;14.4099;27.5466;21.7669
-11.9783;8.35352;14.6034;27.7675;21.976
-12.0455;8.52431;14.7566;27.9438;22.1468
-12.1182;8.7107;14.9241;28.1359;22.3331
-12.1946;8.87462;15.082;28.3126;22.4971
-12.2866;9.06627;15.2695;28.5207;22.6887
-12.3665;9.21835;15.4243;28.6901;22.8408
-12.457;9.39814;15.6046;28.8881;23.0206
-12.5473;9.57731;15.7848;29.0854;23.1998
-12.6229;9.75006;15.95;29.2688;23.3725
-12.7022;9.9354;16.1263;29.4646;23.5578
-12.7679;10.1217;16.2932;29.6531;23.7442
-12.8396;10.3162;16.4706;29.8519;23.9387
-12.9076;10.5062;16.6429;30.0449;24.1286
-12.9726;10.6837;16.8056;30.2262;24.3061
-13.0368;10.8678;16.9726;30.4125;24.4903
-13.1054;11.0547;17.1452;30.6037;24.6772
-13.1745;11.2447;17.3209;30.7979;24.8672
-13.2438;11.429;17.4934;30.9875;25.0515
-13.2962;11.6153;17.6551;31.169;25.2377
-13.354;11.8058;17.8243;31.3573;25.4282
-13.4063;11.9994;17.992;31.545;25.6218
-13.442;12.1959;18.1502;31.7256;25.8184
-13.4568;12.4056;18.3026;31.905;26.0281
-13.4688;12.6119;18.4518;32.0804;26.2343
-13.4907;12.8092;18.603;32.2545;26.4316
-13.5026;13.0186;18.7564;32.4331;26.641
-13.5142;13.2181;18.9037;32.6037;26.8405
-13.53;13.4209;19.0574;32.7799;27.0434
-13.5461;13.6202;19.2096;32.9535;27.2426
-13.5515;13.8325;19.3644;33.1322;27.4549
-13.5526;14.0261;19.5039;33.2934;27.6485
-13.5494;14.2319;19.6503;33.4628;27.8544
-13.5382;14.4308;19.7872;33.6224;28.0532
-13.5162;14.6246;19.914;33.7722;28.247
-13.4788;14.8184;20.0315;33.914;28.4408
-13.4616;15.023;20.1718;34.0764;28.6454
-13.4428;15.2212;20.3075;34.2331;28.8436
-13.4245;15.4088;20.4365;34.3816;29.0313
-13.4169;15.596;20.573;34.5357;29.2185
-13.4064;15.7974;20.7193;34.7007;29.4198
-13.395;15.9794;20.851;34.8491;29.6018
-13.3819;16.1779;20.9953;35.0111;29.8004
-13.3748;16.3658;21.1359;35.1674;29.9883
-13.3746;16.5693;21.2937;35.3409;30.1917
-13.4102;16.7596;21.4643;35.5221;30.3821
-13.4554;16.9537;21.6443;35.7116;30.5761
-13.5136;17.1619;21.8437;35.92;30.7843
-13.5677;17.3555;22.0295;36.1138;30.978
-13.6172;17.5448;22.2092;36.3017;31.1672
-13.6591;17.7185;22.3722;36.4723;31.3409
-13.6981;17.9205;22.5562;36.6659;31.543
-13.7103;18.0879;22.6968;36.8162;31.7104
-13.7078;18.3005;22.8651;36.9983;31.923
-13.7059;18.4969;23.0214;37.1668;32.1193
-13.7062;18.699;23.1843;37.3418;32.3214
-13.7052;18.884;23.3332;37.5015;32.5064
-13.6971;19.0916;23.4968;37.6776;32.714
-13.6724;19.2973;23.65;37.8442;32.9198
-13.6504;19.5008;23.8037;38.0105;33.1232
-13.6401;19.6949;23.9571;38.1747;33.3173
-13.6345;19.8976;24.1208;38.3491;33.5201
-13.6323;20.1075;24.293;38.5316;33.7299
-13.5989;20.31;24.4423;38.693;33.9325
-13.5761;20.5031;24.5904;38.8515;34.1256
-13.5603;20.7036;24.7491;39.0202;34.326
-13.5363;20.9102;24.9092;39.1907;34.5326
-13.5244;21.0977;25.0604;39.3504;34.7201
-13.5104;21.2916;25.2163;39.515;34.914
-13.4818;21.5129;25.3882;39.6974;35.1353
-13.4577;21.7194;25.5507;39.8691;35.3418
-13.419;21.9362;25.7151;40.0436;35.5586
-13.3969;22.1452;25.8822;40.2193;35.7677
-13.3822;22.3435;26.0445;40.389;35.9659
-13.3755;22.518;26.1909;40.5414;36.1404
-13.3695;22.7147;26.3572;40.7142;36.3372
-13.3637;22.9144;26.5265;40.8898;36.5368
-13.3762;23.1248;26.7147;41.0836;36.7472
-13.3841;23.3278;26.8947;41.2688;36.9503
-13.3998;23.5469;27.0926;41.472;37.1693
-13.399;23.7489;27.2681;41.6529;37.3714
-13.3853;23.9289;27.4183;41.8084;37.5514
-13.3596;24.1219;27.5743;41.9705;37.7443
-13.353;24.316;27.7412;42.1423;37.9385
-13.3439;24.5219;27.9174;42.3238;38.1443
-13.3354;24.7211;28.0885;42.4997;38.3435
-13.3461;24.9344;28.2815;42.6969;38.5569
-13.3521;25.1347;28.461;42.8804;38.7571
-13.3557;25.3299;28.6352;43.0585;38.9523
-13.3649;25.5262;28.8134;43.2401;39.1487
-13.3726;25.7281;28.9959;43.4262;39.3505
-13.3789;25.927;29.1754;43.6092;39.5494
-13.3847;26.1271;29.356;43.7931;39.7495
-13.3923;26.328;29.5384;43.9787;39.9504
-13.4073;26.5222;29.7184;44.1615;40.1446
-13.4358;26.6949;29.8854;44.3303;40.3173
-13.4585;26.8788;30.06;44.5071;40.5013
-13.4612;27.066;30.2287;44.6787;40.6885
-13.4867;27.2769;30.429;44.8813;40.8994
-13.5209;27.4482;30.5977;45.0515;41.0706
-13.5587;27.6359;30.7828;45.2382;41.2584
-13.6158;27.8416;30.9926;45.4492;41.464
-13.6512;28.0523;31.1976;45.656;41.6748
-13.7084;28.2543;31.4043;45.8637;41.8768
-13.7387;28.4298;31.5754;46.0363;42.0522
-13.7714;28.6372;31.7764;46.2391;42.2596
-13.8047;28.8153;31.9514;46.4154;42.4378
-13.847;29.0155;32.1503;46.6156;42.638
-13.8715;29.206;32.3327;46.7997;42.8284
-13.8983;29.4071;32.526;46.9946;43.0295
-13.934;29.6109;32.7256;47.1957;43.2334
-13.9777;29.8157;32.9295;47.4008;43.4381

-14.0182;-29.9877;33.1024;47.5972;43.6348
-14.0543;-29.7817;32.9313;47.8005;43.8408
-14.0907;-29.5849;32.7691;47.9956;44.0376
-14.1223;-29.3964;32.6127;48.181;44.226
-14.1637;-29.2029;32.4564;48.3751;44.4196
-14.2045;-29.0037;32.2952;48.5742;44.6188
-14.241;-28.8039;32.1321;48.7721;44.8185
-14.2676;-28.6069;31.9675;48.9638;45.0156
-14.2947;-28.4083;31.802;49.157;45.2142
-14.3311;-28.1957;31.6288;49.3668;45.4267
-14.3652;-27.9899;31.461;49.5696;45.6325
-14.4059;-27.7985;31.3095;49.7617;45.824
-14.4505;-27.6043;31.1579;49.9579;46.0181
-14.4526;-27.3983;30.9765;50.1486;46.2242
-14.4681;-27.2209;30.827;50.3181;46.4016
-14.4895;-27.0246;30.6639;50.5075;46.5979
-14.5103;-26.8266;30.4994;50.6982;46.7959
-14.5328;-26.6233;30.3316;50.8945;46.9991
-14.5547;-26.4259;30.169;51.0853;47.1966
-14.5744;-26.2312;30.0082;51.2727;47.3912
-14.5608;-26.0239;29.8205;51.4592;47.5985
-14.5573;-25.8172;29.6386;51.6492;47.8052
-14.5534;-25.6178;29.4631;51.8323;48.0046
-14.5487;-25.4171;29.2864;52.0165;48.2054
-14.5518;-25.219;29.1162;52.2013;48.4035
-14.5552;-25.0041;28.932;52.4019;48.6184
-14.562;-24.8203;28.7767;52.5749;48.8021
-14.5777;-24.6238;28.6155;52.7632;48.9986
-14.5941;-24.4253;28.4532;52.9537;49.1971
-14.6053;-24.2203;28.2832;53.1483;49.4021
-14.6159;-24.0292;28.1252;53.3298;49.5932
-14.6359;-23.842;27.9759;53.5113;49.7804
-14.6617;-23.6396;27.8172;53.7092;49.9829
-14.6916;-23.423;27.6492;53.9217;50.1995
-14.7377;-23.2204;27.5025;54.1271;50.402
-14.7796;-23.0448;27.377;54.3059;50.5776
-14.8237;-22.8532;27.2399;54.5004;50.7693
-14.8744;-22.6576;27.1038;54.701;50.9648
-14.9253;-22.4604;26.9673;54.9033;51.162
-14.9823;-22.2599;26.8323;55.1108;51.3625
-15.0388;-22.0651;26.7027;55.3128;51.5573
-15.1045;-21.87;26.579;55.5185;51.7525
-15.1677;-21.682;26.4607;55.7167;51.9405
-15.2313;-21.4932;26.3429;55.9157;52.1293
-15.3024;-21.308;26.2335;56.114;52.3144
-15.3817;-21.1284;26.1344;56.3101;52.494
-15.4464;-20.9384;26.0194;56.5106;52.684
-15.5195;-20.7577;25.9179;56.7056;52.8647
-15.5991;-20.5796;25.8235;56.9005;53.0429
-15.6881;-20.3914;25.7279;57.1081;53.2311
-15.7655;-20.2037;25.627;57.3111;53.4187
-15.8425;-20.0188;25.5291;57.5113;53.6037
-15.9224;-19.8359;25.4359;57.7107;53.7866
-16.0043;-19.6801;25.3662;57.8856;53.9423
-16.1033;-19.5251;25.309;58.066;54.0974
-16.2008;-19.3607;25.2449;58.2546;54.2617
-16.3031;-19.1886;25.1792;58.4521;54.4339
-16.4206;-19.0121;25.1217;58.6593;54.6103
-16.5109;-18.8485;25.0574;58.8446;54.774
-16.5962;-18.6846;24.9909;59.0284;54.9379
-16.6882;-18.5075;24.9204;59.2268;55.1149
-16.7814;-18.2991;24.8289;59.4549;55.3233
-16.8631;-18.1142;24.7485;59.6568;55.5082
-16.9416;-17.9361;24.6723;59.8513;55.6863
-17.0309;-17.7459;24.5961;60.061;55.8766
-17.1173;-17.5703;24.53;60.2561;56.0522
-17.1908;-17.3889;24.452;60.4518;56.2336
-17.2637;-17.2056;24.3736;60.649;56.4168
-17.3377;-17.0218;24.2968;60.8472;56.6007
-17.4125;-16.8332;24.2188;61.0501;56.7893
-17.4912;-16.6373;24.14;61.2612;56.9852
-17.5597;-16.4471;24.0593;61.4633;57.1754
-17.6326;-16.2543;23.9815;61.6694;57.3682
-17.6896;-16.079;23.9051;61.8534;57.5435
-17.7496;-15.8886;23.8222;62.0525;57.7338
-17.8098;-15.6979;23.7405;62.252;57.9245
-17.88;-15.5023;23.6646;62.4598;58.1202
-17.9486;-15.3111;23.592;62.6627;58.3113
-18.0373;-15.1309;23.5433;62.8629;58.4916
-18.1253;-14.9511;23.496;63.0625;58.6714
-18.2124;-14.7745;23.4516;63.2587;58.8479
-18.2841;-14.6107;23.4047;63.4374;59.0118
-18.3721;-14.428;23.3603;63.6396;59.1944
-18.4357;-14.2571;23.3054;63.822;59.3653
-18.5061;-14.0699;23.2473;64.022;59.5526
-18.5537;-13.8818;23.172;64.2144;59.7407
-18.6157;-13.6871;23.1059;64.4182;59.9353
-18.7097;-13.475;23.057;64.65;60.1474
-18.7955;-13.304;23.0275;64.8406;60.3184
-18.8886;-13.1271;23.0021;65.0393;60.4953
-18.9957;-12.9233;22.975;65.2683;60.6992
-19.0898;-12.7408;22.951;65.4726;60.8817
-19.1899;-12.5477;22.9281;65.6889;61.0747
-19.2884;-12.3749;22.9168;65.8859;61.2476
-19.3975;-12.2006;22.9155;66.0881;61.4218
-19.4999;-12.0438;22.9194;66.2716;61.5786
-19.5905;-11.8859;22.9142;66.4519;61.7366
-19.6899;-11.7122;22.91;66.65;61.9102
-19.8134;-11.5267;22.9224;66.8681;62.0957
-19.9262;-11.3573;22.9356;67.0672;62.2651
-20.035;-11.1979;22.952;67.2557;62.4246
-20.1481;-11.0374;22.9732;67.4467;62.585
-20.2525;-10.8537;22.9775;67.6561;62.7687
-20.3504;-10.6978;22.991;67.8373;62.9246
-20.4504;-10.5241;22.9995;68.0358;63.0983
-20.5499;-10.3767;23.0212;68.2097;63.2458
-20.6635;-10.2091;23.0479;68.4076;63.4133
-20.7805;-10.0382;23.0781;68.61;63.5842
-20.9036;-9.87932;23.1206;68.8035;63.7431
-21.0105;-9.71904;23.1496;68.9923;63.9034
-21.1175;-9.55452;23.1784;69.185;64.0679
-21.2087;-9.39252;23.1954;69.3694;64.2299
-21.308;-9.21873;23.2167;69.5678;64.4037
-21.4101;-9.04294;23.2415;69.7692;64.5795
-21.5095;-8.88439;23.2721;69.9536;64.7381
-21.5873;-8.7364;23.2881;70.12;64.886
-21.6662;-8.55927;23.2956;70.3138;65.0632
-21.7355;-8.35773;23.287;70.5266;65.2647
-21.8038;-8.16842;23.2836;70.7277;65.454
-21.8684;-7.99598;23.2844;70.9117;65.6265
-21.9394;-7.81011;23.2881;71.1107;65.8123
-22.0078;-7.61995;23.2896;71.3125;66.0025
-22.0839;-7.44853;23.3062;71.5;66.1739
-22.1774;-7.25286;23.3332;71.7165;66.3696
-22.2601;-7.09779;23.3643;71.8914;66.5247
-22.354;-6.92109;23.4009;72.0905;66.7014
-22.4379;-6.74939;23.4311;72.2812;66.8731
-22.5372;-6.55884;23.4722;72.4952;67.0636
-22.6298;-6.38135;23.5123;72.6945;67.2411
-22.722;-6.20385;23.5537;72.8938;67.4186
-22.819;-6.02367;23.6007;73.0973;67.5988
-22.9194;-5.84679;23.6534;73.2991;67.7757
-22.9884;-5.68774;23.6816;73.4724;67.9347
-23.0692;-5.50886;23.7178;73.6686;68.1136
-23.1515;-5.32939;23.757;73.8659;68.2931
-23.2352;-5.14724;23.7985;74.0662;68.4752
-23.3041;-4.97175;23.8286;74.2547;68.6507
-23.3912;-4.79214;23.877;74.4539;68.8303
-23.4821;-4.61286;23.9309;74.6543;69.0096
-23.5744;-4.4152;23.9843;74.8722;69.2072
-23.6286;-4.2456;24.007;75.0497;69.3768
-23.6747;-4.02942;24.0152;75.2671;69.593
-23.7202;-3.82502;24.0266;75.4734;69.7974
-23.7639;-3.62903;24.0394;75.6714;69.9934
-23.8016;-3.4255;24.0468;75.8739;70.1969
-23.8367;-3.22919;24.0544;76.0689;70.3933
-23.8675;-3.02879;24.0589;76.266;70.5937
-23.8685;-2.80171;24.0324;76.4767;70.8207
-23.8851;-2.63036;24.0295;76.6416;70.9921
-23.9046;-2.4384;24.0287;76.8268;71.184
-23.925;-2.23952;24.0296;77.0187;71.3829
-23.9508;-2.03781;24.0374;77.2154;71.5846
-23.9679;-1.84153;24.0385;77.4038;71.7809
-23.9906;-1.61807;24.0451;77.6195;72.0044
-24.0257;-1.42281;24.0678;77.8138;72.1996
-24.0681;-1.21837;24.0989;78.0193;72.4041
-24.1;-1.01271;24.1213;78.2221;72.6097
-24.1082;-0.820178;24.1222;78.4039;72.8023
-24.1329;-0.620344;24.1409;78.5986;73.0021
-24.1616;-0.410692;24.1651;78.804;73.2118
-24.1726;-0.222188;24.1736;78.9832;73.4003
-24.1801;-0.0171206;24.1801;79.1766;73.6053
-24.1903;0.155024;24.1908;79.3404;73.7775
-24.1988;0.371813;24.2016;79.5451;73.9943
-24.2184;0.561692;24.2249;79.729;74.1841
-24.2396;0.761945;24.2516;79.9231;74.3844
-24.2608;0.962896;24.2799;80.1179;74.5853
-24.291;1.17102;24.3192;80.3227;74.7935
-24.3273;1.37755;24.3662;80.5282;75
-24.3595;1.57053;24.41;80.7197;75.193
-24.4129;1.77311;24.4772;80.9278;75.3956
-24.4532;1.97161;24.5326;81.1274;75.5941
-24.4853;2.17095;24.5813;81.3248;75.7934
-24.5179;2.36772;24.6319;81.52;75.9902
-24.5472;2.5409;24.6784;81.6921;76.1633
-24.5817;2.74742;24.7348;81.8971;76.3699
-24.6208;2.94186;24.796;82.0926;76.5643
-24.6536;3.14152;24.8529;82.2906;76.764
-24.7194;3.34367;24.9445;82.5029;76.9661
-24.802;3.55721;25.0558;82.7319;77.1797
-24.8759;3.75041;25.157;82.9387;77.3729
-24.9502;3.93701;25.2589;83.1395;77.5595
-25.0249;4.12366;25.3623;83.3406;77.7461
-25.1038;4.30948;25.471;83.5423;77.9319
-25.1803;4.49743;25.5788;83.7452;78.1199
-25.2594;4.6822;25.6897;83.9461;78.3046
-25.3392;4.87563;25.804;84.1553;78.4981
-25.4101;5.06813;25.9106;84.3604;78.6906
-25.4868;5.24845;26.0216;84.5562;78.8709
-25.5773;5.44355;26.1501;84.7708;79.066
-25.6394;5.62638;26.2495;84.9638;79.2488
-25.6976;5.82532;26.3496;85.1703;79.4478
-25.753;6.00827;26.4446;85.3609;79.6307
-25.8167;6.18002;26.546;85.5441;79.8025
-25.8892;6.39766;26.6679;85.7732;80.0201
-25.9639;6.58166;26.7851;85.9718;80.2041
-26.0388;6.76772;26.9039;86.1723;80.3902
-26.1194;6.95768;27.0302;86.3786;80.5801
-26.1955;7.1404;27.1513;86.5765;80.7628
-26.2955;7.33519;27.2994;86.7942;80.9576
-26.3877;7.51444;27.4368;86.9946;81.1369
-26.4774;7.69245;27.5722;87.193;81.3149
-26.5674;7.87102;27.7089;87.3921;81.4935
-26.6551;8.06581;27.8488;87.6054;81.6883
-26.7236;8.25157;27.9685;87.8033;81.874
-26.7915;8.42221;28.0841;87.987;82.0447
-26.8709;8.60454;28.2149;88.1857;82.227
-26.9472;8.79131;28.345;88.3874;82.4138
-26.9908;8.93504;28.4313;88.5372;82.5575
-27.0639;9.09539;28.5513;88.7131;82.7178
-27.1465;9.28154;28.6893;88.9165;82.904
-27.2265;9.46353;28.8243;89.1151;83.086
-27.3092;9.64452;28.9622;89.3138;83.267
-27.3874;9.84923;29.1046;89.5329;83.4717
-27.4535;10.0342;29.2298;89.7292;83.6566
-27.5213;10.2234;29.3588;89.9302;83.8459
-27.5914;10.4112;29.4903;90.1306;84.0336
-27.6582;10.5921;29.617;90.3234;84.2145
-27.7126;10.7915;29.7397;90.529;84.414
-27.757;11.0072;29.8598;90.7462;84.6297
-27.7833;11.212;29.9603;90.9466;84.8344
-27.8157;11.4046;30.063;91.1381;85.0271
-27.8487;11.6018;30.1688;91.3339;85.2243
-27.8693;11.7999;30.2644;91.5261;85.4223
-27.8921;12.0012;30.3644;91.7222;85.6236
-27.9162;12.1951;30.4637;91.9119;85.8176
-27.9377;12.3964;30.5645;92.1076;86.0188
-27.9597;12.5913;30.6641;92.2975;86.2137
-27.9828;12.7916;30.7678;92.4928;86.4141
-28.006;12.9917;30.8726;92.688;86.6141
-28.0323;13.1845;30.9781;92.8776;86.8069
-28.0485;13.3781;31.0756;93.0643;87.0006
-28.0675;13.5878;31.1836;93.2671;87.2102
-28.0594;13.8341;31.2844;93.4946;87.4565
-28.046;14.0318;31.3603;93.6748;87.6542
-28.0144;14.2228;31.4181;93.8425;87.8453
-27.9786;14.4026;31.468;93.9982;88.0251
-27.9481;14.5896;31.527;94.1627;88.212
-27.9145;14.7845;31.588;94.3335;88.4069
-27.8707;14.9876;31.6449;94.5086;88.61
-27.83;15.186;31.7037;94.6806;88.8085
-27.7932;15.3815;31.7656;94.8513;89.004
-27.7639;15.5693;31.8314;95.0174;89.1917
-27.7163;15.7775;31.8923;95.1965;89.4
-27.6723;15.975;31.9524;95.3669;89.5974
-27.6365;16.162;32.0154;95.5304;89.7845
-27.593;16.3969;32.0972;95.7364;90.0193
-27.5518;16.6144;32.1736;95.927;90.2369
-27.4934;16.8209;32.2309;96.1015;90.4433
-27.4469;17.0166;32.2939;96.27;90.639
-27.3862;17.1838;32.3309;96.4071;90.8063
-27.3162;17.3596;32.3656;96.5492;90.9821
-27.2441;17.5506;32.4077;96.7051;91.173
-27.1739;17.7474;32.456;96.8673;91.3698
-27.116;17.9159;32.5001;97.0071;91.5383
-27.0486;18.0997;32.5457;97.1583;91.7222
-27.0083;18.267;32.6057;97.303;91.8894
-26.9605;18.4595;32.6745;97.4692;92.082
-26.8775;18.5999;32.6857;97.5746;92.2223
-26.79;18.7568;32.7035;97.6944;92.3792
-26.6928;18.9314;32.7246;97.8281;92.5539
-26.5888;19.1187;32.7489;97.9717;92.7412
-26.5081;19.2835;32.7801;98.1018;92.9059
-26.4259;19.4605;32.8183;98.2431;93.083
-26.3151;19.6277;32.8288;98.3662;93.2501
-26.2005;19.7947;32.8375;98.4882;93.4172
-26.0873;19.9597;32.8472;98.609;93.5821
-25.9746;20.1169;32.8537;98.7227;93.7394
-25.8525;20.2849;32.8607;98.8441;93.9073
-25.7336;20.4471;32.868;98.9613;94.0696
-25.6016;20.5992;32.8599;99.065;94.2217
-25.4678;20.7489;32.8501;99.1662;94.3714
-25.3305;20.9034;32.8418;99.2712;94.5258
-25.1963;21.065;32.8419;99.3843;94.6874
-25.0678;21.2119;32.8381;99.4853;94.8343
-24.9241;21.3611;32.8254;99.5843;94.9836
-24.7857;21.5053;32.8148;99.6804;95.1277
-24.6475;21.6488;32.805;99.7762;95.2712
-24.5086;21.7802;32.788;99.8605;95.4026
-24.3686;21.9231;32.7788;99.9559;95.5456
-24.23;22.0667;32.7725;100.053;95.6892
-24.0872;22.1886;32.7495;100.128;95.8111
-23.924;22.3254;32.7228;100.211;95.9478
-23.7613;22.4392;32.6821;100.273;96.0617
-23.6243;22.5392;32.6516;100.33;96.1617
-23.4571;22.6577;32.613;100.396;96.2802
-23.2872;22.7732;32.5716;100.459;96.3957
-23.1293;22.8759;32.5311;100.513;96.4983
-22.9605;22.9683;32.4765;100.555;96.5907
-22.7798;23.0337;32.3956;100.568;96.6561
-22.5902;23.1056;32.3139;100.585;96.728
-22.4154;23.1697;32.238;100.598;96.7922
-22.2273;23.2319;32.1524;100.607;96.8544
-22.0387;23.2976;32.07;100.62;96.9201
-21.8591;23.3705;32;100.642;96.9929
-21.671;23.4421;31.9244;100.661;97.0646
-21.4928;23.5219;31.8625;100.691;97.1444
-21.3293;23.5989;31.8095;100.722;97.2214
-21.1376;23.6824;31.7436;100.753;97.3049
-20.9554;23.765;31.6845;100.786;97.3875
-20.7854;23.8451;31.6326;100.819;97.4676
-20.6039;23.9521;31.5947;100.877;97.5745
-20.4436;24.0432;31.5597;100.924;97.6656
-20.2665;24.1438;31.5222;100.977;97.7662
-20.1017;24.2335;31.4856;101.023;97.856
-19.9326;24.3159;31.4416;101.061;97.9384
-19.759;24.4036;31.3999;101.103;98.0261
-19.6085;24.4952;31.3768;101.155;98.1176
-19.4486;24.5924;31.3534;101.211;98.2148
-19.2792;24.7079;31.3396;101.282;98.3303
-19.1145;24.8214;31.3284;101.353;98.4439
-18.9625;24.9338;31.3253;101.426;98.5563
-18.8245;25.0506;31.3352;101.507;98.6731
-18.6493;25.1888;31.3412;101.601;98.8112
-18.4939;25.2944;31.3342;101.667;98.9168
-18.3383;25.3929;31.3224;101.727;99.0153
-18.1611;25.5065;31.3114;101.798;99.129
-17.9983;25.6155;31.3065;101.867;99.238
-17.8138;25.7307;31.2954;101.938;99.3531
-17.6401;25.834;31.282;102;99.4564
-17.4852;25.9497;31.2909;102.078;99.5722
-17.3295;26.0712;31.3053;102.163;99.6937
-17.1724;26.1916;31.3192;102.246;99.8141
-17.0077;26.2999;31.32;102.316;99.9223
-16.8478;26.4119;31.3279;102.391;100.034
-16.6873;26.5256;31.338;102.468;100.148
-16.5321;26.6507;31.3619;102.558;100.273
-16.361;26.7757;31.3787;102.644;100.398
-16.1937;26.8913;31.3908;102.723;100.514
-16.0142;27.0348;31.4219;102.826;100.657
-15.8592;27.1627;31.4536;102.92;100.785
-15.6978;27.3004;31.4918;103.022;100.923
-15.5491;27.4428;31.5417;103.132;101.065
-15.3871;27.5809;31.5827;103.235;101.203
-15.2311;27.7106;31.6206;103.332;101.333
-15.0707;27.8349;31.6529;103.423;101.457
-14.9189;27.9563;31.688;103.512;101.579
-14.7611;28.0829;31.726;103.606;101.705
-14.6156;28.2068;31.7686;103.7;101.829
-14.4752;28.3347;31.818;103.8;101.957
-14.337;28.4666;31.8732;103.903;102.089
-14.1844;28.5972;31.9217;104.003;102.22
-14.0257;28.7388;31.9787;104.113;102.361
-13.8903;28.8816;32.0482;104.229;102.504
-13.7504;29.0282;32.1202;104.348;102.651
-13.6124;29.173;32.1925;104.466;102.795
-13.4731;29.3191;32.2666;104.585;102.942
-13.3284;29.4758;32.3492;104.714;103.098
-13.2096;29.6077;32.4208;104.823;103.23
-13.0749;29.7516;32.4978;104.941;103.374
-12.9347;29.8801;32.5596;105.044;103.503

-12.7861;-29.9834;32.5958;105.153;103.639
-12.6403;-29.8138;32.3827;105.296;103.809
-12.5112;-29.6618;32.1925;105.424;103.961
-12.3806;-29.5326;32.0227;105.53;104.09
-12.2266;-29.4018;31.8427;105.634;104.221
-12.0891;-29.2506;31.6503;105.761;104.372
-11.9698;-29.0984;31.4642;105.892;104.524
-11.8441;-28.9353;31.2655;106.033;104.687
-11.7212;-28.7627;31.0593;106.184;104.86
-11.6108;-28.6099;30.8761;106.317;105.013
-11.4928;-28.4525;30.686;106.455;105.17
-11.3828;-28.3095;30.5122;106.579;105.313
-11.2611;-28.1537;30.3223;106.714;105.469
-11.1553;-27.9901;30.1311;106.86;105.632
-11.0285;-27.8194;29.9257;107.009;105.803
-10.9003;-27.6544;29.7251;107.154;105.968
-10.7734;-27.4901;29.5258;107.297;106.132
-10.6486;-27.3305;29.3317;107.437;106.292
-10.5059;-27.1761;29.1361;107.569;106.446
-10.3536;-27.0143;28.9304;107.707;106.608
-10.209;-26.8781;28.7516;107.822;106.744
-10.0574;-26.7287;28.5583;107.948;106.894
-9.90488;-26.586;28.3712;108.068;107.036
-9.75061;-26.4537;28.1935;108.178;107.169
-9.60315;-26.3298;28.0264;108.281;107.293
-9.46357;-26.1602;27.8193;108.431;107.462
-9.34045;-26.0019;27.6287;108.571;107.621
-9.2087;-25.8541;27.4451;108.7;107.768
-9.08832;-25.6972;27.257;108.84;107.925
-8.96469;-25.5398;27.0674;108.98;108.083
-8.84689;-25.3848;26.8822;109.119;108.238
-8.71869;-25.225;26.6893;109.261;108.397
-8.59391;-25.069;26.5011;109.401;108.553
-8.45782;-24.9088;26.3056;109.543;108.714
-8.32569;-24.7554;26.1179;109.679;108.867
-8.20619;-24.6094;25.9416;109.809;109.013
-8.08763;-24.4721;25.7739;109.932;109.15
-7.95289;-24.31;25.5778;110.077;109.312
-7.82164;-24.181;25.4145;110.189;109.441
-7.66228;-24.0293;25.2214;110.322;109.593
-7.50652;-23.884;25.0359;110.448;109.738
-7.36903;-23.7527;24.8696;110.563;109.87
-7.23126;-23.6305;24.7122;110.669;109.992
-7.11228;-23.4915;24.5445;110.794;110.131
-6.97722;-23.3371;24.3578;110.933;110.285
-6.84621;-23.1874;24.1769;111.068;110.435
-6.6881;-23.0306;23.9821;111.207;110.592
-6.5367;-22.8922;23.8072;111.329;110.73
-6.37237;-22.7518;23.6273;111.452;110.871
-6.21533;-22.6251;23.4633;111.562;110.997
-6.06258;-22.4973;23.2999;111.674;111.125
-5.91669;-22.3683;23.1375;111.788;111.254
-5.7724;-22.234;22.9711;111.908;111.388
-5.62609;-22.098;22.8029;112.029;111.524
-5.49632;-21.9707;22.6478;112.144;111.652
-5.35074;-21.8417;22.4876;112.258;111.781
-5.20589;-21.7071;22.3227;112.379;111.915
-5.06444;-21.5568;22.1437;112.516;112.066
-4.93642;-21.4085;21.9702;112.653;112.214
-4.80032;-21.2688;21.8038;112.78;112.354
-4.66666;-21.1384;21.6474;112.898;112.484
-4.51721;-20.9972;21.4776;113.026;112.625
-4.37935;-20.8727;21.3271;113.139;112.75
-4.23317;-20.7408;21.1683;113.258;112.882
-4.09365;-20.6087;21.0113;113.379;113.014
-3.948;-20.471;20.8482;113.504;113.151
-3.80643;-20.3369;20.69;113.627;113.286
-3.66218;-20.1948;20.5242;113.758;113.428
-3.54053;-20.0346;20.345;113.908;113.588
-3.40561;-19.8609;20.1507;114.071;113.762
-3.29198;-19.7283;20.0011;114.195;113.894
-3.15226;-19.5855;19.8376;114.328;114.037
-3.01462;-19.4501;19.6824;114.453;114.172
-2.86536;-19.3188;19.5302;114.574;114.304
-2.72326;-19.1911;19.3833;114.691;114.431
-2.56017;-19.0503;19.2216;114.821;114.572
-2.40764;-18.9218;19.0743;114.939;114.701
-2.26105;-18.787;18.9225;115.064;114.835
-2.12193;-18.6531;18.7734;115.189;114.969
-1.98238;-18.5262;18.632;115.308;115.096
-1.83907;-18.3845;18.4763;115.44;115.238
-1.70035;-18.2436;18.3226;115.573;115.379
-1.56907;-18.1191;18.1869;115.69;115.503
-1.41697;-17.9769;18.0327;115.823;115.646
-1.27224;-17.841;17.8863;115.951;115.781
-1.119;-17.6914;17.7268;116.092;115.931
-0.977601;-17.5663;17.5935;116.21;116.056
-0.85771;-17.4369;17.458;116.333;116.186
-0.717951;-17.2698;17.2847;116.493;116.353
-0.585959;-17.11;17.1201;116.646;116.512
-0.460176;-16.9527;16.9589;116.797;116.67
-0.353869;-16.7935;16.7973;116.951;116.829
-0.248137;-16.6268;16.6287;117.113;116.996
-0.14664;-16.469;16.4697;117.266;117.153
-0.0276334;-16.3068;16.3068;117.423;117.316
0.0854798;-16.1529;16.1531;117.572;117.47
0.219606;-15.9896;15.9911;117.73;117.633
0.351562;-15.8308;15.8347;117.883;117.792
0.478532;-15.6743;15.6816;118.035;117.948
0.611402;-15.5219;15.5339;118.182;118.101
0.754793;-15.3489;15.3674;118.35;118.274
0.913034;-15.1614;15.1889;118.531;118.461
1.02828;-15.0034;15.0386;118.685;118.619
1.16282;-14.8497;14.8951;118.835;118.773
1.29378;-14.6966;14.7534;118.983;118.926
1.42587;-14.5415;14.6112;119.134;119.081
1.54557;-14.397;14.4797;119.275;119.225
1.68566;-14.2286;14.3281;119.44;119.394
1.80926;-14.0457;14.1618;119.619;119.577
1.94786;-13.8542;13.9905;119.807;119.768
2.06787;-13.6758;13.8313;119.982;119.947
2.1808;-13.5261;13.7008;120.129;120.096
2.29955;-13.3686;13.5649;120.284;120.254
2.41956;-13.2104;13.4301;120.44;120.412
2.54584;-13.081;13.3265;120.566;120.541
2.68497;-12.945;13.2205;120.7;120.677
2.8453;-12.8112;13.1234;120.83;120.811
3.00322;-12.6846;13.0353;120.954;120.938
3.15953;-12.5594;12.9508;121.077;121.063
3.31404;-12.4275;12.8618;121.207;121.195
3.44885;-12.2922;12.7669;121.34;121.33
3.59936;-12.1499;12.6718;121.481;121.473
3.74073;-12.0223;12.5909;121.607;121.6
3.91114;-11.8758;12.5033;121.751;121.747
4.06832;-11.7578;12.4417;121.868;121.865
4.24432;-11.6353;12.3853;121.989;121.987
4.39548;-11.5257;12.3354;122.098;122.097
4.54981;-11.4267;12.2992;122.197;122.196
4.71797;-11.319;12.2629;122.304;122.303
4.87568;-11.2081;12.2227;122.414;122.414
5.04914;-11.085;12.1808;122.537;122.537
5.22235;-10.9702;12.1499;122.652;122.652
5.37875;-10.8675;12.1258;122.756;122.755
5.54924;-10.7599;12.1066;122.864;122.863
5.71482;-10.6489;12.0854;122.976;122.974
5.88321;-10.5389;12.0698;123.087;123.084
6.06306;-10.4167;12.0527;123.21;123.206
6.23339;-10.3;12.0394;123.329;123.322
6.39793;-10.1871;12.0295;123.443;123.435
6.55685;-10.0612;12.0092;123.571;123.561
6.68992;-9.93873;11.9805;123.695;123.684
6.83241;-9.80547;11.9511;123.831;123.817
6.98752;-9.6957;11.9512;123.943;123.927
7.12362;-9.58977;11.9461;124.051;124.033
7.2965;-9.47389;11.958;124.17;124.149
7.46878;-9.36913;11.9818;124.278;124.253
7.62892;-9.24405;11.9855;124.406;124.378
7.79072;-9.13062;12.0026;124.523;124.492
7.95367;-9.01633;12.0231;124.641;124.606
8.11572;-8.90526;12.0486;124.756;124.717
8.28137;-8.78402;12.0723;124.882;124.838
8.43314;-8.66055;12.0881;125.009;124.962
8.60385;-8.52725;12.1136;125.147;125.095
8.74976;-8.40684;12.134;125.272;125.216
8.90384;-8.28163;12.1599;125.402;125.341
9.06575;-8.14231;12.1854;125.546;125.48
9.21755;-8.01165;12.2127;125.682;125.611
9.36903;-7.86694;12.2339;125.832;125.756
9.50684;-7.7306;12.2533;125.973;125.892
9.65517;-7.58253;12.2767;126.126;126.04
9.80873;-7.44127;12.3119;126.273;126.181
9.95311;-7.30479;12.346;126.415;126.318
10.1056;-7.17814;12.3955;126.548;126.444
10.2429;-7.04834;12.4336;126.683;126.574
10.4099;-6.90634;12.4925;126.832;126.716
10.5659;-6.78056;12.5545;126.964;126.842
10.7451;-6.67178;12.648;127.081;126.951
10.9011;-6.58281;12.7345;127.177;127.04
11.1013;-6.50799;12.8683;127.261;127.114
11.2989;-6.44329;13.007;127.335;127.179
11.4922;-6.38049;13.1446;127.408;127.242
11.6813;-6.31635;13.2797;127.482;127.306
11.8733;-6.24959;13.4176;127.558;127.373
12.0712;-6.17656;13.5597;127.642;127.446
12.2824;-6.11811;13.7218;127.712;127.504
12.4676;-6.06634;13.8651;127.775;127.556
12.6611;-6.01362;14.0166;127.839;127.609
12.8581;-5.96409;14.1739;127.9;127.658
13.0526;-5.90694;14.327;127.969;127.716
13.2485;-5.86243;14.4876;128.026;127.76
13.4437;-5.81809;14.6487;128.083;127.804
13.6356;-5.75926;14.8019;128.155;127.863
13.8159;-5.69849;14.9449;128.228;127.924
13.9914;-5.62928;15.0814;128.309;127.993
14.1737;-5.56712;15.2278;128.384;128.055
14.3452;-5.50144;15.3639;128.462;128.121
14.5197;-5.42341;15.4995;128.552;128.199
14.7038;-5.34423;15.6449;128.645;128.278
14.9151;-5.28247;15.8229;128.723;128.34
15.1071;-5.24589;15.992;128.774;128.377
15.3013;-5.2098;16.1639;128.826;128.413
15.4837;-5.1861;16.3292;128.864;128.436
15.6702;-5.16848;16.5006;128.897;128.454
15.8696;-5.14882;16.6839;128.933;128.474
16.0624;-5.13443;16.8631;128.964;128.488
16.2712;-5.11283;17.0555;129.003;128.51
16.4701;-5.09201;17.2393;129.042;128.53
16.6645;-5.06272;17.4166;129.088;128.56
16.8509;-5.0441;17.5897;129.124;128.578
17.0485;-5.02126;17.7725;129.165;128.601
17.2557;-5.00175;17.9659;129.204;128.621
17.4703;-4.99738;18.171;129.229;128.625
17.6226;-4.97858;18.3124;129.262;128.644
17.8132;-4.96545;18.4923;129.294;128.657
18.0028;-4.96984;18.6762;129.309;128.653
18.2067;-4.97461;18.8741;129.324;128.648
18.4031;-4.96087;19.0601;129.358;128.662
18.603;-4.95835;19.2525;129.382;128.664
18.8116;-4.9698;19.457;129.392;128.653
19.011;-4.98043;19.6525;129.403;128.642
19.2183;-4.9889;19.8553;129.418;128.634
19.3977;-4.99189;20.0297;129.434;128.631
19.608;-4.9795;20.2304;129.47;128.643
19.814;-4.95744;20.4247;129.516;128.665
20.0119;-4.93646;20.6118;129.559;128.686
20.204;-4.9008;20.7899;129.617;128.722
20.4014;-4.86591;20.9737;129.675;128.757
20.6024;-4.82561;21.16;129.739;128.797
20.827;-4.79478;21.3718;129.797;128.828
21.0303;-4.77309;21.5652;129.843;128.849
21.2393;-4.75439;21.7649;129.888;128.868
21.4552;-4.74188;21.973;129.927;128.881
21.6533;-4.72954;22.1638;129.965;128.893
21.8677;-4.71665;22.3706;130.005;128.906
22.0635;-4.70224;22.559;130.045;128.92
22.2581;-4.68042;22.7448;130.093;128.942
22.4423;-4.6438;22.9177;130.153;128.979
22.6398;-4.60378;23.1032;130.22;129.019
22.8613;-4.56475;23.3126;130.288;129.058
23.0526;-4.54323;23.4961;130.336;129.079
23.2496;-4.51713;23.6843;130.389;129.105
23.4289;-4.4991;23.857;130.433;129.123
23.6385;-4.47178;24.0577;130.489;129.151
23.8379;-4.44762;24.2492;130.542;129.175
24.0458;-4.41196;24.4472;130.607;129.21
24.2446;-4.37631;24.6364;130.672;129.246
24.4426;-4.3417;24.8252;130.735;129.281
24.6299;-4.29288;25.0012;130.812;129.33
24.8234;-4.23205;25.1816;130.901;129.39
25.0141;-4.20061;25.3643;130.961;129.422
25.2123;-4.16984;25.5548;131.022;129.453
25.4102;-4.13609;25.7446;131.086;129.486
25.6018;-4.08708;25.926;131.164;129.535
25.8027;-4.04407;26.1177;131.238;129.578
25.9953;-4.01312;26.3032;131.3;129.609
26.194;-3.98584;26.4955;131.358;129.637
26.3917;-3.9563;26.6865;131.42;129.666
26.5714;-3.91309;26.858;131.492;129.709
26.7687;-3.85586;27.045;131.581;129.767
26.965;-3.76676;27.2268;131.701;129.856
27.1618;-3.68037;27.41;131.819;129.942
27.3521;-3.60126;27.5881;131.929;130.021
27.519;-3.52421;27.7437;132.034;130.098
27.6976;-3.42979;27.9092;132.157;130.193
27.8605;-3.34424;28.0605;132.27;130.278
28.044;-3.25359;28.2321;132.391;130.369
28.2231;-3.17809;28.4015;132.496;130.444
28.4055;-3.08531;28.5725;132.62;130.537
28.5843;-2.99464;28.7408;132.741;130.628
28.7796;-2.91327;28.9266;132.856;130.709
28.9652;-2.84716;29.1048;132.954;130.775
29.1496;-2.79457;29.2832;133.039;130.828
29.3323;-2.73198;29.4592;133.134;130.89
29.5179;-2.67551;29.6389;133.223;130.947
29.6836;-2.62511;29.7994;133.304;130.997
29.8729;-2.56622;29.9829;133.397;131.056

-29.9476;-2.49843;30.0517;133.497;131.124
-29.7577;-2.42721;29.8565;133.602;131.195
-29.5681;-2.35317;29.6616;133.711;131.269
-29.3805;-2.28226;29.469;133.817;131.34
-29.1688;-2.21929;29.2531;133.919;131.403
-28.9892;-2.15555;29.0693;134.016;131.467
-28.7911;-2.09754;28.8674;134.112;131.525
-28.5899;-2.04114;28.6627;134.207;131.581
-28.3972;-1.98701;28.4666;134.298;131.635
-28.1838;-1.91928;28.2491;134.406;131.703
-28.0028;-1.85569;28.0642;134.505;131.767
-27.8213;-1.78541;27.8785;134.61;131.837
-27.6425;-1.71765;27.6958;134.713;131.905
-27.4411;-1.6517;27.4907;134.819;131.971
-27.2515;-1.58866;27.2977;134.919;132.034
-27.0616;-1.52651;27.1046;135.019;132.096
-26.8783;-1.46348;26.9181;135.119;132.159
-26.6885;-1.39898;26.7251;135.222;132.223
-26.5012;-1.3357;26.5349;135.323;132.287
-26.321;-1.28621;26.3524;135.409;132.336
-26.1363;-1.24863;26.1661;135.485;132.374
-25.9151;-1.20746;25.9432;135.573;132.415
-25.6925;-1.16812;25.7191;135.659;132.454
-25.465;-1.12296;25.4898;135.752;132.499
-25.2533;-1.10506;25.2774;135.816;132.517
-25.0389;-1.08712;25.0625;135.881;132.535
-24.8396;-1.07528;24.8628;135.936;132.547
-24.6166;-1.05442;24.6391;136.006;132.568
-24.4262;-1.03008;24.4479;136.073;132.592
-24.2335;-0.998161;24.254;136.147;132.624
-24.0251;-0.955205;24.044;136.236;132.667
-23.8326;-0.887342;23.8491;136.346;132.735
-23.6424;-0.801884;23.656;136.473;132.821
-23.4681;-0.713328;23.479;136.599;132.909
-23.2906;-0.621938;23.2989;136.729;133.001
-23.1289;-0.542681;23.1353;136.844;133.08
-22.9558;-0.443097;22.9601;136.981;133.179
-22.7825;-0.343587;22.7851;137.119;133.279
-22.613;-0.246972;22.6143;137.253;133.375
-22.4191;-0.139535;22.4195;137.403;133.483
-22.2462;-0.0464048;22.2463;137.534;133.576
-22.0739;0.0278592;22.0739;137.648;133.65
-21.9044;0.105711;21.9047;137.764;133.728
-21.717;0.178882;21.7177;137.88;133.801
-21.534;0.257781;21.5355;138.001;133.88
-21.3547;0.336826;21.3574;138.121;133.959
-21.1719;0.416583;21.176;138.243;134.039
-20.9909;0.499482;20.9969;138.368;134.122
-20.8018;0.56494;20.8095;138.478;134.187
-20.5957;0.636647;20.6055;138.598;134.259
-20.4115;0.705744;20.4237;138.711;134.328
-20.2186;0.771377;20.2334;138.823;134.394
-20.0175;0.837238;20.035;138.937;134.46
-19.8358;0.909121;19.8566;139.053;134.532
-19.6454;0.999291;19.6708;139.188;134.622
-19.4615;1.06094;19.4904;139.294;134.683
-19.2878;1.1301;19.3209;139.406;134.753
-19.0993;1.20043;19.1369;139.522;134.823
-18.9207;1.29652;18.9651;139.661;134.919
-18.7406;1.39471;18.7924;139.803;135.017
-18.5635;1.49552;18.6236;139.946;135.118
-18.3893;1.5936;18.4582;140.086;135.216
-18.2141;1.69251;18.2926;140.227;135.315
-18.0458;1.79375;18.1347;140.369;135.416
-17.8726;1.89665;17.973;140.514;135.519
-17.6885;2.01575;17.803;140.678;135.638
-17.5204;2.12395;17.6486;140.827;135.746
-17.3631;2.23214;17.506;140.973;135.855
-17.1997;2.34557;17.3589;141.126;135.968
-17.0012;2.45818;17.178;141.288;136.081
-16.8254;2.57001;17.0205;141.443;136.192
-16.6548;2.6757;16.8683;141.591;136.298
-16.468;2.78435;16.7017;141.746;136.407
-16.2771;2.88719;16.5312;141.897;136.51
-16.1013;2.97761;16.3743;142.032;136.6
-15.9323;3.07321;16.226;142.17;136.696
-15.7639;3.17331;16.0801;142.313;136.796
-15.5918;3.28281;15.9337;142.466;136.905
-15.4082;3.39411;15.7776;142.623;137.017
-15.2354;3.49842;15.632;142.772;137.121
-15.0816;3.60964;15.5075;142.921;137.232
-14.916;3.72712;15.3746;143.081;137.35
-14.7535;3.84089;15.2453;143.235;137.463
-14.5919;3.96514;15.121;143.4;137.588
-14.4308;4.09537;15.0006;143.57;137.718
-14.2708;4.22469;14.883;143.74;137.847
-14.1069;4.34686;14.7615;143.903;137.969
-13.9383;4.48314;14.6415;144.082;138.106
-13.7791;4.60798;14.5292;144.247;138.23
-13.6279;4.71574;14.4207;144.394;138.338
-13.4641;4.83281;14.3052;144.553;138.455
-13.296;4.95448;14.1891;144.718;138.577
-13.145;5.08726;14.0951;144.888;138.71
-12.9857;5.21585;13.994;145.058;138.838
-12.8271;5.34104;13.8947;145.223;138.963
-12.6696;5.4486;13.7915;145.372;139.071
-12.5181;5.52537;13.6833;145.49;139.148
-12.3428;5.60562;13.5561;145.618;139.228
-12.1645;5.69895;13.4333;145.759;139.321
-11.9893;5.79704;13.3172;145.905;139.419
-11.8013;5.92273;13.2042;146.08;139.545
-11.6353;6.03393;13.1068;146.236;139.656
-11.4545;6.1469;12.9996;146.397;139.769
-11.278;6.24565;12.8919;146.544;139.868
-11.0965;6.38482;12.8023;146.731;140.007
-10.938;6.50665;12.727;146.895;140.129
-10.7758;6.66116;12.6684;147.091;140.284
-10.6204;6.79661;12.609;147.267;140.419
-10.4696;6.92804;12.5543;147.438;140.55
-10.3197;7.05839;12.5027;147.607;140.681
-10.1729;7.19609;12.4608;147.783;140.819
-10.0337;7.32669;12.424;147.95;140.949
-9.88689;7.46077;12.386;148.122;141.083
-9.7348;7.59955;12.3499;148.301;141.222
-9.58703;7.73427;12.3179;148.474;141.357
-9.42524;7.88343;12.2875;148.665;141.506
-9.29164;8.03247;12.2823;148.848;141.655
-9.14751;8.18559;12.2752;149.038;141.808
-9.00036;8.33295;12.2656;149.224;141.955
-8.86308;8.47236;12.2611;149.399;142.095
-8.7354;8.58768;12.2497;149.548;142.21
-8.5851;8.7218;12.2382;149.722;142.344
-8.43644;8.85699;12.2319;149.897;142.479
-8.28535;8.9718;12.2123;150.053;142.594
-8.12821;9.09179;12.1954;150.216;142.714
-7.97219;9.21715;12.1865;150.384;142.84
-7.80577;9.35058;12.1804;150.562;142.973
-7.66528;9.49445;12.2025;150.743;143.117
-7.54063;9.62563;12.2276;150.907;143.248
-7.40359;9.77103;12.2591;151.088;143.393
-7.26806;9.90948;12.2891;151.262;143.532
-7.1278;10.0524;12.323;151.442;143.675
-6.98274;10.1962;12.3581;151.624;143.819
-6.84138;10.3681;12.4219;151.832;143.991
-6.71993;10.5231;12.4857;152.018;144.145
-6.5901;10.6777;12.5476;152.206;144.3
-6.45933;10.8456;12.6234;152.406;144.468
-6.33859;11.0048;12.6997;152.596;144.627
-6.22056;11.1834;12.797;152.803;144.806
-6.10716;11.3738;12.9097;153.019;144.996
-6.00449;11.5409;13.0095;153.21;145.163
-5.90164;11.7125;13.1154;153.406;145.335
-5.79407;11.889;13.2257;153.608;145.511
-5.68392;12.0499;13.3232;153.795;145.672
-5.57545;12.2123;13.4248;153.984;145.835
-5.47334;12.3752;13.5316;154.171;145.998
-5.37404;12.5519;13.6539;154.37;146.174
-5.27277;12.7228;13.7721;154.565;146.345
-5.17449;12.8967;13.8961;154.761;146.519
-5.07295;13.0756;14.0252;154.963;146.698
-4.98632;13.2338;14.142;155.141;146.856
-4.89552;13.414;14.2794;155.341;147.036
-4.81373;13.5939;14.421;155.537;147.216
-4.73698;13.776;14.5676;155.734;147.398
-4.67844;13.9522;14.7157;155.92;147.575
-4.60618;14.1258;14.8578;156.108;147.748
-4.53701;14.2923;14.9951;156.288;147.915
-4.4614;14.4735;15.1455;156.483;148.096
-4.36645;14.6366;15.274;156.668;148.259
-4.25491;14.8127;15.4117;156.871;148.435
-4.14026;15.0043;15.565;157.09;148.627
-4.03488;15.1775;15.7046;157.288;148.8
-3.93275;15.3597;15.8552;157.493;148.982
-3.84094;15.5342;16.002;157.688;149.157
-3.7473;15.7134;16.1541;157.888;149.336
-3.6457;15.8865;16.2994;158.084;149.509
-3.5486;16.0408;16.4286;158.262;149.663
-3.44771;16.2149;16.5774;158.459;149.837
-3.34888;16.3839;16.7226;158.651;150.006
-3.2639;16.5451;16.8639;158.831;150.168
-3.15862;16.7229;17.0186;159.034;150.345
-3.06265;16.8936;17.169;159.227;150.516
-2.96406;17.0669;17.3224;159.423;150.689
-2.85254;17.2422;17.4766;159.625;150.865
-2.75893;17.4114;17.6286;159.815;151.034
-2.67286;17.5983;17.8001;160.02;151.221
-2.59402;17.7852;17.9734;160.222;151.408
-2.49767;17.9714;18.1441;160.43;151.594
-2.4016;18.1393;18.2976;160.62;151.762
-2.30226;18.3123;18.4564;160.816;151.935
-2.20362;18.4842;18.6151;161.011;152.107
-2.10101;18.663;18.7809;161.213;152.285
-2.00263;18.8401;18.9462;161.413;152.463
-1.92053;19.0061;19.1029;161.597;152.629
-1.85452;19.1585;19.2481;161.762;152.781
-1.77332;19.3376;19.4187;161.958;152.96
-1.68895;19.52;19.5929;162.158;153.142
-1.61933;19.7205;19.7868;162.37;153.343
-1.54753;19.9236;19.9836;162.586;153.546
-1.48403;20.105;20.1597;162.778;153.727
-1.41719;20.2943;20.3438;162.979;153.917
-1.35312;20.491;20.5356;163.185;154.113
-1.29907;20.7142;20.7548;163.414;154.337
-1.24989;20.9117;20.949;163.617;154.534
-1.18942;21.0825;21.116;163.798;154.705
-1.14277;21.2662;21.2969;163.987;154.889
-1.09154;21.4584;21.4861;164.185;155.081
-1.03953;21.6478;21.6727;164.381;155.27
-0.989671;21.8421;21.8646;164.581;155.465
-0.939543;22.037;22.057;164.781;155.659
-0.898909;22.2356;22.2538;164.982;155.858
-0.865821;22.4465;22.4632;165.193;156.069
-0.838369;22.6217;22.6373;165.367;156.244
-0.80406;22.8156;22.8298;165.562;156.438
-0.770935;23.0141;23.0271;165.76;156.637
-0.737234;23.2007;23.2124;165.947;156.823
-0.70618;23.3976;23.4082;166.143;157.02
-0.680165;23.6108;23.6206;166.353;157.233
-0.651102;23.8107;23.8196;166.552;157.433
-0.636162;24.0164;24.0248;166.751;157.639
-0.606123;24.2149;24.2225;166.949;157.837
-0.55667;24.4006;24.407;167.14;158.023
-0.505705;24.5942;24.5994;167.34;158.217
-0.426427;24.7999;24.8035;167.56;158.422
-0.346009;24.9871;24.9895;167.764;158.61
-0.265948;25.1677;25.1691;167.96;158.79
-0.184703;25.3596;25.3603;168.168;158.982
-0.109341;25.5388;25.5391;168.362;159.161
-0.031694;25.7232;25.7232;168.562;159.346
0.0515319;25.8876;25.8876;168.744;159.51
0.141412;26.074;26.0743;168.95;159.696
0.224931;26.253;26.2539;169.146;159.875
0.316321;26.452;26.4539;169.364;160.074
0.398062;26.6311;26.6341;169.56;160.254
0.474828;26.8309;26.8351;169.774;160.453
0.5443;27.0185;27.024;169.974;160.641
0.61075;27.2041;27.211;170.171;160.827
0.686909;27.3963;27.4049;170.378;161.019
0.762858;27.5836;27.5941;170.58;161.206
0.83828;27.7687;27.7814;170.779;161.391
0.944775;27.9472;27.9632;170.983;161.57
1.05128;28.1331;28.1527;171.193;161.756
1.14808;28.3119;28.3352;171.394;161.934
1.24243;28.4736;28.5007;171.578;162.096
1.35608;28.6477;28.6798;171.779;162.27
1.48055;28.8163;28.8543;171.98;162.439
1.58259;28.9884;29.0316;172.176;162.611
1.69406;29.1736;29.2227;172.387;162.796
1.7821;29.3365;29.3906;172.57;162.959
1.87437;29.513;29.5724;172.767;163.135
1.95929;29.6953;29.7599;172.967;163.318
2.05666;29.8847;29.9554;173.178;163.507

2.16467;-29.9625;30.0406;173.358;163.66
2.27595;-29.7922;29.879;173.555;163.83
2.38492;-29.6316;29.7274;173.743;163.991
2.49755;-29.4582;29.5639;173.944;164.164
2.5865;-29.2767;29.3907;174.145;164.346
2.6786;-29.1095;29.2325;174.333;164.513
2.77855;-28.9386;29.0717;174.527;164.684
2.88437;-28.7656;28.9099;174.725;164.857
3.00256;-28.591;28.7482;174.929;165.031
3.13737;-28.4092;28.5819;175.146;165.213
3.26303;-28.2461;28.434;175.341;165.376
3.37718;-28.0794;28.2818;175.536;165.543
3.48709;-27.9168;28.1338;175.726;165.706
3.55758;-27.7459;27.9731;175.911;165.877
3.64708;-27.5485;27.7889;176.127;166.074
3.73057;-27.3692;27.6222;176.324;166.253
3.81301;-27.1685;27.4348;176.54;166.454
3.91461;-26.9868;27.2693;176.745;166.636
4.007;-26.8128;27.1106;176.94;166.81
4.09771;-26.6446;26.9578;177.129;166.978
4.20165;-26.458;26.7896;177.34;167.164
4.30339;-26.2917;26.6416;177.53;167.331
4.40985;-26.1102;26.48;177.737;167.512
4.50778;-25.9362;26.3251;177.934;167.686
4.60855;-25.7675;26.1763;178.127;167.855
4.71162;-25.5944;26.0245;178.324;168.028
4.82281;-25.4031;25.8568;178.542;168.219
4.92105;-25.2056;25.6815;178.761;168.417
5.00157;-25.0049;25.5002;178.977;168.618
5.08527;-24.8264;25.3418;179.173;168.796
5.17302;-24.6413;25.1785;179.377;168.981
5.2577;-24.4592;25.0179;179.577;169.163
5.34172;-24.2951;24.8754;179.76;169.327
5.4327;-24.1122;24.7167;179.962;169.51
5.51903;-23.9402;24.5682;180.153;169.682
5.6109;-23.7587;24.4122;180.355;169.864
5.71325;-23.5669;24.2495;180.57;170.056
5.80807;-23.3721;24.083;180.786;170.25
5.90393;-23.1757;23.9159;181.003;170.447
5.99057;-22.9989;23.7663;181.198;170.624
6.07477;-22.8197;23.6144;181.395;170.803
6.16368;-22.6466;23.4704;181.588;170.976
6.25496;-22.4623;23.3169;181.793;171.16
6.32626;-22.2718;23.1528;181.996;171.351
6.40533;-22.0874;22.9974;182.196;171.535
6.47705;-21.8908;22.8289;182.406;171.732
6.54484;-21.7032;22.6686;182.605;171.919
6.60201;-21.5127;22.503;182.804;172.11
6.66248;-21.3249;22.3414;183.001;172.298
6.71763;-21.1392;22.1809;183.194;172.483
6.77274;-20.9422;22.0101;183.398;172.68
6.83258;-20.7499;21.8458;183.6;172.873
6.90361;-20.5849;21.7117;183.779;173.038
6.97484;-20.3968;21.5564;183.98;173.226
7.05754;-20.1931;21.3909;184.2;173.429
7.10395;-20.0019;21.226;184.395;173.62
7.15229;-19.7993;21.0516;184.602;173.823
7.1874;-19.5953;20.8718;184.806;174.027
7.21997;-19.3995;20.6995;185.002;174.223
7.251;-19.2007;20.5242;185.199;174.422
7.28074;-19.0063;20.3531;185.392;174.616
7.31168;-18.8086;20.1798;185.589;174.814
7.30131;-18.6111;19.992;185.772;175.011
7.25533;-18.4263;19.8032;185.93;175.196
7.20477;-18.2194;19.5923;186.108;175.403
7.15743;-18.0254;19.3945;186.275;175.597
7.09878;-17.8299;19.1911;186.44;175.793
7.05072;-17.6439;19.0005;186.6;175.979
7.01643;-17.4534;18.8109;186.768;176.169
6.98261;-17.2531;18.6125;186.945;176.369
6.98747;-17.0475;18.4239;187.141;176.575
6.98996;-16.8599;18.2514;187.319;176.763
6.99019;-16.6677;18.0741;187.5;176.955
6.97283;-16.4583;17.8745;187.692;177.164
6.96028;-16.2625;17.6894;187.873;177.36
6.94964;-16.0669;17.5055;188.054;177.556
6.94166;-15.8644;17.3166;188.243;177.758
6.93889;-15.6838;17.1502;188.412;177.939
6.93379;-15.484;16.9656;188.599;178.138
6.91327;-15.2898;16.7801;188.776;178.333
6.89417;-15.0817;16.5828;188.966;178.541
6.87985;-14.8779;16.3916;189.154;178.745
6.86162;-14.6754;16.2003;189.34;178.947
6.86388;-14.4767;16.0214;189.528;179.146
6.86675;-14.2801;15.8453;189.715;179.342
6.85892;-14.077;15.6591;189.904;179.545
6.79914;-13.8866;15.4618;190.065;179.736
6.73658;-13.6887;15.2565;190.232;179.934
6.67827;-13.4926;15.0549;190.399;180.13
6.62127;-13.3009;14.8578;190.561;180.322
6.55329;-13.1154;14.6615;190.715;180.507
6.50886;-12.915;14.4624;190.89;180.707
6.45821;-12.6908;14.2395;191.086;180.932
6.3962;-12.4935;14.0356;191.253;181.129
6.33904;-12.3134;13.8493;191.405;181.309
6.27568;-12.1207;13.649;191.568;181.502
6.21683;-11.9298;13.4525;191.73;181.693
6.15411;-11.738;13.2535;191.892;181.884
6.09824;-11.5516;13.0624;192.051;182.071
6.0376;-11.3626;12.867;192.21;182.26
5.97544;-11.173;12.6705;192.371;182.449
5.91589;-10.9803;12.4725;192.534;182.642
5.85818;-10.7874;12.2754;192.699;182.835
5.79844;-10.5763;12.0615;192.881;183.046
5.74736;-10.3505;11.8391;193.079;183.272
5.70739;-10.1603;11.6536;193.247;183.462
5.65267;-9.93232;11.4282;193.446;183.69
5.60766;-9.73897;11.238;193.616;183.883
5.56227;-9.54406;11.0466;193.787;184.078
5.5046;-9.35043;10.8504;193.953;184.272
5.44744;-9.1588;10.6564;194.117;184.464
5.38002;-8.97773;10.4663;194.268;184.645
5.31296;-8.78822;10.2694;194.427;184.834
5.2576;-8.58479;10.0668;194.603;185.038
5.18464;-8.40116;9.87218;194.756;185.221
5.10663;-8.20857;9.66738;194.915;185.414
5.03091;-8.02039;9.46767;195.07;185.602
4.96381;-7.84181;9.28081;195.22;185.781
4.8709;-7.65391;9.07238;195.37;185.969
4.79117;-7.46449;8.86983;195.526;186.158
4.71116;-7.27702;8.66891;195.68;186.345
4.64097;-7.09496;8.47803;195.832;186.527
4.56519;-6.90726;8.27957;195.988;186.715
4.48252;-6.72683;8.08352;196.134;186.896
4.39282;-6.53175;7.87151;196.293;187.091
4.3126;-6.31647;7.64829;196.474;187.306
4.2273;-6.11262;7.43197;196.643;187.51
4.14931;-5.92925;7.23691;196.794;187.693
4.07551;-5.74287;7.04204;196.95;187.88
3.99943;-5.55733;6.84685;197.104;188.065
3.92983;-5.3752;6.65855;197.257;188.247
3.87242;-5.1802;6.46762;197.426;188.442
3.82453;-4.99295;6.2894;197.59;188.629
3.77384;-4.79337;6.10068;197.766;188.829
3.71198;-4.61394;5.92176;197.919;189.009
3.63821;-4.43901;5.73945;198.064;189.183
3.56335;-4.25928;5.55328;198.214;189.363
3.48056;-4.07287;5.35748;198.367;189.55
3.39686;-3.89136;5.16539;198.516;189.731
3.28851;-3.71297;4.95988;198.655;189.909
3.18015;-3.52851;4.75013;198.799;190.094
3.08653;-3.35517;4.55892;198.938;190.267
3.00753;-3.18381;4.37971;199.079;190.439
2.91118;-3.00269;4.18224;199.224;190.62
2.80612;-2.8003;3.96434;199.387;190.822
2.71318;-2.62846;3.77758;199.525;190.994
2.61871;-2.43965;3.57904;199.678;191.183
2.55901;-2.2663;3.41828;199.827;191.356
2.47486;-2.06436;3.22281;199.996;191.558
2.40473;-1.8781;3.05123;200.154;191.744
2.34507;-1.68736;2.88903;200.32;191.935
2.2897;-1.4954;2.73476;200.488;192.127
2.23947;-1.29586;2.58737;200.665;192.327
2.18813;-1.09605;2.44729;200.842;192.526
2.15022;-0.883424;2.32462;201.035;192.739
2.12277;-0.676975;2.22811;201.225;192.945
2.06652;-0.464042;2.11798;201.413;193.158
2.00132;-0.276513;2.02034;201.575;193.346
1.93548;-0.0871234;1.93744;201.738;193.535
1.85261;0.105062;1.85558;201.899;193.728
1.76643;0.300697;1.79184;202.062;193.923
1.68838;0.490384;1.75816;202.222;194.113
1.61346;0.648375;1.73886;202.353;194.271
1.51071;0.819903;1.71886;202.489;194.442
1.4073;0.995446;1.72378;202.629;194.618
1.29474;1.15621;1.73585;202.752;194.779
1.1672;1.33774;1.77536;202.891;194.96
1.05355;1.48061;1.81719;202.997;195.103
0.919222;1.63599;1.87655;203.109;195.258
0.788888;1.78729;1.95365;203.219;195.41
0.659572;1.93664;2.04587;203.327;195.559
0.527497;2.08945;2.15501;203.438;195.712
0.395165;2.23549;2.27015;203.542;195.858
0.251056;2.38319;2.39638;203.645;196.006
0.0990102;2.53783;2.53976;203.753;196.16
-0.0376822;2.71164;2.7119;203.883;196.334
-0.160508;2.86735;2.87184;204;196.49
-0.278738;3.01207;3.02494;204.108;196.635
-0.400242;3.16858;3.19376;204.226;196.791
-0.522603;3.31416;3.35512;204.334;196.937
-0.654438;3.46509;3.52635;204.444;197.088
-0.783053;3.60543;3.68948;204.545;197.228
-0.918645;3.7531;3.86389;204.652;197.376
-1.05197;3.89494;4.0345;204.754;197.517
-1.19178;4.03727;4.2095;204.854;197.66
-1.32778;4.17272;4.37888;204.949;197.795
-1.45991;4.3162;4.55641;205.053;197.939
-1.59666;4.45329;4.73087;205.15;198.076
-1.75351;4.59062;4.91413;205.242;198.213
-1.90542;4.72228;5.0922;205.329;198.345
-2.05667;4.85285;5.27068;205.417;198.475
-2.187;4.98076;5.43975;205.507;198.603
-2.32434;5.11567;5.61896;205.602;198.738
-2.467;5.25575;5.80594;205.701;198.878
-2.60234;5.38982;5.98517;205.796;199.012
-2.74277;5.53837;6.18032;205.904;199.161
-2.88272;5.68898;6.37766;206.014;199.311
-2.98355;5.86814;6.58306;206.162;199.491
-3.07752;6.0376;6.77671;206.302;199.66
-3.16881;6.20512;6.96742;206.441;199.828
-3.27984;6.36917;7.16405;206.572;199.992
-3.39197;6.53477;7.36265;206.705;200.157
-3.50743;6.69948;7.56209;206.835;200.322
-3.60306;6.86949;7.75706;206.976;200.492
-3.68444;7.05494;7.9591;207.136;200.677
-3.7702;7.25856;8.17931;207.312;200.881
-3.85032;7.47059;8.40444;207.497;201.093
-3.91631;7.66106;8.60403;207.666;201.284
-3.97282;7.85736;8.80463;207.842;201.48
-4.04493;8.03759;8.99802;207.999;201.66
-4.11901;8.23567;9.20828;208.173;201.858
-4.17295;8.42212;9.39924;208.341;202.045
-4.23258;8.6014;9.58639;208.5;202.224
-4.31078;8.78013;9.78129;208.655;202.403
-4.40472;8.95687;9.98134;208.803;202.579
-4.53245;9.16363;10.2233;208.973;202.786
-4.61594;9.35128;10.4285;209.135;202.974
-4.69235;9.53748;10.6293;209.297;203.16
-4.77649;9.7224;10.8324;209.457;203.345
-4.86016;9.90228;11.0307;209.611;203.525
-4.93464;10.0679;11.2122;209.754;203.69
-5.01634;10.2477;11.4096;209.909;203.87
-5.09408;10.4275;11.6053;210.065;204.05
-5.17485;10.6163;11.8104;210.23;204.239
-5.25217;10.7992;12.0087;210.389;204.422
-5.32954;10.9785;12.2038;210.545;204.601
-5.40754;11.1599;12.401;210.703;204.782
-5.46899;11.3686;12.6157;210.891;204.991
-5.52386;11.5606;12.8125;211.065;205.183
-5.59499;11.749;13.0132;211.232;205.371
-5.68021;11.9229;13.2068;211.381;205.545
-5.74857;12.117;13.4115;211.554;205.739
-5.8103;12.2964;13.6;211.714;205.919
-5.87509;12.4832;13.7966;211.88;206.106
-5.94294;12.6775;14.0013;212.054;206.3
-6.005;12.8731;14.2048;212.23;206.496
-6.06822;13.0655;14.4059;212.402;206.688
-6.12557;13.2444;14.5924;212.563;206.867
-6.19132;13.4253;14.7842;212.724;207.048
-6.25596;13.6139;14.9825;212.893;207.236
-6.31543;13.8097;15.1853;213.07;207.432
-6.3623;13.9909;15.3696;213.236;207.613
-6.42048;14.1791;15.565;213.406;207.802
-6.4612;14.3684;15.7543;213.581;207.991
-6.50413;14.5635;15.9499;213.761;208.186
-6.54654;14.758;16.1448;213.941;208.38
-6.58394;14.9531;16.3384;214.122;208.576
-6.63821;15.1624;16.5518;214.314;208.785
-6.71152;15.3652;16.767;214.495;208.988
-6.78308;15.5499;16.9649;214.659;209.172
-6.85048;15.7434;17.1693;214.832;209.366
-6.92241;15.939;17.3773;215.007;209.561
-6.99351;16.1443;17.5939;215.191;209.767
-7.05116;16.3337;17.7907;215.363;209.956
-7.10997;16.5266;17.9911;215.538;210.149
-7.16453;16.718;18.1885;215.712;210.34
-7.20506;16.8897;18.3623;215.871;210.512
-7.24963;17.0872;18.5615;216.053;210.71
-7.29027;17.2942;18.768;216.246;210.917
-7.33516;17.4898;18.9657;216.427;211.112
-7.3748;17.6863;19.1622;216.61;211.309
-7.44308;17.8838;19.3708;216.788;211.506
-7.52013;18.0527;19.5564;216.936;211.675
-7.60353;18.2332;19.7551;217.094;211.856
-7.6617;18.3986;19.9301;217.243;212.021
-7.72761;18.585;20.1276;217.41;212.207
-7.80648;18.7736;20.332;217.577;212.396
-7.88237;18.9584;20.5318;217.741;212.581
-7.94079;19.1598;20.7401;217.925;212.782
-7.99671;19.3493;20.9367;218.098;212.972
-8.04925;19.5366;21.1298;218.27;213.159
-8.0738;19.7385;21.3259;218.462;213.361
-8.09569;19.9338;21.515;218.648;213.556
-8.11354;20.1265;21.7003;218.832;213.749
-8.11939;20.3056;21.8688;219.006;213.928
-8.12047;20.5064;22.0557;219.202;214.129
-8.12571;20.7065;22.2438;219.396;214.329
-8.13042;20.9036;22.4291;219.587;214.526
-8.13293;21.0993;22.6125;219.778;214.722
-8.12814;21.3071;22.8048;219.982;214.93
-8.12427;21.5066;22.9899;220.178;215.129
-8.12032;21.7067;23.1758;220.374;215.329
-8.10326;21.895;23.3464;220.562;215.517
-8.08561;22.0922;23.5254;220.758;215.715
-8.06463;22.2841;23.6985;220.95;215.907
-8.04276;22.4829;23.8781;221.149;216.105
-8.0168;22.6808;24.0559;221.348;216.303
-7.98108;22.8875;24.2391;221.558;216.51
-7.95362;23.0798;24.4119;221.751;216.702
-7.92476;23.2703;24.5827;221.944;216.893
-7.88841;23.4873;24.7766;222.163;217.11
-7.86491;23.6757;24.9478;222.353;217.298
-7.84349;23.8795;25.1346;222.556;217.502
-7.8257;24.0687;25.309;222.745;217.691
-7.80898;24.2648;25.4904;222.94;217.887
-7.7772;24.4755;25.6814;223.153;218.098
-7.74512;24.6693;25.8565;223.349;218.292
-7.7396;24.84;26.0178;223.517;218.462
-7.73548;25.0378;26.2055;223.711;218.66
-7.73084;25.2321;26.3899;223.902;218.855
-7.71996;25.4329;26.5788;224.101;219.055
-7.69438;25.637;26.7667;224.306;219.259
-7.66281;25.8524;26.9642;224.523;219.475
-7.63388;26.0504;27.1459;224.722;219.673
-7.59548;26.2411;27.3182;224.917;219.864
-7.55566;26.4398;27.4982;225.12;220.062
-7.5215;26.6267;27.6687;225.31;220.249
-7.46445;26.8377;27.8564;225.528;220.46
-7.39953;27.0266;28.0213;225.726;220.649
-7.33506;27.2121;28.1834;225.921;220.835
-7.28038;27.4048;28.3553;226.121;221.027
-7.23173;27.5881;28.5202;226.31;221.211
-7.17524;27.7754;28.6872;226.505;221.398
-7.12167;27.9698;28.8623;226.707;221.592
-7.06885;28.1603;29.034;226.904;221.783
-7.0117;28.3523;29.2064;227.104;221.975
-6.95684;28.5479;29.3833;227.307;222.17
-6.91149;28.7417;29.5611;227.506;222.364
-6.86142;28.9385;29.7408;227.709;222.561
-6.81567;29.1277;29.9145;227.903;222.75
-6.76151;29.3259;30.0953;228.108;222.948
-6.68844;29.5299;30.2779;228.323;223.152
-6.65365;29.6978;30.434;228.495;223.32
-6.61884;29.8996;30.6235;228.699;223.522

-6.61988;-29.9142;30.6379;228.881;223.708
-6.61636;-29.7096;30.4374;229.082;223.913
-6.61216;-29.5105;30.2422;229.277;224.112
-6.58902;-29.3182;30.0495;229.47;224.304
-6.57907;-29.1091;29.8434;229.677;224.513
-6.5407;-28.9117;29.6423;229.878;224.711
-6.50248;-28.7169;29.4439;230.076;224.906
-6.46474;-28.5198;29.2433;230.277;225.103
-6.44091;-28.3175;29.0408;230.479;225.305
-6.40446;-28.1245;28.8445;230.676;225.498
-6.36405;-27.9411;28.6567;230.864;225.681
-6.31951;-27.7478;28.4584;231.062;225.875
-6.28701;-27.5358;28.2444;231.276;226.087
-6.29327;-27.3456;28.0604;231.461;226.277
-6.31139;-27.1349;27.8592;231.663;226.488
-6.33463;-26.9354;27.6703;231.853;226.687
-6.33534;-26.7501;27.4901;232.034;226.872
-6.33483;-26.5512;27.2965;232.229;227.071
-6.33291;-26.3363;27.0871;232.439;227.286
-6.33419;-26.1291;26.8859;232.642;227.493
-6.32664;-25.9308;26.6914;232.837;227.692
-6.30263;-25.7428;26.5031;233.026;227.88
-6.27221;-25.5307;26.2898;233.24;228.092
-6.24523;-25.3298;26.0884;233.442;228.293
-6.22077;-25.1331;25.8915;233.639;228.489
-6.22869;-24.9498;25.7156;233.817;228.673
-6.23937;-24.7517;25.526;234.008;228.871
-6.23489;-24.5332;25.313;234.223;229.089
-6.24082;-24.334;25.1215;234.417;229.288
-6.25481;-24.1217;24.9194;234.621;229.501
-6.26604;-23.9389;24.7453;234.798;229.684
-6.27948;-23.742;24.5584;234.988;229.88
-6.29329;-23.5364;24.3632;235.186;230.086
-6.29475;-23.3241;24.1586;235.393;230.298
-6.28956;-23.1208;23.961;235.593;230.502
-6.25707;-22.9194;23.7582;235.797;230.703
-6.23818;-22.7153;23.5563;236.001;230.907
-6.2346;-22.5203;23.3674;236.192;231.102
-6.21786;-22.3132;23.1633;236.398;231.309
-6.20252;-22.1152;22.9685;236.595;231.507
-6.1989;-21.9117;22.7717;236.795;231.711
-6.19596;-21.7115;22.5783;236.992;231.911
-6.19542;-21.5107;22.3851;237.188;232.112
-6.18944;-21.3076;22.1883;237.388;232.315
-6.17384;-21.1562;22.0386;237.54;232.466
-6.15339;-20.9572;21.8419;237.738;232.665
-6.11921;-20.7644;21.6473;237.934;232.858
-6.07394;-20.5699;21.4479;238.134;233.053
-6.03663;-20.3815;21.2567;238.326;233.241
-5.9956;-20.1817;21.0534;238.53;233.441
-5.95393;-19.9864;20.8544;238.73;233.636
-5.91777;-19.7832;20.6493;238.936;233.839
-5.88354;-19.562;20.4276;239.159;234.06
-5.84432;-19.3695;20.232;239.356;234.253
-5.80747;-19.1863;20.046;239.543;234.436
-5.73944;-18.992;19.8403;239.747;234.63
-5.67195;-18.8014;19.6383;239.947;234.821
-5.62073;-18.6026;19.4332;240.152;235.02
-5.57306;-18.4156;19.2404;240.345;235.207
-5.52621;-18.223;19.0425;240.543;235.399
-5.46129;-18.0207;18.83;240.755;235.602
-5.41732;-17.8244;18.6294;240.956;235.798
-5.37085;-17.6286;18.4286;241.157;235.994
