#1 AntPos X;#2 AntPos Y;#3 Distance form nest;#4 Total Distance;#5 Total Y Distance
-2.7043;-1.44335;3.06537;0.194662;0.0515132
-2.5038;-1.36378;2.85113;0.409752;0.131079
-2.31947;-1.29117;2.65463;0.607706;0.203688
-2.13132;-1.20973;2.45071;0.812381;0.285127
-1.95119;-1.12084;2.2502;1.01246;0.374024
-1.7604;-1.0338;2.04151;1.22195;0.461061
-1.56643;-0.951003;1.83251;1.43283;0.543858
-1.35869;-0.884591;1.62128;1.65032;0.610271
-1.18081;-0.817844;1.43638;1.84027;0.677017
-0.976999;-0.74035;1.22582;2.0583;0.754511
-0.788653;-0.671828;1.03601;2.25866;0.823033
-0.629117;-0.58808;0.861177;2.43783;0.906781
-0.462315;-0.491254;0.674586;2.62882;1.00361
-0.287683;-0.394613;0.488345;2.82721;1.10025
-0.111944;-0.304495;0.32442;3.02421;1.19037
0.0683508;-0.211242;0.222024;3.22669;1.28362
0.253559;-0.130113;0.284994;3.42888;1.36475
0.430419;-0.0528429;0.433651;3.62189;1.44202
0.613641;0.0272843;0.614247;3.82186;1.52215
0.797613;0.104967;0.80449;4.02155;1.59983
0.982204;0.180875;0.998719;4.22111;1.67574
1.17399;0.258316;1.20207;4.42788;1.75318
1.37143;0.35485;1.41659;4.64741;1.84971
1.55197;0.447877;1.6153;4.85008;1.94274
1.73128;0.542912;1.81441;5.05247;2.03777
1.90056;0.63708;2.0045;5.24539;2.13194
2.07523;0.72712;2.19892;5.44158;2.22198
2.25106;0.823326;2.3969;5.6414;2.31819
2.42537;0.913756;2.59179;5.83747;2.40862
2.59016;0.987785;2.77212;6.01813;2.48265
2.78423;1.07377;2.98411;6.23038;2.56863
2.96965;1.14421;3.18246;6.42837;2.63907
3.15223;1.23222;3.38452;6.63099;2.72708
3.32657;1.30588;3.5737;6.82019;2.80074
3.49768;1.38766;3.76289;7.0098;2.88252
3.70302;1.4485;3.97625;7.22205;2.94336
3.88924;1.51507;4.17393;7.41925;3.00993
4.07241;1.58335;4.36939;7.61438;3.07821
4.26861;1.64834;4.57581;7.82013;3.1432
4.46144;1.71449;4.77953;8.0233;3.20935
4.64964;1.79183;4.98296;8.22673;3.28669
4.83626;1.87065;5.18543;8.42929;3.36551
5.02171;1.96043;5.39081;8.63517;3.45529
5.20365;2.05072;5.59316;8.83805;3.54558
5.38646;2.17799;5.81013;9.05666;3.67285
5.55143;2.29229;6.00608;9.25389;3.78715
5.71567;2.40715;6.20187;9.45082;3.90201
5.87181;2.52264;6.39077;9.64081;4.0175
6.02985;2.61869;6.57394;9.82452;4.11355
6.2076;2.73461;6.78324;10.0345;4.22947
6.37561;2.84181;6.98028;10.2321;4.33667
6.53176;2.95479;7.16901;10.4215;4.44965
6.70438;3.07417;7.37558;10.6286;4.56903
6.86769;3.18479;7.57021;10.8236;4.67965
7.03472;3.29214;7.76695;11.0207;4.787
7.19842;3.4065;7.96376;11.2179;4.90136
7.36148;3.50697;8.15416;11.4084;5.00183
7.53353;3.60053;8.34972;11.6041;5.0954
7.73312;3.68567;8.56653;11.8208;5.18053
7.93064;3.75927;8.77651;12.0306;5.25413
8.10124;3.83454;8.96291;12.217;5.3294
8.27153;3.92666;9.15624;12.4104;5.42152
8.44735;4.00884;9.35032;12.6045;5.50371
8.62495;4.09099;9.54599;12.8001;5.58585
8.78517;4.1599;9.72029;12.9743;5.65476
8.96815;4.23881;9.91944;13.1734;5.73367
9.15023;4.29568;10.1084;13.3621;5.79054
9.33732;4.36007;10.3051;13.5587;5.85493
9.52702;4.42452;10.5043;13.7576;5.91938
9.73423;4.4716;10.7122;13.965;5.96646
9.92903;4.51272;10.9064;14.1588;6.00759
10.1153;4.56679;11.0984;14.3504;6.06165
10.3262;4.62167;11.3133;14.5648;6.11653
10.5277;4.6692;11.5167;14.7677;6.16406
10.7083;4.71143;11.6989;14.9495;6.20629
10.9105;4.74767;11.8987;15.1486;6.24253
11.1088;4.77713;12.0924;15.3415;6.27199
11.3237;4.8121;12.3037;15.552;6.30696
11.5149;4.84635;12.4932;15.7407;6.34121
11.7106;4.88291;12.6878;15.9346;6.37777
11.8898;4.92211;12.8683;16.1146;6.41697
12.0833;4.95612;13.0603;16.3057;6.45098
12.272;4.99789;13.2507;16.4956;6.49275
12.4717;5.04576;13.4537;16.698;6.54062
12.6668;5.08829;13.6506;16.8942;6.58315
12.8634;5.13252;13.8495;17.0925;6.62738
13.0598;5.17403;14.0474;17.2898;6.66889
13.2474;5.21518;14.237;17.4787;6.71004
13.4175;5.28133;14.4195;17.6612;6.77619
13.6405;5.35919;14.6555;17.897;6.85405
13.8311;5.41201;14.8522;18.0933;6.90687
14.0126;5.45345;15.0364;18.2769;6.94831
14.2177;5.51431;15.2496;18.4898;7.00917
14.4222;5.57648;15.4627;18.7026;7.07134
14.6117;5.63131;15.6593;18.8987;7.12617
14.7953;5.67332;15.8457;19.0846;7.16818
14.9843;5.72337;16.0402;19.2787;7.21823
15.1899;5.74887;16.2414;19.4789;7.24373
15.398;5.78338;16.4483;19.685;7.27824
15.5971;5.81529;16.6459;19.8818;7.31015
15.7956;5.84658;16.8429;20.0779;7.34144
15.9976;5.89351;17.0486;20.2831;7.38837
16.1999;5.94716;17.257;20.4911;7.44202
16.3993;5.98803;17.4584;20.6918;7.48289
16.604;6.0465;17.6707;20.9038;7.54136
16.8115;6.11476;17.889;21.1219;7.60963
16.9928;6.1744;18.0798;21.3125;7.66926
17.1732;6.25676;18.2775;21.5105;7.75162
17.3668;6.33679;18.4868;21.72;7.83165
17.555;6.40129;18.6857;21.9187;7.89616
17.7408;6.46886;18.8834;22.1164;7.96372
17.9202;6.56453;19.0847;22.3182;8.05939
18.093;6.67521;19.2851;22.5193;8.17007
18.2598;6.78726;19.4804;22.7154;8.28212
18.4111;6.91877;19.6682;22.9044;8.41363
18.5608;7.045;19.8529;23.0901;8.53987
18.7147;7.16792;20.0404;23.2786;8.66278
18.8921;7.27146;20.2432;23.4819;8.76632
19.0857;7.37438;20.4609;23.6999;8.86924
19.2588;7.46599;20.6554;23.8947;8.96085
19.4282;7.55624;20.8459;24.0856;9.05111
19.5976;7.64752;21.0369;24.2769;9.14238
19.7716;7.72997;21.229;24.4691;9.22483
19.9469;7.79513;21.416;24.6561;9.28999
20.135;7.8628;21.6158;24.8558;9.35766
20.3216;7.93373;21.8154;25.0553;9.42859
20.5116;8.00584;22.0186;25.2585;9.5007
20.6962;8.0786;22.2171;25.457;9.57346
20.897;8.14727;22.429;25.6688;9.64213
21.0833;8.20393;22.6232;25.8627;9.69879
21.2832;8.26286;22.8309;26.0702;9.75772
21.4682;8.31375;23.0218;26.2608;9.80861
21.6543;8.36527;23.2139;26.4527;9.86013
21.8487;8.42275;23.416;26.6545;9.91761
22.0416;8.4367;23.601;26.8388;9.93156
22.241;8.45096;23.7924;27.0294;9.94582
22.4346;8.4557;23.9752;27.2113;9.95056
22.6346;8.46049;24.1641;27.3992;9.95535
22.8466;8.46525;24.3645;27.5986;9.96012
23.0388;8.47305;24.5475;27.7807;9.96791
23.2482;8.47334;24.7442;27.9764;9.96821
23.4419;8.46343;24.9229;28.1539;9.95829
23.6341;8.45856;25.1022;28.3321;9.95342
23.8312;8.43573;25.2802;28.5087;9.9306
24.0254;8.4074;25.454;28.6811;9.90226
24.2129;8.37256;25.6196;28.8451;9.86742
24.4103;8.33714;25.7948;29.0187;9.832
24.6169;8.29932;25.9782;29.2004;9.79418
24.8064;8.26658;26.1476;29.3682;9.76144
25.0041;8.23173;26.3243;29.5432;9.72659
25.2075;8.22301;26.5149;29.7325;9.71787
25.4075;8.22335;26.7052;29.9217;9.71821
25.6145;8.2101;26.8981;30.1132;9.70496
25.809;8.20194;27.0809;30.2949;9.6968
26.0101;8.19293;27.27;30.4826;9.68779
26.207;8.17545;27.4526;30.6638;9.67031
26.4252;8.1657;27.6581;30.8679;9.66056
26.6299;8.15382;27.8502;31.0587;9.64868
26.8291;8.14985;28.0396;31.2468;9.64471
27.0015;8.14107;28.2021;31.4082;9.63593
27.2181;8.14917;28.4118;31.6168;9.64403
27.4131;8.15828;28.6013;31.8054;9.65314
27.6135;8.14395;28.7894;31.9921;9.63881
27.8133;8.13022;28.9772;32.1786;9.62508
28.0032;8.10851;29.1535;32.3534;9.60337
28.2001;8.10056;29.3405;32.539;9.59542
28.3999;8.09245;29.5303;32.7277;9.58731
28.5976;8.08806;29.7193;32.9155;9.58292
28.7912;8.09974;29.9089;33.1041;9.5946
28.9956;8.11218;30.109;33.3034;9.60704
29.2035;8.10485;30.3073;33.5004;9.59971
29.3949;8.08963;30.4878;33.6795;9.58449
29.5944;8.07364;30.6759;33.8663;9.5685
29.7969;8.05662;30.8669;34.0558;9.55148

-29.9968;8.03398;31.054;34.2476;9.52884
-29.8041;7.99569;30.858;34.4221;9.49055
-29.6127;7.95355;30.6622;34.5946;9.44841
-29.4197;7.92599;30.4686;34.7728;9.42085
-29.2302;7.88437;30.2749;34.944;9.37923
-29.0303;7.8424;30.071;35.1255;9.33727
-28.8415;7.78799;29.8745;35.2932;9.28285
-28.6574;7.76071;29.6897;35.4637;9.25557
-28.4628;7.72649;29.4929;35.6427;9.22135
-28.277;7.68603;29.3029;35.8119;9.18089
-28.0902;7.65554;29.1147;35.9847;9.15041
-27.8672;7.6204;28.8903;36.1915;9.11526
-27.6556;7.59001;28.6782;36.3888;9.08487
-27.4533;7.57111;28.4782;36.58;9.06597
-27.2393;7.54917;28.266;36.782;9.04403
-27.0352;7.53172;28.0647;36.9756;9.02658
-26.8304;7.50479;27.8602;37.1677;8.99965
-26.6328;7.47858;27.6628;37.3531;8.97345
-26.4355;7.45352;27.4662;37.5387;8.94839
-26.2406;7.44126;27.2753;37.7251;8.93612
-26.0361;7.41729;27.0721;37.9181;8.91215
-25.8399;7.39739;26.8779;38.1042;8.89225
-25.6334;7.37051;26.672;38.2988;8.86537
-25.413;7.32433;26.4475;38.5026;8.81919
-25.2164;7.27198;26.244;38.6822;8.76685
-25.0282;7.2154;26.0475;38.8528;8.71026
-24.8495;7.15938;25.8603;39.0144;8.65424
-24.6463;7.11237;25.652;39.2023;8.60723
-24.4518;7.06739;25.4527;39.3822;8.56225
-24.2489;7.02149;25.245;39.5704;8.51636
-24.0559;6.97966;25.048;39.75;8.47452
-23.8562;6.93722;24.8443;39.9362;8.43208
-23.6469;6.91959;24.6385;40.137;8.41445
-23.4581;6.87193;24.444;40.3117;8.36679
-23.261;6.82359;24.2412;40.4946;8.31845
-23.0762;6.77619;24.0505;40.6658;8.27105
-22.892;6.72099;23.8582;40.8351;8.21585
-22.6876;6.67866;23.6502;41.0269;8.17352
-22.479;6.63844;23.4388;41.2233;8.1333
-22.2813;6.60477;23.2396;41.4106;8.09963
-22.0981;6.59402;23.061;41.5881;8.08888
-21.8953;6.57703;22.8618;41.7838;8.07189
-21.6999;6.56447;22.6711;41.9732;8.05933
-21.4964;6.54425;22.4705;42.169;8.03911
-21.2983;6.52689;22.2759;42.3602;8.02175
-21.0981;6.52133;22.083;42.5557;8.01619
-20.8861;6.5388;21.8857;42.7673;8.03366
-20.6785;6.54719;21.6902;42.9727;8.04205
-20.4825;6.56168;21.5079;43.168;8.05654
-20.2954;6.58626;21.3373;43.3564;8.08112
-20.0964;6.61383;21.1567;43.5571;8.10869
-19.898;6.64895;20.9795;43.7585;8.14381
-19.6991;6.68533;20.8026;43.9607;8.18019
-19.5098;6.72795;20.6373;44.1546;8.22281
-19.3045;6.76057;20.4541;44.3624;8.25543
-19.0973;6.78549;20.267;44.5706;8.28035
-18.8989;6.7986;20.0846;44.768;8.29346
-18.6981;6.80729;19.8987;44.967;8.30215
-18.4905;6.81365;19.7059;45.1722;8.30851
-18.2904;6.81974;19.5205;45.37;8.3146
-18.088;6.82899;19.3342;45.5707;8.32385
-17.9106;6.84538;19.1742;45.7481;8.34024
-17.6958;6.85652;18.9777;45.9613;8.35138
-17.4877;6.86349;18.7864;46.1672;8.35835
-17.2913;6.87072;18.6064;46.3617;8.36559
-17.1007;6.86846;18.4285;46.5488;8.36332
-16.9397;6.87724;18.2825;46.7087;8.3721
-16.7429;6.89214;18.106;46.905;8.387
-16.5392;6.90174;17.9215;47.1072;8.3966
-16.3386;6.90785;17.7389;47.3057;8.40271
-16.1403;6.91278;17.5583;47.5017;8.40764
-15.9541;6.91838;17.3896;47.686;8.41324
-15.7535;6.91995;17.2064;47.8837;8.41481
-15.5508;6.90719;17.0158;48.081;8.40205
-15.3707;6.88251;16.8413;48.254;8.37737
-15.1699;6.84774;16.6438;48.4459;8.34261
-14.9589;6.81596;16.4385;48.6483;8.31082
-14.7618;6.78313;16.2456;48.8369;8.27799
-14.5667;6.75024;16.0548;49.0236;8.2451
-14.373;6.71699;15.8651;49.209;8.21185
-14.1825;6.67743;15.6759;49.3903;8.17229
-13.9819;6.64062;15.4788;49.5821;8.13548
-13.7972;6.61895;15.3027;49.7608;8.11381
-13.5861;6.60041;15.1046;49.9661;8.09527
-13.3915;6.57297;14.9177;50.1537;8.06783
-13.1951;6.54846;14.7306;50.3437;8.04332
-12.9839;6.51448;14.5265;50.5467;8.00934
-12.7795;6.50585;14.3402;50.7472;8.00071
-12.5755;6.50166;14.1568;50.9479;7.99652
-12.3742;6.48223;13.9693;51.1438;7.97709
-12.1648;6.46687;13.7769;51.3482;7.96173
-11.9624;6.44746;13.5893;51.5452;7.94232
-11.751;6.41926;13.39;51.7498;7.91412
-11.5562;6.40605;13.213;51.9403;7.90091
-11.3327;6.39091;13.0105;52.1589;7.88577
-11.1168;6.34205;12.7986;52.365;7.83691
-10.925;6.29408;12.6084;52.5475;7.78894
-10.7381;6.24145;12.4202;52.7246;7.73632
-10.5553;6.18466;12.2338;52.8971;7.67952
-10.3625;6.09031;12.0197;53.0743;7.58517
-10.1745;6.0135;11.8188;53.2495;7.50836
-9.97486;5.90997;11.5942;53.4327;7.40483
-9.7996;5.82264;11.3989;53.5943;7.3175
-9.60932;5.72295;11.1844;53.7693;7.21781
-9.43389;5.63073;10.9865;53.9309;7.12559
-9.26016;5.54669;10.7943;54.0921;7.04155
-9.08021;5.45972;10.5952;54.2594;6.95458
-8.89822;5.3711;10.3936;54.4286;6.86596
-8.71923;5.29344;10.2003;54.5965;6.7883
-8.53323;5.21769;10.002;54.7717;6.71255
-8.35801;5.16308;9.82414;54.9389;6.65794
-8.16994;5.09734;9.62969;55.1177;6.5922
-7.9732;5.02935;9.4269;55.305;6.52421
-7.78578;4.97786;9.24108;55.4851;6.47272
-7.58214;4.90765;9.03183;55.6792;6.40251
-7.38439;4.85362;8.83668;55.8695;6.34849
-7.18381;4.80968;8.64524;56.0638;6.30454
-6.98745;4.76735;8.45885;56.2542;6.26221
-6.78155;4.73103;8.26874;56.4548;6.22589
-6.5841;4.69568;8.08701;56.6472;6.19054
-6.38131;4.66648;7.90552;56.8456;6.16134
-6.17963;4.6415;7.72861;57.0434;6.13637
-5.97568;4.60441;7.54383;57.2422;6.09927
-5.77612;4.57648;7.36938;57.4377;6.07135
-5.58742;4.54156;7.20035;57.6217;6.03642
-5.39084;4.50584;7.02593;57.8134;6.0007
-5.19406;4.47009;6.85274;58.0055;5.96496
-4.99917;4.43276;6.68139;58.1955;5.92762
-4.78307;4.39898;6.49836;58.4071;5.89384
-4.56851;4.37355;6.32449;58.618;5.86841
-4.36206;4.35741;6.1656;58.8218;5.85227
-4.1566;4.33418;6.0052;59.024;5.82904
-3.95141;4.31028;5.84741;59.2258;5.80514
-3.76627;4.28742;5.70673;59.4078;5.78228
-3.56212;4.26963;5.56044;59.6093;5.76449
-3.37264;4.25308;5.42802;59.7963;5.74794
-3.15501;4.22651;5.27422;60.0104;5.72137
-2.95842;4.20296;5.13976;60.2038;5.69782
-2.74677;4.17285;4.99574;60.4117;5.66772
-2.55728;4.13029;4.85788;60.5964;5.62515
-2.37687;4.1008;4.73984;60.7733;5.59567
-2.16393;4.069;4.60862;60.9824;5.56386
-1.9675;4.0358;4.48985;61.175;5.53066
-1.80137;4.00937;4.39545;61.3381;5.50423
-1.60458;3.96839;4.28052;61.5305;5.46325
-1.40877;3.92468;4.16986;61.7216;5.41954
-1.20937;3.88278;4.06676;61.9166;5.37764
-1.0156;3.83726;3.96939;62.1057;5.33213
-0.810068;3.79628;3.88175;62.307;5.29114
-0.631536;3.78023;3.83262;62.4836;5.27509
-0.42136;3.76129;3.78482;62.6914;5.25615
-0.236793;3.72433;3.73185;62.8722;5.21919
-0.0300429;3.67528;3.6754;63.0742;5.17014
0.155697;3.63558;3.63891;63.2561;5.13044
0.337557;3.57652;3.59242;63.4326;5.07138
0.523704;3.49319;3.53222;63.6116;4.98805
0.700345;3.3998;3.47118;63.7805;4.89466
0.889345;3.30757;3.42504;63.9619;4.80243
1.09581;3.21309;3.39481;64.1608;4.70795
1.27852;3.13653;3.3871;64.3375;4.63139
1.46033;3.0597;3.39033;64.5133;4.55456
1.64196;2.9828;3.40487;64.6891;4.47766
1.80306;2.88562;3.40262;64.8432;4.38048
1.96993;2.78026;3.40741;65.0027;4.27512
2.1299;2.66899;3.41467;65.1551;4.16385
2.28643;2.55799;3.4309;65.3043;4.05285
2.4444;2.44758;3.45915;65.4553;3.94244
2.60999;2.34403;3.50807;65.6144;3.83889
2.77752;2.22368;3.558;65.7747;3.71854
2.9487;2.08476;3.61125;65.938;3.57963
3.09387;1.94992;3.65708;66.0758;3.44478
3.25021;1.82447;3.72728;66.2255;3.31933
3.39248;1.70442;3.79657;66.3617;3.19928
3.54907;1.58197;3.88568;66.5123;3.07683
3.71855;1.45097;3.9916;66.6757;2.94583
3.8778;1.32894;4.0992;66.8295;2.82381
4.03795;1.1882;4.20914;66.9837;2.68306
4.17722;1.04366;4.30563;67.1173;2.53852
4.32959;0.905455;4.42325;67.2645;2.40032
4.47292;0.796494;4.54328;67.4039;2.29136
4.61689;0.682135;4.66701;67.544;2.177
4.76868;0.55998;4.80144;67.6919;2.05484
4.93121;0.434342;4.9503;67.8507;1.9292
5.08359;0.329474;5.09425;68.0001;1.82434
5.26339;0.220568;5.26801;68.177;1.71543
5.43709;0.124232;5.43851;68.3483;1.61909
5.64232;0.0310767;5.64241;68.5513;1.52594
5.81991;-0.0528186;5.82015;68.7271;1.44204
6.00089;-0.14135;6.00256;68.9062;1.35351
6.18408;-0.238775;6.18869;69.0875;1.25609
6.35742;-0.335486;6.36627;69.2591;1.15937
6.50543;-0.445129;6.52064;69.4054;1.04973
6.66457;-0.562022;6.68823;69.5629;0.93284
6.82478;-0.679108;6.85848;69.7216;0.815753
6.98268;-0.792736;7.02754;69.8782;0.702125
7.14536;-0.910196;7.2031;70.0398;0.584665
7.32203;-1.02887;7.39397;70.2156;0.465992
7.48711;-1.13969;7.57336;70.38;0.355175
7.65603;-1.22006;7.75263;70.5486;0.2748
7.83403;-1.29312;7.94004;70.7263;0.201737
8.01848;-1.36403;8.13367;70.9106;0.13083
8.20198;-1.43795;8.32707;71.094;0.0569136
8.36089;-1.49853;8.49412;71.2529;-0.00366932
8.53421;-1.55076;8.67396;71.4263;-0.0558999
8.7404;-1.6252;8.89022;71.6325;-0.130342
8.92792;-1.69082;9.08662;71.8202;-0.195955
9.1196;-1.75712;9.28733;72.0121;-0.262257
9.2991;-1.81113;9.47383;72.1918;-0.316267
9.48217;-1.87408;9.66559;72.3752;-0.37922
9.67157;-1.94186;9.86458;72.565;-0.446995
9.86714;-2.01219;10.0702;72.761;-0.517328
10.0431;-2.09815;10.2599;72.9376;-0.603294
10.2175;-2.18967;10.4495;73.1128;-0.694809
10.3939;-2.29859;10.645;73.2903;-0.803726
10.5642;-2.40055;10.8336;73.4618;-0.905693
10.7427;-2.48388;11.0261;73.6414;-0.989014
10.9256;-2.57539;11.225;73.8255;-1.08052
11.0827;-2.67733;11.4015;73.9842;-1.18247
11.2559;-2.78286;11.5948;74.1591;-1.28799
11.4284;-2.88917;11.7879;74.3335;-1.39431
11.591;-3.00754;11.9748;74.4984;-1.51268
11.7386;-3.11589;12.1451;74.6482;-1.62103
11.877;-3.22924;12.3081;74.7891;-1.73438
12.0221;-3.34618;12.4791;74.937;-1.85132
12.1823;-3.46897;12.6666;75.1003;-1.97411
12.3372;-3.57627;12.8451;75.258;-2.08141
12.5069;-3.6905;13.04;75.4309;-2.19564
12.6708;-3.8025;13.2291;75.5981;-2.30764
12.8588;-3.90993;13.4401;75.7893;-2.41507
13.0402;-4.01319;13.6438;75.974;-2.51833
13.2294;-4.1227;13.8569;76.1668;-2.62784
13.3967;-4.22131;14.0461;76.3375;-2.72645
13.568;-4.32598;14.241;76.5125;-2.83112
13.7329;-4.42793;14.4291;76.681;-2.93307
13.8932;-4.55172;14.6198;76.8461;-3.05686
14.0564;-4.67463;14.8133;77.0141;-3.17977
14.2054;-4.78811;14.9906;77.1677;-3.29325
14.3624;-4.91978;15.1816;77.3303;-3.42492
14.5299;-5.03343;15.377;77.5027;-3.53857
14.6959;-5.15424;15.5736;77.6742;-3.65938
14.8588;-5.26464;15.7639;77.8422;-3.76978
15.0171;-5.39055;15.9553;78.0065;-3.89569
15.1749;-5.52099;16.148;78.1707;-4.02613
15.345;-5.63911;16.3484;78.3468;-4.14425
15.5294;-5.75589;16.5618;78.5371;-4.26103
15.6998;-5.85287;16.7553;78.7125;-4.35801
15.8634;-5.9428;16.9401;78.881;-4.44794
16.0429;-6.03489;17.1405;79.0654;-4.54003
16.2254;-6.13124;17.3452;79.2532;-4.63638
16.4139;-6.23685;17.5589;79.4476;-4.74199
16.596;-6.32579;17.7607;79.6346;-4.83093
16.7756;-6.4136;17.9598;79.8194;-4.91873
16.9659;-6.52047;18.1758;80.016;-5.02561
17.159;-6.61725;18.3907;80.2147;-5.12239
17.3431;-6.70742;18.595;80.4043;-5.21256
17.5263;-6.80255;18.8002;80.5933;-5.30769
17.6878;-6.90772;18.9888;80.7614;-5.41286
17.8614;-7.02086;19.1917;80.9423;-5.526
18.029;-7.1335;19.389;81.1173;-5.63864
18.1954;-7.23262;19.5802;81.2902;-5.73776
18.3818;-7.3476;19.7959;81.4843;-5.85274
18.5473;-7.46262;19.9923;81.6577;-5.96775
18.7155;-7.56613;20.187;81.8331;-6.07127
18.8864;-7.65845;20.3801;82.0104;-6.16359
19.0729;-7.751;20.5877;82.2033;-6.25614
19.248;-7.83791;20.7826;82.3845;-6.34305
19.4409;-7.91112;20.9889;82.5826;-6.41626
19.6368;-7.97181;21.1932;82.7826;-6.47695
19.8301;-8.03043;21.3944;82.9799;-6.53557
20.0138;-8.09933;21.5905;83.1684;-6.60447
20.1983;-8.16693;21.7869;83.3577;-6.67206
20.3978;-8.22863;21.9951;83.5616;-6.73377
20.593;-8.28068;22.1955;83.7603;-6.78582
20.7892;-8.34031;22.3998;83.9608;-6.84545
20.9814;-8.39919;22.6002;84.1572;-6.90433
21.1781;-8.46757;22.8081;84.3587;-6.97271
21.3839;-8.5391;23.0258;84.5698;-7.04424
21.5625;-8.59726;23.2133;84.7527;-7.1024
21.7393;-8.64799;23.3962;84.9331;-7.15313
21.9297;-8.71339;23.5973;85.1283;-7.21853
22.1185;-8.77803;23.7967;85.322;-7.28317
22.3128;-8.83699;23.999;85.5206;-7.34213
22.5019;-8.88903;24.194;85.7135;-7.39417
22.6954;-8.96613;24.4023;85.9129;-7.47127
22.8731;-9.06068;24.6023;86.0982;-7.56582
23.0471;-9.13556;24.7916;86.2781;-7.6407
23.2303;-9.21329;24.9906;86.4675;-7.71843
23.4365;-9.28355;25.2082;86.6791;-7.78869
23.6257;-9.3495;25.4084;86.8735;-7.85464
23.8127;-9.41486;25.6063;87.0657;-7.92
24.0017;-9.48094;25.8064;87.2599;-7.98608
24.1987;-9.51536;26.0023;87.4593;-8.02049
24.3719;-9.54504;26.1744;87.6345;-8.05018
24.5728;-9.57944;26.374;87.8377;-8.08458
24.7628;-9.607;26.561;88.0294;-8.11214
24.9582;-9.6337;26.753;88.2264;-8.13884
25.1454;-9.65139;26.934;88.4144;-8.15653
25.3441;-9.6652;27.1246;88.6136;-8.17034
25.554;-9.68095;27.3263;88.8241;-8.18609
25.7557;-9.70168;27.5223;89.0268;-8.20682
25.9491;-9.71964;27.7097;89.221;-8.22478
26.1512;-9.74367;27.9074;89.4244;-8.24881
26.3628;-9.77217;28.1157;89.6378;-8.27731
26.5595;-9.78886;28.306;89.8352;-8.294
26.7601;-9.80737;28.5006;90.0366;-8.31251
26.9581;-9.8246;28.6925;90.2354;-8.32973
27.1606;-9.84308;28.8892;90.4388;-8.34822
27.3664;-9.85543;29.0869;90.6448;-8.36056
27.5649;-9.87351;29.2799;90.8442;-8.37865
27.7713;-9.8881;29.4791;91.051;-8.39324
27.966;-9.91051;29.6701;91.2469;-8.41565
28.1616;-9.93681;29.8633;91.4442;-8.44195
28.3687;-9.95704;30.0653;91.6522;-8.46218
28.5681;-9.98706;30.2634;91.8535;-8.4922
28.7786;-10.0098;30.4698;92.0653;-8.51498
28.9936;-10.0025;30.6705;92.2787;-8.50764
29.1901;-10.0006;30.8557;92.4742;-8.50575
29.396;-10.0013;31.0507;92.6792;-8.50639
29.6004;-9.99602;31.2427;92.8823;-8.50116
29.7917;-10.0243;31.4329;93.0753;-8.52946
29.9908;-10.04;31.6268;93.2751;-8.54518

-29.8015;-10.0737;31.4581;93.485;-8.57886
-29.5998;-10.1285;31.2848;93.6908;-8.63359
-29.4077;-10.181;31.1202;93.887;-8.68611
-29.2259;-10.2389;30.9675;94.0734;-8.74408
-29.0342;-10.296;30.8057;94.2695;-8.80113
-28.83;-10.3653;30.6367;94.4793;-8.87044
-28.6481;-10.4421;30.4918;94.6677;-8.94721
-28.4561;-10.501;30.3319;94.8644;-9.00615
-28.288;-10.5615;30.1953;95.0375;-9.0666
-28.101;-10.6295;30.0442;95.2302;-9.13469
-27.9201;-10.6931;29.8978;95.4163;-9.19823
-27.7436;-10.7622;29.7579;95.5987;-9.26736
-27.5481;-10.8446;29.6058;95.8013;-9.34972
-27.3597;-10.9233;29.4597;95.9965;-9.42847
-27.1798;-10.9948;29.3194;96.1825;-9.4999
-26.9945;-11.0783;29.1793;96.3752;-9.58348
-26.8192;-11.139;29.0404;96.5557;-9.64413
-26.6215;-11.2195;28.8891;96.7605;-9.72463
-26.4249;-11.2874;28.7347;96.9629;-9.79256
-26.2344;-11.344;28.582;97.1581;-9.84914
-26.0508;-11.4135;28.4414;97.3479;-9.91868
-25.8666;-11.4884;28.3031;97.5387;-9.99353
-25.6958;-11.5566;28.175;97.7156;-10.0618
-25.5067;-11.6333;28.0343;97.9117;-10.1384
-25.3076;-11.7116;27.8861;98.1178;-10.2167
-25.1138;-11.787;27.7423;98.3184;-10.2922
-24.9273;-11.8593;27.6045;98.5115;-10.3644
-24.7338;-11.9445;27.4669;98.7129;-10.4497
-24.5528;-12.0264;27.34;98.9016;-10.5316
-24.3962;-12.1098;27.2364;99.0662;-10.6149
-24.2183;-12.2002;27.1177;99.2527;-10.7053
-24.0393;-12.2904;26.9989;99.4405;-10.7956
-23.8794;-12.3931;26.9038;99.6106;-10.8982
-23.709;-12.4992;26.802;99.7916;-11.0043
-23.5399;-12.6055;26.7025;99.9715;-11.1106
-23.3636;-12.6943;26.5895;100.157;-11.1994
-23.1864;-12.7836;26.477;100.343;-11.2887
-23.0031;-12.8699;26.3586;100.535;-11.3751
-22.822;-12.9554;26.2429;100.724;-11.4605
-22.6389;-13.0354;26.1235;100.915;-11.5405
-22.4326;-13.11;25.9826;101.129;-11.6151
-22.2426;-13.1845;25.8566;101.326;-11.6896
-22.0512;-13.2761;25.7393;101.527;-11.7812
-21.8453;-13.3737;25.6139;101.743;-11.8788
-21.657;-13.4553;25.4965;101.939;-11.9604
-21.4709;-13.5534;25.3908;102.136;-12.0585
-21.2977;-13.6567;25.3001;102.32;-12.1618
-21.1325;-13.7613;25.2182;102.496;-12.2665
-20.9552;-13.874;25.1318;102.686;-12.3792
-20.7887;-13.9866;25.0558;102.865;-12.4917
-20.6384;-14.0918;24.9904;103.027;-12.5969
-20.4745;-14.2065;24.9205;103.203;-12.7116
-20.3158;-14.3196;24.8552;103.375;-12.8248
-20.1637;-14.4149;24.7863;103.538;-12.92
-19.9924;-14.5226;24.7104;103.721;-13.0277
-19.8085;-14.6346;24.6282;103.918;-13.1397
-19.6651;-14.7455;24.5794;104.074;-13.2506
-19.5109;-14.8629;24.5272;104.242;-13.368
-19.336;-14.9867;24.4639;104.431;-13.4919
-19.1692;-15.1014;24.403;104.612;-13.6065
-18.9754;-15.2179;24.3238;104.819;-13.723
-18.7954;-15.3088;24.241;105.009;-13.814
-18.6161;-15.3992;24.1598;105.199;-13.9044
-18.4269;-15.4906;24.073;105.399;-13.9957
-18.2575;-15.5762;23.9991;105.578;-14.0814
-18.0803;-15.6665;23.9235;105.765;-14.1717
-17.9014;-15.7575;23.8487;105.955;-14.2627
-17.7342;-15.8456;23.7821;106.133;-14.3508
-17.5659;-15.9401;23.7202;106.312;-14.4452
-17.3909;-16.0191;23.6443;106.496;-14.5242
-17.212;-16.1003;23.5685;106.684;-14.6055
-17.0373;-16.1717;23.4903;106.867;-14.6769
-16.8531;-16.2478;23.4098;107.06;-14.753
-16.6586;-16.3274;23.3258;107.264;-14.8326
-16.4509;-16.4103;23.2364;107.481;-14.9154
-16.2701;-16.4846;23.1615;107.67;-14.9897
-16.08;-16.5659;23.0867;107.87;-15.071
-15.8934;-16.6458;23.0148;108.066;-15.1509
-15.7012;-16.7158;22.9335;108.266;-15.2209
-15.4989;-16.7804;22.8429;108.475;-15.2855
-15.2935;-16.85;22.7555;108.689;-15.3551
-15.1249;-16.9085;22.6861;108.864;-15.4136
-14.924;-16.9809;22.6071;109.073;-15.4861
-14.7425;-17.0477;22.5381;109.262;-15.5529
-14.56;-17.1073;22.4645;109.451;-15.6125
-14.3723;-17.1646;22.3872;109.645;-15.6698
-14.1762;-17.2216;22.3058;109.847;-15.7268
-13.9823;-17.2823;22.2302;110.048;-15.7874
-13.787;-17.3414;22.1542;110.25;-15.8466
-13.5931;-17.4029;22.0824;110.451;-15.908
-13.4014;-17.4582;22.0088;110.648;-15.9633
-13.2016;-17.492;21.9147;110.851;-15.9972
-13.0138;-17.523;21.8269;111.041;-16.0281
-12.8081;-17.5504;21.727;111.249;-16.0555
-12.6101;-17.5751;21.631;111.448;-16.0803
-12.4139;-17.5969;21.535;111.645;-16.1021
-12.2321;-17.6067;21.4388;111.827;-16.1118
-12.0466;-17.6226;21.3466;112.013;-16.1277
-11.8455;-17.643;21.2507;112.214;-16.1481
-11.6445;-17.6706;21.1624;112.417;-16.1758
-11.4436;-17.6901;21.0688;112.619;-16.1952
-11.254;-17.7397;21.0083;112.814;-16.2448
-11.0675;-17.7931;20.9543;113.006;-16.2983
-10.8759;-17.8424;20.8958;113.203;-16.3475
-10.6685;-17.9051;20.8425;113.417;-16.4103
-10.4878;-17.9729;20.8091;113.606;-16.478
-10.3293;-18.0438;20.7911;113.773;-16.5489
-10.1357;-18.142;20.7814;113.979;-16.6472
-9.95811;-18.2321;20.7743;114.167;-16.7372
-9.79797;-18.3273;20.782;114.34;-16.8325
-9.63913;-18.4343;20.8023;114.513;-16.9394
-9.46767;-18.5314;20.8099;114.697;-17.0366
-9.29731;-18.6269;20.8183;114.879;-17.1321
-9.12236;-18.7249;20.8288;115.067;-17.23
-8.93867;-18.8432;20.8558;115.266;-17.3483
-8.75967;-18.9291;20.8577;115.456;-17.4342
-8.57936;-19.015;20.8609;115.647;-17.5201
-8.39351;-19.0987;20.8617;115.844;-17.6039
-8.23837;-19.1622;20.8581;116.007;-17.6673
-8.0387;-19.208;20.8223;116.211;-17.7132
-7.83331;-19.2621;20.794;116.422;-17.7672
-7.63824;-19.3196;20.7747;116.624;-17.8247
-7.43946;-19.3803;20.7591;116.83;-17.8854
-7.24985;-19.4436;20.7512;117.027;-17.9487
-7.0496;-19.4989;20.7342;117.233;-18.0041
-6.85661;-19.5433;20.7112;117.431;-18.0485
-6.67792;-19.5986;20.7051;117.616;-18.1037
-6.484;-19.6435;20.6859;117.814;-18.1486
-6.28914;-19.6756;20.6563;118.012;-18.1807
-6.09121;-19.7196;20.6389;118.214;-18.2247
-5.8807;-19.7486;20.6056;118.427;-18.2538
-5.68288;-19.7758;20.5761;118.626;-18.2809
-5.48864;-19.8008;20.5475;118.822;-18.306
-5.29218;-19.8226;20.5169;119.019;-18.3278
-5.10554;-19.8403;20.4867;119.207;-18.3455
-4.90777;-19.8514;20.4491;119.404;-18.3566
-4.71777;-19.8624;20.415;119.593;-18.3676
-4.51878;-19.8724;20.3797;119.791;-18.3776
-4.32624;-19.8705;20.336;119.981;-18.3757
-4.14323;-19.8521;20.2798;120.159;-18.3572
-3.95327;-19.8307;20.221;120.344;-18.3359
-3.74735;-19.7949;20.1465;120.542;-18.3
-3.55864;-19.8012;20.1184;120.729;-18.3063
-3.35512;-19.8188;20.1008;120.933;-18.3239
-3.15287;-19.8381;20.0871;121.136;-18.3432
-2.95238;-19.8567;20.075;121.337;-18.3618
-2.7561;-19.8756;20.0658;121.534;-18.3808
-2.54991;-19.9005;20.0632;121.742;-18.4057
-2.37109;-19.9577;20.0981;121.927;-18.4628
-2.18654;-19.9995;20.1187;122.116;-18.5046
-2.0149;-19.9954;20.0967;122.285;-18.5006
-1.80773;-19.9939;20.0754;122.489;-18.499
-1.62935;-19.997;20.0633;122.666;-18.5021
-1.4308;-19.9963;20.0474;122.862;-18.5015
-1.24173;-20.013;20.0515;123.052;-18.5181
-1.04475;-20.0423;20.0695;123.251;-18.5474
-0.851675;-20.0609;20.079;123.445;-18.566
-0.664273;-20.0796;20.0906;123.633;-18.5848
-0.462528;-20.0954;20.1007;123.834;-18.6006
-0.263609;-20.1096;20.1113;124.033;-18.6147
-0.0773224;-20.1132;20.1134;124.218;-18.6184
0.121483;-20.1219;20.1223;124.416;-18.6271
0.323039;-20.1292;20.1318;124.616;-18.6343
0.506929;-20.1218;20.1282;124.797;-18.6269
0.718403;-20.1096;20.1224;125.004;-18.6148
0.931717;-20.0906;20.1122;125.212;-18.5958
1.13271;-20.0776;20.1095;125.409;-18.5827
1.31239;-20.0662;20.109;125.585;-18.5713
1.52253;-20.0388;20.0966;125.789;-18.5439
1.71378;-20.012;20.0853;125.974;-18.5172
1.90644;-20.0098;20.1004;126.164;-18.5149
2.11458;-20.012;20.1234;126.371;-18.5172
2.30575;-20.0351;20.1673;126.563;-18.5402
2.50946;-20.0725;20.2287;126.77;-18.5776
2.71559;-20.1058;20.2884;126.979;-18.6109
2.90213;-20.1325;20.3406;127.167;-18.6376
3.09889;-20.1687;20.4054;127.367;-18.6738
3.301;-20.2077;20.4756;127.573;-18.7129
3.49935;-20.2554;20.5555;127.776;-18.7606
3.68781;-20.3197;20.6517;127.972;-18.8249
3.88403;-20.388;20.7546;128.176;-18.8931
4.06791;-20.4759;20.8761;128.371;-18.9811
4.24987;-20.5616;20.9962;128.564;-19.0667
4.43416;-20.6489;21.1196;128.759;-19.154
4.59393;-20.74;21.2427;128.93;-19.2451
4.76424;-20.8442;21.3817;129.114;-19.3493
4.92925;-20.9415;21.5138;129.292;-19.4466
5.10154;-21.0433;21.6529;129.478;-19.5485
5.27189;-21.1422;21.7896;129.661;-19.6473
5.42613;-21.2273;21.9099;129.827;-19.7325
5.59214;-21.3327;22.0535;130.007;-19.8378
5.74379;-21.4277;22.1842;130.171;-19.9329
5.90988;-21.5313;22.3277;130.351;-20.0365
6.07928;-21.6369;22.4748;130.535;-20.1421
6.24683;-21.7425;22.6221;130.717;-20.2476
6.43976;-21.8649;22.7936;130.926;-20.3701
6.62069;-21.975;22.9507;131.122;-20.4801
6.8043;-22.0586;23.0842;131.316;-20.5637
6.99257;-22.1408;23.2187;131.515;-20.6459
7.1813;-22.2197;23.3513;131.714;-20.7248
7.36658;-22.2966;23.482;131.909;-20.8018
7.54452;-22.3768;23.6144;132.097;-20.882
7.7295;-22.4588;23.7517;132.293;-20.9639
7.90123;-22.5502;23.8944;132.477;-21.0554
8.07454;-22.644;24.0406;132.663;-21.1491
8.24586;-22.7469;24.1953;132.849;-21.252
8.41401;-22.8368;24.3376;133.029;-21.342
8.59216;-22.9336;24.4903;133.221;-21.4387
8.78343;-23.0275;24.6458;133.424;-21.5327
8.96818;-23.1226;24.8009;133.622;-21.6278
9.14886;-23.2177;24.9552;133.816;-21.7228
9.32594;-23.3131;25.1093;134.006;-21.8183
9.507;-23.4171;25.2734;134.202;-21.9223
9.67802;-23.5198;25.4332;134.387;-22.0249
9.84952;-23.6227;25.5939;134.573;-22.1279
10.02;-23.731;25.7597;134.759;-22.2361
10.1826;-23.8402;25.9237;134.938;-22.3453
10.35;-23.9377;26.0794;135.119;-22.4428
10.5187;-24.0582;26.2572;135.305;-22.5633
10.683;-24.1745;26.4297;135.487;-22.6796
10.8452;-24.2909;26.602;135.666;-22.796
11.0109;-24.4099;26.7784;135.85;-22.915
11.1587;-24.5242;26.9435;136.014;-23.0293
11.3157;-24.6392;27.1134;136.189;-23.1443
11.4769;-24.7574;27.2882;136.368;-23.2625
11.6263;-24.8999;27.4804;136.539;-23.405
11.7714;-25.0361;27.6654;136.706;-23.5413
11.92;-25.1956;27.873;136.879;-23.7007
12.0694;-25.3333;28.0615;137.051;-23.8385
12.2039;-25.4628;28.2364;137.206;-23.968
12.3564;-25.5996;28.4257;137.38;-24.1047
12.494;-25.7476;28.6188;137.541;-24.2527
12.6307;-25.8941;28.8104;137.702;-24.3992
12.7648;-26.0406;29.0009;137.86;-24.5457
12.901;-26.1882;29.1935;138.02;-24.6933
13.0319;-26.3424;29.3896;138.176;-24.8475
13.1618;-26.4926;29.5819;138.331;-24.9978
13.3001;-26.6398;29.7754;138.494;-25.145
13.4407;-26.801;29.9824;138.662;-25.3061
13.5709;-26.9526;30.1763;138.817;-25.4577
13.703;-27.0973;30.365;138.974;-25.6024
13.8455;-27.2314;30.5491;139.138;-25.7365
13.9967;-27.3705;30.7417;139.313;-25.8757
14.1442;-27.5075;30.9309;139.483;-26.0127
14.2937;-27.6378;31.1152;139.655;-26.1429
14.45;-27.7798;31.3132;139.835;-26.2849
14.5989;-27.9064;31.4944;140.005;-26.4116
14.7393;-28.0419;31.6795;140.168;-26.547
14.883;-28.1517;31.8437;140.33;-26.6569
15.0448;-28.2645;32.0192;140.51;-26.7696
15.2126;-28.3996;32.2174;140.701;-26.9047
15.3766;-28.5305;32.4103;140.887;-27.0356
15.5323;-28.6594;32.5978;141.065;-27.1646
15.6857;-28.786;32.7822;141.239;-27.2911
15.8372;-28.913;32.9664;141.413;-27.4181
15.9908;-29.042;33.1533;141.588;-27.5471
16.1528;-29.1468;33.3234;141.768;-27.652
16.3223;-29.2555;33.5008;141.955;-27.7606
16.4852;-29.3627;33.6739;142.136;-27.8679
16.6582;-29.4739;33.8557;142.327;-27.9791
16.8141;-29.5904;34.0339;142.503;-28.0956
16.9769;-29.7065;34.2154;142.686;-28.2117
17.1578;-29.8217;34.4053;142.886;-28.3268
17.3142;-29.938;34.5842;143.062;-28.4432

17.4834;29.93;34.6622;143.254;-28.5752
17.6287;29.8276;34.6476;143.417;-28.6775
17.7886;29.7011;34.6206;143.599;-28.8041
17.9374;29.5817;34.5952;143.769;-28.9234
18.0966;29.4588;34.5732;143.95;-29.0463
18.2715;29.3409;34.565;144.145;-29.1642
18.4372;29.2294;34.5585;144.33;-29.2758
18.5932;29.12;34.5497;144.505;-29.3851
18.7668;28.9945;34.538;144.7;-29.5106
18.9253;28.8782;34.5271;144.879;-29.6269
19.0983;28.7615;34.5249;145.072;-29.7436
19.2641;28.6458;34.5209;145.258;-29.8593
19.4377;28.5299;34.5222;145.452;-29.9752
19.602;28.4225;34.5265;145.635;-30.0826
19.7729;28.3063;34.5285;145.826;-30.1988
19.9248;28.1861;34.5174;146;-30.319
20.0608;28.0649;34.4974;146.158;-30.4403
20.2133;27.9271;34.4746;146.336;-30.578
20.3728;27.8071;34.4715;146.517;-30.698
20.5403;27.6951;34.4808;146.704;-30.81
20.7314;27.5785;34.5017;146.915;-30.9266
20.9113;27.4704;34.524;147.114;-31.0347
21.0964;27.3585;34.5478;147.319;-31.1466
21.2656;27.2547;34.5694;147.506;-31.2504
21.4268;27.1503;34.5868;147.686;-31.3549
21.5937;27.0434;34.6068;147.871;-31.4618
21.7731;26.9268;34.6283;148.072;-31.5784
21.948;26.81;34.6481;148.267;-31.6952
22.1077;26.7012;34.6656;148.447;-31.8039
22.2707;26.584;34.6799;148.631;-31.9211
22.4321;26.471;34.6974;148.813;-32.0341
22.5968;26.3554;34.7163;148.999;-32.1497
22.764;26.2259;34.7275;149.19;-32.2792
22.9221;26.1063;34.7413;149.37;-32.3989
23.0823;26.0001;34.7677;149.55;-32.5051
23.2503;25.8897;34.7973;149.738;-32.6154
23.4155;25.7862;34.8312;149.921;-32.719
23.5897;25.674;34.8659;150.116;-32.8312
23.7579;25.5609;34.897;150.305;-32.9442
23.9265;25.457;34.9362;150.492;-33.0481
24.0873;25.3607;34.9766;150.67;-33.1445
24.2579;25.2517;35.0156;150.86;-33.2535
24.4286;25.1306;35.0472;151.054;-33.3745
24.6182;25.0278;35.1062;151.261;-33.4773
24.8003;24.9367;35.1695;151.459;-33.5684
24.9891;24.8392;35.2341;151.665;-33.666
25.1699;24.7466;35.2975;151.862;-33.7586
25.3738;24.6559;35.38;152.081;-33.8493
25.5497;24.5736;35.4492;152.27;-33.9315
25.7157;24.4904;35.5116;152.451;-34.0148
25.8916;24.3958;35.5743;152.643;-34.1093
26.0755;24.3027;35.6449;152.843;-34.2024
26.2567;24.1967;35.7056;153.044;-34.3085
26.4294;24.0956;35.7646;153.235;-34.4096
26.6063;24.0016;35.8325;153.428;-34.5036
26.755;23.9229;35.8905;153.591;-34.5823
26.9351;23.8235;35.9591;153.789;-34.6816
27.1194;23.7291;36.0351;153.99;-34.7761
27.3005;23.6274;36.105;154.189;-34.8777
27.4567;23.5253;36.1567;154.364;-34.9799
27.5873;23.4189;36.1871;154.516;-35.0862
27.7267;23.3041;36.2195;154.677;-35.2011
27.8807;23.1745;36.2545;154.857;-35.3306
28.0338;23.0458;36.2905;155.035;-35.4594
28.1865;22.9146;36.3258;155.214;-35.5905
28.3211;22.8014;36.3592;155.371;-35.7037
28.4685;22.6615;36.3868;155.547;-35.8437
28.6121;22.5223;36.413;155.719;-35.9828
28.7649;22.3762;36.4433;155.901;-36.129
28.8805;22.2341;36.4478;156.046;-36.271
29.0033;22.0845;36.4543;156.201;-36.4206
29.1313;21.9205;36.4573;156.363;-36.5847
29.2525;21.7669;36.4624;156.517;-36.7382
29.3841;21.5991;36.4684;156.685;-36.906
29.5058;21.4394;36.4725;156.841;-37.0657
29.6414;21.2684;36.4823;157.013;-37.2367
29.7636;21.1132;36.4917;157.168;-37.3919
29.8775;20.9531;36.4924;157.317;-37.552

-29.9973;20.775;36.4889;157.481;-37.7301
-29.8904;20.607;36.3055;157.625;-37.8981
-29.788;20.4331;36.1225;157.767;-38.072
-29.6761;20.2656;35.9356;157.916;-38.2395
-29.5736;20.0888;35.7513;158.058;-38.4164
-29.4737;19.9296;35.5793;158.194;-38.5756
-29.3358;19.7766;35.3794;158.365;-38.7285
-29.1948;19.6064;35.1674;158.543;-38.8987
-29.0674;19.4519;34.9756;158.705;-39.0533
-28.9539;19.2944;34.7937;158.853;-39.2108
-28.8409;19.1467;34.6178;158.999;-39.3584
-28.7264;18.9943;34.4382;159.148;-39.5108
-28.6007;18.8258;34.2405;159.312;-39.6794
-28.4802;18.6642;34.0511;159.469;-39.8409
-28.3579;18.5035;33.8607;159.627;-40.0016
-28.2376;18.3461;33.674;159.783;-40.159
-28.1094;18.19;33.4815;159.947;-40.3151
-27.9838;18.0337;33.2912;160.108;-40.4714
-27.8635;17.8757;33.1045;160.264;-40.6295
-27.7346;17.6994;32.901;160.434;-40.8057
-27.6154;17.566;32.7289;160.583;-40.9391
-27.4956;17.4178;32.5483;160.736;-41.0874
-27.3705;17.2599;32.3581;160.898;-41.2453
-27.2464;17.1047;32.1704;161.058;-41.4005
-27.1122;16.9505;31.9749;161.227;-41.5547
-26.9416;16.8015;31.7513;161.43;-41.7036
-26.7903;16.6739;31.5553;161.609;-41.8313
-26.6466;16.5587;31.3725;161.778;-41.9464
-26.4857;16.4328;31.1694;161.966;-42.0723
-26.334;16.3178;30.9798;162.143;-42.1874
-26.1672;16.2051;30.7787;162.333;-42.3
-26.021;16.1076;30.6031;162.499;-42.3975
-25.8349;15.9953;30.3857;162.708;-42.5099
-25.666;15.8916;30.1875;162.899;-42.6135
-25.5067;15.7843;29.9956;163.08;-42.7209
-25.3413;15.6723;29.796;163.269;-42.8328
-25.175;15.556;29.5934;163.46;-42.9491
-25.0123;15.4389;29.3935;163.648;-43.0663
-24.8621;15.3157;29.201;163.825;-43.1894
-24.6875;15.2037;28.9935;164.023;-43.3015
-24.5203;15.0929;28.793;164.214;-43.4123
-24.3535;14.9784;28.591;164.405;-43.5268
-24.1839;14.8681;28.3888;164.598;-43.637
-24.0232;14.7623;28.1964;164.781;-43.7429
-23.8734;14.66;28.0153;164.952;-43.8451
-23.699;14.5487;27.8084;165.15;-43.9565
-23.5298;14.43;27.6021;165.345;-44.0751
-23.3526;14.2842;27.3748;165.555;-44.2209
-23.1946;14.1549;27.1726;165.741;-44.3503
-23.0333;14.0408;26.9754;165.927;-44.4643
-22.8535;13.9213;26.7598;166.133;-44.5838
-22.6598;13.8233;26.5434;166.346;-44.6818
-22.4804;13.7333;26.3433;166.543;-44.7719
-22.3011;13.6331;26.1381;166.742;-44.8721
-22.1264;13.5358;25.9383;166.937;-44.9693
-21.9353;13.4387;25.7246;167.147;-45.0665
-21.749;13.3444;25.5165;167.352;-45.1608
-21.5756;13.2531;25.3209;167.543;-45.2521
-21.3985;13.161;25.1218;167.739;-45.3442
-21.2396;13.0761;24.942;167.915;-45.4291
-21.0635;12.9823;24.7429;168.11;-45.5229
-20.8867;12.8901;24.544;168.305;-45.615
-20.7094;12.7977;24.3446;168.5;-45.7075
-20.5114;12.7155;24.133;168.713;-45.7897
-20.3528;12.6549;23.9663;168.882;-45.8502
-20.1664;12.5797;23.7683;169.082;-45.9255
-19.9802;12.504;23.5703;169.282;-46.0011
-19.7912;12.442;23.3772;169.481;-46.0631
-19.6019;12.3794;23.1837;169.68;-46.1257
-19.4197;12.3072;22.9911;169.875;-46.1979
-19.2135;12.2441;22.7833;170.09;-46.261
-19.0263;12.184;22.5931;170.287;-46.3211
-18.8387;12.1316;22.4069;170.482;-46.3735
-18.6393;12.099;22.2218;170.682;-46.4061
-18.4398;12.0652;22.0362;170.884;-46.4399
-18.2361;12.0359;21.8499;171.088;-46.4693
-18.0574;12.0017;21.682;171.269;-46.5034
-17.87;11.9593;21.5026;171.461;-46.5458
-17.6716;11.9522;21.334;171.654;-46.553
-17.4722;11.9484;21.167;171.847;-46.5567
-17.2614;11.9475;20.9928;172.05;-46.5576
-17.0562;11.9504;20.8261;172.247;-46.5548
-16.8489;11.9456;20.6539;172.447;-46.5595
-16.6516;11.9346;20.4868;172.64;-46.5706
-16.4364;11.9313;20.3104;172.848;-46.5738
-16.2319;11.9245;20.1412;173.047;-46.5806
-16.0218;11.9338;19.9778;173.247;-46.5713
-15.8177;11.9516;19.8252;173.439;-46.5536
-15.6117;11.9727;19.6741;173.632;-46.5325
-15.424;11.9758;19.5274;173.812;-46.5294
-15.2278;11.995;19.3847;173.996;-46.5101
-15.0206;12.0253;19.2413;174.187;-46.4798
-14.8162;12.0637;19.1063;174.374;-46.4415
-14.6292;12.1003;18.985;174.544;-46.4049
-14.4042;12.1439;18.8403;174.75;-46.3613
-14.2089;12.1821;18.7162;174.928;-46.323
-14.0131;12.2162;18.5904;175.108;-46.2889
-13.8145;12.2484;18.4625;175.291;-46.2567
-13.6118;12.3008;18.3464;175.473;-46.2044
-13.4226;12.3633;18.2488;175.639;-46.1418
-13.2339;12.4271;18.1541;175.804;-46.078
-13.0488;12.4833;18.0584;175.968;-46.0218
-12.8633;12.5387;17.9634;176.133;-45.9664
-12.6682;12.592;17.8617;176.307;-45.9131
-12.4934;12.6206;17.7585;176.468;-45.8845
-12.3058;12.655;17.6517;176.641;-45.8501
-12.1169;12.7024;17.5547;176.811;-45.8027
-11.9225;12.7514;17.4569;176.986;-45.7538
-11.7571;12.7806;17.3659;177.138;-45.7245
-11.5604;12.8252;17.2664;177.317;-45.6799
-11.3656;12.8701;17.1702;177.493;-45.635
-11.1722;12.9019;17.0668;177.672;-45.6032
-10.9749;12.9544;16.9783;177.849;-45.5508
-10.7912;13.0001;16.8953;178.015;-45.5051
-10.5854;13.0543;16.8067;178.2;-45.4508
-10.3928;13.1067;16.7271;178.373;-45.3985
-10.1911;13.1363;16.6259;178.561;-45.3688
-10.0015;13.1596;16.5289;178.738;-45.3455
-9.77345;13.1626;16.3943;178.958;-45.3426
-9.57397;13.1636;16.2771;179.151;-45.3415
-9.37839;13.164;16.1631;179.34;-45.3411
-9.16942;13.1698;16.0475;179.541;-45.3354
-8.97045;13.1758;15.9396;179.732;-45.3293
-8.78417;13.1704;15.831;179.913;-45.3347
-8.58763;13.147;15.7032;180.109;-45.3581
-8.38321;13.1268;15.5753;180.312;-45.3783
-8.18672;13.1088;15.4552;180.507;-45.3963
-7.96399;13.0865;15.3193;180.728;-45.4186
-7.7477;13.0587;15.1841;180.945;-45.4465
-7.553;13.0382;15.0679;181.138;-45.467
-7.34638;13.0021;14.934;181.347;-45.503
-7.14934;12.9678;14.808;181.547;-45.5373
-6.96721;12.9321;14.6895;181.732;-45.5731
-6.77792;12.8996;14.5719;181.923;-45.6055
-6.58028;12.8506;14.4374;182.127;-45.6546
-6.39644;12.8003;14.3095;182.317;-45.7048
-6.20378;12.7516;14.1806;182.516;-45.7536
-6.01939;12.7069;14.0605;182.706;-45.7982
-5.82507;12.6599;13.9357;182.906;-45.8453
-5.62888;12.6038;13.8036;183.11;-45.9013
-5.45589;12.5499;13.6846;183.291;-45.9552
-5.26316;12.5036;13.5661;183.489;-46.0016
-5.0718;12.4594;13.4522;183.685;-46.0457
-4.86986;12.4313;13.3511;183.888;-46.0739
-4.67759;12.4125;13.2646;184.079;-46.0927
-4.43891;12.3845;13.156;184.317;-46.1207
-4.24849;12.3781;13.0869;184.503;-46.127
-4.04966;12.3692;13.0153;184.697;-46.1359
-3.84238;12.3475;12.9316;184.903;-46.1576
-3.6491;12.3377;12.8661;185.093;-46.1674
-3.47026;12.3476;12.826;185.264;-46.1575
-3.26791;12.3666;12.7911;185.455;-46.1385
-3.07022;12.3878;12.7626;185.641;-46.1173
-2.88102;12.4275;12.757;185.815;-46.0777
-2.67605;12.4634;12.7475;186.004;-46.0417
-2.45938;12.4962;12.7359;186.206;-46.0089
-2.28625;12.5288;12.7357;186.366;-45.9763
-2.09829;12.5699;12.7438;186.538;-45.9353
-1.89907;12.6061;12.7484;186.722;-45.899
-1.70078;12.6455;12.7593;186.905;-45.8597
-1.50317;12.6852;12.774;187.087;-45.8199
-1.31196;12.7278;12.7952;187.262;-45.7774
-1.11307;12.7739;12.8223;187.443;-45.7313
-0.923024;12.8055;12.8387;187.62;-45.6997
-0.730371;12.8408;12.8616;187.798;-45.6643
-0.515486;12.8857;12.896;187.996;-45.6194
-0.330432;12.9191;12.9233;188.167;-45.5861
-0.140152;12.9622;12.963;188.341;-45.5429
0.0551711;13.0065;13.0066;188.52;-45.4987
0.240954;13.0617;13.0639;188.687;-45.4435
0.436007;13.119;13.1262;188.863;-45.3862
0.651674;13.1845;13.2006;189.056;-45.3206
0.824084;13.2409;13.2666;189.21;-45.2642
1.01287;13.3109;13.3494;189.377;-45.1942
1.19869;13.3829;13.4364;189.54;-45.1223
1.39231;13.4626;13.5344;189.709;-45.0426
1.57956;13.5448;13.6366;189.872;-44.9604
1.75611;13.639;13.7516;190.021;-44.8661
1.92381;13.7352;13.8692;190.161;-44.77
2.09659;13.8345;13.9925;190.306;-44.6706
2.2705;13.9317;14.1155;190.452;-44.5734
2.4407;14.0364;14.2471;190.593;-44.4687
2.60428;14.1522;14.3898;190.725;-44.353
2.76987;14.261;14.5275;190.861;-44.2441
2.91787;14.3853;14.6782;190.976;-44.1199
3.05997;14.5031;14.8224;191.087;-44.0021
3.2193;14.635;14.9849;191.212;-43.8701
3.36392;14.7843;15.1622;191.319;-43.7208
3.49847;14.9298;15.3342;191.416;-43.5753
3.63257;15.0892;15.5203;191.511;-43.4159
3.7463;15.2402;15.6939;191.587;-43.265
3.87013;15.3892;15.8684;191.674;-43.1159
4.00014;15.5403;16.0469;191.767;-42.9649
4.13706;15.6864;16.2228;191.868;-42.8187
4.28011;15.8338;16.4021;191.975;-42.6714
4.41654;15.9743;16.5736;192.076;-42.5309
4.57921;16.1194;16.7572;192.203;-42.3857
4.73719;16.2762;16.9515;192.323;-42.229
4.88101;16.427;17.1368;192.43;-42.0782
5.01498;16.5756;17.3177;192.528;-41.9295
5.14409;16.7163;17.4899;192.624;-41.7889
5.27944;16.8642;17.6713;192.724;-41.641
5.41639;17.0129;17.8543;192.825;-41.4922
5.55153;17.1677;18.043;192.924;-41.3374
5.67205;17.3218;18.2268;193.009;-41.1834
5.79629;17.4796;18.4156;193.097;-41.0255
5.9274;17.6509;18.6196;193.189;-40.8542
6.0596;17.815;18.8173;193.283;-40.6902
6.18103;17.9676;19.0011;193.37;-40.5375
6.30449;18.127;19.192;193.457;-40.3781
6.43147;18.2905;19.3883;193.547;-40.2146
6.55296;18.4492;19.5784;193.633;-40.0559
6.67486;18.597;19.7586;193.722;-39.9082
6.79945;18.7772;19.9704;193.807;-39.7279
6.91194;18.9437;20.1653;193.883;-39.5615
7.01619;19.0973;20.3453;193.954;-39.4079
7.13195;19.2608;20.5388;194.034;-39.2443
7.25088;19.424;20.7333;194.118;-39.0811
7.35828;19.6077;20.9429;194.186;-38.8974
7.45543;19.7728;21.1316;194.248;-38.7324
7.54703;19.9604;21.3396;194.301;-38.5447
7.64137;20.144;21.5446;194.357;-38.3611
7.73224;20.3262;21.7472;194.41;-38.1789
7.82236;20.5072;21.9484;194.463;-37.998
7.91952;20.6818;22.1462;194.524;-37.8234
8.02198;20.8558;22.3454;194.591;-37.6494
8.12309;21.0288;22.5432;194.657;-37.4763
8.18562;21.1903;22.7164;194.687;-37.3148
8.26873;21.3473;22.8928;194.739;-37.1578
8.36571;21.5239;23.0925;194.8;-36.9812
8.46511;21.6991;23.2918;194.865;-36.806
8.56413;21.8741;23.4909;194.929;-36.631
8.68075;22.0585;23.7051;195.009;-36.4467
8.79764;22.2215;23.8997;195.093;-36.2836
8.89209;22.3934;24.0943;195.154;-36.1117
9.0003;22.5672;24.2958;195.229;-35.9379
9.0931;22.7197;24.4718;195.292;-35.7855
9.19795;22.8909;24.6698;195.364;-35.6142
9.29425;23.0552;24.8581;195.428;-35.45
9.39356;23.2274;25.0549;195.495;-35.2778
9.48187;23.3899;25.2387;195.553;-35.1153
9.56639;23.5447;25.4139;195.608;-34.9604
9.64208;23.7117;25.5972;195.653;-34.7934
9.74104;23.9041;25.8127;195.716;-34.601
9.82443;24.0797;26.0068;195.767;-34.4254
9.91705;24.2557;26.2047;195.827;-34.2495
10.0024;24.4391;26.4068;195.879;-34.066
10.0875;24.611;26.5981;195.933;-33.8942
10.172;24.7851;26.7912;195.987;-33.7201
10.2703;24.9703;26.9999;196.052;-33.5348
10.3724;25.1452;27.2005;196.123;-33.3599
10.4541;25.336;27.408;196.171;-33.1692
10.5267;25.516;27.6022;196.212;-32.9891
10.6046;25.6958;27.798;196.259;-32.8094
10.6843;25.8783;27.9972;196.307;-32.6268
10.7536;26.0837;28.2135;196.341;-32.4214
10.8176;26.2733;28.4131;196.373;-32.2319
10.8859;26.4673;28.6185;196.409;-32.0379
10.9533;26.6488;28.8121;196.445;-31.8563
11.0215;26.8301;29.0057;196.483;-31.675
11.0848;27.0069;29.1932;196.518;-31.4982
11.1518;27.1843;29.3828;196.555;-31.3209
11.2304;27.3715;29.5858;196.603;-31.1337
11.3207;27.5642;29.7984;196.662;-30.9409
11.4027;27.7572;30.008;196.713;-30.748
11.4792;27.944;30.2099;196.759;-30.5612
11.5558;28.13;30.4111;196.806;-30.3752
11.6294;28.3154;30.6105;196.85;-30.1898
11.7165;28.4877;30.803;196.91;-30.0175
11.8044;28.6556;30.9917;196.971;-29.8495
11.8964;28.832;31.1899;197.036;-29.6731
11.9837;29.0119;31.3894;197.095;-29.4933
12.0852;29.1898;31.5927;197.169;-29.3153
12.1793;29.3616;31.7874;197.236;-29.1435
12.2671;29.515;31.9627;197.301;-28.9902
12.3853;29.663;32.1448;197.396;-28.8421
12.5032;29.8305;32.3449;197.488;-28.6746
12.5989;29.98;32.5197;197.561;-28.5251

12.7112;-29.8497;32.4435;197.648;-28.3548
12.835;-29.6946;32.3498;197.748;-28.1997
12.9494;-29.5477;32.2607;197.84;-28.0528
13.0707;-29.3894;32.1649;197.938;-27.8945
13.1715;-29.2235;32.0547;198.015;-27.7286
13.2832;-29.0502;31.943;198.101;-27.5554
13.3959;-28.8809;31.8364;198.189;-27.3861
13.5033;-28.716;31.7324;198.273;-27.2211
13.6071;-28.541;31.6187;198.352;-27.0462
13.7134;-28.3632;31.5044;198.433;-26.8683
13.8274;-28.2077;31.4145;198.525;-26.7128
13.9481;-28.0586;31.3342;198.624;-26.5638
14.0468;-27.9191;31.2536;198.704;-26.4242
14.1625;-27.7349;31.1416;198.794;-26.24
14.2566;-27.5719;31.0396;198.866;-26.077
14.3567;-27.398;30.9316;198.942;-25.9031
14.4729;-27.2267;30.8344;199.035;-25.7319
14.5718;-27.0535;30.7283;199.111;-25.5587
14.6797;-26.8743;30.6223;199.195;-25.3795
14.7746;-26.7061;30.5205;199.268;-25.2112
14.8789;-26.5222;30.4107;199.348;-25.0274
14.9885;-26.3219;30.2902;199.432;-24.827
15.1047;-26.1398;30.1901;199.525;-24.645
15.2095;-25.9699;30.0959;199.608;-24.475
15.3104;-25.8098;30.0092;199.688;-24.3149
15.3915;-25.6281;29.8948;199.747;-24.1333
15.4796;-25.4408;29.78;199.812;-23.9459
15.5779;-25.2618;29.6788;199.888;-23.767
15.6702;-25.0607;29.5566;199.956;-23.5659
15.7522;-24.8784;29.446;200.016;-23.3836
15.8189;-24.6846;29.3184;200.059;-23.1898
15.8828;-24.495;29.1937;200.101;-23.0002
15.9706;-24.2971;29.0759;200.166;-22.8022
16.0437;-24.1092;28.9595;200.217;-22.6144
16.1258;-23.924;28.8514;200.278;-22.4292
16.215;-23.7381;28.7476;200.346;-22.2432
16.3095;-23.5499;28.646;200.419;-22.055
16.4043;-23.3759;28.5575;200.494;-21.881
16.4986;-23.1918;28.4616;200.568;-21.6969
16.5921;-23.0107;28.3689;200.641;-21.5158
16.7014;-22.8304;28.2872;200.731;-21.3355
16.8049;-22.659;28.2105;200.815;-21.1641
16.9083;-22.4878;28.1352;200.9;-20.9929
17.0091;-22.3292;28.0696;200.984;-20.8343
17.1307;-22.1663;28.0144;201.088;-20.6714
17.2465;-21.991;27.9472;201.185;-20.4962
17.3587;-21.8146;27.8784;201.279;-20.3198
17.444;-21.6319;27.7891;201.346;-20.137
17.5242;-21.4506;27.6988;201.407;-19.9557
17.6126;-21.2682;27.6141;201.477;-19.7733
17.6921;-21.0816;27.5217;201.538;-19.5867
17.7671;-20.8947;27.4273;201.595;-19.3998
17.8434;-20.7255;27.3483;201.654;-19.2306
17.9255;-20.5476;27.2677;201.719;-19.0527
18.0123;-20.3654;27.188;201.789;-18.8705
18.1072;-20.1854;27.1168;201.866;-18.6905
18.2018;-20.0152;27.0539;201.945;-18.5203
18.2998;-19.8439;26.9938;202.027;-18.3491
18.4142;-19.6599;26.9368;202.124;-18.165
18.5247;-19.5032;26.8988;202.22;-18.0084
18.635;-19.3243;26.8457;202.314;-17.8294
18.7379;-19.1541;26.7953;202.402;-17.6593
18.8553;-19.0001;26.768;202.505;-17.5052
18.9717;-18.8424;26.7388;202.608;-17.3476
19.1031;-18.6784;26.7172;202.725;-17.1835
19.217;-18.5103;26.6819;202.824;-17.0155
19.3284;-18.3537;26.6542;202.922;-16.8589
19.4475;-18.1905;26.6289;203.027;-16.6956
19.5656;-18.0281;26.605;203.132;-16.5333
19.6801;-17.8648;26.5793;203.233;-16.3699
19.8069;-17.6983;26.5621;203.346;-16.2034
19.9358;-17.5353;26.5504;203.461;-16.0405
20.042;-17.3733;26.5238;203.554;-15.8784
20.1518;-17.2065;26.4983;203.651;-15.7116
20.2632;-17.037;26.4737;203.749;-15.5422
20.3688;-16.8977;26.4654;203.844;-15.4028
20.4855;-16.7433;26.4574;203.948;-15.2484
20.5866;-16.5942;26.442;204.038;-15.0994
20.6989;-16.4283;26.426;204.138;-14.9334
20.8238;-16.2464;26.4117;204.249;-14.7515
20.9099;-16.1021;26.3913;204.325;-14.6073
21.0172;-15.9288;26.3714;204.419;-14.434
21.119;-15.761;26.3519;204.509;-14.2662
21.2363;-15.5929;26.3462;204.615;-14.0981
21.3514;-15.416;26.3351;204.717;-13.9212
21.4502;-15.2546;26.3214;204.805;-13.7597
21.5517;-15.0824;26.305;204.895;-13.5876
21.6505;-14.9044;26.2847;204.982;-13.4095
21.753;-14.7267;26.2692;205.072;-13.2319
21.8437;-14.5652;26.2544;205.153;-13.0704
21.9556;-14.3572;26.2332;205.251;-12.8624
22.0857;-14.1851;26.2487;205.37;-12.6902
22.2141;-14.0273;26.2722;205.489;-12.5324
22.3376;-13.8706;26.2937;205.602;-12.3757
22.4685;-13.7329;26.333;205.725;-12.2381
22.6295;-13.6075;26.4057;205.878;-12.1126
22.7899;-13.4777;26.477;206.031;-11.9828
22.951;-13.3685;26.5606;206.185;-11.8737
23.105;-13.2421;26.6307;206.332;-11.7473
23.2704;-13.1108;26.7096;206.489;-11.6159
23.4296;-12.9861;26.7878;206.641;-11.4913
23.5955;-12.8522;26.8687;206.8;-11.3573
23.7399;-12.7229;26.9342;206.937;-11.228
23.8759;-12.5918;26.9928;207.065;-11.0969
24.0176;-12.4632;27.0588;207.2;-10.9683
24.1645;-12.329;27.128;207.34;-10.8342
24.3217;-12.1589;27.1916;207.488;-10.664
24.4578;-12.0193;27.2516;207.617;-10.5245
24.5959;-11.8817;27.3154;207.748;-10.3868
24.7425;-11.7475;27.3897;207.888;-10.2527
24.8785;-11.6083;27.4535;208.017;-10.1135
25.0194;-11.466;27.5216;208.15;-9.9711
25.1738;-11.3242;27.6035;208.298;-9.82929
25.3328;-11.193;27.6954;208.451;-9.69814
25.4865;-11.0632;27.7841;208.598;-9.56836
25.6366;-10.9115;27.862;208.741;-9.41662
25.7845;-10.7784;27.9466;208.883;-9.28355
25.9437;-10.6301;28.037;209.035;-9.13519
26.097;-10.4989;28.1297;209.183;-9.00409
26.2383;-10.3752;28.2151;209.319;-8.88037
26.3954;-10.2467;28.3145;209.47;-8.75184
26.5511;-10.1204;28.4145;209.621;-8.62557
26.6908;-10.0174;28.5088;209.756;-8.52254
26.8608;-9.90265;28.628;209.921;-8.40779
27.0413;-9.79108;28.7593;210.097;-8.29622
27.2233;-9.6731;28.8907;210.274;-8.17823
27.3951;-9.54983;29.0119;210.441;-8.05497
27.555;-9.43785;29.1265;210.597;-7.94299
27.726;-9.32771;29.253;210.764;-7.83284
27.8852;-9.23169;29.3736;210.919;-7.73683
28.0428;-9.12084;29.4888;211.073;-7.62598
28.2022;-9.0165;29.6084;211.228;-7.52164
28.3609;-8.91917;29.7304;211.383;-7.42431
28.5042;-8.79885;29.8313;211.522;-7.30399
28.6583;-8.67519;29.9426;211.672;-7.18033
28.8107;-8.55982;30.0554;211.821;-7.06496
28.9691;-8.44941;30.1761;211.975;-6.95455
29.1586;-8.34644;30.3297;212.161;-6.85158
29.3602;-8.25477;30.4985;212.36;-6.7599
29.5408;-8.16798;30.6492;212.538;-6.67312
29.7135;-8.06107;30.7876;212.707;-6.56621
29.8807;-7.95888;30.9224;212.871;-6.46402

-29.9535;-7.85377;30.966;213.033;-6.35891
-29.7848;-7.74545;30.7754;213.199;-6.25058
-29.6196;-7.64892;30.5912;213.361;-6.15405
-29.4397;-7.54864;30.3921;213.538;-6.05377
-29.2765;-7.44555;30.2084;213.698;-5.95069
-29.1074;-7.32788;30.0157;213.864;-5.83302
-28.9406;-7.22983;29.83;214.028;-5.73497
-28.7807;-7.13845;29.6528;214.186;-5.64359
-28.6029;-7.02502;29.453;214.36;-5.53016
-28.4086;-6.94899;29.2462;214.553;-5.45413
-28.2244;-6.87561;29.0498;214.735;-5.38075
-28.0336;-6.80178;28.847;214.924;-5.30692
-27.8484;-6.71841;28.6473;215.107;-5.22355
-27.6472;-6.63184;28.4315;215.306;-5.13698
-27.4747;-6.57063;28.2495;215.477;-5.07577
-27.2929;-6.48741;28.0534;215.657;-4.99255
-27.0779;-6.40927;27.8261;215.87;-4.91441
-26.8894;-6.35236;27.6295;216.057;-4.85749
-26.6975;-6.29464;27.4295;216.248;-4.79978
-26.4997;-6.22321;27.2206;216.444;-4.72835
-26.3163;-6.15774;27.0271;216.626;-4.66288
-26.1304;-6.07753;26.8279;216.81;-4.58267
-25.9505;-5.98935;26.6327;216.988;-4.49449
-25.8035;-5.89193;26.4677;217.133;-4.39707
-25.6289;-5.78091;26.2728;217.305;-4.28605
-25.4568;-5.67333;26.0813;217.475;-4.17847
-25.2731;-5.55644;25.8767;217.657;-4.06158
-25.1012;-5.41955;25.6796;217.826;-3.92469
-24.9374;-5.28597;25.4915;217.988;-3.79111
-24.7913;-5.18529;25.3277;218.132;-3.69042
-24.6317;-5.06001;25.146;218.289;-3.56515
-24.475;-4.94453;24.9694;218.444;-3.44967
-24.2924;-4.82825;24.7676;218.625;-3.33338
-24.1224;-4.71976;24.5798;218.793;-3.2249
-23.9457;-4.58611;24.381;218.968;-3.09125
-23.7979;-4.46056;24.2123;219.114;-2.96569
-23.6324;-4.33121;24.026;219.278;-2.83635
-23.4775;-4.20738;23.8515;219.431;-2.71252
-23.3265;-4.08032;23.6806;219.581;-2.58546
-23.1657;-3.94972;23.5;219.74;-2.45486
-23.0118;-3.8218;23.327;219.892;-2.32693
-22.8598;-3.69256;23.1561;220.043;-2.1977
-22.705;-3.56894;22.9838;220.197;-2.07408
-22.5551;-3.43522;22.8152;220.345;-1.94035
-22.4009;-3.30876;22.644;220.499;-1.8139
-22.2359;-3.1912;22.4637;220.663;-1.69634
-22.0468;-3.08383;22.2614;220.851;-1.58896
-21.9032;-3.00137;22.1079;220.994;-1.50651
-21.7452;-2.91026;21.9391;221.151;-1.4154
-21.5709;-2.80098;21.752;221.325;-1.30612
-21.4012;-2.69269;21.57;221.494;-1.19782
-21.2218;-2.59241;21.3796;221.673;-1.09754
-21.0497;-2.49472;21.197;221.845;-0.999854
-20.8711;-2.39453;21.008;222.023;-0.899669
-20.6974;-2.2966;20.8244;222.196;-0.801734
-20.5232;-2.19773;20.6405;222.37;-0.702867
-20.3507;-2.06863;20.4555;222.542;-0.573766
-20.1837;-1.94445;20.2771;222.709;-0.44959
-20.0083;-1.81487;20.0905;222.884;-0.320009
-19.8478;-1.69139;19.9197;223.044;-0.196529
-19.6881;-1.55563;19.7494;223.204;-0.0607639
-19.5252;-1.41624;19.5764;223.367;0.0786168
-19.3659;-1.27795;19.408;223.526;0.216907
-19.2091;-1.14952;19.2435;223.683;0.345339
-19.0206;-1.01861;19.0479;223.872;0.47625
-18.8766;-0.914764;18.8987;224.016;0.580097
-18.7025;-0.790042;18.7192;224.191;0.70482
-18.5297;-0.685129;18.5424;224.364;0.809732
-18.3684;-0.602172;18.3783;224.525;0.892689
-18.1703;-0.511202;18.1774;224.724;0.98366
-17.9904;-0.434838;17.9957;224.904;1.06002
-17.819;-0.36977;17.8228;225.076;1.12509
-17.6317;-0.307743;17.6344;225.263;1.18712
-17.4291;-0.2346;17.4306;225.466;1.26026
-17.2243;-0.154064;17.225;225.672;1.3408
-17.0179;-0.0782293;17.0181;225.879;1.41663
-16.83;-0.00744911;16.83;226.067;1.48741
-16.6301;0.0800802;16.6303;226.267;1.57494
-16.4355;0.150826;16.4362;226.463;1.64569
-16.2473;0.216213;16.2487;226.651;1.71107
-16.0657;0.282321;16.0682;226.833;1.77718
-15.872;0.348841;15.8758;227.028;1.8437
-15.665;0.413585;15.6705;227.235;1.90845
-15.4722;0.456949;15.479;227.428;1.95181
-15.28;0.502651;15.2883;227.621;1.99751
-15.0675;0.541852;15.0772;227.834;2.03671
-14.8733;0.577949;14.8846;228.028;2.07281
-14.684;0.624406;14.6973;228.218;2.11927
-14.4862;0.66546;14.5015;228.416;2.16032
-14.2891;0.706377;14.3065;228.614;2.20124
-14.0946;0.743293;14.1142;228.808;2.23815
-13.9257;0.781955;13.9477;228.978;2.27682
-13.7412;0.841504;13.767;229.163;2.33637
-13.542;0.904267;13.5722;229.363;2.39913
-13.3506;0.964087;13.3853;229.555;2.45895
-13.1387;1.00924;13.1774;229.767;2.50411
-12.937;1.0514;12.9796;229.969;2.54626
-12.7143;1.09233;12.7611;230.192;2.58719
-12.5189;1.12968;12.5698;230.388;2.62454
-12.3297;1.13852;12.3822;230.577;2.63338
-12.1257;1.13831;12.179;230.781;2.63318
-11.936;1.11456;11.9879;230.971;2.60943
-11.7365;1.08957;11.787;231.17;2.58443
-11.5301;1.05854;11.5786;231.376;2.5534
-11.3166;1.03128;11.3635;231.589;2.52614
-11.1355;0.998641;11.1802;231.77;2.4935
-10.9397;0.959777;10.9817;231.965;2.45464
-10.7456;0.897853;10.7831;232.159;2.39271
-10.544;0.822991;10.5761;232.36;2.31785
-10.3568;0.764663;10.385;232.546;2.25952
-10.1716;0.704388;10.1959;232.731;2.19925
-9.97668;0.651141;9.99791;232.925;2.146
-9.79538;0.592509;9.81328;233.106;2.08737
-9.61182;0.532962;9.62658;233.289;2.02782
-9.41781;0.481371;9.43011;233.483;1.97623
-9.23486;0.434159;9.24506;233.665;1.92902
-9.02118;0.389274;9.02958;233.878;1.88414
-8.84308;0.325933;8.84908;234.056;1.82079
-8.64365;0.24676;8.64717;234.255;1.74162
-8.45076;0.189286;8.45288;234.447;1.68415
-8.25889;0.131859;8.25994;234.639;1.62672
-8.05938;0.0682732;8.05967;234.838;1.56313
-7.87444;-0.000326037;7.87444;235.022;1.49454
-7.68345;-0.0555031;7.68365;235.213;1.43936
-7.49275;-0.109274;7.49354;235.403;1.38559
-7.28809;-0.161404;7.28987;235.608;1.33346
-7.10645;-0.230857;7.1102;235.789;1.264
-6.92924;-0.299105;6.9357;235.966;1.19576
-6.74111;-0.369963;6.75126;236.154;1.1249
-6.54313;-0.43693;6.5577;236.351;1.05793
-6.35886;-0.499158;6.37842;236.535;0.995703
-6.17032;-0.564796;6.19611;236.724;0.930065
-5.97962;-0.630664;6.01279;236.914;0.864197
-5.79295;-0.718689;5.83736;237.1;0.776173
-5.61199;-0.805946;5.66956;237.281;0.688915
-5.43264;-0.881281;5.50366;237.46;0.61358
-5.24218;-0.959091;5.32919;237.65;0.53577
-5.04752;-1.04898;5.15537;237.845;0.44588
-4.86202;-1.1319;4.99203;238.03;0.362962
-4.6733;-1.21457;4.82855;238.219;0.280292
-4.50607;-1.29872;4.68949;238.386;0.196144
-4.32984;-1.37965;4.54433;238.562;0.115215
-4.1481;-1.44645;4.39306;238.744;0.0484109
-3.97451;-1.50796;4.25096;238.918;-0.0130956
-3.78929;-1.5715;4.10223;239.103;-0.0766428
-3.59344;-1.63062;3.9461;239.299;-0.135761
-3.38906;-1.6988;3.79099;239.503;-0.203935
-3.20921;-1.76352;3.66183;239.683;-0.268658
-3.02032;-1.84278;3.5381;239.872;-0.347916
-2.83837;-1.91994;3.42673;240.054;-0.425074
-2.65794;-1.96881;3.3077;240.235;-0.473953
-2.46035;-2.04209;3.19741;240.432;-0.547227
-2.27611;-2.13856;3.12316;240.617;-0.643701
-2.12166;-2.22901;3.07732;240.771;-0.734152
-1.94785;-2.3331;3.03933;240.946;-0.838243
-1.77489;-2.43741;3.01516;241.119;-0.942546
-1.58957;-2.55282;3.00726;241.305;-1.05796
-1.42045;-2.64227;2.99988;241.474;-1.14741
-1.22563;-2.71731;2.98093;241.669;-1.22245
-1.03773;-2.79073;2.97743;241.858;-1.29587
-0.842547;-2.86708;2.98831;242.053;-1.37221
-0.656349;-2.9287;3.00135;242.24;-1.43384
-0.464344;-2.99235;3.02817;242.432;-1.49749
-0.276141;-3.05766;3.0701;242.621;-1.5628
-0.114034;-3.1057;3.10779;242.783;-1.61084
0.0824517;-3.17476;3.17583;242.98;-1.6799
0.273593;-3.23948;3.25101;243.172;-1.74462
0.46269;-3.30266;3.33492;243.361;-1.8078
0.657048;-3.36774;3.43123;243.556;-1.87288
0.840088;-3.42638;3.52786;243.74;-1.93152
1.02527;-3.48057;3.62844;243.925;-1.98571
1.19141;-3.53367;3.72911;244.092;-2.03881
1.37873;-3.58914;3.84484;244.28;-2.09428
1.56853;-3.62258;3.94758;244.47;-2.12772
1.77087;-3.64742;4.05458;244.672;-2.15256
1.96953;-3.67137;4.16629;244.871;-2.1765
2.13057;-3.70034;4.26987;245.033;-2.20548
2.32604;-3.74363;4.40741;245.228;-2.24877
2.51496;-3.78345;4.54307;245.418;-2.28858
2.71272;-3.82242;4.68719;245.616;-2.32756
2.90498;-3.85848;4.82977;245.808;-2.36361
3.09946;-3.89459;4.9774;246.003;-2.39973
3.30722;-3.93766;5.14226;246.211;-2.4428
3.51191;-3.98462;5.31138;246.417;-2.48976
3.70587;-4.02952;5.47453;246.611;-2.53466
3.90177;-4.09434;5.65574;246.807;-2.59948
4.0839;-4.16442;5.83272;246.99;-2.66956
4.25414;-4.22991;5.99916;247.161;-2.73505
4.43134;-4.26491;6.1503;247.339;-2.77004
4.61775;-4.31148;6.31763;247.526;-2.81662
4.80441;-4.36487;6.49111;247.713;-2.87001
4.96761;-4.40373;6.63852;247.877;-2.90887
5.16329;-4.45026;6.81648;248.073;-2.9554
5.35713;-4.49638;6.99402;248.267;-3.00152
5.5421;-4.54121;7.16502;248.453;-3.04635
5.73115;-4.58052;7.3367;248.642;-3.08565
5.92713;-4.6221;7.5163;248.839;-3.12724
6.12626;-4.66876;7.70249;249.039;-3.1739
6.32116;-4.71129;7.88374;249.234;-3.21643
6.52404;-4.76526;8.07903;249.438;-3.2704
6.71711;-4.80618;8.25948;249.631;-3.31132
6.89752;-4.8653;8.44079;249.812;-3.37044
7.08408;-4.92377;8.62715;250;-3.42891
7.27413;-4.9682;8.80886;250.19;-3.47334
7.46691;-5.0108;8.99238;250.384;-3.51594
7.65471;-5.06145;9.17676;250.572;-3.56659
7.8295;-5.12914;9.35998;250.748;-3.63428
8.00251;-5.20805;9.54799;250.922;-3.71319
8.18901;-5.28765;9.74778;251.11;-3.79279
8.36744;-5.34563;9.92924;251.289;-3.85077
8.55768;-5.40277;10.1205;251.48;-3.90791
8.74884;-5.46024;10.3129;251.672;-3.96538
8.94645;-5.51748;10.511;251.871;-4.02262
9.12331;-5.58703;10.6981;252.049;-4.09217
9.31111;-5.656;10.8944;252.237;-4.16114
9.51243;-5.7376;11.1088;252.44;-4.24274
9.71123;-5.83008;11.3269;252.64;-4.33522
9.8933;-5.91323;11.5258;252.824;-4.41837
10.0714;-5.98916;11.7176;253.003;-4.4943
10.2337;-6.07943;11.9033;253.167;-4.58457
10.4204;-6.1805;12.1154;253.356;-4.68564
10.5627;-6.28639;12.2918;253.5;-4.79153
10.7485;-6.39353;12.5063;253.688;-4.89867
10.9346;-6.50802;12.7247;253.876;-5.01316
11.1037;-6.61334;12.9239;254.047;-5.11848
11.2395;-6.72094;13.0957;254.185;-5.22608
11.3906;-6.83256;13.2827;254.339;-5.3377
11.5504;-6.95214;13.4813;254.501;-5.45728
11.7198;-7.07676;13.6907;254.673;-5.5819
11.8882;-7.1867;13.8916;254.844;-5.69184
12.0577;-7.30075;14.0957;255.016;-5.80589
12.2231;-7.42083;14.2994;255.184;-5.92597
12.3851;-7.53736;14.4984;255.349;-6.0425
12.5569;-7.66542;14.7117;255.523;-6.17056
12.7331;-7.78376;14.9238;255.702;-6.2889
12.9164;-7.90332;15.1425;255.889;-6.40846
13.0854;-8.00365;15.339;256.06;-6.50879
13.261;-8.10272;15.5405;256.238;-6.60786
13.4167;-8.21821;15.7336;256.397;-6.72335
13.5774;-8.33691;15.9327;256.561;-6.84205
13.7309;-8.457;16.1264;256.717;-6.96214
13.8898;-8.5815;16.3269;256.88;-7.08664
14.0457;-8.72379;16.5344;257.039;-7.22893
