#1 AntPos X	#2 AntVel X	#3 AntPos Y	#4 AntVel Y	#5 AntAngle	
-11.5518;1.20066;2.05827;1.89897;1.00699;
-11.4322;1.19631;2.2216;1.63335;0.938637;
-11.3015;1.3067;2.38298;1.61384;0.890178;
-11.1919;1.09596;2.53906;1.56081;0.958612;
-11.0768;1.15156;2.70139;1.62321;0.953767;
-10.9609;1.15863;2.85451;1.53122;0.923038;
-10.842;1.18907;3.01355;1.59038;0.928794;
-10.7095;1.32522;3.16703;1.53485;0.858564;
-10.5664;1.43107;3.31931;1.52282;0.816451;
-10.4372;1.29229;3.45853;1.39221;0.8226;
-10.3056;1.31585;3.61561;1.57076;0.873476;
-10.1802;1.25362;3.76566;1.50047;0.874791;
-10.0506;1.29586;3.91633;1.50669;0.860483;
-9.93484;1.15784;4.06892;1.52596;0.92171;
-9.8122;1.22639;4.21564;1.46714;0.874543;
-9.68548;1.26717;4.36948;1.53844;0.881788;
-9.55661;1.28874;4.52315;1.53668;0.872926;
-9.44185;1.14761;4.67187;1.48719;0.913572;
-9.3192;1.22652;4.82929;1.57426;0.908925;
-9.21429;1.04906;4.99224;1.62952;0.998802;
-9.11833;0.959611;5.17086;1.78615;1.07779;
-9.01869;0.99642;5.35439;1.83533;1.07341;
-8.92345;0.952422;5.52761;1.73213;1.06806;
-8.83594;0.875101;5.70455;1.76943;1.11151;
-8.75418;0.817593;5.87713;1.72577;1.12836;
-8.67251;0.816661;6.06498;1.87857;1.16072;
-8.56792;1.0459;6.22592;1.60937;0.994505;
-8.46489;1.03028;6.38418;1.58259;0.993713;
-8.35209;1.12801;6.55489;1.70713;0.986889;
-8.2421;1.09992;6.71778;1.62884;0.976856;
-8.1351;1.06995;6.87903;1.61251;0.984966;
-8.03839;0.967164;7.04795;1.68924;1.05081;
-7.93631;1.02076;7.22991;1.81959;1.05956;
-7.83865;0.97662;7.40484;1.74927;1.0616;
-7.76349;0.751619;7.57105;1.66214;1.14611;
-7.70895;0.545337;7.74875;1.77705;1.27304;
-7.63492;0.740311;7.92481;1.76054;1.17274;
-7.55347;0.814494;8.1071;1.82289;1.1506;
-7.51495;0.385261;8.28232;1.7522;1.35437;
-7.46184;0.531048;8.49691;2.14597;1.32821;
-7.4222;0.396393;8.68683;1.89918;1.36503;
-7.3822;0.400031;8.88178;1.94951;1.36841;
-7.3501;0.321023;9.07414;1.92354;1.40543;
-7.32651;0.235852;9.23843;1.64289;1.42821;
-7.28836;0.381568;9.43218;1.93755;1.37635;
-7.24075;0.47604;9.65122;2.19037;1.35679;
-7.19988;0.408743;9.84493;1.93715;1.36284;
-7.15563;0.442462;10.0465;2.01525;1.35467;
-7.10215;0.534773;10.2497;2.03228;1.31349;
-7.0541;0.480583;10.4286;1.78921;1.30839;
-7.0011;0.529945;10.6206;1.91994;1.30148;
-6.93875;0.623545;10.8442;2.23597;1.29884;
-6.89451;0.442358;11.042;1.97817;1.3508;
-6.83852;0.559868;11.2307;1.8873;1.28242;
-6.80563;0.328951;11.4258;1.95078;1.40374;
-6.76452;0.411057;11.6208;1.94927;1.36296;
-6.73357;0.309552;11.824;2.03265;1.41967;
-6.71476;0.188083;12.0075;1.83519;1.46867;
-6.69165;0.231081;12.2048;1.97233;1.45417;
-6.67413;0.175221;12.404;1.99282;1.4831;
-6.65726;0.168719;12.6085;2.04497;1.48848;
-6.64117;0.160846;12.8101;2.01576;1.49117;
-6.62994;0.112313;12.9943;1.84145;1.50988;
-6.62804;0.0190205;13.2097;2.15457;1.56197;
-6.62747;0.00567194;13.4023;1.92551;1.56785;
-6.62282;0.0464964;13.5987;1.96455;1.54713;
-6.61651;0.0630813;13.8008;2.02072;1.53959;
-6.61236;0.0415315;13.9988;1.98016;1.54983;
-6.61093;0.0143186;14.202;2.03219;1.56375;
-6.60984;0.0108992;14.4049;2.02837;1.56542;
-6.60619;0.0365126;14.6019;1.97056;1.55227;
-6.60063;0.0555375;14.7921;1.90187;1.5416;
-6.61014;-0.0950792;14.9862;1.94051;1.61975;
-6.6206;-0.104562;15.1724;1.86227;1.62689;
-6.63039;-0.0978899;15.3726;2.00157;1.61966;
-6.63651;-0.06118;15.5819;2.09379;1.60001;
-6.64343;-0.0692339;15.7765;1.94531;1.60637;
-6.6306;0.12829;15.9797;2.03264;1.50777;
-6.62297;0.076261;16.1896;2.09833;1.53447;
-6.61585;0.0712852;16.3894;1.99798;1.53513;
-6.59809;0.177592;16.597;2.07654;1.48548;
-6.57517;0.229129;16.8018;2.04781;1.45937;
-6.5562;0.189747;17.0057;2.03915;1.47801;
-6.55021;0.0599088;17.2191;2.13405;1.54273;
-6.54034;0.0986708;17.3898;1.70704;1.51306;
-6.52133;0.190119;17.5755;1.85677;1.46876;
-6.50335;0.179815;17.7839;2.08376;1.48472;
-6.48489;0.18455;17.9784;1.94546;1.47622;
-6.49246;-0.0756396;18.1828;2.04436;1.60778;
-6.48798;0.0448074;18.3978;2.14999;1.54996;
-6.50924;-0.212693;18.5825;1.84692;1.68545;
-6.52907;-0.198269;18.7616;1.7911;1.68104;
-6.54431;-0.15239;18.9623;2.00613;1.64661;
-6.5571;-0.127925;19.1616;1.99342;1.63488;
-6.56638;-0.0928151;19.3731;2.11492;1.61465;
-6.57869;-0.123043;19.578;2.04903;1.63077;
-6.58417;-0.0548167;19.7832;2.05234;1.5975;
-6.58953;-0.0536356;19.9834;2.00153;1.59759;
-6.60835;-0.188142;20.188;2.04621;1.66248;
-6.63697;-0.286234;20.3787;1.90734;1.71975;
-6.66809;-0.311133;20.5737;1.95005;1.72901;
-6.69835;-0.302598;20.7697;1.9596;1.724;
-6.74766;-0.493117;20.9726;2.02855;1.80926;
-6.79266;-0.449992;21.1687;1.96179;1.79627;
-6.81791;-0.252591;21.3652;1.96469;1.69866;
-6.85687;-0.389577;21.5703;2.05136;1.75847;
-6.88583;-0.289565;21.7716;2.01235;1.71371;
-6.91802;-0.321929;21.9746;2.03021;1.72806;
-6.94819;-0.301664;22.172;1.97384;1.72245;
-6.97857;-0.303784;22.3693;1.97339;1.72354;
-7.00941;-0.308456;22.5668;1.97441;1.72577;
-7.0605;-0.510885;22.7583;1.91532;1.83146;
-7.09169;-0.311879;22.949;1.9071;1.7329;
-7.14165;-0.499654;23.1383;1.89312;1.82884;
-7.18067;-0.390113;23.3291;1.90728;1.77255;
-7.20565;-0.24989;23.5265;1.97496;1.69666;
-7.22218;-0.165232;23.7118;1.85264;1.65975;
-7.25914;-0.369615;23.914;2.02178;1.75162;
-7.29409;-0.349527;24.1107;1.96758;1.7466;
-7.32728;-0.331885;24.3114;2.00604;1.73475;
-7.36346;-0.361752;24.5079;1.96585;1.75278;
-7.40053;-0.370789;24.7013;1.93373;1.76025;
-7.45284;-0.523095;24.9047;2.03374;1.82255;
-7.51499;-0.621445;25.092;1.87355;1.89107;
-7.56643;-0.514442;25.3092;2.17196;1.80337;
-7.61366;-0.472317;25.5059;1.96625;1.80654;
-7.66466;-0.510004;25.7081;2.02254;1.81781;
-7.71258;-0.47918;25.9028;1.94696;1.81212;
-7.76007;-0.474853;26.1002;1.97374;1.80689;
-7.80197;-0.419067;26.2785;1.7832;1.80162;
-7.84617;-0.441952;26.4749;1.96373;1.79217;
-7.88592;-0.397471;26.6726;1.97747;1.76915;
-7.94828;-0.623579;26.8552;1.82566;1.89994;
-8.00573;-0.574526;27.0426;1.8743;1.86823;
-8.06244;-0.567124;27.2322;1.8953;1.86154;
-8.10907;-0.46631;27.4306;1.98494;1.80154;
-8.14952;-0.404471;27.6372;2.06563;1.76416;
-8.18523;-0.35713;27.8323;1.95053;1.75188;
-8.20325;-0.180151;28.0155;1.83288;1.66877;
-8.19718;0.0606739;28.2042;1.88611;1.53864;
-8.19954;-0.0236467;28.3983;1.94106;1.58298;
-8.19989;-0.00346244;28.5973;1.99017;1.57254;
-8.19979;0.0010186;28.7922;1.94939;1.57027;
-8.20327;-0.0348318;28.9959;2.03695;1.58789;
-8.20831;-0.0503934;29.2007;2.04819;1.5954;
-8.19901;0.0930164;29.4153;2.14605;1.52748;
-8.1786;0.204048;29.6278;2.12451;1.47505;
-8.15883;0.197788;29.8285;2.00678;1.47255;

-8.13381;0.250115;-29.9732;1.98361;1.44537;
-8.11334;0.204765;-29.7809;1.92313;1.46472;
-8.08444;0.288999;-29.6295;1.51357;1.38213;
-8.0563;0.281328;-29.4324;1.97088;1.42901;
-8.02301;0.332966;-29.2594;1.72977;1.38063;
-7.97395;0.490562;-29.0678;1.91593;1.32014;
-7.92881;0.45146;-28.8752;1.9262;1.34057;
-7.88287;0.459332;-28.6807;1.94527;1.33892;
-7.85027;0.326022;-28.4888;1.91933;1.40254;
-7.82528;0.249952;-28.3063;1.82505;1.43469;
-7.80025;0.25026;-28.0905;2.15745;1.45531;
-7.77794;0.223133;-27.8958;1.94704;1.45669;
-7.74815;0.297884;-27.7021;1.93753;1.41825;
-7.71755;0.305967;-27.496;2.06034;1.42337;
-7.69347;0.24077;-27.2857;2.10356;1.45683;
-7.678;0.154757;-27.113;1.72695;1.48142;
-7.63041;0.475855;-26.9172;1.95821;1.33241;
-7.56428;0.661352;-26.7325;1.84622;1.22682;
-7.49669;0.67591;-26.5444;1.88123;1.22587;
-7.41778;0.789093;-26.3617;1.82746;1.16318;
-7.3546;0.631755;-26.1839;1.7772;1.22925;
-7.29233;0.622671;-25.9985;1.85392;1.24677;
-7.26369;0.286482;-25.829;1.69578;1.40344;
-7.21765;0.460365;-25.6297;1.99248;1.34373;
-7.16713;0.505183;-25.4385;1.91187;1.31247;
-7.11409;0.530375;-25.2541;1.8441;1.29075;
-7.0605;0.535909;-25.0546;1.99508;1.30838;
-6.98932;0.711876;-24.8668;1.8779;1.20845;
-6.92879;0.605249;-24.6954;1.7144;1.23142;
-6.8625;0.662936;-24.509;1.86379;1.22906;
-6.78416;0.783356;-24.3205;1.88494;1.17693;
-6.70629;0.77875;-24.157;1.63472;1.12622;
-6.62776;0.785247;-23.9819;1.75138;1.14931;
-6.55675;0.710084;-23.8083;1.73631;1.18259;
-6.45811;0.986406;-23.6245;1.83794;1.07823;
-6.36289;0.952223;-23.4515;1.73021;1.06768;
-6.27682;0.860716;-23.2606;1.90879;1.14718;
-6.18541;0.914076;-23.0828;1.7774;1.09579;
-6.09256;0.928467;-22.9054;1.77443;1.08872;
-5.97079;1.21771;-22.7429;1.62496;0.927694;
-5.85086;1.19937;-22.5752;1.67736;0.950053;
-5.74601;1.04843;-22.4181;1.57025;0.982092;
-5.62778;1.18234;-22.259;1.59093;0.931678;
-5.5264;1.01378;-22.1007;1.58357;1.00135;
-5.42136;1.05043;-21.9285;1.7222;1.02311;
-5.32095;1.00406;-21.7514;1.77044;1.0549;
-5.2241;0.968583;-21.5795;1.71902;1.05768;
-5.12319;1.00907;-21.4069;1.72622;1.04181;
-5.02046;1.02725;-21.2359;1.7098;1.02979;
-4.92388;0.965878;-21.0719;1.63994;1.03852;
-4.82494;0.989386;-20.8981;1.73867;1.05345;
-4.71823;1.06711;-20.7259;1.72113;1.01579;
-4.60763;1.10593;-20.5797;1.46232;0.923287;
-4.49241;1.15226;-20.4237;1.55982;0.93456;
-4.38101;1.11401;-20.2574;1.66324;0.980642;
-4.27939;1.01619;-20.0902;1.67249;1.02482;
-4.1947;0.8469;-19.9308;1.594;1.08242;
-4.0832;1.11501;-19.761;1.69744;0.989599;
-3.97995;1.03249;-19.5862;1.74849;1.03739;
-3.88698;0.929666;-19.4044;1.81715;1.09791;
-3.7984;0.885857;-19.2149;1.89593;1.1337;
-3.71242;0.859801;-19.0315;1.83338;1.13228;
-3.62743;0.849886;-18.8401;1.91388;1.15289;
-3.53367;0.937586;-18.6659;1.74223;1.07709;
-3.44615;0.875225;-18.5008;1.65133;1.08343;
-3.35967;0.864799;-18.3171;1.837;1.13081;
-3.27638;0.832841;-18.1373;1.79792;1.137;
-3.20723;0.691486;-17.9458;1.91462;1.22421;
-3.13975;0.674806;-17.7569;1.88948;1.22778;
-3.06484;0.749133;-17.5723;1.84582;1.18525;
-2.988;0.768409;-17.3714;2.00924;1.20552;
-2.91323;0.747675;-17.1871;1.84285;1.18537;
-2.83414;0.790931;-16.9991;1.87952;1.17248;
-2.76218;0.719544;-16.8148;1.84305;1.19858;
-2.71167;0.505114;-16.6142;2.00614;1.32414;
-2.64158;0.700942;-16.4234;1.90827;1.21878;
-2.57427;0.673092;-16.2397;1.83674;1.21953;
-2.50094;0.733327;-16.0451;1.9462;1.21045;
-2.4272;0.737379;-15.8668;1.78279;1.17861;
-2.35817;0.690258;-15.6932;1.73607;1.19236;
-2.29197;0.662042;-15.4883;2.04916;1.2583;
-2.23471;0.572617;-15.2998;1.88526;1.27592;
-2.17629;0.584137;-15.111;1.88731;1.27064;
-2.10821;0.680879;-14.9315;1.79503;1.20825;
-2.0224;0.858078;-14.7467;1.84871;1.13624;
-1.92633;0.960637;-14.5957;1.50967;1.0041;
-1.82321;1.03122;-14.468;1.27667;0.891352;
-1.70485;1.18361;-14.321;1.47006;0.892927;
-1.58879;1.16065;-14.1645;1.56535;0.932779;
-1.45675;1.32038;-13.9995;1.64982;0.89586;
-1.32449;1.32257;-13.8419;1.57642;0.87274;
-1.18779;1.36704;-13.6756;1.66217;0.882519;
-1.05841;1.29377;-13.5402;1.3546;0.808364;
-0.920182;1.38228;-13.398;1.42164;0.799434;
-0.769818;1.50364;-13.2383;1.59693;0.815477;
-0.635086;1.34732;-13.0881;1.50241;0.83977;
-0.484504;1.50583;-12.9349;1.53152;0.793856;
-0.341691;1.42813;-12.7891;1.45831;0.795854;
-0.20436;1.37331;-12.6356;1.53514;0.840983;
-0.0567891;1.4757;-12.4891;1.46502;0.781766;
0.0840093;1.40798;-12.3372;1.51889;0.823271;
0.220399;1.3639;-12.1944;1.42758;0.808206;
0.350305;1.29906;-12.0611;1.33347;0.798469;
0.468873;1.18568;-11.9468;1.14314;0.767132;
0.601467;1.32593;-11.8053;1.4149;0.817847;
0.735906;1.34439;-11.6604;1.44884;0.822773;
0.85405;1.18144;-11.5357;1.24714;0.812441;
1.01524;1.61189;-11.3993;1.36438;0.702427;
1.16397;1.48728;-11.2593;1.39916;0.754879;
1.30816;1.4419;-11.1208;1.38568;0.765519;
1.4448;1.36642;-10.9716;1.49143;0.829112;
1.56173;1.16935;-10.8062;1.65441;0.955516;
1.68274;1.21;-10.6328;1.73417;0.961587;
1.79098;1.08247;-10.4667;1.66091;0.993204;
1.90075;1.09764;-10.3103;1.56425;0.958929;
2.01401;1.1326;-10.1491;1.61192;0.958298;
2.11234;0.983297;-9.98542;1.63639;1.02972;
2.2163;1.03965;-9.81484;1.70583;1.02345;
2.33334;1.17041;-9.64695;1.67888;0.961995;
2.44665;1.13306;-9.48821;1.58743;0.950887;
2.55722;1.10572;-9.29351;1.94693;1.05429;
2.65658;0.993647;-9.10764;1.85877;1.07987;
2.7516;0.950188;-8.93098;1.76661;1.07732;
2.84525;0.936433;-8.77268;1.58296;1.0366;
2.95073;1.05483;-8.5941;1.78581;1.03726;
3.05081;1.00079;-8.40794;1.86157;1.07752;
3.16994;1.19127;-8.22772;1.80219;0.986719;
3.27203;1.02096;-8.05841;1.69319;1.02819;
3.36151;0.89474;-7.89251;1.65895;1.07617;
3.43562;0.741095;-7.70053;1.91978;1.20239;
3.4988;0.631796;-7.52015;1.80386;1.2339;
3.56491;0.661121;-7.33139;1.88757;1.2339;
3.63829;0.733809;-7.138;1.93393;1.20814;
3.72031;0.820261;-6.95702;1.80979;1.14526;
3.80042;0.801092;-6.77193;1.85091;1.16233;
3.88264;0.822118;-6.59549;1.76438;1.13475;
3.96204;0.794084;-6.42498;1.70508;1.13495;
4.04544;0.833946;-6.24588;1.791;1.13502;
4.12121;0.757727;-6.06364;1.82239;1.17676;
4.20129;0.800741;-5.90016;1.63478;1.11533;
4.28539;0.841049;-5.72527;1.74898;1.12256;
4.37032;0.849294;-5.54333;1.81931;1.13404;
4.45909;0.8877;-5.35299;1.90342;1.13441;
4.53807;0.789767;-5.17721;1.75784;1.14854;
4.63418;0.961131;-5.00076;1.76446;1.07202;
4.72579;0.916127;-4.82015;1.80609;1.10137;
4.81133;0.855426;-4.63943;1.80726;1.12871;
4.89283;0.814952;-4.4503;1.89131;1.16395;
4.97635;0.835174;-4.26291;1.87391;1.15154;
5.05599;0.796453;-4.07805;1.84856;1.16398;
5.13771;0.817134;-3.89827;1.7978;1.14419;
5.22567;0.879692;-3.70475;1.9352;1.14414;
5.33824;1.12569;-3.52059;1.84159;1.02214;
5.44461;1.06369;-3.35074;1.69853;1.01131;
5.56143;1.16814;-3.18095;1.69787;0.96817;
5.67459;1.13167;-3.0167;1.64246;0.967485;
5.77464;1.00047;-2.86528;1.51419;0.986914;
5.88806;1.13417;-2.69805;1.67239;0.97487;
5.99028;1.02222;-2.52433;1.73713;1.03891;
6.11975;1.2947;-2.35711;1.6722;0.911955;
6.24197;1.22219;-2.20338;1.53733;0.899106;
6.36318;1.21213;-2.04415;1.59226;0.920126;
6.46232;0.991382;-1.89963;1.44526;0.969561;
6.56843;1.06109;-1.74097;1.58658;0.981325;
6.67824;1.09815;-1.58854;1.52431;0.946495;
6.79229;1.14045;-1.43619;1.52345;0.928192;
6.93426;1.41968;-1.26591;1.70279;0.87582;
7.0487;1.14442;-1.12658;1.39332;0.883166;
7.18489;1.36195;-0.979219;1.47363;0.824765;
7.33102;1.46131;-0.828264;1.50955;0.801633;
7.46169;1.3067;-0.679776;1.48488;0.84914;
7.5888;1.27102;-0.533161;1.46615;0.856566;
7.7246;1.35802;-0.370759;1.62402;0.874363;
7.86936;1.44763;-0.204485;1.66274;0.854447;
7.99355;1.24187;-0.0637901;1.40695;0.84764;
8.13839;1.44842;0.0917036;1.55494;0.820849;
8.27134;1.32949;0.237969;1.46265;0.833055;
8.40012;1.2878;0.386947;1.48979;0.857991;
8.52308;1.22959;0.548501;1.61554;0.920226;
8.64508;1.22001;0.702697;1.54196;0.901438;
8.7667;1.21619;0.865431;1.62734;0.928994;
8.88575;1.19051;1.03718;1.71752;0.964678;
9.01583;1.30079;1.22798;1.90794;0.972404;
9.13375;1.17922;1.39485;1.66875;0.955621;
9.25249;1.1874;1.56469;1.69836;0.960645;
9.37648;1.23987;1.72877;1.64081;0.923692;
9.48755;1.11068;1.88289;1.54123;0.946349;
9.59512;1.07574;2.04797;1.65081;0.993267;
9.67179;0.766702;2.20853;1.60556;1.12529;
9.76432;0.925291;2.3852;1.76672;1.08834;
9.8606;0.962831;2.53615;1.50953;1.00302;
9.96815;1.07548;2.70331;1.67153;0.99907;
10.0763;1.08187;2.87159;1.68279;0.999425;
10.1945;1.18148;3.03019;1.58602;0.930545;
10.3109;1.16423;3.1973;1.67113;0.962308;
10.4299;1.18954;3.3584;1.61103;0.934778;
10.55;1.20182;3.52135;1.62944;0.935301;
10.6606;1.10506;3.68099;1.59642;0.965317;
10.7741;1.13573;3.8382;1.57209;0.945171;
10.894;1.19882;3.99323;1.55031;0.912564;
11.017;1.23038;4.14721;1.53982;0.896641;
11.1464;1.29324;4.31086;1.63652;0.902037;
11.2661;1.19761;4.46688;1.56016;0.916112;
11.388;1.21845;4.62687;1.59991;0.919927;
11.5127;1.24748;4.78809;1.61218;0.912244;
11.6419;1.29139;4.96178;1.73691;0.931471;
11.7662;1.24312;5.1132;1.5142;0.883397;
11.8939;1.27764;5.26727;1.5407;0.878467;
12.0249;1.30937;5.4128;1.45528;0.838128;
12.1605;1.35598;5.55813;1.45336;0.820046;
12.2967;1.36196;5.70508;1.46952;0.82337;
12.4412;1.44507;5.84433;1.39248;0.766866;
12.5968;1.55625;5.97516;1.30826;0.699041;
12.7536;1.5679;6.10771;1.32553;0.701828;
12.8967;1.43162;6.2501;1.42393;0.782703;
13.0289;1.32104;6.38273;1.32623;0.787361;
13.1535;1.24662;6.53344;1.50711;0.879715;
13.2806;1.27112;6.68972;1.56278;0.887953;
13.4197;1.39086;6.84083;1.5111;0.826808;
13.5538;1.34088;6.99057;1.49747;0.840513;
13.6761;1.22337;7.13639;1.45811;0.872717;
13.8159;1.39753;7.29141;1.55022;0.837152;
13.955;1.39139;7.4436;1.52191;0.830168;
14.0946;1.3958;7.591;1.47405;0.812657;
14.2337;1.39047;7.73532;1.44321;0.804007;
14.3711;1.37408;7.87691;1.41582;0.800357;
14.5103;1.39227;8.02043;1.43524;0.800593;
14.6517;1.41415;8.16245;1.42021;0.787534;
14.8036;1.5188;8.32247;1.60023;0.811501;
14.9348;1.31237;8.46801;1.45531;0.837;
15.0807;1.45907;8.62963;1.61627;0.836469;
15.2055;1.24755;8.7714;1.41763;0.849128;
15.3472;1.41757;8.90501;1.33616;0.755844;
15.4903;1.4303;9.04726;1.42247;0.782655;
15.6375;1.47223;9.20211;1.54846;0.810626;
15.78;1.42485;9.32276;1.20652;0.702613;
15.9312;1.51227;9.4313;1.08538;0.622519;
16.0939;1.62696;9.54177;1.10479;0.596525;
16.2624;1.68504;9.65677;1.14999;0.598863;
16.417;1.54586;9.77176;1.14984;0.639533;
16.5719;1.54932;9.89325;1.21495;0.665019;
16.7206;1.48685;9.99906;1.05805;0.618472;
16.8767;1.56133;10.0975;0.984792;0.562715;
17.0638;1.87054;10.2035;1.05926;0.515263;
17.2333;1.69548;10.3088;1.05373;0.556074;
17.4018;1.6847;10.414;1.05148;0.557977;
17.5646;1.62794;10.5221;1.08104;0.586191;
17.7343;1.69655;10.671;1.48959;0.720532;
17.883;1.48698;10.8041;1.33051;0.729922;
18.0348;1.51843;10.9524;1.48324;0.773676;
18.173;1.38183;11.0925;1.40062;0.792148;
18.3071;1.34135;11.2438;1.51274;0.845378;
18.4411;1.33983;11.3712;1.27439;0.760371;
18.5825;1.41426;11.4792;1.07965;0.652023;
18.7507;1.68185;11.5986;1.19461;0.6176;
18.9364;1.85728;11.7224;1.23758;0.587776;
19.1015;1.65037;11.8398;1.17406;0.61833;
19.2663;1.64806;11.9564;1.16651;0.615945;
19.4365;1.70184;12.0724;1.15937;0.598025;
19.6088;1.72367;12.1888;1.16449;0.594153;
19.7744;1.65534;12.3008;1.11995;0.594827;
19.9298;1.5545;12.4178;1.1696;0.645034;
20.0919;1.6208;12.5322;1.14385;0.614564;
20.2529;1.61009;12.6551;1.22906;0.651992;
20.4035;1.50566;12.7783;1.23254;0.685984;
20.5576;1.54071;12.9123;1.3393;0.715578;
20.7092;1.5161;13.0172;1.04997;0.605705;
20.8724;1.63237;13.1509;1.33619;0.685953;
21.0161;1.43673;13.2911;1.40249;0.773341;
21.1514;1.35317;13.4386;1.47506;0.828469;
21.2865;1.35139;13.586;1.47395;0.828751;
21.4328;1.46244;13.7429;1.56831;0.820315;
21.5751;1.42324;13.8834;1.4057;0.779199;
21.715;1.39873;14.0197;1.36241;0.772246;
21.8483;1.33305;14.1532;1.33543;0.786293;
21.9832;1.34926;14.2984;1.45164;0.821933;
22.1164;1.33174;14.442;1.43604;0.823066;
22.253;1.36614;14.5895;1.47515;0.823747;
22.3874;1.34405;14.7514;1.61887;0.877885;
22.499;1.11579;14.8982;1.46834;0.920991;
22.6229;1.23956;15.0564;1.58163;0.906058;
22.7486;1.25702;15.2155;1.59104;0.902147;
22.8819;1.33259;15.3578;1.42357;0.818398;
22.9965;1.14622;15.4874;1.29588;0.846607;
23.1204;1.2391;15.6318;1.44413;0.861662;
23.248;1.27543;15.7808;1.48941;0.862638;
23.3725;1.24573;15.9298;1.4906;0.874649;
23.4889;1.16349;16.0868;1.56933;0.932826;
23.6034;1.14483;16.256;1.69277;0.976148;
23.7121;1.08681;16.4179;1.61845;0.979445;
23.8086;0.96556;16.5819;1.64025;1.03875;
23.901;0.923437;16.7708;1.88841;1.11598;
23.9912;0.90233;16.9522;1.81458;1.10934;
24.0842;0.930124;17.1439;1.91663;1.11898;
24.1695;0.853105;17.3208;1.76932;1.12152;
24.2552;0.856741;17.5122;1.91358;1.14984;
24.3375;0.823469;17.6911;1.78908;1.13943;
24.4133;0.757254;17.8691;1.78037;1.16864;
24.5086;0.953402;18.0678;1.98649;1.12332;
24.5806;0.719865;18.2508;1.83032;1.19608;
24.6632;0.82653;18.4151;1.64303;1.10471;
24.7534;0.901559;18.594;1.78915;1.10403;
24.829;0.755795;18.7739;1.79917;1.1731;
24.9047;0.757215;18.9546;1.80673;1.17393;
24.9819;0.772504;19.1363;1.81736;1.16887;
25.0718;0.898968;19.3048;1.68424;1.08051;
25.1669;0.950789;19.4806;1.75862;1.07516;
25.2559;0.890313;19.6538;1.73193;1.09597;
25.3452;0.892321;19.8309;1.77125;1.10413;
25.4367;0.914903;20.0096;1.78631;1.09746;
25.5161;0.79381;20.178;1.68428;1.13037;
25.5959;0.798529;20.3432;1.6517;1.12047;
25.6786;0.82713;20.5138;1.70658;1.11949;
25.78;1.014;20.6969;1.83114;1.06508;
25.8795;0.994625;20.8705;1.73553;1.05039;
25.9772;0.977553;21.0483;1.77798;1.0681;
26.078;1.0072;21.2264;1.78091;1.05609;
26.1698;0.918199;21.4086;1.82223;1.10404;
26.2729;1.03112;21.5881;1.79446;1.04925;
26.3717;0.987795;21.7667;1.78636;1.06568;
26.4763;1.046;21.9408;1.74113;1.02982;
26.5778;1.01517;22.1098;1.68956;1.02975;
26.6611;0.832999;22.2782;1.68486;1.11164;
26.7641;1.03052;22.4455;1.67221;1.0185;
26.8726;1.08443;22.6062;1.60781;0.977407;
26.9837;1.11094;22.7696;1.63382;0.973646;
27.0934;1.09705;22.9297;1.6004;0.969882;
27.2068;1.13401;23.0937;1.64075;0.966034;
27.3224;1.15645;23.2601;1.66347;0.963296;
27.4323;1.09861;23.4133;1.53222;0.948747;
27.5507;1.18372;23.5755;1.62147;0.940201;
27.667;1.16394;23.748;1.72556;0.977372;
27.7583;0.912417;23.913;1.64972;1.0656;
27.8731;1.14817;24.0841;1.71117;0.979812;
27.9607;0.876126;24.2871;2.03023;1.1634;
28.0526;0.918717;24.4553;1.68193;1.07085;
28.1599;1.0732;24.6515;1.96194;1.07025;
28.2569;0.970109;24.8311;1.79546;1.07542;
28.342;0.851024;25.0113;1.80256;1.1297;
28.4261;0.840834;25.1956;1.84324;1.14282;
28.5027;0.765642;25.3907;1.95058;1.19675;
28.5726;0.699415;25.5838;1.9313;1.22334;
28.6383;0.656405;25.7687;1.84864;1.22961;
28.706;0.67767;25.9588;1.90079;1.22833;
28.7799;0.738803;26.1565;1.97677;1.21313;
28.8548;0.749084;26.3495;1.9302;1.2006;
28.9159;0.611387;26.5511;2.01611;1.27636;
28.9746;0.586262;26.7419;1.90824;1.27272;
29.0361;0.615208;26.932;1.90098;1.25781;
29.0987;0.626156;27.1187;1.86662;1.24714;
29.1625;0.637535;27.3084;1.89732;1.24663;
29.2269;0.644046;27.4969;1.88521;1.2416;
29.2865;0.596526;27.6905;1.93626;1.27194;
29.3472;0.606617;27.89;1.99429;1.27551;
29.3824;0.352488;28.0725;1.82574;1.38008;
29.4235;0.410303;28.2582;1.85681;1.35332;
29.464;0.405103;28.4601;2.01907;1.37279;
29.497;0.32991;28.6585;1.98385;1.40601;
29.5234;0.264138;28.8591;2.00579;1.43986;
29.556;0.326677;29.0563;1.972;1.40663;
29.5792;0.231879;29.2451;1.88847;1.44862;
29.591;0.117944;29.4709;2.25747;1.5186;
29.5957;0.0468784;29.6797;2.08846;1.54835;
29.6071;0.113424;29.9145;2.34797;1.52253;

29.6225;0.153971;-29.892;1.93436;1.49137;
29.6388;0.163595;-29.6903;2.01702;1.48987;
29.6474;0.0861327;-29.489;2.01334;1.52804;
29.6644;0.170168;-29.2824;2.06561;1.4886;
29.6836;0.191935;-29.0883;1.94093;1.47223;
29.6935;0.0988638;-28.8903;1.97995;1.52091;
29.7006;0.0708736;-28.6942;1.96177;1.53468;
29.7369;0.362855;-28.5007;1.93463;1.38539;
29.7608;0.238719;-28.2967;2.03985;1.4543;
29.769;0.0824322;-28.0974;1.99294;1.52946;
29.7915;0.224732;-27.8854;2.11979;1.46517;
29.8179;0.264582;-27.6771;2.0836;1.44449;
29.872;0.540559;-27.4903;1.86818;1.28914;
29.9359;0.638941;-27.3122;1.7804;1.22624;

-29.9851;0.790287;-27.1406;1.71623;1.13926;
-29.8984;0.867006;-26.9611;1.79498;1.12083;
-29.8179;0.804817;-26.786;1.75137;1.14004;
-29.7319;0.859487;-26.6043;1.81677;1.12891;
-29.6435;0.884356;-26.4293;1.74965;1.1028;
-29.5341;1.09392;-26.2493;1.80049;1.02483;
-29.4215;1.12653;-26.0901;1.5915;0.954829;
-29.3054;1.1606;-25.9289;1.61251;0.946937;
-29.1763;1.29141;-25.7619;1.66944;0.912387;
-29.0467;1.29555;-25.6143;1.4767;0.85065;
-28.9164;1.3035;-25.4632;1.51053;0.858836;
-28.7981;1.18295;-25.3156;1.47568;0.895063;
-28.674;1.24106;-25.161;1.5463;0.894475;
-28.5707;1.03297;-25.0146;1.46382;0.956276;
-28.4596;1.11102;-24.86;1.54622;0.947736;
-28.353;1.06552;-24.7122;1.47818;0.946226;
-28.2373;1.15724;-24.552;1.60164;0.945104;
-28.1161;1.21145;-24.3897;1.62345;0.929717;
-27.9935;1.22661;-24.2244;1.65304;0.932414;
-27.8932;1.00311;-24.0475;1.76911;1.05498;
-27.8128;0.804003;-23.88;1.67475;1.12322;
-27.7272;0.855541;-23.6946;1.85379;1.13841;
-27.6426;0.846579;-23.5121;1.82472;1.1364;
-27.5577;0.848394;-23.3378;1.74377;1.11798;
-27.4722;0.855347;-23.162;1.75732;1.11782;
-27.3846;0.876105;-22.9819;1.80091;1.11802;
-27.312;0.72571;-22.7848;1.97122;1.21804;
-27.2318;0.802329;-22.6078;1.76972;1.14515;
-27.1428;0.889439;-22.4106;1.97197;1.14708;
-27.0595;0.833343;-22.2481;1.62584;1.09715;
-26.9719;0.876233;-22.0672;1.80859;1.11964;
-26.879;0.928422;-21.8806;1.86602;1.10912;
-26.7902;0.888303;-21.7158;1.64763;1.07633;
-26.7018;0.88436;-21.5455;1.70338;1.09192;
-26.6102;0.915247;-21.3583;1.87169;1.11599;
-26.5471;0.631398;-21.1623;1.96073;1.25926;
-26.4994;0.476551;-20.964;1.98298;1.33495;
-26.4338;0.656835;-20.7771;1.86883;1.23281;
-26.3657;0.680744;-20.5842;1.92892;1.23153;
-26.3012;0.644918;-20.3921;1.92044;1.24681;
-26.2387;0.625015;-20.2024;1.89751;1.2526;
-26.184;0.54719;-20.0086;1.93781;1.29559;
-26.1262;0.577864;-19.8284;1.80203;1.26048;
-26.0673;0.588745;-19.6348;1.93626;1.27562;
-26.0089;0.583953;-19.4435;1.9126;1.27447;
-25.9541;0.548236;-19.2549;1.88596;1.2879;
-25.9027;0.513451;-19.0729;1.81998;1.29582;
-25.8697;0.330155;-18.8956;1.77356;1.38675;
-25.8218;0.47969;-18.6825;2.1311;1.3494;
-25.7841;0.376495;-18.5046;1.77897;1.36224;
-25.7431;0.410143;-18.3091;1.95461;1.36396;
-25.702;0.410814;-18.1122;1.96876;1.36508;
-25.6568;0.451797;-17.8932;2.18982;1.36733;
-25.6078;0.490522;-17.6903;2.02941;1.33364;
-25.5617;0.460372;-17.5245;1.65786;1.29993;
-25.4788;0.829839;-17.3108;2.13764;1.2005;
-25.4034;0.753611;-17.127;1.83773;1.18163;
-25.3336;0.698335;-16.9465;1.80469;1.20159;
-25.2663;0.672451;-16.7593;1.87243;1.22601;
-25.1895;0.767871;-16.5515;2.07776;1.2168;
-25.1239;0.656077;-16.3632;1.883;1.23553;
-25.0561;0.677759;-16.1907;1.72511;1.19644;
-24.983;0.731667;-16.0085;1.82158;1.18886;
-24.9097;0.732809;-15.8324;1.76105;1.17647;
-24.8487;0.610254;-15.6382;1.94198;1.26632;
-24.7709;0.777764;-15.4471;1.91076;1.18423;
-24.6967;0.742378;-15.2571;1.9008;1.19845;
-24.6143;0.823882;-15.0784;1.78707;1.13881;
-24.5302;0.840653;-14.897;1.81405;1.13685;
-24.4469;0.832631;-14.7154;1.81523;1.14074;
-24.3632;0.837445;-14.5315;1.8389;1.14346;
-24.2983;0.648695;-14.3644;1.67116;1.20053;
-24.233;0.653526;-14.1621;2.02323;1.25836;
-24.1579;0.750277;-13.9426;2.19463;1.24138;
-24.1026;0.55354;-13.7585;1.84172;1.27883;
-24.0489;0.53734;-13.5523;2.06163;1.31583;
-23.9982;0.506358;-13.3586;1.93737;1.31515;
-23.9589;0.393164;-13.1781;1.80457;1.35628;
-23.8951;0.638461;-12.9724;2.0574;1.26989;
-23.8368;0.582564;-12.7826;1.89794;1.27298;
-23.7716;0.652051;-12.5824;2.00188;1.25591;
-23.7061;0.655491;-12.398;1.84346;1.22916;
-23.6254;0.80677;-12.2127;1.85385;1.16033;
-23.5404;0.849286;-12.0521;1.6055;1.08423;
-23.4406;0.998352;-11.8818;1.70311;1.04059;
-23.317;1.23639;-11.7006;1.8119;0.971998;
-23.2164;1.00602;-11.5391;1.61456;1.01357;
-23.1204;0.959924;-11.3907;1.48436;0.99675;
-22.9875;1.32846;-11.2302;1.60518;0.879447;
-22.855;1.3252;-11.0749;1.5533;0.864474;
-22.7244;1.30647;-10.923;1.51855;0.860328;
-22.576;1.48344;-10.7635;1.59479;0.821557;
-22.4379;1.38114;-10.6024;1.61149;0.862217;
-22.3127;1.25243;-10.4576;1.44785;0.857642;
-22.1796;1.33106;-10.3211;1.36494;0.797963;
-22.0364;1.43194;-10.1651;1.55967;0.828067;
-21.9005;1.35864;-10.0225;1.42654;0.809776;
-21.768;1.3246;-9.88234;1.40144;0.813581;
-21.6467;1.21385;-9.73055;1.51789;0.896243;
-21.5223;1.24328;-9.57541;1.5514;0.895205;
-21.3865;1.35857;-9.42729;1.4812;0.828555;
-21.2348;1.51632;-9.27459;1.52695;0.788891;
-21.0819;1.52946;-9.13446;1.40135;0.741716;
-20.9354;1.46456;-8.9989;1.35558;0.746772;
-20.8134;1.21994;-8.86037;1.38531;0.848787;
-20.6708;1.42621;-8.7089;1.51471;0.815482;
-20.5422;1.28643;-8.56406;1.44834;0.844534;
-20.4455;0.967034;-8.41723;1.46835;0.988408;
-20.3579;0.876063;-8.2758;1.41432;1.01622;
-20.2665;0.913315;-8.09982;1.75974;1.09206;
-20.1803;0.862173;-7.92097;1.7885;1.1216;
-20.1017;0.785738;-7.75384;1.6713;1.13132;
-19.9972;1.04577;-7.55684;1.97008;1.08279;
-19.9248;0.72367;-7.38876;1.68076;1.16423;
-19.8454;0.793998;-7.20438;1.84382;1.16417;
-19.7695;0.758576;-7.01858;1.85801;1.18318;
-19.6934;0.761006;-6.83364;1.84939;1.18042;
-19.592;1.01446;-6.67422;1.59417;1.00407;
-19.4874;1.04574;-6.50401;1.70207;1.01986;
-19.3769;1.1053;-6.32286;1.81154;1.02295;
-19.2727;1.04147;-6.15209;1.7077;1.02315;
-19.1693;1.0348;-5.9547;1.97388;1.08794;
-19.0652;1.04107;-5.77858;1.76116;1.03693;
-18.9602;1.04978;-5.60813;1.70457;1.01879;
-18.8532;1.06969;-5.45102;1.57105;0.97302;
-18.7446;1.08598;-5.26897;1.82049;1.03293;
-18.6497;0.949059;-5.08903;1.7994;1.08545;
-18.5388;1.10869;-4.90917;1.79865;1.0184;
-18.4335;1.05349;-4.74073;1.68438;1.01188;
-18.3295;1.04036;-4.5739;1.66826;1.01319;
-18.2232;1.06262;-4.40483;1.69075;1.00969;
-18.1111;1.121;-4.2399;1.64933;0.973846;
-17.9919;1.1919;-4.0639;1.75994;0.975508;
-17.8813;1.10571;-3.89927;1.64633;0.979371;
-17.7732;1.08127;-3.72768;1.71586;1.00849;
-17.7025;0.706566;-3.54709;1.80592;1.19786;
-17.65;0.525419;-3.36679;1.80304;1.28724;
-17.5926;0.573578;-3.16598;2.00808;1.29257;
-17.5444;0.482723;-2.96304;2.02943;1.33727;
-17.4961;0.48277;-2.7681;1.94937;1.32803;
-17.4508;0.452738;-2.57089;1.97206;1.34513;
-17.414;0.36807;-2.36244;2.08457;1.39603;
-17.3925;0.214858;-2.16585;1.96589;1.46194;
-17.3745;0.180712;-1.95985;2.05997;1.4833;
-17.3618;0.126783;-1.75375;2.06101;1.50936;
-17.3291;0.327035;-1.54636;2.07392;1.4144;
-17.3001;0.289934;-1.35014;1.96215;1.4241;
-17.2873;0.127493;-1.13668;2.13463;1.51114;
-17.2939;-0.0653169;-0.962832;1.73847;1.60835;
-17.303;-0.0912741;-0.760102;2.0273;1.61579;
-17.3006;0.024366;-0.565926;1.94176;1.55825;
-17.2889;0.116515;-0.373918;1.92007;1.51019;
-17.2754;0.134778;-0.177787;1.96132;1.50219;
-17.2583;0.171656;0.0217814;1.99568;1.48499;
-17.2372;0.210713;0.217253;1.95471;1.46341;
-17.2182;0.190053;0.420289;2.03036;1.47746;
-17.197;0.211758;0.620062;1.99773;1.46519;
-17.1954;0.0159694;0.814933;1.9487;1.5626;
-17.1859;0.0946377;1.05976;2.44824;1.53216;
-17.1783;0.0767584;1.25959;1.99838;1.5324;
-17.1779;0.0034602;1.46927;2.09674;1.56915;
-17.1971;-0.19133;1.67726;2.07993;1.66253;
-17.2131;-0.160081;1.87778;2.00523;1.65046;
-17.2417;-0.286592;2.06873;1.90948;1.71977;
-17.2727;-0.309379;2.27174;2.03009;1.72203;
-17.304;-0.313607;2.47746;2.05715;1.72208;
-17.3263;-0.222665;2.695;2.17541;1.6728;
-17.3419;-0.15586;2.89726;2.02267;1.6477;
-17.359;-0.171513;3.09926;2.01995;1.6555;
-17.3759;-0.168806;3.26864;1.69384;1.67013;
-17.3977;-0.217399;3.47405;2.05407;1.67624;
-17.4176;-0.199158;3.67832;2.04266;1.66799;
-17.4406;-0.230176;3.88078;2.02459;1.684;
-17.4348;0.0582041;4.06478;1.84005;1.53918;
-17.4269;0.0782279;4.26449;1.99709;1.53165;
-17.4359;-0.0893306;4.47539;2.10902;1.61313;
-17.4584;-0.225002;4.70826;2.32868;1.66712;
-17.4703;-0.1189;4.901;1.92739;1.63241;
-17.4794;-0.0909572;5.08786;1.86858;1.61944;
-17.4876;-0.0826415;5.3042;2.16342;1.60898;
-17.5124;-0.247775;5.50776;2.03563;1.69192;
-17.5351;-0.226992;5.70352;1.9576;1.68624;
-17.5591;-0.239672;5.89718;1.93662;1.69393;
-17.5678;-0.0877903;6.09603;1.98849;1.61492;
-17.5669;0.00932422;6.32182;2.25786;1.56667;
-17.5514;0.15562;6.50706;1.85242;1.48698;
-17.5117;0.396864;6.71388;2.06824;1.38122;
-17.475;0.366915;6.91145;1.97564;1.38717;
-17.4327;0.422611;7.11538;2.03929;1.36645;
-17.3899;0.42818;7.30283;1.87457;1.34623;
-17.3547;0.35214;7.49309;1.90252;1.38778;
-17.3192;0.354993;7.6896;1.96514;1.39208;
-17.257;0.622003;7.89236;2.02763;1.27315;
-17.1953;0.61669;8.09196;1.99594;1.27113;
-17.1353;0.599962;8.28429;1.92332;1.26842;
-17.0883;0.470157;8.49586;2.11574;1.35213;
-17.0465;0.417794;8.69698;2.01118;1.36597;
-17.0106;0.359394;8.87086;1.73876;1.36697;
-16.971;0.395404;9.06943;1.9857;1.37424;
-16.9304;0.406543;9.26193;1.92505;1.36267;
-16.888;0.424321;9.4565;1.94572;1.35608;
-16.8284;0.595616;9.63138;1.74878;1.24253;
-16.7495;0.789294;9.81552;1.84143;1.16585;
-16.6631;0.863192;9.96034;1.4482;1.03329;
-16.5658;0.973054;10.125;1.64624;1.03696;
-16.4527;1.13168;10.3224;1.97427;1.05031;
-16.3643;0.883282;10.4757;1.53334;1.04817;
-16.2801;0.842777;10.6504;1.74644;1.12119;
-16.2026;0.774248;10.8326;1.82222;1.16902;
-16.1394;0.632733;11.0391;2.06483;1.27345;
-16.0806;0.588181;11.2182;1.79142;1.25355;
-16.021;0.595665;11.399;1.8082;1.25257;
-15.9766;0.443545;11.5949;1.95849;1.34808;
-15.9313;0.453438;11.7975;2.02596;1.35061;
-15.8931;0.381918;12.0002;2.0273;1.38459;
-15.8451;0.480157;12.204;2.03788;1.3394;
-15.826;0.190278;12.3974;1.93363;1.47271;
-15.806;0.200047;12.5791;1.81756;1.46117;
-15.7872;0.18823;12.769;1.89894;1.472;
-15.7627;0.245065;12.9706;2.01604;1.44983;
-15.7355;0.272578;13.1778;2.07155;1.43997;
-15.7118;0.236446;13.3758;1.98058;1.45198;
-15.6957;0.161343;13.5722;1.96321;1.4888;
-15.6733;0.223862;13.7639;1.91795;1.4546;
-15.6492;0.240614;13.9646;2.00622;1.45143;
-15.6243;0.24963;14.1656;2.01025;1.44725;
-15.5815;0.428042;14.3714;2.05771;1.3657;
-15.5432;0.382902;14.5606;1.89217;1.37113;
-15.5122;0.309387;14.7551;1.94495;1.41305;
-15.4637;0.485447;14.9609;2.0579;1.33914;
-15.4231;0.406044;15.1525;1.91601;1.36196;
-15.384;0.390871;15.3427;1.90211;1.36812;
-15.3552;0.288031;15.5382;1.95478;1.4245;
-15.3353;0.199337;15.7378;1.9965;1.47128;
-15.3212;0.140704;15.9301;1.92286;1.49775;
-15.3173;0.0393098;16.1095;1.79396;1.54889;
-15.3249;-0.0763527;16.341;2.31539;1.60376;
-15.3279;-0.0302893;16.5423;2.01278;1.58584;
-15.3239;0.0406539;16.7547;2.12436;1.55166;
-15.2948;0.290913;16.9623;2.07509;1.43151;
-15.2583;0.364598;17.1565;1.94269;1.38528;
-15.2345;0.237631;17.3497;1.93135;1.44837;
-15.2147;0.198284;17.5495;1.99846;1.4719;
-15.2082;0.0655334;17.7645;2.15025;1.54033;
-15.1836;0.245279;17.9559;1.91376;1.44333;
-15.151;0.326003;18.1535;1.97551;1.40725;
-15.11;0.410219;18.3629;2.09467;1.3774;
-15.0716;0.38463;18.5584;1.95508;1.37654;
-15.0148;0.567581;18.7239;1.65425;1.24028;
-14.9483;0.665312;18.918;1.94187;1.24072;
-14.8795;0.687621;19.0976;1.79599;1.20515;
-14.8076;0.718789;19.2844;1.8675;1.20338;
-14.7501;0.574751;19.4676;1.83183;1.26677;
-14.6751;0.750173;19.6454;1.77813;1.17156;
-14.597;0.780859;19.8306;1.85205;1.17179;
-14.5256;0.714809;20.0114;1.80856;1.1944;
-14.4514;0.742054;20.1978;1.86309;1.19176;
-14.3738;0.775394;20.3835;1.85703;1.17526;
-14.2956;0.782664;20.5928;2.09295;1.21294;
-14.22;0.75503;20.7908;1.98052;1.20658;
-14.1516;0.684245;20.9725;1.81661;1.21057;
-14.0844;0.671734;21.1513;1.78826;1.21147;
-14.009;0.754599;21.35;1.98674;1.20781;
-13.9312;0.777417;21.5356;1.85623;1.17418;
-13.8328;0.984742;21.7311;1.95459;1.10411;
-13.764;0.687401;21.9222;1.91121;1.22553;
-13.7034;0.606592;22.1232;2.01021;1.27773;
-13.6471;0.562887;22.3117;1.88499;1.28061;
-13.5839;0.632227;22.5115;1.99852;1.26441;
-13.5296;0.542864;22.7075;1.95971;1.30056;
-13.4787;0.508433;22.8967;1.89185;1.30825;
-13.4303;0.484478;23.0901;1.93366;1.3253;
-13.3489;0.813838;23.2849;1.94869;1.17518;
-13.274;0.748809;23.4664;1.81492;1.17949;
-13.2135;0.604744;23.64;1.73619;1.23562;
-13.1413;0.722241;23.8179;1.77881;1.18511;
-13.0802;0.611042;23.9911;1.73197;1.23163;
-13.0054;0.748194;24.1681;1.76985;1.17084;
-12.9102;0.951734;24.3327;1.64545;1.04641;
-12.8062;1.03985;24.496;1.63308;1.0038;
-12.7023;1.03972;24.6596;1.63657;1.00482;
-12.5956;1.06619;24.8281;1.68446;1.0065;
-12.481;1.14615;24.9954;1.67355;0.970302;
-12.3683;1.12727;25.1595;1.64129;0.968969;
-12.2603;1.08033;25.3267;1.67141;0.996985;
-12.1547;1.05601;25.4795;1.52853;0.966228;
-12.068;0.866983;25.6418;1.62249;1.08005;
-11.9791;0.889061;25.8174;1.75645;1.10223;
-11.8875;0.915771;25.9973;1.79896;1.09993;
-11.8194;0.681065;26.1879;1.90521;1.22748;
-11.7432;0.76187;26.3612;1.73352;1.15671;
-11.6581;0.850985;26.5495;1.8832;1.14638;
-11.5592;0.988967;26.7604;2.10887;1.13229;
-11.4868;0.723903;26.9358;1.75382;1.17934;
-11.4081;0.787274;27.1204;1.84556;1.16759;
-11.328;0.800408;27.2995;1.79139;1.1506;
-11.2435;0.845228;27.4665;1.66988;1.10223;
-11.1603;0.832202;27.6482;1.81763;1.14143;
-11.0772;0.830597;27.8234;1.75128;1.12794;
-11.0224;0.548427;27.9961;1.72766;1.26342;
-10.9617;0.606502;28.1871;1.90969;1.26328;
-10.8939;0.678893;28.3791;1.9195;1.23085;
-10.8358;0.580424;28.555;1.75931;1.25212;
-10.7723;0.635015;28.7444;1.89377;1.24726;
-10.7147;0.575848;28.9443;1.99899;1.29032;
-10.655;0.5975;29.1383;1.93997;1.27202;
-10.5909;0.641103;29.3071;1.68835;1.20789;
-10.5464;0.444966;29.518;2.10864;1.36283;
-10.5003;0.461156;29.7248;2.06824;1.35141;
-10.4598;0.404727;29.887;1.62207;1.32628;

-10.4019;0.57895;-29.9091;2.03878;1.29411;
-10.3355;0.663762;-29.7261;1.8307;1.22296;
-10.2634;0.721166;-29.5373;1.88722;1.20579;
-10.1861;0.773368;-29.3176;2.19759;1.23242;
-10.1159;0.70199;-29.1235;1.94088;1.22375;
-10.0477;0.681583;-28.935;1.88451;1.22376;
-9.97916;0.685409;-28.7371;1.97945;1.23745;
-9.91448;0.646802;-28.5454;1.9173;1.24543;
-9.85;0.644834;-28.3518;1.93604;1.24928;
-9.788;0.620027;-28.1488;2.03011;1.27438;
-9.73258;0.554163;-27.9514;1.97396;1.2971;
-9.68266;0.499216;-27.7484;2.02949;1.3296;
-9.63438;0.482828;-27.5515;1.96956;1.33039;
-9.59066;0.437175;-27.3478;2.03625;1.35931;
-9.54868;0.41984;-27.1522;1.95632;1.3594;
-9.52472;0.239574;-26.9423;2.09893;1.45715;
-9.49707;0.276469;-26.7326;2.0972;1.43972;
-9.46799;0.290811;-26.5395;1.93082;1.4213;
-9.41858;0.49408;-26.3535;1.85953;1.31109;
-9.35365;0.649348;-26.1673;1.86243;1.23532;
-9.27547;0.781773;-25.9664;2.00891;1.19968;
-9.21945;0.560241;-25.7789;1.87553;1.28052;
-9.17141;0.480369;-25.5804;1.98428;1.33328;
-9.12676;0.446519;-25.4088;1.71606;1.31624;
-9.07939;0.473686;-25.2078;2.01062;1.33942;
-9.02976;0.496243;-25.0073;2.00454;1.32812;
-8.98285;0.469097;-24.8127;1.94562;1.33421;
-8.9166;0.662587;-24.6293;1.83487;1.22426;
-8.84906;0.675366;-24.425;2.04219;1.25141;
-8.78423;0.64833;-24.2369;1.88172;1.23899;
-8.72805;0.561794;-24.0374;1.99458;1.29625;
-8.67352;0.54524;-23.8451;1.92281;1.29449;
-8.62483;0.486968;-23.6625;1.82604;1.31018;
-8.57995;0.448771;-23.4593;2.03257;1.35349;
-8.53717;0.427779;-23.2592;2.00115;1.3602;
-8.47913;0.58036;-23.0767;1.82433;1.2628;
-8.41554;0.635943;-22.8856;1.91086;1.24952;
-8.34091;0.746319;-22.6783;2.07388;1.22536;
-8.2689;0.72005;-22.4915;1.86737;1.20277;
-8.18478;0.841249;-22.3253;1.66245;1.10234;
-8.0764;1.08374;-22.1496;1.75635;1.01794;
-7.96175;1.14654;-21.9783;1.71361;0.981126;
-7.891;0.707516;-21.8087;1.69593;1.17556;
-7.84267;0.483251;-21.5929;2.15817;1.35051;
-7.81252;0.301552;-21.406;1.86863;1.4108;
-7.78006;0.324583;-21.1846;2.21389;1.42522;
-7.75274;0.273164;-20.9851;1.99546;1.43475;
-7.72986;0.228884;-20.7853;1.99717;1.45669;
-7.70598;0.238765;-20.5835;2.01806;1.45303;
-7.66643;0.395537;-20.3862;1.97374;1.37302;
-7.62717;0.392563;-20.1901;1.96027;1.37315;
-7.57426;0.529064;-20.0047;1.85415;1.29284;
-7.4928;0.814648;-19.807;1.97692;1.17992;
-7.43169;0.611113;-19.624;1.83008;1.24851;
-7.37379;0.579009;-19.4339;1.90126;1.27518;
-7.31708;0.567087;-19.2403;1.93611;1.28586;
-7.24993;0.671447;-19.0329;2.07358;1.25764;
-7.20354;0.463874;-18.8236;2.09363;1.35275;
-7.15349;0.500543;-18.624;1.9953;1.32501;
-7.10254;0.509486;-18.4272;1.96855;1.31754;
-7.05246;0.500774;-18.2333;1.93899;1.31805;
-6.9707;0.817607;-18.0371;1.96171;1.17591;
-6.88473;0.85976;-17.8478;1.89284;1.14444;
-6.79159;0.931341;-17.6831;1.64709;1.05617;
-6.69883;0.927623;-17.5153;1.67812;1.06583;
-6.59966;0.991755;-17.351;1.64274;1.02765;
-6.49791;1.01741;-17.1838;1.67232;1.02423;
-6.37666;1.21254;-17.0391;1.44661;0.873196;
-6.2484;1.28257;-16.8868;1.52365;0.871095;
-6.11702;1.31378;-16.7517;1.35101;0.799367;
-5.99096;1.26064;-16.606;1.45668;0.857419;
-5.84363;1.47332;-16.4564;1.49598;0.793029;
-5.69878;1.44852;-16.3248;1.31606;0.737524;
-5.54925;1.49532;-16.1863;1.38501;0.747118;
-5.39789;1.51359;-16.0648;1.21455;0.676222;
-5.24748;1.50407;-15.9341;1.30708;0.71544;
-5.08587;1.61612;-15.7875;1.46618;0.736791;
-4.92812;1.57746;-15.654;1.33542;0.702498;
-4.75669;1.71434;-15.5252;1.28787;0.644291;
-4.58813;1.68556;-15.4065;1.18652;0.613358;
-4.40368;1.84454;-15.2803;1.26231;0.600146;
-4.25544;1.48238;-15.1561;1.24162;0.697243;
-4.10993;1.45506;-15.0297;1.26487;0.715587;
-3.96111;1.48827;-14.8983;1.31339;0.723058;
-3.82842;1.32689;-14.7733;1.25068;0.75584;
-3.68096;1.47455;-14.6357;1.37556;0.750678;
-3.53791;1.43052;-14.5176;1.1809;0.690103;
-3.38945;1.48457;-14.4224;0.952416;0.570408;
-3.19709;1.92361;-14.2943;1.28113;0.587543;
-3.04696;1.50131;-14.1751;1.19141;0.670815;
-2.89773;1.49228;-14.0697;1.05389;0.614894;
-2.73961;1.58128;-13.9875;0.822521;0.479646;
-2.55903;1.80576;-13.9014;0.860297;0.444604;
-2.38014;1.78886;-13.8311;0.702916;0.374407;
-2.18215;1.97996;-13.7628;0.683701;0.332491;
-1.9972;1.84946;-13.6961;0.667114;0.346181;
-1.79822;1.98983;-13.6317;0.644018;0.313015;
-1.60716;1.91059;-13.5623;0.694001;0.34842;
-1.42275;1.84413;-13.4701;0.921376;0.463349;
-1.24691;1.75837;-13.3828;0.873551;0.46108;
-1.0884;1.58509;-13.3084;0.744148;0.438923;
-0.909058;1.79342;-13.2165;0.918197;0.473187;
-0.729396;1.79662;-13.1423;0.742211;0.391761;
-0.539979;1.89418;-13.0708;0.715152;0.361007;
-0.328128;2.11851;-12.9834;0.873848;0.39122;
-0.137444;1.90684;-12.9029;0.805091;0.399508;
0.0556621;1.93106;-12.835;0.679508;0.338352;
0.240347;1.84685;-12.7702;0.647304;0.337112;
0.429683;1.89336;-12.7034;0.668393;0.339362;
0.632578;2.02895;-12.6488;0.545539;0.262666;
0.824879;1.92302;-12.5984;0.504211;0.256426;
1.0065;1.81621;-12.5701;0.282976;0.154563;
1.20031;1.93808;-12.5351;0.349786;0.178558;
1.38488;1.84576;-12.4896;0.455583;0.24199;
1.58251;1.97629;-12.4294;0.601309;0.295362;
1.7762;1.93687;-12.3671;0.623569;0.311467;
1.96137;1.8517;-12.2974;0.696805;0.359915;
2.14063;1.79264;-12.2094;0.879928;0.456305;
2.32202;1.81382;-12.1236;0.858619;0.442123;
2.49386;1.71839;-12.0412;0.823028;0.446668;
2.67383;1.79974;-11.9602;0.810261;0.423028;
2.87223;1.98402;-11.8769;0.833216;0.397597;
3.05426;1.82031;-11.7981;0.787573;0.40834;
3.21233;1.58071;-11.7161;0.820248;0.478662;
3.4023;1.89964;-11.6142;1.01899;0.49235;
3.59001;1.8771;-11.4946;1.1959;0.567254;
3.76826;1.78248;-11.3971;0.975066;0.500559;
3.94481;1.76551;-11.2985;0.986611;0.509593;
4.11237;1.67561;-11.1849;1.13573;0.595671;
4.27498;1.62618;-11.0874;0.974793;0.540007;
4.44548;1.70498;-10.9915;0.959341;0.512518;
4.60604;1.60553;-10.8975;0.939721;0.529542;
4.78734;1.813;-10.7876;1.09939;0.545107;
4.95448;1.67146;-10.6779;1.09625;0.580487;
5.11965;1.65164;-10.5627;1.15253;0.609255;
5.28506;1.65417;-10.4565;1.06219;0.570823;
5.46017;1.75112;-10.3473;1.09154;0.557401;
5.62561;1.65435;-10.2232;1.24161;0.643827;
5.77938;1.5377;-10.1028;1.20311;0.663922;
5.95358;1.74195;-9.99152;1.11319;0.568637;
6.12209;1.68514;-9.88271;1.0881;0.573347;
6.28253;1.6044;-9.78465;0.98063;0.548623;
6.4517;1.69166;-9.67839;1.06265;0.560875;
6.62086;1.69164;-9.57241;1.05977;0.55966;
6.78251;1.61654;-9.46108;1.11334;0.603115;
6.94041;1.57898;-9.34921;1.11864;0.616379;
7.0875;1.4709;-9.23136;1.17855;0.675498;
7.24416;1.56659;-9.10716;1.24193;0.670311;
7.40269;1.5853;-8.98529;1.21873;0.655407;
7.56402;1.6133;-8.85742;1.2787;0.670211;
7.71668;1.52659;-8.73305;1.24369;0.683631;
7.85567;1.3899;-8.60721;1.2584;0.735784;
8.0066;1.50929;-8.48713;1.20083;0.67207;
8.16309;1.56487;-8.35762;1.29507;0.691338;
8.31709;1.54004;-8.23076;1.26857;0.689042;
8.46766;1.50575;-8.09256;1.38206;0.742593;
8.61297;1.45305;-7.96752;1.25037;0.710567;
8.76497;1.52002;-7.84053;1.26987;0.695975;
8.90327;1.38297;-7.69038;1.50156;0.826488;
9.04549;1.42222;-7.54364;1.46736;0.801019;
9.17226;1.26774;-7.4025;1.41145;0.838986;
9.29921;1.26944;-7.24429;1.58203;0.894585;
9.43407;1.34861;-7.09597;1.48328;0.832917;
9.56292;1.28855;-6.93353;1.6244;0.900186;
9.68622;1.23293;-6.77574;1.57791;0.907519;
9.80654;1.20326;-6.61709;1.58646;0.921906;
9.93744;1.309;-6.45917;1.57917;0.87867;
10.0702;1.32796;-6.29068;1.68494;0.903333;
10.1958;1.25541;-6.13457;1.56108;0.893502;
10.3136;1.17777;-5.98944;1.45129;0.88906;
10.4322;1.18594;-5.8305;1.58939;0.929755;
10.5335;1.01326;-5.67824;1.5226;0.983614;
10.6419;1.08458;-5.51189;1.66352;0.993032;
10.764;1.22084;-5.36231;1.49579;0.886263;
10.8885;1.245;-5.19331;1.69007;0.935891;
11.0069;1.18333;-5.02404;1.69263;0.960671;
11.1388;1.31949;-4.84014;1.83907;0.948435;
11.2571;1.18299;-4.67668;1.63453;0.944309;
11.3875;1.30401;-4.50764;1.69042;0.91373;
11.5086;1.2106;-4.35296;1.54683;0.906736;
11.6315;1.22924;-4.19596;1.56997;0.906525;
11.7426;1.11145;-4.04845;1.47509;0.925074;
11.8655;1.22906;-3.88535;1.63102;0.925027;
11.9854;1.19815;-3.71749;1.67859;0.950878;
12.1052;1.19807;-3.55176;1.65734;0.944872;
12.2183;1.13146;-3.38477;1.6699;0.975288;
12.3361;1.17813;-3.22341;1.61357;0.940129;
12.4398;1.03662;-3.04761;1.75796;1.03801;
12.5562;1.16392;-2.87417;1.73446;0.979762;
12.6665;1.10328;-2.70442;1.69749;0.994457;
12.7764;1.09914;-2.53128;1.73136;1.00515;
12.8861;1.09736;-2.35666;1.74626;1.00975;
12.9837;0.975831;-2.19582;1.60838;1.02545;
13.0949;1.11127;-2.04539;1.50432;0.934557;
13.2149;1.20016;-1.88471;1.60681;0.929269;
13.3249;1.09998;-1.71077;1.7394;1.0069;
13.4454;1.20521;-1.54353;1.67232;0.946324;
13.5717;1.26304;-1.36785;1.75682;0.947474;
13.6882;1.16536;-1.20646;1.6139;0.945405;
13.8193;1.31048;-1.04867;1.57792;0.877726;
13.9443;1.24978;-0.909068;1.39604;0.840622;
14.062;1.17725;-0.743403;1.65664;0.952975;
14.1649;1.02897;-0.600501;1.42902;0.94674;
14.262;0.971184;-0.439517;1.60984;1.02797;
14.3602;0.981748;-0.273214;1.66303;1.03751;
14.4791;1.18902;-0.0815194;1.91695;1.01561;
14.5971;1.18073;0.0829027;1.64422;0.948021;
14.7126;1.15418;0.244692;1.6179;0.951146;
14.8211;1.08508;0.406992;1.623;0.981481;
14.9445;1.23455;0.573704;1.66712;0.933385;
15.0596;1.15076;0.734675;1.60972;0.950149;
15.1656;1.06022;0.881562;1.46887;0.945593;
15.2911;1.25441;1.04208;1.60516;0.907447;
15.4151;1.24041;1.19894;1.56867;0.901728;
15.5232;1.08046;1.35889;1.59941;0.976677;
15.6247;1.01553;1.52963;1.70744;1.03423;
15.7336;1.089;1.69688;1.6725;0.993632;
15.862;1.28414;1.83604;1.3916;0.825537;
16.0068;1.44749;1.98105;1.45015;0.786318;
16.1819;1.75103;2.14;1.58949;0.73708;
16.3205;1.38669;2.28314;1.43141;0.801266;
16.4885;1.6799;2.43586;1.52718;0.737813;
16.6526;1.64118;2.56684;1.30979;0.673571;
16.807;1.54348;2.67821;1.11373;0.625057;
16.9692;1.62178;2.79558;1.17361;0.626427;
17.1368;1.6766;2.9142;1.18621;0.615747;
17.2921;1.55278;3.03645;1.22252;0.666958;
17.4541;1.6198;3.16037;1.23923;0.653064;
17.6126;1.5848;3.28504;1.24666;0.666539;
17.7649;1.52363;3.40654;1.21501;0.673181;
17.9246;1.59671;3.52214;1.15606;0.62667;
18.0711;1.46468;3.65315;1.31003;0.72972;
18.1971;1.2606;3.78652;1.33369;0.813563;
18.3343;1.37194;3.93264;1.46121;0.816895;
18.4726;1.38258;4.08624;1.53602;0.837925;
18.6155;1.42868;4.22967;1.43433;0.787372;
18.7709;1.55478;4.36772;1.38043;0.726067;
18.884;1.13026;4.49131;1.2359;0.830011;
18.9984;1.14487;4.63908;1.47776;0.91165;
19.1141;1.15697;4.7803;1.41223;0.884427;
19.2409;1.26741;4.93314;1.52835;0.878464;
19.3688;1.27899;5.08241;1.49269;0.862347;
19.4997;1.30913;5.23305;1.5064;0.855349;
19.6218;1.22098;5.38077;1.47726;0.880094;
19.7701;1.4829;5.52512;1.44347;0.771924;
19.9248;1.54741;5.67594;1.5082;0.772567;
20.0853;1.60478;5.83024;1.54302;0.765781;
20.2306;1.45281;5.97016;1.39922;0.766611;
20.3477;1.17141;6.11167;1.41507;0.879326;
20.4664;1.18668;6.2646;1.52931;0.910891;
20.5952;1.28841;6.40526;1.40653;0.8292;
20.7461;1.50838;6.56216;1.56908;0.805121;
20.8847;1.38648;6.70985;1.47688;0.816959;
21.0182;1.33488;6.86017;1.50319;0.844634;
21.1393;1.21043;6.99381;1.33639;0.834813;
21.2685;1.29226;7.15151;1.57705;0.884328;
21.4145;1.46013;7.29927;1.47759;0.791341;
21.5546;1.40114;7.44122;1.41945;0.791887;
21.7073;1.52698;7.58364;1.42425;0.750601;
21.8775;1.70194;7.74927;1.65624;0.77179;
22.0207;1.4324;7.88846;1.39197;0.771084;
22.1723;1.51592;8.04131;1.52849;0.789526;
22.2864;1.14053;8.16359;1.22273;0.820167;
22.4335;1.47076;8.30235;1.38761;0.756316;
22.5801;1.46684;8.43853;1.36183;0.748292;
22.7201;1.3999;8.57571;1.37182;0.77527;
22.863;1.42887;8.71659;1.40876;0.778313;
23.0105;1.47473;8.86406;1.47473;0.7854;
23.1556;1.45095;9.01175;1.47692;0.794269;
23.2852;1.29612;9.13669;1.24933;0.767017;
23.4207;1.35473;9.27298;1.36297;0.788432;
23.5694;1.48771;9.41077;1.3779;0.747097;
23.7355;1.66053;9.53183;1.2106;0.629955;
23.8949;1.5945;9.64583;1.13995;0.620672;
24.0577;1.62725;9.75915;1.13322;0.608308;
24.2218;1.64148;9.8735;1.1435;0.608462;
24.391;1.6918;9.98599;1.12488;0.58678;
24.5323;1.41279;10.1036;1.17564;0.694033;
24.7087;1.76461;10.234;1.30493;0.636746;
24.8621;1.53354;10.3551;1.21038;0.668166;
25.0199;1.57796;10.4781;1.23019;0.662184;
25.1873;1.6745;10.576;0.978897;0.529012;
25.3846;1.97277;10.6672;0.911648;0.432883;
25.5588;1.74162;10.744;0.768094;0.415363;
25.7494;1.90592;10.8313;0.872918;0.42949;
25.935;1.85591;10.9172;0.85924;0.433592;
26.1223;1.87366;11.012;0.948594;0.468658;
26.2959;1.73622;11.1148;1.02784;0.534518;
26.4849;1.88938;11.2177;1.02839;0.498454;
26.6725;1.87602;11.3158;0.981518;0.482028;
26.8505;1.77992;11.4058;0.899962;0.468133;
27.0207;1.70238;11.4874;0.816163;0.447052;
27.1952;1.74465;11.5832;0.957216;0.501814;
27.3785;1.83273;11.6605;0.773177;0.399219;
27.5621;1.83614;11.7247;0.64256;0.336632;
27.7732;2.11142;11.7932;0.68473;0.313597;
27.9628;1.89567;11.8491;0.558818;0.286667;
28.1622;1.9946;11.9101;0.610202;0.296885;
28.3547;1.92503;11.9732;0.631421;0.316949;
28.5341;1.79386;12.0405;0.672847;0.358844;
28.6836;1.49465;12.0991;0.586084;0.373697;
28.8692;1.85583;12.1722;0.730454;0.374977;
29.0579;1.88696;12.2419;0.697678;0.354149;
29.2584;2.00486;12.317;0.750038;0.357989;
29.4542;1.95845;12.3874;0.704078;0.34512;
29.6542;1.99961;12.4347;0.473426;0.232479;
29.8409;1.86692;12.4763;0.416146;0.219319;

-29.9507;2.084;12.5211;0.447781;0.211649;
-29.7605;1.90203;12.5761;0.549984;0.281479;
-29.5702;1.9033;12.6325;0.564514;0.288333;
-29.3621;2.08165;12.7054;0.728731;0.33674;
-29.174;1.88015;12.7752;0.697414;0.355202;
-28.9883;1.85777;12.843;0.678391;0.35012;
-28.7981;1.90122;12.9133;0.703188;0.354258;
-28.6184;1.79686;12.9873;0.739469;0.39041;
-28.4362;1.82226;13.0698;0.824972;0.425113;
-28.255;1.81271;13.15;0.802325;0.416691;
-28.0754;1.79573;13.2333;0.832836;0.43426;
-27.8924;1.82959;13.3146;0.812967;0.418139;
-27.7081;1.843;13.3937;0.791206;0.40551;
-27.5199;1.88187;13.4717;0.779838;0.392855;
-27.331;1.88974;13.5409;0.692175;0.351105;
-27.1344;1.96596;13.6008;0.598662;0.295592;
-26.9309;2.03481;13.6742;0.734255;0.346305;
-26.7414;1.89516;13.7387;0.645567;0.328312;
-26.5284;2.12947;13.7993;0.605143;0.276876;
-26.3478;1.80665;13.8673;0.680512;0.360235;
-26.1401;2.07645;13.9493;0.820266;0.376217;
-25.9541;1.86007;14.0226;0.732347;0.375081;
-25.766;1.88113;14.0867;0.641175;0.328496;
-25.5669;1.99047;14.1592;0.725471;0.349509;
-25.3796;1.87361;14.2278;0.685497;0.350741;
-25.1827;1.9686;14.3054;0.776641;0.375768;
-24.9976;1.85161;14.3788;0.733187;0.37703;
-24.7918;2.05786;14.4622;0.834747;0.385358;
-24.6086;1.83168;14.5279;0.656339;0.344074;
-24.4187;1.89879;14.5959;0.679794;0.343797;
-24.2258;1.92938;14.6639;0.680441;0.339054;
-24.0404;1.8542;14.7445;0.806493;0.410272;
-23.8635;1.76836;14.8273;0.827792;0.437815;
-23.6885;1.75055;14.908;0.806875;0.431904;
-23.5046;1.83886;15.0084;1.00352;0.499559;
-23.3309;1.73655;15.1089;1.00543;0.524822;
-23.1558;1.75135;15.2085;0.995464;0.516857;
-22.9861;1.69723;15.291;0.82558;0.452732;
-22.8096;1.76524;15.3772;0.862252;0.454374;
-22.6237;1.85841;15.4619;0.846786;0.427544;
-22.4352;1.88559;15.5463;0.843717;0.420735;
-22.2371;1.98064;15.638;0.917312;0.433726;
-22.0736;1.63499;15.7222;0.841364;0.475259;
-21.8876;1.85975;15.8089;0.866955;0.436216;
-21.7276;1.60029;15.9107;1.01807;0.566595;
-21.561;1.66613;16.0178;1.07107;0.57133;
-21.4018;1.59161;16.1111;0.93307;0.530242;
-21.2252;1.7658;16.2278;1.16714;0.58405;
-21.0581;1.67168;16.3389;1.11103;0.586582;
-20.8856;1.72508;16.4469;1.08057;0.559598;
-20.7349;1.50703;16.5457;0.98792;0.58026;
-20.5493;1.8552;16.6499;1.04164;0.511608;
-20.3741;1.75206;16.7478;0.978981;0.509545;
-20.194;1.80108;16.8498;1.01982;0.515216;
-20.0155;1.78488;16.9508;1.00986;0.514882;
-19.8403;1.75196;17.0625;1.11764;0.56785;
-19.674;1.66346;17.1776;1.15034;0.605025;
-19.5128;1.6124;17.2929;1.15291;0.620741;
-19.3566;1.5616;17.4145;1.21621;0.661693;
-19.1839;1.72734;17.5476;1.33136;0.656654;
-19.0182;1.65632;17.6665;1.1886;0.622452;
-18.8545;1.63741;17.7841;1.17582;0.622769;
-18.688;1.66484;17.9037;1.19619;0.623037;
-18.519;1.68958;18.0264;1.22722;0.628189;
-18.3578;1.61284;18.1443;1.179;0.631235;
-18.196;1.61809;18.2618;1.17524;0.628169;
-18.0167;1.79225;18.3864;1.24586;0.607454;
-17.8552;1.6155;18.5047;1.18324;0.63216;
-17.6822;1.73017;18.6344;1.29715;0.643326;
-17.5423;1.39832;18.7513;1.16873;0.696197;
-17.3918;1.50549;18.8884;1.37115;0.738733;
-17.2674;1.24338;19.0448;1.56357;0.898977;
-17.1272;1.40275;19.2007;1.55927;0.838189;
-16.9923;1.34878;19.3497;1.48973;0.835013;
-16.8209;1.714;19.501;1.51308;0.723219;
-16.668;1.52904;19.6519;1.50914;0.778851;
-16.5278;1.40194;19.7963;1.44389;0.80014;
-16.3894;1.38379;19.9393;1.43013;0.801868;
-16.2546;1.34838;20.0811;1.4181;0.810597;
-16.1147;1.39922;20.2267;1.45572;0.805187;
-15.9855;1.29187;20.381;1.54273;0.873667;
-15.8649;1.2061;20.5363;1.55336;0.910582;
-15.7436;1.21254;20.6949;1.58619;0.918121;
-15.6183;1.25351;20.8729;1.77998;0.957239;
-15.4875;1.30786;21.0293;1.56391;0.874325;
-15.3585;1.28939;21.194;1.64708;0.90661;
-15.2432;1.15293;21.3477;1.53629;0.927001;
-15.1235;1.19689;21.5075;1.5984;0.928058;
-15.0234;1.00184;21.6635;1.55954;0.999786;
-14.9144;1.09006;21.8461;1.82608;1.03263;
-14.8252;0.891939;22.0221;1.75992;1.10172;
-14.7356;0.89591;22.2254;2.03359;1.15582;
-14.6662;0.693786;22.4199;1.94475;1.22812;
-14.5927;0.734692;22.6275;2.07616;1.23068;
-14.546;0.466784;22.8325;2.04987;1.3469;
-14.4883;0.57785;23.0317;1.99188;1.28844;
-14.4206;0.677004;23.2127;1.81028;1.21292;
-14.3576;0.629693;23.3997;1.87002;1.24599;
-14.2903;0.673111;23.5877;1.87956;1.2269;
-14.2234;0.669044;23.7899;2.02239;1.25131;
-14.1664;0.5699;23.9792;1.89264;1.27832;
-14.1081;0.583119;24.165;1.85835;1.26674;
-14.057;0.511183;24.3613;1.96326;1.31608;
-14.0156;0.413661;24.5427;1.81413;1.34661;
-13.9686;0.46972;24.7405;1.97759;1.3376;
-13.9317;0.369334;24.9361;1.95636;1.38421;
-13.893;0.387026;25.1532;2.17043;1.39433;
-13.8631;0.299106;25.3375;1.8431;1.40991;
-13.8364;0.266546;25.5219;1.84406;1.42725;
-13.8248;0.116064;25.7388;2.16875;1.51733;
-13.816;0.0883325;25.9366;1.97845;1.52618;
-13.8085;0.0749007;26.1342;1.97614;1.53291;
-13.8009;0.0757292;26.3355;2.01249;1.53318;
-13.8113;-0.103703;26.5431;2.07604;1.62071;
-13.8226;-0.113524;26.7442;2.01152;1.62717;
-13.8409;-0.182875;26.9424;1.98208;1.6628;
-13.8474;-0.0643407;27.145;2.02601;1.60254;
-13.8521;-0.0476701;27.3444;1.99381;1.5947;
-13.871;-0.188322;27.5314;1.86987;1.67117;
-13.9049;-0.339352;27.7405;2.09061;1.73172;
-13.9392;-0.343513;27.9423;2.01867;1.73935;
-13.9723;-0.330885;28.1422;1.99899;1.73484;
-14.0023;-0.300146;28.339;1.96795;1.72215;
-14.032;-0.296135;28.5183;1.79308;1.73447;
-14.0721;-0.401661;28.7292;2.10878;1.75901;
-14.0968;-0.24679;28.9008;1.71546;1.71368;
-14.1258;-0.289606;29.0952;1.94418;1.71867;
-14.1427;-0.168925;29.3035;2.08295;1.65172;
-14.1685;-0.258771;29.5176;2.14095;1.69108;
-14.1896;-0.210456;29.7161;1.98559;1.67639;
-14.1962;-0.0661338;29.9558;2.39676;1.59838;

-14.1986;-0.0244127;-29.8425;2.01648;1.5829;
-14.2154;-0.16813;-29.6345;2.08056;1.65143;
-14.2411;-0.256241;-29.456;1.78516;1.71336;
-14.262;-0.209246;-29.2428;2.13153;1.66865;
-14.2739;-0.118713;-29.0346;2.08188;1.62776;
-14.2842;-0.102964;-28.8296;2.05063;1.62097;
-14.2818;0.0233036;-28.6463;1.83316;1.55808;
-14.2773;0.0449153;-28.446;2.00225;1.54837;
-14.2762;0.0112082;-28.2456;2.00462;1.56521;
-14.2808;-0.0454566;-28.0542;1.91348;1.59455;
-14.2968;-0.160093;-27.8331;2.21101;1.64308;
-14.3095;-0.126983;-27.6493;1.83846;1.63976;
-14.333;-0.235507;-27.4467;2.02623;1.68651;
-14.3303;0.0275173;-27.2594;1.87214;1.5561;
-14.328;0.0224277;-27.0528;2.0659;1.55994;
-14.3315;-0.0345773;-26.8472;2.056;1.58761;
-14.3279;0.0357802;-26.6499;1.97314;1.55266;
-14.3182;0.0968612;-26.4633;1.86619;1.51894;
-14.3059;0.122763;-26.2718;1.91531;1.50679;
-14.2893;0.166101;-26.0751;1.96708;1.48656;
-14.2797;0.0961799;-25.8748;2.00287;1.52281;
-14.2699;0.0981219;-25.6704;2.04361;1.52282;
-14.2811;-0.11245;-25.4991;1.71329;1.63634;
-14.2953;-0.141997;-25.3009;1.98193;1.64232;
-14.3183;-0.229323;-25.1023;1.9861;1.68575;
-14.3391;-0.208269;-24.8875;2.14801;1.66745;
-14.36;-0.208428;-24.6839;2.03581;1.67282;
-14.3799;-0.199617;-24.4851;1.98864;1.67084;
-14.3875;-0.0757868;-24.2807;2.04347;1.60787;
-14.4078;-0.20318;-24.0873;1.93379;1.67548;
-14.4381;-0.303286;-23.8921;1.95266;1.72488;
-14.4735;-0.353869;-23.683;2.09082;1.73846;
-14.5199;-0.463433;-23.4958;1.8715;1.81354;
-14.5757;-0.5583;-23.3076;1.88263;1.85909;
-14.6269;-0.512405;-23.12;1.87516;1.83754;
-14.6721;-0.451677;-22.916;2.0401;1.78868;
-14.6961;-0.240095;-22.7286;1.87439;1.69819;
-14.7298;-0.336599;-22.5544;1.74201;1.76167;
-14.75;-0.20233;-22.3595;1.94927;1.67422;
-14.7616;-0.11545;-22.1529;2.06614;1.62662;
-14.7769;-0.153587;-21.9533;1.99598;1.64759;
-14.7956;-0.186705;-21.747;2.06277;1.66106;
-14.8166;-0.210347;-21.5361;2.1091;1.6702;
-14.8364;-0.197964;-21.3381;1.97956;1.67047;
-14.8636;-0.27165;-21.1303;2.07825;1.70077;
-14.8789;-0.153661;-20.9441;1.86229;1.65312;
-14.8973;-0.183772;-20.7421;2.01951;1.66154;
-14.9156;-0.182626;-20.5436;1.9856;1.66251;
-14.9347;-0.19071;-20.3409;2.02695;1.66461;
-14.9619;-0.272709;-20.1414;1.99426;1.7067;
-15.0064;-0.444686;-19.9418;1.9959;1.79002;
-15.0453;-0.388751;-19.7486;1.93204;1.76936;
-15.0909;-0.456001;-19.5368;2.11858;1.7828;
-15.1228;-0.319301;-19.3447;1.92095;1.73551;
-15.1428;-0.199755;-19.1518;1.92925;1.67397;
-15.1558;-0.129858;-18.9544;1.97389;1.63649;
-15.1754;-0.196695;-18.7485;2.05904;1.66603;
-15.2083;-0.328253;-18.5315;2.16916;1.72098;
-15.2376;-0.293713;-18.3333;1.98246;1.71788;
-15.2683;-0.306709;-18.1341;1.99237;1.72354;
-15.3027;-0.34397;-17.9358;1.98299;1.74255;
-15.3136;-0.108912;-17.7155;2.20294;1.6202;
-15.3334;-0.197912;-17.4935;2.21988;1.65972;
-15.3467;-0.1333;-17.2667;2.26785;1.62951;
-15.3644;-0.177087;-17.0594;2.07321;1.65601;
-15.3803;-0.159295;-16.863;1.96428;1.65171;
-15.3909;-0.10542;-16.6712;1.91718;1.62573;
-15.3951;-0.0421107;-16.4555;2.15695;1.59032;
-15.39;0.0509744;-16.2592;1.96313;1.54484;
-15.3839;0.0606258;-16.0601;1.99128;1.54036;
-15.3812;0.0276193;-15.8599;2.00245;1.557;
-15.3614;0.197715;-15.6681;1.91742;1.46804;
-15.3384;0.230307;-15.4696;1.98514;1.4553;
-15.2944;0.439922;-15.2612;2.08383;1.36274;
-15.246;0.48421;-15.0767;1.84501;1.31414;
-15.1988;0.471407;-14.881;1.95698;1.33442;
-15.1652;0.336479;-14.6701;2.10962;1.41263;
-15.1115;0.536486;-14.4588;2.11252;1.3221;
-15.068;0.435138;-14.2665;1.92302;1.34827;
-15.0177;0.503605;-14.0537;2.12807;1.33842;
-14.9707;0.46929;-13.8531;2.00631;1.34102;
-14.9269;0.438699;-13.6835;1.69564;1.31763;
-14.8763;0.505899;-13.4895;1.93965;1.31566;
-14.8055;0.707363;-13.3109;1.78615;1.19372;
-14.7381;0.674437;-13.1236;1.87276;1.22513;
-14.6687;0.694286;-12.9357;1.87952;1.21695;
-14.5911;0.775139;-12.7394;1.96298;1.19471;
-14.5096;0.815092;-12.5566;1.82742;1.15125;
-14.4395;0.701503;-12.3796;1.77077;1.19361;
-14.3703;0.691597;-12.1974;1.82146;1.20792;
-14.3023;0.680386;-12.0056;1.91811;1.22993;
-14.2365;0.657473;-11.8173;1.88267;1.23481;
-14.1786;0.579778;-11.6443;1.73039;1.2475;
-14.1144;0.641762;-11.4553;1.89013;1.24348;
-14.0482;0.661315;-11.2682;1.87122;1.23108;
-13.9815;0.667107;-11.0794;1.8882;1.23118;
-13.9194;0.621838;-10.9064;1.7297;1.22568;
-13.8675;0.518293;-10.7343;1.72109;1.27829;
-13.8002;0.672935;-10.566;1.68238;1.1903;
-13.7271;0.73105;-10.3814;1.84655;1.19383;
-13.6406;0.865719;-10.1846;1.96748;1.15628;
-13.5498;0.907845;-9.99382;1.9081;1.12671;
-13.4574;0.924085;-9.81378;1.80048;1.09661;
-13.3746;0.827254;-9.61937;1.9441;1.16849;
-13.2975;0.771578;-9.43357;1.85798;1.17719;
-13.2035;0.939367;-9.25031;1.83258;1.09713;
-13.1256;0.779351;-9.06;1.90307;1.18211;
-13.0553;0.702752;-8.87471;1.8529;1.20829;
-12.968;0.872943;-8.69443;1.80285;1.11987;
-12.8696;0.98399;-8.53074;1.63685;1.02953;
-12.7609;1.08788;-8.34599;1.84753;1.03863;
-12.6603;1.00525;-8.16763;1.78363;1.05757;
-12.5611;0.992414;-7.99682;1.70809;1.04446;
-12.4371;1.23947;-7.82353;1.73292;0.949909;
-12.3203;1.16828;-7.65925;1.64275;0.952611;
-12.2043;1.15967;-7.49329;1.65959;0.960897;
-12.1124;0.919546;-7.3047;1.88591;1.11713;
-12.025;0.873702;-7.12387;1.80829;1.12071;
-11.9297;0.953377;-6.94049;1.83379;1.09136;
-11.8356;0.940376;-6.7456;1.9489;1.12123;
-11.7517;0.838963;-6.57605;1.69552;1.11131;
-11.6617;0.900488;-6.39491;1.81137;1.10945;
-11.5694;0.922506;-6.22369;1.71218;1.0766;
-11.4882;0.812358;-6.02445;1.99241;1.18365;
-11.4182;0.699847;-5.84334;1.81112;1.20206;
-11.3616;0.566505;-5.67652;1.66825;1.24343;
-11.2867;0.748758;-5.47439;2.02125;1.21603;
-11.2132;0.734527;-5.28695;1.8744;1.19732;
-11.1675;0.457209;-5.10398;1.82969;1.32593;
-11.1089;0.586572;-4.90494;1.99038;1.28421;
-11.0424;0.664687;-4.70187;2.03073;1.25447;
-10.9873;0.551458;-4.52681;1.75059;1.26562;
-10.9142;0.730532;-4.34755;1.79258;1.18382;
-10.821;0.931616;-4.1608;1.86759;1.10808;
-10.7306;0.904402;-3.97389;1.86903;1.12012;
-10.6155;1.15127;-3.8009;1.72988;0.983587;
-10.4991;1.16339;-3.63659;1.64317;0.954713;
-10.3844;1.14723;-3.4712;1.65388;0.964338;
-10.2697;1.14727;-3.30679;1.64409;0.961539;
-10.1536;1.16093;-3.12749;1.79301;0.996198;
-10.0239;1.2973;-2.96563;1.61862;0.895153;
-9.88961;1.34247;-2.8015;1.64128;0.885213;
-9.75881;1.30805;-2.65341;1.4809;0.847298;
-9.6316;1.27205;-2.5005;1.52904;0.876889;
-9.50382;1.27781;-2.35124;1.49263;0.862784;
-9.3742;1.29623;-2.20121;1.50032;0.858248;
-9.24205;1.32147;-2.05336;1.47851;0.841426;
-9.12038;1.21671;-1.90298;1.5038;0.890537;
-8.98084;1.39539;-1.70934;1.93636;0.946361;
-8.88356;0.972849;-1.56625;1.43092;0.973706;
-8.77241;1.11151;-1.40728;1.58971;0.960616;
-8.64761;1.24798;-1.21532;1.91958;0.99433;
-8.57132;0.76289;-1.07014;1.45184;1.08699;
-8.48112;0.901988;-0.856254;2.13881;1.1717;
-8.39006;0.910595;-0.665985;1.90269;1.12443;
-8.30241;0.876482;-0.489516;1.76469;1.10981;
-8.20613;0.962794;-0.319785;1.69731;1.05481;
-8.11007;0.960615;-0.138858;1.80927;1.0827;
-8.00957;1.00499;0.0591134;1.97971;1.10105;
-7.92233;0.872424;0.249415;1.90302;1.14094;
-7.85274;0.69595;0.445108;1.95693;1.22911;
-7.80127;0.514654;0.628364;1.83257;1.29701;
-7.73694;0.643289;0.825815;1.9745;1.25584;
-7.69136;0.455844;1.01093;1.85119;1.32936;
-7.65425;0.371112;1.20944;1.98509;1.38598;
-7.61912;0.35127;1.4075;1.98059;1.39526;
-7.58029;0.388278;1.61282;2.05322;1.3839;
-7.53428;0.460101;1.82786;2.15035;1.36001;
-7.49134;0.429415;2.01333;1.85472;1.34328;
-7.43773;0.536119;2.20927;1.95935;1.30371;
-7.36127;0.764604;2.39894;1.89677;1.18761;
-7.29071;0.705553;2.56339;1.64452;1.16551;
-7.22423;0.664844;2.75028;1.86888;1.22901;
-7.16534;0.588828;2.95913;2.08848;1.29599;
-7.10856;0.567806;3.15635;1.97215;1.29047;
-7.05189;0.566784;3.34885;1.925;1.28445;
-7.02088;0.310014;3.54684;1.97994;1.41548;
-6.99449;0.263944;3.73879;1.9195;1.43415;
-6.9776;0.168908;3.92534;1.86555;1.4805;
-6.95423;0.233723;4.12781;2.02463;1.45587;
-6.94892;0.0530912;4.31582;1.88015;1.54257;
-6.93176;0.171558;4.523;2.07176;1.48818;
-6.92689;0.0487434;4.74946;2.26457;1.54928;
-6.9133;0.135902;4.97958;2.30125;1.51181;
-6.93261;-0.193181;5.17936;1.9978;1.66719;
-6.95287;-0.202521;5.40558;2.2622;1.66008;
-6.97126;-0.183888;5.61651;2.10934;1.65775;
-6.98822;-0.169649;5.816;1.99485;1.65564;
-7.01943;-0.312067;6.02344;2.07441;1.72011;
-7.04392;-0.244894;6.22406;2.00617;1.69227;
-7.07136;-0.274438;6.42078;1.96723;1.70941;
-7.09919;-0.278296;6.61951;1.98727;1.70993;
-7.1251;-0.259063;6.84511;2.25599;1.68513;
-7.15839;-0.332957;7.02598;1.80876;1.75284;
-7.19169;-0.332958;7.21803;1.92048;1.74246;
-7.22174;-0.300505;7.41918;2.01153;1.71909;
-7.24396;-0.222187;7.6288;2.09613;1.6764;
-7.26563;-0.216706;7.83171;2.02916;1.67719;
-7.28118;-0.155515;8.02313;1.91421;1.65186;
-7.30514;-0.239629;8.22697;2.03839;1.68782;
-7.32729;-0.22143;8.42892;2.01952;1.68001;
-7.34069;-0.133997;8.60244;1.73518;1.64787;
-7.35981;-0.191244;8.79185;1.89413;1.67142;
-7.34919;0.106163;8.95614;1.64282;1.50626;
-7.33288;0.163139;9.15838;2.02245;1.49031;
-7.30321;0.296684;9.36212;2.03737;1.42619;
-7.26436;0.388546;9.56913;2.07009;1.38526;
-7.22984;0.345212;9.76654;1.97412;1.39768;
-7.18924;0.405997;9.9407;1.74159;1.34177;
-7.16326;0.25978;10.1183;1.77562;1.42552;
-7.13732;0.259416;10.31;1.91726;1.43631;
-7.10353;0.337857;10.5147;2.04691;1.40721;
-7.06325;0.402824;10.7157;2.00981;1.37299;
-7.02709;0.361531;10.9098;1.9411;1.38666;
-6.99262;0.344763;11.1108;2.01033;1.40095;
-6.93444;0.581779;11.3146;2.038;1.29273;
-6.88262;0.518153;11.5168;2.02196;1.31993;
-6.83327;0.493586;11.7115;1.94717;1.32254;
-6.78872;0.445496;11.9082;1.96724;1.3481;
-6.75348;0.352356;12.1142;2.05973;1.40137;
-6.73794;0.155443;12.3238;2.09597;1.49677;
-6.7014;0.36541;12.5288;2.05007;1.39441;
-6.67723;0.241691;12.7502;2.21429;1.46208;
-6.67931;-0.0208435;12.9493;1.99013;1.58127;
-6.68215;-0.028415;13.1484;1.99113;1.58507;
-6.68451;-0.0235471;13.347;1.98647;1.58265;
