#1 AntPos X	#2 AntVel X	#3 AntPos Y	#4 AntVel Y	#5 AntAngle	
1.31556;-0.725336;21.2424;-1.76712;-1.96029;
1.23801;-0.775493;21.0572;-1.85233;-1.96728;
1.1631;-0.749085;20.8715;-1.8572;-1.95418;
1.0835;-0.796067;20.7094;-1.62128;-2.02723;
0.993853;-0.896432;20.5361;-1.7324;-2.04831;
0.932509;-0.613438;20.3651;-1.70979;-1.91527;
0.861472;-0.710368;20.1816;-1.83516;-1.94012;
0.775562;-0.8591;19.9843;-1.97285;-1.98149;
0.703998;-0.715644;19.8133;-1.7103;-1.96709;
0.611082;-0.929153;19.6257;-1.87611;-2.03064;
0.540402;-0.706803;19.47;-1.55739;-1.99684;
0.474276;-0.66126;19.271;-1.98978;-1.89164;
0.374724;-0.99552;19.0818;-1.89181;-2.0552;
0.280167;-0.945573;18.901;-1.80841;-2.05258;
0.192645;-0.875215;18.7347;-1.66224;-2.05544;
0.113758;-0.78887;18.5629;-1.71881;-2.00108;
0.0272706;-0.864877;18.3795;-1.83306;-2.01165;
-0.0573264;-0.84597;18.1905;-1.89048;-1.99156;
-0.140899;-0.835726;18.008;-1.82522;-2.00018;
-0.249563;-1.08664;17.8163;-1.91724;-2.08643;
-0.351881;-1.02318;17.6452;-1.7102;-2.10995;
-0.457736;-1.05855;17.4638;-1.81427;-2.09896;
-0.558642;-1.00906;17.2866;-1.77157;-2.08855;
-0.645322;-0.866804;17.1014;-1.85291;-2.00836;
-0.72821;-0.828876;16.9226;-1.78791;-2.0049;
-0.798199;-0.69989;16.7616;-1.60928;-1.98103;
-0.886707;-0.885083;16.6068;-1.54792;-2.09021;
-0.984906;-0.981988;16.4307;-1.76153;-2.07935;
-1.08938;-1.04469;16.2621;-1.68616;-2.12548;
-1.19535;-1.05975;16.096;-1.66115;-2.13866;
-1.30367;-1.08319;15.9125;-1.83417;-2.10425;
-1.40572;-1.02047;15.7412;-1.71299;-2.10807;
-1.51415;-1.08429;15.5587;-1.82575;-2.10671;
-1.6123;-0.981514;15.3848;-1.73853;-2.08475;
-1.72264;-1.10345;15.2153;-1.69555;-2.14773;
-1.83894;-1.16297;15.0606;-1.54639;-2.21561;
-1.92013;-0.811884;14.9269;-1.33763;-2.11632;
-1.99596;-0.758371;14.7798;-1.47089;-2.04683;
-2.09288;-0.969108;14.6078;-1.71943;-2.08404;
-2.20188;-1.09006;14.4297;-1.78172;-2.11985;
-2.30482;-1.02942;14.2509;-1.78802;-2.09318;
-2.4098;-1.04979;14.0775;-1.73317;-2.1154;
-2.50997;-1.00166;13.9027;-1.74857;-2.09101;
-2.60709;-0.971229;13.7288;-1.73874;-2.0802;
-2.6891;-0.820063;13.5631;-1.65678;-2.03042;
-2.77554;-0.864427;13.3898;-1.73363;-2.03334;
-2.8809;-1.05355;13.2076;-1.82204;-2.09505;
-2.97392;-0.930259;13.0241;-1.83425;-2.04016;
-3.06619;-0.922635;12.8462;-1.77963;-2.04909;
-3.13878;-0.725935;12.6626;-1.83544;-1.94743;
-3.22342;-0.846367;12.4564;-2.06249;-1.9602;
-3.29408;-0.706681;12.2693;-1.87086;-1.93196;
-3.36459;-0.705109;12.0806;-1.88747;-1.92832;
-3.43443;-0.69832;11.8942;-1.86333;-1.92937;
-3.50751;-0.730873;11.7071;-1.87131;-1.94315;
-3.57644;-0.689238;11.5276;-1.79475;-1.93746;
-3.64813;-0.716977;11.3543;-1.73303;-1.96307;
-3.7131;-0.649623;11.1844;-1.69863;-1.93607;
-3.78409;-0.709956;11.0013;-1.83173;-1.94056;
-3.85502;-0.70929;10.8105;-1.90784;-1.92674;
-3.90726;-0.522363;10.6174;-1.93101;-1.83499;
-3.9518;-0.445385;10.4187;-1.98733;-1.79127;
-3.99825;-0.464523;10.2328;-1.85845;-1.81573;
-4.04742;-0.491668;10.0324;-2.00375;-1.81142;
-4.11097;-0.635577;9.83621;-1.96224;-1.88404;
-4.16449;-0.535161;9.65285;-1.83364;-1.85477;
-4.19474;-0.30249;9.46266;-1.90187;-1.72852;
-4.24385;-0.491122;9.27067;-1.91993;-1.82123;
-4.28562;-0.41774;9.07167;-1.98999;-1.77771;
-4.31812;-0.32497;8.88103;-1.9064;-1.73964;
-4.35707;-0.389508;8.6933;-1.8773;-1.77538;
-4.3928;-0.357234;8.49616;-1.97142;-1.75006;
-4.42938;-0.365806;8.30447;-1.91684;-1.75937;
-4.45242;-0.230421;8.12028;-1.84187;-1.69525;
-4.47618;-0.237609;7.92122;-1.99063;-1.6896;
-4.49376;-0.175807;7.70438;-2.16844;-1.65169;
-4.52024;-0.264781;7.48977;-2.14604;-1.69356;
-4.54431;-0.240706;7.30749;-1.82284;-1.70209;
-4.56308;-0.187731;7.10862;-1.98867;-1.66492;
-4.57501;-0.119246;6.90491;-2.03709;-1.62927;
-4.6113;-0.362903;6.68679;-2.18121;-1.73566;
-4.64488;-0.335834;6.49878;-1.88018;-1.74755;
-4.68787;-0.429883;6.28077;-2.18009;-1.76548;
-4.72787;-0.400025;6.08365;-1.97118;-1.77101;
-4.76745;-0.395756;5.88713;-1.96523;-1.76952;
-4.82271;-0.552631;5.68817;-1.98953;-1.84174;
-4.86337;-0.406639;5.49333;-1.94846;-1.77654;
-4.88796;-0.245834;5.28749;-2.05837;-1.68966;
-4.90859;-0.206282;5.09562;-1.91866;-1.6779;
-4.92391;-0.153292;4.89967;-1.95949;-1.64887;
-4.94238;-0.184611;4.69999;-1.99685;-1.66299;
-4.95586;-0.134884;4.4933;-2.0669;-1.63596;
-4.97002;-0.141541;4.29864;-1.9466;-1.64338;
-5.0015;-0.314833;4.09253;-2.06108;-1.72238;
-5.01884;-0.173428;3.90499;-1.87537;-1.66301;
-5.01632;0.0252894;3.70793;-1.97064;-1.55796;
-5.01097;0.0534653;3.50599;-2.01935;-1.54433;
-4.99168;0.192869;3.30928;-1.9671;-1.47306;
-4.97224;0.194377;3.11134;-1.97941;-1.47291;
-4.94625;0.259964;2.89998;-2.11366;-1.44842;
-4.93878;0.0747048;2.71101;-1.88969;-1.53128;
-4.9288;0.0998046;2.51761;-1.93402;-1.51924;
-4.9195;0.0929476;2.31842;-1.9919;-1.52417;
-4.90949;0.100098;2.1156;-2.02813;-1.52148;
-4.90878;0.00709353;1.91699;-1.98616;-1.56722;
-4.90245;0.0633565;1.69798;-2.19003;-1.54187;
-4.89945;0.0299371;1.49613;-2.01854;-1.55597;
-4.90387;-0.0441495;1.32122;-1.74909;-1.59603;
-4.9069;-0.0303125;1.1407;-1.80518;-1.58759;
-4.90725;-0.00348785;0.941633;-1.9907;-1.57255;
-4.92353;-0.162817;0.713556;-2.28077;-1.64206;
-4.94474;-0.212137;0.510258;-2.03298;-1.67477;
-4.96664;-0.219007;0.300037;-2.1022;-1.6746;
-4.98921;-0.225628;0.0951745;-2.04863;-1.68049;
-5.0009;-0.116906;-0.0843798;-1.79554;-1.63581;
-5.01538;-0.144789;-0.282162;-1.97782;-1.64387;
-5.02293;-0.0754875;-0.493609;-2.11448;-1.60648;
-5.03229;-0.0936165;-0.707731;-2.14122;-1.61449;
-5.04373;-0.114418;-0.902606;-1.94875;-1.62944;
-5.07246;-0.287296;-1.12121;-2.18602;-1.70147;
-5.09823;-0.25769;-1.31973;-1.9852;-1.69988;
-5.15084;-0.526085;-1.51165;-1.91922;-1.83834;
-5.21059;-0.597523;-1.71221;-2.00562;-1.86035;
-5.2647;-0.541121;-1.89972;-1.8751;-1.85174;
-5.33189;-0.67189;-2.09471;-1.94992;-1.90263;
-5.38881;-0.569242;-2.28225;-1.8754;-1.86549;
-5.43852;-0.497024;-2.47961;-1.97355;-1.81751;
-5.48746;-0.489392;-2.6643;-1.84691;-1.82982;
-5.53473;-0.472701;-2.85577;-1.91473;-1.81283;
-5.56672;-0.319919;-3.0389;-1.83125;-1.74375;
-5.59819;-0.314687;-3.23639;-1.9749;-1.72881;
-5.6282;-0.300102;-3.42933;-1.9294;-1.7251;
-5.66526;-0.370644;-3.62424;-1.94914;-1.75871;
-5.7025;-0.372409;-3.81941;-1.95174;-1.75934;
-5.73989;-0.373913;-4.01599;-1.96577;-1.75876;
-5.77306;-0.331719;-4.21357;-1.97574;-1.73714;
-5.80533;-0.322651;-4.42282;-2.09251;-1.72378;
-5.83893;-0.335991;-4.6205;-1.97685;-1.73915;
-5.87793;-0.390037;-4.82891;-2.08408;-1.75581;
-5.89154;-0.136118;-5.02878;-1.99872;-1.63879;
-5.89739;-0.0584587;-5.21356;-1.84781;-1.60242;
-5.89016;0.0723125;-5.40471;-1.91143;-1.53298;
-5.86889;0.212738;-5.63148;-2.26776;-1.47726;
-5.85152;0.173654;-5.82988;-1.98401;-1.48349;
-5.82008;0.314441;-6.02662;-1.96735;-1.41231;
-5.79944;0.206396;-6.23581;-2.09188;-1.47245;
-5.78827;0.111633;-6.42956;-1.93753;-1.51324;
-5.7749;0.13376;-6.63268;-2.03116;-1.50504;
-5.77056;0.0433195;-6.82058;-1.87903;-1.54775;
-5.78452;-0.139591;-7.02263;-2.02046;-1.63978;
-5.79724;-0.12716;-7.22126;-1.98635;-1.63473;
-5.80242;-0.0517512;-7.42659;-2.05333;-1.59599;
-5.79176;0.106556;-7.62225;-1.95653;-1.51639;
-5.79192;-0.00159348;-7.83032;-2.08077;-1.57156;
-5.78377;0.0814514;-8.02175;-1.91426;-1.52827;
-5.76667;0.171055;-8.20393;-1.82178;-1.47718;
-5.76086;0.0580493;-8.41578;-2.11854;-1.5434;
-5.76594;-0.05076;-8.62167;-2.05893;-1.59544;
-5.77051;-0.0457286;-8.8229;-2.01222;-1.59352;
-5.79112;-0.206117;-9.03554;-2.12645;-1.66742;
-5.80722;-0.160934;-9.24775;-2.12211;-1.64649;
-5.81049;-0.032752;-9.45249;-2.0474;-1.58679;
-5.80598;0.0450874;-9.63973;-1.87236;-1.54672;
-5.80073;0.0525066;-9.8356;-1.9587;-1.544;
-5.7986;0.021351;-10.0295;-1.93922;-1.55979;
-5.81444;-0.158437;-10.239;-2.09526;-1.64627;
-5.83068;-0.162376;-10.4456;-2.06593;-1.64923;
-5.85699;-0.263158;-10.6463;-2.00654;-1.7012;
-5.88806;-0.310665;-10.8414;-1.95145;-1.72867;
-5.9048;-0.167347;-11.0423;-2.00901;-1.6539;
-5.91616;-0.113688;-11.2508;-2.08456;-1.62528;
-5.92824;-0.12078;-11.4479;-1.97152;-1.63198;
-5.94635;-0.181071;-11.6524;-2.045;-1.65911;
-5.96397;-0.176196;-11.8556;-2.03146;-1.65731;
-5.98323;-0.192627;-12.0672;-2.11608;-1.66158;
-6.01993;-0.36694;-12.2636;-1.9643;-1.75547;
-6.05636;-0.364354;-12.4696;-2.05953;-1.7459;
-6.0912;-0.348429;-12.6665;-1.96936;-1.74591;
-6.10415;-0.129475;-12.8627;-1.96141;-1.63671;
-6.10467;-0.00521817;-13.0501;-1.87431;-1.57358;
-6.10105;0.0362049;-13.2668;-2.16726;-1.55409;
-6.08644;0.146175;-13.4656;-1.98746;-1.49738;
-6.05841;0.280303;-13.6581;-1.92487;-1.42619;
-6.03122;0.271853;-13.8498;-1.91732;-1.42995;
-6.01091;0.20315;-14.0432;-1.93419;-1.46615;
-5.99037;0.20531;-14.2358;-1.926;-1.4646;
-5.97329;0.170835;-14.4339;-1.98103;-1.48477;
-5.95748;0.158135;-14.6334;-1.99451;-1.49168;
-5.94585;0.116306;-14.8349;-2.01526;-1.51315;
-5.9332;0.126421;-15.0342;-1.99337;-1.50746;
-5.91487;0.183352;-15.2251;-1.90928;-1.47506;
-5.89778;0.170889;-15.4217;-1.96527;-1.48406;
-5.88978;0.0800494;-15.6298;-2.08124;-1.53235;
-5.88677;0.0300525;-15.8268;-1.97023;-1.55554;
-5.87923;0.0754375;-16.0036;-1.76739;-1.52814;
-5.85206;0.271639;-16.2216;-2.18001;-1.44683;
-5.82704;0.250243;-16.4072;-1.85677;-1.43683;
-5.80262;0.244218;-16.6164;-2.09188;-1.45458;
-5.78126;0.213592;-16.8108;-1.94419;-1.46137;
-5.75053;0.30731;-17.0179;-2.0709;-1.42348;
-5.72067;0.298597;-17.2223;-2.04408;-1.42574;
-5.68861;0.320551;-17.4176;-1.95221;-1.40805;
-5.65613;0.324788;-17.6154;-1.97847;-1.40809;
-5.62169;0.344423;-17.8167;-2.01312;-1.40135;
-5.59217;0.295211;-18.0172;-2.00522;-1.42463;
-5.57643;0.15741;-18.2235;-2.06269;-1.49463;
-5.54495;0.314775;-18.4389;-2.15357;-1.42566;
-5.52245;0.225009;-18.6489;-2.10022;-1.46407;
-5.50541;0.170384;-18.874;-2.25107;-1.49525;
-5.5011;0.0431262;-19.0716;-1.97554;-1.54897;
-5.50023;0.00873737;-19.2612;-1.89682;-1.56619;
-5.50757;-0.0734135;-19.4659;-2.04708;-1.60664;
-5.51822;-0.106579;-19.668;-2.02018;-1.6235;
-5.53159;-0.133647;-19.8671;-1.99094;-1.63782;
-5.53102;0.00569595;-20.0637;-1.96613;-1.5679;
-5.53086;0.00160827;-20.2641;-2.00395;-1.56999;
-5.53484;-0.0397888;-20.4631;-1.98987;-1.59079;
-5.55665;-0.218077;-20.6625;-1.99417;-1.67972;
-5.57397;-0.173234;-20.8564;-1.93894;-1.6599;
-5.58816;-0.141883;-21.0402;-1.83874;-1.64781;
-5.57047;0.176915;-21.2367;-1.96452;-1.48098;
-5.58463;-0.141629;-21.4267;-1.90013;-1.6452;
-5.62032;-0.35694;-21.6558;-2.29067;-1.72538;
-5.63512;-0.147992;-21.8497;-1.93956;-1.64695;
-5.65213;-0.170106;-22.0437;-1.93998;-1.65826;
-5.66825;-0.161181;-22.2435;-1.99821;-1.65129;
-5.6748;-0.0655;-22.4386;-1.95082;-1.60436;
-5.68199;-0.071938;-22.6536;-2.15006;-1.60424;
-5.68909;-0.0709417;-22.8545;-2.00856;-1.6061;
-5.70741;-0.183187;-23.0386;-1.84141;-1.66995;
-5.72681;-0.194002;-23.2388;-2.0016;-1.66742;
-5.74092;-0.141174;-23.441;-2.02234;-1.64049;
-5.75238;-0.114518;-23.643;-2.01931;-1.62745;
-5.76796;-0.155852;-23.8588;-2.15838;-1.64288;
-5.79084;-0.228758;-24.0623;-2.035;-1.68274;
-5.80335;-0.125174;-24.2595;-1.97196;-1.63419;
-5.81622;-0.128697;-24.4589;-1.99459;-1.63523;
-5.83476;-0.185331;-24.6692;-2.10293;-1.6587;
-5.85083;-0.160681;-24.8678;-1.98548;-1.65155;
-5.8687;-0.178757;-25.0694;-2.01646;-1.65921;
-5.88161;-0.129056;-25.2737;-2.04303;-1.63388;
-5.90245;-0.20846;-25.4795;-2.05798;-1.67175;
-5.92173;-0.192792;-25.6646;-1.85069;-1.6746;
-5.94003;-0.183027;-25.867;-2.0243;-1.66097;
-5.9438;-0.037621;-26.0729;-2.05904;-1.58907;
-5.94546;-0.016663;-26.2713;-1.98351;-1.5792;
-5.93378;0.116818;-26.4936;-2.22282;-1.51829;
-5.91981;0.139674;-26.6987;-2.0518;-1.50283;
-5.90446;0.153542;-26.8965;-1.97776;-1.49332;
-5.8911;0.133645;-27.1098;-2.13252;-1.50821;
-5.8998;-0.0870904;-27.3104;-2.00663;-1.61417;
-5.9083;-0.0849353;-27.5099;-1.99464;-1.61335;
-5.91829;-0.0999619;-27.7099;-2.00042;-1.62073;
-5.92796;-0.0966697;-27.9093;-1.99395;-1.61924;
-5.94038;-0.124234;-28.1295;-2.20197;-1.62716;
-5.954;-0.136202;-28.3377;-2.08127;-1.63614;
-5.96239;-0.0838811;-28.5458;-2.08147;-1.61107;
-5.97761;-0.152187;-28.7437;-1.97886;-1.64755;
-5.99038;-0.12768;-28.9299;-1.86171;-1.63927;
-5.99917;-0.0879172;-29.1397;-2.09803;-1.61268;
-6.00471;-0.0554057;-29.3365;-1.96812;-1.59894;
-6.00739;-0.0267762;-29.5227;-1.86171;-1.58518;
-5.99524;0.121471;-29.7375;-2.14815;-1.51431;
-5.97661;0.186328;-29.9429;-2.0547;-1.48036;

-5.95901;0.175987;29.8618;-1.95233;-1.4809;
-5.94737;0.116392;29.6566;-2.05209;-1.51414;
-5.91374;0.336315;29.4256;-2.30974;-1.42621;
-5.88682;0.269231;29.2306;-1.95055;-1.43363;
-5.87214;0.146792;29.0524;-1.78228;-1.48862;
-5.90118;-0.290447;28.834;-2.18397;-1.70301;
-5.93089;-0.297043;28.6323;-2.01651;-1.71705;
-5.96165;-0.307623;28.4439;-1.88452;-1.73261;
-5.99491;-0.332605;28.2589;-1.84976;-1.74871;
-6.03008;-0.351702;28.0623;-1.96556;-1.74785;
-6.06555;-0.354683;27.8676;-1.94709;-1.75098;
-6.10119;-0.356434;27.671;-1.96632;-1.75012;
-6.13498;-0.33793;27.4751;-1.9587;-1.74164;
-6.17287;-0.378894;27.2793;-1.95866;-1.76188;
-6.21521;-0.423375;27.0927;-1.86595;-1.79391;
-6.26301;-0.478027;26.8968;-1.95816;-1.81023;
-6.31136;-0.483451;26.7015;-1.95359;-1.81339;
-6.35231;-0.409491;26.507;-1.94495;-1.77831;
-6.40694;-0.546332;26.3005;-2.06453;-1.82949;
-6.45988;-0.529354;26.1141;-1.86426;-1.84746;
-6.52622;-0.663462;25.907;-2.07158;-1.88074;
-6.59174;-0.655154;25.7151;-1.91804;-1.89995;
-6.65272;-0.609811;25.5347;-1.80489;-1.89662;
-6.72301;-0.702878;25.3629;-1.71767;-1.95921;
-6.78138;-0.583749;25.1761;-1.86798;-1.87368;
-6.84957;-0.681864;24.9886;-1.87474;-1.91963;
-6.91718;-0.676165;24.8018;-1.86791;-1.91811;
-6.9826;-0.65411;24.6182;-1.83676;-1.91291;
-7.04552;-0.629262;24.4302;-1.87919;-1.89392;
-7.10832;-0.627931;24.2391;-1.91137;-1.88821;
-7.17531;-0.669944;24.052;-1.87144;-1.91456;
-7.2421;-0.66792;23.8625;-1.89413;-1.90981;
-7.33247;-0.903639;23.6797;-1.82826;-2.02984;
-7.4271;-0.946343;23.5091;-1.7063;-2.07718;
-7.53598;-1.0888;23.3405;-1.68587;-2.14424;
-7.65226;-1.16275;23.1697;-1.70795;-2.16851;
-7.77107;-1.18816;23.0044;-1.65276;-2.19409;
-7.8861;-1.15025;22.85;-1.54412;-2.21104;
-8.00572;-1.19627;22.6883;-1.61712;-2.2077;
-8.10555;-0.99824;22.5123;-1.76035;-2.08665;
-8.216;-1.10451;22.3435;-1.68774;-2.15028;
-8.31454;-0.985439;22.167;-1.76477;-2.08006;
-8.41826;-1.0372;21.9945;-1.7252;-2.1121;
-8.52471;-1.06451;21.8103;-1.84149;-2.09493;
-8.61143;-0.867151;21.6422;-1.68143;-2.04694;
-8.7085;-0.970679;21.4846;-1.57646;-2.1227;
-8.79961;-0.911137;21.3064;-1.78154;-2.04355;
-8.87824;-0.786275;21.1197;-1.86656;-1.96948;
-8.95223;-0.739983;20.9324;-1.87379;-1.94691;
-9.02581;-0.73579;20.7386;-1.93794;-1.93366;
-9.09673;-0.70914;20.5542;-1.84371;-1.93798;
-9.16266;-0.659317;20.3335;-2.20726;-1.86106;
-9.2242;-0.615398;20.1647;-1.68761;-1.92047;
-9.31474;-0.905416;19.9832;-1.81508;-2.03351;
-9.40952;-0.947769;19.8185;-1.64695;-2.09298;
-9.52055;-1.11027;19.6225;-1.95968;-2.08626;
-9.61654;-0.959976;19.4462;-1.76303;-2.06941;
-9.71673;-1.00185;19.2501;-1.96107;-2.0431;
-9.78318;-0.664478;19.0801;-1.69992;-1.94342;
-9.86114;-0.779638;18.8792;-2.0096;-1.94088;
-9.92821;-0.6707;18.6903;-1.88911;-1.91195;
-9.98867;-0.604613;18.4981;-1.92156;-1.87564;
-10.0269;-0.38224;18.2914;-2.06758;-1.75361;
-10.0333;-0.0642829;18.0905;-2.00854;-1.60279;
-10.0397;-0.0639313;17.8905;-1.99959;-1.60276;
-10.054;-0.142776;17.6806;-2.09941;-1.6387;
-10.055;-0.00979619;17.4877;-1.92937;-1.57587;
-10.075;-0.199965;17.2889;-1.98721;-1.67108;
-10.08;-0.0498438;17.099;-1.8991;-1.59704;
-10.086;-0.0608833;16.9056;-1.93412;-1.60226;
-10.0861;-0.000158128;16.7063;-1.99322;-1.57088;
-10.0882;-0.0217993;16.5052;-2.01082;-1.58164;
-10.0927;-0.0449487;16.3065;-1.98764;-1.59341;
-10.1007;-0.0797058;16.1098;-1.9666;-1.6113;
-10.1091;-0.0839865;15.9092;-2.00566;-1.61265;
-10.0999;0.0916382;15.7027;-2.0658;-1.52647;
-10.0953;0.0462707;15.5108;-1.91871;-1.54669;
-10.0841;0.111919;15.31;-2.00772;-1.51511;
-10.0823;0.0183414;15.1135;-1.9646;-1.56146;
-10.0635;0.187864;14.9341;-1.79398;-1.46646;
-10.0502;0.132609;14.727;-2.07177;-1.50688;
-10.0483;0.0188901;14.5206;-2.06333;-1.56164;
-10.031;0.17394;14.3008;-2.19845;-1.49184;
-10.0158;0.152051;14.0958;-2.05004;-1.49676;
-10.0035;0.1224;13.8645;-2.31256;-1.51792;
-9.99657;0.0693858;13.6521;-2.12438;-1.53815;
-9.98771;0.0885697;13.449;-2.03095;-1.52721;
-9.97768;0.100394;13.2536;-1.95415;-1.51947;
-9.96376;0.13913;13.0429;-2.10725;-1.50487;
-9.94599;0.177756;12.8449;-1.97921;-1.48123;
-9.92752;0.184653;12.6504;-1.94503;-1.47614;
-9.90689;0.206323;12.4487;-2.01775;-1.4689;
-9.88913;0.177585;12.2463;-2.02381;-1.48327;
-9.8678;0.213333;12.0415;-2.04751;-1.46698;
-9.84164;0.261558;11.8361;-2.05391;-1.44413;
-9.82482;0.168244;11.6528;-1.83378;-1.47931;
-9.81515;0.0966885;11.4448;-2.08004;-1.52435;
-9.80736;0.077855;11.2162;-2.2858;-1.53675;
-9.81115;-0.03785;11.0168;-1.99374;-1.58978;
-9.80748;0.0366662;10.8078;-2.08968;-1.55325;
-9.80187;0.056098;10.5992;-2.08605;-1.54391;
-9.80945;-0.0758099;10.4057;-1.93557;-1.60994;
-9.81524;-0.0578483;10.1993;-2.06344;-1.59882;
-9.82472;-0.0948517;9.99922;-2.00105;-1.61816;
-9.82717;-0.0245053;9.7873;-2.11929;-1.58236;
-9.84205;-0.148732;9.58155;-2.05748;-1.64296;
-9.86369;-0.216442;9.38073;-2.00819;-1.67816;
-9.89399;-0.302988;9.19184;-1.88891;-1.72985;
-9.9143;-0.203088;9.01974;-1.72094;-1.68826;
-9.95003;-0.357328;8.80668;-2.13065;-1.73696;
-9.97954;-0.295082;8.61034;-1.96341;-1.71997;
-10.0085;-0.289683;8.41185;-1.98492;-1.71571;
-10.0462;-0.376747;8.223;-1.8885;-1.76771;
-10.0795;-0.333497;8.02908;-1.93913;-1.74111;
-10.1146;-0.350443;7.83123;-1.97853;-1.7461;
-10.1645;-0.498973;7.63976;-1.91468;-1.82573;
-10.2177;-0.5323;7.43247;-2.07288;-1.82216;
-10.273;-0.552487;7.24713;-1.85349;-1.86049;
-10.3318;-0.588757;7.05396;-1.93164;-1.86665;
-10.3647;-0.328658;6.85437;-1.9959;-1.734;
-10.3951;-0.304226;6.65673;-1.97643;-1.72352;
-10.4389;-0.437672;6.46245;-1.94275;-1.79238;
-10.466;-0.27149;6.27208;-1.90376;-1.71245;
-10.4924;-0.264104;6.0769;-1.95175;-1.7053;
-10.53;-0.375767;5.86141;-2.15493;-1.74344;
-10.5676;-0.375997;5.66411;-1.97304;-1.75911;
-10.6039;-0.363213;5.46534;-1.98766;-1.75154;
-10.6262;-0.222821;5.27724;-1.88096;-1.68871;
-10.6498;-0.235491;5.07836;-1.98887;-1.68865;
-10.6787;-0.289772;4.91121;-1.67148;-1.74245;
-10.7181;-0.393064;4.702;-2.09213;-1.75651;
-10.7554;-0.373781;4.49137;-2.10621;-1.74643;
-10.7926;-0.371998;4.31839;-1.72982;-1.78262;
-10.8436;-0.509811;4.11712;-2.01277;-1.81887;
-10.8888;-0.451769;3.92909;-1.88029;-1.80659;
-10.9329;-0.440703;3.73692;-1.9217;-1.79623;
-10.9623;-0.294189;3.52626;-2.10661;-1.70955;
-10.9859;-0.236087;3.32621;-2.0005;-1.68827;
-11.0172;-0.313457;3.12945;-1.96757;-1.72878;
-11.039;-0.217719;2.91882;-2.10626;-1.6738;
-11.0599;-0.209017;2.72109;-1.97733;-1.67611;
-11.1147;-0.547996;2.50461;-2.16482;-1.81873;
-11.165;-0.502666;2.31027;-1.94335;-1.82391;
-11.2448;-0.797775;2.10284;-2.07436;-1.93795;
-11.3046;-0.59852;1.9116;-1.91238;-1.87411;
-11.3639;-0.593365;1.73627;-1.75335;-1.89712;
-11.418;-0.540415;1.53606;-2.0021;-1.83444;
-11.4845;-0.66549;1.35792;-1.78133;-1.92833;
-11.5587;-0.741812;1.16174;-1.96188;-1.93229;
-11.629;-0.702734;0.975326;-1.8641;-1.9313;
-11.7114;-0.823698;0.809879;-1.65447;-2.03273;
-11.7999;-0.885808;0.625904;-1.83975;-2.01952;
-11.8866;-0.866836;0.444092;-1.81812;-2.01569;
-11.9667;-0.801159;0.256698;-1.87394;-1.97481;
-12.0454;-0.786609;0.0727856;-1.83912;-1.97496;
-12.1315;-0.860667;-0.0867975;-1.59583;-2.0654;
-12.2268;-0.953794;-0.263409;-1.76611;-2.06597;
-12.3205;-0.936719;-0.439506;-1.76098;-2.05966;
-12.4157;-0.951555;-0.616383;-1.76877;-2.06436;
-12.5194;-1.03778;-0.772209;-1.55825;-2.15833;
-12.6206;-1.01147;-0.906716;-1.34507;-2.21556;
-12.7231;-1.02491;-1.05938;-1.52664;-2.16203;
-12.8462;-1.23088;-1.22485;-1.65468;-2.21037;
-12.9435;-0.973709;-1.40863;-1.83785;-2.05801;
-13.0448;-1.01219;-1.57904;-1.7041;-2.10677;
-13.1696;-1.24789;-1.7651;-1.86055;-2.16159;
-13.2561;-0.865838;-1.92501;-1.59913;-2.06705;
-13.3593;-1.03146;-2.1051;-1.80092;-2.09093;
-13.4587;-0.993949;-2.27866;-1.73553;-2.0909;
-13.5625;-1.03809;-2.44482;-1.66164;-2.12921;
-13.6832;-1.20729;-2.59993;-1.55112;-2.23219;
-13.8074;-1.24154;-2.76315;-1.6322;-2.22108;
-13.9189;-1.11531;-2.92039;-1.57245;-2.18772;
-14.0296;-1.10697;-3.08496;-1.64563;-2.16295;
-14.1444;-1.1482;-3.24953;-1.64577;-2.17996;
-14.2512;-1.0675;-3.40114;-1.51603;-2.18429;
-14.3725;-1.21333;-3.54059;-1.39455;-2.28682;
-14.5048;-1.3228;-3.67308;-1.32491;-2.3554;
-14.6539;-1.49146;-3.78458;-1.11492;-2.49967;
-14.816;-1.62044;-3.90683;-1.2225;-2.49527;
-14.9805;-1.64556;-4.02144;-1.14618;-2.5332;
-15.1333;-1.5277;-4.13663;-1.15189;-2.49553;
-15.2867;-1.53355;-4.2579;-1.2127;-2.4725;
-15.4394;-1.52787;-4.40066;-1.42757;-2.39012;
-15.5903;-1.50902;-4.53153;-1.30871;-2.42716;
-15.7605;-1.70186;-4.64334;-1.11811;-2.56032;
-15.9096;-1.49036;-4.75814;-1.14797;-2.48525;
-16.0684;-1.58888;-4.88001;-1.2187;-2.48729;
-16.2185;-1.50098;-5.0071;-1.27094;-2.439;
-16.3693;-1.50779;-5.13535;-1.28251;-2.43676;
-16.5203;-1.50946;-5.26504;-1.29685;-2.43181;
-16.6613;-1.41049;-5.37625;-1.11215;-2.47392;
-16.8035;-1.42186;-5.4996;-1.2335;-2.42701;
-16.9462;-1.4273;-5.64406;-1.44458;-2.35018;
-17.1013;-1.55015;-5.79538;-1.51321;-2.36825;
-17.2349;-1.33669;-5.92642;-1.3104;-2.36613;
-17.3773;-1.42389;-6.06327;-1.3685;-2.37603;
-17.5164;-1.39136;-6.20247;-1.39196;-2.35598;
-17.6723;-1.55818;-6.3715;-1.69033;-2.31554;
-17.7974;-1.25099;-6.51782;-1.46314;-2.27819;
-17.9287;-1.31315;-6.67061;-1.52791;-2.28075;
-18.0583;-1.29611;-6.84787;-1.77263;-2.20214;
-18.1963;-1.37978;-6.98253;-1.34659;-2.36836;
-18.3401;-1.43869;-7.11464;-1.32112;-2.39877;
-18.4954;-1.55221;-7.24018;-1.25539;-2.46152;
-18.6599;-1.64506;-7.37838;-1.38195;-2.4429;
-18.8133;-1.53415;-7.5091;-1.3072;-2.4359;
-18.9672;-1.53933;-7.63749;-1.28399;-2.44639;
-19.1229;-1.55719;-7.76547;-1.27973;-2.45369;
-19.2744;-1.5149;-7.8834;-1.17936;-2.48009;
-19.4368;-1.6234;-8.00314;-1.19738;-2.50609;
-19.5979;-1.61163;-8.12208;-1.18941;-2.5058;
-19.7551;-1.5714;-8.23918;-1.17095;-2.50119;
-19.9134;-1.58308;-8.35859;-1.19409;-2.49536;
-20.0856;-1.72243;-8.4813;-1.22712;-2.52257;
-20.2491;-1.63446;-8.59717;-1.15869;-2.52491;
-20.4126;-1.63555;-8.70498;-1.07814;-2.55879;
-20.5744;-1.61761;-8.80943;-1.04448;-2.56825;
-20.7257;-1.51318;-8.90451;-0.950794;-2.58059;
-20.8883;-1.62597;-9.01469;-1.10181;-2.54604;
-21.0594;-1.71082;-9.12974;-1.1505;-2.54957;
-21.231;-1.71674;-9.25399;-1.2425;-2.5151;
-21.4087;-1.77612;-9.3481;-0.941112;-2.65434;
-21.5859;-1.77277;-9.44411;-0.960092;-2.64524;
-21.7678;-1.81902;-9.54555;-1.01444;-2.63287;
-21.9397;-1.71858;-9.64292;-0.973628;-2.62615;
-22.1226;-1.82938;-9.7136;-0.706795;-2.7729;
-22.2965;-1.73909;-9.78165;-0.680492;-2.76861;
-22.4593;-1.62775;-9.85668;-0.750369;-2.70964;
-22.6418;-1.8245;-9.94103;-0.843431;-2.70857;
-22.8282;-1.86426;-10.0192;-0.782096;-2.74437;
-23.0141;-1.85875;-10.0991;-0.798821;-2.73569;
-23.2036;-1.89562;-10.1626;-0.634634;-2.81853;
-23.3753;-1.71656;-10.2275;-0.649315;-2.77996;
-23.5545;-1.79203;-10.3195;-0.919841;-2.66736;
-23.7373;-1.82818;-10.4287;-1.09193;-2.60318;
-23.9066;-1.69321;-10.5281;-0.993726;-2.61087;
-24.0802;-1.73585;-10.6185;-0.904639;-2.66117;
-24.2661;-1.85846;-10.7217;-1.03148;-2.63491;
-24.4395;-1.73445;-10.819;-0.973484;-2.63014;
-24.6082;-1.68652;-10.9213;-1.02255;-2.59655;
-24.7976;-1.89448;-11.0268;-1.05553;-2.63327;
-24.9981;-2.00509;-11.1288;-1.02003;-2.67099;
-25.1763;-1.78221;-11.2207;-0.91823;-2.66584;
-25.3625;-1.86188;-11.3183;-0.976688;-2.65848;
-25.5492;-1.86702;-11.4371;-1.18771;-2.57501;
-25.7065;-1.57308;-11.5531;-1.16051;-2.50599;
-25.8747;-1.68128;-11.6685;-1.15378;-2.54015;
-26.0385;-1.63819;-11.781;-1.12497;-2.53984;
-26.1917;-1.53208;-11.8906;-1.09572;-2.52075;
-26.3564;-1.64712;-12.0027;-1.12149;-2.54382;
-26.5215;-1.65054;-12.117;-1.14257;-2.53609;
-26.6655;-1.44048;-12.2382;-1.21157;-2.44229;
-26.8412;-1.75674;-12.3569;-1.1876;-2.54714;
-26.988;-1.46788;-12.4526;-0.957137;-2.56378;
-27.1568;-1.68808;-12.555;-1.02372;-2.59645;
-27.3478;-1.91023;-12.6442;-0.891863;-2.70478;
-27.5318;-1.83985;-12.7169;-0.726646;-2.76545;
-27.7253;-1.93495;-12.7932;-0.763784;-2.76564;
-27.9018;-1.76563;-12.8683;-0.750819;-2.73952;
-28.1173;-2.15502;-12.9172;-0.489304;-2.91833;
-28.3134;-1.9606;-12.9599;-0.427044;-2.92713;
-28.5233;-2.09946;-12.9985;-0.385679;-2.95991;
-28.7232;-1.99862;-13.0445;-0.460035;-2.91536;
-28.914;-1.90759;-13.0843;-0.397441;-2.93618;
-29.1091;-1.95087;-13.1213;-0.370151;-2.95408;
-29.3076;-1.98555;-13.1666;-0.453252;-2.91716;
-29.504;-1.96434;-13.2023;-0.356989;-2.96182;
-29.6987;-1.94618;-13.2367;-0.34355;-2.96687;
-29.9046;-2.05898;-13.2849;-0.482416;-2.91145;

29.9;-1.95477;-13.3449;-0.60015;-2.84371;
29.7073;-1.92657;-13.4022;-0.572672;-2.85266;
29.5188;-1.88527;-13.4559;-0.536773;-2.86421;
29.3068;-2.1197;-13.5009;-0.450368;-2.93224;
29.1214;-1.85388;-13.5591;-0.582233;-2.83729;
28.9349;-1.86522;-13.6141;-0.549449;-2.85512;
28.7394;-1.95451;-13.677;-0.629469;-2.83002;
28.5567;-1.82752;-13.7442;-0.672033;-2.78921;
28.3738;-1.8292;-13.8173;-0.730564;-2.76161;
28.18;-1.93776;-13.9038;-0.864793;-2.72183;
28.0025;-1.77476;-13.9899;-0.861856;-2.68952;
27.8269;-1.75669;-14.099;-1.09038;-2.58609;
27.6581;-1.68783;-14.2062;-1.07242;-2.57556;
27.485;-1.73031;-14.3189;-1.12724;-2.56418;
27.3447;-1.40379;-14.432;-1.13102;-2.46339;
27.1938;-1.50841;-14.5442;-1.12196;-2.50207;
27.0259;-1.67923;-14.6865;-1.42306;-2.43858;
26.8771;-1.48811;-14.816;-1.29481;-2.42554;
26.725;-1.52048;-14.9623;-1.46271;-2.37556;
26.5771;-1.4792;-15.0898;-1.27467;-2.43033;
26.4216;-1.55523;-15.2312;-1.41394;-2.40374;
26.273;-1.48575;-15.368;-1.36837;-2.3973;
26.1185;-1.5457;-15.485;-1.17047;-2.49347;
25.9587;-1.59729;-15.6099;-1.24874;-2.47806;
25.8009;-1.57812;-15.7447;-1.34823;-2.43459;
25.6549;-1.4604;-15.8777;-1.32966;-2.40302;
25.5097;-1.45192;-16.0111;-1.33375;-2.39859;
25.3656;-1.44114;-16.1533;-1.42175;-2.36297;
25.2275;-1.38109;-16.2934;-1.40128;-2.34893;
25.0876;-1.39883;-16.44;-1.46599;-2.33276;
24.9507;-1.3691;-16.5739;-1.33962;-2.36708;
24.8079;-1.42768;-16.7246;-1.50624;-2.32942;
24.6669;-1.41011;-16.8794;-1.54825;-2.30954;
24.5287;-1.38182;-17.0342;-1.54841;-2.2994;
24.3952;-1.3346;-17.1825;-1.48233;-2.3038;
24.2558;-1.39471;-17.3329;-1.50402;-2.3185;
24.1265;-1.29228;-17.483;-1.50103;-2.2816;
24.0001;-1.26393;-17.6441;-1.61152;-2.2359;
23.8751;-1.25059;-17.7967;-1.52549;-2.25749;
23.7455;-1.29549;-17.9546;-1.57941;-2.25775;
23.6187;-1.26833;-18.1095;-1.54892;-2.25692;
23.4793;-1.39361;-18.2516;-1.42142;-2.34632;
23.3434;-1.35946;-18.4014;-1.49735;-2.30796;
23.198;-1.45436;-18.5522;-1.5079;-2.33812;
23.0539;-1.44102;-18.711;-1.58826;-2.30763;
22.9135;-1.40405;-18.8618;-1.50828;-2.32042;
22.7926;-1.20825;-19.0076;-1.45756;-2.26294;
22.6747;-1.17958;-19.1621;-1.54529;-2.22278;
22.5544;-1.20232;-19.3226;-1.60471;-2.21381;
22.4279;-1.2651;-19.4886;-1.66043;-2.22188;
22.301;-1.26936;-19.6547;-1.6607;-2.22342;
22.1727;-1.28271;-19.8099;-1.55196;-2.26149;
22.0533;-1.19426;-19.9391;-1.29164;-2.31704;
21.9151;-1.38177;-20.0841;-1.45067;-2.33187;
21.7946;-1.2051;-20.2288;-1.44698;-2.26524;
21.6607;-1.33963;-20.3703;-1.41434;-2.32907;
21.5268;-1.33846;-20.5134;-1.43137;-2.32266;
21.3948;-1.31968;-20.6611;-1.47726;-2.29991;
21.2901;-1.04724;-20.8224;-1.61237;-2.14682;
21.1882;-1.01963;-20.978;-1.55669;-2.15068;
21.0551;-1.33066;-21.1361;-1.58082;-2.27048;
20.9049;-1.50222;-21.2848;-1.48662;-2.36141;
20.7614;-1.43498;-21.4305;-1.45782;-2.3483;
20.6014;-1.59918;-21.5827;-1.52158;-2.38105;
20.4568;-1.44633;-21.7208;-1.38101;-2.37929;
20.311;-1.45788;-21.8636;-1.4276;-2.36669;
20.1694;-1.41605;-22.0028;-1.39222;-2.36468;
20.0468;-1.22584;-22.1179;-1.15123;-2.38757;
19.8696;-1.7723;-22.2274;-1.09475;-2.58826;
19.6957;-1.73893;-22.3343;-1.06877;-2.5905;
19.513;-1.82721;-22.4326;-0.983202;-2.64794;
19.3606;-1.52416;-22.5357;-1.03149;-2.54664;
19.1985;-1.62127;-22.6419;-1.06196;-2.5617;
19.0595;-1.38911;-22.7451;-1.03195;-2.50266;
18.9055;-1.54085;-22.8735;-1.28413;-2.44682;
18.7563;-1.49164;-23.0013;-1.2775;-2.43337;
18.6103;-1.45978;-23.148;-1.46729;-2.35363;
18.4888;-1.21542;-23.2965;-1.485;-2.25669;
18.3614;-1.27375;-23.4489;-1.52406;-2.26696;
18.2059;-1.55516;-23.6271;-1.78199;-2.28833;
18.0795;-1.26375;-23.7969;-1.698;-2.21061;
17.9617;-1.1776;-23.9523;-1.55407;-2.21924;
17.8563;-1.05428;-24.1211;-1.68728;-2.12928;
17.7489;-1.07371;-24.2929;-1.71854;-2.12924;
17.6334;-1.15518;-24.4589;-1.65977;-2.17882;
17.5433;-0.901439;-24.6317;-1.72831;-2.05155;
17.4502;-0.930806;-24.8025;-1.70794;-2.06978;
17.3724;-0.778478;-24.9741;-1.7154;-1.99682;
17.3088;-0.635497;-25.164;-1.8999;-1.89359;
17.2216;-0.871972;-25.3611;-1.97046;-1.98741;
17.1335;-0.881199;-25.5484;-1.87297;-2.01055;
17.0438;-0.897136;-25.7217;-1.73355;-2.04836;
16.9364;-1.07402;-25.875;-1.53228;-2.18215;
16.8314;-1.05001;-26.0796;-2.04664;-2.04482;
16.7483;-0.830744;-26.2643;-1.84691;-1.99349;
16.677;-0.712596;-26.4361;-1.71732;-1.96412;
16.627;-0.499905;-26.6103;-1.74217;-1.85023;
16.5651;-0.619244;-26.7997;-1.89422;-1.88676;
16.4925;-0.725789;-26.9884;-1.88718;-1.93795;
16.4121;-0.804693;-27.1669;-1.78437;-1.99445;
16.3279;-0.842228;-27.3344;-1.6759;-2.03648;
16.2565;-0.713982;-27.5306;-1.96126;-1.91993;
16.1859;-0.705413;-27.7207;-1.90091;-1.92614;
16.1143;-0.715818;-27.9092;-1.88576;-1.93359;
16.0406;-0.737169;-28.0847;-1.75418;-1.96862;
15.9638;-0.767813;-28.27;-1.85312;-1.9636;
15.8829;-0.809495;-28.4565;-1.86503;-1.9803;
15.8021;-0.807748;-28.6303;-1.73827;-2.00579;
15.7322;-0.6995;-28.8028;-1.72534;-1.95597;
15.6699;-0.622964;-28.9879;-1.85045;-1.89553;
15.5947;-0.751207;-29.1929;-2.05062;-1.92195;
15.5259;-0.688403;-29.3807;-1.87778;-1.92219;
15.4613;-0.645631;-29.5662;-1.85458;-1.9058;
15.4186;-0.426899;-29.7468;-1.8066;-1.80284;
15.3713;-0.473842;-29.9422;-1.95354;-1.80876;

15.3239;-0.473184;29.8636;-1.94213;-1.80978;
15.2621;-0.618163;29.6928;-1.70843;-1.91797;
15.2063;-0.558742;29.5054;-1.87313;-1.86069;
15.1508;-0.554245;29.3147;-1.90779;-1.85353;
15.0929;-0.579289;29.1295;-1.85164;-1.874;
15.0333;-0.595727;28.9389;-1.90596;-1.87374;
14.9742;-0.591332;28.75;-1.8892;-1.87414;
14.919;-0.552359;28.5559;-1.94127;-1.84801;
14.8553;-0.636171;28.3838;-1.72074;-1.92492;
14.7868;-0.685836;28.2056;-1.78222;-1.93815;
14.7183;-0.684797;28.0152;-1.90411;-1.91604;
14.6409;-0.773686;27.8063;-2.08885;-1.92552;
14.5876;-0.53331;27.6205;-1.85732;-1.85041;
14.5525;-0.350476;27.4052;-2.1535;-1.73213;
14.5199;-0.326166;27.2067;-1.98462;-1.73369;
14.4627;-0.572166;26.9869;-2.19795;-1.82546;
14.4115;-0.512405;26.7924;-1.94548;-1.82833;
14.3583;-0.53131;26.6033;-1.89045;-1.84478;
14.3005;-0.578161;26.4193;-1.84056;-1.87516;
14.2455;-0.55041;26.2189;-2.00345;-1.83891;
14.1969;-0.485998;26.0233;-1.95666;-1.81425;
14.1536;-0.432739;25.8278;-1.95511;-1.78862;
14.1219;-0.316924;25.6487;-1.79076;-1.74596;
14.0844;-0.37479;25.4532;-1.95437;-1.76027;
14.0482;-0.362227;25.2447;-2.08545;-1.74277;
14.0138;-0.344227;25.0465;-1.98199;-1.74276;
13.9817;-0.32094;24.859;-1.87475;-1.74034;
13.9436;-0.380585;24.6584;-2.00673;-1.75822;
13.9097;-0.338874;24.4706;-1.8771;-1.7494;
13.8814;-0.283545;24.2708;-1.99877;-1.71172;
13.8485;-0.32911;24.0521;-2.18714;-1.72015;
13.8398;-0.0863651;23.8327;-2.19339;-1.61015;
13.8084;-0.314075;23.6331;-1.99563;-1.7269;
13.7824;-0.260201;23.4346;-1.98507;-1.70113;
13.7557;-0.266889;23.2433;-1.91299;-1.70942;
13.7272;-0.285523;23.0327;-2.10671;-1.70551;
13.7173;-0.0989994;22.8316;-2.01063;-1.61999;
13.7083;-0.0897692;22.6188;-2.1279;-1.61296;
13.6994;-0.0890433;22.4184;-2.00435;-1.61519;
13.6886;-0.108291;22.2008;-2.17628;-1.62052;
13.6736;-0.149347;22.0071;-1.93636;-1.64777;
13.6717;-0.0187879;21.8038;-2.03275;-1.58004;
13.6788;0.0706992;21.6008;-2.0309;-1.536;
13.6959;0.170906;21.398;-2.02705;-1.48668;
13.7216;0.257411;21.195;-2.03093;-1.44472;
13.7251;0.034155;21.0025;-1.92444;-1.55305;
13.7243;-0.00723842;20.7911;-2.11401;-1.57422;
13.6952;-0.291285;20.6026;-1.88466;-1.72414;
13.6651;-0.301312;20.4026;-2.00084;-1.72027;
13.6382;-0.26843;20.1776;-2.24975;-1.68955;
13.6071;-0.311789;19.9765;-2.01075;-1.72463;
13.5824;-0.246112;19.7838;-1.92742;-1.6978;
13.5546;-0.278516;19.5841;-1.99701;-1.70937;
13.5473;-0.0731735;19.4027;-1.81414;-1.61111;
13.5407;-0.0653761;19.2088;-1.93897;-1.6045;
13.5345;-0.0625319;19.0077;-2.0105;-1.60189;
13.5032;-0.313111;18.814;-1.93679;-1.73107;
13.4749;-0.283174;18.6239;-1.90081;-1.71868;
13.4395;-0.353091;18.4327;-1.91228;-1.75338;
13.4003;-0.392389;18.2307;-2.02032;-1.76263;
13.3363;-0.640345;18.035;-1.95728;-1.88698;
13.2735;-0.627731;17.8492;-1.85781;-1.89664;
13.2094;-0.641364;17.6599;-1.89262;-1.89753;
13.1406;-0.687306;17.4673;-1.9261;-1.91355;
13.1045;-0.361713;17.274;-1.93263;-1.75582;
13.0726;-0.318834;17.0755;-1.98559;-1.73001;
13.0179;-0.546436;16.8702;-2.05256;-1.83098;
12.962;-0.558934;16.6621;-2.08108;-1.83318;
12.9098;-0.522357;16.4692;-1.92935;-1.8352;
12.8482;-0.615623;16.2872;-1.81969;-1.89702;
12.7819;-0.663638;16.0925;-1.94681;-1.89933;
12.717;-0.648957;15.9031;-1.89412;-1.90088;
12.6528;-0.641697;15.7134;-1.89738;-1.89692;
12.5888;-0.640045;15.5311;-1.82242;-1.90854;
12.519;-0.697924;15.3641;-1.67083;-1.96648;
12.459;-0.600367;15.1725;-1.91564;-1.8745;
12.3862;-0.727788;14.981;-1.91478;-1.93402;
12.2985;-0.877359;14.7828;-1.98244;-1.98745;
12.2088;-0.896846;14.5769;-2.05839;-1.9817;
12.123;-0.857681;14.4299;-1.47062;-2.09878;
12.0066;-1.16442;14.2656;-1.64306;-2.18733;
11.8791;-1.2745;14.0991;-1.66439;-2.2243;
11.7778;-1.01337;13.9333;-1.65814;-2.11937;
11.6717;-1.06135;13.771;-1.62262;-2.15004;
11.5778;-0.938429;13.599;-1.72031;-2.07018;
11.4857;-0.921325;13.4009;-1.98142;-2.00604;
11.4283;-0.57392;13.2086;-1.9228;-1.86086;
11.3539;-0.743927;13.0028;-2.05826;-1.91762;
11.276;-0.77909;12.8185;-1.84242;-1.97086;
11.2095;-0.665086;12.6459;-1.72648;-1.9385;
11.1415;-0.680104;12.4877;-1.58211;-1.97679;
11.0703;-0.711627;12.3084;-1.79292;-1.94864;
10.9999;-0.704016;12.106;-2.02345;-1.90562;
10.9231;-0.767683;11.9059;-2.00097;-1.93713;
10.8532;-0.698853;11.719;-1.86948;-1.92853;
10.7827;-0.705453;11.5339;-1.85066;-1.93498;
10.7226;-0.601053;11.3588;-1.75116;-1.90143;
10.6615;-0.610763;11.1646;-1.94208;-1.87549;
10.5986;-0.629301;10.979;-1.85564;-1.89775;
10.5391;-0.594658;10.7968;-1.82262;-1.88617;
10.4808;-0.583521;10.5888;-2.07993;-1.84431;
10.433;-0.477847;10.3998;-1.88971;-1.81847;
10.3792;-0.538182;10.2055;-1.9434;-1.84095;
10.3245;-0.546591;9.98341;-2.22051;-1.81215;
10.2878;-0.367434;9.79183;-1.91585;-1.76028;
10.2506;-0.37138;9.59238;-1.99449;-1.75489;
10.2226;-0.280182;9.40479;-1.87587;-1.71906;
10.2003;-0.223037;9.19846;-2.06328;-1.67848;
10.18;-0.203359;9.00701;-1.91453;-1.67662;
10.1661;-0.138906;8.82046;-1.86548;-1.64512;
10.176;0.098852;8.62986;-1.90606;-1.51898;
10.1813;0.0534081;8.42902;-2.00834;-1.54421;
10.1848;0.0351493;8.21526;-2.13766;-1.55435;
10.1855;0.00727238;8.01808;-1.97173;-1.56711;
10.1865;0.00991692;7.81996;-1.98125;-1.56579;
10.1862;-0.00370951;7.61983;-2.00128;-1.57265;
10.197;0.108213;7.40388;-2.15955;-1.52073;
10.1982;0.0123885;7.18648;-2.17396;-1.5651;
10.1761;-0.221314;7.00351;-1.82966;-1.69117;
10.1517;-0.244374;6.77674;-2.26777;-1.67814;
10.1233;-0.283435;6.57632;-2.00418;-1.71129;
10.0935;-0.297841;6.38512;-1.91198;-1.72533;
10.059;-0.345544;6.18246;-2.02658;-1.73968;
10.0289;-0.300335;5.98657;-1.95892;-1.72293;
10.0068;-0.221675;5.79673;-1.89846;-1.68704;
9.9835;-0.232746;5.59783;-1.98901;-1.68728;
9.95631;-0.271945;5.39686;-2.00966;-1.7053;
9.9256;-0.307011;5.20363;-1.93232;-1.72836;
9.89765;-0.279595;4.99587;-2.07757;-1.70457;
9.86742;-0.302294;4.79962;-1.96246;-1.72363;
9.84505;-0.223669;4.58436;-2.15269;-1.67433;
9.83048;-0.145648;4.39235;-1.92001;-1.64651;
9.82519;-0.0529738;4.21656;-1.75793;-1.60092;
9.80657;-0.186192;4.02214;-1.94416;-1.66628;
9.7861;-0.204678;3.82017;-2.01972;-1.67179;
9.76913;-0.169717;3.62924;-1.90931;-1.65945;
9.75;-0.191314;3.43139;-1.97856;-1.66719;
9.73184;-0.181541;3.23591;-1.9548;-1.6634;
9.70753;-0.243121;3.05201;-1.83896;-1.70224;
9.6542;-0.533288;2.83381;-2.18202;-1.8105;
9.60847;-0.457287;2.64282;-1.90983;-1.80581;
9.56173;-0.467461;2.44796;-1.94864;-1.80624;
9.51302;-0.487097;2.25692;-1.91041;-1.82045;
9.45314;-0.598724;2.06482;-1.92098;-1.87293;
9.38914;-0.640018;1.85852;-2.06306;-1.87161;
9.33018;-0.589668;1.67448;-1.84036;-1.88087;
9.26845;-0.617269;1.49335;-1.81128;-1.89925;
9.20075;-0.677028;1.27919;-2.1416;-1.87699;
9.1232;-0.775435;1.08719;-1.92;-1.95464;
9.05777;-0.654324;0.907799;-1.79393;-1.92055;
8.98533;-0.724373;0.717431;-1.90368;-1.93439;
8.91017;-0.751608;0.538002;-1.79429;-1.96748;
8.82434;-0.858284;0.380123;-1.57879;-2.06874;
8.70512;-1.19227;0.211698;-1.68425;-2.1868;
8.59031;-1.1481;0.050573;-1.61125;-2.18989;
8.46306;-1.27243;-0.099667;-1.5024;-2.27351;
8.34739;-1.15671;-0.272744;-1.73077;-2.15994;
8.23874;-1.08648;-0.445483;-1.72739;-2.13225;
8.13593;-1.02814;-0.614534;-1.69051;-2.11721;
8.04065;-0.952819;-0.793138;-1.78604;-2.06087;
7.94978;-0.908726;-0.969381;-1.76243;-2.04685;
7.8588;-0.909726;-1.1766;-2.07216;-1.98449;
7.78353;-0.752748;-1.36361;-1.87013;-1.95346;
7.70867;-0.748546;-1.51694;-1.53334;-2.02494;
7.62572;-0.829559;-1.69796;-1.81012;-2.00052;
7.53063;-0.950917;-1.87245;-1.74493;-2.06976;
7.4457;-0.849304;-2.0634;-1.90949;-1.9893;
7.37367;-0.720225;-2.24916;-1.85767;-1.94066;
7.30063;-0.730422;-2.43364;-1.84473;-1.94781;
7.21691;-0.837222;-2.6279;-1.94258;-1.97773;
7.13202;-0.848928;-2.80508;-1.77187;-2.0176;
7.03206;-0.999517;-2.97428;-1.69203;-2.10437;
6.9314;-1.0066;-3.14453;-1.70248;-2.10476;
6.81449;-1.16915;-3.32387;-1.7934;-2.14852;
6.70503;-1.09455;-3.48916;-1.65291;-2.1557;
6.59395;-1.11083;-3.65141;-1.62245;-2.17116;
6.48216;-1.11791;-3.80418;-1.52776;-2.2025;
6.36961;-1.12548;-3.96313;-1.58946;-2.18693;
6.25484;-1.14775;-4.13293;-1.69798;-2.1652;
6.1489;-1.05933;-4.30374;-1.70815;-2.12591;
6.03993;-1.0897;-4.4737;-1.69954;-2.14094;
5.92269;-1.17246;-4.6373;-1.63606;-2.1926;
5.80838;-1.14311;-4.8193;-1.81995;-2.13162;
5.71845;-0.899238;-4.96767;-1.48373;-2.11566;
5.64671;-0.717421;-5.14364;-1.75971;-1.95792;
5.57442;-0.722922;-5.32238;-1.78738;-1.95514;
5.49572;-0.786949;-5.52698;-2.04594;-1.93799;
5.43062;-0.651021;-5.71398;-1.87002;-1.90581;
5.34666;-0.83962;-5.90249;-1.88516;-1.9898;
5.28205;-0.646063;-6.08184;-1.79349;-1.91655;
5.21947;-0.625811;-6.26367;-1.81832;-1.90227;
5.15329;-0.661782;-6.44369;-1.80015;-1.92309;
5.08467;-0.686252;-6.63155;-1.87861;-1.92103;
4.99875;-0.859143;-6.80834;-1.76786;-2.02316;
4.9258;-0.729497;-6.97452;-1.6618;-1.98445;
4.86458;-0.612275;-7.16301;-1.88497;-1.88487;
4.80238;-0.622;-7.36235;-1.99333;-1.87326;
4.74538;-0.569941;-7.55284;-1.90498;-1.8615;
4.70669;-0.386965;-7.751;-1.98151;-1.76366;
4.66624;-0.404457;-7.94459;-1.93595;-1.77675;
4.62345;-0.427861;-8.14108;-1.96487;-1.78521;
4.58052;-0.429303;-8.33052;-1.89446;-1.79364;
4.55253;-0.279943;-8.52848;-1.97958;-1.71128;
4.53207;-0.204621;-8.72338;-1.94903;-1.6754;
4.51607;-0.159962;-8.93225;-2.08869;-1.64723;
4.48788;-0.281878;-9.11232;-1.80063;-1.72608;
4.43814;-0.497433;-9.31329;-2.00977;-1.81343;
4.39119;-0.469476;-9.50877;-1.95481;-1.8065;
4.35384;-0.373509;-9.69469;-1.85912;-1.76906;
4.31407;-0.397698;-9.89048;-1.95798;-1.77119;
4.27761;-0.364608;-10.0678;-1.77329;-1.77358;
4.24149;-0.361185;-10.2763;-2.08452;-1.74236;
4.2052;-0.362952;-10.475;-1.98754;-1.75142;
4.17976;-0.254371;-10.6767;-2.01678;-1.69626;
4.14504;-0.347222;-10.8725;-1.95775;-1.74633;
4.10043;-0.446057;-11.0902;-2.17715;-1.77288;
4.05247;-0.479668;-11.2857;-1.95506;-1.81139;
4.00768;-0.447811;-11.4655;-1.79839;-1.81484;
3.95829;-0.493927;-11.6529;-1.8734;-1.82858;
3.90221;-0.560823;-11.861;-2.08086;-1.83406;
3.85943;-0.427758;-12.0514;-1.9039;-1.7918;
3.82728;-0.321522;-12.2272;-1.75829;-1.75166;
3.79744;-0.298386;-12.4244;-1.97265;-1.72092;
3.76689;-0.305562;-12.6274;-2.02942;-1.72024;
3.73703;-0.298603;-12.8252;-1.978;-1.72063;
3.73377;-0.0325211;-13.0489;-2.23752;-1.58533;
3.73192;-0.0185103;-13.2392;-1.90256;-1.58053;
3.7319;-0.000234592;-13.4374;-1.98207;-1.57091;
3.73345;0.015468;-13.6355;-1.98127;-1.56299;
3.71544;-0.180107;-13.8551;-2.19614;-1.65262;
3.69815;-0.172895;-14.0638;-2.08629;-1.65348;
3.68139;-0.167589;-14.2645;-2.00681;-1.65411;
3.66598;-0.154032;-14.4622;-1.97731;-1.64854;
3.65472;-0.112599;-14.6492;-1.86976;-1.63094;
3.64752;-0.0720128;-14.8456;-1.96391;-1.60745;
3.65537;0.0784864;-15.0011;-1.55524;-1.52037;
3.68573;0.303626;-15.184;-1.82936;-1.40632;
3.74651;0.607736;-15.379;-1.95032;-1.26872;
3.8077;0.61192;-15.5908;-2.11713;-1.28943;
3.8871;0.793959;-15.801;-2.10224;-1.20968;
3.9805;0.93408;-15.9872;-1.86205;-1.10584;
4.07411;0.936013;-16.1654;-1.78243;-1.08724;
4.17176;0.976504;-16.3475;-1.82097;-1.07857;
4.28144;1.09687;-16.5267;-1.79215;-1.02157;
4.38509;1.03651;-16.6978;-1.71078;-1.02607;
4.48553;1.00439;-16.8719;-1.74077;-1.04748;
4.59585;1.10321;-17.0406;-1.68676;-0.991587;
4.72326;1.27402;-17.2013;-1.60685;-0.90042;
4.85566;1.32406;-17.366;-1.64761;-0.893847;
4.97056;1.14899;-17.5337;-1.67722;-0.970168;
5.0933;1.22741;-17.7207;-1.86968;-0.989877;
5.21399;1.20692;-17.8824;-1.6173;-0.929698;
5.34301;1.29013;-18.0403;-1.57888;-0.885704;
5.46798;1.24969;-18.1946;-1.54253;-0.889894;
5.59385;1.2587;-18.3499;-1.55357;-0.889869;
5.7202;1.26351;-18.5053;-1.55341;-0.88795;
5.84721;1.27011;-18.653;-1.47715;-0.860618;
5.97867;1.31461;-18.7906;-1.3765;-0.808394;
6.13629;1.57621;-18.9199;-1.29243;-0.686794;
6.31647;1.80176;-19.0462;-1.26281;-0.611315;
6.48313;1.66659;-19.1728;-1.26621;-0.649717;
6.65638;1.73255;-19.2842;-1.11407;-0.571456;
6.82961;1.73232;-19.3801;-0.959179;-0.505676;
7.00861;1.78995;-19.4836;-1.03504;-0.524274;
7.18565;1.77039;-19.5847;-1.01126;-0.518979;
7.36262;1.76977;-19.6791;-0.943803;-0.489925;
7.55239;1.89761;-19.7598;-0.806992;-0.402098;
7.73686;1.84475;-19.8392;-0.793879;-0.40639;
7.9277;1.90838;-19.9122;-0.730206;-0.365444;
8.11478;1.87086;-19.9836;-0.713977;-0.364572;
8.29495;1.80163;-20.0244;-0.407439;-0.222409;
8.49642;2.01471;-20.0702;-0.458049;-0.223552;
8.66481;1.68392;-20.1042;-0.34015;-0.199316;
8.85796;1.93155;-20.159;-0.547854;-0.276376;
9.05047;1.92502;-20.214;-0.549845;-0.278222;
9.24344;1.92978;-20.2672;-0.532774;-0.26937;
9.4303;1.86854;-20.3236;-0.563345;-0.292823;
9.62211;1.91815;-20.3879;-0.643762;-0.323804;
9.81483;1.92717;-20.453;-0.650689;-0.325621;
9.99184;1.77012;-20.5031;-0.501127;-0.275884;
10.1873;1.95478;-20.5548;-0.51716;-0.258636;
10.376;1.88647;-20.6048;-0.499884;-0.25903;
10.5709;1.94934;-20.6768;-0.719613;-0.353638;
10.764;1.93057;-20.7462;-0.693761;-0.344984;
10.9684;2.04485;-20.8035;-0.573288;-0.27334;
11.1591;1.90671;-20.8539;-0.50414;-0.258487;
11.3529;1.93802;-20.9037;-0.497468;-0.251263;
11.5356;1.82706;-20.9751;-0.714418;-0.372742;
11.7195;1.83839;-21.0453;-0.702451;-0.364981;
11.9302;2.10729;-21.0928;-0.474462;-0.22146;
12.1258;1.95634;-21.1503;-0.574914;-0.285826;
12.3192;1.93354;-21.2117;-0.613738;-0.307358;
12.4987;1.79486;-21.2771;-0.654672;-0.349752;
12.6884;1.89715;-21.3438;-0.666227;-0.337719;
12.8741;1.85693;-21.4192;-0.754544;-0.38596;
13.0508;1.76712;-21.4877;-0.685292;-0.369947;
13.2271;1.76305;-21.5735;-0.857736;-0.452794;
13.4155;1.88384;-21.6691;-0.956094;-0.469649;
13.5879;1.72448;-21.7642;-0.950376;-0.503693;
13.7619;1.73998;-21.862;-0.978503;-0.512285;
13.9487;1.86814;-21.9533;-0.913429;-0.45477;
14.124;1.75283;-22.0422;-0.8881;-0.468968;
14.2966;1.72561;-22.1323;-0.901843;-0.481581;
14.4828;1.86205;-22.231;-0.986485;-0.48719;
14.6594;1.76637;-22.3243;-0.933018;-0.485962;
14.8347;1.75277;-22.4197;-0.954306;-0.498578;
14.997;1.6231;-22.5067;-0.869795;-0.491942;
15.1607;1.63723;-22.6038;-0.970954;-0.535291;
15.3369;1.76121;-22.709;-1.05155;-0.538257;
15.4968;1.5998;-22.8161;-1.07166;-0.590219;
15.6792;1.82405;-22.9237;-1.07601;-0.532963;
15.8439;1.64642;-23.0242;-1.00517;-0.548118;
16.0222;1.78367;-23.1259;-1.01687;-0.518143;
16.1803;1.58056;-23.2259;-1.00014;-0.564173;
16.3437;1.63424;-23.3293;-1.03342;-0.563874;
16.5094;1.65666;-23.4278;-0.985322;-0.53656;
16.6824;1.73053;-23.5287;-1.00856;-0.527679;
16.8553;1.72884;-23.6286;-0.999702;-0.524273;
17.0653;2.09987;-23.7184;-0.897833;-0.404042;
17.2415;1.76224;-23.8069;-0.884341;-0.465109;
17.4176;1.76074;-23.909;-1.02103;-0.525502;
17.5886;1.70939;-24.0096;-1.00679;-0.532274;
17.782;1.93434;-24.0864;-0.767427;-0.377692;
17.9698;1.87813;-24.1547;-0.683172;-0.348873;
18.165;1.95239;-24.226;-0.712787;-0.350049;
18.3563;1.91269;-24.3176;-0.916612;-0.446892;
18.5394;1.83085;-24.4017;-0.840729;-0.43048;
18.7234;1.84058;-24.4714;-0.696902;-0.361951;
18.8947;1.71259;-24.5111;-0.397077;-0.227832;
19.0956;2.00892;-24.5595;-0.484082;-0.236458;
19.2803;1.84686;-24.6065;-0.469557;-0.248971;
19.4745;1.9418;-24.653;-0.465738;-0.235401;
19.6693;1.94855;-24.7005;-0.474664;-0.238945;
19.8563;1.86967;-24.7596;-0.591073;-0.306195;
20.0186;1.62314;-24.8021;-0.425146;-0.256173;
20.2147;1.96076;-24.8531;-0.509546;-0.254248;
20.4088;1.94124;-24.9026;-0.495322;-0.249827;
20.6015;1.92738;-24.9542;-0.515727;-0.261455;
20.7948;1.93301;-25.0039;-0.497237;-0.251776;
20.9957;2.00902;-25.0531;-0.491349;-0.239863;
21.1781;1.82355;-25.0693;-0.162813;-0.0890471;
21.3728;1.94655;-25.086;-0.16679;-0.0854763;
21.5692;1.96477;-25.1011;-0.151235;-0.0768218;
21.7671;1.97918;-25.1322;-0.310808;-0.155767;
21.9635;1.96377;-25.1653;-0.331179;-0.167072;
22.1708;2.0728;-25.2007;-0.353795;-0.169055;
22.3677;1.96901;-25.2355;-0.347512;-0.174692;
22.5563;1.88608;-25.2647;-0.292715;-0.153969;
22.7291;1.7279;-25.2955;-0.307479;-0.176106;
22.9014;1.72332;-25.2984;-0.0296136;-0.0171824;
23.1095;2.08053;-25.2942;0.0423794;0.0203667;
23.2972;1.87728;-25.2828;0.113965;0.0606333;
23.4893;1.92062;-25.2535;0.292991;0.151383;
23.6803;1.91026;-25.2217;0.318074;0.164994;
23.8639;1.83625;-25.2115;0.10186;0.0554149;
24.0588;1.94913;-25.1899;0.215838;0.110287;
24.2489;1.90058;-25.1698;0.201842;0.105804;
24.4472;1.98315;-25.1513;0.184095;0.0925642;
24.6463;1.99057;-25.1318;0.195775;0.098036;
24.8457;1.99387;-25.1092;0.225446;0.112591;
25.0445;1.9881;-25.0886;0.205743;0.10312;
25.243;1.98542;-25.0678;0.20842;0.104592;
25.4357;1.92716;-25.0448;0.229777;0.118671;
25.6695;2.33753;-25.0427;0.0212709;0.0090995;
25.855;1.85519;-25.0341;0.0855306;0.0460707;
26.0538;1.98836;-25.0265;0.0762754;0.0383421;
26.251;1.97144;-24.9904;0.360739;0.18098;
26.4326;1.81584;-24.939;0.514534;0.276121;
26.6273;1.94754;-24.8802;0.587525;0.292994;
26.8167;1.89366;-24.819;0.612817;0.312979;
27.0128;1.96151;-24.7588;0.601279;0.297445;
27.202;1.89124;-24.6954;0.634287;0.323594;
27.3887;1.86792;-24.6314;0.639809;0.33;
27.5753;1.86542;-24.59;0.414437;0.218618;
27.7538;1.78545;-24.57;0.199632;0.111348;
27.9393;1.85424;-24.5501;0.199315;0.10708;
28.1396;2.00296;-24.5286;0.214483;0.106677;
28.339;1.99405;-24.5262;0.0244426;0.0122572;
28.535;1.96076;-24.512;0.141647;0.0721153;
28.7387;2.03682;-24.5031;0.0893674;0.0438479;
28.9484;2.09694;-24.4769;0.261659;0.12414;
29.1442;1.95796;-24.4476;0.293447;0.148767;
29.3469;2.02667;-24.4296;0.17984;0.0885049;
29.5721;2.25259;-24.4111;0.184481;0.0817146;
29.7526;1.80466;-24.3608;0.503269;0.271962;
29.9378;1.85223;-24.2989;0.619124;0.322584;

-29.87;1.92192;-24.2405;0.584363;0.295169;
-29.6803;1.89646;-24.1714;0.690473;0.349167;
-29.4927;1.87684;-24.1037;0.677017;0.346194;
-29.3046;1.88044;-24.0409;0.628682;0.322646;
-29.1179;1.86664;-23.9558;0.850882;0.427696;
-28.9286;1.89375;-23.8585;0.972786;0.474535;
-28.7496;1.78943;-23.7654;0.930602;0.479562;
-28.5616;1.88038;-23.6871;0.783195;0.394657;
-28.3752;1.86429;-23.6034;0.83734;0.422144;
-28.188;1.87202;-23.5238;0.796174;0.402126;
-28.0059;1.82017;-23.4328;0.909745;0.463498;
-27.8133;1.92673;-23.348;0.847435;0.414365;
-27.6301;1.83208;-23.2678;0.802557;0.412878;
-27.4436;1.86483;-23.1772;0.906077;0.452286;
-27.2566;1.87017;-23.0776;0.995607;0.489201;
-27.0824;1.74166;-22.9783;0.993137;0.518237;
-26.9111;1.71254;-22.8751;1.03208;0.542372;
-26.713;1.98149;-22.7746;1.00519;0.469462;
-26.5358;1.77157;-22.6906;0.839719;0.442631;
-26.3715;1.64292;-22.6013;0.893303;0.498015;
-26.2399;1.31632;-22.489;1.12234;0.706023;
-26.0996;1.40338;-22.3491;1.39957;0.78404;
-25.9538;1.45812;-22.2139;1.35189;0.747612;
-25.8081;1.45669;-22.0702;1.4371;0.778629;
-25.6818;1.26258;-21.9383;1.31875;0.807157;
-25.5476;1.34233;-21.7939;1.44435;0.821994;
-25.4173;1.30301;-21.6514;1.42492;0.830057;
-25.2809;1.36444;-21.5056;1.45817;0.818594;
-25.1873;0.935764;-21.3608;1.44746;0.996896;
-25.0769;1.1039;-21.1805;1.80299;1.02141;
-24.9655;1.11417;-21.0026;1.77956;1.01141;
-24.867;0.984433;-20.8253;1.77305;1.06395;
-24.7751;0.91922;-20.6514;1.73876;1.08448;
-24.682;0.931112;-20.4721;1.79324;1.09188;
-24.5926;0.894181;-20.2968;1.75273;1.09905;
-24.5021;0.904926;-20.1188;1.78016;1.1005;
-24.4236;0.784876;-19.9294;1.89339;1.17782;
-24.3472;0.764297;-19.7457;1.83729;1.17658;
-24.2743;0.728938;-19.5922;1.53514;1.12748;
-24.1924;0.818846;-19.4115;1.807;1.14532;
-24.108;0.843739;-19.2266;1.84921;1.14274;
-24.0299;0.781135;-19.038;1.88556;1.17805;
-23.9541;0.75781;-18.8533;1.84663;1.18138;
-23.8539;1.00187;-18.6661;1.87202;1.0794;
-23.7609;0.930106;-18.4789;1.87257;1.10979;
-23.6691;0.918495;-18.3102;1.68653;1.0721;
-23.5888;0.803214;-18.1105;1.99695;1.18838;
-23.5158;0.730015;-17.9199;1.90606;1.20503;
-23.4601;0.556432;-17.7239;1.96029;1.29422;
-23.4215;0.386558;-17.5168;2.07148;1.38631;
-23.3847;0.367758;-17.32;1.96704;1.38597;
-23.3584;0.262883;-17.1408;1.79214;1.42515;
-23.3324;0.259938;-16.9516;1.89265;1.43431;
-23.3076;0.248196;-16.7606;1.91008;1.44158;
-23.2813;0.26309;-16.5623;1.98231;1.43885;
-23.2415;0.39774;-16.3558;2.06575;1.38058;
-23.2023;0.391975;-16.1536;2.02195;1.37931;
-23.164;0.382744;-15.9578;1.95715;1.37767;
-23.127;0.369769;-15.765;1.92869;1.38137;
-23.073;0.540032;-15.5917;1.73257;1.26865;
-23.0042;0.688832;-15.395;1.96714;1.23397;
-22.9357;0.685063;-15.2098;1.85173;1.21645;
-22.867;0.686175;-15.0142;1.95649;1.23348;
-22.7958;0.712841;-14.8338;1.80368;1.19442;
-22.7166;0.791301;-14.6742;1.59587;1.11048;
-22.6218;0.948699;-14.5186;1.55596;1.02326;
-22.4925;1.29296;-14.3369;1.81765;0.952503;
-22.3452;1.47238;-14.1714;1.65485;0.843681;
-22.1913;1.53905;-14.0345;1.36851;0.726811;
-22.0426;1.48752;-13.903;1.315;0.723917;
-21.8924;1.50205;-13.7746;1.28401;0.707296;
-21.7317;1.60666;-13.6499;1.24733;0.66015;
-21.5698;1.61856;-13.5233;1.26553;0.663598;
-21.4104;1.59444;-13.3782;1.45163;0.738551;
-21.2592;1.51157;-13.2473;1.30919;0.713774;
-21.1054;1.53866;-13.1199;1.2741;0.691615;
-20.965;1.40317;-12.9885;1.31369;0.752473;
-20.8219;1.43164;-12.8502;1.38242;0.76791;
-20.6783;1.43603;-12.7135;1.36744;0.760939;
-20.5322;1.46044;-12.5771;1.36414;0.751319;
-20.3836;1.4861;-12.4431;1.33975;0.733655;
-20.2326;1.51058;-12.309;1.34072;0.725896;
-20.0819;1.50637;-12.1875;1.21523;0.678828;
-19.9268;1.55153;-12.0634;1.24075;0.674554;
-19.7706;1.5619;-11.9381;1.25342;0.676261;
-19.6046;1.66;-11.8211;1.16987;0.613903;
-19.4475;1.57134;-11.7089;1.122;0.620085;
-19.2712;1.76278;-11.5913;1.17598;0.588315;
-19.1045;1.66699;-11.484;1.07352;0.572135;
-18.9614;1.4308;-11.3737;1.10261;0.65657;
-18.7868;1.74563;-11.2672;1.0655;0.548018;
-18.6164;1.70438;-11.1608;1.06379;0.557989;
-18.475;1.41404;-11.0811;0.796306;0.512878;
-18.3025;1.72501;-10.9807;1.00423;0.527198;
-18.1286;1.73927;-10.879;1.01738;0.529276;
-17.9563;1.72295;-10.7749;1.04121;0.543591;
-17.776;1.8028;-10.6624;1.12415;0.557563;
-17.6235;1.52451;-10.5524;1.10043;0.625224;
-17.4646;1.58923;-10.4071;1.45317;0.740704;
-17.3194;1.45175;-10.2728;1.3426;0.74636;
-17.1864;1.33073;-10.1308;1.42038;0.817975;
-17.0497;1.36655;-9.97772;1.53069;0.841992;
-16.9233;1.26413;-9.82637;1.51348;0.874929;
-16.794;1.29319;-9.67543;1.50937;0.86238;
-16.6406;1.5338;-9.53901;1.36428;0.72697;
-16.5055;1.35141;-9.40782;1.31184;0.77054;
-16.3682;1.37221;-9.26813;1.39688;0.79431;
-16.2307;1.37543;-9.12091;1.4722;0.819367;
-16.0967;1.34041;-8.97599;1.44918;0.824368;
-15.9687;1.27942;-8.85159;1.24404;0.771376;
-15.8292;1.39476;-8.7017;1.49892;0.821378;
-15.6881;1.41115;-8.56004;1.41656;0.787308;
-15.5491;1.39067;-8.41283;1.47211;0.813838;
-15.4276;1.21438;-8.24935;1.63486;0.931916;
-15.285;1.42602;-8.06499;1.84356;0.912415;
-15.1986;0.864039;-7.92705;1.37944;1.01121;
-15.0918;1.06836;-7.75832;1.68729;1.00634;
-14.9987;0.931096;-7.59229;1.66031;1.0597;
-14.8939;1.04742;-7.41995;1.7234;1.02469;
-14.7791;1.14855;-7.23487;1.85074;1.01537;
-14.6848;0.943102;-7.05263;1.82242;1.09325;
-14.5952;0.895375;-6.87024;1.82386;1.11444;
-14.503;0.922667;-6.71441;1.55836;1.03622;
-14.3834;1.19568;-6.55007;1.64335;0.941797;
-14.2999;0.835041;-6.39244;1.57637;1.08365;
-14.2014;0.984626;-6.20271;1.89728;1.09209;
-14.1271;0.743078;-6.01367;1.89032;1.19626;
-14.0578;0.693543;-5.83007;1.83604;1.20963;
-13.9719;0.858816;-5.63866;1.91414;1.14905;
-13.8994;0.724676;-5.45535;1.8331;1.19432;
-13.8276;0.718036;-5.2547;2.00649;1.22714;
-13.7688;0.588053;-5.06911;1.85585;1.26394;
-13.715;0.537845;-4.87572;1.93394;1.29954;
-13.6742;0.408122;-4.68493;1.90784;1.36005;
-13.6676;0.0657229;-4.49685;1.88082;1.53587;
-13.656;0.116451;-4.29665;2.00199;1.51269;
-13.6411;0.148419;-4.09385;2.02799;1.49774;
-13.6208;0.203163;-3.91822;1.75635;1.45563;
-13.6006;0.202272;-3.71329;2.04925;1.47241;
-13.5839;0.166535;-3.49312;2.20179;1.4953;
-13.5719;0.120442;-3.2969;1.96219;1.50949;
-13.5488;0.231147;-3.11517;1.81729;1.44428;
-13.5249;0.238507;-2.91193;2.03236;1.45398;
-13.523;0.0192816;-2.70266;2.09271;1.56158;
-13.5086;0.143959;-2.50263;2.00029;1.49895;
-13.4886;0.199988;-2.2872;2.15428;1.47823;
-13.4659;0.226801;-2.08221;2.0499;1.4606;
-13.4398;0.261464;-1.89106;1.91158;1.43486;
-13.4191;0.206478;-1.68632;2.04741;1.47029;
-13.3988;0.203776;-1.48777;1.98542;1.46852;
-13.3785;0.202344;-1.28848;1.99294;1.46961;
-13.3571;0.214434;-1.09549;1.92993;1.46014;
-13.3463;0.107729;-0.908443;1.87043;1.51326;
-13.3304;0.159379;-0.716337;1.92106;1.48802;
-13.3161;0.142762;-0.522965;1.93373;1.4971;
-13.2997;0.164302;-0.322716;2.00249;1.48893;
-13.2851;0.145577;-0.13;1.92716;1.4954;
-13.275;0.100992;0.064842;1.94842;1.51901;
-13.2425;0.325458;0.244873;1.80031;1.39195;
-13.1964;0.461074;0.441217;1.96344;1.34015;
-13.1382;0.581766;0.626759;1.85542;1.26696;
-13.0841;0.540657;0.815427;1.88669;1.29171;
-13.0483;0.358082;1.00216;1.86729;1.38133;
-13.0258;0.225508;1.18288;1.80728;1.44666;
-13.012;0.137539;1.36663;1.83748;1.49608;
-12.9841;0.278597;1.56165;1.95015;1.4289;
-12.9469;0.372906;1.76485;2.03202;1.3893;
-12.9059;0.409247;1.97909;2.14237;1.38205;
-12.8733;0.326582;2.19545;2.16364;1.42099;
-12.8435;0.297813;2.39289;1.97437;1.42109;
-12.8185;0.249745;2.58237;1.89481;1.43975;
-12.7925;0.260192;2.78075;1.98387;1.44039;
-12.7687;0.2379;2.97121;1.90456;1.44653;
-12.7413;0.274424;3.17082;1.9961;1.43417;
-12.7143;0.26966;3.37183;2.01011;1.43744;
-12.679;0.353401;3.56556;1.93724;1.39036;
-12.6371;0.418902;3.74461;1.79055;1.34098;
-12.5811;0.560029;3.9406;1.9599;1.29247;
-12.524;0.570865;4.13411;1.9351;1.28393;
-12.461;0.62944;4.315;1.80893;1.23594;
-12.3913;0.697303;4.50507;1.90066;1.21917;
-12.3209;0.703982;4.70521;2.0014;1.23257;
-12.261;0.599531;4.89848;1.93269;1.27;
-12.1946;0.663667;5.0906;1.92121;1.23819;
-12.1141;0.804363;5.27366;1.83062;1.1568;
-12.0355;0.786466;5.46771;1.94043;1.18573;
-11.9557;0.797732;5.65543;1.87721;1.16896;
-11.8672;0.885202;5.83557;1.80148;1.11407;
-11.7831;0.841083;6.02204;1.8647;1.14706;
-11.713;0.700826;6.19889;1.76842;1.19348;
-11.6334;0.795725;6.39766;1.98778;1.19002;
-11.5461;0.873099;6.59061;1.92946;1.14586;
-11.4654;0.807281;6.76399;1.73383;1.13504;
-11.3729;0.924806;6.91061;1.46616;1.00806;
-11.2791;0.938097;7.08513;1.74525;1.07759;
-11.1902;0.888681;7.26353;1.78395;1.10863;
-11.1013;0.889027;7.44316;1.79628;1.11122;
-11.0004;1.00989;7.61195;1.6879;1.03162;
-10.8986;1.01798;7.78744;1.75496;1.04517;
-10.7851;1.13428;7.96177;1.74325;0.993951;
-10.6594;1.25772;8.13099;1.69218;0.931627;
-10.5358;1.23583;8.29424;1.63256;0.922838;
-10.4025;1.33285;8.46474;1.70495;0.90728;
-10.2799;1.22566;8.62713;1.62389;0.924253;
-10.1474;1.325;8.77735;1.50225;0.848012;
-10.0183;1.29155;8.90721;1.29858;0.78811;
-9.90438;1.13893;9.04487;1.37664;0.879614;
-9.79808;1.06294;9.19244;1.47561;0.946549;
-9.68405;1.1403;9.35484;1.62402;0.95863;
-9.56507;1.18984;9.52531;1.70469;0.961428;
-9.44407;1.20997;9.70645;1.81148;0.981911;
-9.32705;1.17019;9.86532;1.58865;0.935931;
-9.20928;1.17774;10.0273;1.61934;0.941983;
-9.10443;1.04846;10.1776;1.5038;0.961947;
-8.96237;1.42059;10.3491;1.71508;0.87904;
-8.83414;1.28233;10.5024;1.53261;0.874075;
-8.70025;1.33895;10.6385;1.36111;0.793606;
-8.55068;1.49564;10.769;1.30446;0.717229;
-8.39941;1.51269;10.9012;1.32204;0.718246;
-8.2394;1.60014;11.032;1.30883;0.685586;
-8.07174;1.67662;11.1819;1.49822;0.729264;
-7.89578;1.75954;11.3048;1.22903;0.609715;
-7.73798;1.57803;11.4216;1.16837;0.637328;
-7.58216;1.55816;11.5301;1.08477;0.608163;
-7.42289;1.59271;11.6338;1.0375;0.577361;
-7.26628;1.56609;11.7467;1.12843;0.624379;
-7.12037;1.45916;11.8598;1.13103;0.659388;
-6.98183;1.38534;11.9898;1.30041;0.753788;
-6.83588;1.45958;12.1263;1.36464;0.751794;
-6.69109;1.44785;12.2847;1.58426;0.830356;
-6.5672;1.23893;12.4072;1.22521;0.779829;
-6.43986;1.27334;12.5542;1.47008;0.85699;
-6.30671;1.3315;12.7075;1.53222;0.855375;
-6.17006;1.36653;12.8593;1.51824;0.837939;
-6.04337;1.26692;13.0065;1.47243;0.860279;
-5.92687;1.16497;13.1669;1.6035;0.942492;
-5.81071;1.16163;13.3312;1.64323;0.955442;
-5.71647;0.942438;13.4868;1.55596;1.0262;
-5.61256;1.039;13.6513;1.64546;1.00758;
-5.50613;1.06432;13.8118;1.6049;0.985219;
-5.39421;1.1192;13.9806;1.68799;0.985312;
-5.28402;1.10189;14.143;1.62352;0.974504;
-5.18377;1.00255;14.297;1.54019;0.993769;
-5.10342;0.803525;14.4903;1.9334;1.17691;
-5.02182;0.815913;14.6796;1.89243;1.16373;
-4.96009;0.617335;14.8607;1.81069;1.24222;
-4.89301;0.670764;15.0511;1.9049;1.23223;
-4.81765;0.753608;15.2347;1.83601;1.1813;
-4.75541;0.622434;15.4137;1.78941;1.23604;
-4.70894;0.464723;15.5921;1.78377;1.31593;
-4.65612;0.528216;15.794;2.01922;1.31494;
-4.59416;0.619617;15.9976;2.03642;1.27543;
-4.53576;0.583915;16.1779;1.80263;1.25754;
-4.47861;0.571565;16.3599;1.82054;1.26659;
-4.41707;0.615363;16.5686;2.08667;1.28402;
-4.36985;0.47223;16.7784;2.09762;1.34936;
-4.32197;0.478825;16.9671;1.88773;1.32239;
-4.27573;0.46232;17.1564;1.89279;1.33123;
-4.24033;0.354072;17.3265;1.70119;1.36559;
-4.19811;0.422171;17.524;1.97503;1.36021;
-4.16821;0.299009;17.7058;1.81754;1.40774;
-4.16094;0.0726611;17.9202;2.14371;1.53691;
-4.15431;0.0663338;18.1247;2.04494;1.53837;
-4.16223;-0.0791892;18.3003;1.75658;1.61585;
-4.17119;-0.0896438;18.4993;1.9895;1.61582;
-4.19528;-0.240845;18.7131;2.13793;1.68298;
-4.20497;-0.096983;18.9217;2.08588;1.61726;
-4.22682;-0.218496;19.1295;2.07886;1.67552;
-4.24937;-0.225452;19.3328;2.03225;1.68128;
-4.29434;-0.449753;19.5509;2.18182;1.77408;
-4.33089;-0.365406;19.7435;1.92527;1.75836;
-4.37271;-0.418227;19.952;2.08481;1.76878;
-4.39481;-0.22103;20.1429;1.90934;1.68605;
-4.4257;-0.308928;20.3624;2.19526;1.7106;
-4.47564;-0.499355;20.5752;2.12755;1.80133;
-4.5328;-0.571602;20.7728;1.97601;1.85238;
-4.58988;-0.570848;20.954;1.81275;1.87587;
-4.65052;-0.606336;21.1633;2.09276;1.8528;
-4.72392;-0.734043;21.353;1.89682;1.94003;
-4.79959;-0.756708;21.5524;1.9938;1.93353;
-4.88257;-0.829739;21.7529;2.00543;1.9631;
-4.96843;-0.858591;21.9446;1.91687;1.99191;
-5.0132;-0.447786;22.1261;1.81521;1.81265;
-5.06409;-0.508888;22.3054;1.79279;1.84737;
-5.11555;-0.514607;22.494;1.8854;1.83725;
-5.15805;-0.424958;22.6754;1.81472;1.80082;
-5.19832;-0.402695;22.87;1.94621;1.77483;
-5.25767;-0.593543;23.083;2.12909;1.84267;
-5.32034;-0.626646;23.2581;1.75121;1.91443;
-5.38604;-0.657055;23.4477;1.89587;1.90441;
-5.46221;-0.761707;23.6189;1.71248;1.98932;
-5.5377;-0.754891;23.7996;1.80737;1.96645;
-5.61691;-0.79203;23.9979;1.983;1.95079;
-5.69929;-0.823797;24.1924;1.94473;1.97148;
-5.77872;-0.794362;24.3978;2.05372;1.93986;
-5.85192;-0.732022;24.5837;1.85905;1.94591;
-5.91966;-0.677379;24.7718;1.88064;1.91652;
-5.98801;-0.683516;24.9622;1.90394;1.91547;
-6.04874;-0.607285;25.151;1.88812;1.88198;
-6.12567;-0.76925;25.3284;1.77439;1.97987;
-6.2066;-0.809343;25.5117;1.8332;1.98655;
-6.31319;-1.06584;25.6817;1.69991;2.13083;
-6.4237;-1.10512;25.8628;1.81107;2.11868;
-6.50841;-0.847102;26.0647;2.0191;1.96804;
-6.59073;-0.823186;26.2603;1.95565;1.96921;
-6.66487;-0.741429;26.462;2.0165;1.92314;
-6.72597;-0.611043;26.649;1.87094;1.88647;
-6.79195;-0.659752;26.8428;1.93718;1.89905;
-6.85615;-0.642052;27.0323;1.89496;1.89748;
-6.9198;-0.636489;27.2241;1.91848;1.89114;
-6.98255;-0.627434;27.4101;1.85956;1.89621;
-7.06769;-0.851388;27.6033;1.93189;1.98589;
-7.1506;-0.829135;27.7934;1.90132;1.98202;
-7.22818;-0.775858;27.9822;1.88835;1.96063;
-7.31892;-0.907358;28.1551;1.72895;2.05409;
-7.4131;-0.941828;28.3331;1.78008;2.05745;
-7.51836;-1.05259;28.5337;2.00583;2.05406;
-7.61099;-0.926281;28.7107;1.7703;2.05286;
-7.68509;-0.74097;28.9032;1.92445;1.93833;
-7.74432;-0.592322;29.1011;1.97965;1.86152;
-7.79743;-0.531108;29.3079;2.06741;1.82225;
-7.85263;-0.55205;29.5022;1.94288;1.84764;
-7.9066;-0.539609;29.692;1.89846;1.84773;
-7.96028;-0.53681;29.9006;2.08532;1.82275;

-8.0149;-0.546191;-29.8886;2.10852;1.82427;
-8.06858;-0.536814;-29.69;1.98607;1.83478;
-8.10688;-0.383039;-29.4851;2.04843;1.75565;
-8.14169;-0.34811;-29.2872;1.97894;1.74492;
-8.17793;-0.362369;-29.0737;2.13504;1.73892;
-8.21637;-0.384364;-28.8755;1.98249;1.7623;
-8.25436;-0.379949;-28.6967;1.78813;1.78017;
-8.29806;-0.436954;-28.5012;1.95438;1.79076;
-8.35083;-0.527711;-28.3104;1.9086;1.84055;
-8.40053;-0.497047;-28.1249;1.85492;1.83261;
-8.45341;-0.528807;-27.9293;1.95574;1.83487;
-8.50713;-0.537196;-27.7325;1.96777;1.8373;
-8.55196;-0.448271;-27.5396;1.92971;1.79905;
-8.59456;-0.425974;-27.341;1.9854;1.78215;
-8.6399;-0.453401;-27.1434;1.97673;1.79626;
-8.68378;-0.43882;-26.9415;2.01851;1.78486;
-8.73532;-0.515413;-26.7462;1.95351;1.82876;
-8.78144;-0.461167;-26.5589;1.87233;1.8123;
-8.82976;-0.48324;-26.3676;1.91354;1.81816;
-8.87608;-0.463204;-26.1583;2.09286;1.78861;
-8.91955;-0.434714;-25.9558;2.02522;1.78224;
-8.94766;-0.281046;-25.7743;1.8146;1.72446;
-8.96488;-0.172239;-25.5674;2.06858;1.65387;
-8.98154;-0.16664;-25.3604;2.07052;1.65111;
-8.99986;-0.183139;-25.1807;1.79644;1.67239;
-9.02238;-0.225171;-24.9751;2.05602;1.67988;
-9.03397;-0.115936;-24.7951;1.80088;1.63508;
-9.03821;-0.0423624;-24.5896;2.05437;1.59141;
-9.04266;-0.0445244;-24.3937;1.95963;1.59351;
-9.04729;-0.0463215;-24.1909;2.02805;1.59363;
-9.03061;0.16681;-23.9905;2.00394;1.48775;
-9.0185;0.121099;-23.8141;1.76348;1.50223;
-9.01074;0.0776436;-23.6188;1.95359;1.53107;
-9.01085;-0.00111831;-23.4207;1.98001;1.57136;
-9.0155;-0.0465346;-23.2179;2.02865;1.59373;
-9.02452;-0.090224;-23.0103;2.0755;1.61424;
-9.02831;-0.0379158;-22.8005;2.09799;1.58887;
-9.03287;-0.0455417;-22.6236;1.76932;1.59653;
-9.03178;0.0108923;-22.4287;1.94867;1.56521;
-9.01926;0.125197;-22.252;1.767;1.50006;
-8.99962;0.196409;-22.0409;2.11109;1.47803;
-8.99601;0.0360878;-21.8614;1.79527;1.5507;
-8.99906;-0.0305399;-21.6642;1.9724;1.58628;
-8.99855;0.00515485;-21.4716;1.92544;1.56812;
-8.99841;0.00135394;-21.2711;2.00516;1.57012;
-9.00201;-0.035955;-21.0649;2.06246;1.58823;
-8.99736;0.0465333;-20.8716;1.9322;1.54672;
-9.00472;-0.0735999;-20.6778;1.93853;1.60874;
-9.01557;-0.108513;-20.4779;1.99886;1.62503;
-9.03833;-0.227634;-20.2993;1.78589;1.69758;
-9.0822;-0.438676;-20.0993;2.00041;1.78667;
-9.13078;-0.485775;-19.9079;1.91337;1.81943;
-9.18008;-0.493095;-19.7155;1.92404;1.82168;
-9.23702;-0.569306;-19.5265;1.88997;1.86338;
-9.3102;-0.731812;-19.3594;1.671;1.98358;
-9.37527;-0.650739;-19.1879;1.71528;1.9334;
-9.42611;-0.508372;-18.9899;1.98018;1.8221;
-9.47607;-0.49959;-18.8065;1.83334;1.83684;
-9.53276;-0.566955;-18.6105;1.96065;1.85228;
-9.5833;-0.505347;-18.418;1.92459;1.82757;
-9.64212;-0.58827;-18.233;1.85074;1.87855;
-9.71545;-0.733305;-18.0362;1.96713;1.92762;
-9.80283;-0.873743;-17.8507;1.85581;2.01082;
-9.88077;-0.779445;-17.6849;1.65762;2.01034;
-9.95382;-0.730467;-17.5179;1.66974;1.98318;
-10.0262;-0.7235;-17.3301;1.87829;1.93847;
-10.1031;-0.768993;-17.151;1.7911;1.97634;
-10.1823;-0.792275;-16.9665;1.84509;1.97639;
-10.2547;-0.724457;-16.7971;1.69379;1.97496;
-10.3289;-0.741574;-16.6028;1.94319;1.93536;
-10.411;-0.821348;-16.4103;1.92471;1.97414;
-10.4861;-0.750549;-16.2201;1.90171;1.9467;
-10.5498;-0.636766;-16.0441;1.76002;1.91794;
-10.6184;-0.686301;-15.8566;1.8757;1.92156;
-10.6961;-0.776607;-15.6913;1.65226;2.01018;
-10.7818;-0.857489;-15.5107;1.80667;2.01394;
-10.8691;-0.873201;-15.3258;1.84855;2.0121;
-10.9527;-0.835287;-15.1394;1.86415;1.99205;
-11.0052;-0.525709;-14.9627;1.76736;1.85992;
-11.0659;-0.60657;-14.7668;1.95885;1.87109;
-11.1237;-0.577949;-14.5779;1.8887;1.86775;
-11.1812;-0.574898;-14.3649;2.13041;1.83437;
-11.2355;-0.543176;-14.1437;2.21174;1.81162;
-11.2832;-0.476666;-13.9495;1.94199;1.81149;
-11.3263;-0.431225;-13.7632;1.86289;1.79827;
-11.3495;-0.232606;-13.5697;1.935;1.69043;
-11.3653;-0.157258;-13.3626;2.07102;1.64658;
-11.3764;-0.111373;-13.15;2.12619;1.62313;
-11.392;-0.156301;-12.9764;1.73579;1.6606;
-11.4077;-0.1568;-12.7744;2.01956;1.64828;
-11.4162;-0.0852033;-12.5605;2.13909;1.61061;
-11.415;0.0118395;-12.374;1.86582;1.56445;
-11.3767;0.383052;-12.1731;2.00854;1.38235;
-11.3399;0.368596;-11.9727;2.00389;1.38889;
-11.3022;0.377074;-11.7733;1.99406;1.3839;
-11.2752;0.269288;-11.5676;2.05707;1.44063;
-11.2211;0.541191;-11.3487;2.18857;1.32838;
-11.1845;0.366261;-11.1421;2.06645;1.39538;
-11.156;0.284538;-10.9542;1.87872;1.42049;
-11.1343;0.217671;-10.7465;2.07691;1.46637;
-11.1271;0.0716317;-10.5387;2.07805;1.53634;
-11.1603;-0.331864;-10.3412;1.97506;1.73727;
-11.1625;-0.0222213;-10.1501;1.91169;1.58242;
-11.1615;0.0107013;-9.96053;1.89522;1.56515;
-11.1588;0.0262134;-9.76083;1.99705;1.55767;
-11.1659;-0.0711824;-9.56655;1.94278;1.60742;
-11.1733;-0.0730282;-9.36694;1.99612;1.60737;
-11.2095;-0.362514;-9.17234;1.946;1.75497;
-11.2437;-0.3417;-8.98066;1.91678;1.74721;
-11.2835;-0.398566;-8.78202;1.98637;1.76882;
-11.323;-0.395143;-8.58564;1.96378;1.76936;
-11.3644;-0.413732;-8.38139;2.04255;1.77065;
-11.4002;-0.357432;-8.17939;2.02001;1.74593;
-11.4319;-0.316958;-7.98568;1.93711;1.73298;
-11.4613;-0.294845;-7.79914;1.86535;1.72756;
-11.5129;-0.515769;-7.6146;1.84545;1.84332;
-11.5585;-0.45623;-7.43277;1.81827;1.81664;
-11.6104;-0.518944;-7.23802;1.94747;1.83122;
-11.653;-0.425541;-7.03298;2.05044;1.77543;
-11.7027;-0.49727;-6.83606;1.96914;1.81816;
-11.7495;-0.468296;-6.64675;1.8931;1.8133;
-11.7911;-0.415431;-6.44735;1.99403;1.7762;
-11.8432;-0.520955;-6.24971;1.97635;1.82853;
-11.8712;-0.280306;-6.07304;1.76677;1.72814;
-11.9033;-0.320609;-5.89789;1.75147;1.75184;
-11.9326;-0.293098;-5.70397;1.93921;1.7208;
-11.9625;-0.299091;-5.50616;1.97812;1.72086;
-11.9901;-0.276287;-5.30739;1.98768;1.70891;
-12.0162;-0.260585;-5.12416;1.83228;1.71207;
-12.0443;-0.281409;-4.926;1.9816;1.71186;
-12.0844;-0.400892;-4.72019;2.05813;1.76317;
-12.1418;-0.574029;-4.53012;1.90071;1.86409;
-12.2029;-0.611292;-4.34058;1.89542;1.88277;
-12.2634;-0.60478;-4.15752;1.83055;1.88989;
-12.3224;-0.589375;-3.95853;1.98996;1.85874;
-12.3817;-0.593279;-3.78203;1.76497;1.89507;
-12.4534;-0.716791;-3.59026;1.91763;1.9285;
-12.5281;-0.746873;-3.40522;1.8504;1.95443;
-12.6051;-0.769986;-3.2284;1.76828;1.98148;
-12.6786;-0.735823;-3.07358;1.54813;2.01449;
-12.7652;-0.865339;-2.89523;1.78355;2.02252;
