#1 AntPos X;#2 AntPos Y;#3 Distance form nest;#4 Total Distance;#5 Total Y Distance
-11.5518;2.05827;11.7338;0.224671;0.189897
-11.4322;2.2216;11.6461;0.426881;0.353232
-11.3015;2.38298;11.55;0.634035;0.514615
-11.1919;2.53906;11.4763;0.824742;0.670697
-11.0768;2.70139;11.4014;1.02376;0.833018
-10.9609;2.85451;11.3265;1.21572;0.98614
-10.842;3.01355;11.253;1.41427;1.14518
-10.7095;3.16703;11.168;1.6164;1.29866
-10.5664;3.31931;11.0755;1.82412;1.45095
-10.4372;3.45853;10.9953;2.01326;1.59017
-10.3056;3.61561;10.9214;2.21804;1.74724
-10.1802;3.76566;10.8543;2.41348;1.89729
-10.0506;3.91633;10.7867;2.61203;2.04796
-9.93484;4.06892;10.7358;2.80354;2.20055
-9.8122;4.21564;10.6795;2.99469;2.34727
-9.68548;4.36948;10.6255;3.19397;2.50111
-9.55661;4.52315;10.573;3.39446;2.65478
-9.44185;4.67187;10.5345;3.58228;2.8035
-9.3192;4.82929;10.4962;3.78184;2.96092
-9.21429;4.99224;10.4798;3.97473;3.12388
-9.11833;5.17086;10.4824;4.17459;3.30249
-9.01869;5.35439;10.4884;4.38086;3.48602
-8.92345;5.52761;10.4968;4.57647;3.65924
-8.83594;5.70455;10.5174;4.77064;3.83618
-8.75418;5.87713;10.544;4.95815;4.00876
-8.67251;6.06498;10.5828;5.15829;4.19661
-8.56792;6.22592;10.5911;5.35004;4.35755
-8.46489;6.38418;10.6025;5.53873;4.51581
-8.35209;6.55489;10.6172;5.74323;4.68652
-8.2421;6.71778;10.633;5.93972;4.84941
-8.1351;6.87903;10.6537;6.13316;5.01066
-8.03839;7.04795;10.6906;6.32697;5.17958
-7.93631;7.22991;10.7358;6.53458;5.36154
-7.83865;7.40484;10.7831;6.73397;5.53647
-7.76349;7.57105;10.844;6.91349;5.70268
-7.70895;7.74875;10.9303;7.09112;5.88039
-7.63492;7.92481;11.0043;7.27858;6.05644
-7.55347;8.1071;11.0806;7.47551;6.23873
-7.51495;8.28232;11.1835;7.64324;6.41395
-7.46184;8.49691;11.3083;7.85253;6.62855
-7.4222;8.68683;11.4259;8.03439;6.81846
-7.3822;8.88178;11.5492;8.22129;7.01342
-7.3501;9.07414;11.6775;8.40245;7.20577
-7.32651;9.23843;11.7909;8.55571;7.37006
-7.28836;9.43218;11.92;8.74224;7.56381
-7.24075;9.65122;12.0654;8.95588;7.78285
-7.19988;9.84493;12.1968;9.14465;7.97656
-7.15563;10.0465;12.3343;9.34226;8.17809
-7.10215;10.2497;12.4698;9.54616;8.38132
-7.0541;10.4286;12.5903;9.72635;8.56024
-7.0011;10.6206;12.7206;9.92058;8.75223
-6.93875;10.8442;12.8741;10.1473;8.97583
-6.89451;11.042;13.0177;10.3431;9.17365
-6.83852;11.2307;13.149;10.5364;9.36238
-6.80563;11.4258;13.2991;10.725;9.55746
-6.76452;11.6208;13.4462;10.9175;9.75238
-6.73357;11.824;13.6069;11.1131;9.95565
-6.71476;12.0075;13.7575;11.2861;10.1392
-6.69165;12.2048;13.9189;11.4736;10.3364
-6.67413;12.404;14.0856;11.661;10.5357
-6.65726;12.6085;14.2581;11.8532;10.7402
-6.64117;12.8101;14.4293;12.0429;10.9418
-6.62994;12.9943;14.5879;12.215;11.1259
-6.62804;13.2097;14.7793;12.4124;11.3414
-6.62747;13.4023;14.9514;12.5888;11.5339
-6.62282;13.5987;15.1257;12.7709;11.7304
-6.61651;13.8008;15.3049;12.9592;11.9324
-6.61236;13.9988;15.4819;13.1433;12.1305
-6.61093;14.202;15.6653;13.3316;12.3337
-6.60984;14.4049;15.849;13.5199;12.5365
-6.60619;14.6019;16.0268;13.7042;12.7336
-6.60063;14.7921;16.198;13.8831;12.9237
-6.61014;14.9862;16.3792;14.0605;13.1178
-6.6206;15.1724;16.554;14.2307;13.304
-6.63039;15.3726;16.7415;14.4146;13.5042
-6.63651;15.5819;16.9363;14.6088;13.7136
-6.64343;15.7765;17.1182;14.7892;13.9081
-6.6306;15.9797;17.3008;14.9848;14.1114
-6.62297;16.1896;17.4919;15.1851;14.3212
-6.61585;16.3894;17.6743;15.376;14.521
-6.59809;16.597;17.8604;15.5781;14.7286
-6.57517;16.8018;18.0425;15.7792;14.9334
-6.5562;17.0057;18.2257;15.9784;15.1373
-6.55021;17.2191;18.4229;16.1826;15.3507
-6.54034;17.3898;18.5791;16.3477;15.5214
-6.52133;17.5755;18.7463;16.53;15.7071
-6.50335;17.7839;18.9357;16.7337;15.9155
-6.48489;17.9784;19.1122;16.9245;16.11
-6.49246;18.1828;19.3072;17.1169;16.3145
-6.48798;18.3978;19.5083;17.3233;16.5295
-6.50924;18.5825;19.6896;17.4933;16.7142
-6.52907;18.7616;19.8653;17.6588;16.8933
-6.54431;18.9623;20.0598;17.8464;17.0939
-6.5571;19.1616;20.2525;18.0338;17.2932
-6.56638;19.3731;20.4557;18.2341;17.5047
-6.57869;19.578;20.6537;18.4275;17.7096
-6.58417;19.7832;20.8501;18.6233;17.9149
-6.58953;19.9834;21.0418;18.8145;18.115
-6.60835;20.188;21.2421;19.0065;18.3196
-6.63697;20.3787;21.4323;19.1829;18.5104
-6.66809;20.5737;21.6274;19.3631;18.7054
-6.69835;20.7697;21.8231;19.5447;18.9013
-6.74766;20.9726;22.0313;19.7286;19.1042
-6.79266;21.1687;22.2319;19.9076;19.3004
-6.81791;21.3652;22.4267;20.092;19.4968
-6.85687;21.5703;22.634;20.2818;19.702
-6.88583;21.7716;22.8345;20.4706;19.9032
-6.91802;21.9746;23.0378;20.6606;20.1062
-6.94819;22.172;23.2352;20.8459;20.3036
-6.97857;22.3693;23.4326;21.0313;20.501
-7.00941;22.5668;23.6303;21.217;20.6984
-7.0605;22.7583;23.8284;21.3929;20.8899
-7.09169;22.949;24.0198;21.5725;21.0806
-7.14165;23.1383;24.2154;21.747;21.27
-7.18067;23.3291;24.4091;21.9256;21.4607
-7.20565;23.5265;24.6053;22.1139;21.6582
-7.22218;23.7118;24.7873;22.2921;21.8434
-7.25914;23.914;24.9915;22.4829;22.0456
-7.29409;24.1107;25.1899;22.6691;22.2424
-7.32728;24.3114;25.3916;22.8596;22.443
-7.36346;24.5079;25.5902;23.0459;22.6396
-7.40053;24.7013;25.7861;23.229;22.8329
-7.45284;24.9047;25.9959;23.4195;23.0363
-7.51499;25.092;26.1932;23.5928;23.2237
-7.56643;25.3092;26.4161;23.7977;23.4409
-7.61366;25.5059;26.618;23.9833;23.6375
-7.66466;25.7081;26.8264;24.1742;23.8397
-7.71258;25.9028;27.0266;24.3584;24.0344
-7.76007;26.1002;27.2294;24.5455;24.2318
-7.80197;26.2785;27.4122;24.715;24.4101
-7.84617;26.4749;27.6131;24.9021;24.6065
-7.88592;26.6726;27.814;25.0915;24.8043
-7.94828;26.8552;28.0067;25.2628;24.9868
-8.00573;27.0426;28.2027;25.4398;25.1743
-8.06244;27.2322;28.4006;25.6193;25.3638
-8.10907;27.4306;28.6041;25.8094;25.5623
-8.14952;27.6372;28.8137;26.0085;25.7688
-8.18523;27.8323;29.0109;26.197;25.9639
-8.20325;28.0155;29.1919;26.3763;26.1472
-8.19718;28.2042;29.3712;26.564;26.3358
-8.19954;28.3983;29.5583;26.7562;26.5299
-8.19989;28.5973;29.7497;26.9535;26.7289
-8.19979;28.7922;29.9371;27.1468;26.9239
-8.20327;28.9959;30.134;27.3484;27.1275
-8.20831;29.2007;30.3325;27.5509;27.3324
-8.19901;29.4153;30.5366;27.765;27.547
-8.1786;29.6278;30.7359;27.9784;27.7594
-8.15883;29.8285;30.9242;28.1799;27.9601

-8.13381;-29.9732;31.0572;28.3799;28.1585
-8.11334;-29.7809;30.8663;28.5732;28.3508
-8.08444;-29.6295;30.7126;28.727;28.5021
-8.0563;-29.4324;30.5151;28.9261;28.6992
-8.02301;-29.2594;30.3395;29.1019;28.8722
-7.97395;-29.0678;30.1417;29.2981;29.0638
-7.92881;-28.8752;29.944;29.4949;29.2564
-7.88287;-28.6807;29.7443;29.6937;29.4509
-7.85027;-28.4888;29.5506;29.8882;29.6429
-7.82528;-28.3063;29.368;30.0724;29.8254
-7.80025;-28.0905;29.1534;30.2896;30.0411
-7.77794;-27.8958;28.9598;30.4855;30.2358
-7.74815;-27.7021;28.7652;30.6815;30.4296
-7.71755;-27.496;28.5586;30.8898;30.6356
-7.69347;-27.2857;28.3496;31.1015;30.846
-7.678;-27.113;28.1792;31.2747;31.0187
-7.63041;-26.9172;27.9778;31.475;31.2145
-7.56428;-26.7325;27.7821;31.6666;31.3991
-7.49669;-26.5444;27.5827;31.862;31.5872
-7.41778;-26.3617;27.3854;32.0535;31.77
-7.3546;-26.1839;27.1972;32.2381;31.9477
-7.29233;-25.9985;27.0019;32.4302;32.1331
-7.26369;-25.829;26.8309;32.6021;32.3027
-7.21765;-25.6297;26.6266;32.8057;32.5019
-7.16713;-25.4385;26.4289;33.002;32.6931
-7.11409;-25.2541;26.237;33.1919;32.8775
-7.0605;-25.0546;26.0305;33.3969;33.077
-6.98932;-24.8668;25.8304;33.5928;33.2648
-6.92879;-24.6954;25.649;33.771;33.4362
-6.8625;-24.509;25.4516;33.9649;33.6226
-6.78416;-24.3205;25.249;34.1626;33.8111
-6.70629;-24.157;25.0706;34.3356;33.9746
-6.62776;-23.9819;24.8809;34.5202;34.1497
-6.55675;-23.8083;24.6946;34.7024;34.3234
-6.45811;-23.6245;24.4913;34.8988;34.5072
-6.36289;-23.4515;24.2993;35.0842;34.6802
-6.27682;-23.2606;24.0926;35.2859;34.8711
-6.18541;-23.0828;23.8972;35.4756;35.0488
-6.09256;-22.9054;23.7018;35.6653;35.2262
-5.97079;-22.7429;23.5136;35.845;35.3887
-5.85086;-22.5752;23.321;36.0298;35.5565
-5.74601;-22.4181;23.1428;36.2018;35.7135
-5.62778;-22.259;22.9595;36.3782;35.8726
-5.5264;-22.1007;22.7812;36.5513;36.0309
-5.42136;-21.9285;22.5887;36.7388;36.2032
-5.32095;-21.7514;22.3928;36.9304;36.3802
-5.2241;-21.5795;22.2029;37.1165;36.5521
-5.12319;-21.4069;22.0114;37.304;36.7247
-5.02046;-21.2359;21.8213;37.4905;36.8957
-4.92388;-21.0719;21.6396;37.6691;37.0597
-4.82494;-20.8981;21.4478;37.8579;37.2336
-4.71823;-20.7259;21.2562;38.0465;37.4057
-4.60763;-20.5797;21.0892;38.2106;37.5519
-4.49241;-20.4237;20.912;38.3853;37.7079
-4.38101;-20.2574;20.7257;38.5696;37.8742
-4.27939;-20.0902;20.5409;38.7531;38.0415
-4.1947;-19.9308;20.3674;38.9258;38.2009
-4.0832;-19.761;20.1785;39.1138;38.3706
-3.97995;-19.5862;19.9864;39.3055;38.5455
-3.88698;-19.4044;19.7899;39.5019;38.7272
-3.7984;-19.2149;19.5867;39.7053;38.9168
-3.71242;-19.0315;19.3902;39.902;39.1001
-3.62743;-18.8401;19.1862;40.1066;39.2915
-3.53367;-18.6659;18.9974;40.2961;39.4657
-3.44615;-18.5008;18.819;40.4755;39.6309
-3.35967;-18.3171;18.6226;40.673;39.8146
-3.27638;-18.1373;18.4308;40.866;39.9944
-3.20723;-17.9458;18.2302;41.0676;40.1858
-3.13975;-17.7569;18.0323;41.2664;40.3748
-3.06484;-17.5723;17.8376;41.4625;40.5593
-2.988;-17.3714;17.6265;41.675;40.7603
-2.91323;-17.1871;17.4322;41.8709;40.9446
-2.83414;-16.9991;17.2338;42.0712;41.1325
-2.76218;-16.8148;17.0402;42.2666;41.3168
-2.71167;-16.6142;16.834;42.4733;41.5174
-2.64158;-16.4234;16.6345;42.6746;41.7082
-2.57427;-16.2397;16.4425;42.8684;41.8919
-2.50094;-16.0451;16.2388;43.0742;42.0865
-2.4272;-15.8668;16.0514;43.2641;42.2648
-2.35817;-15.6932;15.8694;43.4484;42.4384
-2.29197;-15.4883;15.657;43.6628;42.6433
-2.23471;-15.2998;15.4621;43.8592;42.8319
-2.17629;-15.111;15.2669;44.0561;43.0206
-2.10821;-14.9315;15.0796;44.2461;43.2001
-2.0224;-14.7467;14.8847;44.4451;43.385
-1.92633;-14.5957;14.7223;44.6134;43.5359
-1.82321;-14.468;14.5825;44.7606;43.6636
-1.70485;-14.321;14.4221;44.9301;43.8106
-1.58879;-14.1645;14.2533;45.1085;43.9671
-1.45675;-13.9995;14.0751;45.2989;44.1321
-1.32449;-13.8419;13.9051;45.4824;44.2898
-1.18779;-13.6756;13.7271;45.6755;44.456
-1.05841;-13.5402;13.5815;45.8371;44.5914
-0.920182;-13.398;13.4296;46.0076;44.7336
-0.769818;-13.2383;13.2607;46.1981;44.8933
-0.635086;-13.0881;13.1035;46.376;45.0435
-0.484504;-12.9349;12.944;46.5607;45.1967
-0.341691;-12.7891;12.7937;46.7367;45.3425
-0.20436;-12.6356;12.6372;46.919;45.496
-0.0567891;-12.4891;12.4892;47.0973;45.6425
0.0840093;-12.3372;12.3375;47.2793;45.7944
0.220399;-12.1944;12.1964;47.4516;45.9372
0.350305;-12.0611;12.0662;47.6133;46.0705
0.468873;-11.9468;11.956;47.7539;46.1849
0.601467;-11.8053;11.8206;47.9246;46.3263
0.735906;-11.6604;11.6836;48.0992;46.4712
0.85405;-11.5357;11.5673;48.2502;46.5959
1.01524;-11.3993;11.4444;48.424;46.7324
1.16397;-11.2593;11.3193;48.5981;46.8723
1.30816;-11.1208;11.1974;48.7699;47.0109
1.4448;-10.9716;11.0663;48.9501;47.16
1.56173;-10.8062;10.9185;49.1409;47.3254
1.68274;-10.6328;10.7651;49.3405;47.4989
1.79098;-10.4667;10.6188;49.5298;47.665
1.90075;-10.3103;10.484;49.7102;47.8214
2.01401;-10.1491;10.347;49.8962;47.9826
2.11234;-9.98542;10.2064;50.0806;48.1462
2.2163;-9.81484;10.062;50.2732;48.3168
2.33334;-9.64695;9.92513;50.4669;48.4847
2.44665;-9.48821;9.79858;50.6509;48.6434
2.55722;-9.29351;9.63892;50.8688;48.8381
2.65658;-9.10764;9.48718;51.075;49.024
2.7516;-8.93098;9.34525;51.2713;49.2007
2.84525;-8.77268;9.22255;51.4495;49.359
2.95073;-8.5941;9.08655;51.6506;49.5375
3.05081;-8.40794;8.94433;51.8575;49.7237
3.16994;-8.22772;8.81725;52.0642;49.9039
3.27203;-8.05841;8.69736;52.2556;50.0732
3.36151;-7.89251;8.57855;52.4402;50.2391
3.43562;-7.70053;8.43218;52.6454;50.4311
3.4988;-7.52015;8.29423;52.8363;50.6115
3.56491;-7.33139;8.15217;53.0361;50.8002
3.63829;-7.138;8.01175;53.2424;50.9936
3.72031;-6.95702;7.88929;53.4393;51.1746
3.80042;-6.77193;7.76545;53.6397;51.3597
3.88264;-6.59549;7.65345;53.8323;51.5361
3.96204;-6.42498;7.54839;54.0185;51.7067
4.04544;-6.24588;7.44155;54.2141;51.8858
4.12121;-6.06364;7.33158;54.4105;52.068
4.20129;-5.90016;7.24312;54.5902;52.2315
4.28539;-5.72527;7.15145;54.782;52.4064
4.37032;-5.54333;7.05891;54.9807;52.5883
4.45909;-5.35299;6.96692;55.1887;52.7786
4.53807;-5.17721;6.88459;55.3799;52.9544
4.63418;-5.00076;6.81786;55.5768;53.1309
4.72579;-4.82015;6.75033;55.7763;53.3115
4.81133;-4.63943;6.6838;55.9742;53.4922
4.89283;-4.4503;6.61399;56.179;53.6813
4.97635;-4.26291;6.55259;56.3827;53.8687
5.05599;-4.07805;6.49566;56.5828;54.0536
5.13771;-3.89827;6.44923;56.7787;54.2334
5.22567;-3.70475;6.40569;56.9896;54.4269
5.33824;-3.52059;6.39464;57.1989;54.611
5.44461;-3.35074;6.39306;57.3927;54.7809
5.56143;-3.18095;6.40686;57.5896;54.9507
5.67459;-3.0167;6.42663;57.7802;55.1149
5.77464;-2.86528;6.44642;57.9547;55.2663
5.88806;-2.69805;6.47678;58.1484;55.4336
5.99028;-2.52433;6.50044;58.3449;55.6073
6.11975;-2.35711;6.558;58.5435;55.7745
6.24197;-2.20338;6.61945;58.7271;55.9283
6.36318;-2.04415;6.68346;58.9158;56.0875
6.46232;-1.89963;6.73574;59.0837;56.232
6.56843;-1.74097;6.79524;59.2673;56.3907
6.67824;-1.58854;6.86458;59.4462;56.5431
6.79229;-1.43619;6.94247;59.6263;56.6954
6.93426;-1.26591;7.04886;59.8323;56.8657
7.0487;-1.12658;7.13816;60.0003;57.0051
7.18489;-0.979219;7.25131;60.1829;57.1524
7.33102;-0.828264;7.37767;60.3721;57.3034
7.46169;-0.679776;7.4926;60.5542;57.4519
7.5888;-0.533161;7.6075;60.7335;57.5985
7.7246;-0.370759;7.73349;60.9306;57.7609
7.86936;-0.204485;7.87202;61.1344;57.9271
7.99355;-0.0637901;7.9938;61.3075;58.0678
8.13839;0.0917036;8.13891;61.5013;58.2233
8.27134;0.237969;8.27476;61.6826;58.3696
8.40012;0.386947;8.40903;61.8653;58.5186
8.52308;0.548501;8.54071;62.058;58.6801
8.64508;0.702697;8.67359;62.2435;58.8343
8.7667;0.865431;8.80931;62.4371;58.9971
8.88575;1.03718;8.94608;62.6384;59.1688
9.01583;1.22798;9.09907;62.8613;59.3596
9.13375;1.39485;9.23964;63.0577;59.5265
9.25249;1.56469;9.38386;63.2573;59.6963
9.37648;1.72877;9.53452;63.4531;59.8604
9.48755;1.88289;9.67258;63.6354;60.0145
9.59512;2.04797;9.81124;63.8269;60.1796
9.67179;2.20853;9.92074;64.0038;60.3402
9.76432;2.3852;10.0514;64.2012;60.5168
9.8606;2.53615;10.1815;64.3757;60.6678
9.96815;2.70331;10.3282;64.5692;60.8349
10.0763;2.87159;10.4775;64.764;61.0032
10.1945;3.03019;10.6353;64.9531;61.1618
10.3109;3.1973;10.7953;65.1497;61.3289
10.4299;3.3584;10.9572;65.3415;61.49
10.55;3.52135;11.1222;65.5355;61.653
10.6606;3.68099;11.2782;65.7232;61.8126
10.7741;3.8382;11.4374;65.9097;61.9698
10.894;3.99323;11.6028;66.0963;62.1249
11.017;4.14721;11.7718;66.2831;62.2788
11.1464;4.31086;11.9509;66.4811;62.4425
11.2661;4.46688;12.1194;66.6688;62.5985
11.388;4.62687;12.292;66.861;62.7585
11.5127;4.78809;12.4687;67.0553;62.9197
11.6419;4.96178;12.6551;67.263;63.0934
11.7662;5.1132;12.8292;67.4481;63.2448
11.8939;5.26727;13.0081;67.637;63.3989
12.0249;5.4128;13.187;67.8191;63.5444
12.1605;5.55813;13.3705;68.0027;63.6898
12.2967;5.70508;13.5557;68.1881;63.8367
12.4412;5.84433;13.7455;68.3693;63.976
12.5968;5.97516;13.9421;68.5467;64.1068
12.7536;6.10771;14.1407;68.7263;64.2393
12.8967;6.2501;14.3314;68.9103;64.3817
13.0289;6.38273;14.5083;69.0813;64.5144
13.1535;6.53344;14.6868;69.2667;64.6651
13.2806;6.68972;14.8704;69.4582;64.8213
13.4197;6.84083;15.0627;69.6492;64.9725
13.5538;6.99057;15.2504;69.8372;65.1222
13.6761;7.13639;15.4261;70.0174;65.268
13.8159;7.29141;15.6219;70.2125;65.423
13.955;7.4436;15.8161;70.4049;65.5752
14.0946;7.591;16.0088;70.593;65.7226
14.2337;7.73532;16.1998;70.7782;65.867
14.3711;7.87691;16.3882;70.9603;66.0085
14.5103;8.02043;16.5794;71.1449;66.1521
14.6517;8.16245;16.7719;71.3291;66.2941
14.8036;8.32247;16.9826;71.5339;66.4541
14.9348;8.46801;17.1685;71.7177;66.5996
15.0807;8.62963;17.3752;71.922;66.7613
15.2055;8.7714;17.554;72.1;66.903
15.3472;8.90501;17.7437;72.2769;67.0366
15.4903;9.04726;17.9388;72.4623;67.1789
15.6375;9.20211;18.1441;72.6611;67.3337
15.78;9.32276;18.3282;72.8265;67.4544
15.9312;9.4313;18.5136;72.9841;67.5629
16.0939;9.54177;18.7099;73.148;67.6734
16.2624;9.65677;18.9135;73.3184;67.7884
16.417;9.77176;19.1051;73.4837;67.9034
16.5719;9.89325;19.3004;73.6553;68.0249
16.7206;9.99906;19.4823;73.8101;68.1307
16.8767;10.0975;19.6668;73.9611;68.2292
17.0638;10.2035;19.8817;74.1311;68.3351
17.2333;10.3088;20.0813;74.2941;68.4405
17.4018;10.414;20.2799;74.4566;68.5456
17.5646;10.5221;20.4751;74.6197;68.6537
17.7343;10.671;20.6972;74.8233;68.8027
17.883;10.8041;20.8933;75.0042;68.9357
18.0348;10.9524;21.1;75.2004;69.0841
18.173;11.0925;21.2909;75.3837;69.2241
18.3071;11.2438;21.4842;75.5757;69.3754
18.4411;11.3712;21.6651;75.7459;69.5028
18.5825;11.4792;21.8422;75.9012;69.6108
18.7507;11.5986;22.0481;76.0779;69.7303
18.9364;11.7224;22.2711;76.2657;69.854
19.1015;11.8398;22.4733;76.4395;69.9714
19.2663;11.9564;22.6748;76.6127;70.0881
19.4365;12.0724;22.8805;76.7876;70.204
19.6088;12.1888;23.0884;76.964;70.3205
19.7744;12.3008;23.2881;77.1336;70.4324
19.9298;12.4178;23.4819;77.3039;70.5494
20.0919;12.5322;23.6799;77.4746;70.6638
20.2529;12.6551;23.8816;77.6528;70.7867
20.4035;12.7783;24.0746;77.8271;70.91
20.5576;12.9123;24.2763;78.0126;71.0439
20.7092;13.0172;24.4605;78.1709;71.1489
20.8724;13.1509;24.6699;78.3602;71.2825
21.0161;13.2911;24.8662;78.5475;71.4228
21.1514;13.4386;25.0595;78.738;71.5703
21.2865;13.586;25.2526;78.9283;71.7177
21.4328;13.7429;25.4604;79.1319;71.8745
21.5751;13.8834;25.6561;79.3192;72.0151
21.715;14.0197;25.8475;79.5015;72.1513
21.8483;14.1532;26.0319;79.6787;72.2848
21.9832;14.2984;26.2241;79.8672;72.43
22.1164;14.442;26.4141;80.0536;72.5736
22.253;14.5895;26.6092;80.245;72.7211
22.3874;14.7514;26.8104;80.4485;72.883
22.499;14.8982;26.9844;80.6288;73.0298
22.6229;15.0564;27.1752;80.8246;73.188
22.7486;15.2155;27.3681;81.022;73.3471
22.8819;15.3578;27.558;81.2076;73.4895
22.9965;15.4874;27.7254;81.3736;73.6191
23.1204;15.6318;27.9089;81.5571;73.7635
23.248;15.7808;28.0981;81.7462;73.9124
23.3725;15.9298;28.2849;81.9342;74.0615
23.4889;16.0868;28.4695;82.1258;74.2184
23.6034;16.256;28.6597;82.3278;74.3877
23.7121;16.4179;28.8411;82.5206;74.5495
23.8086;16.5819;29.014;82.7102;74.7135
23.901;16.7708;29.1978;82.9204;74.9024
23.9912;16.9522;29.3761;83.123;75.0838
24.0842;17.1439;29.5628;83.3361;75.2755
24.1695;17.3208;29.7351;83.5325;75.4524
24.2552;17.5122;29.9164;83.7421;75.6438
24.3375;17.6911;30.088;83.939;75.8227
24.4133;17.8691;30.2541;84.1323;76.0007
24.5086;18.0678;30.4486;84.3527;76.1994
24.5806;18.2508;30.6153;84.5489;76.3824
24.6632;18.4151;30.7797;84.7328;76.5467
24.7534;18.594;30.9591;84.9331;76.7256
24.829;18.7739;31.1278;85.128;76.9056
24.9047;18.9546;31.2973;85.3237;77.0862
24.9819;19.1363;31.469;85.521;77.268
25.0718;19.3048;31.6429;85.7117;77.4364
25.1669;19.4806;31.8256;85.9114;77.6123
25.2559;19.6538;32.0021;86.106;77.7855
25.3452;19.8309;32.1814;86.3043;77.9626
25.4367;20.0096;32.3637;86.5049;78.1412
25.5161;20.178;32.5303;86.6911;78.3096
25.5959;20.3432;32.6955;86.8745;78.4748
25.6786;20.5138;32.8665;87.0642;78.6455
25.78;20.6969;33.0601;87.2731;78.8286
25.8795;20.8705;33.2464;87.4725;79.0021
25.9772;21.0483;33.4342;87.6751;79.1799
26.078;21.2264;33.6247;87.8792;79.358
26.1698;21.4086;33.811;88.0832;79.5402
26.2729;21.5881;34.0045;88.2895;79.7197
26.3717;21.7667;34.1944;88.4933;79.8983
26.4763;21.9408;34.3859;88.6954;80.0724
26.5778;22.1098;34.572;88.8916;80.2414
26.6611;22.2782;34.7438;89.0796;80.4099
26.7641;22.4455;34.9302;89.2748;80.5771
26.8726;22.6062;35.1166;89.4667;80.7379
26.9837;22.7696;35.3069;89.662;80.9013
27.0934;22.9297;35.494;89.8537;81.0613
27.2068;23.0937;35.6866;90.0506;81.2254
27.3224;23.2601;35.8824;90.2506;81.3917
27.4323;23.4133;36.0654;90.4363;81.5449
27.5507;23.5755;36.2607;90.6337;81.7071
27.667;23.748;36.4614;90.8396;81.8797
27.7583;23.913;36.6381;91.0278;82.0446
27.8731;24.0841;36.8369;91.2318;82.2157
27.9607;24.2871;37.036;91.4527;82.4188
28.0526;24.4553;37.2157;91.6441;82.587
28.1599;24.6515;37.4256;91.8674;82.7832
28.2569;24.8311;37.617;92.0713;82.9627
28.342;25.0113;37.8;92.2706;83.143
28.4261;25.1956;37.9851;92.4732;83.3273
28.5027;25.3907;38.1718;92.6821;83.5223
28.5726;25.5838;38.3527;92.8865;83.7155
28.6383;25.7687;38.525;93.0815;83.9003
28.706;25.9588;38.7026;93.2822;84.0904
28.7799;26.1565;38.8901;93.4924;84.2881
28.8548;26.3495;39.0755;93.6988;84.4811
28.9159;26.5511;39.2567;93.9071;84.6827
28.9746;26.7419;39.4291;94.1045;84.8735
29.0361;26.932;39.6034;94.3025;85.0636
29.0987;27.1187;39.7763;94.4979;85.2503
29.1625;27.3084;39.9524;94.6966;85.44
29.2269;27.4969;40.1284;94.8945;85.6286
29.2865;27.6905;40.3047;95.0949;85.8222
29.3472;27.89;40.4859;95.301;86.0216
29.3824;28.0725;40.6374;95.481;86.2042
29.4235;28.2582;40.7954;95.6663;86.3899
29.464;28.4601;40.9647;95.866;86.5918
29.497;28.6585;41.1264;96.0594;86.7902
29.5234;28.8591;41.2853;96.252;86.9907
29.556;29.0563;41.4467;96.4442;87.1879
29.5792;29.2451;41.5958;96.6248;87.3768
29.591;29.4709;41.7632;96.834;87.6025
29.5957;29.6797;41.9141;97.025;87.8114
29.6071;29.9145;42.0887;97.2424;88.0462

29.6225;-29.892;42.0835;97.4241;88.2396
29.6388;-29.6903;41.9521;97.6137;88.4413
29.6474;-29.489;41.8159;97.7998;88.6426
29.6644;-29.2824;41.6826;97.9943;88.8492
29.6836;-29.0883;41.5602;98.1784;89.0433
29.6935;-28.8903;41.4289;98.3621;89.2413
29.7006;-28.6942;41.2975;98.5431;89.4375
29.7369;-28.5007;41.1895;98.7339;89.6309
29.7608;-28.2967;41.0659;98.9292;89.8349
29.769;-28.0974;40.9348;99.1136;90.0342
29.7915;-27.8854;40.806;99.3156;90.2462
29.8179;-27.6771;40.6833;99.516;90.4545
29.872;-27.4903;40.5962;99.7083;90.6414
29.9359;-27.3122;40.523;99.8968;90.8194

-29.9851;-27.1406;40.444;100.086;90.991
-29.8984;-26.9611;40.2593;100.285;91.1705
-29.8179;-26.786;40.0824;100.478;91.3457
-29.7319;-26.6043;39.8971;100.679;91.5273
-29.6435;-26.4293;39.7146;100.875;91.7023
-29.5341;-26.2493;39.5131;101.084;91.8824
-29.4215;-26.0901;39.3232;101.276;92.0415
-29.3054;-25.9289;39.1294;101.471;92.2028
-29.1763;-25.7619;38.9221;101.676;92.3697
-29.0467;-25.6143;38.7273;101.864;92.5174
-28.9164;-25.4632;38.5296;102.056;92.6684
-28.7981;-25.3156;38.3433;102.24;92.816
-28.674;-25.161;38.148;102.432;92.9706
-28.5707;-25.0146;37.9739;102.608;93.117
-28.4596;-24.86;37.7884;102.795;93.2716
-28.353;-24.7122;37.611;102.974;93.4194
-28.2373;-24.552;37.4185;103.168;93.5796
-28.1161;-24.3897;37.2206;103.367;93.742
-27.9935;-24.2244;37.0197;103.568;93.9073
-27.8932;-24.0475;36.8281;103.771;94.0842
-27.8128;-23.88;36.6579;103.957;94.2516
-27.7272;-23.6946;36.4724;104.161;94.437
-27.6426;-23.5121;36.2896;104.362;94.6195
-27.5577;-23.3378;36.112;104.556;94.7939
-27.4722;-23.162;35.9333;104.751;94.9696
-27.3846;-22.9819;35.7503;104.952;95.1497
-27.312;-22.7848;35.5681;105.161;95.3468
-27.2318;-22.6078;35.3933;105.355;95.5238
-27.1428;-22.4106;35.199;105.572;95.721
-27.0595;-22.2481;35.0313;105.754;95.8836
-26.9719;-22.0672;34.8489;105.955;96.0644
-26.879;-21.8806;34.6589;106.163;96.251
-26.7902;-21.7158;34.4861;106.35;96.4158
-26.7018;-21.5455;34.3102;106.542;96.5861
-26.6102;-21.3583;34.1216;106.75;96.7733
-26.5471;-21.1623;33.9498;106.955;96.9694
-26.4994;-20.964;33.7892;107.155;97.1677
-26.4338;-20.7771;33.6219;107.352;97.3546
-26.3657;-20.5842;33.4493;107.555;97.5474
-26.3012;-20.3921;33.2805;107.757;97.7395
-26.2387;-20.2024;33.115;107.955;97.9292
-26.184;-20.0086;32.9537;108.154;98.123
-26.1262;-19.8284;32.7985;108.342;98.3032
-26.0673;-19.6348;32.6348;108.542;98.4968
-26.0089;-19.4435;32.4733;108.74;98.6881
-25.9541;-19.2549;32.3167;108.934;98.8767
-25.9027;-19.0729;32.1672;109.121;99.0587
-25.8697;-18.8956;32.0357;109.296;99.2361
-25.8218;-18.6825;31.8716;109.51;99.4492
-25.7841;-18.5046;31.737;109.687;99.6271
-25.7431;-18.3091;31.59;109.882;99.8225
-25.702;-18.1122;31.4427;110.078;100.019
-25.6568;-17.8932;31.28;110.296;100.238
-25.6078;-17.6903;31.124;110.501;100.441
-25.5617;-17.5245;30.9921;110.67;100.607
-25.4788;-17.3108;30.8031;110.899;100.821
-25.4034;-17.127;30.6377;111.098;101.005
-25.3336;-16.9465;30.4791;111.291;101.185
-25.2663;-16.7593;30.3193;111.489;101.372
-25.1895;-16.5515;30.1407;111.71;101.58
-25.1239;-16.3632;29.9828;111.909;101.768
-25.0561;-16.1907;29.832;112.094;101.941
-24.983;-16.0085;29.6719;112.29;102.123
-24.9097;-15.8324;29.5154;112.48;102.299
-24.8487;-15.6382;29.36;112.682;102.493
-24.7709;-15.4471;29.1927;112.888;102.684
-24.6967;-15.2571;29.0293;113.092;102.875
-24.6143;-15.0784;28.8655;113.289;103.053
-24.5302;-14.897;28.6993;113.489;103.235
-24.4469;-14.7154;28.5341;113.689;103.416
-24.3632;-14.5315;28.3678;113.891;103.6
-24.2983;-14.3644;28.2267;114.07;103.767
-24.233;-14.1621;28.0678;114.281;103.97
-24.1579;-13.9426;27.8927;114.512;104.189
-24.1026;-13.7585;27.753;114.702;104.373
-24.0489;-13.5523;27.6046;114.912;104.579
-23.9982;-13.3586;27.4657;115.109;104.773
-23.9589;-13.1781;27.344;115.29;104.954
-23.8951;-12.9724;27.1893;115.504;105.159
-23.8368;-12.7826;27.0479;115.701;105.349
-23.7716;-12.5824;26.8962;115.91;105.549
-23.7061;-12.398;26.7524;116.105;105.734
-23.6254;-12.2127;26.5953;116.307;105.919
-23.5404;-12.0521;26.4463;116.488;106.08
-23.4406;-11.8818;26.28;116.685;106.25
-23.317;-11.7006;26.088;116.901;106.431
-23.2164;-11.5391;25.9259;117.089;106.592
-23.1204;-11.3907;25.774;117.264;106.741
-22.9875;-11.2302;25.5841;117.465;106.901
-22.855;-11.0749;25.3969;117.662;107.057
-22.7244;-10.923;25.2133;117.854;107.209
-22.576;-10.7635;25.0106;118.061;107.368
-22.4379;-10.6024;24.8167;118.265;107.529
-22.3127;-10.4576;24.6418;118.448;107.674
-22.1796;-10.3211;24.4634;118.628;107.811
-22.0364;-10.1651;24.2679;118.83;107.966
-21.9005;-10.0225;24.0849;119.016;108.109
-21.768;-9.88234;23.9062;119.199;108.249
-21.6467;-9.73055;23.7331;119.387;108.401
-21.5223;-9.57541;23.5563;119.58;108.556
-21.3865;-9.42729;23.3721;119.772;108.704
-21.2348;-9.27459;23.1719;119.974;108.857
-21.0819;-9.13446;22.9757;120.165;108.997
-20.9354;-8.9989;22.7876;120.35;109.133
-20.8134;-8.86037;22.6209;120.527;109.271
-20.6708;-8.7089;22.4305;120.725;109.423
-20.5422;-8.56406;22.2559;120.91;109.568
-20.4455;-8.41723;22.1103;121.084;109.714
-20.3579;-8.2758;21.9757;121.249;109.856
-20.2665;-8.09982;21.8252;121.448;110.032
-20.1803;-7.92097;21.6792;121.646;110.211
-20.1017;-7.75384;21.5454;121.831;110.378
-19.9972;-7.55684;21.3774;122.054;110.575
-19.9248;-7.38876;21.2507;122.236;110.743
-19.8454;-7.20438;21.1126;122.437;110.927
-19.7695;-7.01858;20.9784;122.638;111.113
-19.6934;-6.83364;20.8454;122.837;111.298
-19.592;-6.67422;20.6976;123.025;111.457
-19.4874;-6.50401;20.5441;123.223;111.628
-19.3769;-6.32286;20.3824;123.434;111.809
-19.2727;-6.15209;20.2308;123.633;111.98
-19.1693;-5.9547;20.0728;123.856;112.177
-19.0652;-5.77858;19.9217;124.059;112.353
-18.9602;-5.60813;19.7722;124.258;112.524
-18.8532;-5.45102;19.6254;124.446;112.681
-18.7446;-5.26897;19.4711;124.657;112.863
-18.6497;-5.08903;19.3316;124.86;113.043
-18.5388;-4.90917;19.1778;125.07;113.222
-18.4335;-4.74073;19.0333;125.267;113.391
-18.3295;-4.5739;18.8915;125.462;113.558
-18.2232;-4.40483;18.748;125.66;113.727
-18.1111;-4.2399;18.6008;125.857;113.892
-17.9919;-4.0639;18.4452;126.067;114.068
-17.8813;-3.89927;18.3015;126.263;114.232
-17.7732;-3.72768;18.1599;126.465;114.404
-17.7025;-3.54709;18.0544;126.658;114.585
-17.65;-3.36679;17.9682;126.844;114.765
-17.5926;-3.16598;17.8753;127.05;114.966
-17.5444;-2.96304;17.7928;127.254;115.169
-17.4961;-2.7681;17.7137;127.451;115.364
-17.4508;-2.57089;17.6392;127.649;115.561
-17.414;-2.36244;17.5735;127.853;115.769
-17.3925;-2.16585;17.5269;128.04;115.966
-17.3745;-1.95985;17.4846;128.235;116.172
-17.3618;-1.75375;17.4501;128.427;116.378
-17.3291;-1.54636;17.3979;128.628;116.585
-17.3001;-1.35014;17.3527;128.819;116.781
-17.2873;-1.13668;17.3247;129.017;116.995
-17.2939;-0.962832;17.3206;129.172;117.169
-17.303;-0.760102;17.3197;129.352;117.372
-17.3006;-0.565926;17.3098;129.53;117.566
-17.2889;-0.373918;17.2929;129.709;117.758
-17.2754;-0.177787;17.2763;129.893;117.954
-17.2583;0.0217814;17.2583;130.081;118.153
-17.2372;0.217253;17.2386;130.267;118.349
-17.2182;0.420289;17.2233;130.46;118.552
-17.197;0.620062;17.2082;130.65;118.752
-17.1954;0.814933;17.2147;130.828;118.947
-17.1859;1.05976;17.2186;131.055;119.191
-17.1783;1.25959;17.2244;131.24;119.391
-17.1779;1.46927;17.2406;131.43;119.601
-17.1971;1.67726;17.2787;131.612;119.809
-17.2131;1.87778;17.3152;131.788;120.009
-17.2417;2.06873;17.3654;131.95;120.2
-17.2727;2.27174;17.4214;132.122;120.403
-17.304;2.47746;17.4805;132.297;120.609
-17.3263;2.695;17.5346;132.486;120.827
-17.3419;2.89726;17.5822;132.664;121.029
-17.359;3.09926;17.6335;132.841;121.231
-17.3759;3.26864;17.6807;132.989;121.4
-17.3977;3.47405;17.7411;133.168;121.606
-17.4176;3.67832;17.8017;133.346;121.81
-17.4406;3.88078;17.8671;133.522;122.012
-17.4348;4.06478;17.9023;133.692;122.196
-17.4269;4.26449;17.9411;133.878;122.396
-17.4359;4.47539;18.0011;134.067;122.607
-17.4584;4.70826;18.0821;134.271;122.84
-17.4703;4.901;18.1447;134.443;123.033
-17.4794;5.08786;18.2048;134.61;123.219
-17.4876;5.3042;18.2743;134.805;123.436
-17.5124;5.50776;18.3581;134.981;123.639
-17.5351;5.70352;18.4394;135.152;123.835
-17.5591;5.89718;18.5229;135.319;124.029
-17.5678;6.09603;18.5955;135.498;124.228
-17.5669;6.32182;18.6698;135.706;124.453
-17.5514;6.50706;18.7188;135.882;124.639
-17.5117;6.71388;18.7546;136.087;124.846
-17.475;6.91145;18.7921;136.283;125.043
-17.4327;7.11538;18.8289;136.487;125.247
-17.3899;7.30283;18.8611;136.676;125.434
-17.3547;7.49309;18.9032;136.865;125.625
-17.3192;7.6896;18.9495;137.059;125.821
-17.257;7.89236;18.9761;137.27;126.024
-17.1953;8.09196;19.0042;137.478;126.224
-17.1353;8.28429;19.0328;137.678;126.416
-17.0883;8.49586;19.0838;137.891;126.627
-17.0465;8.69698;19.1369;138.092;126.829
-17.0106;8.87086;19.1847;138.266;127.002
-16.971;9.06943;19.2424;138.464;127.201
-16.9304;9.26193;19.2982;138.657;127.394
-16.888;9.4565;19.3553;138.852;127.588
-16.8284;9.63138;19.3896;139.037;127.763
-16.7495;9.81552;19.4136;139.237;127.947
-16.6631;9.96034;19.4131;139.404;128.092
-16.5658;10.125;19.415;139.594;128.257
-16.4527;10.3224;19.4227;139.82;128.454
-16.3643;10.4757;19.4302;139.996;128.607
-16.2801;10.6504;19.4543;140.189;128.782
-16.2026;10.8326;19.4903;140.387;128.964
-16.1394;11.0391;19.5535;140.602;129.171
-16.0806;11.2182;19.607;140.79;129.35
-16.021;11.399;19.6624;140.98;129.531
-15.9766;11.5949;19.7407;141.177;129.727
-15.9313;11.7975;19.8239;141.381;129.929
-15.8931;12.0002;19.9147;141.582;130.132
-15.8451;12.204;20.0001;141.789;130.336
-15.826;12.3974;20.1037;141.974;130.529
-15.806;12.5791;20.2006;142.149;130.711
-15.7872;12.769;20.3048;142.331;130.901
-15.7627;12.9706;20.4132;142.526;131.102
-15.7355;13.1778;20.5246;142.727;131.309
-15.7118;13.3758;20.6343;142.919;131.507
-15.6957;13.5722;20.7499;143.106;131.704
-15.6733;13.7639;20.859;143.291;131.896
-15.6492;13.9646;20.974;143.485;132.096
-15.6243;14.1656;21.0899;143.68;132.297
-15.5815;14.3714;21.1971;143.886;132.503
-15.5432;14.5606;21.2979;144.075;132.692
-15.5122;14.7551;21.4089;144.266;132.887
-15.4637;14.9609;21.5164;144.475;133.093
-15.4231;15.1525;21.621;144.667;133.284
-15.384;15.3427;21.7271;144.858;133.474
-15.3552;15.5382;21.8453;145.049;133.67
-15.3353;15.7378;21.9738;145.241;133.869
-15.3212;15.9301;22.1022;145.423;134.062
-15.3173;16.1095;22.2291;145.59;134.241
-15.3249;16.341;22.4027;145.801;134.473
-15.3279;16.5423;22.552;145.985;134.674
-15.3239;16.7547;22.7056;146.183;134.886
-15.2948;16.9623;22.8396;146.386;135.094
-15.2583;17.1565;22.96;146.579;135.288
-15.2345;17.3497;23.089;146.766;135.481
-15.2147;17.5495;23.2266;146.958;135.681
-15.2082;17.7645;23.3852;147.16;135.896
-15.1836;17.9559;23.515;147.346;136.088
-15.151;18.1535;23.6453;147.541;136.285
-15.11;18.3629;23.7804;147.75;136.495
-15.0716;18.5584;23.9075;147.945;136.69
-15.0148;18.7239;24.0006;148.12;136.855
-14.9483;18.918;24.1111;148.325;137.05
-14.8795;19.0976;24.2099;148.517;137.229
-14.8076;19.2844;24.3136;148.717;137.416
-14.7501;19.4676;24.4244;148.908;137.599
-14.6751;19.6454;24.5214;149.101;137.777
-14.597;19.8306;24.6237;149.302;137.962
-14.5256;20.0114;24.7275;149.497;138.143
-14.4514;20.1978;24.8353;149.697;138.329
-14.3738;20.3835;24.9418;149.898;138.515
-14.2956;20.5928;25.0684;150.122;138.724
-14.22;20.7908;25.1886;150.333;138.922
-14.1516;20.9725;25.3005;150.528;139.104
-14.0844;21.1513;25.4116;150.718;139.283
-14.009;21.35;25.5357;150.931;139.482
-13.9312;21.5356;25.6488;151.132;139.667
-13.8328;21.7311;25.7601;151.35;139.863
-13.764;21.9222;25.8849;151.553;140.054
-13.7034;22.1232;26.0234;151.762;140.255
-13.6471;22.3117;26.1544;151.958;140.443
-13.5839;22.5115;26.2924;152.167;140.643
-13.5296;22.7075;26.4326;152.369;140.839
-13.4787;22.8967;26.5694;152.563;141.028
-13.4303;23.0901;26.7119;152.76;141.222
-13.3489;23.2849;26.8399;152.971;141.417
-13.274;23.4664;26.9606;153.168;141.598
-13.2135;23.64;27.0823;153.351;141.772
-13.1413;23.8179;27.2027;153.543;141.95
-13.0802;23.9911;27.3252;153.727;142.123
-13.0054;24.1681;27.4452;153.919;142.3
-12.9102;24.3327;27.5455;154.107;142.464
-12.8062;24.496;27.6415;154.298;142.628
-12.7023;24.6596;27.7389;154.489;142.791
-12.5956;24.8281;27.8403;154.685;142.96
-12.481;24.9954;27.9383;154.884;143.127
-12.3683;25.1595;28.0353;155.078;143.291
-12.2603;25.3267;28.1381;155.274;143.458
-12.1547;25.4795;28.2302;155.456;143.611
-12.068;25.6418;28.3397;155.639;143.773
-11.9791;25.8174;28.4612;155.835;143.949
-11.8875;25.9973;28.5863;156.036;144.129
-11.8194;26.1879;28.7315;156.238;144.319
-11.7432;26.3612;28.8585;156.428;144.493
-11.6581;26.5495;28.9964;156.634;144.681
-11.5592;26.7604;29.1502;156.867;144.892
-11.4868;26.9358;29.2828;157.057;145.067
-11.4081;27.1204;29.4221;157.257;145.252
-11.328;27.2995;29.5565;157.453;145.431
-11.2435;27.4665;29.6787;157.64;145.598
-11.1603;27.6482;29.8157;157.84;145.78
-11.0772;27.8234;29.9474;158.033;145.955
-11.0224;27.9961;30.0878;158.214;146.128
-10.9617;28.1871;30.2436;158.414;146.319
-10.8939;28.3791;30.3981;158.617;146.511
-10.8358;28.555;30.5418;158.802;146.687
-10.7723;28.7444;30.6966;159.001;146.876
-10.7147;28.9443;30.8638;159.208;147.076
-10.655;29.1383;31.0253;159.41;147.27
-10.5909;29.3071;31.162;159.59;147.439
-10.5464;29.518;31.3454;159.802;147.65
-10.5003;29.7248;31.5249;160.011;147.856
-10.4598;29.887;31.6645;160.176;148.019

-10.4019;-29.9091;31.6663;160.387;148.222
-10.3355;-29.7261;31.4716;160.581;148.406
-10.2634;-29.5373;31.2697;160.783;148.594
-10.1861;-29.3176;31.0367;161.016;148.814
-10.1159;-29.1235;30.8303;161.222;149.008
-10.0477;-28.935;30.6299;161.422;149.197
-9.97916;-28.7371;30.4205;161.631;149.395
-9.91448;-28.5454;30.2181;161.833;149.586
-9.85;-28.3518;30.0141;162.037;149.78
-9.788;-28.1488;29.802;162.248;149.983
-9.73258;-27.9514;29.5973;162.452;150.18
-9.68266;-27.7484;29.3893;162.658;150.383
-9.63438;-27.5515;29.1874;162.859;150.58
-9.59066;-27.3478;28.9808;163.064;150.784
-9.54868;-27.1522;28.7823;163.261;150.979
-9.52472;-26.9423;28.5764;163.464;151.189
-9.49707;-26.7326;28.3694;163.669;151.399
-9.46799;-26.5395;28.1778;163.858;151.592
-9.41858;-26.3535;27.9861;164.049;151.778
-9.35365;-26.1673;27.7888;164.246;151.964
-9.27547;-25.9664;27.5733;164.461;152.165
-9.21945;-25.7789;27.3779;164.656;152.353
-9.17141;-25.5804;27.1749;164.858;152.551
-9.12676;-25.4088;26.9983;165.034;152.723
-9.07939;-25.2078;26.793;165.238;152.924
-9.02976;-25.0073;26.5876;165.442;153.124
-8.98285;-24.8127;26.3887;165.64;153.319
-8.9166;-24.6293;26.1936;165.835;153.502
-8.84906;-24.425;25.9786;166.049;153.707
-8.78423;-24.2369;25.7796;166.248;153.895
-8.72805;-24.0374;25.573;166.454;154.094
-8.67352;-23.8451;25.3736;166.653;154.286
-8.62483;-23.6625;25.1854;166.84;154.469
-8.57995;-23.4593;24.9791;167.045;154.672
-8.53717;-23.2592;24.7764;167.247;154.872
-8.47913;-23.0767;24.5852;167.438;155.055
-8.41554;-22.8856;24.3839;167.639;155.246
-8.34091;-22.6783;24.1635;167.859;155.453
-8.2689;-22.4915;23.9634;168.059;155.64
-8.18478;-22.3253;23.7783;168.245;155.806
-8.0764;-22.1496;23.5761;168.448;155.982
-7.96175;-21.9783;23.3759;168.65;156.153
-7.891;-21.8087;23.1924;168.834;156.323
-7.84267;-21.5929;22.973;169.052;156.539
-7.81252;-21.406;22.7871;169.236;156.726
-7.78006;-21.1846;22.5681;169.454;156.947
-7.75274;-20.9851;22.3714;169.649;157.147
-7.72986;-20.7853;22.1761;169.842;157.346
-7.70598;-20.5835;21.9787;170.038;157.548
-7.66643;-20.3862;21.78;170.236;157.745
-7.62717;-20.1901;21.5828;170.433;157.941
-7.57426;-20.0047;21.3906;170.624;158.127
-7.4928;-19.807;21.1769;170.838;158.325
-7.43169;-19.624;20.9841;171.031;158.508
-7.37379;-19.4339;20.7858;171.229;158.698
-7.31708;-19.2403;20.5847;171.429;158.891
-7.24993;-19.0329;20.367;171.647;159.099
-7.20354;-18.8236;20.1548;171.858;159.308
-7.15349;-18.624;19.9506;172.062;159.508
-7.10254;-18.4272;19.7486;172.264;159.704
-7.05246;-18.2333;19.5497;172.462;159.898
-6.9707;-18.0371;19.3372;172.675;160.095
-6.88473;-17.8478;19.1297;172.882;160.284
-6.79159;-17.6831;18.9425;173.07;160.449
-6.69883;-17.5153;18.7526;173.26;160.616
-6.59966;-17.351;18.5638;173.45;160.781
-6.49791;-17.1838;18.3713;173.643;160.948
-6.37666;-17.0391;18.1932;173.822;161.092
-6.2484;-16.8868;18.0057;174.012;161.245
-6.11702;-16.7517;17.8336;174.186;161.38
-5.99096;-16.606;17.6536;174.369;161.526
-5.84363;-16.4564;17.4631;174.563;161.675
-5.69878;-16.3248;17.2909;174.74;161.807
-5.54925;-16.1863;17.1111;174.924;161.945
-5.39789;-16.0648;16.9475;175.094;162.067
-5.24748;-15.9341;16.776;175.272;162.197
-5.08587;-15.7875;16.5865;175.469;162.344
-4.92812;-15.654;16.4114;175.652;162.478
-4.75669;-15.5252;16.2375;175.837;162.606
-4.58813;-15.4065;16.0752;176.01;162.725
-4.40368;-15.2803;15.9022;176.198;162.851
-4.25544;-15.1561;15.7422;176.369;162.975
-4.10993;-15.0297;15.5815;176.541;163.102
-3.96111;-14.8983;15.4159;176.72;163.233
-3.82842;-14.7733;15.2612;176.886;163.358
-3.68096;-14.6357;15.0915;177.07;163.496
-3.53791;-14.5176;14.9425;177.234;163.614
-3.38945;-14.4224;14.8153;177.379;163.709
-3.19709;-14.2943;14.6474;177.571;163.837
-3.04696;-14.1751;14.4989;177.739;163.957
-2.89773;-14.0697;14.365;177.894;164.062
-2.73961;-13.9875;14.2532;178.031;164.144
-2.55903;-13.9014;14.135;178.18;164.23
-2.38014;-13.8311;14.0344;178.314;164.3
-2.18215;-13.7628;13.9347;178.454;164.369
-1.9972;-13.6961;13.8409;178.588;164.436
-1.79822;-13.6317;13.7498;178.725;164.5
-1.60716;-13.5623;13.6572;178.863;164.569
-1.42275;-13.4701;13.5451;179.021;164.662
-1.24691;-13.3828;13.4407;179.17;164.749
-1.0884;-13.3084;13.3528;179.301;164.823
-0.909058;-13.2165;13.2478;179.456;164.915
-0.729396;-13.1423;13.1625;179.595;164.989
-0.539979;-13.0708;13.0819;179.735;165.061
-0.328128;-12.9834;12.9876;179.9;165.148
-0.137444;-12.9029;12.9036;180.049;165.229
0.0556621;-12.835;12.8351;180.188;165.297
0.240347;-12.7702;12.7725;180.321;165.361
0.429683;-12.7034;12.7106;180.458;165.428
0.632578;-12.6488;12.6646;180.589;165.483
0.824879;-12.5984;12.6254;180.713;165.533
1.0065;-12.5701;12.6103;180.811;165.562
1.20031;-12.5351;12.5925;180.921;165.596
1.38488;-12.4896;12.5661;181.038;165.642
1.58251;-12.4294;12.5298;181.172;165.702
1.7762;-12.3671;12.494;181.308;165.765
1.96137;-12.2974;12.4528;181.447;165.834
2.14063;-12.2094;12.3956;181.6;165.922
2.32202;-12.1236;12.3439;181.752;166.008
2.49386;-12.0412;12.2968;181.897;166.09
2.67383;-11.9602;12.2555;182.045;166.171
2.87223;-11.8769;12.2193;182.202;166.255
3.05426;-11.7981;12.1871;182.348;166.333
3.21233;-11.7161;12.1485;182.488;166.416
3.4023;-11.6142;12.1023;182.659;166.517
3.59001;-11.4946;12.0422;182.845;166.637
3.76826;-11.3971;12.0039;183.007;166.735
3.94481;-11.2985;11.9673;183.17;166.833
4.11237;-11.1849;11.9169;183.342;166.947
4.27498;-11.0874;11.883;183.499;167.044
4.44548;-10.9915;11.8564;183.656;167.14
4.60604;-10.8975;11.8309;183.809;167.234
4.78734;-10.7876;11.8021;183.984;167.344
4.95448;-10.6779;11.7714;184.153;167.454
5.11965;-10.5627;11.738;184.327;167.569
5.28506;-10.4565;11.7162;184.492;167.675
5.46017;-10.3473;11.6996;184.664;167.784
5.62561;-10.2232;11.6688;184.846;167.908
5.77938;-10.1028;11.6391;185.02;168.029
5.95358;-9.99152;11.6308;185.194;168.14
6.12209;-9.88271;11.6253;185.363;168.249
6.28253;-9.78465;11.628;185.52;168.347
6.4517;-9.67839;11.6317;185.687;168.453
6.62086;-9.57241;11.639;185.855;168.559
6.78251;-9.46108;11.6411;186.024;168.671
6.94041;-9.34921;11.6438;186.192;168.782
7.0875;-9.23136;11.6383;186.361;168.9
7.24416;-9.10716;11.6369;186.54;169.024
7.40269;-8.98529;11.642;186.717;169.146
7.56402;-8.85742;11.6477;186.901;169.274
7.71668;-8.73305;11.6539;187.079;169.399
7.85567;-8.60721;11.6531;187.252;169.524
8.0066;-8.48713;11.6678;187.424;169.645
8.16309;-8.35762;11.6827;187.608;169.774
8.31709;-8.23076;11.7013;187.789;169.901
8.46766;-8.09256;11.7128;187.978;170.039
8.61297;-7.96752;11.7331;188.153;170.164
8.76497;-7.84053;11.76;188.333;170.291
8.90327;-7.69038;11.7648;188.527;170.441
9.04549;-7.54364;11.7783;188.721;170.588
9.17226;-7.4025;11.7867;188.903;170.729
9.29921;-7.24429;11.7879;189.1;170.887
9.43407;-7.09597;11.8048;189.292;171.036
9.56292;-6.93353;11.812;189.494;171.198
9.68622;-6.77574;11.8209;189.689;171.356
9.80654;-6.61709;11.8302;189.884;171.515
9.93744;-6.45917;11.8522;190.083;171.672
10.0702;-6.29068;11.8736;190.292;171.841
10.1958;-6.13457;11.899;190.487;171.997
10.3136;-5.98944;11.9266;190.669;172.142
10.4322;-5.8305;11.9509;190.863;172.301
10.5335;-5.67824;11.9665;191.044;172.453
10.6419;-5.51189;11.9846;191.241;172.62
10.764;-5.36231;12.0257;191.429;172.769
10.8885;-5.19331;12.0636;191.635;172.938
11.0069;-5.02404;12.0992;191.839;173.108
11.1388;-4.84014;12.1449;192.061;173.291
11.2571;-4.67668;12.1899;192.26;173.455
11.3875;-4.50764;12.2472;192.469;173.624
11.5086;-4.35296;12.3043;192.66;173.779
11.6315;-4.19596;12.3652;192.855;173.936
11.7426;-4.04845;12.4209;193.036;174.083
11.8655;-3.88535;12.4855;193.236;174.246
11.9854;-3.71749;12.5486;193.439;174.414
12.1052;-3.55176;12.6155;193.641;174.58
12.2183;-3.38477;12.6785;193.84;174.747
12.3361;-3.22341;12.7503;194.037;174.908
12.4398;-3.04761;12.8077;194.24;175.084
12.5562;-2.87417;12.8809;194.447;175.257
12.6665;-2.70442;12.952;194.648;175.427
12.7764;-2.53128;13.0247;194.851;175.6
12.8861;-2.35666;13.0999;195.056;175.775
12.9837;-2.19582;13.1681;195.243;175.936
13.0949;-2.04539;13.2536;195.427;176.086
13.2149;-1.88471;13.3486;195.624;176.247
13.3249;-1.71077;13.4342;195.828;176.421
13.4454;-1.54353;13.5337;196.031;176.588
13.5717;-1.36785;13.6405;196.245;176.764
13.6882;-1.20646;13.7413;196.44;176.925
13.8193;-1.04867;13.859;196.64;177.083
13.9443;-0.909068;13.9739;196.82;177.223
14.062;-0.743403;14.0816;197.02;177.388
14.1649;-0.600501;14.1776;197.193;177.531
14.262;-0.439517;14.2688;197.381;177.692
14.3602;-0.273214;14.3628;197.573;177.858
14.4791;-0.0815194;14.4793;197.797;178.05
14.5971;0.0829027;14.5974;197.997;178.215
14.7126;0.244692;14.7146;198.193;178.376
14.8211;0.406992;14.8267;198.386;178.539
14.9445;0.573704;14.9555;198.59;178.705
15.0596;0.734675;15.0775;198.785;178.866
15.1656;0.881562;15.1912;198.964;179.013
15.2911;1.04208;15.3265;199.163;179.174
15.4151;1.19894;15.4617;199.358;179.331
15.5232;1.35889;15.5825;199.549;179.491
15.6247;1.52963;15.6994;199.747;179.661
15.7336;1.69688;15.8248;199.945;179.829
15.862;1.83604;15.9679;200.126;179.968
16.0068;1.98105;16.1289;200.32;180.113
16.1819;2.14;16.3228;200.54;180.272
16.3205;2.28314;16.4795;200.729;180.415
16.4885;2.43586;16.6675;200.94;180.567
16.6526;2.56684;16.8493;201.13;180.698
16.807;2.67821;17.019;201.298;180.81
16.9692;2.79558;17.1979;201.474;180.927
17.1368;2.9142;17.3829;201.655;181.046
17.2921;3.03645;17.5567;201.833;181.168
17.4541;3.16037;17.7379;202.015;181.292
17.6126;3.28504;17.9163;202.197;181.417
17.7649;3.40654;18.0886;202.374;181.538
17.9246;3.52214;18.2674;202.548;181.654
18.0711;3.65315;18.4366;202.73;181.785
18.1971;3.78652;18.5869;202.906;181.918
18.3343;3.93264;18.7514;203.097;182.064
18.4726;4.08624;18.9191;203.296;182.218
18.6155;4.22967;19.0899;203.488;182.361
18.7709;4.36772;19.2724;203.681;182.499
18.884;4.49131;19.4107;203.842;182.623
18.9984;4.63908;19.5566;204.025;182.771
19.1141;4.7803;19.7028;204.203;182.912
19.2409;4.93314;19.8632;204.396;183.065
19.3688;5.08241;20.0245;204.587;183.214
19.4997;5.23305;20.1897;204.78;183.365
19.6218;5.38077;20.3462;204.967;183.512
19.7701;5.52512;20.5276;205.162;183.657
19.9248;5.67594;20.7175;205.366;183.808
20.0853;5.83024;20.9144;205.576;183.962
20.2306;5.97016;21.0931;205.766;184.102
20.3477;6.11167;21.2458;205.945;184.243
20.4664;6.2646;21.4037;206.135;184.396
20.5952;6.40526;21.5683;206.318;184.537
20.7461;6.56216;21.7592;206.526;184.694
20.8847;6.70985;21.9361;206.72;184.841
21.0182;6.86017;22.1094;206.914;184.992
21.1393;6.99381;22.2661;207.088;185.125
21.2685;7.15151;22.4386;207.287;185.283
21.4145;7.29927;22.6243;207.484;185.431
21.5546;7.44122;22.8029;207.674;185.573
21.7073;7.58364;22.9939;207.87;185.715
21.8775;7.74927;23.2094;208.094;185.881
22.0207;7.88846;23.391;208.283;186.02
22.1723;8.04131;23.5855;208.488;186.173
22.2864;8.16359;23.7345;208.648;186.295
22.4335;8.30235;23.9205;208.838;186.434
22.5801;8.43853;24.1054;209.026;186.57
22.7201;8.57571;24.2847;209.212;186.707
22.863;8.71659;24.4683;209.402;186.848
23.0105;8.86406;24.6588;209.6;186.996
23.1556;9.01175;24.8474;209.797;187.143
23.2852;9.13669;25.0136;209.967;187.268
23.4207;9.27298;25.1896;210.15;187.405
23.5694;9.41077;25.3788;210.34;187.542
23.7355;9.53183;25.5779;210.524;187.663
23.8949;9.64583;25.7684;210.697;187.777
24.0577;9.75915;25.9617;210.872;187.891
24.2218;9.8735;26.1569;211.049;188.005
24.391;9.98599;26.356;211.226;188.118
24.5323;10.1036;26.5314;211.395;188.235
24.7087;10.234;26.7443;211.591;188.366
24.8621;10.3551;26.9323;211.769;188.487
25.0199;10.4781;27.1254;211.95;188.61
25.1873;10.576;27.3176;212.114;188.708
25.3846;10.6672;27.5348;212.285;188.799
25.5588;10.744;27.7251;212.433;188.876
25.7494;10.8313;27.9347;212.598;188.963
25.935;10.9172;28.1391;212.759;189.049
26.1223;11.012;28.3486;212.93;189.144
26.2959;11.1148;28.5485;213.101;189.246
26.4849;11.2177;28.7626;213.279;189.349
26.6725;11.3158;28.9736;213.452;189.447
26.8505;11.4058;29.1726;213.614;189.537
27.0207;11.4874;29.3612;213.765;189.619
27.1952;11.5832;29.5592;213.931;189.715
27.3785;11.6605;29.7581;214.084;189.792
27.5621;11.7247;29.9522;214.226;189.856
27.7732;11.7932;30.1733;214.385;189.925
27.9628;11.8491;30.3697;214.522;189.981
28.1622;11.9101;30.5771;214.669;190.042
28.3547;11.9732;30.779;214.814;190.105
28.5341;12.0405;30.9705;214.957;190.172
28.6836;12.0991;31.131;215.079;190.231
28.8692;12.1722;31.3304;215.23;190.304
29.0579;12.2419;31.5313;215.38;190.374
29.2584;12.317;31.7452;215.54;190.449
29.4542;12.3874;31.953;215.694;190.519
29.6542;12.4347;32.1557;215.83;190.566
29.8409;12.4763;32.344;215.954;190.608

-29.9507;12.5211;32.4627;216.092;190.653
-29.7605;12.5761;32.3086;216.23;190.708
-29.5702;12.6325;32.1555;216.369;190.764
-29.3621;12.7054;31.9931;216.532;190.837
-29.174;12.7752;31.8485;216.682;190.907
-28.9883;12.843;31.7059;216.83;190.975
-28.7981;12.9133;31.5608;216.982;191.045
-28.6184;12.9873;31.4275;217.132;191.119
-28.4362;13.0698;31.296;217.291;191.201
-28.255;13.15;31.1651;217.448;191.282
-28.0754;13.2333;31.0378;217.607;191.365
-27.8924;13.3146;30.9074;217.766;191.446
-27.7081;13.3937;30.7755;217.923;191.525
-27.5199;13.4717;30.6404;218.081;191.603
-27.331;13.5409;30.5014;218.232;191.673
-27.1344;13.6008;30.3522;218.379;191.732
-26.9309;13.6742;30.2036;218.541;191.806
-26.7414;13.7387;30.0642;218.688;191.87
-26.5284;13.7993;29.9028;218.844;191.931
-26.3478;13.8673;29.7743;218.99;191.999
-26.1401;13.9493;29.6292;219.162;192.081
-25.9541;14.0226;29.5;219.316;192.154
-25.766;14.0867;29.3653;219.463;192.218
-25.5669;14.1592;29.2259;219.622;192.291
-25.3796;14.2278;29.0956;219.773;192.359
-25.1827;14.3054;28.9623;219.936;192.437
-24.9976;14.3788;28.8379;220.09;192.51
-24.7918;14.4622;28.7017;220.263;192.594
-24.6086;14.5279;28.577;220.409;192.66
-24.4187;14.5959;28.4484;220.561;192.727
-24.2258;14.6639;28.3182;220.714;192.796
-24.0404;14.7445;28.2018;220.875;192.876
-23.8635;14.8273;28.0948;221.033;192.959
-23.6885;14.908;27.9892;221.189;193.04
-23.5046;15.0084;27.8876;221.367;193.14
-23.3309;15.1089;27.7959;221.539;193.241
-23.1558;15.2085;27.7036;221.712;193.34
-22.9861;15.291;27.6075;221.867;193.423
-22.8096;15.3772;27.5088;222.029;193.509
-22.6237;15.4619;27.4026;222.194;193.594
-22.4352;15.5463;27.2951;222.36;193.678
-22.2371;15.638;27.1852;222.537;193.77
-22.0736;15.7222;27.1004;222.691;193.854
-21.8876;15.8089;26.9998;222.858;193.94
-21.7276;15.9107;26.9302;223.025;194.042
-21.561;16.0178;26.8597;223.2;194.149
-21.4018;16.1111;26.7881;223.36;194.243
-21.2252;16.2278;26.718;223.549;194.359
-21.0581;16.3389;26.6534;223.728;194.471
-20.8856;16.4469;26.584;223.907;194.579
-20.7349;16.5457;26.5273;224.068;194.677
-20.5493;16.6499;26.448;224.25;194.782
-20.3741;16.7478;26.3741;224.422;194.879
-20.194;16.8498;26.3005;224.6;194.981
-20.0155;16.9508;26.2288;224.776;195.082
-19.8403;17.0625;26.1681;224.96;195.194
-19.674;17.1776;26.1177;225.143;195.309
-19.5128;17.2929;26.0728;225.323;195.424
-19.3566;17.4145;26.0373;225.506;195.546
-19.1839;17.5476;25.9988;225.708;195.679
-19.0182;17.6665;25.9576;225.893;195.798
-18.8545;17.7841;25.9184;226.077;195.916
-18.688;17.9037;25.8802;226.264;196.035
-18.519;18.0264;25.8439;226.454;196.158
-18.3578;18.1443;25.8113;226.637;196.276
-18.196;18.2618;25.7796;226.82;196.393
-18.0167;18.3864;25.7422;227.017;196.518
-17.8552;18.5047;25.7144;227.201;196.636
-17.6822;18.6344;25.6885;227.4;196.766
-17.5423;18.7513;25.6777;227.571;196.883
-17.3918;18.8884;25.6758;227.765;197.02
-17.2674;19.0448;25.7074;227.963;197.176
-17.1272;19.2007;25.7295;228.168;197.332
-16.9923;19.3497;25.7517;228.364;197.481
-16.8209;19.501;25.7533;228.581;197.633
-16.668;19.6519;25.7686;228.789;197.784
-16.5278;19.7963;25.7888;228.984;197.928
-16.3894;19.9393;25.8106;229.177;198.071
-16.2546;20.0811;25.8353;229.368;198.213
-16.1147;20.2267;25.8612;229.564;198.358
-15.9855;20.381;25.9021;229.762;198.513
-15.8649;20.5363;25.9506;229.957;198.668
-15.7436;20.6949;26.0027;230.155;198.827
-15.6183;20.8729;26.0693;230.372;199.005
-15.4875;21.0293;26.1169;230.573;199.161
-15.3585;21.194;26.1739;230.78;199.326
-15.2432;21.3477;26.2313;230.971;199.479
-15.1235;21.5075;26.2925;231.169;199.639
-15.0234;21.6635;26.363;231.355;199.795
-14.9144;21.8461;26.4516;231.567;199.978
-14.8252;22.0221;26.5472;231.764;200.154
-14.7356;22.2254;26.6666;231.985;200.357
-14.6662;22.4199;26.7908;232.188;200.552
-14.5927;22.6275;26.9249;232.404;200.759
-14.546;22.8325;27.0723;232.605;200.964
-14.4883;23.0317;27.2097;232.806;201.163
-14.4206;23.2127;27.3273;232.997;201.344
-14.3576;23.3997;27.4534;233.19;201.531
-14.2903;23.5877;27.5788;233.386;201.719
-14.2234;23.7899;27.7176;233.595;201.922
-14.1664;23.9792;27.8512;233.787;202.111
-14.1081;24.165;27.9819;233.977;202.297
-14.057;24.3613;28.126;234.172;202.493
-14.0156;24.5427;28.2627;234.35;202.674
-13.9686;24.7405;28.4115;234.545;202.872
-13.9317;24.9361;28.564;234.732;203.068
-13.893;25.1532;28.7349;234.94;203.285
-13.8631;25.3375;28.882;235.114;203.469
-13.8364;25.5219;29.0312;235.287;203.654
-13.8248;25.7388;29.2166;235.481;203.87
-13.816;25.9366;29.3869;235.656;204.068
-13.8085;26.1342;29.5579;235.831;204.266
-13.8009;26.3355;29.7325;236.009;204.467
-13.8113;26.5431;29.9213;236.184;204.675
-13.8226;26.7442;30.1051;236.353;204.876
-13.8409;26.9424;30.2897;236.515;205.074
-13.8474;27.145;30.473;236.688;205.277
-13.8521;27.3444;30.6529;236.858;205.476
-13.871;27.5314;30.8283;237.011;205.663
-13.9049;27.7405;31.0303;237.176;205.872
-13.9392;27.9423;31.2262;237.334;206.074
-13.9723;28.1422;31.4199;237.491;206.274
-14.0023;28.339;31.6096;237.647;206.471
-14.032;28.5183;31.7835;237.788;206.65
-14.0721;28.7292;31.9905;237.952;206.861
-14.0968;28.9008;32.1555;238.089;207.032
-14.1258;29.0952;32.343;238.244;207.227
-14.1427;29.3035;32.5378;238.417;207.435
-14.1685;29.5176;32.7419;238.59;207.649
-14.1896;29.7161;32.9301;238.753;207.848
-14.1962;29.9558;33.1494;238.958;208.087

-14.1986;-29.8425;33.0481;239.132;208.289
-14.2154;-29.6345;32.8676;239.305;208.497
-14.2411;-29.456;32.7179;239.448;208.676
-14.262;-29.2428;32.5353;239.624;208.889
-14.2739;-29.0346;32.3536;239.8;209.097
-14.2842;-28.8296;32.1742;239.973;209.302
-14.2818;-28.6463;32.009;240.134;209.485
-14.2773;-28.446;31.828;240.311;209.686
-14.2762;-28.2456;31.6484;240.487;209.886
-14.2808;-28.0542;31.4798;240.652;210.077
-14.2968;-27.8331;31.2903;240.837;210.299
-14.3095;-27.6493;31.1327;240.991;210.482
-14.333;-27.4467;30.9638;241.157;210.685
-14.3303;-27.2594;30.7967;241.322;210.872
-14.328;-27.0528;30.6129;241.503;211.079
-14.3315;-26.8472;30.433;241.681;211.284
-14.3279;-26.6499;30.2574;241.856;211.482
-14.3182;-26.4633;30.0885;242.023;211.668
-14.3059;-26.2718;29.9143;242.197;211.86
-14.2893;-26.0751;29.7337;242.377;212.057
-14.2797;-25.8748;29.5536;242.557;212.257
-14.2699;-25.6704;29.3701;242.741;212.461
-14.2811;-25.4991;29.2259;242.885;212.633
-14.2953;-25.3009;29.0602;243.052;212.831
-14.3183;-25.1023;28.8988;243.215;213.029
-14.3391;-24.8875;28.7228;243.393;213.244
-14.36;-24.6839;28.557;243.561;213.448
-14.3799;-24.4851;28.3954;243.726;213.647
-14.3875;-24.2807;28.2233;243.901;213.851
-14.4078;-24.0873;28.0675;244.061;214.044
-14.4381;-23.8921;27.9158;244.218;214.24
-14.4735;-23.683;27.7555;244.384;214.449
-14.5199;-23.4958;27.6203;244.526;214.636
-14.5757;-23.3076;27.4899;244.665;214.824
-14.6269;-23.12;27.3584;244.805;215.012
-14.6721;-22.916;27.2106;244.963;215.216
-14.6961;-22.7286;27.0659;245.116;215.403
-14.7298;-22.5544;26.9382;245.253;215.577
-14.75;-22.3595;26.7864;245.415;215.772
-14.7616;-22.1529;26.6205;245.591;215.979
-14.7769;-21.9533;26.4632;245.759;216.178
-14.7956;-21.747;26.3029;245.932;216.385
-14.8166;-21.5361;26.1407;246.107;216.596
-14.8364;-21.3381;25.9891;246.272;216.794
-14.8636;-21.1303;25.8344;246.442;217.001
-14.8789;-20.9441;25.6912;246.599;217.188
-14.8973;-20.7421;25.5375;246.768;217.39
-14.9156;-20.5436;25.3872;246.934;217.588
-14.9347;-20.3409;25.2348;247.104;217.791
-14.9619;-20.1414;25.0906;247.267;217.99
-15.0064;-19.9418;24.9573;247.422;218.19
-15.0453;-19.7486;24.8268;247.574;218.383
-15.0909;-19.5368;24.6864;247.739;218.595
-15.1228;-19.3447;24.5543;247.894;218.787
-15.1428;-19.1518;24.415;248.055;218.98
-15.1558;-18.9544;24.2686;248.223;219.177
-15.1754;-18.7485;24.1205;248.396;219.383
-15.2083;-18.5315;23.9731;248.572;219.6
-15.2376;-18.3333;23.8389;248.733;219.798
-15.2683;-18.1341;23.7058;248.895;219.998
-15.3027;-17.9358;23.5768;249.054;220.196
-15.3136;-17.7155;23.4167;249.244;220.416
-15.3334;-17.4935;23.2623;249.431;220.638
-15.3467;-17.2667;23.1011;249.625;220.865
-15.3644;-17.0594;22.9584;249.801;221.072
-15.3803;-16.863;22.8235;249.967;221.269
-15.3909;-16.6712;22.6894;250.132;221.46
-15.3951;-16.4555;22.5343;250.321;221.676
-15.39;-16.2592;22.3878;250.497;221.872
-15.3839;-16.0601;22.2394;250.676;222.072
-15.3812;-15.8599;22.0933;250.855;222.272
-15.3614;-15.6681;21.9423;251.034;222.464
-15.3384;-15.4696;21.7847;251.221;222.662
-15.2944;-15.2612;21.6061;251.426;222.87
-15.246;-15.0767;21.4417;251.612;223.055
-15.1988;-14.881;21.2708;251.807;223.251
-15.1652;-14.6701;21.0996;252.01;223.462
-15.1115;-14.4588;20.9145;252.222;223.673
-15.068;-14.2665;20.7504;252.412;223.865
-15.0177;-14.0537;20.5678;252.625;224.078
-14.9707;-13.8531;20.3968;252.824;224.279
-14.9269;-13.6835;20.2497;252.995;224.448
-14.8763;-13.4895;20.0816;253.19;224.642
-14.8055;-13.3109;19.9094;253.381;224.821
-14.7381;-13.1236;19.7343;253.579;225.008
-14.6687;-12.9357;19.5576;253.777;225.196
-14.5911;-12.7394;19.3699;253.987;225.392
-14.5096;-12.5566;19.1885;254.187;225.575
-14.4395;-12.3796;19.0198;254.377;225.752
-14.3703;-12.1974;18.849;254.57;225.934
-14.3023;-12.0056;18.6732;254.772;226.126
-14.2365;-11.8173;18.5021;254.969;226.314
-14.1786;-11.6443;18.3472;255.149;226.487
-14.1144;-11.4553;18.178;255.347;226.676
-14.0482;-11.2682;18.009;255.543;226.863
-13.9815;-11.0794;17.8392;255.742;227.052
-13.9194;-10.9064;17.6833;255.924;227.225
-13.8675;-10.7343;17.5366;256.1;227.397
-13.8002;-10.566;17.3807;256.281;227.566
-13.7271;-10.3814;17.2107;256.478;227.75
-13.6406;-10.1846;17.0233;256.693;227.947
-13.5498;-9.99382;16.8367;256.904;228.138
-13.4574;-9.81378;16.6557;257.106;228.318
-13.3746;-9.61937;16.4746;257.317;228.512
-13.2975;-9.43357;16.3038;257.518;228.698
-13.2035;-9.25031;16.1215;257.724;228.881
-13.1256;-9.06;15.9488;257.928;229.072
-13.0553;-8.87471;15.7861;258.125;229.257
-12.968;-8.69443;15.6129;258.325;229.437
-12.8696;-8.53074;15.4402;258.516;229.601
-12.7609;-8.34599;15.2478;258.73;229.786
-12.6603;-8.16763;15.0663;258.935;229.964
-12.5611;-7.99682;14.8906;259.132;230.135
-12.4371;-7.82353;14.6932;259.343;230.308
-12.3203;-7.65925;14.507;259.543;230.472
-12.2043;-7.49329;14.3212;259.743;230.638
-12.1124;-7.3047;14.1446;259.953;230.827
-12.025;-7.12387;13.9768;260.154;231.008
-11.9297;-6.94049;13.8017;260.36;231.191
-11.8356;-6.7456;13.623;260.577;231.386
-11.7517;-6.57605;13.4665;260.766;231.556
-11.6617;-6.39491;13.3;260.968;231.737
-11.5694;-6.22369;13.1372;261.163;231.908
-11.4882;-6.02445;12.972;261.377;232.107
-11.4182;-5.84334;12.8266;261.57;232.288
-11.3616;-5.67652;12.7007;261.744;232.455
-11.2867;-5.47439;12.5443;261.958;232.657
-11.2132;-5.28695;12.3971;262.158;232.845
-11.1675;-5.10398;12.2786;262.342;233.028
-11.1089;-4.90494;12.1435;262.545;233.227
-11.0424;-4.70187;12.0018;262.756;233.43
-10.9873;-4.52681;11.8833;262.937;233.605
-10.9142;-4.34755;11.7482;263.13;233.784
-10.821;-4.1608;11.5934;263.339;233.971
-10.7306;-3.97389;11.4428;263.546;234.158
-10.6155;-3.8009;11.2754;263.753;234.331
-10.4991;-3.63659;11.1111;263.952;234.495
-10.3844;-3.4712;10.9492;264.152;234.66
-10.2697;-3.30679;10.7889;264.351;234.825
-10.1536;-3.12749;10.6243;264.563;235.004
-10.0239;-2.96563;10.4534;264.766;235.166
-9.88961;-2.8015;10.2788;264.974;235.33
-9.75881;-2.65341;10.1131;265.166;235.478
-9.6316;-2.5005;9.9509;265.36;235.631
-9.50382;-2.35124;9.79035;265.551;235.78
-9.3742;-2.20121;9.62917;265.744;235.93
-9.24205;-2.05336;9.46741;265.936;236.078
-9.12038;-1.90298;9.3168;266.126;236.229
-8.98084;-1.70934;9.14207;266.362;236.422
-8.88356;-1.56625;9.02057;266.534;236.565
-8.77241;-1.40728;8.88457;266.726;236.724
-8.64761;-1.21532;8.73259;266.954;236.916
-8.57132;-1.07014;8.63787;267.118;237.061
-8.48112;-0.856254;8.52424;267.349;237.275
-8.39006;-0.665985;8.41645;267.56;237.466
-8.30241;-0.489516;8.31683;267.757;237.642
-8.20613;-0.319785;8.21236;267.952;237.812
-8.11007;-0.138858;8.11126;268.157;237.993
-8.00957;0.0591134;8.00979;268.379;238.191
-7.92233;0.249415;7.92626;268.588;238.381
-7.85274;0.445108;7.86534;268.794;238.577
-7.80127;0.628364;7.82654;268.98;238.76
-7.73694;0.825815;7.78089;269.185;238.957
-7.69136;1.01093;7.75751;269.37;239.143
-7.65425;1.20944;7.74921;269.564;239.341
-7.61912;1.4075;7.74803;269.756;239.539
-7.58029;1.61282;7.74997;269.956;239.744
-7.53428;1.82786;7.75283;270.168;239.959
-7.49134;2.01333;7.75717;270.352;240.145
-7.43773;2.20927;7.75891;270.551;240.341
-7.36127;2.39894;7.7423;270.755;240.531
-7.29071;2.56339;7.72823;270.933;240.695
-7.22423;2.75028;7.73004;271.13;240.882
-7.16534;2.95913;7.75233;271.342;241.091
-7.10856;3.15635;7.7778;271.544;241.288
-7.05189;3.34885;7.80665;271.741;241.48
-7.02088;3.54684;7.86593;271.931;241.678
-6.99449;3.73879;7.93104;272.114;241.87
-6.9776;3.92534;8.00595;272.287;242.057
-6.95423;4.12781;8.08703;272.478;242.259
-6.94892;4.31582;8.18008;272.647;242.447
-6.93176;4.523;8.27689;272.839;242.655
-6.92689;4.74946;8.39876;273.043;242.881
-6.9133;4.97958;8.51997;273.254;243.111
-6.93261;5.17936;8.65372;273.423;243.311
-6.95287;5.40558;8.80697;273.615;243.537
-6.97126;5.61651;8.9523;273.794;243.748
-6.98822;5.816;9.09181;273.964;243.948
-7.01943;6.02344;9.24955;274.135;244.155
-7.04392;6.22406;9.39977;274.302;244.356
-7.07136;6.42078;9.55147;274.465;244.552
-7.09919;6.61951;9.70651;274.63;244.751
-7.1251;6.84511;9.88041;274.819;244.977
-7.15839;7.02598;10.0303;274.965;245.158
-7.19169;7.21803;10.1892;275.121;245.35
-7.22174;7.41918;10.3536;275.287;245.551
-7.24396;7.6288;10.5201;275.464;245.76
-7.26563;7.83171;10.6829;275.635;245.963
-7.28118;8.02313;10.8345;275.799;246.155
-7.30514;8.22697;11.0022;275.97;246.359
-7.32729;8.42892;11.1685;276.141;246.561
-7.34069;8.60244;11.3087;276.29;246.734
-7.35981;8.79185;11.4658;276.45;246.923
-7.34919;8.95614;11.5855;276.602;247.088
-7.33288;9.15838;11.7323;276.79;247.29
-7.30321;9.36212;11.8738;276.985;247.494
-7.26436;9.56913;12.0141;277.187;247.701
-7.22984;9.76654;12.1514;277.379;247.898
-7.18924;9.9407;12.268;277.553;248.072
-7.16326;10.1183;12.3972;277.724;248.25
-7.13732;10.31;12.5394;277.907;248.442
-7.10353;10.5147;12.6893;278.105;248.646
-7.06325;10.7157;12.8341;278.303;248.847
-7.02709;10.9098;12.977;278.492;249.041
-6.99262;11.1108;13.1281;278.687;249.242
-6.93444;11.3146;13.2705;278.896;249.446
-6.88262;11.5168;13.4167;279.1;249.648
-6.83327;11.7115;13.5592;279.296;249.843
-6.78872;11.9082;13.7074;279.492;250.04
-6.75348;12.1142;13.8695;279.692;250.246
-6.73794;12.3238;14.0455;279.886;250.455
-6.7014;12.5288;14.2084;280.086;250.66
-6.67723;12.7502;14.3929;280.295;250.882
-6.67931;12.9493;14.5704;280.472;251.081
-6.68215;13.1484;14.7489;280.649;251.28
-6.68451;13.347;14.9273;280.826;251.479
