#1 AntPos X;#2 AntPos Y;#3 Distance form nest;#4 Total Distance;#5 Total Y Distance
-0.271302;12.7385;12.7413;0.191668;0.127539
-0.418615;12.8707;12.8775;0.389605;0.259743
-0.582726;12.9502;12.9633;0.567165;0.339275
-0.775507;13.0174;13.0405;0.764349;0.40652
-0.969357;13.0815;13.1174;0.963822;0.470588
-1.14959;13.1271;13.1774;1.1444;0.516224
-1.3478;13.1698;13.2386;1.34155;0.55892
-1.5493;13.2094;13.3;1.54197;0.598517
-1.7592;13.241;13.3573;1.74843;0.630032
-1.95497;13.2663;13.4096;1.94075;0.655385
-2.13575;13.2925;13.463;2.12007;0.681569
-2.34379;13.3143;13.5191;2.32455;0.703414
-2.58598;13.3335;13.582;2.56178;0.722617
-2.79981;13.3667;13.6568;2.77643;0.755809
-2.99861;13.4003;13.7317;2.97695;0.789366
-3.19583;13.4105;13.7861;3.1701;0.799594
-3.39516;13.4233;13.8461;3.36643;0.81242
-3.58919;13.4399;13.9109;3.55885;0.828949
-3.78775;13.457;13.9799;3.75606;0.846087
-3.98521;13.4824;14.0591;3.95422;0.871531
-4.18969;13.5026;14.1377;4.1582;0.891696
-4.38253;13.5055;14.1987;4.34733;0.894538
-4.58367;13.4991;14.2561;4.54311;0.888163
-4.77206;13.4769;14.2969;4.72389;0.86602
-4.97519;13.452;14.3425;4.91939;0.841035
-5.15159;13.4304;14.3845;5.08977;0.819506
-5.34848;13.4263;14.4524;5.28355;0.815345
-5.55107;13.4433;14.5443;5.48635;0.832332
-5.74469;13.4527;14.6279;5.67919;0.841771
-5.94525;13.4599;14.7145;5.87866;0.848986
-6.13797;13.462;14.7952;6.06971;0.85104
-6.35963;13.4598;14.8866;6.28896;0.848919
-6.56896;13.469;14.9855;6.49765;0.858116
-6.77519;13.4759;15.0832;6.703;0.86497
-6.98033;13.4523;15.1555;6.90357;0.841392
-7.15971;13.4283;15.2178;7.07883;0.817418
-7.36674;13.3985;15.2902;7.28124;0.787605
-7.57105;13.377;15.371;7.48215;0.766128
-7.79697;13.3441;15.4551;7.70372;0.733226
-7.99507;13.3139;15.53;7.8982;0.703001
-8.20885;13.2969;15.6267;8.10969;0.686006
-8.40791;13.2824;15.7199;8.30687;0.671502
-8.59122;13.2669;15.8057;8.48838;0.656017
-8.81058;13.2571;15.9179;8.70637;0.646219
-9.002;13.2391;16.0097;8.89598;0.628161
-9.21019;13.2371;16.1261;9.10353;0.626227
-9.41093;13.2347;16.2395;9.30364;0.623747
-9.60164;13.2247;16.3427;9.49328;0.613806
-9.7953;13.2133;16.4481;9.68583;0.602422
-9.98256;13.1844;16.5372;9.871;0.573511
-10.191;13.1507;16.6373;10.0772;0.539829
-10.3935;13.1332;16.7483;10.2785;0.522295
-10.579;13.1145;16.8494;10.4629;0.503541
-10.7591;13.0957;16.9486;10.6419;0.484775
-10.9547;13.0652;17.0501;10.836;0.454323
-11.1242;13.0415;17.1415;11.0044;0.430621
-11.3237;13.0148;17.2514;11.2028;0.403895
-11.5198;12.9932;17.3646;11.398;0.382255
-11.7183;12.9706;17.4801;11.5956;0.359656
-11.9216;12.9452;17.5984;11.7981;0.334252
-12.1246;12.9318;17.7268;12.0007;0.320877
-12.3373;12.9159;17.8613;12.2129;0.304932
-12.5252;12.9009;17.9809;12.4004;0.289947
-12.7241;12.8808;18.1057;12.5988;0.269875
-12.9189;12.8653;18.2322;12.7932;0.254414
-13.1281;12.8523;18.3719;13.0021;0.241379
-13.3231;12.8396;18.5029;13.1968;0.228677
-13.5127;12.8355;18.6371;13.3863;0.224594
-13.7071;12.8301;18.7749;13.5806;0.219205
-13.8985;12.8146;18.9046;13.7718;0.203691
-14.0816;12.7976;19.0281;13.9546;0.186641
-14.2837;12.7788;19.1656;14.1564;0.167897
-14.4733;12.7645;19.2979;14.3459;0.153591
-14.6844;12.7529;19.4491;14.5569;0.142019
-14.8754;12.731;19.5795;14.7477;0.120125
-15.0788;12.7255;19.7309;14.951;0.114602
-15.2805;12.719;19.8814;15.1527;0.108088
-15.4756;12.7156;20.0295;15.3477;0.104664
-15.6576;12.7132;20.1689;15.5297;0.102285
-15.8566;12.7121;20.3232;15.7287;0.101229
-16.0633;12.7148;20.4865;15.9355;0.103904
-16.2395;12.6978;20.6144;16.1115;0.0868758
-16.4361;12.6604;20.7469;16.308;0.049492
-16.6503;12.6237;20.8948;16.5221;0.0127674
-16.864;12.5791;21.0387;16.7358;-0.0318386
-17.0646;12.5226;21.1664;16.9366;-0.0882804
-17.2579;12.4674;21.2902;17.1303;-0.143505
-17.465;12.4198;21.4308;17.3379;-0.191114
-17.6563;12.3692;21.5579;17.5297;-0.24171
-17.8619;12.336;21.7077;17.7358;-0.274933
-18.0888;12.2907;21.8693;17.9634;-0.320217
-18.2855;12.241;22.0046;18.1611;-0.369896
-18.4801;12.1885;22.1376;18.3567;-0.422425
-18.6693;12.1232;22.2602;18.5475;-0.487672
-18.8295;12.0675;22.3646;18.7091;-0.543406
-19.0191;12.0028;22.4899;18.9007;-0.608094
-19.2076;11.9413;22.6169;19.0911;-0.66963
-19.3915;11.8649;22.7334;19.2778;-0.746038
-19.5743;11.7644;22.8375;19.4645;-0.846552
-19.7565;11.6658;22.9436;19.651;-0.945101
-19.9297;11.5729;23.0462;19.8287;-1.03802
-20.1022;11.4751;23.1468;20.0062;-1.13583
-20.2897;11.3753;23.2609;20.1993;-1.23562
-20.4651;11.282;23.3689;20.3803;-1.32894
-20.6375;11.1878;23.4749;20.5586;-1.4231
-20.8067;11.1102;23.5872;20.7329;-1.5007
-21.0138;11.0049;23.7211;20.9473;-1.60603
-21.2048;10.885;23.8354;21.1471;-1.72593
-21.3596;10.7597;23.9166;21.3119;-1.85121
-21.5257;10.649;24.0158;21.4872;-1.96191
-21.6912;10.5398;24.1163;21.6622;-2.07109
-21.8701;10.4335;24.2314;21.8506;-2.17742
-22.0321;10.3232;24.3307;22.023;-2.2877
-22.1891;10.1988;24.4207;22.1924;-2.41215
-22.3371;10.0821;24.507;22.3524;-2.52887
-22.4919;9.97799;24.6058;22.5182;-2.63292
-22.6671;9.84527;24.7129;22.7079;-2.76565
-22.827;9.71565;24.8086;22.8827;-2.89527
-22.9758;9.58216;24.8939;23.0475;-3.02876
-23.1272;9.44685;24.9822;23.2156;-3.16406
-23.2617;9.31095;25.056;23.3677;-3.29997
-23.407;9.14981;25.1318;23.5347;-3.46111
-23.5414;8.98414;25.1975;23.6924;-3.62677
-23.6679;8.82197;25.2586;23.8426;-3.78895
-23.7779;8.66418;25.3073;23.9768;-3.94674
-23.895;8.49011;25.3585;24.1214;-4.12081
-24.0106;8.31993;25.4112;24.2648;-4.29099
-24.128;8.15372;25.4685;24.4101;-4.4572
-24.2443;8.00222;25.5308;24.5525;-4.6087
-24.3553;7.83837;25.5856;24.6927;-4.77255
-24.4428;7.6879;25.6233;24.808;-4.92302
-24.5429;7.50647;25.6652;24.9426;-5.10445
-24.6396;7.32592;25.7057;25.0747;-5.285
-24.7009;7.16959;25.7204;25.1679;-5.44132
-24.7891;6.96755;25.7497;25.2984;-5.64337
-24.8673;6.77417;25.7735;25.4183;-5.83675
-24.9404;6.60754;25.8008;25.5281;-6.00338
-25.018;6.43712;25.8329;25.644;-6.1738
-25.1006;6.25469;25.8681;25.7686;-6.35623
-25.1797;6.09526;25.907;25.885;-6.51566
-25.2418;5.90492;25.9233;25.9935;-6.706
-25.2998;5.72085;25.9386;26.0976;-6.89007
-25.3662;5.52194;25.9603;26.2147;-7.08898
-25.4311;5.33123;25.9839;26.3292;-7.27969
-25.5067;5.15426;26.0223;26.4512;-7.45666
-25.5798;4.95767;26.0558;26.5774;-7.65325
-25.6551;4.75288;26.0917;26.709;-7.85804
-25.7146;4.57621;26.1186;26.8182;-8.03471
-25.7782;4.38822;26.149;26.9357;-8.2227
-25.8528;4.19365;26.1908;27.0667;-8.41727
-25.9177;4.01383;26.2266;27.1846;-8.59708
-25.9699;3.83184;26.2511;27.2922;-8.77908
-26.052;3.63434;26.3043;27.4339;-8.97658
-26.1051;3.44718;26.3317;27.5458;-9.16374
-26.158;3.25174;26.3593;27.6612;-9.35918
-26.2037;3.05825;26.3815;27.7702;-9.55266
-26.2449;2.86502;26.4008;27.8758;-9.7459
-26.2842;2.67199;26.4196;27.9806;-9.93893
-26.3217;2.47691;26.438;28.0855;-10.134
-26.3524;2.28629;26.4514;28.1834;-10.3246
-26.3777;2.10574;26.4616;28.2735;-10.5052
-26.4033;1.92299;26.4732;28.3656;-10.6879
-26.433;1.72722;26.4894;28.4675;-10.8837
-26.48;1.52869;26.5241;28.5872;-11.0822
-26.5117;1.36939;26.5471;28.6786;-11.2415
-26.5503;1.17242;26.5762;28.7917;-11.4385
-26.5924;0.977331;26.6104;28.9084;-11.6336
-26.6334;0.771242;26.6446;29.0294;-11.8397
-26.6618;0.585344;26.6682;29.1315;-12.0256
-26.6895;0.387253;26.6923;29.239;-12.2237
-26.7195;0.185612;26.7201;29.351;-12.4253
-26.7439;-0.00144217;26.7439;29.4527;-12.6124
-26.769;-0.206125;26.7698;29.5636;-12.817
-26.8046;-0.385187;26.8074;29.6737;-12.9961
-26.8458;-0.582087;26.8521;29.7974;-13.193
-26.879;-0.800829;26.8909;29.9245;-13.4117
-26.9226;-0.991881;26.9409;30.0496;-13.6028
-26.9604;-1.17493;26.986;30.1665;-13.7858
-26.9738;-1.37891;27.009;30.2721;-13.9898
-27.024;-1.57945;27.0701;30.4097;-14.1904
-27.055;-1.77922;27.1134;30.5308;-14.3901
-27.0861;-1.97099;27.1577;30.6489;-14.5819
-27.1275;-2.16346;27.2137;30.7773;-14.7744
-27.1695;-2.35912;27.2717;30.9084;-14.97
-27.2237;-2.54835;27.3427;31.0478;-15.1593
-27.2671;-2.75591;27.406;31.1875;-15.3668
-27.317;-2.95384;27.4763;31.3288;-15.5648
-27.3769;-3.13113;27.5554;31.4691;-15.7421
-27.4398;-3.32156;27.6401;31.619;-15.9325
-27.4977;-3.51449;27.7214;31.7666;-16.1254
-27.5423;-3.70678;27.7906;31.903;-16.3177
-27.5911;-3.90063;27.8654;32.0443;-16.5115
-27.6511;-4.09028;27.952;32.1938;-16.7012
-27.7089;-4.28208;28.0378;32.343;-16.893
-27.7761;-4.46473;28.1327;32.4959;-17.0756
-27.8394;-4.65617;28.2261;32.6506;-17.2671
-27.9097;-4.84481;28.327;32.8102;-17.4557
-27.9896;-5.02596;28.4373;32.9745;-17.6369
-28.0738;-5.2012;28.5516;33.1395;-17.8121
-28.1562;-5.39492;28.6684;33.3133;-18.0058
-28.2384;-5.57835;28.7841;33.4818;-18.1893
-28.3237;-5.75447;28.9024;33.6493;-18.3654
-28.4056;-5.94139;29.0203;33.8201;-18.5523
-28.4884;-6.12258;29.1389;33.9888;-18.7335
-28.5666;-6.29641;29.2523;34.1501;-18.9073
-28.6493;-6.49451;29.3762;34.3289;-19.1054
-28.7197;-6.68244;29.4869;34.4921;-19.2934
-28.8007;-6.87179;29.6092;34.6654;-19.4827
-28.8729;-7.05199;29.7217;34.8266;-19.6629
-28.946;-7.23802;29.8372;34.9921;-19.8489
-29.0114;-7.43246;29.9483;35.1564;-20.0434
-29.0818;-7.61407;30.062;35.318;-20.225
-29.1591;-7.80527;30.1857;35.491;-20.4162
-29.2516;-8.00365;30.3268;35.681;-20.6146
-29.34;-8.19051;30.4618;35.8612;-20.8014
-29.4267;-8.37193;30.5944;36.0372;-20.9829
-29.5162;-8.54914;30.7293;36.2132;-21.1601
-29.6167;-8.7326;30.8773;36.4021;-21.3435
-29.7102;-8.91736;31.0196;36.5863;-21.5283
-29.798;-9.09752;31.1559;36.7635;-21.7084
-29.8895;-9.28842;31.2995;36.9502;-21.8993
-29.9722;-9.47999;31.4357;37.1305;-22.0909

29.9578;-9.65897;31.4764;37.2934;-22.2699
29.8961;-9.84021;31.4739;37.4512;-22.4511
29.8353;-10.0299;31.476;37.6138;-22.6408
29.7774;-10.2264;31.4845;37.7785;-22.8373
29.7042;-10.4118;31.4761;37.949;-23.0227
29.6289;-10.5941;31.466;38.1196;-23.205
29.5518;-10.7821;31.4573;38.2954;-23.393
29.4857;-10.9539;31.4546;38.4527;-23.5648
29.4419;-11.146;31.481;38.6053;-23.7569
29.4045;-11.3292;31.5115;38.7477;-23.9402
29.3619;-11.5238;31.5424;38.9016;-24.1347
29.3133;-11.7087;31.5652;39.0546;-24.3196
29.2672;-11.9089;31.5973;39.2156;-24.5198
29.2109;-12.0946;31.6158;39.3758;-24.7055
29.1655;-12.2905;31.6494;39.5343;-24.9014
29.1184;-12.4891;31.6838;39.696;-25.1
29.0809;-12.6666;31.7197;39.8376;-25.2775
29.0604;-12.8756;31.7851;39.9863;-25.4866
29.0432;-13.0729;31.8498;40.1255;-25.6838
29.035;-13.2999;31.9362;40.2775;-25.9109
29.0288;-13.5001;32.0144;40.4113;-26.111
29.0047;-13.6952;32.0754;40.5559;-26.3061
28.9932;-13.888;32.1478;40.69;-26.4989
28.9994;-14.0839;32.2385;40.8132;-26.6948
28.9909;-14.2545;32.3058;40.9314;-26.8655
28.9806;-14.4547;32.3854;41.0708;-27.0656
28.9663;-14.6443;32.4577;41.2068;-27.2552
28.9445;-14.8406;32.5274;41.3531;-27.4515
28.9176;-15.0443;32.597;41.5087;-27.6553
28.8681;-15.2468;32.6471;41.6807;-27.8577
28.8302;-15.4506;32.7093;41.8453;-28.0615
28.7768;-15.6683;32.7658;42.0311;-28.2792
28.7235;-15.8717;32.817;42.2075;-28.4827
28.6736;-16.0634;32.8665;42.3739;-28.6743
28.6284;-16.2601;32.9238;42.5403;-28.871
28.5835;-16.4569;32.9825;42.707;-29.0678
28.5361;-16.6644;33.0456;42.8832;-29.2753
28.509;-16.8843;33.1337;43.0533;-29.4952
28.4905;-17.0901;33.2231;43.208;-29.701
28.4842;-17.2844;33.3181;43.3464;-29.8953
28.4792;-17.4818;33.4168;43.4864;-30.0928
28.4783;-17.683;33.5216;43.6265;-30.2939
28.4937;-17.8782;33.6381;43.7512;-30.4892
28.5125;-18.0744;33.7586;43.8748;-30.6853
28.5308;-18.2756;33.8822;44.0026;-30.8865
28.5518;-18.4847;34.0131;44.1348;-31.0957
28.5881;-18.7111;34.167;44.269;-31.3221
28.611;-18.9122;34.2966;44.3953;-31.5231
28.6332;-19.1104;34.4248;44.5206;-31.7213
28.6584;-19.3064;34.5549;44.6429;-31.9173
28.6898;-19.51;34.695;44.7668;-32.1209
28.7137;-19.7094;34.8272;44.8936;-32.3203
28.7226;-19.919;34.9536;45.0385;-32.5299
28.7435;-20.1054;35.0772;45.1589;-32.7163
28.773;-20.2904;35.2077;45.2728;-32.9013
28.8309;-20.485;35.3674;45.3749;-33.0959
28.8898;-20.6776;35.5272;45.4753;-33.2885
28.9522;-20.8656;35.6876;45.5708;-33.4766
29.0166;-21.056;35.8514;45.6673;-33.6669
29.0742;-21.2426;36.0077;45.7663;-33.8535
29.1326;-21.4321;36.1669;45.8674;-34.043
29.1736;-21.6403;36.3236;45.9948;-34.2512
29.1977;-21.8223;36.4516;46.1145;-34.4332
29.2045;-22.0176;36.5743;46.256;-34.6285
29.2058;-22.205;36.6884;46.3956;-34.8159
29.2134;-22.3967;36.8108;46.5346;-35.0076
29.2203;-22.6043;36.943;46.6865;-35.2153
29.213;-22.7994;37.0569;46.8385;-35.4103
29.2108;-23.0133;37.1871;47.0019;-35.6242
29.1991;-23.1985;37.2928;47.1501;-35.8094
29.198;-23.3978;37.4163;47.3023;-36.0087
29.1851;-23.6145;37.5421;47.4759;-36.2254
29.1768;-23.7992;37.6522;47.6223;-36.4102
29.1548;-24.0075;37.7672;47.7958;-36.6184
29.1511;-24.2186;37.8989;47.9601;-36.8295
29.1513;-24.4244;38.0309;48.1182;-37.0353
29.1616;-24.6243;38.1674;48.2657;-37.2352
29.1282;-24.8038;38.2581;48.4255;-37.4147
29.0924;-24.9997;38.3582;48.5997;-37.6106
29.0567;-25.1955;38.4591;48.7739;-37.8064
29.0357;-25.3941;38.5737;48.9412;-38.005
29.0201;-25.5884;38.6902;49.1021;-38.1993
29.0041;-25.7889;38.8112;49.2683;-38.3998
28.9857;-25.9869;38.9293;49.4342;-38.5979
28.9888;-26.1895;39.0671;49.5906;-38.8004
29.0126;-26.3844;39.2157;49.7285;-38.9953
29.0341;-26.5878;39.3686;49.8748;-39.1987
29.058;-26.796;39.5271;50.0239;-39.4069
29.0782;-26.9969;39.6784;50.17;-39.6078
29.1077;-27.2149;39.8486;50.3242;-39.8258
29.1006;-27.4056;39.9739;50.4795;-40.0165
29.0929;-27.6196;40.1154;50.654;-40.2305
29.0869;-27.8231;40.2514;50.8195;-40.434
29.0842;-28.0199;40.3857;50.9778;-40.6308
29.0722;-28.2152;40.5129;51.1409;-40.8262
29.0576;-28.4147;40.6415;51.309;-41.0256
29.0426;-28.6019;40.7619;51.4678;-41.2128
29.0302;-28.7932;40.8877;51.6285;-41.4042
29.0173;-28.9907;41.0178;51.7947;-41.6016
29.0043;-29.1891;41.1492;51.9619;-41.8
28.9996;-29.3811;41.2823;52.1193;-41.992
28.9856;-29.5846;41.4175;52.2917;-42.1955
28.9845;-29.7654;41.5461;52.4383;-42.3763
28.9643;-29.984;41.689;52.627;-42.5949

28.9458;29.8165;41.5558;52.7994;-42.7944
28.9204;29.6175;41.3955;52.9756;-42.9934
28.8912;29.4201;41.234;53.153;-43.1908
28.8442;29.2415;41.0737;53.3256;-43.3694
28.7901;29.0474;40.8977;53.515;-43.5636
28.7372;28.8483;40.7192;53.7077;-43.7626
28.694;28.6389;40.5405;53.9035;-43.9721
28.6578;28.4453;40.3783;54.0825;-44.1657
28.6149;28.2435;40.2058;54.2721;-44.3674
28.5664;28.0482;40.0342;54.4598;-44.5627
28.5219;27.8319;39.8511;54.6624;-44.7791
28.4977;27.6274;39.6913;54.8438;-44.9835
28.4757;27.4299;39.5382;55.0185;-45.181
28.447;27.2553;39.3965;55.1784;-45.3557
28.4218;27.0226;39.2176;55.3841;-45.5884
28.3969;26.8233;39.0624;55.5623;-45.7876
28.3571;26.5995;38.8801;55.7694;-46.0114
28.2919;26.4128;38.7049;55.9603;-46.1981
28.2094;26.2279;38.5185;56.1595;-46.383
28.1259;26.043;38.3315;56.3593;-46.5679
28.0558;25.8694;38.1622;56.5422;-46.7415
27.9716;25.6825;37.9737;56.7441;-46.9284
27.8961;25.5121;37.8029;56.9275;-47.0989
27.8362;25.3137;37.6249;57.1253;-47.2972
27.7706;25.1212;37.447;57.3215;-47.4897
27.7129;24.9186;37.2685;57.5217;-47.6923
27.674;24.7444;37.1233;57.6879;-47.8665
27.6255;24.542;36.9524;57.883;-48.0689
27.5823;24.3477;36.7912;58.0685;-48.2632
27.5403;24.1506;36.6295;58.2557;-48.4603
27.4767;23.9799;36.4692;58.433;-48.6311
27.4384;23.8086;36.3279;58.5968;-48.8023
27.3964;23.6151;36.1696;58.7813;-48.9959
27.3378;23.4135;35.9937;58.9817;-49.1974
27.2808;23.2238;35.8272;59.1714;-49.3871
27.219;23.0257;35.6519;59.3708;-49.5852
27.1444;22.8189;35.4615;59.5846;-49.792
27.0765;22.6308;35.2887;59.7791;-49.9801
27.0089;22.4408;35.1151;59.9751;-50.1701
26.9412;22.2501;34.9413;60.1717;-50.3608
26.8746;22.0666;34.7732;60.3618;-50.5443
26.8007;21.8862;34.6018;60.5532;-50.7247
26.7282;21.7002;34.4281;60.7487;-50.9107
26.6551;21.5129;34.2535;60.9455;-51.098
26.5712;21.3151;34.0642;61.157;-51.2958
26.4844;21.1387;33.8861;61.3523;-51.4722
26.3928;20.9451;33.6939;61.5645;-51.6658
26.3136;20.777;33.5274;61.7487;-51.8339
26.2104;20.5988;33.336;61.9545;-52.0122
26.0961;20.4301;33.1421;62.1581;-52.1808
25.9911;20.2824;32.9683;62.3392;-52.3286
25.8669;20.1088;32.7637;62.5524;-52.5021
25.7557;19.9502;32.5786;62.746;-52.6607
25.643;19.795;32.3946;62.9375;-52.8159
25.5216;19.6318;32.1988;63.1405;-52.9791
25.4025;19.467;32.004;63.3435;-53.1439
25.2945;19.2881;31.8095;63.5524;-53.3228
25.1893;19.1137;31.6202;63.756;-53.4972
25.085;18.9512;31.4389;63.9491;-53.6597
24.9809;18.7881;31.2576;64.1425;-53.8228
24.8742;18.6268;31.0755;64.3359;-53.9841
24.7659;18.4882;30.9057;64.5112;-54.1228
24.6519;18.3321;30.721;64.7042;-54.2789
24.534;18.1705;30.5301;64.9039;-54.4404
24.4073;18.0106;30.3331;65.1071;-54.6004
24.2972;17.8733;30.1631;65.2821;-54.7376
24.1877;17.7169;29.9822;65.473;-54.894
24.0801;17.5656;29.8061;65.6584;-55.0453
23.948;17.401;29.6023;65.8685;-55.2099
23.8305;17.2434;29.4148;66.0646;-55.3675
23.7112;17.0963;29.2319;66.253;-55.5146
23.5871;16.9485;29.0448;66.4446;-55.6625
23.4715;16.8095;28.8699;66.6241;-55.8014
23.3803;16.6658;28.7122;66.7943;-55.9451
23.2711;16.4973;28.5256;66.9951;-56.1136
23.1782;16.3194;28.347;67.1949;-56.2915
23.0932;16.1412;28.1751;67.3906;-56.4697
23.0011;15.9623;27.9973;67.5907;-56.6486
22.8969;15.7882;27.8125;67.7935;-56.8227
22.7815;15.6405;27.6337;67.9802;-56.9704
22.6556;15.5065;27.4541;68.1613;-57.1044
22.5254;15.3517;27.2593;68.3621;-57.2592
22.399;15.1926;27.0653;68.5643;-57.4183
22.2744;15.0362;26.8745;68.7634;-57.5747
22.1611;14.8846;26.6958;68.9523;-57.7263
22.0277;14.7384;26.5036;69.1477;-57.8725
21.8921;14.6031;26.3157;69.3351;-58.0078
21.7192;14.4675;26.0966;69.5433;-58.1434
21.5641;14.3297;25.8912;69.7436;-58.2812
21.4133;14.1986;25.693;69.9361;-58.4123
21.2622;14.0701;25.4961;70.1265;-58.5408
21.1089;13.9344;25.2933;70.3242;-58.6765
20.98;13.8122;25.1185;70.4972;-58.7987
20.8574;13.6656;24.9355;70.6871;-58.9453
20.7254;13.5082;24.7389;70.8912;-59.1027
20.6035;13.3487;24.5498;71.0915;-59.2622
20.4796;13.1902;24.3597;71.2921;-59.4208
20.3635;13.0294;24.1751;71.4903;-59.5815
20.2527;12.8566;23.9888;71.6956;-59.7543
20.1384;12.6695;23.7922;71.9147;-59.9414
20.0478;12.4933;23.622;72.1116;-60.1176
19.9458;12.3189;23.4434;72.3133;-60.292
19.8441;12.1442;23.2653;72.515;-60.4667
19.753;11.9789;23.1014;72.7033;-60.632
19.6524;11.8116;22.9288;72.8983;-60.7993
19.5457;11.6438;22.7511;73.0971;-60.9672
19.4361;11.5068;22.5869;73.2718;-61.1042
19.294;11.3443;22.382;73.4857;-61.2666
19.1751;11.1695;22.1911;73.6971;-61.4414
19.0716;11.0107;22.0218;73.8867;-61.6002
18.9693;10.8466;21.8514;74.08;-61.7643
18.8636;10.6768;21.6755;74.28;-61.9342
18.753;10.5081;21.4964;74.4817;-62.1029
18.6636;10.3484;21.3405;74.6642;-62.2625
18.5647;10.1703;21.168;74.8673;-62.4406
18.4655;9.99466;20.9968;75.0685;-62.6163
18.366;9.82738;20.83;75.2629;-62.7835
18.2606;9.66995;20.663;75.4523;-62.941
18.1515;9.50471;20.4894;75.6503;-63.1062
18.0491;9.3234;20.3149;75.8581;-63.2875
17.9554;9.15452;20.1544;76.0506;-63.4564
17.8623;8.94737;19.978;76.2748;-63.6636
17.7818;8.75955;19.8223;76.4759;-63.8514
17.7114;8.56827;19.6751;76.6743;-64.0426
17.649;8.37348;19.5346;76.8714;-64.2374
17.5904;8.19748;19.4067;77.0507;-64.4134
17.5244;8.00044;19.2642;77.2517;-64.6105
17.5028;7.82797;19.1736;77.4077;-64.7829
17.4768;7.62703;19.0685;77.5902;-64.9839
17.4514;7.43201;18.968;77.7675;-65.1789
17.373;7.24424;18.8229;77.9676;-65.3667
17.2855;7.05805;18.671;78.1714;-65.5529
17.2026;6.87706;18.5263;78.3683;-65.7339
17.1175;6.69552;18.3804;78.5669;-65.9154
17.0413;6.52845;18.249;78.7486;-66.0825
16.9604;6.34686;18.1091;78.945;-66.2641
16.8788;6.18056;17.9748;79.129;-66.4304
16.7849;5.99746;17.8242;79.3337;-66.6135
16.6905;5.82081;17.6764;79.5333;-66.7901
16.59;5.64024;17.5225;79.7395;-66.9707
16.4671;5.47187;17.3525;79.9476;-67.1391
16.316;5.30279;17.156;80.1717;-67.3081
16.175;5.12701;16.9681;80.3958;-67.4839
16.0505;4.94456;16.7948;80.6166;-67.6664
15.9351;4.79258;16.6402;80.8069;-67.8183
15.809;4.63188;16.4736;81.0104;-67.979
15.6898;4.46708;16.3133;81.2135;-68.1438
15.5645;4.31106;16.1505;81.4126;-68.2999
15.4448;4.15701;15.9944;81.607;-68.4539
15.3224;3.99968;15.8358;81.8056;-68.6112
15.2117;3.8387;15.6885;82.0009;-68.7722
15.0997;3.67484;15.5404;82.1993;-68.9361
14.9803;3.5078;15.3855;82.4044;-69.1031
14.8759;3.35079;15.2486;82.5929;-69.2601
14.74;3.18554;15.0803;82.8055;-69.4254
14.619;3.02674;14.9291;83.0046;-69.5842
14.5172;2.86345;14.7969;83.197;-69.7475
14.4105;2.69656;14.6606;83.3951;-69.9144
14.2987;2.53601;14.5218;83.5907;-70.0749
14.1562;2.37869;14.3546;83.8003;-70.2322
14.0211;2.22663;14.1968;84.0014;-70.3843
13.8887;2.07595;14.043;84.1999;-70.535
13.7519;1.93019;13.8867;84.3967;-70.6807
13.616;1.78571;13.7326;84.592;-70.8252
13.4981;1.64753;13.5983;84.7722;-70.9634
13.3749;1.48206;13.4567;84.9781;-71.1289
13.2569;1.31943;13.3224;85.1788;-71.2915
13.1402;1.1575;13.1911;85.3782;-71.4534
13.0176;1.0036;13.0562;85.5741;-71.6073
12.8851;0.841054;12.9125;85.7826;-71.7699
12.7648;0.689198;12.7834;85.9756;-71.9217
12.6248;0.522853;12.6356;86.1914;-72.0881
12.5074;0.353748;12.5124;86.3972;-72.2572
12.3895;0.192375;12.391;86.5968;-72.4185
12.2744;0.0241142;12.2745;86.8006;-72.5868
12.1619;-0.144388;12.1628;87.0032;-72.7553
12.0461;-0.317019;12.0503;87.2111;-72.9279
11.9351;-0.481517;11.9448;87.4095;-73.0924
11.8218;-0.649929;11.8397;87.6125;-73.2608
11.7374;-0.788419;11.7639;87.7746;-73.3993
11.633;-0.971051;11.6734;87.9846;-73.582
11.5306;-1.14601;11.5874;88.1871;-73.7569
11.4755;-1.33972;11.5535;88.3793;-73.9506
11.4162;-1.52793;11.518;88.5692;-74.1388
11.3598;-1.71866;11.4891;88.7598;-74.3296
11.3103;-1.90866;11.4703;88.9459;-74.5196
11.2562;-2.0947;11.4495;89.1314;-74.7056
11.2238;-2.29078;11.4552;89.3135;-74.9017
11.1976;-2.51575;11.4767;89.5165;-75.1267
11.1621;-2.71033;11.4865;89.699;-75.3213
11.1351;-2.90667;11.5082;89.8786;-75.5176
11.1002;-3.10063;11.5251;90.0606;-75.7115
11.0717;-3.29622;11.552;90.2405;-75.9071
11.0514;-3.53818;11.604;90.455;-76.1491
11.0237;-3.74305;11.6419;90.6425;-76.354
10.9903;-3.92762;11.671;90.816;-76.5385
10.9747;-4.13307;11.7272;90.9976;-76.744
10.9632;-4.32889;11.7869;91.169;-76.9398
10.8965;-4.50658;11.7916;91.3548;-77.1175
10.8267;-4.69312;11.8001;91.5496;-77.304
10.7683;-4.87539;11.8206;91.7348;-77.4863
10.7064;-5.06304;11.8432;91.9265;-77.674
10.6213;-5.25485;11.8501;92.1341;-77.8658
10.5507;-5.43455;11.8681;92.3237;-78.0455
10.478;-5.62881;11.8942;92.5268;-78.2397
10.4112;-5.81398;11.9246;92.719;-78.4249
10.3533;-5.98399;11.9583;92.8937;-78.5949
10.2898;-6.17396;11.9999;93.0883;-78.7849
10.2253;-6.36625;12.0452;93.2854;-78.9772
10.1512;-6.55913;12.0859;93.4882;-79.1701
10.0872;-6.74559;12.1348;93.6801;-79.3565
10.0196;-6.92186;12.178;93.8653;-79.5328
9.94784;-7.10835;12.2265;94.0615;-79.7193
9.88445;-7.29071;12.2824;94.2497;-79.9016
9.81163;-7.48119;12.3384;94.4498;-80.0921
9.75758;-7.6801;12.4175;94.6471;-80.291
9.71503;-7.87796;12.5078;94.8375;-80.4889
9.67497;-8.07744;12.6036;95.028;-80.6884
9.63549;-8.27462;12.7009;95.2164;-80.8855
9.60168;-8.47541;12.8072;95.4048;-81.0863
9.57469;-8.66946;12.9164;95.584;-81.2804
9.54612;-8.86839;13.0298;95.7682;-81.4793
9.55167;-9.05823;13.1638;95.9269;-81.6692
9.55558;-9.23082;13.286;96.0718;-81.8417
9.5692;-9.41766;13.4262;96.2239;-82.0286
9.56289;-9.63029;13.5717;96.4085;-82.2412
9.55568;-9.82759;13.7074;96.5806;-82.4385
9.54672;-10.0293;13.8466;96.7575;-82.6402
9.54931;-10.2015;13.9736;96.9033;-82.8125
9.55925;-10.3997;14.1256;97.0676;-83.0107
9.57166;-10.5976;14.2802;97.2304;-83.2085
9.60192;-10.8153;14.4626;97.4012;-83.4262
9.62846;-11.0214;14.6348;97.5641;-83.6323
9.64918;-11.2032;14.7858;97.7094;-83.8141
9.67936;-11.4192;14.9696;97.8792;-84.0301
9.72742;-11.609;15.1457;98.0176;-84.2199
9.75859;-11.7886;15.3037;98.1561;-84.3996
9.79611;-11.981;15.4761;98.3024;-84.5919
9.83086;-12.1782;15.6511;98.4545;-84.7892
9.87611;-12.3793;15.8362;98.6048;-84.9902
9.91985;-12.5815;16.0217;98.757;-85.1924
9.96392;-12.7888;16.2121;98.9136;-85.3997
10.0086;-12.9758;16.3873;99.0526;-85.5867
10.054;-13.1709;16.5697;99.1985;-85.7819
10.1114;-13.3631;16.7575;99.3359;-85.974
10.1832;-13.5674;16.9639;99.4769;-86.1783
10.238;-13.7575;17.1489;99.6144;-86.3684
10.2926;-13.9406;17.3285;99.746;-86.5515
10.3655;-14.1391;17.5316;99.8821;-86.75
10.4373;-14.3325;17.7301;100.015;-86.9434
10.5087;-14.5313;17.9329;100.152;-87.1422
10.5749;-14.7161;18.1215;100.281;-87.327
10.6351;-14.9114;18.3155;100.421;-87.5223
10.6807;-15.1338;18.5231;100.593;-87.7447
10.7066;-15.3547;18.719;100.773;-87.9657
10.7258;-15.5477;18.8885;100.932;-88.1586
10.7452;-15.7455;19.0626;101.095;-88.3564
10.775;-15.9478;19.2466;101.258;-88.5587
10.8094;-16.142;19.427;101.411;-88.7529
10.8584;-16.3482;19.6257;101.568;-88.9591
10.9108;-16.539;19.8137;101.71;-89.1499
10.9541;-16.727;19.9946;101.854;-89.3379
10.9982;-16.9169;20.1778;101.999;-89.5278
11.0456;-17.0966;20.3543;102.134;-89.7075
11.0921;-17.2859;20.5387;102.278;-89.8968
11.1324;-17.4813;20.7251;102.431;-90.0923
11.1479;-17.6647;20.8882;102.585;-90.2756
11.1745;-17.8668;21.0735;102.75;-90.4777
11.1823;-18.0746;21.2541;102.93;-90.6855
11.1899;-18.2805;21.4334;103.108;-90.8914
11.1984;-18.485;21.6125;103.284;-91.0959
11.2066;-18.6848;21.7878;103.456;-91.2957
11.222;-18.8833;21.9662;103.624;-91.4942
11.2271;-19.0956;22.1515;103.809;-91.7066
11.235;-19.274;22.3095;103.963;-91.885
11.2519;-19.4615;22.4801;104.121;-92.0724
11.2872;-19.6821;22.6889;104.3;-92.2931
11.3277;-19.8897;22.8892;104.465;-92.5006
11.3599;-20.0779;23.0688;104.616;-92.6888
11.3926;-20.2732;23.255;104.774;-92.8841
11.4212;-20.4607;23.4326;104.928;-93.0717
11.455;-20.6586;23.6219;105.088;-93.2696
11.4966;-20.8541;23.8131;105.242;-93.465
11.534;-21.0544;24.0067;105.403;-93.6653
11.5348;-21.2493;24.1782;105.576;-93.8602
11.5599;-21.4089;24.3305;105.706;-94.0198
11.5887;-21.6154;24.526;105.877;-94.2263
11.617;-21.8122;24.7129;106.039;-94.4232
11.6455;-22.0107;24.9016;106.203;-94.6217
11.6759;-22.2299;25.1097;106.384;-94.8408
11.7027;-22.4247;25.2947;106.546;-95.0356
11.7283;-22.5936;25.4563;106.685;-95.2046
11.7582;-22.7855;25.6405;106.843;-95.3964
11.7934;-22.9909;25.8392;107.01;-95.6018
11.8195;-23.176;26.0159;107.164;-95.7869
11.8509;-23.3754;26.2079;107.328;-95.9864
11.8815;-23.5729;26.398;107.491;-96.1839
11.9146;-23.7688;26.5878;107.652;-96.3797
11.9597;-23.9709;26.7888;107.813;-96.5819
12.012;-24.159;26.9805;107.958;-96.77
12.0655;-24.3519;27.177;108.107;-96.9628
12.1203;-24.5432;27.3728;108.255;-97.1541
12.1889;-24.7182;27.5601;108.382;-97.3291
12.2511;-24.8823;27.7348;108.502;-97.4932
12.323;-25.0693;27.9343;108.638;-97.6802
12.3796;-25.2589;28.1295;108.784;-97.8699
12.4162;-25.4407;28.3088;108.932;-98.0516
12.4657;-25.6416;28.5112;109.091;-98.2526
12.5111;-25.8304;28.7008;109.242;-98.4414
12.5559;-26.0214;28.8923;109.394;-98.6323
12.6008;-26.2165;29.0876;109.551;-98.8275
12.6407;-26.4129;29.2819;109.711;-99.0238
12.6607;-26.6018;29.461;109.873;-99.2127
12.6787;-26.8044;29.6518;110.048;-99.4153
12.6975;-27.0241;29.8584;110.239;-99.635
12.7237;-27.224;30.0506;110.408;-99.8349
12.7419;-27.4294;30.2445;110.586;-100.04
12.7731;-27.6602;30.467;110.782;-100.271
12.791;-27.8746;30.6693;110.968;-100.486
12.8082;-28.0727;30.8566;111.14;-100.684
12.8063;-28.2723;31.0374;111.322;-100.883
12.81;-28.4756;31.2243;111.505;-101.086
12.8143;-28.6784;31.4111;111.687;-101.289
12.8211;-28.8814;31.5992;111.868;-101.492
12.867;-29.1062;31.8234;112.053;-101.717
12.9032;-29.2944;32.0102;112.208;-101.905
12.9405;-29.4871;32.2016;112.368;-102.098
12.9948;-29.6766;32.3971;112.518;-102.288
13.0551;-29.8688;32.5973;112.667;-102.48

13.1077;29.9484;32.6912;112.812;-102.663
13.1626;29.7554;32.5367;112.965;-102.856
13.215;29.565;32.384;113.116;-103.046
13.2722;29.3872;32.2452;113.255;-103.224
13.3466;29.182;32.0892;113.411;-103.429
13.4104;28.9994;31.95;113.552;-103.612
13.4727;28.8084;31.8032;113.701;-103.802
13.5342;28.621;31.6597;113.847;-103.99
13.609;28.413;31.504;114.006;-104.198
13.6399;28.2508;31.3712;114.142;-104.36
13.6965;28.0674;31.231;114.287;-104.543
13.7556;27.8758;31.085;114.438;-104.735
13.8277;27.6867;30.9477;114.582;-104.924
13.9238;27.4955;30.82;114.719;-105.115
14.0183;27.3063;30.6944;114.855;-105.305
14.1038;27.1355;30.5819;114.977;-105.475
14.1906;26.9701;30.4755;115.095;-105.641
14.2789;26.8146;30.3794;115.202;-105.796
14.3768;26.6375;30.2696;115.326;-105.973
14.4645;26.4677;30.1623;115.448;-106.143
14.5562;26.2901;30.0508;115.575;-106.321
14.6382;26.1128;29.9358;115.706;-106.498
14.7141;25.92;29.8052;115.854;-106.691
14.7736;25.7274;29.6675;116.008;-106.884
14.8114;25.5539;29.5361;116.154;-107.057
14.8614;25.3455;29.3812;116.326;-107.265
14.9227;25.1409;29.2361;116.491;-107.47
14.9821;24.9508;29.1034;116.644;-107.66
15.0565;24.7621;28.9804;116.789;-107.849
15.1289;24.5661;28.851;116.943;-108.045
15.2017;24.3528;28.708;117.112;-108.258
15.2675;24.1659;28.5847;117.26;-108.445
15.3293;23.9606;28.4447;117.426;-108.65
15.3894;23.7739;28.3202;117.576;-108.837
15.4374;23.605;28.2048;117.714;-109.006
15.5069;23.4093;28.0796;117.87;-109.202
15.5745;23.2209;27.9602;118.019;-109.39
15.6525;23.0257;27.8421;118.17;-109.585
15.7249;22.8618;27.7477;118.295;-109.749
15.799;22.6657;27.6286;118.45;-109.945
15.8694;22.4857;27.5217;118.591;-110.125
15.951;22.2849;27.4053;118.747;-110.326
16.0235;22.0983;27.2963;118.894;-110.513
16.0962;21.9171;27.1927;119.035;-110.694
16.1698;21.7294;27.0856;119.183;-110.881
16.2633;21.5723;27.0159;119.295;-111.039
16.3705;21.4036;26.9464;119.413;-111.207
16.4662;21.2357;26.8717;119.534;-111.375
16.553;21.0693;26.794;119.658;-111.542
16.6457;20.8947;26.7146;119.787;-111.716
16.7439;20.7257;26.6442;119.91;-111.885
16.8328;20.55;26.564;120.042;-112.061
16.9394;20.394;26.5115;120.149;-112.217
17.0526;20.2251;26.4546;120.267;-112.386
17.173;20.0504;26.3994;120.387;-112.561
17.2943;19.8979;26.3632;120.487;-112.713
17.4143;19.7769;26.3511;120.558;-112.834
17.5548;19.6339;26.3374;120.642;-112.977
17.6981;19.4966;26.3314;120.721;-113.114
17.8183;19.3608;26.3122;120.806;-113.25
17.9481;19.2033;26.285;120.909;-113.408
18.0754;19.0492;26.2601;121.009;-113.562
18.1843;18.9112;26.2355;121.101;-113.7
18.2967;18.7788;26.2185;121.187;-113.832
18.4302;18.6184;26.1977;121.292;-113.992
18.5578;18.4722;26.1843;121.386;-114.139
18.6866;18.3325;26.1776;121.473;-114.278
18.8202;18.1829;26.169;121.569;-114.428
18.9612;18.0298;26.1648;121.666;-114.581
19.0969;17.8828;26.1628;121.758;-114.728
19.2204;17.7147;26.1387;121.876;-114.896
19.3369;17.5486;26.1126;121.993;-115.062
19.4438;17.3848;26.0824;122.113;-115.226
19.5691;17.2238;26.0694;122.223;-115.387
19.6918;17.0707;26.061;122.327;-115.54
19.7944;16.9189;26.0397;122.437;-115.692
19.9173;16.7588;26.0299;122.548;-115.852
20.0399;16.6;26.0223;122.659;-116.011
20.156;16.4401;26.0104;122.772;-116.171
20.2742;16.2659;25.9928;122.899;-116.345
20.3926;16.1069;25.9864;123.011;-116.504
20.5057;15.9458;25.976;123.128;-116.665
20.6192;15.7927;25.9724;123.237;-116.818
20.7279;15.6061;25.9461;123.379;-117.005
20.8289;15.4324;25.923;123.512;-117.178
20.9447;15.2565;25.9122;123.642;-117.354
21.0465;15.0963;25.9009;123.762;-117.515
21.1548;14.9197;25.8867;123.896;-117.691
21.2526;14.7495;25.8693;124.027;-117.861
21.3565;14.5763;25.8567;124.16;-118.035
21.4709;14.4054;25.8556;124.287;-118.205
21.5817;14.2394;25.856;124.41;-118.372
21.7136;14.0633;25.87;124.538;-118.548
21.8343;13.9089;25.8881;124.648;-118.702
21.9575;13.752;25.9084;124.76;-118.859
22.0728;13.5877;25.9198;124.881;-119.023
22.184;13.4214;25.9281;125.006;-119.189
22.2855;13.2519;25.9279;125.137;-119.359
22.3911;13.0748;25.929;125.274;-119.536
22.4932;12.9027;25.9311;125.408;-119.708
22.5974;12.7213;25.9321;125.55;-119.89
22.7034;12.5375;25.9352;125.694;-120.073
22.8018;12.3648;25.9386;125.831;-120.246
22.9056;12.1778;25.9416;125.979;-120.433
23.0065;11.9983;25.9472;126.121;-120.613
23.1061;11.8242;25.9558;126.258;-120.787
23.2048;11.6514;25.9657;126.395;-120.96
23.3051;11.4789;25.9787;126.531;-121.132
23.4052;11.3059;25.9928;126.668;-121.305
23.466;11.1247;25.9695;126.824;-121.486
23.5389;10.9426;25.958;126.977;-121.668
23.6164;10.7606;25.9524;127.13;-121.85
23.6951;10.5672;25.9447;127.293;-122.044
23.7649;10.3694;25.9286;127.463;-122.242
23.8043;10.1814;25.8902;127.632;-122.429
23.8352;9.98729;25.8431;127.809;-122.624
23.8656;9.78433;25.7934;127.995;-122.827
23.9172;9.59559;25.7703;128.162;-123.015
23.9695;9.40273;25.7478;128.333;-123.208
23.994;9.21586;25.703;128.505;-123.395
24.0373;8.99422;25.6649;128.706;-123.617
24.0901;8.82048;25.6541;128.858;-123.79
24.1538;8.61039;25.6427;129.042;-124.001
24.1968;8.43957;25.6264;129.195;-124.171
24.2578;8.25957;25.6254;129.351;-124.351
24.3045;8.07746;25.6116;129.513;-124.533
24.3569;7.88748;25.6021;129.681;-124.723
24.4039;7.69493;25.5883;129.854;-124.916
24.4447;7.49953;25.5692;130.031;-125.111
24.4859;7.30448;25.5522;130.207;-125.306
24.528;7.10718;25.537;130.385;-125.504
24.5271;6.90411;25.4803;130.581;-125.707
24.5266;6.70225;25.4258;130.776;-125.909
24.5487;6.51061;25.3974;130.954;-126.1
24.594;6.31692;25.3923;131.129;-126.294
24.6433;6.11605;25.3909;131.309;-126.495
24.7097;5.91539;25.4079;131.484;-126.696
24.7768;5.73109;25.4309;131.644;-126.88
24.8543;5.54596;25.4656;131.802;-127.065
24.9209;5.34964;25.4886;131.973;-127.261
24.9711;5.15797;25.4982;132.145;-127.453
25.0258;4.97004;25.5145;132.312;-127.641
25.0839;4.7819;25.5356;132.478;-127.829
25.16;4.60985;25.5788;132.624;-128.001
25.2351;4.42194;25.6196;132.786;-128.189
25.3321;4.1921;25.6766;132.983;-128.419
25.3937;4.03042;25.7116;133.123;-128.581
25.4659;3.84414;25.7544;133.284;-128.767
25.5534;3.64928;25.8127;133.45;-128.962
25.6313;3.46864;25.8649;133.604;-129.142
25.7014;3.28636;25.9107;133.763;-129.325
25.7656;3.10755;25.9524;133.919;-129.503
25.8493;2.94065;26.016;134.059;-129.67
25.9339;2.7552;26.0798;134.217;-129.856
26.0149;2.56956;26.1415;134.376;-130.041
26.0739;2.38113;26.1824;134.544;-130.23
26.1538;2.17363;26.244;134.725;-130.437
26.2211;1.98627;26.2962;134.889;-130.625
26.2756;1.78498;26.3362;135.071;-130.826
26.3317;1.60112;26.3803;135.235;-131.01
26.4347;1.42107;26.4729;135.384;-131.19
26.5398;1.24447;26.5689;135.529;-131.366
26.6425;1.0641;26.6637;135.679;-131.547
26.7415;0.890477;26.7563;135.823;-131.72
26.8408;0.716309;26.8504;135.968;-131.895
26.9491;0.544448;26.9546;136.108;-132.066
27.0569;0.381276;27.0596;136.241;-132.23
27.1773;0.239097;27.1783;136.35;-132.372
27.2927;0.0775729;27.2928;136.479;-132.533
27.4066;-0.0923325;27.4067;136.617;-132.703
27.5322;-0.245749;27.5333;136.736;-132.857
27.6783;-0.413182;27.6814;136.864;-133.024
27.8058;-0.554738;27.8113;136.972;-133.166
27.9385;-0.706455;27.9475;137.088;-133.317
28.0699;-0.861529;28.0831;137.209;-133.472
28.1987;-1.03413;28.2176;137.347;-133.645
28.3135;-1.19735;28.3388;137.479;-133.808
28.4309;-1.36145;28.4635;137.612;-133.972
28.5354;-1.51519;28.5756;137.738;-134.126
28.6308;-1.6689;28.6794;137.866;-134.28
28.727;-1.8466;28.7863;138.017;-134.458
28.8202;-2.00775;28.8901;138.153;-134.619
28.9004;-2.19199;28.9834;138.315;-134.803
28.9912;-2.3546;29.0866;138.453;-134.966
29.0946;-2.53765;29.205;138.609;-135.149
29.196;-2.70058;29.3207;138.745;-135.312
29.3384;-2.85536;29.477;138.865;-135.466
29.4658;-3.00373;29.6185;138.981;-135.615
29.6068;-3.16748;29.7757;139.111;-135.778
29.7288;-3.33397;29.9152;139.247;-135.945
29.8538;-3.4885;30.0569;139.37;-136.099
29.9792;-3.64435;30.1999;139.496;-136.255

-29.9074;-3.80295;30.1482;139.626;-136.414
-29.796;-3.98986;30.0619;139.785;-136.601
-29.6902;-4.16307;29.9807;139.932;-136.774
-29.5902;-4.34735;29.9079;140.091;-136.958
-29.4932;-4.52152;29.8377;140.241;-137.132
-29.3888;-4.70077;29.7624;140.395;-137.312
-29.2882;-4.87326;29.6908;140.543;-137.484
-29.1951;-5.03479;29.626;140.681;-137.646
-29.1105;-5.2022;29.5717;140.828;-137.813
-29.0201;-5.38139;29.5148;140.984;-137.992
-28.9312;-5.55597;29.4599;141.137;-138.167
-28.8503;-5.73146;29.4141;141.293;-138.342
-28.7568;-5.92516;29.3608;141.463;-138.536
-28.6703;-6.10565;29.3133;141.623;-138.717
-28.5844;-6.29358;29.2691;141.789;-138.904
-28.4935;-6.47372;29.2197;141.948;-139.085
-28.4133;-6.65542;29.1824;142.11;-139.266
-28.3277;-6.84576;29.1432;142.279;-139.457
-28.2453;-7.02806;29.1065;142.442;-139.639
-28.1633;-7.21089;29.0717;142.605;-139.822
-28.0667;-7.37658;29.0199;142.748;-139.987
-27.9592;-7.54955;28.9605;142.897;-140.16
-27.8746;-7.71022;28.9212;143.038;-140.321
-27.7806;-7.88508;28.8779;143.191;-140.496
-27.6888;-8.06342;28.839;143.349;-140.674
-27.603;-8.24556;28.8082;143.511;-140.856
-27.5191;-8.41696;28.7775;143.663;-141.028
-27.4479;-8.61323;28.7676;143.842;-141.224
-27.3626;-8.80811;28.7453;144.018;-141.419
-27.2678;-8.97081;28.7056;144.159;-141.582
-27.1794;-9.13268;28.6727;144.302;-141.744
-27.0857;-9.30319;28.6389;144.452;-141.914
-27.0088;-9.48851;28.627;144.62;-142.099
-26.9277;-9.69767;28.6207;144.81;-142.309
-26.8525;-9.88955;28.6157;144.985;-142.5
-26.7837;-10.079;28.6173;145.158;-142.69
-26.7033;-10.2599;28.6065;145.321;-142.871
-26.6028;-10.4396;28.5779;145.48;-143.05
-26.5066;-10.5776;28.5392;145.598;-143.189
-26.4019;-10.7629;28.5114;145.761;-143.374
-26.2986;-10.9256;28.4778;145.903;-143.537
-26.1979;-11.0915;28.4491;146.048;-143.702
-26.0718;-11.2428;28.3926;146.174;-143.854
-25.9267;-11.3744;28.312;146.278;-143.985
-25.7826;-11.5105;28.2353;146.387;-144.121
-25.6213;-11.6442;28.1432;146.49;-144.255
-25.4672;-11.7722;28.0564;146.59;-144.383
-25.3179;-11.905;27.9772;146.695;-144.516
-25.1647;-12.0411;27.8971;146.803;-144.652
-25.0115;-12.1723;27.8162;146.906;-144.783
-24.8576;-12.3062;27.737;147.012;-144.917
-24.7023;-12.4362;27.6561;147.114;-145.047
-24.5447;-12.5419;27.5634;147.192;-145.153
-24.3861;-12.6586;27.4759;147.281;-145.27
-24.213;-12.7685;27.3734;147.361;-145.379
-24.0467;-12.8895;27.2834;147.453;-145.5
-23.9068;-13.01;27.2175;147.55;-145.621
-23.7565;-13.1427;27.1496;147.656;-145.754
-23.6113;-13.2657;27.0828;147.755;-145.877
-23.457;-13.3836;27.0065;147.847;-145.995
-23.2929;-13.4962;26.9204;147.932;-146.107
-23.1217;-13.6136;26.8317;148.021;-146.224
-22.9431;-13.7286;26.7369;148.107;-146.34
-22.778;-13.8348;26.6503;148.187;-146.446
-22.5798;-13.9601;26.5467;148.281;-146.571
-22.4109;-14.064;26.4584;148.358;-146.675
-22.236;-14.1495;26.3562;148.416;-146.76
-22.0597;-14.2374;26.2551;148.477;-146.848
-21.8768;-14.3244;26.1493;148.536;-146.935
-21.6807;-14.4045;26.0297;148.587;-147.015
-21.4992;-14.4827;25.9222;148.638;-147.094
-21.3153;-14.5619;25.8145;148.69;-147.173
-21.127;-14.6413;25.7044;148.742;-147.252
-20.9336;-14.7254;25.594;148.798;-147.336
-20.7499;-14.8057;25.4906;148.852;-147.417
-20.5564;-14.8667;25.369;148.886;-147.478
-20.3685;-14.9318;25.2554;148.925;-147.543
-20.1858;-14.9894;25.1425;148.957;-147.6
-19.9896;-15.0378;25.0144;148.979;-147.649
-19.7857;-15.0867;24.8814;149;-147.698
-19.5837;-15.1301;24.7475;149.017;-147.741
-19.3876;-15.1863;24.6273;149.047;-147.797
-19.1953;-15.2415;24.5105;149.077;-147.852
-19.0015;-15.2943;24.3921;149.105;-147.905
-18.8204;-15.3358;24.2774;149.123;-147.947
-18.6149;-15.3673;24.1385;149.128;-147.978
-18.4193;-15.3935;24.0048;149.13;-148.004
-18.2357;-15.4091;23.8743;149.123;-148.02
-18.0342;-15.4106;23.7217;149.101;-148.021
-17.8333;-15.4156;23.5726;149.082;-148.027
-17.6249;-15.4105;23.412;149.052;-148.021
-17.416;-15.4329;23.27;149.05;-148.044
-17.2123;-15.4583;23.1349;149.052;-148.069
-17.0204;-15.4798;23.0069;149.051;-148.091
-16.8223;-15.5024;22.876;149.051;-148.113
-16.6127;-15.5255;22.7381;149.051;-148.136
-16.4125;-15.5421;22.6037;149.045;-148.153
-16.2381;-15.5555;22.4867;149.04;-148.166
-16.0374;-15.5656;22.3492;149.028;-148.177
-15.8356;-15.576;22.2121;149.017;-148.187
-15.6445;-15.5885;22.0851;149.009;-148.199
-15.4462;-15.5992;21.9527;149;-148.21
-15.2466;-15.6121;21.8219;148.992;-148.223
-15.0457;-15.625;21.6913;148.985;-148.236
-14.8506;-15.6321;21.5616;148.972;-148.243
-14.6547;-15.6663;21.4521;148.987;-148.277
-14.4182;-15.685;21.305;148.983;-148.296
-14.2211;-15.7213;21.1991;149;-148.332
-14.023;-15.7352;21.077;148.995;-148.346
-13.8167;-15.7674;20.9645;149.008;-148.378
-13.6183;-15.8099;20.8665;149.033;-148.421
-13.4221;-15.8535;20.7723;149.058;-148.464
-13.2294;-15.893;20.6786;149.081;-148.504
-13.0487;-15.932;20.5936;149.104;-148.543
-12.8362;-15.9678;20.4875;149.121;-148.579
-12.639;-15.9999;20.3897;149.136;-148.611
-12.4448;-16.0283;20.2924;149.149;-148.639
-12.2767;-16.0665;20.22;149.173;-148.677
-12.1227;-16.1172;20.1674;149.211;-148.728
-11.9337;-16.1804;20.1052;149.259;-148.791
-11.7426;-16.2489;20.0478;149.312;-148.86
-11.556;-16.3138;19.992;149.363;-148.925
-11.3603;-16.3665;19.9228;149.4;-148.977
-11.1768;-16.4147;19.8585;149.435;-149.026
-10.9359;-16.4903;19.7869;149.492;-149.101
-10.7443;-16.5431;19.726;149.531;-149.154
-10.5627;-16.6039;19.6789;149.579;-149.215
-10.3682;-16.6601;19.6229;149.622;-149.271
-10.1795;-16.7088;19.5654;149.658;-149.32
-9.98528;-16.7701;19.5178;149.706;-149.381
-9.79249;-16.8093;19.4536;149.732;-149.42
-9.59783;-16.8436;19.3862;149.754;-149.455
-9.40554;-16.8778;19.3216;149.776;-149.489
-9.20459;-16.9144;19.2567;149.801;-149.525
-9.01039;-16.9489;19.1951;149.823;-149.56
-8.80915;-16.976;19.1255;149.839;-149.587
-8.61539;-16.9855;19.0456;149.837;-149.596
-8.41396;-17.0005;18.9687;149.841;-149.611
-8.1992;-17.0132;18.8859;149.842;-149.624
-7.99871;-17.0224;18.8081;149.84;-149.633
-7.80011;-17.0265;18.7281;149.834;-149.637
-7.58162;-17.0315;18.6427;149.828;-149.642
-7.39233;-17.033;18.5679;149.82;-149.644
-7.20068;-17.029;18.4889;149.807;-149.64
-7.00528;-17.0111;18.3971;149.78;-149.622
-6.80582;-16.986;18.2987;149.746;-149.597
-6.60806;-16.9593;18.2012;149.71;-149.57
-6.41063;-16.9394;18.1119;149.682;-149.55
-6.21944;-16.9172;18.0243;149.652;-149.528
-6.02205;-16.8982;17.9392;149.625;-149.509
-5.82152;-16.8788;17.8545;149.598;-149.49
-5.63023;-16.8623;17.7774;149.574;-149.473
-5.44241;-16.8328;17.6908;149.538;-149.444
-5.24425;-16.7906;17.5905;149.489;-149.402
-5.04939;-16.7502;17.4947;149.442;-149.361
-4.858;-16.701;17.3932;149.387;-149.312
-4.65074;-16.6597;17.2967;149.339;-149.271
-4.45649;-16.623;17.21;149.297;-149.234
-4.29797;-16.5739;17.1221;149.243;-149.185
-4.11529;-16.5055;17.0108;149.17;-149.116
-3.94161;-16.4336;16.8997;149.093;-149.045
-3.76491;-16.3562;16.7839;149.011;-148.967
-3.58699;-16.2843;16.6746;148.935;-148.895
-3.4046;-16.1924;16.5464;148.839;-148.803
-3.22616;-16.1006;16.4207;148.744;-148.712
-3.07128;-15.9955;16.2877;148.636;-148.606
-2.88456;-15.8679;16.1279;148.504;-148.479
-2.71997;-15.755;15.988;148.389;-148.366
-2.57538;-15.6316;15.8424;148.263;-148.243
-2.42834;-15.4951;15.6842;148.124;-148.106
-2.28051;-15.3549;15.5233;147.981;-147.966
-2.13295;-15.2216;15.3703;147.846;-147.833
-1.9891;-15.0736;15.2043;147.696;-147.685
-1.85188;-14.9339;15.0483;147.555;-147.545
-1.71103;-14.7866;14.8852;147.406;-147.397
-1.58159;-14.6328;14.718;147.251;-147.244
-1.45196;-14.4985;14.5711;147.115;-147.109
-1.3124;-14.3464;14.4063;146.962;-146.957
-1.18236;-14.2077;14.2568;146.822;-146.819
-1.07135;-14.053;14.0938;146.667;-146.664
-0.954686;-13.8905;13.9232;146.504;-146.501
-0.843114;-13.7594;13.7852;146.372;-146.37
-0.713623;-13.6063;13.625;146.218;-146.217
-0.576392;-13.4506;13.4629;146.062;-146.062
-0.446392;-13.3013;13.3088;145.913;-145.912
-0.319141;-13.1836;13.1874;145.795;-145.794
-0.172407;-13.0477;13.0488;145.659;-145.659
-0.0177078;-12.9101;12.9101;145.521;-145.521
0.12065;-12.7594;12.76;145.371;-145.37
0.253533;-12.606;12.6086;145.217;-145.217
0.38306;-12.4542;12.46;145.066;-145.065
0.51249;-12.2924;12.303;144.905;-144.903
0.635728;-12.1174;12.134;144.73;-144.728
0.74699;-11.9311;11.9544;144.545;-144.542
0.855548;-11.7696;11.8006;144.384;-144.381
0.966017;-11.6068;11.647;144.222;-144.218
1.06411;-11.4233;11.4728;144.039;-144.034
1.14172;-11.2515;11.3093;143.868;-143.862
1.22304;-11.0677;11.1351;143.685;-143.679
1.30495;-10.8839;10.9619;143.502;-143.495
1.3876;-10.6986;10.7882;143.318;-143.31
1.44174;-10.5042;10.6027;143.124;-143.115
1.49603;-10.3047;10.4128;142.925;-142.916
1.55457;-10.1084;10.2273;142.729;-142.719
1.6147;-9.89255;10.0235;142.514;-142.503
1.67416;-9.70701;9.85032;142.329;-142.318
1.7357;-9.51748;9.67445;142.141;-142.128
1.81864;-9.32702;9.50267;141.951;-141.938
1.89946;-9.14577;9.34094;141.771;-141.757
1.97275;-8.95963;9.17424;141.586;-141.571
2.04526;-8.77233;9.0076;141.4;-141.383
2.11221;-8.57717;8.83342;141.206;-141.188
2.17567;-8.38648;8.6641;141.016;-140.997
2.22903;-8.21991;8.51678;140.851;-140.831
2.29068;-8.02368;8.34426;140.655;-140.635
2.32506;-7.83945;8.17697;140.472;-140.45
2.35108;-7.63251;7.98641;140.265;-140.243
2.37099;-7.44344;7.81194;140.077;-140.054
2.40871;-7.25223;7.64178;139.886;-139.863
2.4491;-7.04534;7.45888;139.68;-139.656
2.48061;-6.84975;7.28509;139.485;-139.461
2.52861;-6.64001;7.10518;139.276;-139.251
2.58106;-6.462;6.9584;139.099;-139.073
2.64004;-6.2942;6.82545;138.933;-138.905
2.70109;-6.10283;6.67386;138.743;-138.714
2.7474;-5.89984;6.50817;138.541;-138.511
2.78513;-5.70424;6.34785;138.346;-138.315
2.82251;-5.51275;6.1933;138.155;-138.124
2.87586;-5.31625;6.04426;137.96;-137.927
2.92222;-5.12052;5.89569;137.765;-137.731
2.96461;-4.94201;5.76302;137.588;-137.553
3.01218;-4.74536;5.62064;137.392;-137.356
3.05176;-4.54776;5.4768;137.196;-137.159
3.10029;-4.34153;5.33485;136.99;-136.952
3.16784;-4.13768;5.21111;136.788;-136.749
3.23941;-3.95522;5.11249;136.608;-136.566
3.30749;-3.76278;5.00979;136.417;-136.374
3.38821;-3.56398;4.91751;136.22;-136.175
3.4696;-3.38125;4.84469;136.04;-135.992
3.55423;-3.19672;4.78033;135.858;-135.808
3.65018;-3.05192;4.75794;135.715;-135.663
3.7656;-2.88785;4.74546;135.555;-135.499
3.87022;-2.72396;4.73272;135.394;-135.335
4.00889;-2.55734;4.75512;135.232;-135.168
4.1369;-2.40351;4.78443;135.082;-135.014
4.27091;-2.24239;4.8238;134.925;-134.853
4.3838;-2.0682;4.84718;134.755;-134.679
4.49588;-1.89766;4.87996;134.588;-134.509
4.60358;-1.73221;4.91869;134.426;-134.343
4.71597;-1.56473;4.96878;134.263;-134.176
4.81395;-1.41397;5.01731;134.116;-134.025
4.93484;-1.24089;5.08846;133.948;-133.852
5.0556;-1.06126;5.16579;133.773;-133.672
5.15694;-0.888996;5.233;133.604;-133.5
5.25605;-0.712181;5.30408;133.432;-133.323
5.36013;-0.524154;5.3857;133.248;-133.135
5.47183;-0.344377;5.48265;133.073;-132.955
5.57946;-0.176502;5.58225;132.91;-132.787
5.69879;0.00268196;5.6988;132.736;-132.608
5.82459;0.161945;5.82684;132.583;-132.449
5.94531;0.317607;5.95379;132.433;-132.293
6.05364;0.46691;6.07162;132.289;-132.144
6.18584;0.628175;6.21765;132.134;-131.983
6.27634;0.79525;6.32652;131.971;-131.816
6.36541;0.957353;6.437;131.814;-131.654
6.47495;1.14952;6.5762;131.627;-131.461
6.57405;1.33538;6.7083;131.447;-131.276
6.67091;1.50926;6.83952;131.278;-131.102
6.75226;1.69931;6.9628;131.092;-130.912
6.83;1.87836;7.08358;130.918;-130.733
6.91201;2.06339;7.21342;130.737;-130.548
7.02573;2.24802;7.37662;130.559;-130.363
7.13157;2.42546;7.53274;130.388;-130.185
7.23235;2.59838;7.68495;130.221;-130.013
7.34449;2.77316;7.8506;130.053;-129.838
7.44769;2.93316;8.00447;129.899;-129.678
7.55634;3.10184;8.16822;129.737;-129.509
7.66409;3.27381;8.33403;129.572;-129.337
7.76864;3.44268;8.49728;129.409;-129.168
7.87152;3.61014;8.65991;129.249;-129.001
7.97134;3.78352;8.82368;129.082;-128.827
8.06381;3.95254;8.9804;128.919;-128.658
8.15888;4.1288;9.14409;128.749;-128.482
8.23379;4.30046;9.2892;128.583;-128.31
8.31058;4.48545;9.44378;128.403;-128.125
8.38713;4.6684;9.59885;128.226;-127.943
8.47806;4.84359;9.76411;128.057;-127.767
8.5717;5.02152;9.93427;127.886;-127.589
8.64991;5.20744;10.0965;127.706;-127.403
8.73341;5.39354;10.2646;127.526;-127.217
8.80966;5.55298;10.4137;127.372;-127.058
8.88662;5.73416;10.576;127.197;-126.877
8.95603;5.94527;10.7497;126.991;-126.666
9.0241;6.14762;10.9191;126.794;-126.463
9.07659;6.32566;11.0634;126.62;-126.285
9.12599;6.51124;11.2107;126.439;-126.1
9.17427;6.70384;11.3626;126.25;-125.907
9.20786;6.89088;11.5008;126.066;-125.72
9.26051;7.11305;11.677;125.849;-125.498
9.30844;7.31152;11.8366;125.654;-125.299
9.35807;7.50173;11.9937;125.468;-125.109
9.41232;7.69725;12.1589;125.277;-124.914
9.46638;7.88883;12.3226;125.091;-124.722
9.50906;8.0736;12.4742;124.91;-124.537
9.55186;8.26644;12.6322;124.721;-124.344
9.58969;8.47351;12.797;124.517;-124.137
9.63171;8.67065;12.9596;124.324;-123.94
9.64973;8.86134;13.1012;124.135;-123.75
9.69696;9.05344;13.2663;123.948;-123.557
9.76185;9.24683;13.4461;123.76;-123.364
9.81205;9.4591;13.629;123.552;-123.152
9.86974;9.65493;13.8069;123.362;-122.956
9.92375;9.84708;13.9802;123.175;-122.764
9.97074;10.018;14.1342;123.008;-122.593
10.0427;10.2013;14.3151;122.831;-122.41
10.1048;10.3972;14.4986;122.641;-122.214
10.1575;10.5873;14.6719;122.456;-122.024
10.2342;10.7743;14.8601;122.277;-121.837
10.3152;10.9555;15.0475;122.103;-121.655
10.3982;11.1386;15.2378;121.928;-121.472
10.4663;11.3288;15.4235;121.744;-121.282
10.544;11.5032;15.6045;121.577;-121.108
10.626;11.7014;15.8061;121.387;-120.91
10.6958;11.8754;15.9821;121.22;-120.735
10.7619;12.0603;16.1638;121.042;-120.551
10.829;12.2477;16.3485;120.861;-120.363
10.9252;12.4213;16.5423;120.697;-120.19
11.0273;12.5989;16.7431;120.529;-120.012
11.1269;12.7618;16.9314;120.376;-119.849
11.2115;12.9441;17.1245;120.203;-119.667
11.2928;13.1253;17.3148;120.03;-119.486
11.3797;13.3123;17.5133;119.852;-119.299
11.4561;13.4759;17.6873;119.697;-119.135
11.5403;13.6568;17.8798;119.525;-118.954
11.6222;13.8368;18.0702;119.354;-118.774
11.7072;14.0214;18.2663;119.179;-118.59
11.8023;14.2203;18.4801;118.99;-118.391
11.8903;14.4008;18.6752;118.819;-118.21
11.9801;14.5665;18.8602;118.664;-118.044
12.078;14.7456;19.0607;118.496;-117.865
12.1496;14.9186;19.24;118.331;-117.692
12.2265;15.1065;19.4343;118.152;-117.504
12.3047;15.2899;19.6261;117.978;-117.321
12.3815;15.4677;19.8129;117.809;-117.143
12.4627;15.6674;20.0196;117.619;-116.944
12.5241;15.8523;20.2027;117.442;-116.759
12.5879;16.0434;20.3923;117.259;-116.568
12.6667;16.2317;20.5892;117.08;-116.379
12.741;16.4072;20.7733;116.914;-116.204
12.8244;16.5979;20.9752;116.734;-116.013
12.9131;16.7602;21.1578;116.582;-115.851
13.0145;16.9313;21.3552;116.424;-115.68
13.1098;17.1129;21.5573;116.254;-115.498
13.1945;17.2818;21.7429;116.096;-115.329
13.2831;17.4614;21.9395;115.928;-115.149
13.3698;17.6422;22.1359;115.758;-114.969
13.4512;17.8317;22.3362;115.58;-114.779
13.5329;18.0166;22.533;115.406;-114.594
13.5846;18.1941;22.7061;115.236;-114.417
13.6411;18.381;22.8897;115.057;-114.23
13.7068;18.5611;23.0736;114.886;-114.05
13.7798;18.7338;23.2559;114.723;-113.877
13.8414;18.8983;23.4249;114.568;-113.713
13.9061;19.0885;23.6168;114.387;-113.522
13.9608;19.2734;23.7985;114.21;-113.338
13.998;19.4624;23.9735;114.027;-113.149
14.0459;19.674;24.1734;113.823;-112.937
14.1107;19.8679;24.3689;113.639;-112.743
14.1754;20.0702;24.5714;113.446;-112.541
14.2168;20.2613;24.7515;113.262;-112.35
14.2601;20.4554;24.9354;113.075;-112.155
14.318;20.661;25.1372;112.878;-111.95
14.3688;20.8537;25.3247;112.694;-111.757
14.4178;21.0486;25.5131;112.507;-111.562
14.4481;21.2542;25.6999;112.307;-111.357
14.4696;21.4546;25.878;112.111;-111.156
14.4843;21.6546;26.0522;111.914;-110.956
14.5044;21.8394;26.2171;111.734;-110.772
14.5344;22.0607;26.4182;111.518;-110.55
14.5677;22.2516;26.5961;111.333;-110.359
14.5892;22.4786;26.798;111.111;-110.132
14.611;22.6758;26.9754;110.919;-109.935
14.6265;22.8677;27.1452;110.731;-109.743
14.6448;23.0846;27.3381;110.518;-109.526
14.6822;23.2902;27.5318;110.319;-109.321
14.7314;23.4743;27.7139;110.144;-109.137
14.7846;23.6683;27.9065;109.959;-108.943
14.8374;23.8582;28.0956;109.778;-108.753
14.8623;24.051;28.2726;109.59;-108.56
14.8749;24.2513;28.4498;109.393;-108.36
14.8954;24.4397;28.6212;109.21;-108.171
14.9059;24.6398;28.7977;109.013;-107.971
14.9062;24.8489;28.977;108.806;-107.762
14.9004;25.0492;29.1459;108.607;-107.562
14.906;25.2374;29.3107;108.421;-107.374
14.9218;25.4359;29.4897;108.227;-107.175
14.9382;25.6364;29.6711;108.03;-106.974
14.958;25.8418;29.8587;107.83;-106.769
14.9989;26.0359;30.0472;107.643;-106.575
15.0357;26.2235;30.2282;107.463;-106.387
15.0596;26.4168;30.4079;107.275;-106.194
15.0888;26.6061;30.5868;107.091;-106.005
15.1269;26.8015;30.7757;106.903;-105.809
15.1735;27.0027;30.9738;106.711;-105.608
15.2315;27.1987;31.1733;106.525;-105.412
15.286;27.3959;31.3719;106.338;-105.215
15.329;27.5869;31.5597;106.155;-105.024
15.3727;27.7827;31.7522;105.968;-104.828
15.4028;27.9781;31.9377;105.779;-104.633
15.433;28.202;32.1486;105.562;-104.409
15.4664;28.3877;32.3276;105.383;-104.223
15.5222;28.5746;32.5184;105.207;-104.036
15.5716;28.7432;32.6902;105.048;-103.868
15.6136;28.9407;32.8838;104.859;-103.67
15.67;29.1518;33.0965;104.658;-103.459
15.7294;29.3464;33.296;104.475;-103.265
15.7701;29.535;33.4815;104.295;-103.076
15.8199;29.7343;33.6808;104.105;-102.877
15.8701;29.9276;33.8751;103.922;-102.683

15.9179;-29.8842;33.8592;103.744;-102.495
15.9659;-29.6854;33.7066;103.555;-102.296
16.0129;-29.4892;33.5563;103.368;-102.1
16.0605;-29.2945;33.4082;103.183;-101.905
16.1222;-29.1109;33.2771;103.012;-101.722
16.1689;-28.9206;33.1336;102.831;-101.532
16.2212;-28.7277;32.991;102.649;-101.339
16.2692;-28.536;32.848;102.467;-101.147
16.3144;-28.344;32.7039;102.285;-100.955
16.3624;-28.155;32.5643;102.106;-100.766
16.4164;-27.9625;32.4253;101.925;-100.573
16.4735;-27.7806;32.2977;101.755;-100.392
16.5357;-27.5831;32.1599;101.57;-100.194
16.5986;-27.4084;32.0428;101.408;-100.019
16.6681;-27.227;31.9239;101.241;-99.8379
16.757;-27.0582;31.8268;101.089;-99.6691
16.8586;-26.8884;31.7364;100.939;-99.4993
16.9618;-26.7165;31.646;100.787;-99.3274
17.0337;-26.5432;31.5387;100.628;-99.1541
17.1171;-26.3671;31.436;100.469;-98.9781
17.2112;-26.1911;31.34;100.312;-98.802
17.3124;-26.0133;31.2476;100.154;-98.6242
17.4124;-25.8405;31.1596;100.002;-98.4514
17.5228;-25.6516;31.0653;99.8352;-98.2625
17.6319;-25.4939;30.9972;99.6995;-98.1049
17.7458;-25.3257;30.9241;99.5543;-97.9366
17.8477;-25.1717;30.8571;99.4212;-97.7826
17.9514;-24.9929;30.7717;99.2642;-97.6038
18.043;-24.823;30.6876;99.1139;-97.4339
18.1327;-24.6705;30.6174;98.9805;-97.2814
18.2146;-24.4909;30.5217;98.8191;-97.1018
18.2946;-24.2848;30.4046;98.6315;-96.8957
18.3794;-24.0892;30.3;98.4552;-96.7001
18.4589;-23.9053;30.2026;98.2897;-96.5163
18.543;-23.7197;30.1075;98.1234;-96.3306
18.6318;-23.5368;30.0187;97.9608;-96.1477
18.7121;-23.3563;29.9276;97.7991;-95.9672
18.7916;-23.1722;29.8341;97.6338;-95.7831
18.8712;-22.968;29.7263;97.449;-95.579
18.924;-22.8006;29.6308;97.2952;-95.4115
18.9843;-22.6309;29.5392;97.1406;-95.2418
19.0485;-22.4436;29.4374;96.9696;-95.0545
19.1133;-22.2545;29.3356;96.7971;-94.8654
19.178;-22.0483;29.222;96.608;-94.6593
19.2452;-21.851;29.1178;96.4281;-94.4619
19.3101;-21.6585;29.0167;96.2527;-94.2694
19.3698;-21.4763;28.9209;96.0863;-94.0872
19.4373;-21.282;28.8224;95.9098;-93.8929
19.5073;-21.0744;28.7169;95.7209;-93.6853
19.5654;-20.9047;28.6323;95.5667;-93.5156
19.6495;-20.7133;28.5507;95.3969;-93.3242
19.7315;-20.5318;28.4761;95.2364;-93.1427
19.8164;-20.361;28.4123;95.0871;-92.9719
19.9055;-20.1809;28.346;94.9298;-92.7918
19.9986;-20.0066;28.288;94.7792;-92.6175
20.0941;-19.8387;28.2373;94.6355;-92.4496
20.1935;-19.6627;28.1851;94.4849;-92.2736
20.2842;-19.5008;28.1377;94.3464;-92.1117
20.3752;-19.333;28.0876;94.2023;-91.9439
20.4682;-19.1578;28.0351;94.0516;-91.7687
20.5603;-18.9806;27.982;93.899;-91.5915
20.6455;-18.8031;27.9248;93.7447;-91.414
20.7449;-18.6209;27.8764;93.5892;-91.2318
20.8243;-18.4259;27.8059;93.4169;-91.0368
20.8999;-18.2403;27.7401;93.253;-90.8512
20.9708;-18.0504;27.6693;93.084;-90.6613
21.0443;-17.8617;27.6026;92.9171;-90.4727
21.1132;-17.674;27.5343;92.75;-90.2849
21.1859;-17.5075;27.4838;92.6047;-90.1185
21.25;-17.3134;27.4102;92.4306;-89.9244
21.3117;-17.1196;27.3362;92.2563;-89.7305
21.3539;-16.9413;27.258;92.0928;-89.5523
21.3779;-16.7562;27.1622;91.9184;-89.3671
21.4059;-16.5707;27.0703;91.7447;-89.1817
21.428;-16.3829;26.9733;91.5673;-88.9939
21.4628;-16.1814;26.8791;91.3796;-88.7923
21.4929;-15.9851;26.7856;91.1961;-88.596
21.5303;-15.7933;26.7017;91.0186;-88.4042
21.5586;-15.6026;26.6123;90.8402;-88.2135
21.5753;-15.391;26.5024;90.6387;-88.0019
21.593;-15.18;26.3949;90.4382;-87.791
21.6107;-14.993;26.3023;90.2609;-87.6039
21.6456;-14.7875;26.2146;90.0699;-87.3984
21.6828;-14.6036;26.1421;89.9004;-87.2145
21.7389;-14.4176;26.0854;89.7337;-87.0286
21.7911;-14.2229;26.022;89.5577;-86.8338
21.8446;-14.0259;25.9598;89.3798;-86.6369
21.8788;-13.8093;25.8723;89.1783;-86.4202
21.9214;-13.6087;25.802;88.9945;-86.2197
21.9606;-13.4173;25.7351;88.8188;-86.0282
21.9862;-13.2051;25.647;88.6196;-85.816
22.0094;-13.0025;25.5632;88.4293;-85.6135
22.0323;-12.8036;25.4825;88.2425;-85.4146
22.056;-12.6109;25.4067;88.0619;-85.2218
22.0799;-12.4145;25.3306;87.8779;-85.0254
22.1177;-12.198;25.2583;87.678;-84.8089
22.1515;-12.0031;25.1945;87.4981;-84.614
22.1673;-11.8065;25.1154;87.3121;-84.4175
22.1844;-11.605;25.0364;87.1216;-84.2159
22.1994;-11.4075;24.9589;86.9346;-84.0185
22.2283;-11.1904;24.8862;86.7322;-83.8013
22.247;-10.9923;24.8145;86.5456;-83.6032
22.2657;-10.7958;24.7449;86.3607;-83.4067
22.2873;-10.5933;24.6767;86.1707;-83.2042
22.3057;-10.3954;24.6091;85.9844;-83.0063
22.3192;-10.1921;24.5362;85.7917;-82.803
22.3389;-9.98993;24.4709;85.6018;-82.6009
22.3449;-9.79218;24.3963;85.4126;-82.4031
22.3491;-9.61651;24.3302;85.2442;-82.2274
22.3558;-9.42699;24.2621;85.0632;-82.0379
22.3767;-9.21749;24.2008;84.8667;-81.8284
22.398;-9.01754;24.1451;84.6796;-81.6285
22.4221;-8.81882;24.094;84.4945;-81.4297
22.4398;-8.61724;24.0375;84.305;-81.2282
22.4711;-8.43718;24.0028;84.1399;-81.0481
22.5004;-8.24698;23.9642;83.9646;-80.8579
22.5352;-8.04062;23.9267;83.7753;-80.6515
22.5697;-7.84801;23.8952;83.5992;-80.4589
22.6018;-7.65146;23.8618;83.4188;-80.2624
22.6368;-7.45612;23.8332;83.2405;-80.067
22.6788;-7.26134;23.8129;83.0647;-79.8723
22.7215;-7.07354;23.7971;82.8959;-79.6845
22.764;-6.87537;23.7796;82.7171;-79.4863
22.7932;-6.65548;23.745;82.514;-79.2664
22.8033;-6.45818;23.7002;82.3273;-79.0691
22.8162;-6.26158;23.6598;82.1421;-78.8725
22.8188;-6.06066;23.6099;81.9499;-78.6716
22.8189;-5.85766;23.5588;81.7551;-78.4686
22.8193;-5.65697;23.5101;81.5626;-78.2679
22.8219;-5.4337;23.4599;81.3491;-78.0446
22.8141;-5.24182;23.4085;81.1628;-77.8527
22.8042;-5.04348;23.3552;80.9698;-77.6544
22.8127;-4.83086;23.3186;80.7683;-77.4418
22.8019;-4.63098;23.2674;80.5736;-77.2419
22.785;-4.43852;23.2133;80.3843;-77.0494
22.7688;-4.23858;23.1599;80.188;-76.8495
22.7538;-4.03922;23.1095;79.9927;-76.6501
22.745;-3.84204;23.0672;79.8012;-76.453
22.7333;-3.6463;23.0238;79.6104;-76.2572
22.747;-3.4321;23.0044;79.4092;-76.043
22.7579;-3.23019;22.986;79.219;-75.8411
22.771;-3.04231;22.9733;79.0429;-75.6532
22.7904;-2.86714;22.9701;78.8809;-75.4781
22.8138;-2.67256;22.9698;78.7016;-75.2835
22.8572;-2.49027;22.9925;78.5399;-75.1012
22.9063;-2.3003;23.0215;78.3727;-74.9112
22.9596;-2.10209;23.0556;78.199;-74.713
23.0115;-1.91409;23.091;78.0348;-74.525
23.073;-1.70984;23.1362;77.858;-74.3208
23.143;-1.5134;23.1924;77.6915;-74.1243
23.2136;-1.32008;23.2511;77.5283;-73.931
23.2878;-1.12617;23.315;77.3658;-73.7371
23.3549;-0.939402;23.3738;77.2082;-73.5503
23.4382;-0.754765;23.4504;77.0578;-73.3657
23.5173;-0.571345;23.5242;76.9074;-73.1823
23.5966;-0.388273;23.5997;76.7577;-72.9992
23.6781;-0.1938;23.6788;76.5981;-72.8047
23.7577;-0.00759338;23.7577;76.446;-72.6185
23.8195;0.176258;23.8201;76.2907;-72.4347
23.8801;0.359561;23.8828;76.1358;-72.2514
23.9422;0.551316;23.9485;75.9735;-72.0596
24.004;0.742107;24.0155;75.8122;-71.8688
24.0742;0.920292;24.0918;75.6657;-71.6906
24.1406;1.10896;24.166;75.5083;-71.502
24.2266;1.29725;24.2613;75.3578;-71.3137
24.3148;1.51808;24.3622;75.1775;-71.0928
24.3969;1.70047;24.4561;75.0318;-70.9104
24.4989;1.86617;24.5698;74.9087;-70.7447
24.6201;2.04574;24.7049;74.7792;-70.5652
24.7365;2.21033;24.835;74.6626;-70.4006
24.8537;2.39677;24.969;74.526;-70.2142
24.9626;2.56605;25.0942;74.4032;-70.0449
25.0718;2.73571;25.2206;74.2804;-69.8752
25.1776;2.89563;25.3436;74.1661;-69.7153
25.289;3.04952;25.4722;74.0596;-69.5614
25.3934;3.22112;25.5969;73.9344;-69.3898
25.4973;3.38658;25.7212;73.8152;-69.2243
25.5851;3.58058;25.8344;73.6639;-69.0303
25.6698;3.75366;25.9428;73.5314;-68.8573
25.7609;3.95449;26.0627;73.3754;-68.6564
25.8421;4.16319;26.1753;73.2089;-68.4477
25.9127;4.37137;26.2789;73.0395;-68.2395
25.978;4.56396;26.3759;72.883;-68.047
26.0293;4.74208;26.4578;72.7351;-67.8688
26.079;4.92752;26.5404;72.58;-67.6834
26.1352;5.14808;26.6374;72.3948;-67.4628
26.1874;5.3434;26.727;72.2318;-67.2675
26.2446;5.5367;26.8223;72.0727;-67.0742
26.3021;5.72786;26.9186;71.916;-66.8831
26.3519;5.91378;27.0073;71.7615;-66.6971
26.4058;6.10047;27.1013;71.6079;-66.5105
26.4792;6.28643;27.2152;71.4625;-66.3245
26.5448;6.48162;27.3246;71.3059;-66.1293
26.5728;6.66061;27.3948;71.1505;-65.9503
26.6184;6.85502;27.4869;70.9875;-65.7559
26.6739;7.06098;27.5926;70.8177;-65.5499
26.7334;7.26691;27.7035;70.6497;-65.344
26.7878;7.48464;27.8138;70.4692;-65.1263
26.8389;7.67611;27.915;70.3118;-64.9348
26.8963;7.87353;28.025;70.1516;-64.7374
26.9633;8.07465;28.1464;69.992;-64.5363
27.0327;8.26512;28.268;69.8434;-64.3458
27.1055;8.44661;28.3911;69.7046;-64.1643
27.1795;8.63243;28.5174;69.5626;-63.9785
27.2429;8.82009;28.6351;69.415;-63.7908
27.299;9.01267;28.7483;69.2603;-63.5982
27.3532;9.20505;28.8606;69.1052;-63.4059
27.4114;9.40157;28.9788;68.9482;-63.2093
27.4788;9.58103;29.1012;68.8107;-63.0299
27.5476;9.77157;29.2293;68.6639;-62.8393
27.6231;9.95453;29.362;68.5271;-62.6564
27.7056;10.1673;29.5123;68.3661;-62.4436
27.769;10.3479;29.6343;68.2271;-62.263
27.8373;10.5385;29.7654;68.0812;-62.0724
27.9024;10.7292;29.8941;67.9343;-61.8817
27.9776;10.9278;30.036;67.7845;-61.6831
28.051;11.1187;30.1742;67.6414;-61.4922
28.1279;11.3038;30.3142;67.5053;-61.3071
28.1905;11.4885;30.4416;67.3639;-61.1224
28.2746;11.6799;30.592;67.2258;-60.931
28.3942;11.8622;30.7724;67.1114;-60.7487
28.5011;12.0225;30.9331;67.0119;-60.5884
28.6154;12.1969;31.1064;66.9033;-60.414
28.7225;12.3657;31.2713;66.797;-60.2452
28.837;12.535;31.4436;66.6941;-60.0759
28.9329;12.7002;31.5976;66.5871;-59.9107
29.0276;12.889;31.7605;66.4588;-59.7219
29.1115;13.0631;31.9081;66.3393;-59.5478
29.1994;13.2419;32.0617;66.2178;-59.369
29.2837;13.4229;32.2135;66.093;-59.188
29.3857;13.6097;32.3843;65.9714;-59.0013
29.4936;13.7847;32.556;65.8633;-58.8262
29.6008;13.9554;32.7256;65.7593;-58.6555
29.6915;14.1152;32.8759;65.658;-58.4958
