#1 AntPos X	#2 AntVel X	#3 AntPos Y	#4 AntVel Y	#5 AntAngle	
-0.271302;-1.43075;12.7385;1.27539;2.41354;
-0.418615;-1.47314;12.8707;1.32205;2.4102;
-0.582726;-1.6411;12.9502;0.795311;2.69033;
-0.775507;-1.92781;13.0174;0.67245;2.80597;
-0.969357;-1.9385;13.0815;0.640688;2.82239;
-1.14959;-1.80229;13.1271;0.456358;2.89359;
-1.3478;-1.98217;13.1698;0.426963;2.92943;
-1.5493;-2.01498;13.2094;0.395965;2.94755;
-1.7592;-2.099;13.241;0.315146;2.99257;
-1.95497;-1.95772;13.2663;0.253533;3.0128;
-2.13575;-1.80783;13.2925;0.261837;2.99776;
-2.34379;-2.08039;13.3143;0.218457;3.03697;
-2.58598;-2.42183;13.3335;0.192027;3.06247;
-2.79981;-2.13831;13.3667;0.331919;2.9876;
-2.99861;-1.98806;13.4003;0.335573;2.97437;
-3.19583;-1.97214;13.4105;0.102283;3.08978;
-3.39516;-1.99329;13.4233;0.128259;3.07734;
-3.58919;-1.94029;13.4399;0.165283;3.05661;
-3.78775;-1.98567;13.457;0.171387;3.05549;
-3.98521;-1.97457;13.4824;0.254434;3.01344;
-4.18969;-2.04478;13.5026;0.201654;3.04329;
-4.38253;-1.92842;13.5055;0.0284148;3.12686;
-4.58367;-2.01143;13.4991;-0.0637448;-3.10991;
-4.77206;-1.88383;13.4769;-0.221437;-3.02458;
-4.97519;-2.03131;13.452;-0.249846;-3.01921;
-5.15159;-1.76399;13.4304;-0.21529;-3.02015;
-5.34848;-1.96896;13.4263;-0.0416103;-3.12046;
-5.55107;-2.02589;13.4433;0.169867;3.05794;
-5.74469;-1.93619;13.4527;0.0943983;3.09288;
-5.94525;-2.00564;13.4599;0.0721492;3.10563;
-6.13797;-1.9272;13.462;0.0205338;3.13094;
-6.35963;-2.21656;13.4598;-0.0212069;-3.13203;
-6.56896;-2.0933;13.469;0.0919689;3.09769;
-6.77519;-2.06228;13.4759;0.0685428;3.10837;
-6.98033;-2.05145;13.4523;-0.235781;-3.02716;
-7.15971;-1.79375;13.4283;-0.239744;-3.00873;
-7.36674;-2.07034;13.3985;-0.29813;-2.99857;
-7.57105;-2.04309;13.377;-0.214767;-3.03686;
-7.79697;-2.25924;13.3441;-0.329017;-2.99698;
-7.99507;-1.981;13.3139;-0.302257;-2.99018;
-8.20885;-2.13772;13.2969;-0.169946;-3.06226;
-8.40791;-1.99061;13.2824;-0.145042;-3.06886;
-8.59122;-1.83316;13.2669;-0.154847;-3.05732;
-8.81058;-2.19355;13.2571;-0.0979867;-3.09695;
-9.002;-1.91426;13.2391;-0.180577;-3.04754;
-9.21019;-2.08189;13.2371;-0.019337;-3.1323;
-9.41093;-2.00737;13.2347;-0.0248045;-3.12924;
-9.60164;-1.90709;13.2247;-0.0994042;-3.08952;
-9.7953;-1.93662;13.2133;-0.11384;-3.08288;
-9.98256;-1.87255;13.1844;-0.289117;-2.9884;
-10.191;-2.0845;13.1507;-0.336816;-2.9814;
-10.3935;-2.02454;13.1332;-0.17534;-3.0552;
-10.579;-1.85492;13.1145;-0.187541;-3.04083;
-10.7591;-1.8016;13.0957;-0.18766;-3.0378;
-10.9547;-1.95601;13.0652;-0.304523;-2.98715;
-11.1242;-1.69526;13.0415;-0.237014;-3.00268;
-11.3237;-1.99459;13.0148;-0.267263;-3.00839;
-11.5198;-1.96124;12.9932;-0.216398;-3.0317;
-11.7183;-1.98471;12.9706;-0.225994;-3.02821;
-11.9216;-2.03326;12.9452;-0.254041;-3.01729;
-12.1246;-2.03007;12.9318;-0.133752;-3.0758;
-12.3373;-2.12652;12.9159;-0.159448;-3.06675;
-12.5252;-1.87966;12.9009;-0.149853;-3.06204;
-12.7241;-1.98852;12.8808;-0.20072;-3.04099;
-12.9189;-1.94801;12.8653;-0.154603;-3.06239;
-13.1281;-2.09188;12.8523;-0.130352;-3.07936;
-13.3231;-1.9497;12.8396;-0.12702;-3.07654;
-13.5127;-1.89598;12.8355;-0.0408258;-3.12006;
-13.7071;-1.94443;12.8301;-0.0538964;-3.11388;
-13.8985;-1.914;12.8146;-0.155135;-3.06072;
-14.0816;-1.83067;12.7976;-0.170505;-3.04872;
-14.2837;-2.02093;12.7788;-0.187441;-3.04911;
-14.4733;-1.89666;12.7645;-0.143054;-3.06631;
-14.6844;-2.11064;12.7529;-0.11572;-3.08682;
-14.8754;-1.91038;12.731;-0.218946;-3.02748;
-15.0788;-2.03381;12.7255;-0.0552293;-3.11444;
-15.2805;-2.01736;12.719;-0.0651342;-3.10932;
-15.4756;-1.95062;12.7156;-0.0342405;-3.12404;
-15.6576;-1.81997;12.7132;-0.0237904;-3.12852;
-15.8566;-1.99001;12.7121;-0.0105657;-3.13628;
-16.0633;-2.0674;12.7148;0.0267542;3.12865;
-16.2395;-1.76149;12.6978;-0.170282;-3.04522;
-16.4361;-1.96627;12.6604;-0.373838;-2.95371;
-16.6503;-2.14226;12.6237;-0.367246;-2.97181;
-16.864;-2.13645;12.5791;-0.44606;-2.93576;
-17.0646;-2.00613;12.5226;-0.564418;-2.86734;
-17.2579;-1.9328;12.4674;-0.552246;-2.86328;
-17.465;-2.07144;12.4198;-0.476087;-2.91568;
-17.6563;-1.91275;12.3692;-0.505959;-2.883;
-17.8619;-2.05634;12.336;-0.332236;-2.98141;
-18.0888;-2.26816;12.2907;-0.452841;-2.94453;
-18.2855;-1.96777;12.241;-0.496782;-2.8943;
-18.4801;-1.9455;12.1885;-0.525296;-2.87788;
-18.6693;-1.89193;12.1232;-0.652472;-2.80949;
-18.8295;-1.60198;12.0675;-0.557332;-2.80679;
-19.0191;-1.89678;12.0028;-0.646887;-2.81292;
-19.2076;-1.8842;11.9413;-0.61536;-2.82592;
-19.3915;-1.83978;11.8649;-0.764076;-2.74796;
-19.5743;-1.82734;11.7644;-1.00514;-2.6387;
-19.7565;-1.82231;11.6658;-0.985491;-2.64585;
-19.9297;-1.73235;11.5729;-0.929199;-2.64927;
-20.1022;-1.72449;11.4751;-0.978132;-2.62564;
-20.2897;-1.87503;11.3753;-0.997873;-2.65253;
-20.4651;-1.75425;11.282;-0.933166;-2.65272;
-20.6375;-1.72364;11.1878;-0.941661;-2.64158;
-20.8067;-1.69225;11.1102;-0.776001;-2.71164;
-21.0138;-2.0712;11.0049;-1.05327;-2.67115;
-21.2048;-1.90962;10.885;-1.19899;-2.58093;
-21.3596;-1.54823;10.7597;-1.25282;-2.46127;
-21.5257;-1.66101;10.649;-1.10699;-2.55374;
-21.6912;-1.65445;10.5398;-1.09183;-2.55827;
-21.8701;-1.78932;10.4335;-1.06323;-2.60544;
-22.0321;-1.61983;10.3232;-1.1028;-2.54386;
-22.1891;-1.57019;10.1988;-1.24454;-2.47138;
-22.3371;-1.48035;10.0821;-1.16718;-2.47394;
-22.4919;-1.54791;9.97799;-1.04057;-2.54974;
-22.6671;-1.75169;9.84527;-1.32728;-2.49317;
-22.827;-1.59947;9.71565;-1.29618;-2.46055;
-22.9758;-1.4878;9.58216;-1.3349;-2.41031;
-23.1272;-1.51394;9.44685;-1.35303;-2.41226;
-23.2617;-1.34512;9.31095;-1.35907;-2.35104;
-23.407;-1.45308;9.14981;-1.61135;-2.30459;
-23.5414;-1.3439;8.98414;-1.65668;-2.25233;
-23.6679;-1.26459;8.82197;-1.62178;-2.23307;
-23.7779;-1.10043;8.66418;-1.57788;-2.17978;
-23.895;-1.17108;8.49011;-1.74067;-2.16302;
-24.0106;-1.15546;8.31993;-1.70186;-2.16725;
-24.128;-1.17401;8.15372;-1.66203;-2.18579;
-24.2443;-1.16306;8.00222;-1.51507;-2.22551;
-24.3553;-1.11015;7.83837;-1.63844;-2.16631;
-24.4428;-0.874949;7.6879;-1.50473;-2.09748;
-24.5429;-1.00152;7.50647;-1.8143;-2.07518;
-24.6396;-0.966988;7.32592;-1.80551;-2.0625;
-24.7009;-0.612314;7.16959;-1.56324;-1.94412;
-24.7891;-0.882337;6.96755;-2.02046;-1.98254;
-24.8673;-0.782205;6.77417;-1.93376;-1.95517;
-24.9404;-0.730752;6.60754;-1.6663;-1.98409;
-25.018;-0.775945;6.43712;-1.70418;-1.99806;
-25.1006;-0.825521;6.25469;-1.82431;-1.99574;
-25.1797;-0.791913;6.09526;-1.59436;-2.0318;
-25.2418;-0.620722;5.90492;-1.90333;-1.88605;
-25.2998;-0.580022;5.72085;-1.84073;-1.87605;
-25.3662;-0.66419;5.52194;-1.9891;-1.89307;
-25.4311;-0.64849;5.33123;-1.90713;-1.89857;
-25.5067;-0.756067;5.15426;-1.76971;-1.97455;
-25.5798;-0.731275;4.95767;-1.96591;-1.92691;
-25.6551;-0.75317;4.75288;-2.04789;-1.92322;
-25.7146;-0.594225;4.57621;-1.76663;-1.89527;
-25.7782;-0.636296;4.38822;-1.87993;-1.89716;
-25.8528;-0.746514;4.19365;-1.94572;-1.93715;
-25.9177;-0.648075;4.01383;-1.79814;-1.91672;
-25.9699;-0.522817;3.83184;-1.81992;-1.85054;
-26.052;-0.820756;3.63434;-1.97502;-1.96465;
-26.1051;-0.531102;3.44718;-1.87158;-1.8473;
-26.158;-0.528526;3.25174;-1.95442;-1.8349;
-26.2037;-0.456975;3.05825;-1.93485;-1.80273;
-26.2449;-0.411881;2.86502;-1.93231;-1.78081;
-26.2842;-0.392963;2.67199;-1.93031;-1.77163;
-26.3217;-0.375688;2.47691;-1.95086;-1.76104;
-26.3524;-0.306378;2.28629;-1.90621;-1.73016;
-26.3777;-0.252961;2.10574;-1.80542;-1.71;
-26.4033;-0.255947;1.92299;-1.82758;-1.70994;
-26.433;-0.297706;1.72722;-1.95768;-1.72171;
-26.48;-0.469608;1.52869;-1.98524;-1.80308;
-26.5117;-0.317475;1.36939;-1.593;-1.76751;
-26.5503;-0.385491;1.17242;-1.9697;-1.76406;
-26.5924;-0.421263;0.977331;-1.95092;-1.78346;
-26.6334;-0.410151;0.771242;-2.0609;-1.76725;
-26.6618;-0.283791;0.585344;-1.85898;-1.72229;
-26.6895;-0.276931;0.387253;-1.9809;-1.7097;
-26.7195;-0.299777;0.185612;-2.01642;-1.71838;
-26.7439;-0.243951;-0.00144217;-1.87054;-1.70048;
-26.769;-0.251324;-0.206125;-2.04683;-1.69297;
-26.8046;-0.356178;-0.385187;-1.79062;-1.76715;
-26.8458;-0.412093;-0.582087;-1.969;-1.77711;
-26.879;-0.331513;-0.800829;-2.18741;-1.72121;
-26.9226;-0.436556;-0.991881;-1.91052;-1.79544;
-26.9604;-0.377829;-1.17493;-1.83047;-1.77435;
-26.9738;-0.133777;-1.37891;-2.03979;-1.63629;
-27.024;-0.501697;-1.57945;-2.00546;-1.81593;
-27.055;-0.310462;-1.77922;-1.99767;-1.72498;
-27.0861;-0.310536;-1.97099;-1.91775;-1.73133;
-27.1275;-0.414698;-2.16346;-1.92463;-1.78302;
-27.1695;-0.419424;-2.35912;-1.95668;-1.78196;
-27.2237;-0.542324;-2.54835;-1.89226;-1.84992;
-27.2671;-0.434238;-2.75591;-2.07563;-1.77703;
-27.317;-0.499097;-2.95384;-1.9793;-1.81781;
-27.3769;-0.598556;-3.13113;-1.77289;-1.8964;
-27.4398;-0.628621;-3.32156;-1.90431;-1.88964;
-27.4977;-0.579694;-3.51449;-1.92923;-1.86269;
-27.5423;-0.445701;-3.70678;-1.92296;-1.79855;
-27.5911;-0.487654;-3.90063;-1.93846;-1.81725;
-27.6511;-0.600845;-4.09028;-1.89649;-1.87761;
-27.7089;-0.577631;-4.28208;-1.91806;-1.86331;
-27.7761;-0.672362;-4.46473;-1.82646;-1.92352;
-27.8394;-0.632701;-4.65617;-1.91443;-1.88999;
-27.9097;-0.702465;-4.84481;-1.88639;-1.92727;
-27.9896;-0.799535;-5.02596;-1.81149;-1.98645;
-28.0738;-0.841895;-5.2012;-1.75243;-2.01865;
-28.1562;-0.824226;-5.39492;-1.93713;-1.97308;
-28.2384;-0.821888;-5.57835;-1.83437;-1.99203;
-28.3237;-0.853187;-5.75447;-1.76119;-2.02192;
-28.4056;-0.818382;-5.94139;-1.86914;-1.98349;
-28.4884;-0.828;-6.12258;-1.81192;-1.99943;
-28.5666;-0.782698;-6.29641;-1.73833;-1.99387;
-28.6493;-0.827032;-6.49451;-1.98096;-1.96629;
-28.7197;-0.703451;-6.68244;-1.87932;-1.92896;
-28.8007;-0.810433;-6.87179;-1.89347;-1.97522;
-28.8729;-0.722065;-7.05199;-1.80208;-1.95189;
-28.946;-0.730712;-7.23802;-1.86029;-1.94508;
-29.0114;-0.653721;-7.43246;-1.94438;-1.89513;
-29.0818;-0.704085;-7.61407;-1.81606;-1.94065;
-29.1591;-0.772931;-7.80527;-1.91202;-1.95496;
-29.2516;-0.925492;-8.00365;-1.98382;-2.0073;
-29.34;-0.883555;-8.19051;-1.8686;-2.01248;
-29.4267;-0.866762;-8.37193;-1.81421;-2.0165;
-29.5162;-0.894846;-8.54914;-1.77212;-2.0384;
-29.6167;-1.00533;-8.7326;-1.83453;-2.07211;
-29.7102;-0.935061;-8.91736;-1.84764;-2.0393;
-29.798;-0.878341;-9.09752;-1.80156;-2.02443;
-29.8895;-0.914697;-9.28842;-1.909;-2.01762;
-29.9722;-0.827401;-9.47999;-1.91575;-1.97849;

29.9578;-0.700093;-9.65897;-1.78976;-1.94366;
29.8961;-0.61651;-9.84021;-1.81242;-1.89868;
29.8353;-0.608532;-10.0299;-1.89664;-1.88127;
29.7774;-0.578639;-10.2264;-1.96552;-1.8571;
29.7042;-0.732019;-10.4118;-1.85347;-1.94694;
29.6289;-0.752499;-10.5941;-1.82312;-1.96225;
29.5518;-0.77129;-10.7821;-1.88035;-1.96005;
29.4857;-0.661316;-10.9539;-1.71739;-1.93837;
29.4419;-0.438059;-11.146;-1.92093;-1.79501;
29.4045;-0.373741;-11.3292;-1.8328;-1.77196;
29.3619;-0.425622;-11.5238;-1.94532;-1.78619;
29.3133;-0.486599;-11.7087;-1.8493;-1.82809;
29.2672;-0.460616;-11.9089;-2.00235;-1.7969;
29.2109;-0.56319;-12.0946;-1.85676;-1.86529;
29.1655;-0.453978;-12.2905;-1.95921;-1.79849;
29.1184;-0.470485;-12.4891;-1.98537;-1.80348;
29.0809;-0.375527;-12.6666;-1.77543;-1.77924;
29.0604;-0.204551;-12.8756;-2.09031;-1.66834;
29.0432;-0.172329;-13.0729;-1.97272;-1.65793;
29.035;-0.0822466;-13.2999;-2.27037;-1.60701;
29.0288;-0.0619608;-13.5001;-2.00167;-1.60174;
29.0047;-0.240389;-13.6952;-1.9504;-1.69343;
28.9932;-0.115812;-13.888;-1.92804;-1.63079;
28.9994;0.0619159;-14.0839;-1.95925;-1.5392;
28.9909;-0.0843577;-14.2545;-1.7066;-1.62019;
28.9806;-0.102891;-14.4547;-2.00139;-1.62216;
28.9663;-0.143785;-14.6443;-1.89628;-1.64648;
28.9445;-0.217113;-14.8406;-1.96265;-1.68097;
28.9176;-0.268973;-15.0443;-2.03764;-1.70204;
28.8681;-0.495196;-15.2468;-2.02475;-1.81066;
28.8302;-0.379661;-15.4506;-2.03789;-1.75499;
28.7768;-0.533421;-15.6683;-2.17691;-1.8111;
28.7235;-0.532772;-15.8717;-2.03452;-1.82691;
28.6736;-0.499768;-16.0634;-1.91683;-1.82584;
28.6284;-0.451269;-16.2601;-1.96634;-1.79639;
28.5835;-0.448905;-16.4569;-1.96827;-1.79503;
28.5361;-0.47438;-16.6644;-2.07522;-1.79553;
28.509;-0.271018;-16.8843;-2.19857;-1.69345;
28.4905;-0.185457;-17.0901;-2.05785;-1.66068;
28.4842;-0.06299;-17.2844;-1.94357;-1.60319;
28.4792;-0.049497;-17.4818;-1.97424;-1.59586;
28.4783;-0.0095412;-17.683;-2.01185;-1.57554;
28.4937;0.154736;-17.8782;-1.95225;-1.4917;
28.5125;0.187403;-18.0744;-1.9618;-1.47556;
28.5308;0.18311;-18.2756;-2.01127;-1.48;
28.5518;0.209908;-18.4847;-2.09184;-1.47079;
28.5881;0.362874;-18.7111;-2.26397;-1.41187;
28.611;0.229042;-18.9122;-2.01025;-1.45735;
28.6332;0.222615;-19.1104;-1.98211;-1.45895;
28.6584;0.251923;-19.3064;-1.96029;-1.44298;
28.6898;0.314248;-19.51;-2.03555;-1.41763;
28.7137;0.238199;-19.7094;-1.99449;-1.45193;
28.7226;0.0891239;-19.919;-2.09609;-1.5283;
28.7435;0.208821;-20.1054;-1.86375;-1.45922;
28.773;0.29526;-20.2904;-1.84973;-1.41251;
28.8309;0.578971;-20.485;-1.94657;-1.2817;
28.8898;0.58904;-20.6776;-1.92538;-1.2739;
28.9522;0.623896;-20.8656;-1.88086;-1.25051;
29.0166;0.644727;-21.056;-1.9037;-1.24425;
29.0742;0.575131;-21.2426;-1.86597;-1.27181;
29.1326;0.584312;-21.4321;-1.89466;-1.27165;
29.1736;0.410394;-21.6403;-2.08256;-1.37623;
29.1977;0.240494;-21.8223;-1.81952;-1.43938;
29.2045;0.0683446;-22.0176;-1.95341;-1.53582;
29.2058;0.012717;-22.205;-1.87403;-1.56401;
29.2134;0.0762596;-22.3967;-1.91685;-1.53103;
29.2203;0.0690588;-22.6043;-2.07631;-1.53755;
29.213;-0.0729248;-22.7994;-1.95009;-1.60817;
29.2108;-0.0222898;-23.0133;-2.13927;-1.58122;
29.1991;-0.117233;-23.1985;-1.85225;-1.634;
29.198;-0.0108901;-23.3978;-1.99282;-1.57626;
29.1851;-0.129328;-23.6145;-2.16729;-1.6304;
29.1768;-0.0828148;-23.7992;-1.84729;-1.6156;
29.1548;-0.219906;-24.0075;-2.08218;-1.67602;
29.1511;-0.0364472;-24.2186;-2.11141;-1.58806;
29.1513;0.00147194;-24.4244;-2.05793;-1.57008;
29.1616;0.103076;-24.6243;-1.99872;-1.51927;
29.1282;-0.333622;-24.8038;-1.79507;-1.75455;
29.0924;-0.358748;-24.9997;-1.95897;-1.75192;
29.0567;-0.356389;-25.1955;-1.95831;-1.75081;
29.0357;-0.210388;-25.3941;-1.98579;-1.67635;
29.0201;-0.155466;-25.5884;-1.94317;-1.65063;
29.0041;-0.160244;-25.7889;-2.00522;-1.65054;
28.9857;-0.184079;-25.9869;-1.98022;-1.66349;
28.9888;0.0311111;-26.1895;-2.02562;-1.55544;
29.0126;0.237987;-26.3844;-1.94914;-1.4493;
29.0341;0.21542;-26.5878;-2.03334;-1.46525;
29.058;0.238298;-26.796;-2.08201;-1.45684;
29.0782;0.202358;-26.9969;-2.00964;-1.47044;
29.1077;0.294943;-27.2149;-2.18015;-1.43633;
29.1006;-0.0706191;-27.4056;-1.9062;-1.60783;
29.0929;-0.0769918;-27.6196;-2.14055;-1.60675;
29.0869;-0.060758;-27.8231;-2.03516;-1.60064;
29.0842;-0.026541;-28.0199;-1.96771;-1.58428;
29.0722;-0.120274;-28.2152;-1.95355;-1.63229;
29.0576;-0.146133;-28.4147;-1.99403;-1.64395;
29.0426;-0.150238;-28.6019;-1.87206;-1.65088;
29.0302;-0.123065;-28.7932;-1.91388;-1.63501;
29.0173;-0.129797;-28.9907;-1.97447;-1.63644;
29.0043;-0.12928;-29.1891;-1.98375;-1.63587;
28.9996;-0.0472785;-29.3811;-1.92054;-1.59541;
28.9856;-0.140576;-29.5846;-2.03472;-1.63978;
28.9845;-0.010834;-29.7654;-1.80823;-1.57679;
28.9643;-0.201752;-29.984;-2.18608;-1.66283;

28.9458;-0.184441;29.8165;-1.99459;-1.663;
28.9204;-0.254752;29.6175;-1.98971;-1.69814;
28.8912;-0.292009;29.4201;-1.97467;-1.71761;
28.8442;-0.469978;29.2415;-1.78575;-1.82814;
28.7901;-0.540633;29.0474;-1.94148;-1.84238;
28.7372;-0.528684;28.8483;-1.99009;-1.83046;
28.694;-0.432042;28.6389;-2.09483;-1.77419;
28.6578;-0.362172;28.4453;-1.93611;-1.75572;
28.6149;-0.428791;28.2435;-2.0176;-1.78021;
28.5664;-0.485884;28.0482;-1.95312;-1.81462;
28.5219;-0.444695;27.8319;-2.1632;-1.77354;
28.4977;-0.241529;27.6274;-2.04411;-1.68841;
28.4757;-0.219984;27.4299;-1.97562;-1.68169;
28.447;-0.287181;27.2553;-1.74636;-1.73378;
28.4218;-0.251661;27.0226;-2.32683;-1.67853;
28.3969;-0.249479;26.8233;-1.99272;-1.69534;
28.3571;-0.398158;26.5995;-2.23779;-1.74688;
28.2919;-0.651578;26.4128;-1.86737;-1.90652;
28.2094;-0.825198;26.2279;-1.84842;-1.99068;
28.1259;-0.834988;26.043;-1.84903;-1.99497;
28.0558;-0.701096;25.8694;-1.73596;-1.95463;
27.9716;-0.842183;25.6825;-1.86913;-1.99413;
27.8961;-0.75483;25.5121;-1.70459;-1.98766;
27.8362;-0.599129;25.3137;-1.98364;-1.86412;
27.7706;-0.655957;25.1212;-1.92501;-1.89921;
27.7129;-0.576541;24.9186;-2.02588;-1.84805;
27.674;-0.388985;24.7444;-1.7417;-1.79053;
27.6255;-0.485014;24.542;-2.02475;-1.80591;
27.5823;-0.432758;24.3477;-1.9422;-1.79003;
27.5403;-0.419187;24.1506;-1.97146;-1.7803;
27.4767;-0.636124;23.9799;-1.70738;-1.92744;
27.4384;-0.38337;23.8086;-1.71216;-1.79107;
27.3964;-0.419451;23.6151;-1.93581;-1.78418;
27.3378;-0.586913;23.4135;-2.01549;-1.85416;
27.2808;-0.569238;23.2238;-1.89695;-1.86233;
27.219;-0.618169;23.0257;-1.98128;-1.87323;
27.1444;-0.745853;22.8189;-2.06813;-1.91692;
27.0765;-0.679123;22.6308;-1.88108;-1.91726;
27.0089;-0.676625;22.4408;-1.89995;-1.91292;
26.9412;-0.676185;22.2501;-1.90681;-1.91158;
26.8746;-0.666477;22.0666;-1.83504;-1.91918;
26.8007;-0.738874;21.8862;-1.80425;-1.95948;
26.7282;-0.725085;21.7002;-1.85979;-1.94254;
26.6551;-0.730769;21.5129;-1.87301;-1.94279;
26.5712;-0.838728;21.3151;-1.97739;-1.97195;
26.4844;-0.86876;21.1387;-1.76423;-2.02837;
26.3928;-0.915341;20.9451;-1.93584;-2.01248;
26.3136;-0.792554;20.777;-1.68135;-2.01129;
26.2104;-1.03227;20.5988;-1.78245;-2.09573;
26.0961;-1.14263;20.4301;-1.68621;-2.16635;
25.9911;-1.05035;20.2824;-1.47778;-2.18871;
25.8669;-1.24173;20.1088;-1.73569;-2.19179;
25.7557;-1.11199;19.9502;-1.58571;-2.18237;
25.643;-1.12669;19.795;-1.55178;-2.1988;
25.5216;-1.21399;19.6318;-1.63234;-2.21026;
25.4025;-1.19113;19.467;-1.64765;-2.19674;
25.2945;-1.07959;19.2881;-1.78943;-2.11365;
25.1893;-1.05235;19.1137;-1.74393;-2.11374;
25.085;-1.04287;18.9512;-1.62518;-2.14131;
24.9809;-1.0411;18.7881;-1.6307;-2.139;
24.8742;-1.06678;18.6268;-1.61335;-2.15502;
24.7659;-1.08323;18.4882;-1.38625;-2.2341;
24.6519;-1.13964;18.3321;-1.56111;-2.20139;
24.534;-1.17921;18.1705;-1.61572;-2.20127;
24.4073;-1.26745;18.0106;-1.59918;-2.24099;
24.2972;-1.10054;17.8733;-1.37263;-2.24662;
24.1877;-1.09559;17.7169;-1.56393;-2.18188;
24.0801;-1.07546;17.5656;-1.51287;-2.18878;
23.948;-1.32155;17.401;-1.64643;-2.24717;
23.8305;-1.17439;17.2434;-1.57572;-2.21128;
23.7112;-1.19374;17.0963;-1.47094;-2.25254;
23.5871;-1.24092;16.9485;-1.4785;-2.26905;
23.4715;-1.15518;16.8095;-1.38952;-2.26436;
23.3803;-0.912064;16.6658;-1.437;-2.13634;
23.2711;-1.09202;16.4973;-1.68467;-2.14591;
23.1782;-0.929545;16.3194;-1.77913;-2.05226;
23.0932;-0.849432;16.1412;-1.78205;-2.0156;
23.0011;-0.920889;15.9623;-1.78891;-2.04619;
22.8969;-1.04227;15.7882;-1.74106;-2.11022;
22.7815;-1.15435;15.6405;-1.47687;-2.23423;
22.6556;-1.25894;15.5065;-1.34046;-2.32485;
22.5254;-1.30207;15.3517;-1.54799;-2.27012;
22.399;-1.26339;15.1926;-1.59084;-2.24197;
22.2744;-1.24653;15.0362;-1.56386;-2.24376;
22.1611;-1.13288;14.8846;-1.51644;-2.21241;
22.0277;-1.33377;14.7384;-1.46183;-2.31042;
21.8921;-1.35579;14.6031;-1.35274;-2.35732;
21.7192;-1.72904;14.4675;-1.35636;-2.4764;
21.5641;-1.55129;14.3297;-1.37771;-2.41539;
21.4133;-1.50767;14.1986;-1.31139;-2.42571;
21.2622;-1.5113;14.0701;-1.28449;-2.43714;
21.1089;-1.53322;13.9344;-1.35733;-2.41697;
20.98;-1.28887;13.8122;-1.22176;-2.38292;
20.8574;-1.22577;13.6656;-1.46628;-2.26709;
20.7254;-1.32074;13.5082;-1.57353;-2.26907;
20.6035;-1.21822;13.3487;-1.59509;-2.22303;
20.4796;-1.23901;13.1902;-1.58571;-2.23407;
20.3635;-1.16173;13.0294;-1.60723;-2.19667;
20.2527;-1.10786;12.8566;-1.7285;-2.14078;
20.1384;-1.14275;12.6695;-1.87104;-2.11909;
20.0478;-0.90557;12.4933;-1.76199;-2.04554;
19.9458;-1.02001;12.3189;-1.74392;-2.10003;
19.8441;-1.01707;12.1442;-1.7464;-2.09816;
19.753;-0.911694;11.9789;-1.65368;-2.07465;
19.6524;-1.00588;11.8116;-1.67284;-2.11217;
19.5457;-1.06676;11.6438;-1.67842;-2.13696;
19.4361;-1.09611;11.5068;-1.36998;-2.2456;
19.294;-1.42099;11.3443;-1.62419;-2.28956;
19.1751;-1.18845;11.1695;-1.74825;-2.16783;
19.0716;-1.03571;11.0107;-1.58828;-2.14864;
18.9693;-1.02302;10.8466;-1.64079;-2.12831;
18.8636;-1.0572;10.6768;-1.69846;-2.12756;
18.753;-1.10574;10.5081;-1.68702;-2.15099;
18.6636;-0.894142;10.3484;-1.59642;-2.08135;
18.5647;-0.988853;10.1703;-1.78115;-2.0776;
18.4655;-0.992062;9.99466;-1.75636;-2.08496;
18.366;-0.994692;9.82738;-1.67287;-2.10724;
18.2606;-1.05365;9.66995;-1.57431;-2.1606;
18.1515;-1.09131;9.50471;-1.65233;-2.1545;
18.0491;-1.02419;9.3234;-1.81314;-2.08499;
17.9554;-0.936822;9.15452;-1.68884;-2.07725;
17.8623;-0.9306;8.94737;-2.07149;-1.99302;
17.7818;-0.80507;8.75955;-1.87813;-1.97576;
17.7114;-0.703978;8.56827;-1.91283;-1.92344;
17.649;-0.624542;8.37348;-1.94789;-1.88107;
17.5904;-0.586057;8.19748;-1.75999;-1.89224;
17.5244;-0.66023;8.00044;-1.97045;-1.8941;
17.5028;-0.215291;7.82797;-1.72466;-1.69498;
17.4768;-0.260682;7.62703;-2.00943;-1.69981;
17.4514;-0.253695;7.43201;-1.9502;-1.70016;
17.373;-0.783974;7.24424;-1.87771;-1.96631;
17.2855;-0.874482;7.05805;-1.86189;-2.00989;
17.2026;-0.829022;6.87706;-1.80993;-2.00032;
17.1175;-0.851053;6.69552;-1.8154;-2.00917;
17.0413;-0.762865;6.52845;-1.67071;-1.99914;
16.9604;-0.80803;6.34686;-1.81587;-1.98947;
16.8788;-0.816792;6.18056;-1.663;-2.02734;
16.7849;-0.938729;5.99746;-1.83095;-2.04455;
16.6905;-0.944078;5.82081;-1.76656;-2.0616;
16.59;-1.00521;5.64024;-1.80568;-2.07876;
16.4671;-1.22821;5.47187;-1.68373;-2.20102;
16.316;-1.51195;5.30279;-1.6908;-2.30041;
16.175;-1.40923;5.12701;-1.75777;-2.24658;
16.0505;-1.24556;4.94456;-1.82452;-2.1698;
15.9351;-1.15411;4.79258;-1.51981;-2.22027;
15.809;-1.26065;4.63188;-1.60694;-2.23602;
15.6898;-1.19177;4.46708;-1.64799;-2.1969;
15.5645;-1.25333;4.31106;-1.56026;-2.24754;
15.4448;-1.19699;4.15701;-1.54053;-2.23135;
15.3224;-1.22437;3.99968;-1.57324;-2.23213;
15.2117;-1.1069;3.8387;-1.60984;-2.17314;
15.0997;-1.11987;3.67484;-1.63853;-2.17034;
14.9803;-1.19367;3.5078;-1.67042;-2.19125;
14.8759;-1.04392;3.35079;-1.57009;-2.15756;
14.74;-1.35898;3.18554;-1.65257;-2.25901;
14.619;-1.20986;3.02674;-1.58799;-2.22186;
14.5172;-1.01834;2.86345;-1.63285;-2.12843;
14.4105;-1.06739;2.69656;-1.66897;-2.13979;
14.2987;-1.1178;2.53601;-1.60542;-2.17902;
14.1562;-1.42524;2.37869;-1.57326;-2.30687;
14.0211;-1.35065;2.22663;-1.52061;-2.29707;
13.8887;-1.32426;2.07595;-1.50679;-2.29181;
13.7519;-1.36715;1.93019;-1.4576;-2.32419;
13.616;-1.3599;1.78571;-1.44482;-2.32593;
13.4981;-1.17882;1.64753;-1.38176;-2.2771;
13.3749;-1.23213;1.48206;-1.65474;-2.21084;
13.2569;-1.17952;1.31943;-1.62625;-2.1983;
13.1402;-1.16742;1.1575;-1.61934;-2.19543;
13.0176;-1.22611;1.0036;-1.53902;-2.24351;
12.8851;-1.32477;0.841054;-1.62542;-2.25464;
12.7648;-1.20309;0.689198;-1.51857;-2.2408;
12.6248;-1.39956;0.522853;-1.66345;-2.27025;
12.5074;-1.17426;0.353748;-1.69104;-2.17776;
12.3895;-1.17844;0.192375;-1.61373;-2.20154;
12.2744;-1.15109;0.0241142;-1.68261;-2.17078;
12.1619;-1.12525;-0.144388;-1.68502;-2.15958;
12.0461;-1.15822;-0.317019;-1.72631;-2.16174;
11.9351;-1.10961;-0.481517;-1.64498;-2.16423;
11.8218;-1.13289;-0.649929;-1.68412;-2.16295;
11.7374;-0.844059;-0.788419;-1.38489;-2.11815;
11.633;-1.04484;-0.971051;-1.82632;-2.09045;
11.5306;-1.02399;-1.14601;-1.7496;-2.10032;
11.4755;-0.550382;-1.33972;-1.93714;-1.84762;
11.4162;-0.593003;-1.52793;-1.88203;-1.87604;
11.3598;-0.564101;-1.71866;-1.90735;-1.85835;
11.3103;-0.494644;-1.90866;-1.90002;-1.82548;
11.2562;-0.541012;-2.0947;-1.86039;-1.8538;
11.2238;-0.324735;-2.29078;-1.96073;-1.73493;
11.1976;-0.262112;-2.51575;-2.24973;-1.68678;
11.1621;-0.354038;-2.71033;-1.94582;-1.75078;
11.1351;-0.270479;-2.90667;-1.96339;-1.7077;
11.1002;-0.349191;-3.10063;-1.93957;-1.74892;
11.0717;-0.284829;-3.29622;-1.95594;-1.7154;
11.0514;-0.2031;-3.53818;-2.41959;-1.65454;
11.0237;-0.276563;-3.74305;-2.04869;-1.70498;
10.9903;-0.334448;-3.92762;-1.84568;-1.75006;
10.9747;-0.155728;-4.13307;-2.05449;-1.64645;
10.9632;-0.115649;-4.32889;-1.95819;-1.62979;
10.8965;-0.666932;-4.50658;-1.77695;-1.92985;
10.8267;-0.69777;-4.69312;-1.86538;-1.92875;
10.7683;-0.58359;-4.87539;-1.82267;-1.88067;
10.7064;-0.618757;-5.06304;-1.87655;-1.8893;
10.6213;-0.851561;-5.25485;-1.91805;-1.98863;
10.5507;-0.706043;-5.43455;-1.79697;-1.94517;
10.478;-0.72702;-5.62881;-1.94266;-1.9289;
10.4112;-0.668049;-5.81398;-1.85167;-1.91704;
10.3533;-0.578307;-5.98399;-1.70008;-1.89868;
10.2898;-0.635134;-6.17396;-1.89978;-1.89343;
10.2253;-0.645397;-6.36625;-1.92289;-1.89462;
10.1512;-0.741294;-6.55913;-1.92881;-1.93772;
10.0872;-0.639759;-6.74559;-1.86461;-1.90132;
10.0196;-0.676128;-6.92186;-1.76261;-1.93708;
9.94784;-0.717366;-7.10835;-1.86499;-1.938;
9.88445;-0.633895;-7.29071;-1.82353;-1.90535;
9.81163;-0.728229;-7.48119;-1.90482;-1.93596;
9.75758;-0.540455;-7.6801;-1.98915;-1.83609;
9.71503;-0.425492;-7.87796;-1.97858;-1.78262;
9.67497;-0.400651;-8.07744;-1.99478;-1.76901;
9.63549;-0.39475;-8.27462;-1.9718;-1.76838;
9.60168;-0.338151;-8.47541;-2.00793;-1.73764;
9.57469;-0.269922;-8.66946;-1.94044;-1.70901;
9.54612;-0.285679;-8.86839;-1.98939;-1.71342;
9.55167;0.0555621;-9.05823;-1.89839;-1.54154;
9.55558;0.0390902;-9.23082;-1.72585;-1.54815;
9.5692;0.13614;-9.41766;-1.86845;-1.49806;
9.56289;-0.0630379;-9.63029;-2.12623;-1.60044;
9.55568;-0.0721101;-9.82759;-1.97305;-1.60733;
9.54672;-0.089615;-10.0293;-2.01723;-1.61519;
9.54931;0.0259399;-10.2015;-1.7223;-1.55574;
9.55925;0.099313;-10.3997;-1.98196;-1.52073;
9.57166;0.124135;-10.5976;-1.97818;-1.50813;
9.60192;0.302613;-10.8153;-2.17703;-1.43268;
9.62846;0.265415;-11.0214;-2.06103;-1.44272;
9.64918;0.20717;-11.2032;-1.81866;-1.45737;
9.67936;0.301846;-11.4192;-2.15973;-1.43194;
9.72742;0.480551;-11.609;-1.89796;-1.32281;
9.75859;0.311683;-11.7886;-1.79645;-1.39901;
9.79611;0.37524;-11.981;-1.92363;-1.37815;
9.83086;0.347476;-12.1782;-1.97238;-1.39642;
9.87611;0.452552;-12.3793;-2.01017;-1.34936;
9.91985;0.437318;-12.5815;-2.02192;-1.35779;
9.96392;0.440759;-12.7888;-2.07365;-1.36136;
10.0086;0.446642;-12.9758;-1.86934;-1.33626;
10.054;0.453945;-13.1709;-1.95193;-1.3423;
10.1114;0.574537;-13.3631;-1.92138;-1.28024;
10.1832;0.717586;-13.5674;-2.04338;-1.23307;
10.238;0.547831;-13.7575;-1.90098;-1.29022;
10.2926;0.545815;-13.9406;-1.8308;-1.28106;
10.3655;0.729179;-14.1391;-1.98515;-1.21878;
10.4373;0.718435;-14.3325;-1.93336;-1.21501;
10.5087;0.713601;-14.5313;-1.98834;-1.22622;
10.5749;0.661894;-14.7161;-1.84774;-1.22682;
10.6351;0.602743;-14.9114;-1.95365;-1.27154;
10.6807;0.455119;-15.1338;-2.22332;-1.36888;
10.7066;0.259262;-15.3547;-2.2099;-1.45401;
10.7258;0.192395;-15.5477;-1.92959;-1.47142;
10.7452;0.19386;-15.7455;-1.97821;-1.47311;
10.775;0.298411;-15.9478;-2.02256;-1.42431;
10.8094;0.343481;-16.142;-1.9422;-1.39575;
10.8584;0.489798;-16.3482;-2.06189;-1.33757;
10.9108;0.524092;-16.539;-1.90789;-1.30271;
10.9541;0.433191;-16.727;-1.87983;-1.34431;
10.9982;0.441178;-16.9169;-1.89959;-1.34259;
11.0456;0.474008;-17.0966;-1.79677;-1.31286;
11.0921;0.46509;-17.2859;-1.89293;-1.32987;
11.1324;0.402874;-17.4813;-1.95451;-1.36752;
11.1479;0.154987;-17.6647;-1.83329;-1.48646;
11.1745;0.265381;-17.8668;-2.02136;-1.44025;
11.1823;0.0781578;-18.0746;-2.07812;-1.5332;
11.1899;0.0765473;-18.2805;-2.05851;-1.53363;
11.1984;0.0849449;-18.485;-2.04543;-1.52929;
11.2066;0.0816479;-18.6848;-1.99753;-1.52994;
11.222;0.154394;-18.8833;-1.98565;-1.4932;
11.2271;0.0503976;-19.0956;-2.12309;-1.54706;
11.235;0.0790458;-19.274;-1.78405;-1.52652;
11.2519;0.169011;-19.4615;-1.8746;-1.48088;
11.2872;0.352885;-19.6821;-2.20641;-1.4122;
11.3277;0.405401;-19.8897;-2.07527;-1.37788;
11.3599;0.322401;-20.0779;-1.88192;-1.40113;
11.3926;0.327009;-20.2732;-1.95349;-1.40494;
11.4212;0.285702;-20.4607;-1.87529;-1.41961;
11.455;0.33794;-20.6586;-1.97895;-1.40166;
11.4966;0.41556;-20.8541;-1.95423;-1.36127;
11.534;0.374502;-21.0544;-2.00312;-1.38597;
11.5348;0.00801764;-21.2493;-1.94894;-1.56668;
11.5599;0.25134;-21.4089;-1.59602;-1.4146;
11.5887;0.287517;-21.6154;-2.06522;-1.43247;
11.617;0.283497;-21.8122;-1.96853;-1.42776;
11.6455;0.284555;-22.0107;-1.98488;-1.42841;
11.6759;0.303849;-22.2299;-2.19164;-1.43303;
11.7027;0.268548;-22.4247;-1.94801;-1.4338;
11.7283;0.255418;-22.5936;-1.68953;-1.42076;
11.7582;0.299128;-22.7855;-1.91849;-1.41612;
11.7934;0.351831;-22.9909;-2.05396;-1.40115;
11.8195;0.261134;-23.176;-1.8513;-1.43067;
11.8509;0.313749;-23.3754;-1.99423;-1.41475;
11.8815;0.306397;-23.5729;-1.97502;-1.41689;
11.9146;0.330812;-23.7688;-1.95823;-1.40344;
11.9597;0.450903;-23.9709;-2.02167;-1.35135;
12.012;0.522751;-24.159;-1.88096;-1.29972;
12.0655;0.534999;-24.3519;-1.92821;-1.30015;
12.1203;0.548092;-24.5432;-1.91329;-1.2918;
12.1889;0.686536;-24.7182;-1.74988;-1.19692;
12.2511;0.622232;-24.8823;-1.64109;-1.20839;
12.323;0.718655;-25.0693;-1.86993;-1.20388;
12.3796;0.565941;-25.2589;-1.89671;-1.28083;
12.4162;0.365758;-25.4407;-1.81716;-1.37217;
12.4657;0.494881;-25.6416;-2.0097;-1.32935;
12.5111;0.45413;-25.8304;-1.88801;-1.33475;
12.5559;0.448727;-26.0214;-1.90942;-1.33998;
12.6008;0.448847;-26.2165;-1.95171;-1.34475;
12.6407;0.398941;-26.4129;-1.96319;-1.37032;
12.6607;0.200188;-26.6018;-1.88907;-1.46522;
12.6787;0.179335;-26.8044;-2.02658;-1.48253;
12.6975;0.188196;-27.0241;-2.19634;-1.48532;
12.7237;0.26247;-27.224;-1.99928;-1.44026;
12.7419;0.181759;-27.4294;-2.05434;-1.48255;
12.7731;0.311426;-27.6602;-2.30802;-1.43667;
12.791;0.178994;-27.8746;-2.1441;-1.48751;
12.8082;0.172444;-28.0727;-1.98073;-1.48395;
12.8063;-0.0188499;-28.2723;-1.9956;-1.58024;
12.81;0.0371726;-28.4756;-2.03294;-1.55251;
12.8143;0.0428821;-28.6784;-2.02826;-1.54966;
12.8211;0.0672546;-28.8814;-2.02967;-1.53767;
12.867;0.459021;-29.1062;-2.24842;-1.36941;
12.9032;0.362261;-29.2944;-1.88221;-1.38066;
12.9405;0.373521;-29.4871;-1.92649;-1.37929;
12.9948;0.543122;-29.6766;-1.89573;-1.29177;
13.0551;0.602489;-29.8688;-1.92181;-1.267;

13.1077;0.525564;29.9484;-1.8278;-1.29081;
13.1626;0.549339;29.7554;-1.93034;-1.29354;
13.215;0.524252;29.565;-1.90394;-1.3021;
13.2722;0.571444;29.3872;-1.77812;-1.25985;
13.3466;0.744271;29.182;-2.05177;-1.22281;
13.4104;0.638257;28.9994;-1.82619;-1.23457;
13.4727;0.623323;28.8084;-1.90917;-1.25522;
13.5342;0.614986;28.621;-1.87468;-1.25381;
13.609;0.747129;28.413;-2.07993;-1.22594;
13.6399;0.309643;28.2508;-1.622;-1.38216;
13.6965;0.565765;28.0674;-1.83348;-1.27149;
13.7556;0.590735;27.8758;-1.9163;-1.27177;
13.8277;0.721297;27.6867;-1.89062;-1.20633;
13.9238;0.96086;27.4955;-1.91225;-1.10517;
14.0183;0.945448;27.3063;-1.89229;-1.10744;
14.1038;0.854641;27.1355;-1.70782;-1.10681;
14.1906;0.867817;26.9701;-1.65434;-1.08769;
14.2789;0.882878;26.8146;-1.55499;-1.05441;
14.3768;0.97899;26.6375;-1.77032;-1.06565;
14.4645;0.877013;26.4677;-1.69796;-1.09403;
14.5562;0.917337;26.2901;-1.77674;-1.09419;
14.6382;0.819712;26.1128;-1.7731;-1.13776;
14.7141;0.759537;25.92;-1.9281;-1.19553;
14.7736;0.595152;25.7274;-1.9257;-1.27105;
14.8114;0.377157;25.5539;-1.73435;-1.35667;
14.8614;0.500855;25.3455;-2.0846;-1.335;
14.9227;0.612328;25.1409;-2.04607;-1.28001;
14.9821;0.594742;24.9508;-1.90075;-1.26755;
15.0565;0.743366;24.7621;-1.88667;-1.19546;
15.1289;0.724141;24.5661;-1.96006;-1.2169;
15.2017;0.727771;24.3528;-2.13372;-1.24209;
15.2675;0.657805;24.1659;-1.86868;-1.23233;
15.3293;0.618229;23.9606;-2.05264;-1.27825;
15.3894;0.601402;23.7739;-1.86702;-1.25917;
15.4374;0.4801;23.605;-1.68906;-1.29386;
15.5069;0.6951;23.4093;-1.95671;-1.22946;
15.5745;0.675538;23.2209;-1.88461;-1.22661;
15.6525;0.780099;23.0257;-1.95197;-1.19059;
15.7249;0.724334;22.8618;-1.63864;-1.15459;
15.799;0.740535;22.6657;-1.9614;-1.20979;
15.8694;0.703982;22.4857;-1.79999;-1.19798;
15.951;0.815939;22.2849;-2.00823;-1.18487;
16.0235;0.725449;22.0983;-1.86558;-1.19993;
16.0962;0.726798;21.9171;-1.81249;-1.18943;
16.1698;0.735622;21.7294;-1.87636;-1.19716;
16.2633;0.935613;21.5723;-1.57146;-1.03378;
16.3705;1.07163;21.4036;-1.68658;-1.00476;
16.4662;0.956965;21.2357;-1.67939;-1.05286;
16.553;0.867965;21.0693;-1.66365;-1.08992;
16.6457;0.927583;20.8947;-1.74607;-1.08247;
16.7439;0.981296;20.7257;-1.68966;-1.04464;
16.8328;0.889698;20.55;-1.75745;-1.10217;
16.9394;1.06569;20.394;-1.56001;-0.971485;
17.0526;1.13166;20.2251;-1.68928;-0.980552;
17.173;1.20421;20.0504;-1.74659;-0.967177;
17.2943;1.2131;19.8979;-1.52501;-0.898823;
17.4143;1.19958;19.7769;-1.21045;-0.789911;
17.5548;1.40519;19.6339;-1.42967;-0.794035;
17.6981;1.43323;19.4966;-1.37302;-0.763947;
17.8183;1.20162;19.3608;-1.35805;-0.846434;
17.9481;1.29861;19.2033;-1.57478;-0.881216;
18.0754;1.27299;19.0492;-1.54126;-0.880436;
18.1843;1.08915;18.9112;-1.38001;-0.902654;
18.2967;1.12309;18.7788;-1.32347;-0.867122;
18.4302;1.33522;18.6184;-1.6039;-0.876558;
18.5578;1.27653;18.4722;-1.4621;-0.853054;
18.6866;1.28733;18.3325;-1.39733;-0.826349;
18.8202;1.33603;18.1829;-1.49628;-0.841917;
18.9612;1.41005;18.0298;-1.53105;-0.826515;
19.0969;1.3578;17.8828;-1.46922;-0.82479;
19.2204;1.2345;17.7147;-1.68197;-0.937638;
19.3369;1.16501;17.5486;-1.66035;-0.958954;
19.4438;1.06935;17.3848;-1.63842;-0.992545;
19.5691;1.25309;17.2238;-1.60964;-0.909306;
19.6918;1.22673;17.0707;-1.53077;-0.895213;
19.7944;1.02598;16.9189;-1.51854;-0.976611;
19.9173;1.22851;16.7588;-1.60062;-0.916176;
20.0399;1.22674;16.6;-1.58858;-0.913223;
20.156;1.16084;16.4401;-1.59863;-0.942735;
20.2742;1.18225;16.2659;-1.74152;-0.974397;
20.3926;1.18339;16.1069;-1.59005;-0.930987;
20.5057;1.13126;15.9458;-1.6111;-0.95862;
20.6192;1.13506;15.7927;-1.53084;-0.932782;
20.7279;1.08716;15.6061;-1.86615;-1.04329;
20.8289;1.00922;15.4324;-1.73685;-1.04442;
20.9447;1.15819;15.2565;-1.75962;-0.988675;
21.0465;1.01854;15.0963;-1.60188;-1.00444;
21.1548;1.08227;14.9197;-1.76593;-1.02097;
21.2526;0.978281;14.7495;-1.7016;-1.04902;
21.3565;1.0395;14.5763;-1.73256;-1.03039;
21.4709;1.14322;14.4054;-1.70859;-0.981107;
21.5817;1.10874;14.2394;-1.66019;-0.981982;
21.7136;1.31858;14.0633;-1.76144;-0.928205;
21.8343;1.20708;13.9089;-1.54413;-0.907299;
21.9575;1.23154;13.752;-1.56869;-0.90522;
22.0728;1.15373;13.5877;-1.643;-0.958588;
22.184;1.1122;13.4214;-1.66256;-0.981201;
22.2855;1.0142;13.2519;-1.69494;-1.03158;
22.3911;1.05648;13.0748;-1.77173;-1.0331;
22.4932;1.021;12.9027;-1.72095;-1.03534;
22.5974;1.04195;12.7213;-1.81338;-1.04927;
22.7034;1.06019;12.5375;-1.838;-1.0476;
22.8018;0.983473;12.3648;-1.7274;-1.05323;
22.9056;1.03857;12.1778;-1.87013;-1.06386;
23.0065;1.00888;11.9983;-1.79471;-1.05868;
23.1061;0.996257;11.8242;-1.74091;-1.05102;
23.2048;0.986307;11.6514;-1.72808;-1.05216;
23.3051;1.003;11.4789;-1.72487;-1.0441;
23.4052;1.00087;11.3059;-1.72992;-1.04629;
23.466;0.608695;11.1247;-1.81232;-1.24677;
23.5389;0.728605;10.9426;-1.82124;-1.19024;
23.6164;0.774901;10.7606;-1.81937;-1.16815;
23.6951;0.787487;10.5672;-1.93397;-1.18411;
23.7649;0.697507;10.3694;-1.97863;-1.23188;
23.8043;0.393805;10.1814;-1.87949;-1.36426;
23.8352;0.309614;9.98729;-1.94138;-1.41265;
23.8656;0.303415;9.78433;-2.02958;-1.4224;
23.9172;0.516691;9.59559;-1.88737;-1.30358;
23.9695;0.522815;9.40273;-1.92865;-1.30608;
23.994;0.244777;9.21586;-1.86862;-1.44054;
24.0373;0.433429;8.99422;-2.21642;-1.37768;
24.0901;0.52743;8.82048;-1.73744;-1.27607;
24.1538;0.637551;8.61039;-2.10086;-1.27616;
24.1968;0.429509;8.43957;-1.70823;-1.32447;
24.2578;0.61003;8.25957;-1.79996;-1.24403;
24.3045;0.467366;8.07746;-1.8211;-1.31958;
24.3569;0.523424;7.88748;-1.89983;-1.30195;
24.4039;0.470336;7.69493;-1.92548;-1.33122;
24.4447;0.407893;7.49953;-1.95403;-1.36501;
24.4859;0.412377;7.30448;-1.95048;-1.36244;
24.528;0.421004;7.10718;-1.97301;-1.36057;
24.5271;-0.00891799;6.90411;-2.03073;-1.57519;
24.5266;-0.00561115;6.70225;-2.01856;-1.57358;
24.5487;0.22148;6.51061;-1.91644;-1.45574;
24.594;0.452706;6.31692;-1.93692;-1.34119;
24.6433;0.493;6.11605;-2.00866;-1.33012;
24.7097;0.664526;5.91539;-2.00664;-1.251;
24.7768;0.670107;5.73109;-1.84301;-1.22206;
24.8543;0.775747;5.54596;-1.85127;-1.17399;
24.9209;0.665767;5.34964;-1.96321;-1.24384;
24.9711;0.501583;5.15797;-1.91672;-1.31485;
25.0258;0.546882;4.97004;-1.87925;-1.28761;
25.0839;0.581249;4.7819;-1.8814;-1.27115;
25.16;0.760824;4.60985;-1.72048;-1.15443;
25.2351;0.750937;4.42194;-1.87907;-1.19061;
25.3321;0.970355;4.1921;-2.29841;-1.17131;
25.3937;0.616233;4.03042;-1.61686;-1.20666;
25.4659;0.721379;3.84414;-1.8628;-1.20133;
25.5534;0.875501;3.64928;-1.94854;-1.14852;
25.6313;0.778957;3.46864;-1.80639;-1.16367;
25.7014;0.701176;3.28636;-1.82285;-1.20358;
25.7656;0.642318;3.10755;-1.78805;-1.22592;
25.8493;0.836675;2.94065;-1.66901;-1.10611;
25.9339;0.845642;2.7552;-1.85448;-1.14297;
26.0149;0.810403;2.56956;-1.85647;-1.1592;
26.0739;0.589392;2.38113;-1.8843;-1.26765;
26.1538;0.799307;2.17363;-2.07495;-1.2031;
26.2211;0.672739;1.98627;-1.87361;-1.22607;
26.2756;0.545341;1.78498;-2.01286;-1.30622;
26.3317;0.560706;1.60112;-1.83862;-1.2748;
26.4347;1.0307;1.42107;-1.80052;-1.05088;
26.5398;1.05024;1.24447;-1.766;-1.03428;
26.6425;1.02728;1.0641;-1.80366;-1.05307;
26.7415;0.989904;0.890477;-1.73625;-1.05262;
26.8408;0.993637;0.716309;-1.74169;-1.05235;
26.9491;1.08231;0.544448;-1.71861;-1.00878;
27.0569;1.07855;0.381276;-1.63172;-0.986737;
27.1773;1.20323;0.239097;-1.42178;-0.868466;
27.2927;1.15465;0.0775729;-1.61524;-0.950176;
27.4066;1.13871;-0.0923325;-1.69905;-0.980352;
27.5322;1.2564;-0.245749;-1.53417;-0.884608;
27.6783;1.46045;-0.413182;-1.67433;-0.853519;
27.8058;1.27515;-0.554738;-1.41556;-0.837534;
27.9385;1.32749;-0.706455;-1.51717;-0.85198;
28.0699;1.31324;-0.861529;-1.55075;-0.868137;
28.1987;1.28814;-1.03413;-1.72602;-0.929662;
28.3135;1.14852;-1.19735;-1.63216;-0.957602;
28.4309;1.17365;-1.36145;-1.64105;-0.949953;
28.5354;1.04518;-1.51519;-1.53736;-0.973718;
28.6308;0.954161;-1.6689;-1.53711;-1.01526;
28.727;0.96143;-1.8466;-1.77701;-1.07486;
28.8202;0.932712;-2.00775;-1.61151;-1.04613;
28.9004;0.801576;-2.19199;-1.84243;-1.16043;
28.9912;0.90758;-2.3546;-1.62608;-1.06173;
29.0946;1.03424;-2.53765;-1.83049;-1.0565;
29.196;1.01457;-2.70058;-1.62932;-1.01386;
29.3384;1.42389;-2.85536;-1.54775;-0.827054;
29.4658;1.2741;-3.00373;-1.4837;-0.861254;
29.6068;1.40931;-3.16748;-1.63752;-0.860161;
29.7288;1.22025;-3.33397;-1.66492;-0.938319;
29.8538;1.24978;-3.4885;-1.54532;-0.890741;
29.9792;1.25463;-3.64435;-1.5585;-0.892998;

-29.9074;1.13347;-3.80295;-1.58592;-0.950265;
-29.796;1.11424;-3.98986;-1.86914;-1.03323;
-29.6902;1.05772;-4.16307;-1.7321;-1.02258;
-29.5902;0.999797;-4.34735;-1.84278;-1.07369;
-29.4932;0.970779;-4.52152;-1.74173;-1.06232;
-29.3888;1.0436;-4.70077;-1.79245;-1.04355;
-29.2882;1.00639;-4.87326;-1.72489;-1.04263;
-29.1951;0.931087;-5.03479;-1.61534;-1.04791;
-29.1105;0.845414;-5.2022;-1.67408;-1.10316;
-29.0201;0.904579;-5.38139;-1.79187;-1.1033;
-28.9312;0.888614;-5.55597;-1.74583;-1.09998;
-28.8503;0.808974;-5.73146;-1.75494;-1.13886;
-28.7568;0.935278;-5.92516;-1.93695;-1.12095;
-28.6703;0.864255;-6.10565;-1.80496;-1.12423;
-28.5844;0.859015;-6.29358;-1.87922;-1.14204;
-28.4935;0.909402;-6.47372;-1.80148;-1.10331;
-28.4133;0.801672;-6.65542;-1.81699;-1.15528;
-28.3277;0.85628;-6.84576;-1.90333;-1.14804;
-28.2453;0.824291;-7.02806;-1.823;-1.14615;
-28.1633;0.8202;-7.21089;-1.82838;-1.14911;
-28.0667;0.965634;-7.37658;-1.65686;-1.04311;
-27.9592;1.07516;-7.54955;-1.72969;-1.01465;
-27.8746;0.846296;-7.71022;-1.60672;-1.086;
-27.7806;0.939905;-7.88508;-1.7486;-1.07759;
-27.6888;0.917376;-8.06342;-1.78343;-1.0957;
-27.603;0.858664;-8.24556;-1.82139;-1.13026;
-27.5191;0.838401;-8.41696;-1.71397;-1.11586;
-27.4479;0.712069;-8.61323;-1.96268;-1.22276;
-27.3626;0.853429;-8.80811;-1.94881;-1.15803;
-27.2678;0.947556;-8.97081;-1.62704;-1.04343;
-27.1794;0.88443;-9.13268;-1.61871;-1.07074;
-27.0857;0.93661;-9.30319;-1.70507;-1.06848;
-27.0088;0.769194;-9.48851;-1.85316;-1.17737;
-26.9277;0.810733;-9.69767;-2.09162;-1.20102;
-26.8525;0.75256;-9.88955;-1.91876;-1.19702;
-26.7837;0.687813;-10.079;-1.895;-1.22262;
-26.7033;0.803836;-10.2599;-1.80853;-1.15255;
-26.6028;1.00464;-10.4396;-1.79679;-1.06097;
-26.5066;0.962026;-10.5776;-1.38043;-0.962153;
-26.4019;1.04742;-10.7629;-1.85268;-1.05624;
-26.2986;1.03307;-10.9256;-1.62734;-1.00517;
-26.1979;1.0071;-11.0915;-1.65836;-1.02503;
-26.0718;1.26062;-11.2428;-1.51389;-0.876433;
-25.9267;1.45065;-11.3744;-1.31517;-0.736455;
-25.7826;1.4414;-11.5105;-1.36121;-0.756791;
-25.6213;1.61308;-11.6442;-1.33747;-0.692256;
-25.4672;1.54126;-11.7722;-1.27949;-0.692864;
-25.3179;1.49289;-11.905;-1.32802;-0.727018;
-25.1647;1.5322;-12.0411;-1.36139;-0.726439;
-25.0115;1.53171;-12.1723;-1.312;-0.708288;
-24.8576;1.53929;-12.3062;-1.3391;-0.715963;
-24.7023;1.55259;-12.4362;-1.29927;-0.696805;
-24.5447;1.57559;-12.5419;-1.05738;-0.591067;
-24.3861;1.58607;-12.6586;-1.16726;-0.634444;
-24.213;1.73139;-12.7685;-1.09921;-0.565667;
-24.0467;1.66246;-12.8895;-1.20941;-0.628934;
-23.9068;1.39981;-13.01;-1.20481;-0.710668;
-23.7565;1.50221;-13.1427;-1.32686;-0.723496;
-23.6113;1.45197;-13.2657;-1.23081;-0.703148;
-23.457;1.54395;-13.3836;-1.17892;-0.652132;
-23.2929;1.64032;-13.4962;-1.12581;-0.601495;
-23.1217;1.71259;-13.6136;-1.17357;-0.600764;
-22.9431;1.78553;-13.7286;-1.15043;-0.572362;
-22.778;1.65142;-13.8348;-1.06156;-0.571307;
-22.5798;1.98204;-13.9601;-1.25312;-0.563786;
-22.4109;1.68896;-14.064;-1.0397;-0.551801;
-22.236;1.74823;-14.1495;-0.854904;-0.454817;
-22.0597;1.76349;-14.2374;-0.878268;-0.462069;
-21.8768;1.82909;-14.3244;-0.870846;-0.444352;
-21.6807;1.96058;-14.4045;-0.80041;-0.3876;
-21.4992;1.8156;-14.4827;-0.78203;-0.406712;
-21.3153;1.83855;-14.5619;-0.791836;-0.406676;
-21.127;1.88339;-14.6413;-0.79423;-0.399074;
-20.9336;1.93325;-14.7254;-0.841086;-0.410363;
-20.7499;1.83731;-14.8057;-0.803367;-0.412203;
-20.5564;1.93487;-14.8667;-0.609782;-0.305301;
-20.3685;1.8795;-14.9318;-0.650833;-0.333357;
-20.1858;1.82707;-14.9894;-0.575574;-0.305185;
-19.9896;1.96222;-15.0378;-0.484595;-0.242118;
-19.7857;2.03895;-15.0867;-0.489261;-0.235505;
-19.5837;2.02005;-15.1301;-0.433469;-0.211378;
-19.3876;1.96076;-15.1863;-0.562435;-0.279345;
-19.1953;1.92247;-15.2415;-0.551433;-0.279336;
-19.0015;1.93796;-15.2943;-0.528621;-0.266294;
-18.8204;1.81171;-15.3358;-0.414823;-0.225088;
-18.6149;2.05444;-15.3673;-0.314367;-0.151841;
-18.4193;1.95661;-15.3935;-0.262114;-0.133171;
-18.2357;1.83545;-15.4091;-0.156275;-0.084938;
-18.0342;2.01501;-15.4106;-0.0146914;-0.00729083;
-17.8333;2.00946;-15.4156;-0.0506325;-0.0251918;
-17.6249;2.08406;-15.4105;0.0508797;0.0244089;
-17.416;2.08819;-15.4329;-0.223927;-0.106826;
-17.2123;2.03739;-15.4583;-0.254058;-0.124057;
-17.0204;1.91915;-15.4798;-0.214466;-0.111289;
-16.8223;1.981;-15.5024;-0.22601;-0.113598;
-16.6127;2.09633;-15.5255;-0.231524;-0.109997;
-16.4125;2.00165;-15.5421;-0.165706;-0.0825964;
-16.2381;1.74414;-15.5555;-0.134219;-0.0768028;
-16.0374;2.00652;-15.5656;-0.100567;-0.0500781;
-15.8356;2.01808;-15.576;-0.103682;-0.0513313;
-15.6445;1.91111;-15.5885;-0.125544;-0.0655971;
-15.4462;1.98269;-15.5992;-0.107288;-0.0540596;
-15.2466;1.9964;-15.6121;-0.128939;-0.0644962;
-15.0457;2.00877;-15.625;-0.128307;-0.0637868;
-14.8506;1.95129;-15.6321;-0.0715605;-0.0366569;
-14.6547;1.9591;-15.6663;-0.342135;-0.172895;
-14.4182;2.36504;-15.685;-0.186616;-0.0787427;
-14.2211;1.97072;-15.7213;-0.363314;-0.182309;
-14.023;1.98096;-15.7352;-0.138889;-0.0699974;
-13.8167;2.06257;-15.7674;-0.321447;-0.154604;
-13.6183;1.98439;-15.8099;-0.425294;-0.211126;
-13.4221;1.96163;-15.8535;-0.435946;-0.218683;
-13.2294;1.92711;-15.893;-0.394939;-0.20214;
-13.0487;1.80745;-15.932;-0.389841;-0.212432;
-12.8362;2.12504;-15.9678;-0.35815;-0.166969;
-12.639;1.97152;-15.9999;-0.320769;-0.161288;
-12.4448;1.94213;-16.0283;-0.284319;-0.145363;
-12.2767;1.68155;-16.0665;-0.381651;-0.223183;
-12.1227;1.53925;-16.1172;-0.507373;-0.318408;
-11.9337;1.89073;-16.1804;-0.632104;-0.322636;
-11.7426;1.91031;-16.2489;-0.684658;-0.34414;
-11.556;1.86657;-16.3138;-0.649647;-0.33493;
-11.3603;1.95723;-16.3665;-0.526555;-0.262809;
-11.1768;1.83464;-16.4147;-0.481627;-0.256726;
-10.9359;2.40928;-16.4903;-0.756263;-0.304156;
-10.7443;1.91611;-16.5431;-0.528424;-0.269091;
-10.5627;1.81582;-16.6039;-0.608102;-0.323153;
-10.3682;1.94433;-16.6601;-0.561209;-0.281002;
-10.1795;1.88734;-16.7088;-0.487417;-0.252734;
-9.98528;1.94222;-16.7701;-0.613407;-0.305913;
-9.79249;1.92797;-16.8093;-0.391188;-0.200184;
-9.59783;1.94657;-16.8436;-0.343794;-0.174813;
-9.40554;1.92293;-16.8778;-0.341221;-0.175621;
-9.20459;2.00948;-16.9144;-0.36655;-0.180426;
-9.01039;1.94197;-16.9489;-0.344565;-0.175603;
-8.80915;2.01241;-16.976;-0.271175;-0.133945;
-8.61539;1.93762;-16.9855;-0.0956479;-0.0493235;
-8.41396;2.01424;-17.0005;-0.149826;-0.0742465;
-8.1992;2.14762;-17.0132;-0.12691;-0.0590245;
-7.99871;2.00487;-17.0224;-0.0922364;-0.0459737;
-7.80011;1.98601;-17.0265;-0.0401768;-0.0202271;
-7.58162;2.18491;-17.0315;-0.0500941;-0.0229233;
-7.39233;1.89293;-17.033;-0.0149456;-0.00789534;
-7.20068;1.91648;-17.029;0.0393104;0.0205089;
-7.00528;1.95405;-17.0111;0.179141;0.0914215;
-6.80582;1.99458;-16.986;0.25142;0.125391;
-6.60806;1.97758;-16.9593;0.267221;0.134312;
-6.41063;1.97436;-16.9394;0.198153;0.100028;
-6.21944;1.91189;-16.9172;0.222167;0.115684;
-6.02205;1.97389;-16.8982;0.189819;0.0958701;
-5.82152;2.00527;-16.8788;0.194921;0.0968998;
-5.63023;1.91285;-16.8623;0.164811;0.0859473;
-5.44241;1.87824;-16.8328;0.294287;0.155418;
-5.24425;1.98159;-16.7906;0.422499;0.210067;
-5.04939;1.94864;-16.7502;0.40383;0.204344;
-4.858;1.91389;-16.701;0.492178;0.251707;
-4.65074;2.07255;-16.6597;0.41308;0.196732;
-4.45649;1.94258;-16.623;0.366647;0.186548;
-4.29797;1.58512;-16.5739;0.49126;0.300533;
-4.11529;1.8268;-16.5055;0.684262;0.358392;
-3.94161;1.73683;-16.4336;0.718551;0.392272;
-3.76491;1.76698;-16.3562;0.774378;0.413039;
-3.58699;1.77923;-16.2843;0.719067;0.384075;
-3.4046;1.82393;-16.1924;0.919025;0.466739;
-3.22616;1.7844;-16.1006;0.917355;0.474861;
-3.07128;1.54871;-15.9955;1.05113;0.596295;
-2.88456;1.8672;-15.8679;1.27639;0.599623;
-2.71997;1.64598;-15.755;1.12927;0.601321;
-2.57538;1.44589;-15.6316;1.23329;0.706212;
-2.42834;1.47034;-15.4951;1.365;0.74826;
-2.28051;1.47832;-15.3549;1.40231;0.759015;
-2.13295;1.47561;-15.2216;1.33282;0.7346;
-1.9891;1.43854;-15.0736;1.47961;0.799472;
-1.85188;1.37219;-14.9339;1.39724;0.794444;
-1.71103;1.40845;-14.7866;1.47368;0.808027;
-1.58159;1.29446;-14.6328;1.53781;0.87111;
-1.45196;1.29625;-14.4985;1.34236;0.802869;
-1.3124;1.39557;-14.3464;1.52129;0.828471;
-1.18236;1.30048;-14.2077;1.38727;0.817677;
-1.07135;1.11011;-14.053;1.54689;0.94833;
-0.954686;1.1666;-13.8905;1.62536;0.94826;
-0.843114;1.11572;-13.7594;1.31102;0.865706;
-0.713623;1.29491;-13.6063;1.53042;0.868564;
-0.576392;1.37231;-13.4506;1.55723;0.848438;
-0.446392;1.3;-13.3013;1.49316;0.854444;
-0.319141;1.27251;-13.1836;1.17712;0.746477;
-0.172407;1.46734;-13.0477;1.3588;0.747013;
-0.0177078;1.54699;-12.9101;1.3757;0.726858;
0.12065;1.38358;-12.7594;1.50678;0.827998;
0.253533;1.32883;-12.606;1.53404;0.856956;
0.38306;1.29527;-12.4542;1.51874;0.864647;
0.51249;1.29431;-12.2924;1.61791;0.896062;
0.635728;1.23237;-12.1174;1.74985;0.957208;
0.74699;1.11262;-11.9311;1.86309;1.03245;
0.855548;1.08559;-11.7696;1.61476;0.978912;
0.966017;1.10469;-11.6068;1.6277;0.974522;
1.06411;0.980911;-11.4233;1.83478;1.07984;
1.14172;0.776162;-11.2515;1.7186;1.14659;
1.22304;0.813166;-11.0677;1.83752;1.15417;
1.30495;0.819061;-10.8839;1.83825;1.15164;
1.3876;0.826522;-10.6986;1.85296;1.15123;
1.44174;0.541358;-10.5042;1.94405;1.29921;
1.49603;0.542987;-10.3047;1.99463;1.30501;
1.55457;0.585393;-10.1084;1.96321;1.28101;
1.6147;0.601248;-9.89255;2.15873;1.29916;
1.67416;0.594653;-9.70701;1.8554;1.26064;
1.7357;0.615358;-9.51748;1.89534;1.25686;
1.81864;0.829411;-9.32702;1.90458;1.16008;
1.89946;0.808203;-9.14577;1.81245;1.15134;
1.97275;0.732861;-8.95963;1.86144;1.19573;
2.04526;0.725174;-8.77233;1.87301;1.2014;
2.11221;0.669411;-8.57717;1.95156;1.24036;
2.17567;0.634639;-8.38648;1.9069;1.24952;
2.22903;0.533619;-8.21991;1.66569;1.26077;
2.29068;0.6165;-8.02368;1.96233;1.26639;
2.32506;0.343838;-7.83945;1.84232;1.38629;
2.35108;0.260147;-7.63251;2.06938;1.44574;
2.37099;0.199081;-7.44344;1.89068;1.46589;
2.40871;0.377226;-7.25223;1.91211;1.37601;
2.4491;0.40386;-7.04534;2.0689;1.37802;
2.48061;0.315104;-6.84975;1.9559;1.41106;
2.52861;0.480003;-6.64001;2.09738;1.34581;
2.58106;0.524533;-6.462;1.7801;1.28424;
2.64004;0.589807;-6.2942;1.67801;1.23279;
2.70109;0.610466;-6.10283;1.91372;1.26201;
2.7474;0.46316;-5.89984;2.02996;1.34647;
2.78513;0.377246;-5.70424;1.956;1.38027;
2.82251;0.373841;-5.51275;1.91486;1.37799;
2.87586;0.533492;-5.31625;1.96501;1.30569;
2.92222;0.463579;-5.12052;1.95725;1.33823;
2.96461;0.423951;-4.94201;1.78511;1.33762;
3.01218;0.475655;-4.74536;1.96658;1.33349;
3.05176;0.39577;-4.54776;1.97596;1.37312;
3.10029;0.485309;-4.34153;2.06231;1.33968;
3.16784;0.675528;-4.13768;2.03845;1.25079;
3.23941;0.715676;-3.95522;1.82466;1.19701;
3.30749;0.680844;-3.76278;1.92442;1.23075;
3.38821;0.807147;-3.56398;1.98794;1.18511;
3.4696;0.81394;-3.38125;1.82734;1.15176;
3.55423;0.846264;-3.19672;1.84526;1.1408;
3.65018;0.959482;-3.05192;1.44807;0.985618;
3.7656;1.1542;-2.88785;1.64061;0.957713;
3.87022;1.04628;-2.72396;1.63893;1.00262;
4.00889;1.38661;-2.55734;1.66624;0.87674;
4.1369;1.28015;-2.40351;1.53831;0.876739;
4.27091;1.34011;-2.24239;1.61113;0.876975;
4.3838;1.12886;-2.0682;1.74198;0.995804;
4.49588;1.12081;-1.89766;1.70534;0.989353;
4.60358;1.07702;-1.73221;1.65453;0.993749;
4.71597;1.12392;-1.56473;1.67479;0.979741;
4.81395;0.979781;-1.41397;1.50757;0.994485;
4.93484;1.20888;-1.24089;1.73086;0.961125;
5.0556;1.20761;-1.06126;1.7963;0.978922;
5.15694;1.01336;-0.888996;1.72261;1.03905;
5.25605;0.991181;-0.712181;1.76815;1.05987;
5.36013;1.04076;-0.524154;1.88027;1.06526;
5.47183;1.11698;-0.344377;1.79777;1.01485;
5.57946;1.07629;-0.176502;1.67875;1.00069;
5.69879;1.19338;0.00268196;1.79184;0.983248;
5.82459;1.25799;0.161945;1.59263;0.902255;
5.94531;1.20718;0.317607;1.55662;0.911166;
6.05364;1.08328;0.46691;1.49302;0.94312;
6.18584;1.32199;0.628175;1.61266;0.884122;
6.27634;0.904958;0.79525;1.67075;1.07439;
6.36541;0.890705;0.957353;1.62103;1.06836;
6.47495;1.09544;1.14952;1.92164;1.05269;
6.57405;0.990973;1.33538;1.85863;1.08096;
6.67091;0.968678;1.50926;1.73882;1.06253;
6.75226;0.813415;1.69931;1.90044;1.16638;
6.83;0.777416;1.87836;1.79048;1.16116;
6.91201;0.820116;2.06339;1.85039;1.1536;
7.02573;1.13723;2.24802;1.84628;1.01872;
7.13157;1.05842;2.42546;1.77436;1.03295;
7.23235;1.00772;2.59838;1.72927;1.04316;
7.34449;1.12143;2.77316;1.7478;1.00033;
7.44769;1.03201;2.93316;1.6;0.997942;
7.55634;1.08653;3.10184;1.68679;0.998551;
7.66409;1.07745;3.27381;1.71966;1.01108;
7.76864;1.04549;3.44268;1.68874;1.01646;
7.87152;1.02887;3.61014;1.67453;1.01984;
7.97134;0.998198;3.78352;1.73379;1.04841;
8.06381;0.924648;3.95254;1.69022;1.07022;
8.15888;0.950727;4.1288;1.76261;1.07614;
8.23379;0.749096;4.30046;1.7166;1.15932;
8.31058;0.767906;4.48545;1.84994;1.17734;
8.38713;0.765461;4.6684;1.82941;1.17451;
8.47806;0.909341;4.84359;1.7519;1.09202;
8.5717;0.936371;5.02152;1.77938;1.08638;
8.64991;0.782155;5.20744;1.85912;1.17256;
8.73341;0.83493;5.39354;1.861;1.14907;
8.80966;0.762539;5.55298;1.59446;1.1247;
8.88662;0.769587;5.73416;1.81174;1.16911;
8.95603;0.694057;5.94527;2.11113;1.25317;
9.0241;0.680753;6.14762;2.02353;1.24627;
9.07659;0.52491;6.32566;1.78043;1.2841;
9.12599;0.494003;6.51124;1.85571;1.31062;
9.17427;0.482761;6.70384;1.92602;1.3252;
9.20786;0.335886;6.89088;1.87039;1.39311;
9.26051;0.526515;7.11305;2.22173;1.3381;
9.30844;0.47936;7.31152;1.9847;1.33381;
9.35807;0.49626;7.50173;1.9021;1.31558;
9.41232;0.542468;7.69725;1.95517;1.30015;
9.46638;0.540646;7.88883;1.9158;1.29575;
9.50906;0.426828;8.0736;1.84775;1.34378;
9.55186;0.427914;8.26644;1.92838;1.35243;
9.58969;0.37833;8.47351;2.07066;1.39008;
9.63171;0.420201;8.67065;1.97147;1.3608;
9.64973;0.180248;8.86134;1.9069;1.47655;
9.69696;0.472302;9.05344;1.92097;1.32971;
9.76185;0.648841;9.24683;1.9339;1.24709;
9.81205;0.502018;9.4591;2.12274;1.33857;
9.86974;0.576895;9.65493;1.95828;1.28431;
9.92375;0.540061;9.84708;1.92146;1.2968;
9.97074;0.469919;10.018;1.70887;1.30244;
10.0427;0.719622;10.2013;1.83367;1.19682;
10.1048;0.62085;10.3972;1.95852;1.26382;
10.1575;0.527004;10.5873;1.90088;1.30035;
10.2342;0.766868;10.7743;1.87002;1.18163;
10.3152;0.81001;10.9555;1.81263;1.15055;
10.3982;0.830612;11.1386;1.83034;1.14478;
10.4663;0.680984;11.3288;1.90228;1.22703;
10.544;0.77668;11.5032;1.74431;1.15189;
10.626;0.820014;11.7014;1.98132;1.17839;
10.6958;0.698305;11.8754;1.74061;1.18927;
10.7619;0.660317;12.0603;1.84872;1.22774;
10.829;0.671774;12.2477;1.87435;1.22665;
10.9252;0.961359;12.4213;1.73543;1.06492;
11.0273;1.02108;12.5989;1.77616;1.04905;
11.1269;0.996497;12.7618;1.62916;1.02185;
11.2115;0.846066;12.9441;1.82344;1.13636;
11.2928;0.812713;13.1253;1.81147;1.14907;
11.3797;0.868658;13.3123;1.87008;1.13595;
11.4561;0.763927;13.4759;1.63568;1.13386;
11.5403;0.842303;13.6568;1.80892;1.13501;
11.6222;0.8186;13.8368;1.80008;1.14399;
11.7072;0.850548;14.0214;1.84644;1.13913;
11.8023;0.951294;14.2203;1.98917;1.12471;
11.8903;0.879628;14.4008;1.80508;1.11736;
11.9801;0.897876;14.5665;1.65651;1.07409;
12.078;0.978572;14.7456;1.79068;1.07066;
12.1496;0.716615;14.9186;1.73016;1.17812;
12.2265;0.768399;15.1065;1.87939;1.18268;
12.3047;0.782258;15.2899;1.8334;1.16751;
12.3815;0.768574;15.4677;1.77816;1.16282;
12.4627;0.811408;15.6674;1.99698;1.18485;
12.5241;0.614695;15.8523;1.84968;1.24995;
12.5879;0.637052;16.0434;1.91066;1.24897;
12.6667;0.788836;16.2317;1.88346;1.17417;
12.741;0.742496;16.4072;1.7545;1.17046;
12.8244;0.834416;16.5979;1.90726;1.15839;
12.9131;0.88716;16.7602;1.62265;1.07046;
13.0145;1.01346;16.9313;1.71075;1.03598;
13.1098;0.953487;17.1129;1.81589;1.08729;
13.1945;0.846523;17.2818;1.68932;1.10627;
13.2831;0.886347;17.4614;1.79653;1.11247;
13.3698;0.866812;17.6422;1.80779;1.12369;
13.4512;0.813691;17.8317;1.89497;1.16521;
13.5329;0.816859;18.0166;1.84892;1.15478;
13.5846;0.516962;18.1941;1.77498;1.28739;
13.6411;0.565046;18.381;1.86892;1.2772;
13.7068;0.657145;18.5611;1.80066;1.22087;
13.7798;0.730339;18.7338;1.72706;1.17072;
13.8414;0.615507;18.8983;1.64493;1.21274;
13.9061;0.647341;19.0885;1.90276;1.24287;
13.9608;0.546752;19.2734;1.84844;1.28321;
13.998;0.372385;19.4624;1.88994;1.37625;
14.0459;0.479243;19.674;2.11607;1.34808;
14.1107;0.64807;19.8679;1.93879;1.24821;
14.1754;0.64702;20.0702;2.02322;1.26128;
14.2168;0.413884;20.2613;1.91127;1.35754;
14.2601;0.432778;20.4554;1.9411;1.35143;
14.318;0.578465;20.661;2.0555;1.29647;
14.3688;0.508879;20.8537;1.92756;1.31268;
14.4178;0.489837;21.0486;1.94923;1.3246;
14.4481;0.302295;21.2542;2.05514;1.42475;
14.4696;0.215048;21.4546;2.00469;1.46393;
14.4843;0.147311;21.6546;1.99997;1.49727;
14.5044;0.201064;21.8394;1.84786;1.46241;
14.5344;0.299624;22.0607;2.21287;1.43621;
14.5677;0.333012;22.2516;1.90937;1.39812;
14.5892;0.215767;22.4786;2.26912;1.47599;
14.611;0.217548;22.6758;1.97284;1.46097;
14.6265;0.154698;22.8677;1.91832;1.49033;
14.6448;0.183561;23.0846;2.16944;1.48639;
14.6822;0.373675;23.2902;2.05604;1.39101;
14.7314;0.492326;23.4743;1.8411;1.3095;
14.7846;0.531804;23.6683;1.93987;1.30323;
14.8374;0.528345;23.8582;1.89839;1.29935;
14.8623;0.248998;24.051;1.92891;1.44242;
14.8749;0.126038;24.2513;2.00272;1.50795;
14.8954;0.204461;24.4397;1.88373;1.46268;
14.9059;0.105501;24.6398;2.00115;1.51812;
14.9062;0.00308167;24.8489;2.09092;1.56932;
14.9004;-0.0579745;25.0492;2.00276;1.59974;
14.906;0.0559806;25.2374;1.88242;1.54107;
14.9218;0.157244;25.4359;1.98453;1.49173;
14.9382;0.164381;25.6364;2.00565;1.48902;
14.958;0.198273;25.8418;2.05367;1.47455;
14.9989;0.408446;26.0359;1.94052;1.36334;
15.0357;0.368544;26.2235;1.87644;1.37686;
15.0596;0.23845;26.4168;1.93317;1.44807;
15.0888;0.291777;26.6061;1.8924;1.41782;
15.1269;0.38142;26.8015;1.95447;1.37807;
15.1735;0.465538;27.0027;2.01169;1.34338;
15.2315;0.58097;27.1987;1.96078;1.28274;
15.286;0.544067;27.3959;1.97195;1.30159;
15.329;0.43031;27.5869;1.90946;1.34914;
15.3727;0.437609;27.7827;1.95803;1.35092;
15.4028;0.30045;27.9781;1.95405;1.41823;
15.433;0.302508;28.202;2.23893;1.4365;
15.4664;0.333119;28.3877;1.8576;1.39335;
15.5222;0.558663;28.5746;1.86887;1.28032;
15.5716;0.493959;28.7432;1.68607;1.28581;
15.6136;0.419359;28.9407;1.97421;1.36149;
15.67;0.564683;29.1518;2.11161;1.30949;
15.7294;0.594265;29.3464;1.94563;1.27436;
15.7701;0.4061;29.535;1.88641;1.35876;
15.8199;0.498059;29.7343;1.99276;1.32588;
15.8701;0.502848;29.9276;1.93262;1.31625;

15.9179;0.477071;-29.8842;1.88245;1.32259;
15.9659;0.480727;-29.6854;1.98745;1.33347;
16.0129;0.469801;-29.4892;1.96281;1.33586;
16.0605;0.476047;-29.2945;1.94676;1.33097;
16.1222;0.617098;-29.1109;1.8363;1.2466;
16.1689;0.466635;-28.9206;1.90254;1.33027;
16.2212;0.523283;-28.7277;1.92897;1.3059;
16.2692;0.479451;-28.536;1.91695;1.32571;
16.3144;0.452571;-28.344;1.92001;1.33931;
16.3624;0.480087;-28.155;1.89022;1.32207;
16.4164;0.539682;-27.9625;1.92467;1.29742;
16.4735;0.571164;-27.7806;1.81907;1.26656;
16.5357;0.622074;-27.5831;1.97466;1.26561;
16.5986;0.62932;-27.4084;1.74702;1.22504;
16.6681;0.694985;-27.227;1.81465;1.20504;
16.757;0.8881;-27.0582;1.68768;1.08639;
16.8586;1.0168;-26.8884;1.69792;1.03122;
16.9618;1.03184;-26.7165;1.71968;1.03036;
17.0337;0.719285;-26.5432;1.73227;1.17723;
17.1171;0.833293;-26.3671;1.76091;1.1288;
17.2112;0.941107;-26.1911;1.76062;1.07991;
17.3124;1.01246;-26.0133;1.77746;1.05302;
17.4124;0.999523;-25.8405;1.7281;1.04641;
17.5228;1.10436;-25.6516;1.88953;1.04188;
17.6319;1.09065;-25.4939;1.57626;0.965512;
17.7458;1.13881;-25.3257;1.68283;0.975862;
17.8477;1.01977;-25.1717;1.53931;0.985695;
17.9514;1.03651;-24.9929;1.78801;1.04544;
18.043;0.916073;-24.823;1.69952;1.07642;
18.1327;0.896787;-24.6705;1.52469;1.03912;
18.2146;0.818994;-24.4909;1.79595;1.14295;
18.2946;0.799877;-24.2848;2.06139;1.20065;
18.3794;0.848105;-24.0892;1.95611;1.16169;
18.4589;0.794986;-23.9053;1.83818;1.1626;
18.543;0.840862;-23.7197;1.85666;1.14554;
18.6318;0.888733;-23.5368;1.82906;1.1185;
18.7121;0.802651;-23.3563;1.80493;1.15236;
18.7916;0.795435;-23.1722;1.84114;1.16298;
18.8712;0.795558;-22.968;2.04112;1.19914;
18.924;0.527798;-22.8006;1.67428;1.26542;
18.9843;0.603539;-22.6309;1.69727;1.22915;
19.0485;0.641153;-22.4436;1.87272;1.24094;
19.1133;0.64807;-22.2545;1.89114;1.24065;
19.178;0.647499;-22.0483;2.06158;1.26647;
19.2452;0.672094;-21.851;1.97356;1.24257;
19.3101;0.648535;-21.6585;1.92463;1.24578;
19.3698;0.597565;-21.4763;1.82263;1.25398;
19.4373;0.674452;-21.282;1.94286;1.23667;
19.5073;0.699924;-21.0744;2.07598;1.24561;
19.5654;0.580831;-20.9047;1.69723;1.24107;
19.6495;0.841882;-20.7133;1.91383;1.15638;
19.7315;0.819325;-20.5318;1.81447;1.14665;
19.8164;0.849003;-20.361;1.70871;1.10966;
19.9055;0.891543;-20.1809;1.80063;1.11105;
19.9986;0.931221;-20.0066;1.74313;1.08015;
20.0941;0.954396;-19.8387;1.67862;1.05382;
20.1935;0.993972;-19.6627;1.76022;1.05675;
20.2842;0.907009;-19.5008;1.61879;1.06008;
20.3752;0.910149;-19.333;1.67826;1.07387;
20.4682;0.929964;-19.1578;1.7523;1.08288;
20.5603;0.921131;-18.9806;1.77132;1.09126;
20.6455;0.852096;-18.8031;1.77524;1.12328;
20.7449;0.994281;-18.6209;1.82185;1.07122;
20.8243;0.793683;-18.4259;1.95014;1.18428;
20.8999;0.75542;-18.2403;1.85624;1.1843;
20.9708;0.709765;-18.0504;1.89922;1.21315;
21.0443;0.734956;-17.8617;1.88609;1.19923;
21.1132;0.688876;-17.674;1.87729;1.2191;
21.1859;0.727251;-17.5075;1.66477;1.15893;
21.25;0.640711;-17.3134;1.94112;1.25198;
21.3117;0.617179;-17.1196;1.93856;1.26257;
21.3539;0.422135;-16.9413;1.78234;1.33824;
21.3779;0.239449;-16.7562;1.85165;1.44219;
21.4059;0.279908;-16.5707;1.85433;1.42098;
21.428;0.220914;-16.3829;1.87801;1.4537;
21.4628;0.347882;-16.1814;2.01586;1.39991;
21.4929;0.301455;-15.9851;1.96295;1.41841;
21.5303;0.374063;-15.7933;1.91807;1.37819;
21.5586;0.282502;-15.6026;1.90632;1.42367;
21.5753;0.167251;-15.391;2.11653;1.49194;
21.593;0.176888;-15.18;2.10937;1.48713;
21.6107;0.17677;-14.993;1.87051;1.47657;
21.6456;0.34961;-14.7875;2.05474;1.40226;
21.6828;0.371704;-14.6036;1.8394;1.3714;
21.7389;0.561634;-14.4176;1.8592;1.27743;
21.7911;0.521821;-14.2229;1.94718;1.30896;
21.8446;0.534658;-14.0259;1.96987;1.30576;
21.8788;0.341897;-13.8093;2.16652;1.41428;
21.9214;0.425733;-13.6087;2.00558;1.36163;
21.9606;0.392699;-13.4173;1.91442;1.36848;
21.9862;0.256026;-13.2051;2.12197;1.45072;
22.0094;0.231427;-13.0025;2.02551;1.45703;
22.0323;0.229624;-12.8036;1.98909;1.45586;
22.056;0.236883;-12.6109;1.92744;1.44851;
22.0799;0.238406;-12.4145;1.9639;1.44999;
22.1177;0.378241;-12.198;2.16498;1.39783;
22.1515;0.337927;-12.0031;1.94871;1.39909;
22.1673;0.157789;-11.8065;1.96594;1.49071;
22.1844;0.171191;-11.605;2.0153;1.48605;
22.1994;0.150429;-11.4075;1.97474;1.49477;
22.2283;0.288493;-11.1904;2.17137;1.43871;
22.247;0.187063;-10.9923;1.98119;1.47666;
22.2657;0.187034;-10.7958;1.9649;1.47589;
22.2873;0.216253;-10.5933;2.02531;1.46442;
22.3057;0.183459;-10.3954;1.97898;1.47836;
22.3192;0.135935;-10.1921;2.03294;1.50403;
22.3389;0.196321;-9.98993;2.02132;1.47397;
22.3449;0.0602849;-9.79218;1.9775;1.54032;
22.3491;0.0416288;-9.61651;1.75669;1.5471;
22.3558;0.0674426;-9.42699;1.89519;1.53523;
22.3767;0.208574;-9.21749;2.09505;1.47157;
22.398;0.213672;-9.01754;1.99954;1.46434;
22.4221;0.240237;-8.81882;1.98712;1.45048;
22.4398;0.177592;-8.61724;2.01584;1.48293;
22.4711;0.312691;-8.43718;1.80065;1.39886;
22.5004;0.293358;-8.24698;1.90195;1.41776;
22.5352;0.347382;-8.04062;2.06363;1.40402;
22.5697;0.345208;-7.84801;1.92607;1.39345;
22.6018;0.32119;-7.65146;1.96548;1.40881;
22.6368;0.350207;-7.45612;1.95346;1.39341;
22.6788;0.419788;-7.26134;1.94772;1.35852;
22.7215;0.426979;-7.07354;1.87808;1.34725;
22.764;0.424827;-6.87537;1.98167;1.35961;
22.7932;0.291912;-6.65548;2.19888;1.43881;
22.8033;0.101574;-6.45818;1.97298;1.51936;
22.8162;0.128916;-6.26158;1.96607;1.50532;
22.8188;0.0258334;-6.06066;2.00916;1.55794;
22.8189;0.00119332;-5.85766;2.02996;1.57021;
22.8193;0.00422117;-5.65697;2.00696;1.56869;
22.8219;0.0256747;-5.4337;2.23272;1.5593;
22.8141;-0.0785976;-5.24182;1.91876;1.61174;
22.8042;-0.098753;-5.04348;1.98339;1.62055;
22.8127;0.0850094;-4.83086;2.12624;1.53084;
22.8019;-0.107866;-4.63098;1.99879;1.62471;
22.785;-0.169131;-4.43852;1.92455;1.65845;
22.7688;-0.162264;-4.23858;1.99944;1.65177;
22.7538;-0.149657;-4.03922;1.99355;1.64573;
22.745;-0.0880966;-3.84204;1.97182;1.61544;
22.7333;-0.117174;-3.6463;1.95738;1.63059;
22.747;0.136912;-3.4321;2.14204;1.50697;
22.7579;0.109168;-3.23019;2.01909;1.51678;
22.771;0.13125;-3.04231;1.87882;1.50105;
22.7904;0.194312;-2.86714;1.75171;1.46032;
22.8138;0.233908;-2.67256;1.94576;1.45116;
22.8572;0.434015;-2.49027;1.82292;1.33706;
22.9063;0.490883;-2.3003;1.89973;1.31793;
22.9596;0.53294;-2.10209;1.98212;1.30814;
23.0115;0.519283;-1.91409;1.87997;1.3013;
23.073;0.61438;-1.70984;2.04246;1.2786;
23.143;0.699972;-1.5134;1.96438;1.22849;
23.2136;0.706032;-1.32008;1.93322;1.22064;
23.2878;0.74207;-1.12617;1.93907;1.2053;
23.3549;0.670957;-0.939402;1.86773;1.22592;
23.4382;0.833703;-0.754765;1.84637;1.14667;
23.5173;0.790495;-0.571345;1.8342;1.16387;
23.5966;0.792605;-0.388273;1.83072;1.16221;
23.6781;0.815035;-0.1938;1.94473;1.17393;
23.7577;0.796206;-0.00759338;1.86207;1.16673;
23.8195;0.617795;0.176258;1.83852;1.24662;
23.8801;0.606671;0.359561;1.83302;1.25118;
23.9422;0.620551;0.551316;1.91755;1.25782;
24.004;0.618154;0.742107;1.90792;1.25747;
24.0742;0.70226;0.920292;1.78185;1.19537;
24.1406;0.663686;1.10896;1.88664;1.23253;
24.2266;0.860487;1.29725;1.88296;1.14215;
24.3148;0.882058;1.51808;2.20829;1.19078;
24.3969;0.820202;1.70047;1.82388;1.14819;
24.4989;1.02011;1.86617;1.65703;1.01897;
24.6201;1.21219;2.04574;1.79565;0.976999;
24.7365;1.16398;2.21033;1.64592;0.955261;
24.8537;1.17216;2.39677;1.86436;1.00953;
24.9626;1.0893;2.56605;1.6928;0.999013;
25.0718;1.09132;2.73571;1.69664;0.999201;
25.1776;1.0583;2.89563;1.59915;0.986177;
25.289;1.11411;3.04952;1.53893;0.944175;
25.3934;1.0436;3.22112;1.71602;1.0244;
25.4973;1.03934;3.38658;1.65458;1.00993;
25.5851;0.8781;3.58058;1.94003;1.14576;
25.6698;0.846611;3.75366;1.73075;1.11586;
25.7609;0.911542;3.95449;2.00838;1.14473;
25.8421;0.81127;4.16319;2.08692;1.20003;
25.9127;0.706765;4.37137;2.08189;1.24352;
25.978;0.652951;4.56396;1.92589;1.24392;
26.0293;0.513215;4.74208;1.7812;1.29027;
26.079;0.496395;4.92752;1.85437;1.30924;
26.1352;0.562381;5.14808;2.20554;1.32113;
26.1874;0.521864;5.3434;1.95329;1.30972;
26.2446;0.572103;5.5367;1.933;1.28304;
26.3021;0.574679;5.72786;1.9116;1.27876;
26.3519;0.498157;5.91378;1.85914;1.309;
26.4058;0.539061;6.10047;1.86687;1.28969;
26.4792;0.734203;6.28643;1.8596;1.19477;
26.5448;0.655332;6.48162;1.95194;1.24689;
26.5728;0.280364;6.66061;1.78994;1.41543;
26.6184;0.45566;6.85502;1.94406;1.34057;
26.6739;0.555059;7.06098;2.05966;1.30756;
26.7334;0.595175;7.26691;2.05929;1.28944;
26.7878;0.544445;7.48464;2.17727;1.32576;
26.8389;0.510311;7.67611;1.91467;1.31032;
26.8963;0.573898;7.87353;1.97421;1.2879;
26.9633;0.67024;8.07465;2.01126;1.24913;
27.0327;0.69413;8.26512;1.90467;1.22132;
27.1055;0.728317;8.44661;1.81484;1.18916;
27.1795;0.739242;8.63243;1.85828;1.19218;
27.2429;0.634003;8.82009;1.87655;1.24498;
27.299;0.561861;9.01267;1.92586;1.28693;
27.3532;0.542108;9.20505;1.92376;1.29612;
27.4114;0.581134;9.40157;1.96523;1.28328;
27.4788;0.67402;9.58103;1.79457;1.21151;
27.5476;0.688441;9.77157;1.90542;1.22408;
27.6231;0.754574;9.95453;1.82957;1.17962;
27.7056;0.825627;10.1673;2.12761;1.20063;
27.769;0.633309;10.3479;1.8061;1.23354;
27.8373;0.683677;10.5385;1.9061;1.22641;
27.9024;0.650549;10.7292;1.90672;1.24199;
27.9776;0.752079;10.9278;1.98612;1.20881;
28.051;0.733751;11.1187;1.90879;1.20381;
28.1279;0.769048;11.3038;1.85137;1.17709;
28.1905;0.626351;11.4885;1.84718;1.24388;
28.2746;0.840898;11.6799;1.91385;1.15681;
28.3942;1.19631;11.8622;1.82264;0.989961;
28.5011;1.06894;12.0225;1.60312;0.982711;
28.6154;1.14296;12.1969;1.74402;0.990664;
28.7225;1.07101;12.3657;1.68858;1.00556;
28.837;1.14501;12.535;1.69262;0.976035;
28.9329;0.959199;12.7002;1.65172;1.04467;
29.0276;0.946643;12.889;1.88821;1.10607;
29.1115;0.839318;13.0631;1.74086;1.12155;
29.1994;0.878786;13.2419;1.78795;1.11397;
29.2837;0.843267;13.4229;1.81036;1.13488;
29.3857;1.01951;13.6097;1.86736;1.07106;
29.4936;1.07934;13.7847;1.75089;1.01837;
29.6008;1.07194;13.9554;1.70653;1.00994;
29.6915;0.906974;14.1152;1.59761;1.05446;
