#1 AntPos X	#2 AntVel X	#3 AntPos Y	#4 AntVel Y	#5 AntAngle	
-18.8811;1.78388;-5.24172;0.962626;0.494842;
-18.7257;1.5533;-5.14985;0.918757;0.534135;
-18.5442;1.81572;-5.04438;1.05471;0.526238;
-18.3823;1.61821;-4.939;1.05372;0.577192;
-18.231;1.51324;-4.82067;1.18337;0.663676;
-18.07;1.6099;-4.69023;1.3044;0.680951;
-17.9087;1.61359;-4.54995;1.40282;0.715635;
-17.7573;1.51341;-4.41949;1.30455;0.711419;
-17.6019;1.55399;-4.27762;1.41868;0.739911;
-17.4546;1.4733;-4.14123;1.36396;0.746878;
-17.3046;1.49956;-4.00444;1.3679;0.739514;
-17.1589;1.45707;-3.86263;1.41804;0.771823;
-17.0229;1.36006;-3.7283;1.34336;0.779224;
-16.8624;1.60566;-3.55043;1.77863;0.836463;
-16.7281;1.34234;-3.40212;1.48311;0.83518;
-16.5938;1.34369;-3.25201;1.50115;0.840693;
-16.4559;1.37887;-3.08918;1.62823;0.868135;
-16.3206;1.35239;-2.93888;1.503;0.838096;
-16.2019;1.18747;-2.79406;1.44822;0.884007;
-16.0553;1.46618;-2.677;1.17057;0.673753;
-15.8992;1.56014;-2.55238;1.2462;0.673995;
-15.7453;1.53989;-2.42827;1.24118;0.678399;
-15.5886;1.56688;-2.30596;1.22306;0.662782;
-15.4296;1.5892;-2.18436;1.21601;0.65314;
-15.2623;1.67391;-2.05433;1.30025;0.660415;
-15.0782;1.84103;-1.91371;1.40627;0.652307;
-14.9217;1.56454;-1.78582;1.27889;0.685275;
-14.7585;1.63227;-1.6675;1.18323;0.62724;
-14.5953;1.63159;-1.54682;1.2068;0.636843;
-14.4041;1.91174;-1.41963;1.27186;0.587049;
-14.2545;1.4967;-1.32119;0.984397;0.581778;
-14.0916;1.62873;-1.20774;1.13447;0.608396;
-13.9367;1.54914;-1.10859;0.991505;0.569338;
-13.7873;1.49431;-0.996443;1.12149;0.643824;
-13.6243;1.62942;-0.87608;1.20363;0.636222;
-13.4587;1.65563;-0.757548;1.18532;0.621339;
-13.3045;1.54217;-0.634496;1.23052;0.673467;
-13.173;1.31577;-0.523995;1.10502;0.698559;
-13.0245;1.4846;-0.400382;1.23613;0.694327;
-12.8786;1.45918;-0.296444;1.03938;0.618934;
-12.7042;1.74374;-0.186763;1.09681;0.561469;
-12.5348;1.69441;-0.0789958;1.07767;0.566481;
-12.3521;1.82614;0.0421051;1.21101;0.585565;
-12.1859;1.66197;0.150697;1.08592;0.578756;
-11.9997;1.86235;0.250965;1.00268;0.49389;
-11.824;1.75682;0.358411;1.07446;0.548901;
-11.6628;1.61207;0.467152;1.08742;0.593438;
-11.4941;1.68721;0.593564;1.26411;0.643009;
-11.3454;1.48732;0.718457;1.24893;0.698496;
-11.1845;1.6092;0.843046;1.24589;0.65883;
-11.0262;1.58277;0.965993;1.22947;0.660425;
-10.8646;1.61532;1.09343;1.27435;0.667946;
-10.7077;1.5693;1.21688;1.23454;0.666568;
-10.5517;1.55979;1.34032;1.23441;0.669472;
-10.4062;1.4558;1.44652;1.06201;0.630254;
-10.2353;1.70809;1.56889;1.2237;0.621658;
-10.0639;1.71425;1.71058;1.41689;0.690712;
-9.91241;1.51516;1.83607;1.25492;0.691726;
-9.7556;1.5681;1.95216;1.16083;0.637253;
-9.59585;1.59747;2.07212;1.19964;0.644116;
-9.43616;1.59692;2.19114;1.19017;0.64048;
-9.28093;1.55226;2.29524;1.04103;0.590758;
-9.11452;1.66412;2.40906;1.13823;0.599895;
-8.93349;1.81031;2.51977;1.10704;0.548845;
-8.76086;1.7263;2.62897;1.09203;0.564034;
-8.59414;1.66717;2.73465;1.05676;0.564949;
-8.42944;1.64704;2.83746;1.02813;0.558045;
-8.24611;1.83331;2.94087;1.03411;0.513579;
-8.08596;1.60144;3.04439;1.03515;0.573833;
-7.91267;1.73293;3.15526;1.10871;0.569163;
-7.75232;1.60347;3.26376;1.08504;0.594906;
-7.58965;1.62674;3.37899;1.1523;0.616309;
-7.4305;1.59148;3.502;1.23012;0.658021;
-7.28185;1.48648;3.60031;0.983034;0.58429;
-7.11351;1.68348;3.70962;1.09309;0.575884;
-6.94915;1.6436;3.81406;1.04441;0.566074;
-6.78035;1.68794;3.92135;1.07289;0.566198;
-6.61435;1.65999;4.01083;0.894856;0.494415;
-6.4411;1.73248;4.0984;0.875741;0.468026;
-6.26013;1.80978;4.17457;0.761616;0.398337;
-6.0741;1.86022;4.2472;0.726306;0.372239;
-5.90034;1.73762;4.31474;0.675446;0.370744;
-5.71438;1.8596;4.38096;0.662227;0.342109;
-5.53109;1.83292;4.46375;0.827843;0.424226;
-5.35699;1.74102;4.53628;0.725302;0.39473;
-5.17036;1.86625;4.61073;0.744508;0.379587;
-4.97407;1.96292;4.68223;0.715033;0.34933;
-4.79965;1.74419;4.7474;0.651665;0.357561;
-4.60487;1.94781;4.81689;0.694912;0.342689;
-4.41677;1.88102;4.88251;0.656226;0.335666;
-4.19561;2.2116;4.93828;0.557655;0.247001;
-4.01683;1.78783;4.95733;0.190561;0.106187;
-3.81393;2.02897;4.98473;0.273963;0.134214;
-3.60598;2.07946;5.02916;0.444292;0.210492;
-3.425;1.80981;5.08111;0.519533;0.279548;
-3.24062;1.84378;5.16121;0.800942;0.409808;
-3.06541;1.75217;5.23889;0.776829;0.417313;
-2.88466;1.80746;5.31685;0.779573;0.407202;
-2.68035;2.04307;5.3963;0.794531;0.370892;
-2.49481;1.85542;5.47028;0.739827;0.379418;
-2.29487;1.99943;5.55732;0.870374;0.410571;
-2.1113;1.83565;5.64099;0.83668;0.427663;
-1.90406;2.07243;5.71693;0.759438;0.351253;
-1.71526;1.88802;5.78399;0.670617;0.341296;
-1.5186;1.96661;5.85917;0.751714;0.365101;
-1.34073;1.77867;5.92479;0.65626;0.353466;
-1.15368;1.87052;5.99517;0.703752;0.359853;
-0.965279;1.884;6.06886;0.736974;0.372876;
-0.752785;2.12494;6.13468;0.658168;0.300364;
-0.553598;1.99187;6.20137;0.666897;0.323078;
-0.364473;1.89124;6.26475;0.633804;0.323363;
-0.176118;1.88355;6.32658;0.61824;0.317151;
0.0194774;1.95595;6.39195;0.653713;0.322546;
0.208738;1.8926;6.45748;0.655286;0.333317;
0.378263;1.69525;6.54316;0.856867;0.467998;
0.550232;1.71969;6.6181;0.749374;0.41095;
0.717375;1.67143;6.71949;1.01392;0.545273;
0.891486;1.74111;6.82469;1.05199;0.543507;
1.05839;1.66907;6.93056;1.05867;0.565249;
1.22556;1.67165;7.04407;1.13516;0.596537;
1.39157;1.66016;7.15909;1.15013;0.605863;
1.55952;1.6795;7.25379;0.947072;0.513454;
1.73841;1.78881;7.37768;1.23883;0.605702;
1.92127;1.82868;7.49979;1.22115;0.588771;
2.11268;1.91406;7.59614;0.963521;0.466358;
2.30753;1.94851;7.68949;0.933439;0.446749;
2.48975;1.82219;7.77439;0.849037;0.436033;
2.66686;1.7711;7.81993;0.455344;0.251647;
2.85519;1.88328;7.86655;0.46622;0.242678;
3.0653;2.10112;7.92282;0.562762;0.261697;
3.24541;1.8011;7.96923;0.464092;0.252186;
3.4194;1.73987;8.05494;0.857106;0.457732;
3.59014;1.70747;8.15087;0.959311;0.511883;
3.75912;1.68982;8.25581;1.04937;0.555717;
3.93367;1.74542;8.36116;1.05351;0.543053;
4.10643;1.7276;8.46699;1.05829;0.549614;
4.31067;2.04243;8.57119;1.04194;0.471733;
4.48632;1.75647;8.66279;0.91603;0.480712;
4.68814;2.01818;8.74848;0.856956;0.401547;
4.86903;1.80894;8.83208;0.835984;0.432904;
5.08234;2.13316;8.91919;0.87108;0.387686;
5.26354;1.81195;8.99552;0.763316;0.398706;
5.44207;1.78528;9.04137;0.458514;0.251396;
5.63586;1.93788;9.09095;0.495753;0.250451;
5.8263;1.90443;9.14863;0.576766;0.294074;
6.01783;1.9153;9.20635;0.577244;0.292728;
6.21259;1.94765;9.27795;0.715983;0.352279;
6.40696;1.94366;9.34324;0.65296;0.324098;
6.59356;1.86599;9.41844;0.751908;0.383051;
6.77278;1.79227;9.4904;0.719677;0.381838;
6.95807;1.85287;9.56902;0.786184;0.401282;
7.14164;1.83563;9.63829;0.692699;0.36084;
7.33329;1.9165;9.71252;0.742304;0.369529;
7.52151;1.88224;9.78487;0.723496;0.366969;
7.69645;1.74938;9.86499;0.801171;0.429466;
7.88572;1.89277;9.94924;0.842535;0.4188;
8.06047;1.7475;10.046;0.967548;0.50566;
8.25019;1.89711;10.1525;1.06539;0.511695;
8.43086;1.80677;10.2497;0.971275;0.493254;
8.59723;1.66368;10.344;0.942967;0.515647;
8.765;1.67767;10.4457;1.01778;0.545303;
8.93803;1.73036;10.5256;0.798708;0.432447;
9.10901;1.7098;10.6184;0.928071;0.497296;
9.30125;1.92241;10.7149;0.964759;0.465125;
9.47479;1.73536;10.8119;0.969929;0.509665;
9.65444;1.79646;10.9098;0.979271;0.499082;
9.83679;1.82352;11.0195;1.09666;0.541448;
9.99345;1.56661;11.1303;1.10872;0.615886;
10.1645;1.71003;11.2414;1.11024;0.575849;
10.339;1.74497;11.3476;1.06245;0.546911;
10.5177;1.78718;11.4542;1.06598;0.53781;
10.7052;1.8753;11.5549;1.00693;0.492765;
10.8701;1.64891;11.6613;1.06428;0.573166;
11.0394;1.69346;11.7258;0.644301;0.363553;
11.2281;1.88637;11.7985;0.727316;0.368;
11.4189;1.90799;11.8766;0.780719;0.388398;
11.6118;1.92959;11.9514;0.748735;0.370143;
11.8042;1.92377;12.0278;0.763567;0.377842;
11.9917;1.87505;12.094;0.661932;0.339363;
12.1773;1.85614;12.1649;0.709056;0.364899;
12.3607;1.83392;12.2351;0.702408;0.365774;
12.5517;1.90931;12.3142;0.790636;0.392598;
12.7129;1.61297;12.4113;0.970675;0.541738;
12.8862;1.73242;12.5144;1.03117;0.536896;
13.0597;1.73557;12.6193;1.04942;0.543836;
13.2383;1.78573;12.722;1.02645;0.52169;
13.4008;1.62492;12.8076;0.856215;0.484956;
13.6101;2.0933;12.8846;0.770511;0.352694;
13.7962;1.8604;12.9686;0.839862;0.424052;
13.9902;1.94037;13.0678;0.991771;0.472508;
14.1607;1.70512;13.1502;0.824031;0.450174;
14.342;1.81303;13.2339;0.836953;0.432485;
14.5164;1.74361;13.3106;0.767241;0.414533;
14.7096;1.93172;13.3854;0.748138;0.369502;
14.8962;1.86615;13.4645;0.790118;0.40051;
15.0917;1.95531;13.5587;0.942238;0.449052;
15.2515;1.59773;13.6466;0.879581;0.503242;
15.4164;1.64944;13.7429;0.962637;0.528285;
15.5886;1.72175;13.8242;0.813385;0.44134;
15.7578;1.69156;13.9058;0.81545;0.4492;
15.9302;1.72428;13.9807;0.748938;0.409763;
16.1212;1.9097;14.0339;0.532071;0.271724;
16.312;1.90829;14.0889;0.550526;0.280866;
16.5003;1.88345;14.139;0.500336;0.259652;
16.6883;1.87961;14.1786;0.396261;0.207779;
16.877;1.88675;14.2181;0.395128;0.206439;
17.0872;2.10241;14.2583;0.4018;0.188837;
17.284;1.96812;14.2953;0.369783;0.185722;
17.4732;1.89186;14.3089;0.136076;0.0718035;
17.6725;1.99272;14.3239;0.150605;0.0754342;
17.8705;1.98016;14.3394;0.154506;0.0778693;
18.0614;1.90928;14.3465;0.0711973;0.0372729;
18.2603;1.98889;14.3439;-0.0265535;-0.0133501;
18.4548;1.94458;14.3341;-0.0974976;-0.0500962;
18.6592;2.04455;14.3429;0.0879065;0.0429691;
18.8619;2.02692;14.3472;0.0434118;0.0214143;
19.0642;2.02288;14.3558;0.0851441;0.0420657;
19.264;1.99808;14.3645;0.0872256;0.043627;
19.4603;1.96267;14.3444;-0.201245;-0.102179;
19.6508;1.90508;14.3227;-0.216732;-0.113279;
19.8504;1.99627;14.3108;-0.118464;-0.059273;
20.0603;2.09868;14.304;-0.0679115;-0.0323479;
20.2607;2.00407;14.2993;-0.0474556;-0.0236751;
20.4767;2.1602;14.3082;0.0893789;0.0413518;
20.6757;1.9902;14.3147;0.0646872;0.0324915;
20.8883;2.12552;14.3247;0.100257;0.0471333;
21.0902;2.01878;14.3273;0.0252433;0.0125036;
21.3005;2.10345;14.3443;0.170359;0.0808137;
21.4997;1.99217;14.3637;0.194141;0.0971455;
21.6971;1.97332;14.3905;0.267664;0.134819;
21.9022;2.05156;14.4241;0.336446;0.162549;
22.0996;1.9739;14.4559;0.318362;0.159909;
22.2925;1.92871;14.4884;0.324587;0.16673;
22.4998;2.0733;14.5221;0.337109;0.161185;
22.7154;2.1559;14.5564;0.342923;0.157742;
22.9041;1.8876;14.5913;0.348637;0.18264;
23.0982;1.94076;14.61;0.186889;0.0960007;
23.3094;2.11183;14.6105;0.00513781;0.00243286;
23.5105;2.01049;14.6202;0.096798;0.0481093;
23.707;1.96569;14.6175;-0.0270149;-0.0137424;
23.9072;2.00208;14.616;-0.0146382;-0.00731137;
24.1082;2.00991;14.6238;0.0782671;0.038921;
24.3286;2.20378;14.6314;0.0755901;0.0342868;
24.5262;1.97599;14.6321;0.00755838;0.00382509;
24.726;1.99844;14.6336;0.0148047;0.00740797;
24.9209;1.94876;14.6472;0.135778;0.0695617;
25.114;1.93105;14.671;0.238506;0.122889;
25.3187;2.04677;14.697;0.259289;0.126011;
25.5083;1.89564;14.7338;0.368754;0.192128;
25.7048;1.96497;14.7849;0.510483;0.254173;
25.8995;1.94734;14.8325;0.475547;0.239516;
26.0858;1.86346;14.9087;0.76217;0.388248;
26.2581;1.72257;14.9972;0.885371;0.474771;
26.4561;1.97979;15.0793;0.821353;0.393259;
26.6309;1.74832;15.1487;0.693833;0.377795;
26.8217;1.90742;15.2302;0.814836;0.403726;
27.0035;1.81834;15.3191;0.888514;0.454519;
27.1905;1.87005;15.3984;0.793141;0.401132;
27.351;1.60513;15.4792;0.80853;0.466615;
27.5415;1.90482;15.5735;0.942669;0.459548;
27.7206;1.79067;15.6617;0.882451;0.457875;
27.8885;1.67968;15.748;0.863125;0.474676;
28.102;2.13451;15.843;0.949679;0.418619;
28.2754;1.73409;15.9283;0.852724;0.457018;
28.4654;1.90039;16.0396;1.11304;0.529832;
28.6374;1.7195;16.1409;1.01286;0.532323;
28.7944;1.57074;16.2576;1.16682;0.638908;
28.9591;1.64684;16.3751;1.17564;0.619976;
29.1081;1.48953;16.4822;1.07036;0.623092;
29.2748;1.6667;16.5951;1.12968;0.595666;
29.4465;1.71754;16.6881;0.929532;0.49606;
29.6128;1.66252;16.7864;0.982881;0.533924;
29.8168;2.04062;16.8704;0.839876;0.390448;
29.9862;1.69371;16.9567;0.863363;0.471415;

-29.8315;1.82294;17.0445;0.878348;0.449006;
-29.6499;1.81588;17.1258;0.812451;0.420702;
-29.4535;1.96382;17.2001;0.743413;0.361883;
-29.26;1.93534;17.2717;0.715361;0.354054;
-29.0662;1.93809;17.3434;0.717234;0.354444;
-28.8606;2.05573;17.4117;0.683492;0.320984;
-28.6673;1.93363;17.4826;0.708369;0.351159;
-28.4877;1.79583;17.5656;0.830232;0.433046;
-28.3134;1.74318;17.6307;0.650969;0.357401;
-28.1324;1.80976;17.7051;0.744311;0.39019;
-27.9478;1.84599;17.7824;0.772758;0.39645;
-27.7598;1.8797;17.8586;0.761631;0.38497;
-27.5936;1.66255;17.9382;0.796016;0.446537;
-27.4089;1.84666;18.0115;0.733422;0.378057;
-27.245;1.63865;18.081;0.695455;0.401368;
-27.059;1.85988;18.1603;0.792641;0.402868;
-26.875;1.84034;18.2389;0.785568;0.403445;
-26.6981;1.76878;18.321;0.821852;0.434964;
-26.5178;1.80364;18.3953;0.742443;0.390497;
-26.2994;2.18321;18.491;0.957328;0.413246;
-26.1122;1.8727;18.5451;0.540635;0.281052;
-25.936;1.76205;18.6025;0.574315;0.315078;
-25.7458;1.90156;18.6636;0.610772;0.310787;
-25.5615;1.84341;18.7205;0.568793;0.299287;
-25.3501;2.11325;18.7614;0.409463;0.191388;
-25.1578;1.9239;18.8012;0.397525;0.203757;
-24.9604;1.97316;18.8429;0.416853;0.2082;
-24.7431;2.17377;18.8958;0.529244;0.238822;
-24.5277;2.15368;18.9406;0.447831;0.205016;
-24.3266;2.01077;18.9785;0.3795;0.186539;
-24.1174;2.09212;18.9955;0.169422;0.0808045;
-23.9189;1.98498;19.0105;0.150454;0.0756517;
-23.7167;2.0225;19.0325;0.219843;0.108273;
-23.5121;2.04592;19.0604;0.278943;0.135505;
-23.3138;1.98241;19.1029;0.424702;0.211046;
-23.1305;1.83347;19.1506;0.47744;0.254745;
-22.9199;2.10562;19.2033;0.526585;0.245059;
-22.7103;2.09644;19.2263;0.230342;0.109434;
-22.5048;2.05466;19.2124;-0.139392;-0.0677382;
-22.2877;2.17118;19.204;-0.08315;-0.0382785;
-22.0777;2.09993;19.1921;-0.119565;-0.0568763;
-21.875;2.0265;19.1684;-0.236429;-0.116144;
-21.6853;1.89771;19.1374;-0.310689;-0.162278;
-21.4891;1.96205;19.1056;-0.317497;-0.160428;
-21.3128;1.76222;19.0606;-0.45039;-0.250224;
-21.1066;2.06231;19.0019;-0.587008;-0.277303;
-20.9224;1.84183;18.9471;-0.547534;-0.288958;
-20.7419;1.80564;18.8986;-0.485379;-0.262605;
-20.5468;1.95073;18.8441;-0.545293;-0.272576;
-20.3522;1.9456;18.791;-0.530956;-0.266413;
-20.1654;1.86828;18.7502;-0.407924;-0.214968;
-19.9705;1.94917;18.71;-0.401475;-0.203132;
-19.7499;2.20606;18.6892;-0.20791;-0.0939675;
-19.5317;2.18161;18.6655;-0.23704;-0.108229;
-19.3247;2.07033;18.6409;-0.246501;-0.118506;
-19.1272;1.97518;18.6151;-0.25825;-0.13001;
-18.9519;1.75267;18.5857;-0.293694;-0.166027;
-18.766;1.85877;18.5574;-0.283286;-0.151241;
-18.5472;2.18864;18.5411;-0.162138;-0.0739463;
-18.3496;1.97614;18.5046;-0.365336;-0.182809;
-18.1526;1.96926;18.4663;-0.382666;-0.191928;
-17.9582;1.94427;18.4058;-0.604939;-0.301645;
-17.7615;1.96746;18.3488;-0.570078;-0.28203;
-17.5654;1.9601;18.2939;-0.549796;-0.273466;
-17.3873;1.78187;18.2142;-0.79636;-0.420292;
-17.21;1.77261;18.1328;-0.813798;-0.430393;
-17.026;1.84006;18.0354;-0.974706;-0.487136;
-16.8476;1.78414;17.9438;-0.915594;-0.474141;
-16.6753;1.72287;17.8517;-0.921076;-0.490956;
-16.5109;1.64351;17.7496;-1.02131;-0.556021;
-16.3428;1.68129;17.6452;-1.04396;-0.555666;
-16.1693;1.73505;17.5444;-1.00759;-0.526128;
-15.9945;1.74847;17.4392;-1.05175;-0.541543;
-15.8136;1.80887;17.3152;-1.24028;-0.601041;
-15.6275;1.86044;17.191;-1.24234;-0.588766;
-15.4661;1.61387;17.0935;-0.974494;-0.543227;
-15.2995;1.66621;16.9886;-1.04921;-0.56197;
-15.1294;1.70148;16.8746;-1.14001;-0.590312;
-14.9641;1.6527;16.7645;-1.10105;-0.587688;
-14.8112;1.52939;16.6608;-1.03686;-0.595779;
-14.6638;1.47391;16.5475;-1.1333;-0.655493;
-14.5025;1.61302;16.4391;-1.08399;-0.591705;
-14.3269;1.75551;16.3453;-0.937787;-0.49063;
-14.1587;1.68249;16.2616;-0.836896;-0.461577;
-13.9881;1.70611;16.1486;-1.13037;-0.585142;
-13.829;1.5903;16.0342;-1.14355;-0.623417;
-13.6648;1.64194;15.9063;-1.27948;-0.661957;
-13.5074;1.57461;15.793;-1.1329;-0.623681;
-13.337;1.70394;15.655;-1.38025;-0.680828;
-13.1874;1.49613;15.5279;-1.27054;-0.70404;
-13.0531;1.3429;15.4171;-1.10862;-0.690125;
-12.9046;1.48463;15.3077;-1.09375;-0.634944;
-12.7547;1.49918;15.2024;-1.05288;-0.612271;
-12.5922;1.62484;15.1004;-1.01985;-0.560509;
-12.4327;1.5949;14.9806;-1.19776;-0.644135;
-12.287;1.45678;14.8426;-1.38011;-0.758379;
-12.1456;1.41464;14.7054;-1.37229;-0.770203;
-12.0137;1.31908;14.5836;-1.21772;-0.745464;
-11.8668;1.46849;14.4478;-1.35776;-0.746238;
-11.7305;1.3635;14.3071;-1.40728;-0.801198;
-11.5875;1.42991;14.1804;-1.2668;-0.724985;
-11.438;1.49492;14.0452;-1.35188;-0.735194;
-11.2928;1.45145;13.9098;-1.35457;-0.750883;
-11.1467;1.46148;13.7727;-1.37095;-0.753447;
-11.007;1.39657;13.6334;-1.3925;-0.783942;
-10.8599;1.47174;13.4967;-1.36767;-0.748762;
-10.7141;1.45798;13.3605;-1.36155;-0.75121;
-10.5702;1.43828;13.22;-1.4057;-0.773944;
-10.4272;1.43015;13.0818;-1.38167;-0.768157;
-10.2867;1.4049;12.9442;-1.37553;-0.774836;
-10.1436;1.43156;12.8074;-1.36852;-0.762888;
-9.99662;1.46966;12.6699;-1.3751;-0.752171;
-9.85057;1.4605;12.5332;-1.36627;-0.752077;
-9.70519;1.45378;12.4011;-1.32106;-0.737607;
-9.56035;1.44844;12.2646;-1.36583;-0.756053;
-9.42226;1.38086;12.1158;-1.48707;-0.822413;
-9.27489;1.4737;11.9613;-1.54573;-0.809252;
-9.14011;1.34779;11.8202;-1.41035;-0.808075;
-9.01093;1.29178;11.67;-1.50227;-0.86059;
-8.88643;1.24502;11.5269;-1.43085;-0.854735;
-8.75513;1.31298;11.3748;-1.52133;-0.858778;
-8.62873;1.26399;11.2497;-1.25086;-0.780177;
-8.48718;1.41555;11.1088;-1.40932;-0.783194;
-8.3323;1.5488;10.943;-1.65798;-0.819432;
-8.20664;1.25654;10.8012;-1.41785;-0.845643;
-8.0718;1.34847;10.6533;-1.47863;-0.831406;
-7.9237;1.48094;10.4914;-1.61963;-0.830097;
-7.78875;1.34951;10.3437;-1.47642;-0.830276;
-7.65648;1.32276;10.1944;-1.49298;-0.845779;
-7.52841;1.28069;10.0465;-1.47896;-0.857121;
-7.41627;1.12135;9.89887;-1.47665;-0.921313;
-7.29654;1.19735;9.74001;-1.58859;-0.924921;
-7.17309;1.23443;9.56758;-1.72424;-0.949461;
-7.06449;1.08607;9.41875;-1.48832;-0.940398;
-6.94191;1.22581;9.26707;-1.51682;-0.891108;
-6.8163;1.25612;9.11576;-1.51307;-0.877922;
-6.67936;1.36938;8.96096;-1.54798;-0.846541;
-6.55561;1.23746;8.80993;-1.51038;-0.884398;
-6.42839;1.27219;8.65549;-1.54434;-0.881726;
-6.2959;1.32491;8.47522;-1.80267;-0.936986;
-6.17381;1.22094;8.32359;-1.51638;-0.892912;
-6.03963;1.3418;8.16371;-1.59876;-0.872562;
-5.89257;1.47055;8.01758;-1.46128;-0.782237;
-5.74682;1.45758;7.88608;-1.31506;-0.734043;
-5.59861;1.48208;7.75942;-1.26657;-0.70715;
-5.45734;1.41265;7.63219;-1.27228;-0.733168;
-5.30793;1.4941;7.49436;-1.37833;-0.745116;
-5.18752;1.20413;7.34919;-1.45167;-0.878337;
-5.05299;1.34533;7.19194;-1.57249;-0.863093;
-4.92542;1.27573;7.06001;-1.31935;-0.802207;
-4.77939;1.46021;6.90513;-1.54882;-0.814835;
-4.65613;1.23262;6.73179;-1.73332;-0.952639;
-4.5382;1.17935;6.56632;-1.65472;-0.951583;
-4.41941;1.18784;6.41482;-1.51506;-0.905873;
-4.29851;1.20904;6.2611;-1.53717;-0.904321;
-4.17885;1.19658;6.09318;-1.67922;-0.951677;
-4.06287;1.15977;5.92672;-1.6646;-0.962272;
-3.9555;1.07369;5.76742;-1.59298;-0.977726;
-3.81503;1.40472;5.5903;-1.77117;-0.900273;
-3.69116;1.2387;5.4229;-1.67403;-0.933761;
-3.57559;1.1557;5.26503;-1.57866;-0.938868;
-3.46333;1.1226;5.09522;-1.69807;-0.986658;
-3.35361;1.09725;4.92837;-1.66857;-0.989098;
-3.25626;0.973444;4.73429;-1.94077;-1.10589;
-3.12425;1.3201;4.53753;-1.96754;-0.979844;
-2.98397;1.40281;4.38479;-1.52742;-0.827897;
-2.88083;1.03144;4.23628;-1.48513;-0.963764;
-2.78036;1.00469;4.08588;-1.50402;-0.981868;
-2.67869;1.01668;3.91551;-1.70369;-1.03277;
-2.55723;1.21465;3.73845;-1.77059;-0.969518;
-2.44429;1.12933;3.57336;-1.65089;-0.970839;
-2.3251;1.1919;3.4102;-1.6316;-0.939884;
-2.19508;1.3002;3.23741;-1.72791;-0.925718;
-2.07323;1.21858;3.07726;-1.60148;-0.920348;
-1.95227;1.20954;2.93053;-1.46734;-0.881409;
-1.82585;1.26422;2.77993;-1.50596;-0.872444;
-1.69749;1.28362;2.63393;-1.46001;-0.849601;
-1.56577;1.31716;2.48321;-1.50722;-0.852587;
-1.45785;1.07918;2.34166;-1.41555;-0.91942;
-1.33937;1.18481;2.18273;-1.58925;-0.93017;
-1.21339;1.25981;1.99984;-1.82894;-0.967615;
-1.10074;1.12652;1.82447;-1.75362;-0.999785;
-0.992776;1.07964;1.65642;-1.68057;-0.999764;
-0.875884;1.16892;1.49818;-1.58241;-0.934572;
-0.765898;1.09986;1.34675;-1.51421;-0.942597;
-0.648472;1.17426;1.18531;-1.61448;-0.941961;
-0.521992;1.2648;1.01548;-1.69832;-0.930671;
-0.390967;1.31025;0.847086;-1.68389;-0.909548;
-0.264571;1.26396;0.696043;-1.51043;-0.874004;
-0.134889;1.29683;0.547014;-1.4903;-0.854703;
0.0057272;1.40616;0.389332;-1.57682;-0.842547;
0.129013;1.23286;0.242982;-1.4635;-0.870728;
0.257879;1.28866;0.0900681;-1.52914;-0.870535;
0.385477;1.27598;-0.0657239;-1.55792;-0.88456;
0.505095;1.19618;-0.219056;-1.53332;-0.908293;
0.625695;1.20601;-0.375181;-1.56126;-0.913075;
0.747773;1.22077;-0.533382;-1.582;-0.913575;
0.879597;1.31825;-0.693209;-1.59827;-0.881118;
1.00763;1.28033;-0.847495;-1.54287;-0.878124;
1.13902;1.31389;-1.03466;-1.87164;-0.95873;
1.25573;1.16711;-1.19246;-1.578;-0.933977;
1.37756;1.21834;-1.35701;-1.64551;-0.933466;
1.49689;1.19325;-1.54214;-1.85134;-0.998273;
1.59663;0.997392;-1.70683;-1.64688;-1.02625;
1.69974;1.03111;-1.88453;-1.77697;-1.04502;
1.80054;1.00797;-2.05164;-1.67107;-1.02804;
1.92027;1.19729;-2.22738;-1.75741;-0.972742;
2.03116;1.10896;-2.40989;-1.82516;-1.02481;
2.11658;0.854182;-2.56946;-1.59568;-1.0793;
2.19171;0.751291;-2.73254;-1.63074;-1.13907;
2.23937;0.476651;-2.90704;-1.74503;-1.30415;
2.29777;0.583953;-3.11048;-2.03438;-1.29127;
2.35013;0.523576;-3.30185;-1.91373;-1.30374;
2.39962;0.494921;-3.49959;-1.9774;-1.32555;
2.44656;0.469408;-3.69407;-1.94482;-1.33396;
2.49184;0.452792;-3.89133;-1.9726;-1.34516;
2.53752;0.456791;-4.08612;-1.94785;-1.34045;
2.57467;0.371498;-4.26948;-1.83365;-1.3709;
2.61433;0.396647;-4.47294;-2.03462;-1.37826;
2.67311;0.587759;-4.6524;-1.79456;-1.25428;
2.71736;0.442475;-4.82783;-1.75433;-1.32373;
2.76283;0.454776;-5.0072;-1.7937;-1.32249;
2.81573;0.528928;-5.20177;-1.94566;-1.30536;
2.85771;0.41983;-5.39625;-1.94483;-1.35819;
2.90618;0.484731;-5.59103;-1.9478;-1.32689;
2.96306;0.568801;-5.77881;-1.87776;-1.27667;
3.03553;0.724626;-5.96242;-1.83612;-1.19491;
3.10188;0.663557;-6.15705;-1.94635;-1.24223;
3.16399;0.621127;-6.34378;-1.86726;-1.24967;
3.21505;0.510513;-6.53594;-1.92162;-1.31113;
3.27331;0.582608;-6.72467;-1.8873;-1.27138;
3.31907;0.45761;-6.92733;-2.0266;-1.34872;
3.36106;0.41998;-7.12738;-2.00053;-1.36387;
3.38453;0.234607;-7.30795;-1.80566;-1.44159;
3.40839;0.238683;-7.50371;-1.95763;-1.44947;
3.4323;0.23903;-7.69538;-1.91668;-1.44673;
3.44936;0.170622;-7.91073;-2.15351;-1.49173;
3.43809;-0.112722;-8.09124;-1.80509;-1.63316;
3.43432;-0.0376456;-8.30171;-2.10465;-1.58868;
3.42494;-0.0938362;-8.52374;-2.22031;-1.61303;
3.39835;-0.265849;-8.72715;-2.03409;-1.70076;
3.37102;-0.27333;-8.92111;-1.93966;-1.71079;
3.32941;-0.416121;-9.11072;-1.89607;-1.78684;
3.2861;-0.433135;-9.30117;-1.90446;-1.79442;
3.21746;-0.686343;-9.4787;-1.7753;-1.9397;
3.15559;-0.618695;-9.66201;-1.83311;-1.8963;
3.08902;-0.665671;-9.84843;-1.86425;-1.91376;
3.01901;-0.700184;-10.0357;-1.87273;-1.92859;
2.9494;-0.696063;-10.2231;-1.87383;-1.92647;
2.88602;-0.63383;-10.4118;-1.88689;-1.89487;
2.81574;-0.702725;-10.603;-1.91194;-1.92302;
2.74131;-0.744321;-10.7907;-1.87687;-1.94835;
2.68259;-0.587207;-10.9953;-2.04667;-1.8502;
2.62418;-0.584067;-11.1866;-1.91235;-1.86722;
2.55395;-0.702366;-11.37;-1.83478;-1.93639;
2.486;-0.679436;-11.561;-1.90988;-1.91258;
2.40739;-0.786096;-11.7459;-1.84875;-1.97284;
2.32888;-0.785162;-11.9297;-1.83756;-1.9746;
2.24841;-0.804733;-12.1148;-1.85183;-1.98074;
2.18861;-0.597981;-12.2926;-1.77724;-1.89536;
2.12865;-0.599571;-12.4803;-1.8773;-1.87994;
2.07284;-0.558097;-12.7056;-2.25346;-1.81357;
2.03661;-0.362268;-12.8741;-1.68499;-1.78257;
1.98798;-0.486369;-13.0603;-1.86124;-1.82639;
1.94045;-0.475231;-13.2415;-1.81281;-1.82718;
1.88887;-0.515804;-13.4359;-1.94394;-1.83016;
1.84266;-0.462172;-13.6324;-1.96459;-1.80185;
1.79754;-0.451172;-13.8266;-1.94248;-1.79902;
1.74247;-0.550664;-14.0147;-1.8805;-1.85566;
1.68796;-0.54512;-14.2101;-1.95411;-1.84284;
1.62426;-0.636995;-14.3921;-1.82009;-1.90745;
1.55843;-0.658318;-14.5891;-1.96969;-1.89335;
1.49469;-0.637381;-14.7748;-1.85683;-1.90146;
1.43737;-0.573205;-14.9614;-1.86595;-1.86884;
1.38225;-0.551174;-15.1524;-1.91018;-1.85171;
1.32263;-0.596205;-15.3323;-1.79924;-1.89078;
1.25965;-0.629825;-15.5212;-1.88877;-1.89266;
1.21045;-0.491992;-15.7048;-1.83663;-1.83253;
1.173;-0.374483;-15.8869;-1.82047;-1.77367;
1.13501;-0.379936;-16.0823;-1.95444;-1.7628;
1.09217;-0.428376;-16.2812;-1.98901;-1.78293;
1.04981;-0.423666;-16.4782;-1.96926;-1.78271;
1.00692;-0.428879;-16.6741;-1.95987;-1.78623;
0.968765;-0.381523;-16.8616;-1.87486;-1.77155;
0.937412;-0.313526;-17.0623;-2.00656;-1.72579;
0.905178;-0.322347;-17.2584;-1.96065;-1.73375;
0.873624;-0.315531;-17.4559;-1.97535;-1.72919;
0.832489;-0.41135;-17.637;-1.81063;-1.79419;
0.790119;-0.423709;-17.8222;-1.85274;-1.79562;
0.753794;-0.36325;-18.0032;-1.80971;-1.76889;
0.714512;-0.392813;-18.1982;-1.94957;-1.76962;
0.683883;-0.306296;-18.3883;-1.9018;-1.73048;
0.676591;-0.0729214;-18.5805;-1.92207;-1.60872;
0.683398;0.068077;-18.7671;-1.86523;-1.53431;
0.691988;0.085895;-18.9764;-2.09303;-1.52978;
0.716336;0.243484;-19.1756;-1.99265;-1.44921;
0.730883;0.145473;-19.3586;-1.82927;-1.49144;
0.756026;0.251428;-19.5568;-1.98279;-1.44466;
0.770208;0.141815;-19.7826;-2.25791;-1.50807;
0.781603;0.113951;-19.9806;-1.97994;-1.51331;
0.780211;-0.0139176;-20.1798;-1.9921;-1.57778;
0.770149;-0.100619;-20.3811;-2.01238;-1.62075;
0.755367;-0.147819;-20.5762;-1.95138;-1.6464;
0.744447;-0.1092;-20.7714;-1.95176;-1.62669;
0.734278;-0.101692;-20.9725;-2.01149;-1.62131;
0.717984;-0.162941;-21.1775;-2.0496;-1.65013;
0.707983;-0.10001;-21.3733;-1.95811;-1.62183;
0.710895;0.0291177;-21.5657;-1.92363;-1.55566;
0.7209;0.10005;-21.7454;-1.79719;-1.51518;
0.724832;0.0393249;-21.9437;-1.98296;-1.55097;
0.746712;0.218796;-22.135;-1.91359;-1.45695;
0.756593;0.0988121;-22.3221;-1.87022;-1.51801;
0.769151;0.12558;-22.5138;-1.91711;-1.50539;
0.786059;0.169079;-22.716;-2.02193;-1.48737;
0.804017;0.179578;-22.9031;-1.87147;-1.47513;
0.81818;0.141636;-23.1045;-2.01429;-1.5006;
0.832524;0.143443;-23.3064;-2.01881;-1.49986;
0.845165;0.126402;-23.502;-1.95609;-1.50627;
0.866757;0.215928;-23.703;-2.00956;-1.46376;
0.88549;0.187321;-23.8833;-1.80318;-1.46728;
0.906408;0.209186;-24.0824;-1.9905;-1.46609;
0.950891;0.444826;-24.2833;-2.00985;-1.35298;
0.989072;0.381818;-24.4799;-1.9657;-1.37895;
1.03176;0.426878;-24.6767;-1.96782;-1.35718;
1.10228;0.705208;-24.863;-1.86352;-1.20902;
1.17509;0.728043;-25.0604;-1.97329;-1.21734;
1.25447;0.793891;-25.2583;-1.97953;-1.18939;
1.32866;0.741887;-25.4444;-1.86046;-1.19136;
1.40823;0.79568;-25.6374;-1.93016;-1.17979;
1.47673;0.685021;-25.8207;-1.83357;-1.21325;
1.546;0.692649;-26.0082;-1.87501;-1.21693;
1.61128;0.652852;-26.1903;-1.82084;-1.22653;
1.68198;0.706935;-26.3872;-1.96881;-1.22607;
1.7586;0.766207;-26.5805;-1.93277;-1.19337;
1.82804;0.694402;-26.7649;-1.84418;-1.21068;
1.89342;0.653827;-26.9383;-1.73397;-1.21021;
1.96465;0.712298;-27.1237;-1.85423;-1.20403;
2.05134;0.8669;-27.3202;-1.96499;-1.15531;
2.12802;0.766801;-27.5184;-1.98194;-1.20164;
2.19851;0.704924;-27.7051;-1.86684;-1.20975;
2.27149;0.729738;-27.8957;-1.90546;-1.20506;
2.33765;0.661674;-28.0884;-1.92778;-1.24016;
2.38972;0.52062;-28.2972;-2.08749;-1.32638;
2.43469;0.44977;-28.4936;-1.96439;-1.34571;
2.48037;0.456731;-28.6857;-1.92078;-1.33735;
2.52787;0.47504;-28.8804;-1.94733;-1.33153;
2.57793;0.500567;-29.0782;-1.97818;-1.32295;
2.62423;0.463071;-29.2667;-1.88461;-1.32986;
2.68436;0.601221;-29.4532;-1.86524;-1.25898;
2.74434;0.599873;-29.6401;-1.86848;-1.26014;
2.81739;0.730464;-29.836;-1.95895;-1.21388;

2.87916;0.617665;29.9643;-1.99709;-1.27085;
2.93379;0.546291;29.7829;-1.81456;-1.27837;
2.99472;0.609368;29.5884;-1.94416;-1.26706;
3.06339;0.686677;29.3948;-1.93612;-1.22997;
3.09523;0.318361;29.1646;-2.30225;-1.43339;
3.12256;0.273347;28.9683;-1.96313;-1.43245;
3.15169;0.291335;28.7743;-1.94032;-1.42176;
3.17795;0.262538;28.5652;-2.09057;-1.44587;
3.20608;0.281325;28.3675;-1.97679;-1.42943;
3.23863;0.325469;28.1642;-2.03342;-1.41208;
3.26361;0.249783;27.9721;-1.92126;-1.44151;
3.27184;0.0823121;27.7655;-2.06542;-1.53096;
3.28144;0.0960693;27.5671;-1.98451;-1.52242;
3.29064;0.0919727;27.3632;-2.03869;-1.52571;
3.29974;0.0909719;27.1559;-2.07297;-1.52694;
3.31581;0.160759;26.956;-1.99888;-1.49054;
3.32039;0.0457149;26.7502;-2.05845;-1.54859;
3.32664;0.0625004;26.56;-1.90165;-1.53794;
3.34316;0.165217;26.3544;-2.05581;-1.4906;
3.35931;0.161509;26.1549;-1.99499;-1.49002;
3.37326;0.139507;25.9549;-2.00045;-1.50117;
3.38875;0.154881;25.7463;-2.08555;-1.49667;
3.40779;0.190402;25.5346;-2.11671;-1.48109;
3.41659;0.0880413;25.3177;-2.16913;-1.53023;
3.43653;0.199377;25.0931;-2.24592;-1.48226;
3.4469;0.103718;24.8987;-1.94417;-1.5175;
3.46712;0.202196;24.6914;-2.07322;-1.47358;
3.48366;0.165435;24.477;-2.14453;-1.49381;
3.49869;0.150264;24.2718;-2.05103;-1.49766;
3.51267;0.139791;24.0725;-1.99305;-1.50077;
3.52079;0.0812392;23.8733;-1.99277;-1.53005;
3.56569;0.448939;23.6794;-1.93861;-1.34323;
3.61718;0.514894;23.4886;-1.90791;-1.3072;
3.6712;0.540232;23.2914;-1.97255;-1.30348;
3.72264;0.514442;23.1005;-1.90888;-1.30755;
3.77688;0.542314;22.9118;-1.88667;-1.2909;
3.83737;0.604909;22.7039;-2.07913;-1.28767;
3.89662;0.592492;22.4945;-2.09381;-1.29503;
3.94538;0.487622;22.3018;-1.92686;-1.32293;
3.98951;0.44137;22.112;-1.89791;-1.3423;
4.03646;0.469457;21.9213;-1.90697;-1.32942;
4.08545;0.489877;21.7266;-1.94746;-1.32436;
4.13452;0.490761;21.531;-1.95629;-1.32501;
4.18683;0.523076;21.3356;-1.95367;-1.30919;
4.24117;0.543432;21.1428;-1.92761;-1.29601;
4.30678;0.65602;20.9481;-1.94777;-1.24592;
4.37487;0.680927;20.7491;-1.98938;-1.24101;
4.4481;0.732352;20.5523;-1.96868;-1.21466;
4.52773;0.796206;20.3842;-1.68088;-1.12842;
4.62373;0.960045;20.2379;-1.4628;-0.990001;
4.73494;1.11212;20.0662;-1.71658;-0.995922;
4.83781;1.02865;19.894;-1.722;-1.03232;
4.94205;1.04241;19.7141;-1.79903;-1.04564;
5.04926;1.07212;19.5203;-1.93828;-1.06555;
5.13639;0.871282;19.3322;-1.88091;-1.137;
5.20825;0.718635;19.1481;-1.84058;-1.19856;
5.26628;0.580335;18.9313;-2.16871;-1.30933;
5.3317;0.654123;18.7208;-2.10513;-1.26953;
5.39672;0.650221;18.528;-1.92723;-1.2454;
5.476;0.79277;18.3501;-1.77966;-1.15172;
5.55681;0.808186;18.1752;-1.7491;-1.13796;
5.64156;0.847499;17.9937;-1.81492;-1.13393;
5.72315;0.815857;17.814;-1.79682;-1.14457;
5.80127;0.781203;17.632;-1.81972;-1.16529;
5.90837;1.07098;17.4684;-1.63565;-0.991072;
6.00193;0.935608;17.2993;-1.69144;-1.06554;
6.1116;1.09667;17.1254;-1.73868;-1.00808;
6.2206;1.09008;16.9545;-1.70916;-1.00305;
6.34344;1.22832;16.7972;-1.57325;-0.907901;
6.44773;1.04292;16.6278;-1.6944;-1.01905;
6.55638;1.08652;16.4549;-1.72845;-1.00961;
6.68222;1.25838;16.2652;-1.8969;-0.985068;
6.77902;0.968047;16.0814;-1.8381;-1.08605;
6.88814;1.09121;15.889;-1.92406;-1.05489;
7.00128;1.13139;15.7293;-1.59676;-0.954355;
7.11688;1.15595;15.5657;-1.63652;-0.955825;
7.223;1.06128;15.4137;-1.51984;-0.961225;
7.33203;1.09028;15.2459;-1.6775;-0.99446;
7.44304;1.1101;15.0946;-1.51302;-0.93781;
7.56419;1.21142;14.9248;-1.69889;-0.951355;
7.68562;1.21435;14.7603;-1.64412;-0.93463;
7.80438;1.18757;14.5994;-1.60967;-0.935168;
7.91964;1.15259;14.4351;-1.64302;-0.959062;
8.03716;1.17529;14.2759;-1.59148;-0.934702;
8.16289;1.25726;14.1285;-1.47395;-0.864574;
8.29247;1.29583;13.9688;-1.59701;-0.889134;
8.40891;1.16439;13.812;-1.56791;-0.932025;
8.53855;1.29642;13.6442;-1.67882;-0.913224;
8.65901;1.2046;13.4694;-1.74709;-0.967158;
8.77845;1.19431;13.3238;-1.4562;-0.883884;
8.91281;1.34363;13.1672;-1.56665;-0.861879;
9.04308;1.30272;13.0141;-1.53018;-0.865519;
9.17827;1.35185;12.8629;-1.51202;-0.841269;
9.33576;1.57491;12.7073;-1.55678;-0.779607;
9.49025;1.54494;12.5799;-1.27376;-0.689484;
9.64879;1.58534;12.4706;-1.09297;-0.603593;
9.81356;1.64779;12.3579;-1.12648;-0.599656;
9.96999;1.56427;12.2358;-1.22123;-0.662865;
10.1314;1.61402;12.1132;-1.22668;-0.64988;
10.287;1.55601;11.9777;-1.35432;-0.716204;
10.4404;1.53439;11.8479;-1.29816;-0.702193;
10.5849;1.44421;11.7327;-1.15223;-0.673417;
10.7232;1.38318;11.6206;-1.12125;-0.681192;
10.8631;1.39976;11.5111;-1.09447;-0.663606;
11.0136;1.50443;11.3899;-1.2125;-0.678362;
11.1785;1.6492;11.25;-1.39846;-0.70331;
11.3336;1.55051;11.1216;-1.28379;-0.691569;
11.4846;1.51001;10.995;-1.26621;-0.697803;
11.6293;1.44764;10.8529;-1.42065;-0.775988;
11.7649;1.35538;10.7076;-1.45344;-0.820296;
11.895;1.30097;10.5632;-1.44441;-0.837597;
12.0131;1.18135;10.4037;-1.59473;-0.933222;
12.127;1.13904;10.2276;-1.76041;-0.996511;
12.2366;1.09625;10.0586;-1.69075;-0.995559;
12.357;1.20336;9.87678;-1.81789;-0.986066;
12.4688;1.11871;9.71412;-1.62666;-0.968351;
12.5823;1.1348;9.5486;-1.65518;-0.969795;
12.694;1.11653;9.38468;-1.63924;-0.972849;
12.8083;1.14315;9.23051;-1.54167;-0.932757;
12.9373;1.29062;9.06738;-1.63128;-0.901462;
13.0533;1.1598;8.90927;-1.5811;-0.937915;
13.1706;1.1724;8.74729;-1.61984;-0.944292;
13.2791;1.08496;8.58278;-1.64504;-0.987745;
13.3699;0.907957;8.40871;-1.74076;-1.09003;
13.4578;0.879236;8.22862;-1.80092;-1.11662;
13.5434;0.856444;8.04983;-1.78784;-1.12406;
13.6307;0.872445;7.86266;-1.8717;-1.13461;
13.7161;0.85433;7.68048;-1.82177;-1.13229;
13.8148;0.98699;7.48706;-1.93425;-1.09897;
13.9058;0.910027;7.30944;-1.77621;-1.09732;
14.001;0.952131;7.13616;-1.73275;-1.06834;
14.0993;0.98333;6.95383;-1.82334;-1.0762;
14.1931;0.937899;6.77937;-1.74458;-1.07752;
14.2867;0.935464;6.60892;-1.70454;-1.06887;
14.385;0.983442;6.43073;-1.7819;-1.06649;
14.4923;1.0731;6.24849;-1.82236;-1.03861;
14.5959;1.03581;6.07688;-1.71612;-1.02775;
14.7098;1.13908;5.90114;-1.75741;-0.995719;
14.7897;0.798567;5.74544;-1.55696;-1.09688;
14.8807;0.909817;5.56754;-1.77904;-1.09806;
14.9766;0.959325;5.39459;-1.72947;-1.06436;
15.0723;0.956707;5.21076;-1.83835;-1.09095;
15.2003;1.28063;5.02729;-1.83472;-0.961414;
15.3198;1.19487;4.86042;-1.66864;-0.949363;
15.4352;1.1535;4.68496;-1.75464;-0.989235;
15.5474;1.12277;4.51496;-1.69998;-0.987104;
15.6689;1.21494;4.31846;-1.965;-1.01704;
15.7704;1.01504;4.15373;-1.64728;-1.01855;
15.8625;0.920173;3.98254;-1.71189;-1.07759;
15.9693;1.06848;3.82281;-1.59737;-0.98125;
16.0807;1.11412;3.65653;-1.66277;-0.980463;
16.2017;1.21021;3.4901;-1.66425;-0.94206;
16.3091;1.07331;3.33643;-1.53672;-0.961118;
16.4181;1.09049;3.17568;-1.60749;-0.974728;
16.5246;1.06477;3.0078;-1.67885;-1.00559;
16.6259;1.01325;2.83406;-1.73735;-1.04281;
16.7247;0.987259;2.66355;-1.70514;-1.04597;
16.8301;1.05475;2.48057;-1.82981;-1.04789;
16.9265;0.964107;2.29053;-1.90039;-1.10131;
17.012;0.854941;2.10887;-1.81656;-1.13091;
17.0967;0.846656;1.92645;-1.8242;-1.13626;
17.1819;0.851891;1.74657;-1.79885;-1.12851;
17.2768;0.949362;1.60338;-1.43186;-0.985317;
17.3639;0.870399;1.44247;-1.60916;-1.07496;
17.4647;1.0079;1.26624;-1.76224;-1.05126;
17.5545;0.898927;1.08129;-1.84949;-1.11838;
17.6434;0.888478;0.903711;-1.77582;-1.10689;
17.7376;0.942094;0.727818;-1.75893;-1.07907;
17.8335;0.959206;0.551397;-1.76421;-1.0728;
17.9233;0.897304;0.33655;-2.14847;-1.17517;
17.9884;0.651957;0.156805;-1.79746;-1.22284;
18.0527;0.642077;-0.0272015;-1.84006;-1.23506;
18.1164;0.636987;-0.221402;-1.942;-1.25385;
18.1793;0.629152;-0.41902;-1.97618;-1.26257;
18.2393;0.600009;-0.605654;-1.86634;-1.25974;
18.2993;0.60003;-0.796864;-1.91209;-1.26672;
18.3586;0.592949;-0.968392;-1.71528;-1.23797;
18.4106;0.520536;-1.1534;-1.85011;-1.29653;
18.4643;0.536825;-1.3447;-1.91295;-1.29721;
18.5338;0.69536;-1.55082;-2.06125;-1.24544;
18.5718;0.379281;-1.75879;-2.07967;-1.3904;
18.6068;0.350216;-1.9596;-2.00805;-1.39813;
18.6315;0.247164;-2.13054;-1.70946;-1.42721;
18.6488;0.172704;-2.33309;-2.0255;-1.48574;
18.6855;0.36686;-2.51951;-1.86422;-1.37649;
18.7097;0.242411;-2.71469;-1.95174;-1.44723;
18.7317;0.219741;-2.91986;-2.05177;-1.4641;
18.7573;0.256488;-3.12278;-2.02918;-1.44506;
18.7717;0.14384;-3.33226;-2.09474;-1.50224;
18.7847;0.129878;-3.50551;-1.73254;-1.49597;
18.7892;0.0451787;-3.69849;-1.92977;-1.54739;
18.7936;0.043726;-3.89934;-2.00852;-1.54903;
18.7767;-0.168887;-4.09695;-1.97611;-1.65605;
18.761;-0.157474;-4.29843;-2.01481;-1.6488;
18.7813;0.203824;-4.47413;-1.75697;-1.4553;
18.7909;0.0958509;-4.67888;-2.04754;-1.52402;
18.8034;0.124576;-4.88761;-2.08725;-1.51118;
18.8085;0.0508544;-5.09808;-2.10477;-1.54664;
18.8133;0.0479653;-5.29792;-1.99841;-1.5468;
18.8615;0.482181;-5.49717;-1.99247;-1.33336;
18.9097;0.482278;-5.68453;-1.87363;-1.31886;
18.9549;0.452263;-5.85013;-1.65598;-1.30419;
18.9938;0.388532;-6.0508;-2.00667;-1.37954;
19.0376;0.438081;-6.259;-2.08206;-1.36341;
19.0717;0.341363;-6.45628;-1.97275;-1.39945;
19.1314;0.596727;-6.65614;-1.99857;-1.28065;
19.1914;0.599785;-6.85124;-1.95102;-1.27255;
19.2474;0.560575;-7.05328;-2.0204;-1.30015;
19.2903;0.428375;-7.25631;-2.0303;-1.36286;
19.3395;0.492311;-7.46651;-2.10202;-1.34073;
19.3851;0.455977;-7.65766;-1.91146;-1.33662;
19.4257;0.405631;-7.86227;-2.04612;-1.37509;
19.4756;0.499043;-8.05338;-1.91113;-1.31538;
19.5356;0.600594;-8.25262;-1.99243;-1.27802;
19.5868;0.511722;-8.44607;-1.93444;-1.31219;
19.6257;0.389284;-8.61113;-1.6506;-1.33918;
19.6726;0.468344;-8.80751;-1.9638;-1.33668;
19.7203;0.477357;-9.00501;-1.97506;-1.33365;
19.7633;0.430406;-9.20229;-1.97272;-1.35598;
19.8016;0.382288;-9.39221;-1.8992;-1.37216;
19.8384;0.368452;-9.5867;-1.94492;-1.38357;
19.8724;0.340169;-9.7793;-1.92597;-1.39598;
19.889;0.165932;-9.99417;-2.14876;-1.49373;
19.9071;0.180327;-10.1965;-2.02319;-1.4819;
19.9258;0.187849;-10.3958;-1.99344;-1.47684;
19.9444;0.185643;-10.5941;-1.98314;-1.47746;
19.979;0.346209;-10.7664;-1.72288;-1.37249;
20.0149;0.358712;-10.9679;-2.01423;-1.39456;
20.0551;0.401926;-11.1555;-1.87646;-1.35979;
20.0947;0.396387;-11.3529;-1.97356;-1.37258;
20.1273;0.325518;-11.5513;-1.98389;-1.40816;
20.1555;0.282242;-11.7419;-1.90613;-1.42379;
20.1788;0.233172;-11.9325;-1.9066;-1.4491;
20.2062;0.273286;-12.1266;-1.94035;-1.43087;
20.236;0.298537;-12.331;-2.04405;-1.42577;
20.2484;0.12345;-12.5392;-2.08247;-1.51159;
20.2532;0.0487747;-12.7029;-1.63733;-1.54102;
20.2595;0.0627592;-12.9083;-2.05378;-1.54025;
20.2494;-0.10067;-13.1087;-2.00398;-1.62099;
20.2393;-0.101024;-13.3019;-1.93162;-1.62305;
20.2266;-0.127258;-13.5051;-2.0323;-1.63333;
20.213;-0.135874;-13.7126;-2.07456;-1.6362;
20.2008;-0.122537;-13.9118;-1.99209;-1.63223;
20.1785;-0.222334;-14.1227;-2.10963;-1.6758;
20.1599;-0.186413;-14.3216;-1.98844;-1.66427;
20.1479;-0.120131;-14.5242;-2.02588;-1.63003;
20.1216;-0.26327;-14.7188;-1.94657;-1.70523;
20.0675;-0.540542;-14.9315;-2.12721;-1.81964;
20.0236;-0.439274;-15.1438;-2.12285;-1.77484;
19.9814;-0.421269;-15.3332;-1.89416;-1.78964;
19.9325;-0.48943;-15.5215;-1.88278;-1.82512;
19.8899;-0.425815;-15.7235;-2.02019;-1.77854;
19.8668;-0.231444;-15.9093;-1.85705;-1.69479;
19.8176;-0.49184;-16.0964;-1.87107;-1.82785;
19.7627;-0.548558;-16.2878;-1.91413;-1.8499;
19.6976;-0.651221;-16.4861;-1.98285;-1.88812;
19.6171;-0.80522;-16.6455;-1.59432;-2.03848;
19.5281;-0.890132;-16.8298;-1.84341;-2.02065;
19.4491;-0.789844;-17.0109;-1.81061;-1.98214;
19.3674;-0.817259;-17.2165;-2.05645;-1.94907;
19.2811;-0.862741;-17.3992;-1.82642;-2.01209;
19.1957;-0.853646;-17.5802;-1.81012;-2.01146;
19.0913;-1.04438;-17.7679;-1.87662;-2.07863;
18.9847;-1.06613;-17.9635;-1.95606;-2.06982;
18.8991;-0.855432;-18.1235;-1.60078;-2.06157;
18.8007;-0.983976;-18.3001;-1.76585;-2.07917;
18.702;-0.986941;-18.4835;-1.83391;-2.06451;
18.6094;-0.926922;-18.6616;-1.78136;-2.05059;
18.4916;-1.17712;-18.8383;-1.76629;-2.15864;
18.3881;-1.03517;-18.9965;-1.58255;-2.15006;
18.2799;-1.08211;-19.1653;-1.68769;-2.14095;
18.1654;-1.14535;-19.335;-1.69682;-2.16454;
18.0671;-0.983092;-19.5065;-1.71468;-2.09138;
17.9602;-1.06893;-19.6879;-1.81421;-2.10324;
17.8408;-1.19382;-19.8712;-1.83371;-2.1479;
17.7302;-1.10593;-20.039;-1.67743;-2.15368;
17.6111;-1.19103;-20.2168;-1.77798;-2.16102;
17.4797;-1.31367;-20.359;-1.42264;-2.31639;
17.3587;-1.2102;-20.5037;-1.44668;-2.26742;
17.2197;-1.3905;-20.66;-1.5626;-2.29798;
17.0807;-1.38913;-20.808;-1.47999;-2.32454;
16.9488;-1.31916;-20.9502;-1.42195;-2.31871;
16.8086;-1.40205;-21.0956;-1.45388;-2.33805;
16.6382;-1.70439;-21.2214;-1.25823;-2.50567;
16.4953;-1.42886;-21.358;-1.36569;-2.3788;
16.346;-1.49337;-21.5008;-1.42834;-2.37845;
16.1997;-1.46252;-21.6281;-1.27354;-2.42516;
16.0457;-1.54018;-21.7545;-1.26324;-2.45466;
15.8941;-1.51578;-21.8743;-1.19804;-2.47275;
15.7427;-1.5137;-22.011;-1.36769;-2.40683;
15.6064;-1.36337;-22.1306;-1.19535;-2.42177;
15.435;-1.71412;-22.2896;-1.59027;-2.39366;
15.2753;-1.59663;-22.4326;-1.42959;-2.41133;
15.1336;-1.41761;-22.5317;-0.991113;-2.53144;
14.9822;-1.51379;-22.6374;-1.05719;-2.53196;
14.7879;-1.94282;-22.7541;-1.16688;-2.60073;
14.5982;-1.89728;-22.8325;-0.784414;-2.74955;
14.4165;-1.8168;-22.8942;-0.616761;-2.81432;
14.2364;-1.80072;-22.962;-0.677674;-2.78165;
14.0402;-1.96252;-23.0111;-0.491643;-2.89613;
13.8445;-1.95637;-23.0621;-0.509355;-2.88689;
13.6478;-1.96747;-23.1153;-0.532284;-2.87738;
13.4683;-1.79469;-23.166;-0.507535;-2.86599;
13.2861;-1.82207;-23.2146;-0.485184;-2.88135;
13.0976;-1.88568;-23.276;-0.61455;-2.82654;
12.9197;-1.77857;-23.3294;-0.534145;-2.84984;
12.7334;-1.86302;-23.3825;-0.531129;-2.86387;
12.54;-1.93358;-23.4336;-0.51021;-2.8836;
12.3497;-1.90285;-23.4808;-0.471908;-2.8985;
12.1662;-1.8352;-23.5268;-0.460777;-2.8956;
11.9706;-1.95589;-23.5773;-0.504935;-2.88895;
11.7582;-2.12421;-23.6327;-0.553962;-2.88649;
11.5641;-1.94166;-23.6834;-0.506497;-2.88642;
11.3809;-1.8315;-23.7619;-0.785124;-2.73661;
11.1956;-1.85313;-23.8365;-0.746266;-2.75876;
11.0154;-1.80187;-23.9091;-0.725606;-2.75876;
10.8257;-1.89696;-23.9814;-0.723299;-2.77732;
10.6267;-1.98986;-24.0457;-0.643493;-2.82882;
10.4361;-1.90627;-24.1082;-0.624932;-2.8248;
10.2401;-1.95951;-24.1666;-0.583774;-2.85205;
10.0426;-1.97583;-24.2156;-0.48931;-2.89883;
9.84524;-1.97319;-24.2646;-0.490274;-2.89806;
9.65689;-1.88349;-24.33;-0.653863;-2.80745;
9.49138;-1.65509;-24.4024;-0.724587;-2.72894;
9.34557;-1.45813;-24.4763;-0.738784;-2.67263;
9.16861;-1.76964;-24.5693;-0.930169;-2.65766;
8.9926;-1.76003;-24.6751;-1.05732;-2.60063;
8.82733;-1.65277;-24.7586;-0.835159;-2.67371;
8.66033;-1.67002;-24.8521;-0.935818;-2.63083;
8.52107;-1.39255;-24.9584;-1.06258;-2.48979;
8.38809;-1.32981;-25.0618;-1.03345;-2.48095;
8.2161;-1.71988;-25.1774;-1.15656;-2.54958;
8.04593;-1.70176;-25.2789;-1.01476;-2.6039;
7.87522;-1.70704;-25.38;-1.01143;-2.6067;
7.70019;-1.75028;-25.4812;-1.0118;-2.61745;
7.5231;-1.77098;-25.5729;-0.917162;-2.66374;
7.35979;-1.63303;-25.6654;-0.924838;-2.6263;
7.18475;-1.7504;-25.7368;-0.713464;-2.75455;
6.9992;-1.85555;-25.8111;-0.743495;-2.76049;
6.79905;-2.00152;-25.8793;-0.681516;-2.81341;
6.59685;-2.02196;-25.9775;-0.982299;-2.68936;
6.39653;-2.00319;-26.0508;-0.73306;-2.79078;
6.20089;-1.9564;-26.1168;-0.660202;-2.81614;
5.99891;-2.01981;-26.1735;-0.56659;-2.8681;
5.81346;-1.8545;-26.2158;-0.423765;-2.91694;
5.61804;-1.95419;-26.2657;-0.49898;-2.8916;
5.425;-1.93039;-26.3157;-0.500013;-2.88814;
5.23713;-1.87867;-26.3818;-0.660317;-2.8036;
5.05493;-1.82203;-26.4354;-0.536038;-2.85547;
4.85381;-2.01124;-26.5004;-0.649808;-2.82909;
4.67503;-1.78776;-26.5528;-0.52476;-2.85608;
4.48213;-1.92905;-26.6062;-0.533863;-2.8716;
4.28825;-1.93878;-26.6586;-0.523866;-2.87769;
4.10583;-1.82417;-26.7366;-0.780216;-2.73743;
3.93248;-1.73354;-26.8125;-0.75861;-2.72909;
3.73044;-2.02039;-26.8821;-0.6959;-2.80988;
3.54721;-1.8323;-26.9205;-0.384299;-2.93485;
3.3431;-2.04105;-26.9405;-0.199781;-3.04402;
3.13847;-2.04631;-26.9609;-0.204459;-3.04201;
2.93551;-2.02965;-26.9766;-0.156681;-3.06455;
2.73551;-1.99991;-26.9923;-0.157388;-3.06306;
2.53592;-1.99595;-27.0085;-0.161921;-3.06065;
2.32009;-2.15827;-27.0238;-0.153045;-3.0708;
2.14157;-1.78523;-27.054;-0.301516;-2.97428;
1.91997;-2.21605;-27.0827;-0.287243;-3.01269;
1.72033;-1.99637;-27.1064;-0.237043;-3.02341;
1.541;-1.79328;-27.1253;-0.189162;-3.0365;
1.35572;-1.85284;-27.1373;-0.119681;-3.07709;
1.1513;-2.04419;-27.1511;-0.137677;-3.07434;
0.953851;-1.97447;-27.1689;-0.178725;-3.05132;
0.760851;-1.93;-27.2007;-0.317645;-2.97847;
0.588471;-1.7238;-27.2262;-0.254928;-2.99477;
0.373901;-2.1457;-27.2406;-0.144224;-3.07448;
0.179102;-1.948;-27.2662;-0.255879;-3.01099;
-0.0258024;-2.04904;-27.2948;-0.285793;-3.00301;
-0.212075;-1.86273;-27.3269;-0.321296;-2.97079;
-0.403617;-1.91542;-27.3545;-0.276034;-2.99847;
-0.622207;-2.1859;-27.3946;-0.400511;-2.96038;
-0.816488;-1.9428;-27.437;-0.424609;-2.92642;
-1.01455;-1.98059;-27.4731;-0.360389;-2.9616;
-1.21038;-1.95836;-27.5079;-0.348211;-2.96562;
-1.41941;-2.09023;-27.5349;-0.269714;-3.01327;
-1.62846;-2.09058;-27.5603;-0.254518;-3.02044;
-1.84322;-2.14759;-27.5741;-0.138135;-3.07736;
-2.04165;-1.98432;-27.5898;-0.157004;-3.06263;
-2.2274;-1.85743;-27.6057;-0.158224;-3.05661;
-2.4333;-2.05898;-27.6325;-0.268715;-3.01182;
-2.63882;-2.05529;-27.6722;-0.39651;-2.95101;
-2.83709;-1.98265;-27.7093;-0.370861;-2.95668;
-3.03798;-2.00895;-27.7381;-0.288001;-2.9992;
-3.24228;-2.04294;-27.7614;-0.233584;-3.02775;
-3.45299;-2.10715;-27.793;-0.315626;-2.99291;
-3.65128;-1.98289;-27.8207;-0.277269;-3.00266;
-3.8561;-2.04816;-27.8299;-0.0921101;-3.09665;
-4.06283;-2.06727;-27.8488;-0.188578;-3.05062;
-4.2534;-1.90573;-27.882;-0.33183;-2.9692;
-4.46238;-2.08982;-27.9034;-0.214265;-3.03942;
-4.66507;-2.02691;-27.9222;-0.188487;-3.04887;
-4.88595;-2.20876;-27.9581;-0.358269;-2.98079;
-5.08656;-2.00611;-27.9872;-0.291119;-2.99748;
-5.2821;-1.95539;-28.0157;-0.285299;-2.99671;
-5.4749;-1.92805;-28.0362;-0.205121;-3.0356;
-5.67207;-1.97166;-28.0528;-0.165376;-3.05791;
-5.87463;-2.02563;-28.0984;-0.456741;-2.91982;
-6.07047;-1.95838;-28.1361;-0.376862;-2.95148;
-6.26502;-1.94549;-28.1596;-0.234878;-3.02144;
-6.45809;-1.93069;-28.1886;-0.29024;-2.99238;
-6.64415;-1.86059;-28.2151;-0.2647;-3.00027;
-6.84643;-2.02284;-28.2377;-0.226245;-3.03021;
-7.04419;-1.97764;-28.2579;-0.201949;-3.03983;
-7.24526;-2.0106;-28.2778;-0.198327;-3.04327;
-7.44669;-2.01436;-28.2956;-0.178331;-3.05329;
-7.64161;-1.9492;-28.3053;-0.0968723;-3.09194;
-7.84147;-1.99855;-28.3148;-0.0954205;-3.09388;
-8.0212;-1.79733;-28.3328;-0.1796;-3.042;
-8.20828;-1.8708;-28.3701;-0.373006;-2.94479;
-8.39547;-1.87187;-28.423;-0.529162;-2.86609;
-8.5913;-1.95833;-28.4766;-0.536049;-2.87441;
-8.77588;-1.84586;-28.5212;-0.44558;-2.90473;
-8.98659;-2.10703;-28.5664;-0.452078;-2.93024;
-9.18274;-1.96148;-28.6071;-0.40785;-2.93658;
-9.38059;-1.97856;-28.6497;-0.425233;-2.92989;
-9.58816;-2.0757;-28.6947;-0.449934;-2.92813;
-9.78363;-1.9547;-28.737;-0.423712;-2.92813;
-9.98157;-1.97937;-28.7652;-0.281524;-3.00031;
-10.1623;-1.80689;-28.7867;-0.214971;-3.02318;
-10.3805;-2.18272;-28.79;-0.0334023;-3.12629;
-10.5811;-2.006;-28.7896;0.00387655;3.13966;
-10.8006;-2.19441;-28.8033;-0.136705;-3.07938;
-11.0031;-2.02485;-28.8197;-0.163484;-3.06103;
-11.1783;-1.75228;-28.8396;-0.199893;-3.02801;
-11.3872;-2.08966;-28.8677;-0.2808;-3.00802;
-11.5837;-1.96487;-28.9024;-0.346485;-2.96705;
-11.781;-1.9728;-28.9405;-0.381047;-2.95079;
-11.9763;-1.95249;-28.9853;-0.448082;-2.91601;
-12.1703;-1.94077;-29.055;-0.696726;-2.79693;
-12.3597;-1.89383;-29.124;-0.69018;-2.79211;
-12.5478;-1.88051;-29.1908;-0.668403;-2.80008;
-12.7426;-1.94814;-29.2726;-0.817853;-2.74412;
-12.9357;-1.93086;-29.3567;-0.840717;-2.73094;
-13.1268;-1.9116;-29.4324;-0.757386;-2.76436;
-13.3076;-1.80795;-29.5087;-0.762574;-2.74244;
-13.5043;-1.96664;-29.5754;-0.667688;-2.8143;
-13.6866;-1.82263;-29.6399;-0.644942;-2.80149;
-13.858;-1.71427;-29.7115;-0.715272;-2.74631;
-14.0506;-1.92608;-29.7911;-0.795934;-2.74973;
-14.2348;-1.84206;-29.8718;-0.807761;-2.72834;
-14.4331;-1.98311;-29.9551;-0.832471;-2.74415;

-14.5898;-1.56671;29.9651;-0.797995;-2.6705;
-14.7717;-1.81875;29.8755;-0.895825;-2.68392;
-14.9599;-1.88266;29.8038;-0.717466;-2.77749;
-15.1385;-1.7862;29.7356;-0.681815;-2.77695;
-15.3266;-1.88042;29.6647;-0.709574;-2.78076;
-15.5091;-1.8249;29.608;-0.566499;-2.8406;
-15.688;-1.78946;29.5518;-0.562201;-2.83718;
-15.8787;-1.9064;29.4971;-0.546385;-2.86247;
-16.0676;-1.88964;29.4429;-0.542561;-2.86199;
-16.2467;-1.79032;29.3878;-0.550669;-2.8432;
-16.4372;-1.90529;29.3232;-0.646653;-2.81439;
-16.6225;-1.85286;29.2523;-0.708518;-2.77636;
-16.81;-1.87554;29.1794;-0.729404;-2.77069;
-16.9977;-1.87707;29.1112;-0.681295;-2.79342;
-17.1822;-1.84487;29.031;-0.802586;-2.73125;
-17.3778;-1.95583;28.9542;-0.767295;-2.76773;
-17.5524;-1.74562;28.8685;-0.857555;-2.68496;
-17.7367;-1.84362;28.7893;-0.792024;-2.73583;
-17.9096;-1.72823;28.6805;-1.08784;-2.5798;
-18.0756;-1.66039;28.5756;-1.04921;-2.57804;
-18.2687;-1.93128;28.4766;-0.989586;-2.66807;
-18.4544;-1.85658;28.393;-0.836458;-2.71829;
-18.638;-1.83615;28.3068;-0.861637;-2.70284;
-18.8021;-1.64061;28.2245;-0.823326;-2.67647;
-18.9847;-1.82666;28.121;-1.03519;-2.62601;
-19.1676;-1.82865;28.0197;-1.01277;-2.63581;
-19.3431;-1.75556;27.9234;-0.963047;-2.63985;
-19.535;-1.91877;27.8271;-0.963166;-2.67637;
-19.7138;-1.78746;27.7402;-0.868442;-2.68933;
-19.8995;-1.85771;27.6544;-0.858254;-2.70881;
-20.0937;-1.94195;27.5622;-0.921932;-2.69835;
-20.2877;-1.9394;27.4745;-0.876766;-2.71701;
-20.4719;-1.84216;27.3786;-0.959606;-2.66136;
-20.6533;-1.81414;27.2784;-1.00208;-2.63693;
-20.8377;-1.84379;27.1858;-0.926092;-2.67613;
-21.0247;-1.87017;27.1084;-0.773545;-2.7494;
-21.2155;-1.90827;27.0396;-0.688295;-2.79543;
-21.4093;-1.93772;26.9708;-0.687882;-2.80047;
-21.6032;-1.93865;26.9078;-0.630114;-2.82734;
-21.7881;-1.84937;26.8458;-0.620065;-2.81809;
-21.9701;-1.82049;26.7846;-0.611604;-2.81748;
-22.1596;-1.89469;26.7209;-0.636832;-2.81734;
-22.339;-1.79368;26.6571;-0.63823;-2.79974;
-22.5348;-1.9584;26.5866;-0.70514;-2.79598;
-22.6832;-1.4834;26.5467;-0.398682;-2.87904;
-22.8592;-1.76002;26.4828;-0.639302;-2.79318;
-23.051;-1.91814;26.4163;-0.664649;-2.80803;
-23.2374;-1.8641;26.3413;-0.749759;-2.75918;
-23.4212;-1.83819;26.2757;-0.656291;-2.79867;
-23.6033;-1.82085;26.2179;-0.578616;-2.83391;
-23.805;-2.0166;26.1739;-0.439823;-2.92685;
-23.9984;-1.93409;26.1233;-0.505304;-2.88604;
-24.1831;-1.84704;26.0889;-0.344295;-2.9573;
-24.381;-1.9797;26.0573;-0.315698;-2.98346;
-24.5954;-2.14357;26.0314;-0.259783;-3.02099;
-24.7876;-1.92243;25.9853;-0.460187;-2.90664;
-24.9585;-1.70906;25.9357;-0.496593;-2.85881;
-25.1655;-2.06955;25.8628;-0.728984;-2.80292;
-25.3436;-1.78097;25.792;-0.708068;-2.76318;
-25.5437;-2.00147;25.7363;-0.557097;-2.87012;
-25.7348;-1.91083;25.6834;-0.528657;-2.87168;
-25.9259;-1.91079;25.6313;-0.521511;-2.87515;
-26.121;-1.95134;25.5635;-0.677379;-2.80747;
-26.2939;-1.72878;25.4976;-0.659365;-2.77722;
-26.4744;-1.80452;25.4195;-0.781208;-2.73303;
-26.6641;-1.89766;25.3322;-0.872535;-2.71062;
-26.8341;-1.69916;25.2605;-0.716645;-2.74247;
-27.0022;-1.68133;25.1767;-0.838732;-2.67886;
-27.1958;-1.93584;25.07;-1.06653;-2.63803;
-27.3659;-1.70106;24.9696;-1.00363;-2.60856;
-27.5208;-1.54915;24.865;-1.04663;-2.54742;
-27.706;-1.85188;24.7574;-1.07535;-2.6155;
-27.87;-1.6403;24.6631;-0.943609;-2.61956;
-28.0711;-2.01102;24.5521;-1.11029;-2.63713;
-28.2341;-1.63037;24.4674;-0.847051;-2.66243;
-28.4338;-1.99641;24.3641;-1.03284;-2.66416;
-28.6157;-1.81948;24.2607;-1.03375;-2.62492;
-28.8111;-1.95367;24.162;-0.98745;-2.67361;
-28.9947;-1.83555;24.0683;-0.93668;-2.66974;
-29.1726;-1.77989;23.981;-0.872676;-2.68574;
-29.3496;-1.76946;23.8924;-0.886036;-2.67736;
-29.5266;-1.77009;23.8068;-0.856281;-2.69103;
-29.7182;-1.91645;23.7245;-0.82246;-2.73621;
-29.8761;-1.57805;23.635;-0.895012;-2.62567;

29.9447;-1.79233;23.5307;-1.04333;-2.61443;
29.7686;-1.7611;23.4199;-1.10766;-2.58015;
29.6097;-1.58944;23.3242;-0.957023;-2.59962;
29.4499;-1.59788;23.2269;-0.972881;-2.59469;
29.2805;-1.69382;23.131;-0.959651;-2.62612;
29.1082;-1.72307;23.0321;-0.988903;-2.62057;
28.9351;-1.73087;22.9324;-0.996832;-2.61907;
28.7748;-1.60287;22.8452;-0.871775;-2.64346;
28.6015;-1.73357;22.7521;-0.930942;-2.64878;
28.4176;-1.83816;22.6667;-0.854328;-2.70652;
28.2342;-1.83394;22.5857;-0.81015;-2.72562;
28.0708;-1.63412;22.4963;-0.893542;-2.64121;
27.898;-1.72802;22.4051;-0.912625;-2.65569;
27.7207;-1.77374;22.3117;-0.93341;-2.65717;
27.5478;-1.72858;22.196;-1.15754;-2.55153;
27.392;-1.55835;22.0895;-1.06441;-2.54234;
27.2465;-1.45436;21.9602;-1.29292;-2.41489;
27.0999;-1.46646;21.8284;-1.31851;-2.40927;
26.9668;-1.33032;21.6882;-1.40161;-2.3301;
26.845;-1.21831;21.5413;-1.46967;-2.26295;
26.7158;-1.29266;21.3578;-1.8343;-2.18468;
26.5973;-1.18438;21.2061;-1.51737;-2.23356;
26.4799;-1.17401;21.0459;-1.60193;-2.20325;
26.3612;-1.18689;20.8825;-1.63358;-2.19913;
26.2381;-1.23143;20.7445;-1.38087;-2.29905;
26.1038;-1.34304;20.5998;-1.44663;-2.31908;
25.97;-1.33819;20.453;-1.46829;-2.30987;
25.841;-1.28918;20.3182;-1.34782;-2.33396;
25.6863;-1.54721;20.1805;-1.37693;-2.41436;
25.5343;-1.52033;20.0479;-1.32579;-2.42444;
25.3759;-1.58413;19.9025;-1.45435;-2.39888;
25.2529;-1.22942;19.7858;-1.16702;-2.38223;
25.1016;-1.51294;19.6533;-1.32483;-2.42239;
24.9449;-1.5674;19.5254;-1.27863;-2.45731;
24.8129;-1.3195;19.4047;-1.2075;-2.40049;
24.6612;-1.51737;19.2679;-1.36768;-2.40803;
24.5124;-1.48772;19.1338;-1.34143;-2.40786;
24.3719;-1.40507;19.0126;-1.21206;-2.42981;
24.2284;-1.4353;18.8822;-1.30409;-2.40406;
24.0927;-1.35664;18.7405;-1.41649;-2.33461;
23.9463;-1.46421;18.5865;-1.53976;-2.33105;
23.7884;-1.5794;18.4464;-1.40091;-2.41601;
23.6514;-1.37001;18.3284;-1.17997;-2.43058;
23.4999;-1.51451;18.1977;-1.3078;-2.4293;
23.3539;-1.46008;18.0685;-1.2917;-2.41731;
23.1832;-1.7076;17.9631;-1.05378;-2.58869;
23.0151;-1.68018;17.8695;-0.93599;-2.63333;
22.8613;-1.53857;17.7607;-1.0882;-2.526;
22.6978;-1.63437;17.6473;-1.13384;-2.53508;
22.5365;-1.61338;17.5302;-1.1709;-2.5138;
22.3524;-1.84091;17.4112;-1.19004;-2.56772;
22.1874;-1.65036;17.3039;-1.07284;-2.56517;
22.0226;-1.64793;17.2007;-1.03213;-2.58205;
21.8456;-1.76972;17.0929;-1.07829;-2.59436;
21.6661;-1.79528;16.9899;-1.02994;-2.62074;
21.4947;-1.71372;16.9012;-0.886997;-2.66398;
21.3094;-1.85344;16.8099;-0.913206;-2.68379;
21.119;-1.90317;16.7433;-0.665699;-2.80511;
20.9291;-1.89932;16.6836;-0.597016;-2.83704;
20.7392;-1.89909;16.6251;-0.584867;-2.84284;
20.5453;-1.9388;16.5634;-0.61763;-2.83319;
20.3608;-1.84565;16.5195;-0.438456;-2.90835;
20.1829;-1.7791;16.4781;-0.414138;-2.91289;
20.0023;-1.8054;16.433;-0.450795;-2.8969;
19.8235;-1.78829;16.4014;-0.316209;-2.96658;
19.6271;-1.96358;16.3746;-0.267863;-3.00601;
19.4119;-2.15255;16.3556;-0.190055;-3.05353;
19.1979;-2.13949;16.3413;-0.142883;-3.07491;
19;-1.97882;16.3425;0.0116476;3.13571;
18.7802;-2.19878;16.3424;-0.000959271;-3.14116;
18.581;-1.99139;16.3426;0.00165254;3.14076;
18.3814;-1.99577;16.3419;-0.00665916;-3.13826;
18.1587;-2.2279;16.3671;0.251954;3.02898;
17.9801;-1.78534;16.3836;0.164747;3.04958;
17.7866;-1.9348;16.3941;0.105474;3.08713;
17.5836;-2.03022;16.4111;0.169962;3.05807;
17.3864;-1.97272;16.4199;0.0882491;3.09689;
17.1902;-1.96134;16.4305;0.106092;3.08755;
16.9907;-1.99563;16.4405;0.0996892;3.09168;
16.7766;-2.14032;16.4674;0.268967;3.01658;
16.5842;-1.92418;16.4927;0.253365;3.01067;
16.3803;-2.03903;16.5154;0.226198;3.03111;
16.1783;-2.01963;16.5265;0.111832;3.08628;
15.9687;-2.09594;16.5497;0.23119;3.03173;
15.7612;-2.07544;16.5692;0.19493;3.04795;
15.5562;-2.04982;16.5787;0.0957044;3.09494;
15.3406;-2.15667;16.5958;0.170506;3.0627;
15.1504;-1.90101;16.5898;-0.0594415;-3.11033;
14.9824;-1.68061;16.5762;-0.136322;-3.06066;
14.7765;-2.05878;16.5393;-0.369216;-2.96414;
14.5881;-1.88409;16.5056;-0.337062;-2.96457;
14.3988;-1.89274;16.4706;-0.350124;-2.95868;
14.194;-2.04809;16.4395;-0.31085;-2.99097;
13.986;-2.08006;16.3989;-0.406216;-2.94873;
13.7705;-2.15509;16.3883;-0.105971;-3.09246;
13.5684;-2.02126;16.3888;0.00548786;3.13888;
13.3718;-1.96532;16.3869;-0.0191101;-3.13187;
13.1731;-1.9879;16.3744;-0.124789;-3.0789;
12.9635;-2.09573;16.354;-0.203663;-3.04472;
12.7528;-2.10727;16.3402;-0.138098;-3.07615;
12.5524;-2.00324;16.3323;-0.0790875;-3.10213;
12.3612;-1.91229;16.358;0.257082;3.00796;
12.1527;-2.0846;16.382;0.239727;3.0271;
11.9539;-1.98862;16.404;0.219904;3.03146;
11.7352;-2.1864;16.4422;0.382325;2.96848;
11.5392;-1.96006;16.4847;0.425073;2.92803;
11.3433;-1.95952;16.5332;0.484465;2.89922;
11.1541;-1.89207;16.5716;0.38389;2.94142;
10.9613;-1.92736;16.6251;0.535582;2.87055;
10.7905;-1.70811;16.69;0.648706;2.77864;
10.6023;-1.88202;16.7595;0.694638;2.78801;
10.4028;-1.99529;16.8322;0.727151;2.79212;
10.2133;-1.89519;16.8935;0.613086;2.82872;
10.013;-2.00307;16.9647;0.712173;2.79999;
9.81578;-1.9719;17.0305;0.657562;2.81972;
9.6261;-1.89683;17.0941;0.636356;2.81791;
9.43009;-1.96005;17.1643;0.701825;2.79775;
9.25666;-1.73432;17.23;0.65693;2.77951;
9.06133;-1.95329;17.2818;0.518403;2.88217;
8.84518;-2.16157;17.357;0.752127;2.80674;
8.63997;-2.0521;17.4165;0.594788;2.85948;
8.44104;-1.98923;17.47;0.534516;2.87909;
8.2448;-1.96239;17.5258;0.558134;2.86449;
8.0642;-1.80606;17.5926;0.668483;2.7871;
7.88811;-1.76091;17.6625;0.698331;2.76404;
7.71233;-1.75778;17.7405;0.780453;2.72374;
7.53008;-1.82247;17.8231;0.825556;2.71626;
7.3475;-1.82576;17.9151;0.920899;2.67444;
7.15944;-1.88064;18.042;1.26882;2.54807;
6.99188;-1.67559;18.1466;1.04556;2.58372;
6.84584;-1.46044;18.2306;0.839731;2.61977;
6.67211;-1.73726;18.3316;1.01074;2.61466;
6.50014;-1.71971;18.4308;0.991443;2.61862;
6.32929;-1.70847;18.5309;1.00109;2.61156;
6.15665;-1.72649;18.6352;1.04352;2.59793;
5.98498;-1.71661;18.7151;0.798279;2.70631;
5.79574;-1.89245;18.7991;0.839989;2.72385;
5.61637;-1.79366;18.8856;0.865398;2.69206;
5.42908;-1.87296;18.9962;1.10582;2.60825;
5.2573;-1.71774;19.0994;1.03244;2.6004;
5.08768;-1.69626;19.2224;1.22983;2.51427;
4.92393;-1.63744;19.3395;1.17084;2.52084;
4.76202;-1.61909;19.4597;1.20179;2.50306;
4.60467;-1.57354;19.5861;1.26433;2.46472;
4.45181;-1.52865;19.7139;1.2784;2.44511;
4.30987;-1.41932;19.8233;1.094;2.48492;
4.14906;-1.60812;19.9216;0.98294;2.59295;
3.97778;-1.71279;20.01;0.883214;2.6655;
3.8144;-1.63385;20.1091;0.991872;2.59599;
3.65348;-1.6092;20.2052;0.96034;2.60354;
3.49377;-1.59703;20.3053;1.0015;2.58148;
3.34364;-1.50138;20.4484;1.43027;2.38044;
3.19964;-1.43991;20.5865;1.38134;2.37695;
3.05608;-1.43565;20.7237;1.37251;2.37867;
2.91021;-1.45865;20.8615;1.37778;2.3847;
2.76825;-1.41966;20.9912;1.2964;2.40155;
2.61397;-1.54281;21.1273;1.36143;2.41857;
2.4637;-1.50267;21.2654;1.38111;2.39832;
2.30771;-1.55989;21.3811;1.15704;2.5034;
2.17147;-1.36245;21.5266;1.45501;2.32335;
2.02406;-1.47406;21.6646;1.37969;2.38925;
1.88488;-1.39184;21.8074;1.42833;2.34325;
1.73227;-1.52606;21.9568;1.49379;2.36688;
1.57734;-1.54928;22.0719;1.1506;2.5028;
1.4186;-1.5874;22.1855;1.1367;2.52016;
1.25712;-1.61485;22.3248;1.39243;2.43002;
1.10244;-1.54673;22.4536;1.28846;2.44704;
0.94094;-1.61505;22.5792;1.25587;2.48066;
0.782847;-1.58093;22.7037;1.2452;2.47444;
0.623757;-1.59089;22.827;1.23237;2.48251;
0.467782;-1.55975;22.9502;1.23237;2.47291;
0.312196;-1.55586;23.0741;1.23883;2.46915;
0.185882;-1.26315;23.2162;1.42127;2.29736;
0.0515506;-1.34331;23.3911;1.74874;2.22582;
-0.0650313;-1.16582;23.5577;1.66641;2.18125;
-0.169424;-1.04393;23.719;1.61262;2.1453;
-0.28009;-1.10666;23.9005;1.81551;2.11821;
-0.381532;-1.01442;24.1117;2.11208;2.01856;
-0.456932;-0.754003;24.307;1.95228;1.93936;
-0.529774;-0.728422;24.4944;1.87449;1.94144;
-0.596984;-0.672093;24.6848;1.90368;1.91019;
-0.661812;-0.648283;24.8846;1.99789;1.88456;
-0.731305;-0.694931;25.0718;1.87191;1.92627;
-0.804536;-0.732307;25.2618;1.90046;1.93859;
-0.859719;-0.551829;25.4634;2.01594;1.83798;
-0.91316;-0.534409;25.6577;1.94308;1.83919;
-0.964226;-0.510667;25.8532;1.95471;1.82633;
-0.997191;-0.329643;26.0554;2.02229;1.73238;
-1.01562;-0.184328;26.2594;2.04027;1.6609;
-1.04657;-0.309442;26.4596;2.00144;1.72419;
-1.0742;-0.276349;26.6648;2.05236;1.70464;
-1.11701;-0.428052;26.8549;1.90075;1.7923;
-1.15703;-0.400196;27.0472;1.92253;1.77603;
-1.19796;-0.409336;27.2407;1.93522;1.77924;
-1.23935;-0.413847;27.4364;1.95729;1.77917;
-1.2919;-0.525511;27.6361;1.99704;1.82811;
-1.35898;-0.670846;27.827;1.9086;1.90879;
-1.42666;-0.676752;28.0159;1.88949;1.91473;
-1.49392;-0.672605;28.2044;1.88469;1.91359;
-1.54647;-0.525483;28.3805;1.76134;1.86073;
-1.61265;-0.661866;28.6002;2.1964;1.86348;
-1.67696;-0.643032;28.7887;1.88519;1.89952;
-1.72806;-0.511073;28.9651;1.76465;1.8527;
-1.76564;-0.375747;29.1478;1.82678;1.77366;
-1.80337;-0.377356;29.3439;1.96034;1.76097;
-1.83703;-0.336601;29.5339;1.90005;1.74613;
-1.85483;-0.177924;29.7156;1.81767;1.66837;
-1.87358;-0.187576;29.9177;2.02076;1.66336;

-1.90732;-0.337371;-29.893;1.89251;1.74721;
-1.92891;-0.215937;-29.692;2.0102;1.67781;
-1.94561;-0.166965;-29.4977;1.94301;1.65652;
-1.96455;-0.189411;-29.2975;2.00227;1.66511;
-1.97809;-0.135392;-29.087;2.10533;1.63502;
-1.99248;-0.143941;-28.894;1.92991;1.64524;
-2.01379;-0.213081;-28.7036;1.90396;1.68225;
-2.03594;-0.22152;-28.511;1.92596;1.68531;
-2.05434;-0.183927;-28.2983;2.12715;1.65705;
-2.06892;-0.145866;-28.0947;2.03582;1.64232;
-2.08253;-0.136052;-27.8933;2.01352;1.63826;
-2.09607;-0.135455;-27.6938;1.99501;1.63859;
-2.10281;-0.0673854;-27.4866;2.07245;1.6033;
-2.11114;-0.0832487;-27.2941;1.9249;1.61402;
-2.12009;-0.0895318;-27.0945;1.99618;1.61562;
-2.15658;-0.364926;-26.8957;1.98735;1.7524;
-2.1767;-0.201194;-26.6924;2.03341;1.66942;
-2.19565;-0.189509;-26.4935;1.98915;1.66578;
-2.22455;-0.288989;-26.2918;2.01659;1.71313;
-2.2705;-0.459495;-26.0851;2.06715;1.78952;
-2.31305;-0.425489;-25.8906;1.94491;1.78617;
-2.35101;-0.379577;-25.7051;1.85524;1.77261;
-2.39202;-0.410088;-25.4944;2.10655;1.76306;
-2.4204;-0.283849;-25.305;1.89473;1.7195;
-2.43891;-0.18508;-25.1024;2.02543;1.66192;
-2.45923;-0.203197;-24.9262;1.76185;1.68562;
-2.48575;-0.265239;-24.7317;1.94588;1.70627;
-2.4969;-0.111438;-24.5296;2.02046;1.6259;
-2.52495;-0.280475;-24.332;1.9756;1.71182;
-2.55254;-0.275902;-24.1177;2.1438;1.69879;
-2.55492;-0.0238592;-23.9429;1.7473;1.58445;
-2.53447;0.204552;-23.7227;2.2026;1.47819;
-2.52173;0.127342;-23.5309;1.91787;1.5045;
-2.50392;0.178128;-23.3331;1.97745;1.48096;
-2.50232;0.0160401;-23.1588;1.74367;1.5616;
-2.5008;0.0151721;-22.958;2.00769;1.56324;
-2.49437;0.0642413;-22.7534;2.04624;1.53941;
-2.48615;0.0822886;-22.5485;2.04861;1.53065;
-2.47531;0.108377;-22.3504;1.98147;1.51616;
-2.47476;0.00542984;-22.1467;2.03647;1.56813;
-2.46443;0.103338;-21.9706;1.76127;1.51219;
-2.43934;0.250912;-21.7686;2.02039;1.44724;
-2.4202;0.191376;-21.566;2.0259;1.47661;
-2.39796;0.222385;-21.3468;2.19176;1.46968;
-2.38108;0.168802;-21.1502;1.96598;1.48514;
-2.36444;0.166425;-20.951;1.99206;1.48745;
-2.33778;0.266609;-20.7418;2.09163;1.44402;
-2.32816;0.0962449;-20.5562;1.85651;1.519;
-2.31785;0.103055;-20.3452;2.10988;1.52199;
-2.31504;0.0281235;-20.1401;2.05138;1.55709;
-2.30195;0.130881;-19.9256;2.1444;1.50984;
-2.28396;0.17985;-19.7171;2.08477;1.48474;
-2.27914;0.0482023;-19.524;1.9318;1.54585;
-2.26791;0.112377;-19.3318;1.922;1.51239;
-2.24738;0.205249;-19.1445;1.87224;1.46161;
-2.21932;0.280625;-18.9383;2.06185;1.43552;
-2.19279;0.265325;-18.7439;1.94416;1.43516;
-2.16686;0.259241;-18.5512;1.92686;1.43706;
-2.13965;0.27208;-18.3711;1.80123;1.42088;
-2.10321;0.364436;-18.1647;2.06431;1.39606;
-2.06935;0.338653;-17.9674;1.97275;1.40079;
-2.01904;0.503017;-17.761;2.06417;1.33177;
-1.98056;0.384818;-17.5383;2.22676;1.39967;
-1.94709;0.334763;-17.3411;1.97269;1.4027;
-1.92065;0.264319;-17.1452;1.9581;1.43662;
-1.89098;0.296723;-16.9469;1.98346;1.4223;
-1.86844;0.225434;-16.7572;1.89671;1.4525;
-1.83442;0.340154;-16.5377;2.1948;1.41704;
-1.80121;0.332152;-16.3379;1.9987;1.40612;
-1.78742;0.13792;-16.1242;2.13681;1.50634;
-1.78287;0.0454897;-15.9179;2.06248;1.54874;
-1.78147;0.0139855;-15.7312;1.86779;1.56331;
-1.78232;-0.00849649;-15.5292;2.0201;1.575;
-1.77691;0.0541306;-15.3266;2.02591;1.54408;
-1.77164;0.0526828;-15.1265;2.00028;1.54446;
-1.78813;-0.164912;-14.9167;2.09864;1.64922;
-1.8175;-0.293725;-14.7469;1.69812;1.74207;
-1.85306;-0.355599;-14.5534;1.93449;1.75259;
-1.88134;-0.282785;-14.3504;2.03001;1.70921;
-1.9301;-0.487638;-14.1452;2.05248;1.80406;
-1.9758;-0.456931;-13.9437;2.01482;1.79381;
-2.02912;-0.533198;-13.735;2.08707;1.82092;
-2.0652;-0.360827;-13.5545;1.80465;1.76814;
-2.0978;-0.32606;-13.3625;1.9199;1.73902;
-2.11671;-0.189089;-13.169;1.93475;1.66822;
-2.13012;-0.134106;-12.9401;2.28917;1.62931;
-2.1507;-0.205735;-12.7403;1.99796;1.67341;
-2.17724;-0.265428;-12.5428;1.97536;1.70437;
-2.20691;-0.296739;-12.3396;2.03161;1.71583;
-2.2426;-0.356863;-12.1439;1.95722;1.75115;
-2.27496;-0.323637;-11.9353;2.08589;1.72472;
-2.31392;-0.389547;-11.7431;1.92264;1.7707;
-2.35165;-0.377282;-11.5538;1.89235;1.76759;
-2.40246;-0.508172;-11.3537;2.00146;1.81944;
-2.43137;-0.289053;-11.1556;1.98091;1.71569;
-2.46605;-0.346814;-10.9689;1.86643;1.75452;
-2.52141;-0.553566;-10.7559;2.13017;1.82504;
-2.58498;-0.635718;-10.5864;1.69539;1.92954;
-2.65556;-0.705816;-10.3993;1.87121;1.93149;
-2.7311;-0.755418;-10.2076;1.91667;1.94623;
-2.81588;-0.847803;-10.0274;1.80211;2.01053;
-2.90813;-0.922509;-9.83389;1.93502;2.01567;
-2.99439;-0.862514;-9.65351;1.80378;2.01683;
-3.08355;-0.891602;-9.47105;1.82464;2.02532;
-3.1659;-0.823526;-9.28676;1.84291;1.99104;
-3.23805;-0.721511;-9.07779;2.0897;1.90325;
-3.3033;-0.652547;-8.88788;1.89909;1.90177;
-3.3909;-0.875938;-8.69753;1.90345;2.00209;
-3.47113;-0.802373;-8.51483;1.82705;1.9846;
-3.55337;-0.822391;-8.32724;1.8759;1.98396;
-3.63766;-0.842869;-8.16268;1.64557;2.04416;
-3.72989;-0.922326;-7.98528;1.77398;2.05025;
-3.8256;-0.957038;-7.81295;1.72331;2.07774;
-3.92041;-0.948083;-7.62772;1.85236;2.04386;
-4.00837;-0.87965;-7.45019;1.77524;2.03085;
-4.11135;-1.02978;-7.25407;1.96119;2.0543;
-4.20957;-0.982171;-7.07473;1.79344;2.07183;
-4.30456;-0.949956;-6.90176;1.7297;2.07303;
-4.37189;-0.673259;-6.70748;1.94282;1.90438;
-4.41423;-0.423385;-6.53128;1.76192;1.80662;
-4.45392;-0.396964;-6.3344;1.96885;1.76975;
-4.50651;-0.525907;-6.15606;1.78336;1.85756;
-4.56312;-0.566114;-5.96426;1.91801;1.8578;
-4.61525;-0.521248;-5.77059;1.93676;1.8337;
-4.67758;-0.623305;-5.57412;1.96462;1.87802;
-4.73899;-0.614134;-5.38957;1.84551;1.89204;
-4.80132;-0.623247;-5.19978;1.89787;1.88809;
-4.86421;-0.628918;-5.00963;1.90152;1.89021;
-4.93238;-0.681744;-4.83756;1.72069;1.94803;
-5.00727;-0.748828;-4.63801;1.99553;1.92979;
-5.06383;-0.565651;-4.4415;1.96507;1.85107;
-5.11959;-0.557598;-4.24977;1.91734;1.85381;
-5.17647;-0.568812;-4.0673;1.82466;1.87298;
-5.23355;-0.570778;-3.87246;1.94838;1.85577;
-5.28919;-0.55638;-3.67985;1.92615;1.852;
