#1 AntPos X	#2 AntVel X	#3 AntPos Y	#4 AntVel Y	#5 AntAngle	
-3.40641;-1.28794;-21.707;1.37268;2.32436;
-3.5228;-1.16387;-21.5711;1.3583;2.27926;
-3.66039;-1.37591;-21.4351;1.36027;2.36191;
-3.80318;-1.42789;-21.2933;1.41799;2.35967;
-3.93027;-1.27096;-21.1265;1.66783;2.22196;
-4.05179;-1.21523;-20.9693;1.57238;2.22877;
-4.1665;-1.14701;-20.8288;1.4051;2.25541;
-4.27952;-1.13025;-20.6888;1.39995;2.25;
-4.4048;-1.25282;-20.5294;1.59364;2.23703;
-4.54621;-1.41409;-20.3733;1.56173;2.30663;
-4.67662;-1.30407;-20.2151;1.58183;2.26024;
-4.80591;-1.29291;-20.0691;1.46001;2.29557;
-4.93841;-1.32498;-19.9181;1.50964;2.29114;
-5.06381;-1.25404;-19.7679;1.50188;2.26651;
-5.17113;-1.07321;-19.6305;1.37449;2.23372;
-5.29245;-1.21317;-19.4731;1.5739;2.22748;
-5.41309;-1.2064;-19.309;1.64123;2.20467;
-5.53835;-1.25256;-19.1464;1.62537;2.22737;
-5.69095;-1.52608;-19.0131;1.33332;2.42351;
-5.84107;-1.50119;-18.8818;1.3126;2.42312;
-5.97457;-1.33497;-18.7434;1.38453;2.33797;
-6.11183;-1.37257;-18.6027;1.40629;2.34406;
-6.22706;-1.15231;-18.4454;1.57327;2.20296;
-6.36308;-1.36021;-18.2917;1.53761;2.29505;
-6.49509;-1.32012;-18.1409;1.50805;2.28984;
-6.63812;-1.43028;-17.9995;1.41343;2.36212;
-6.78486;-1.46738;-17.8698;1.29716;2.41769;
-6.92827;-1.43414;-17.7374;1.32403;2.39609;
-7.08582;-1.57547;-17.6093;1.28109;2.45889;
-7.23162;-1.45805;-17.4803;1.2896;2.41743;
-7.38146;-1.49843;-17.3481;1.32205;2.41865;
-7.53273;-1.51267;-17.2151;1.32996;2.42038;
-7.68091;-1.4818;-17.084;1.31142;2.41712;
-7.84425;-1.63336;-16.9533;1.3071;2.4667;
-8.00348;-1.59232;-16.807;1.46241;2.39869;
-8.15364;-1.50164;-16.6686;1.38466;2.3967;
-8.30025;-1.46608;-16.5336;1.35002;2.39739;
-8.44735;-1.471;-16.3979;1.35652;2.39666;
-8.60317;-1.55816;-16.256;1.41917;2.40284;
-8.73854;-1.35372;-16.1141;1.41854;2.33282;
-8.85754;-1.19006;-15.9753;1.38833;2.27945;
-8.97384;-1.16292;-15.8202;1.55145;2.21402;
-9.11974;-1.45904;-15.6565;1.63641;2.29896;
-9.23176;-1.12018;-15.5128;1.43761;2.23272;
-9.34883;-1.17068;-15.3426;1.70113;2.17354;
-9.46504;-1.1621;-15.1708;1.7184;2.16542;
-9.58174;-1.16709;-15.0225;1.48286;2.23759;
-9.70441;-1.22666;-14.8686;1.53896;2.24375;
-9.8274;-1.22989;-14.7099;1.58685;2.23014;
-9.94315;-1.15747;-14.5566;1.53337;2.2174;
-10.0585;-1.15384;-14.3817;1.74893;2.15399;
-10.1526;-0.941008;-14.2296;1.52065;2.12494;
-10.2572;-1.04533;-14.0537;1.75985;2.10679;
-10.3461;-0.888855;-13.8801;1.73577;2.04406;
-10.433;-0.869194;-13.6838;1.96318;1.9876;
-10.5112;-0.782397;-13.5214;1.62385;2.01979;
-10.6075;-0.963012;-13.3366;1.8476;2.05128;
-10.7004;-0.928629;-13.1591;1.77542;2.05271;
-10.784;-0.836738;-13.0055;1.53586;2.06964;
-10.8806;-0.965129;-12.8302;1.75281;2.07411;
-10.9777;-0.971441;-12.6551;1.75157;2.07717;
-11.0702;-0.925195;-12.4751;1.79922;2.04576;
-11.1607;-0.904914;-12.2912;1.83926;2.02802;
-11.2497;-0.889613;-12.1136;1.77579;2.03522;
-11.3324;-0.826969;-11.9413;1.72278;2.01833;
-11.4195;-0.871042;-11.7615;1.79875;2.02176;
-11.5117;-0.922444;-11.5812;1.80251;2.0438;
-11.604;-0.923149;-11.4033;1.7793;2.04939;
-11.7026;-0.985986;-11.2253;1.78031;2.07657;
-11.8093;-1.06709;-11.0431;1.82164;2.1007;
-11.9236;-1.14304;-10.8337;2.09373;2.07051;
-12.0216;-0.97914;-10.6544;1.79275;2.07069;
-12.0954;-0.738142;-10.4936;1.6085;2.00103;
-12.1695;-0.740757;-10.3163;1.77299;1.96655;
-12.2495;-0.800549;-10.1534;1.62914;2.02753;
-12.345;-0.954709;-9.96737;1.86009;2.04499;
-12.4339;-0.889575;-9.79049;1.76883;2.03678;
-12.5252;-0.912888;-9.60448;1.86008;2.02704;
-12.6141;-0.888488;-9.42442;1.80063;2.02917;
-12.719;-1.0496;-9.25227;1.72146;2.11833;
-12.8337;-1.14632;-9.09158;1.60694;2.19043;
-12.9493;-1.15606;-8.92901;1.6257;2.18894;
-13.0669;-1.17678;-8.76343;1.65579;2.18867;
-13.1903;-1.23374;-8.60831;1.55121;2.24269;
-13.3246;-1.34239;-8.44791;1.60403;2.26763;
-13.4778;-1.53269;-8.31465;1.33252;2.42594;
-13.6445;-1.66628;-8.18772;1.26936;2.49059;
-13.805;-1.6058;-8.06819;1.1953;2.50171;
-13.9669;-1.6189;-7.94;1.28191;2.47185;
-14.1246;-1.57686;-7.81926;1.20736;2.48814;
-14.2825;-1.57918;-7.69703;1.22228;2.48291;
-14.4469;-1.64373;-7.56416;1.3287;2.46179;
-14.607;-1.60113;-7.44546;1.18701;2.50365;
-14.7692;-1.62142;-7.33078;1.14687;2.52597;
-14.9339;-1.64769;-7.20962;1.21156;2.50756;
-15.1113;-1.77335;-7.07464;1.34982;2.49098;
-15.2662;-1.5497;-6.97346;1.01175;2.5632;
-15.4326;-1.66347;-6.86264;1.10825;2.55389;
-15.6024;-1.69856;-6.75261;1.10028;2.56679;
-15.7965;-1.94033;-6.65143;1.01178;2.66093;
-15.9782;-1.81689;-6.56191;0.895193;2.6838;
-16.1386;-1.60427;-6.44983;1.12081;2.53178;
-16.2839;-1.45344;-6.34924;1.00596;2.53617;
-16.4575;-1.7357;-6.21512;1.34114;2.48373;
-16.6161;-1.58623;-6.09004;1.25085;2.47386;
-16.7751;-1.58995;-5.95067;1.3937;2.42187;
-16.927;-1.51844;-5.8268;1.23866;2.45732;
-17.0966;-1.69634;-5.67896;1.47844;2.42472;
-17.2373;-1.40671;-5.55528;1.23681;2.42038;
-17.3887;-1.51418;-5.427;1.28278;2.43874;
-17.5481;-1.59448;-5.29533;1.31666;2.45134;
-17.7329;-1.84778;-5.17397;1.21363;2.56045;
-17.878;-1.4504;-5.08017;0.93797;2.56754;
-18.0394;-1.6145;-4.95262;1.2755;2.47296;
-18.194;-1.5464;-4.82681;1.25815;2.45861;
-18.348;-1.53918;-4.70612;1.20684;2.47664;
-18.5053;-1.57325;-4.57583;1.30293;2.44991;
-18.6579;-1.5262;-4.44164;1.34192;2.42036;
-18.8063;-1.48395;-4.30073;1.40904;2.38209;
-18.9525;-1.46223;-4.16399;1.36743;2.38968;
-19.1032;-1.5064;-4.01981;1.44187;2.37808;
-19.2433;-1.40127;-3.88109;1.38716;2.36125;
-19.373;-1.29697;-3.75317;1.27922;2.36308;
-19.5197;-1.46746;-3.61777;1.35394;2.39641;
-19.6611;-1.41415;-3.47577;1.42008;2.3541;
-19.8042;-1.43062;-3.33208;1.43686;2.35402;
-19.9432;-1.38974;-3.18898;1.43098;2.34157;
-20.0945;-1.51327;-3.04318;1.45796;2.37481;
-20.2184;-1.23877;-2.9044;1.38781;2.29951;
-20.3567;-1.38282;-2.7519;1.52502;2.30733;
-20.4954;-1.38739;-2.57878;1.73117;2.2464;
-20.6122;-1.16814;-2.44356;1.35223;2.28328;
-20.7338;-1.21591;-2.30077;1.42793;2.27617;
-20.8628;-1.28992;-2.1463;1.54472;2.26655;
-20.9913;-1.28533;-2.01075;1.35549;2.32963;
-21.1171;-1.25756;-1.87404;1.36704;2.3145;
-21.2616;-1.44524;-1.74751;1.26536;2.42246;
-21.4051;-1.43433;-1.6177;1.2981;2.40601;
-21.5563;-1.51214;-1.47962;1.38081;2.40156;
-21.7234;-1.67126;-1.35227;1.27341;2.49049;
-21.8707;-1.47316;-1.22196;1.3031;2.41737;
-22.0146;-1.43916;-1.07657;1.45392;2.35109;
-22.1578;-1.43202;-0.942287;1.34286;2.38831;
-22.297;-1.39163;-0.818572;1.23714;2.4149;
-22.4516;-1.54635;-0.70335;1.15222;2.50122;
-22.6108;-1.59182;-0.588204;1.15147;2.51536;
-22.7754;-1.6455;-0.473761;1.14443;2.5339;
-22.9397;-1.64317;-0.359476;1.14285;2.53388;
-23.1075;-1.67806;-0.239983;1.19493;2.5228;
-23.2723;-1.64815;-0.127458;1.12525;2.54255;
-23.4327;-1.60432;-0.0413505;0.861076;2.649;
-23.609;-1.76283;0.0531281;0.944786;2.6496;
-23.7975;-1.8848;0.153223;1.00095;2.6534;
-23.9765;-1.79018;0.247407;0.941842;2.65727;
-24.1531;-1.76556;0.336529;0.891219;2.67413;
-24.3323;-1.79267;0.427529;0.910001;2.67186;
-24.511;-1.7864;0.518188;0.906585;2.67197;
-24.6862;-1.75236;0.621189;1.03001;2.6102;
-24.861;-1.74779;0.727009;1.0582;2.59717;
-25.0396;-1.78582;0.835568;1.08559;2.59539;
-25.2245;-1.84898;0.935262;0.996938;2.64709;
-25.3977;-1.73201;1.02088;0.856223;2.68247;
-25.5578;-1.60168;1.11416;0.932793;2.61423;
-25.7172;-1.59318;1.21887;1.04706;2.56016;
-25.8805;-1.63351;1.32749;1.08622;2.55477;
-26.0394;-1.58911;1.43702;1.09532;2.53811;
-26.2042;-1.64826;1.53417;0.971511;2.60899;
-26.3762;-1.71924;1.64583;1.11652;2.56562;
-26.5438;-1.67678;1.75503;1.09208;2.56431;
-26.7042;-1.60375;1.87068;1.15648;2.51684;
-26.8647;-1.60475;1.99151;1.20823;2.49623;
-27.0107;-1.46016;2.09285;1.01349;2.53484;
-27.1729;-1.62237;2.21302;1.20168;2.50408;
-27.3259;-1.52999;2.3385;1.25481;2.45469;
-27.4865;-1.60542;2.45485;1.16347;2.51447;
-27.6482;-1.61703;2.55556;1.00714;2.58455;
-27.8243;-1.76093;2.65175;0.96189;2.64164;
-28.0082;-1.83905;2.74423;0.924737;2.67568;
-28.1889;-1.80697;2.83041;0.861802;2.69657;
-28.3642;-1.75353;2.90922;0.788075;2.71922;
-28.5452;-1.81009;2.98672;0.77509;2.73701;
-28.7383;-1.93034;3.06846;0.817332;2.74107;
-28.93;-1.91713;3.15966;0.912011;2.69756;
-29.108;-1.78028;3.25079;0.91128;2.66849;
-29.2853;-1.77321;3.31332;0.625379;2.80253;
-29.485;-1.99659;3.37771;0.643812;2.82966;
-29.6714;-1.86397;3.44821;0.705066;2.77997;
-29.8576;-1.8617;3.51997;0.717553;2.77371;

29.9546;-1.87805;3.58941;0.694431;2.78742;
29.7684;-1.86178;3.66404;0.746274;2.76036;
29.608;-1.60478;3.74879;0.847491;2.65572;
29.4362;-1.71746;3.83511;0.863239;2.67585;
29.2581;-1.78107;3.90469;0.695781;2.76917;
29.0695;-1.88616;3.97818;0.734913;2.77005;
28.8644;-2.05075;4.02205;0.438665;2.93086;
28.6637;-2.00707;4.0561;0.340539;2.97352;
28.4529;-2.10825;4.0972;0.411035;2.94904;
28.2707;-1.82204;4.11997;0.227633;3.0173;
28.0716;-1.991;4.14436;0.243919;3.01969;
27.8571;-2.14535;4.16487;0.205084;3.04629;
27.6531;-2.03928;4.1854;0.205297;3.04126;
27.4361;-2.17017;4.20902;0.236209;3.03318;
27.2358;-2.003;4.22945;0.204334;3.03993;
27.0402;-1.95575;4.24562;0.1617;3.0591;
26.8278;-2.12473;4.27037;0.247495;3.02563;
26.6318;-1.95933;4.29146;0.210902;3.03437;
26.4256;-2.06179;4.30541;0.139504;3.07403;
26.2299;-1.957;4.30227;-0.031466;-3.12552;
26.0297;-2.00252;4.29819;-0.0407908;-3.12123;
25.8362;-1.93478;4.29024;-0.0794417;-3.10056;
25.6233;-2.12915;4.26309;-0.271557;-3.01474;
25.4035;-2.19801;4.23278;-0.303048;-3.00458;
25.1957;-2.07796;4.2046;-0.281862;-3.00677;
25.0052;-1.90485;4.18628;-0.183135;-3.04575;
24.8184;-1.8685;4.16427;-0.220075;-3.02435;
24.6156;-2.0276;4.1429;-0.213773;-3.03655;
24.416;-1.99629;4.11755;-0.253459;-3.0153;
24.2258;-1.90178;4.08419;-0.333623;-2.96793;
24.0295;-1.9634;4.04322;-0.409692;-2.93588;
23.8231;-2.06367;3.97742;-0.657985;-2.83294;
23.6225;-2.00616;3.91951;-0.579158;-2.86054;
23.4325;-1.89992;3.86213;-0.573766;-2.84831;
23.242;-1.9048;3.80553;-0.565977;-2.85277;
23.0506;-1.91409;3.75245;-0.530777;-2.87109;
22.8529;-1.9769;3.69673;-0.557205;-2.86686;
22.6644;-1.88481;3.6498;-0.469332;-2.89755;
22.4747;-1.89738;3.59311;-0.566912;-2.85125;
22.2866;-1.88071;3.50359;-0.895145;-2.69736;
22.1121;-1.74494;3.43549;-0.681063;-2.76947;
21.9211;-1.91022;3.36494;-0.705482;-2.78781;
21.7459;-1.75208;3.29918;-0.65755;-2.78256;
21.5635;-1.82358;3.21868;-0.805062;-2.72585;
21.3747;-1.88855;3.13104;-0.876425;-2.7071;
21.191;-1.83673;3.05571;-0.753258;-2.7524;
21.0051;-1.85914;2.98662;-0.690898;-2.78579;
20.8098;-1.9525;2.91062;-0.75996;-2.77041;
20.6286;-1.81258;2.82829;-0.823344;-2.71522;
20.45;-1.78594;2.74712;-0.811707;-2.715;
20.2704;-1.7955;2.65532;-0.918003;-2.66896;
20.1009;-1.69546;2.55105;-1.04266;-2.59024;
19.9104;-1.90487;2.45025;-1.00803;-2.65487;
19.725;-1.85414;2.36405;-0.861956;-2.70643;
19.549;-1.75969;2.27566;-0.883913;-2.6761;
19.3696;-1.7939;2.18779;-0.878753;-2.68609;
19.1834;-1.86271;2.092;-0.957841;-2.66663;
19.0069;-1.76434;1.99943;-0.925696;-2.65841;
18.8291;-1.77873;1.90711;-0.923197;-2.66284;
18.6607;-1.68404;1.81513;-0.919875;-2.64165;
18.5011;-1.59576;1.7191;-0.960277;-2.59987;
18.3153;-1.85769;1.62057;-0.985252;-2.65395;
18.1637;-1.51577;1.52358;-0.969966;-2.57234;
17.9945;-1.69259;1.41722;-1.06357;-2.58057;
17.823;-1.71497;1.30654;-1.10682;-2.56847;
17.6686;-1.5436;1.20976;-0.967755;-2.5816;
17.4906;-1.7802;1.1071;-1.02662;-2.61849;
17.3193;-1.71294;0.991309;-1.15791;-2.54717;
17.152;-1.67343;0.886422;-1.04887;-2.58171;
16.9968;-1.55143;0.788448;-0.979743;-2.57833;
16.832;-1.64809;0.676812;-1.11636;-2.54622;
16.678;-1.53959;0.589675;-0.87137;-2.62657;
16.5131;-1.64969;0.477549;-1.12126;-2.54464;
16.3606;-1.52508;0.363717;-1.13831;-2.5004;
16.207;-1.53566;0.242376;-1.21341;-2.47288;
16.0519;-1.55097;0.119474;-1.22902;-2.47149;
15.8864;-1.65532;-7.36188e-05;-1.19548;-2.51612;
15.7295;-1.56843;-0.137311;-1.37237;-2.42276;
15.5792;-1.50361;-0.276583;-1.39272;-2.39446;
15.4318;-1.47421;-0.410576;-1.33994;-2.40387;
15.2778;-1.5396;-0.546833;-1.36257;-2.41712;
15.1259;-1.5187;-0.683937;-1.37105;-2.40724;
14.9773;-1.48608;-0.815814;-1.31877;-2.41578;
14.817;-1.60327;-0.931905;-1.16091;-2.51488;
14.6624;-1.54566;-1.02906;-0.971531;-2.58044;
14.4961;-1.66346;-1.13559;-1.06532;-2.57198;
14.3235;-1.72578;-1.24645;-1.10857;-2.57061;
14.1632;-1.60272;-1.35649;-1.10043;-2.53991;
13.9962;-1.67012;-1.47037;-1.13879;-2.54315;
13.8236;-1.72643;-1.57652;-1.06155;-2.5903;
13.6558;-1.67793;-1.67927;-1.02742;-2.59217;
13.4826;-1.73215;-1.77834;-0.990771;-2.62202;
13.3106;-1.71986;-1.87708;-0.987375;-2.62043;
13.1299;-1.80654;-1.97919;-1.02112;-2.62713;
12.964;-1.65949;-2.08948;-1.10287;-2.55503;
12.7884;-1.75607;-2.21388;-1.24395;-2.52527;
12.6245;-1.63911;-2.33039;-1.16519;-2.52361;
12.4462;-1.78285;-2.46105;-1.30652;-2.50917;
12.2725;-1.73706;-2.56189;-1.00847;-2.61559;
12.0924;-1.80029;-2.6721;-1.10212;-2.59226;
11.9152;-1.77233;-2.7763;-1.04192;-2.61013;
11.7339;-1.81308;-2.88601;-1.09719;-2.59739;
11.5668;-1.67056;-2.9886;-1.02589;-2.59087;
11.3842;-1.82661;-3.09956;-1.10952;-2.59573;
11.1901;-1.94101;-3.21283;-1.13275;-2.61333;
11.0086;-1.8147;-3.32111;-1.08275;-2.60364;
10.8355;-1.73065;-3.40367;-0.825678;-2.69644;
10.6376;-1.97923;-3.48327;-0.79592;-2.75925;
10.4425;-1.95149;-3.54015;-0.568822;-2.85797;
10.2585;-1.83946;-3.59741;-0.572586;-2.83982;
10.0772;-1.81324;-3.65955;-0.62144;-2.81142;
9.88407;-1.93124;-3.73159;-0.720392;-2.78456;
9.6947;-1.8937;-3.80649;-0.749038;-2.76494;
9.50353;-1.91175;-3.88798;-0.814879;-2.73867;
9.31144;-1.92094;-3.96784;-0.798541;-2.74762;
9.11819;-1.93243;-4.0522;-0.843613;-2.72998;
8.93759;-1.80608;-4.13561;-0.834148;-2.70892;
8.76003;-1.77556;-4.21616;-0.805456;-2.71572;
8.5536;-2.06425;-4.3015;-0.853407;-2.74957;
8.37152;-1.82087;-4.38448;-0.829822;-2.71399;
8.18527;-1.86243;-4.45662;-0.721395;-2.77205;
7.99699;-1.88284;-4.53865;-0.820288;-2.73072;
7.80644;-1.90554;-4.6211;-0.82456;-2.7332;
7.60352;-2.02911;-4.68893;-0.678208;-2.81903;
7.39607;-2.07451;-4.75625;-0.673296;-2.82776;
7.20362;-1.92457;-4.81031;-0.540505;-2.8678;
7.00915;-1.94471;-4.85392;-0.436111;-2.92099;
6.83988;-1.6927;-4.90183;-0.479183;-2.86572;
6.64925;-1.90622;-4.95463;-0.52794;-2.87141;
6.45697;-1.92283;-5.0136;-0.589666;-2.84403;
6.26577;-1.91198;-5.07219;-0.585925;-2.84423;
6.07499;-1.90782;-5.13067;-0.584841;-2.84414;
5.89343;-1.81561;-5.17928;-0.486092;-2.88;
5.70049;-1.92936;-5.21517;-0.358918;-2.95767;
5.51359;-1.869;-5.27111;-0.559332;-2.85081;
5.32905;-1.84542;-5.33833;-0.672193;-2.79228;
5.13152;-1.97527;-5.40868;-0.703584;-2.79941;
4.94195;-1.89578;-5.48351;-0.748235;-2.76568;
4.75581;-1.86132;-5.54773;-0.642236;-2.80934;
4.57972;-1.76094;-5.61699;-0.692629;-2.76685;
4.39488;-1.84842;-5.687;-0.700072;-2.77955;
4.20648;-1.88398;-5.76096;-0.739568;-2.76752;
4.01864;-1.87841;-5.83129;-0.703299;-2.78334;
3.83936;-1.79278;-5.89496;-0.636772;-2.8003;
3.65117;-1.88194;-5.96251;-0.675463;-2.79699;
3.46519;-1.85976;-6.01879;-0.562758;-2.84775;
3.27276;-1.92432;-6.07683;-0.580433;-2.84864;
3.08299;-1.89769;-6.13422;-0.57394;-2.8479;
2.89278;-1.9021;-6.19263;-0.584105;-2.84365;
2.69716;-1.95615;-6.25137;-0.587325;-2.84991;
2.51721;-1.79955;-6.29673;-0.453648;-2.89465;
2.32303;-1.94184;-6.34389;-0.471627;-2.90333;
2.13119;-1.9184;-6.37618;-0.322832;-2.97487;
1.92993;-2.01258;-6.40789;-0.317153;-2.98529;
1.73196;-1.97965;-6.44172;-0.338221;-2.97238;
1.54117;-1.90795;-6.46772;-0.26003;-3.00614;
1.35581;-1.85354;-6.49619;-0.284673;-2.9892;
1.15404;-2.01773;-6.54515;-0.489674;-2.90351;
0.933988;-2.20054;-6.59931;-0.541589;-2.90027;
0.742234;-1.91754;-6.64241;-0.43093;-2.92053;
0.533743;-2.08491;-6.65551;-0.131089;-3.0788;
0.330927;-2.02816;-6.65621;-0.0069501;-3.13817;
0.119486;-2.11441;-6.6386;0.176072;3.05851;
-0.0855143;-2.05;-6.65333;-0.147268;-3.06988;
-0.291589;-2.06074;-6.66895;-0.156179;-3.06595;
-0.466849;-1.7526;-6.66826;0.00682352;3.1377;
-0.667854;-2.01005;-6.65671;0.115566;3.08416;
-0.896633;-2.28779;-6.66002;-0.0331431;-3.12711;
-1.09555;-1.98919;-6.66426;-0.0423814;-3.12029;
-1.28696;-1.91411;-6.68541;-0.21146;-3.03156;
-1.49275;-2.05786;-6.70988;-0.244764;-3.02321;
-1.69257;-1.99824;-6.72453;-0.146452;-3.06843;
-1.89225;-1.99676;-6.73925;-0.14719;-3.06801;
-2.10548;-2.13229;-6.76524;-0.25993;-3.02029;
-2.30873;-2.03256;-6.77706;-0.118178;-3.08352;
-2.49604;-1.87302;-6.78184;-0.0478264;-3.11606;
-2.69541;-1.99376;-6.78307;-0.0123238;-3.13541;
-2.89718;-2.01769;-6.77671;0.0636508;3.11006;
-3.106;-2.08818;-6.76673;0.0997497;3.09386;
-3.31949;-2.13492;-6.7768;-0.100672;-3.09447;
-3.5184;-1.98909;-6.78669;-0.0989365;-3.09189;
-3.73164;-2.13238;-6.81527;-0.285813;-3.00835;
-3.918;-1.86365;-6.84716;-0.318871;-2.97213;
-4.11386;-1.9586;-6.88612;-0.389578;-2.94525;
-4.31056;-1.96694;-6.92477;-0.386496;-2.94757;
-4.51344;-2.02885;-6.9616;-0.368343;-2.962;
-4.73189;-2.18449;-6.98451;-0.229112;-3.03709;
-4.93102;-1.99135;-7.0071;-0.225816;-3.02868;
-5.13756;-2.0654;-7.0246;-0.175045;-3.05704;
-5.33967;-2.02109;-7.04217;-0.175688;-3.05488;
-5.53523;-1.95552;-7.04808;-0.0590572;-3.1114;
-5.73469;-1.99468;-7.05168;-0.0360461;-3.12352;
-5.93781;-2.03117;-7.04727;0.0441435;3.11986;
-6.13826;-2.00452;-7.04104;0.0622888;3.11053;
-6.32766;-1.89402;-7.04016;0.00877656;3.13696;
-6.52782;-2.00154;-7.0396;0.00560696;3.13879;
-6.74123;-2.13411;-7.01757;0.220255;3.03875;
-6.93074;-1.89514;-7.01302;0.0455125;3.11758;
-7.13726;-2.0652;-7.02036;-0.0733384;-3.1061;
-7.31794;-1.8068;-7.02733;-0.0697017;-3.10303;
-7.53159;-2.13644;-7.03249;-0.0516598;-3.11742;
-7.73095;-1.99366;-7.03502;-0.0252908;-3.12891;
-7.91059;-1.79635;-7.01909;0.159293;3.05315;
-8.10816;-1.9757;-7.0033;0.157934;3.06182;
-8.31016;-2.02006;-6.97217;0.311293;2.98869;
-8.50468;-1.94513;-6.94126;0.309119;2.98399;
-8.70571;-2.01038;-6.92369;0.175693;3.05442;
-8.9018;-1.96086;-6.91312;0.105714;3.08773;
-9.08801;-1.86212;-6.91;0.0311545;3.12486;
-9.30385;-2.15841;-6.91768;-0.0767588;-3.10604;
-9.50803;-2.0418;-6.93048;-0.128029;-3.07897;
-9.68973;-1.81701;-6.95672;-0.262413;-2.99816;
-9.89613;-2.064;-6.96778;-0.110625;-3.08805;
-10.0955;-1.99376;-6.97209;-0.0430212;-3.12002;
-10.285;-1.89499;-6.977;-0.0491168;-3.11568;
-10.4843;-1.99291;-6.97258;0.0441964;3.11942;
-10.6828;-1.98463;-6.97038;0.0220001;3.13051;
-10.8759;-1.93187;-6.97463;-0.0424791;-3.11961;
-11.1033;-2.27365;-7.00552;-0.308951;-3.00654;
-11.3022;-1.98865;-7.03497;-0.294496;-2.99457;
-11.499;-1.96796;-7.07526;-0.402903;-2.93965;
-11.7094;-2.10388;-7.0981;-0.22843;-3.03344;
-11.905;-1.95662;-7.11893;-0.208235;-3.03557;
-12.1005;-1.9552;-7.13684;-0.179107;-3.05024;
-12.3117;-2.11122;-7.15948;-0.226467;-3.03473;
-12.5068;-1.95104;-7.17777;-0.182883;-3.04813;
-12.7058;-1.99013;-7.19839;-0.206196;-3.03835;
-12.9226;-2.1685;-7.20687;-0.0847968;-3.10251;
-13.1251;-2.02442;-7.21747;-0.105949;-3.0893;
-13.329;-2.03928;-7.22683;-0.0936144;-3.09572;
-13.5305;-2.01512;-7.23541;-0.0857976;-3.09904;
-13.7213;-1.90754;-7.25835;-0.229468;-3.02187;
-13.9163;-1.94999;-7.27991;-0.215509;-3.03152;
-14.1253;-2.09074;-7.30831;-0.284054;-3.00656;
-14.3233;-1.97992;-7.33595;-0.276365;-3.0029;
-14.5232;-1.99844;-7.35896;-0.230161;-3.02693;
-14.7094;-1.86186;-7.4004;-0.414332;-2.92262;
-14.8774;-1.68054;-7.44676;-0.463673;-2.87238;
-15.0806;-2.03195;-7.49729;-0.505242;-2.89789;
-15.2745;-1.93844;-7.54542;-0.481345;-2.8982;
-15.4636;-1.89142;-7.58784;-0.424128;-2.921;
-15.6549;-1.91279;-7.64523;-0.573987;-2.85006;
-15.8588;-2.03925;-7.73373;-0.884968;-2.73215;
-16.0377;-1.78927;-7.8104;-0.766641;-2.73679;
-16.228;-1.90241;-7.9102;-0.998006;-2.65846;
-16.4047;-1.76699;-8.00157;-0.913698;-2.66437;
-16.5705;-1.65817;-8.08846;-0.868895;-2.65892;
-16.7435;-1.73041;-8.1624;-0.739429;-2.73776;
-16.9284;-1.8485;-8.2538;-0.91403;-2.68238;
-17.0993;-1.70959;-8.36159;-1.07787;-2.57906;
-17.2702;-1.70851;-8.48034;-1.18749;-2.5342;
-17.4538;-1.8366;-8.59923;-1.18891;-2.56709;
-17.6127;-1.58849;-8.7085;-1.09275;-2.53902;
-17.7943;-1.81554;-8.81771;-1.09213;-2.60004;
-17.9703;-1.7606;-8.92348;-1.05768;-2.60062;
-18.1447;-1.74431;-9.00829;-0.848049;-2.68906;
-18.3381;-1.9337;-9.08788;-0.795922;-2.75112;
-18.523;-1.84933;-9.16405;-0.76166;-2.75091;
-18.7026;-1.79559;-9.2315;-0.674586;-2.78222;
-18.9111;-2.08535;-9.31127;-0.797645;-2.77626;
-19.1072;-1.96082;-9.37325;-0.619763;-2.83546;
-19.3078;-2.006;-9.43091;-0.576635;-2.86168;
-19.5196;-2.11761;-9.49278;-0.618676;-2.85735;
-19.7102;-1.90639;-9.55228;-0.595057;-2.83904;
-19.9107;-2.00499;-9.62031;-0.680273;-2.81449;
-20.0999;-1.89194;-9.67506;-0.547519;-2.85989;
-20.3052;-2.05283;-9.73355;-0.58489;-2.86403;
-20.499;-1.93793;-9.78964;-0.560857;-2.85988;
-20.7034;-2.04437;-9.85798;-0.6834;-2.81899;
-20.897;-1.9358;-9.90695;-0.48977;-2.89379;
-21.1;-2.03016;-9.99709;-0.901414;-2.72373;
-21.2678;-1.67811;-10.0871;-0.899893;-2.64936;
-21.443;-1.75209;-10.1655;-0.784313;-2.7207;
-21.6261;-1.83096;-10.2641;-0.985672;-2.64775;
-21.8037;-1.77542;-10.3685;-1.04433;-2.60989;
-21.9543;-1.50582;-10.4672;-0.98671;-2.56153;
-22.1317;-1.7741;-10.5795;-1.12334;-2.57713;
-22.3082;-1.76493;-10.6735;-0.939996;-2.65221;
-22.4928;-1.84634;-10.7572;-0.836342;-2.71627;
-22.6615;-1.68724;-10.8499;-0.927313;-2.63905;
-22.8392;-1.77721;-10.9538;-1.0392;-2.61247;
-23.0129;-1.73611;-11.0547;-1.00877;-2.61522;
-23.1929;-1.80054;-11.1411;-0.864179;-2.69411;
-23.3756;-1.82692;-11.2313;-0.901579;-2.68316;
-23.5389;-1.6331;-11.3265;-0.951995;-2.61381;
-23.7291;-1.9022;-11.4297;-1.03255;-2.64428;
-23.919;-1.89841;-11.5238;-0.940884;-2.68146;
-24.0989;-1.79925;-11.6042;-0.803914;-2.7214;
-24.2813;-1.82439;-11.6812;-0.770175;-2.74214;
-24.4664;-1.8504;-11.7409;-0.597198;-2.82941;
-24.6554;-1.89051;-11.8029;-0.619497;-2.82493;
-24.8689;-2.13463;-11.9006;-0.976914;-2.7124;
-25.0509;-1.82047;-11.9841;-0.835264;-2.71143;
-25.246;-1.95099;-12.0799;-0.957928;-2.68517;
-25.4303;-1.84258;-12.1692;-0.893264;-2.69019;
-25.6023;-1.72007;-12.2423;-0.730486;-2.73999;
-25.7733;-1.71;-12.3141;-0.718287;-2.74392;
-25.9538;-1.80478;-12.3872;-0.731226;-2.75665;
-26.1339;-1.80076;-12.4672;-0.800198;-2.72343;
-26.3188;-1.84924;-12.548;-0.807913;-2.72969;
-26.5049;-1.86125;-12.6281;-0.801007;-2.73519;
-26.6881;-1.83215;-12.6947;-0.665826;-2.79302;
-26.8814;-1.93292;-12.7622;-0.674749;-2.80574;
-27.0711;-1.89672;-12.8249;-0.627551;-2.82207;
-27.2687;-1.97662;-12.9019;-0.76966;-2.77027;
-27.4517;-1.82999;-12.9603;-0.584382;-2.83249;
-27.6452;-1.93457;-13.0246;-0.643012;-2.8207;
-27.8505;-2.05261;-13.1062;-0.815947;-2.76323;
-28.0405;-1.90038;-13.1807;-0.74427;-2.76831;
-28.226;-1.8545;-13.2525;-0.718749;-2.77185;
-28.417;-1.91019;-13.3426;-0.900609;-2.70102;
-28.5988;-1.81873;-13.4226;-0.800366;-2.72703;
-28.7846;-1.85753;-13.4997;-0.770818;-2.74825;
-28.9654;-1.80805;-13.5751;-0.753669;-2.74665;
-29.1552;-1.89773;-13.6463;-0.712063;-2.78263;
-29.3361;-1.80881;-13.7124;-0.660698;-2.79138;
-29.5412;-2.0513;-13.8114;-0.990304;-2.69182;
-29.7208;-1.79661;-13.898;-0.86619;-2.69235;
-29.8865;-1.65627;-13.9879;-0.898698;-2.64445;

29.9346;-1.78922;-14.0834;-0.955457;-2.65111;
29.7534;-1.81217;-14.1727;-0.893195;-2.68365;
29.586;-1.67347;-14.2461;-0.733053;-2.72873;
29.4;-1.86027;-14.3093;-0.632521;-2.81384;
29.2113;-1.88714;-14.3822;-0.728566;-2.77315;
29.0327;-1.78634;-14.4677;-0.855457;-2.69498;
28.8576;-1.75082;-14.5462;-0.784931;-2.72013;
28.681;-1.76586;-14.6274;-0.812462;-2.71038;
28.5018;-1.79197;-14.7115;-0.84062;-2.70297;
28.3202;-1.81578;-14.7967;-0.852195;-2.70278;
28.1382;-1.82027;-14.8799;-0.831648;-2.71303;
27.9531;-1.85127;-14.9718;-0.91926;-2.6807;
27.7753;-1.77722;-15.0607;-0.888716;-2.6779;
27.6068;-1.68525;-15.1493;-0.886108;-2.65752;
27.4474;-1.59459;-15.2523;-1.03024;-2.56798;
27.2908;-1.56553;-15.3467;-0.943676;-2.59913;
27.1192;-1.7165;-15.4489;-1.02176;-2.60467;
26.9471;-1.72068;-15.5614;-1.12502;-2.56253;
26.7904;-1.567;-15.6816;-1.20179;-2.48734;
26.6204;-1.69983;-15.7953;-1.13758;-2.55182;
26.4726;-1.47851;-15.9037;-1.08431;-2.50881;
26.3175;-1.551;-15.9979;-0.941257;-2.59614;
26.1581;-1.59333;-16.121;-1.23166;-2.48353;
25.9878;-1.70366;-16.2363;-1.15273;-2.54673;
25.8347;-1.53074;-16.3651;-1.28786;-2.44215;
25.6814;-1.53319;-16.4977;-1.32655;-2.42833;
25.5342;-1.47168;-16.6391;-1.41386;-2.37623;
25.3933;-1.4093;-16.7711;-1.31931;-2.38916;
25.2473;-1.46006;-16.9062;-1.35139;-2.39483;
25.0819;-1.6534;-17.0455;-1.39258;-2.44161;
24.9278;-1.54171;-17.1595;-1.1405;-2.50468;
24.7369;-1.9084;-17.2828;-1.23319;-2.5679;
24.5949;-1.42051;-17.3753;-0.92425;-2.56476;
24.4265;-1.68407;-17.4837;-1.08433;-2.56953;
24.2522;-1.74255;-17.617;-1.33351;-2.48839;
24.0968;-1.55369;-17.7275;-1.10462;-2.52354;
23.9565;-1.40365;-17.832;-1.04474;-2.50175;
23.7911;-1.65412;-17.9305;-0.985545;-2.60426;
23.6243;-1.66747;-18.0282;-0.97711;-2.61154;
23.4515;-1.72787;-18.1263;-0.980721;-2.62535;
23.2855;-1.66033;-18.2213;-0.949537;-2.62209;
23.1162;-1.6931;-18.3204;-0.991534;-2.6118;
22.9432;-1.72973;-18.4209;-1.00467;-2.61539;
22.7493;-1.93915;-18.5234;-1.02549;-2.65514;
22.5538;-1.95527;-18.6162;-0.928095;-2.69842;
22.3718;-1.81951;-18.6977;-0.814559;-2.72067;
22.1894;-1.82407;-18.7797;-0.820333;-2.71897;
22.0059;-1.83523;-18.8385;-0.587527;-2.83176;
21.8143;-1.91532;-18.9152;-0.767206;-2.7606;
21.6324;-1.81967;-18.9891;-0.738617;-2.756;
21.4586;-1.73828;-19.059;-0.69943;-2.75905;
21.2559;-2.02666;-19.1377;-0.786774;-2.77129;
21.0731;-1.82736;-19.2111;-0.734425;-2.75945;
20.8954;-1.77729;-19.2768;-0.657045;-2.78749;
20.7003;-1.95124;-19.3393;-0.624317;-2.83193;
20.4916;-2.08672;-19.3976;-0.583115;-2.8691;
20.2875;-2.0411;-19.4534;-0.558203;-2.87464;
20.103;-1.8449;-19.5084;-0.549763;-2.85198;
19.9024;-2.00579;-19.5661;-0.577347;-2.86133;
19.7177;-1.84787;-19.5941;-0.280158;-2.99113;
19.5241;-1.93608;-19.6318;-0.377192;-2.94918;
19.3279;-1.96183;-19.6698;-0.379513;-2.9505;
19.1186;-2.09253;-19.6973;-0.27508;-3.01088;
18.9218;-1.96777;-19.7201;-0.228359;-3.02606;
18.7245;-1.97346;-19.7532;-0.330652;-2.97559;
18.5271;-1.97371;-19.7979;-0.447312;-2.91872;
18.3298;-1.97348;-19.8315;-0.335985;-2.97296;
18.1507;-1.79102;-19.8588;-0.272485;-2.99061;
17.9553;-1.95378;-19.8918;-0.33019;-2.97417;
17.7705;-1.84821;-19.9344;-0.42638;-2.91486;
17.5787;-1.91822;-19.9995;-0.650519;-2.81464;
17.3927;-1.85926;-20.0679;-0.684242;-2.78896;
17.1953;-1.97422;-20.137;-0.69117;-2.80483;
17.0074;-1.87864;-20.232;-0.949608;-2.67357;
16.8337;-1.7372;-20.3011;-0.690892;-2.76307;
16.6464;-1.87293;-20.4064;-1.053;-2.62942;
16.4898;-1.56599;-20.5105;-1.04123;-2.55481;
16.3241;-1.65772;-20.6205;-1.09957;-2.55592;
16.1523;-1.71748;-20.738;-1.17582;-2.54126;
15.9877;-1.64578;-20.841;-1.02947;-2.58262;
15.8192;-1.68534;-20.95;-1.09002;-2.56749;
15.6709;-1.48329;-21.0493;-0.99355;-2.5514;
15.507;-1.63844;-21.1591;-1.09715;-2.55154;
15.3373;-1.69708;-21.2648;-1.05702;-2.58454;
15.1871;-1.50217;-21.3688;-1.04008;-2.536;
15.006;-1.81108;-21.4891;-1.20282;-2.55534;
14.8482;-1.57798;-21.6448;-1.55766;-2.36267;
14.7102;-1.37959;-21.7812;-1.36358;-2.36203;
14.5629;-1.47346;-21.9139;-1.32741;-2.40829;
14.4187;-1.44171;-22.0401;-1.26133;-2.42283;
14.2665;-1.5217;-22.1682;-1.28165;-2.44161;
14.1155;-1.51095;-22.2919;-1.23706;-2.45554;
13.9756;-1.39808;-22.4318;-1.39911;-2.35583;
13.8273;-1.48345;-22.573;-1.41139;-2.38108;
13.6795;-1.47766;-22.7016;-1.28634;-2.4253;
13.5297;-1.49856;-22.8283;-1.26688;-2.43978;
13.3642;-1.6548;-22.9525;-1.24219;-2.49767;
13.199;-1.65181;-23.0707;-1.18142;-2.52072;
13.027;-1.72002;-23.1785;-1.07835;-2.5816;
12.8558;-1.71207;-23.2903;-1.11841;-2.56294;
12.6852;-1.70653;-23.4014;-1.11052;-2.56469;
12.5338;-1.51343;-23.5109;-1.09493;-2.51528;
12.3771;-1.5672;-23.5985;-0.876323;-2.63174;
12.221;-1.56099;-23.6916;-0.930913;-2.60385;
12.0382;-1.82745;-23.7818;-0.902329;-2.68295;
11.8293;-2.08912;-23.8912;-1.09317;-2.6595;
11.6485;-1.80783;-23.9852;-0.940486;-2.66189;
11.4666;-1.81925;-24.0688;-0.835997;-2.71084;
11.2864;-1.80188;-24.1611;-0.922767;-2.6683;
11.1019;-1.8454;-24.2536;-0.925539;-2.67671;
10.9379;-1.64026;-24.3513;-0.976474;-2.60463;
10.7478;-1.90058;-24.4597;-1.08373;-2.62337;
10.5712;-1.76573;-24.5551;-0.954032;-2.64622;
10.3954;-1.75844;-24.6493;-0.942402;-2.64961;
10.2181;-1.77264;-24.7445;-0.952515;-2.64852;
10.0358;-1.82326;-24.8405;-0.959345;-2.65723;
9.86018;-1.75628;-24.9334;-0.92937;-2.65488;
9.67893;-1.81251;-25.0333;-0.998791;-2.63794;
9.49784;-1.81083;-25.1275;-0.941797;-2.662;
9.31972;-1.7812;-25.2098;-0.822858;-2.70883;
9.13865;-1.8107;-25.2938;-0.840751;-2.70689;
8.97124;-1.67417;-25.3816;-0.877545;-2.6588;
8.7867;-1.84534;-25.484;-1.02369;-2.63512;
8.59655;-1.90155;-25.5767;-0.927708;-2.6877;
8.39641;-2.00134;-25.6611;-0.843267;-2.74282;
8.21123;-1.85179;-25.7362;-0.751087;-2.75627;
8.02685;-1.84386;-25.831;-0.948166;-2.66663;
7.85203;-1.74817;-25.9349;-1.03906;-2.60532;
7.67688;-1.75156;-26.04;-1.05141;-2.60097;
7.52576;-1.51112;-26.1245;-0.845001;-2.63172;
7.34644;-1.79327;-26.2166;-0.920195;-2.66749;
7.15987;-1.86569;-26.3183;-1.01768;-2.64223;
6.98426;-1.75611;-26.4141;-0.957348;-2.64248;
6.80677;-1.77483;-26.5272;-1.13165;-2.57398;
6.63494;-1.71829;-26.6353;-1.08101;-2.58004;
6.46809;-1.66857;-26.7431;-1.07743;-2.56823;
6.29915;-1.68941;-26.8538;-1.10757;-2.56129;
6.12335;-1.75796;-26.9695;-1.15668;-2.55964;
5.94817;-1.7518;-27.0809;-1.11395;-2.5752;
5.78114;-1.67027;-27.1924;-1.11489;-2.55302;
5.62061;-1.60537;-27.2934;-1.01049;-2.57981;
5.4488;-1.71805;-27.3998;-1.06336;-2.58737;
5.27958;-1.69225;-27.5104;-1.10601;-2.56271;
5.14796;-1.31619;-27.6119;-1.01525;-2.48456;
4.97758;-1.70377;-27.7428;-1.30909;-2.48645;
4.82849;-1.4909;-27.8654;-1.22573;-2.4535;
4.67528;-1.5321;-27.9945;-1.2911;-2.44135;
4.52361;-1.51666;-28.1234;-1.28935;-2.43702;
4.36337;-1.60248;-28.253;-1.29614;-2.46149;
4.21061;-1.52755;-28.3758;-1.22777;-2.46457;
4.04967;-1.60938;-28.4926;-1.16793;-2.51383;
3.90183;-1.47842;-28.6111;-1.18512;-2.46587;
3.73662;-1.65208;-28.7424;-1.31304;-2.47004;
3.55797;-1.7865;-28.8802;-1.37829;-2.48447;
3.39983;-1.58147;-29.0027;-1.22499;-2.48254;
3.23954;-1.60289;-29.1146;-1.11825;-2.53245;
3.06599;-1.73542;-29.2355;-1.20886;-2.53316;
2.90185;-1.6414;-29.3603;-1.24885;-2.49119;
2.73874;-1.63119;-29.5001;-1.39757;-2.43317;
2.59176;-1.46975;-29.6268;-1.26703;-2.43013;
2.45885;-1.32908;-29.7418;-1.15002;-2.4283;
2.31652;-1.42339;-29.8528;-1.1096;-2.47945;
2.15329;-1.63227;-29.9658;-1.13084;-2.53571;

1.98936;-1.63925;29.9179;-1.16247;-2.52475;
1.80838;-1.80984;29.798;-1.19908;-2.55646;
1.66187;-1.46514;29.7159;-0.820893;-2.63089;
1.50272;-1.59143;29.5963;-1.19633;-2.49698;
1.34256;-1.60161;29.4669;-1.2943;-2.46192;
1.1909;-1.51659;29.3238;-1.43048;-2.3854;
1.04618;-1.44725;29.188;-1.35832;-2.38788;
0.89571;-1.50467;29.0398;-1.48127;-2.36403;
0.769932;-1.25778;28.9133;-1.26524;-2.35324;
0.654849;-1.15083;28.7531;-1.60209;-2.19372;
0.543503;-1.11346;28.607;-1.46106;-2.22199;
0.437738;-1.05765;28.4395;-1.67486;-2.13405;
0.336604;-1.01134;28.2636;-1.75921;-2.09254;
0.234798;-1.01806;28.0993;-1.6426;-2.12564;
0.134737;-1.00062;27.908;-1.91315;-2.05269;
0.0596089;-0.751277;27.7466;-1.61408;-2.00643;
-0.0225648;-0.821737;27.5668;-1.79814;-1.99945;
-0.0915057;-0.689409;27.3815;-1.85315;-1.92695;
-0.160713;-0.692071;27.1938;-1.87663;-1.92411;
-0.229692;-0.689794;27.0065;-1.87311;-1.92365;
-0.29086;-0.611682;26.8245;-1.82046;-1.89495;
-0.351166;-0.603058;26.6323;-1.92132;-1.87493;
-0.413824;-0.626582;26.4388;-1.93496;-1.88396;
-0.475432;-0.61608;26.2321;-2.06748;-1.8604;
-0.523421;-0.479885;26.0326;-1.99535;-1.80682;
-0.57531;-0.518889;25.8353;-1.97221;-1.82807;
-0.623771;-0.484612;25.6306;-2.04719;-1.80324;
-0.673533;-0.497625;25.4317;-1.98948;-1.8159;
-0.709934;-0.364007;25.2458;-1.85837;-1.76422;
-0.749984;-0.400501;25.0365;-2.09293;-1.75987;
-0.797003;-0.470188;24.8493;-1.87245;-1.81682;
-0.837166;-0.401631;24.6195;-2.29831;-1.7438;
-0.900749;-0.635832;24.4211;-1.98323;-1.88105;
-0.962346;-0.615971;24.2261;-1.95044;-1.87669;
-1.02358;-0.612385;24.0377;-1.88402;-1.88507;
-1.06792;-0.443391;23.8435;-1.94234;-1.79523;
-1.0916;-0.236759;23.6614;-1.82011;-1.70015;
-1.12523;-0.336329;23.4742;-1.87197;-1.74857;
-1.17349;-0.482615;23.29;-1.84202;-1.82704;
-1.22268;-0.491858;23.0989;-1.91119;-1.82269;
-1.31037;-0.876879;22.9053;-1.936;-1.99609;
-1.38324;-0.728678;22.7089;-1.96459;-1.92597;
-1.429;-0.457641;22.5184;-1.90428;-1.80665;
-1.49502;-0.660195;22.33;-1.88464;-1.90774;
-1.55616;-0.611445;22.147;-1.82988;-1.89328;
-1.60714;-0.5098;21.9553;-1.91654;-1.83078;
-1.66991;-0.627706;21.7843;-1.7107;-1.92247;
-1.73297;-0.630575;21.604;-1.80288;-1.90726;
-1.80951;-0.76542;21.4137;-1.90251;-1.9533;
-1.88399;-0.74475;21.2215;-1.92177;-1.94051;
-1.9549;-0.709077;21.0368;-1.84768;-1.93723;
-2.01771;-0.628162;20.8441;-1.92634;-1.88602;
-2.08753;-0.698128;20.6534;-1.90718;-1.9217;
-2.15293;-0.654025;20.4629;-1.90483;-1.90154;
-2.21811;-0.651821;20.2737;-1.89292;-1.90243;
-2.2955;-0.773892;20.1054;-1.68292;-2.00181;
-2.38931;-0.938148;19.9227;-1.82629;-2.04534;
-2.4805;-0.911844;19.7447;-1.77991;-2.04423;
-2.55936;-0.788586;19.5801;-1.64685;-2.01738;
-2.64874;-0.893854;19.398;-1.82083;-2.02714;
-2.7363;-0.875525;19.2189;-1.79088;-2.02551;
-2.80815;-0.718501;19.0452;-1.73692;-1.96303;
-2.89331;-0.851652;18.8487;-1.9654;-1.9797;
-2.97366;-0.80353;18.6677;-1.80963;-1.98867;
-3.05251;-0.78846;18.4779;-1.89827;-1.96447;
-3.12073;-0.682244;18.2928;-1.85029;-1.92405;
-3.18967;-0.689376;18.1054;-1.87441;-1.92322;
-3.24574;-0.560704;17.9085;-1.96931;-1.84818;
-3.29531;-0.495641;17.7199;-1.88528;-1.82788;
-3.35693;-0.616228;17.5345;-1.85448;-1.89161;
-3.41618;-0.592551;17.3449;-1.89537;-1.8738;
-3.48058;-0.643933;17.1559;-1.89063;-1.89907;
-3.54358;-0.630052;16.9688;-1.87089;-1.89563;
-3.606;-0.624204;16.7772;-1.91624;-1.8857;
-3.68658;-0.805769;16.574;-2.03185;-1.94834;
-3.76111;-0.74527;16.3841;-1.89922;-1.94474;
-3.84889;-0.877842;16.2084;-1.7567;-2.03421;
-3.94113;-0.922433;16.0349;-1.73526;-2.05939;
-4.04131;-1.00175;15.8703;-1.64579;-2.11757;
-4.14579;-1.04479;15.693;-1.77263;-2.10339;
-4.23739;-0.91604;15.5443;-1.48735;-2.12281;
-4.33453;-0.97133;15.3713;-1.7295;-2.08252;
-4.4177;-0.83173;15.1877;-1.83687;-1.99597;
-4.50706;-0.893622;14.9924;-1.95218;-2.00008;
-4.57862;-0.715565;14.8042;-1.88254;-1.93404;
-4.65187;-0.732564;14.6177;-1.86458;-1.94515;
-4.73299;-0.811169;14.4282;-1.89541;-1.97518;
-4.81201;-0.790234;14.2468;-1.81407;-1.98162;
-4.89417;-0.821536;14.0678;-1.78984;-2.00111;
-4.99035;-0.961812;13.9162;-1.5158;-2.13622;
-5.10396;-1.13616;13.7548;-1.61426;-2.18409;
-5.23935;-1.35382;13.5824;-1.7236;-2.23661;
-5.35725;-1.17904;13.45;-1.32394;-2.29837;
-5.50633;-1.49078;13.305;-1.45016;-2.37001;
-5.64671;-1.40382;13.155;-1.50051;-2.32292;
-5.78347;-1.36763;12.9976;-1.57334;-2.28636;
-5.90112;-1.17642;12.8527;-1.44888;-2.25278;
-6.01902;-1.17904;12.7073;-1.45444;-2.252;
-6.14709;-1.28075;12.5509;-1.56423;-2.25688;
-6.27876;-1.31667;12.3919;-1.59;-2.26244;
-6.41353;-1.34764;12.2314;-1.60433;-2.26946;
-6.5361;-1.22573;12.0882;-1.43208;-2.27871;
-6.69745;-1.61352;11.9475;-1.40731;-2.42435;
-6.84759;-1.50137;11.8085;-1.38974;-2.39479;
-6.99873;-1.51143;11.6942;-1.14325;-2.494;
-7.15918;-1.60451;11.5666;-1.27629;-2.46964;
-7.3029;-1.43714;11.4463;-1.20265;-2.44479;
-7.46001;-1.57112;11.3145;-1.31808;-2.44355;
-7.5907;-1.30691;11.2007;-1.13784;-2.42524;
-7.74522;-1.54519;11.0497;-1.50986;-2.36776;
-7.89055;-1.45332;10.8979;-1.51835;-2.33431;
-8.0333;-1.4275;10.7535;-1.44392;-2.35048;
-8.16186;-1.28563;10.5955;-1.58038;-2.25371;
-8.28758;-1.25721;10.442;-1.53466;-2.25714;
-8.4079;-1.20311;10.2428;-1.99178;-2.11418;
-8.50369;-0.957939;10.0673;-1.75573;-2.07026;
-8.58978;-0.860932;9.91518;-1.52079;-2.08592;
-8.69682;-1.07041;9.73556;-1.79615;-2.10823;
-8.79625;-0.994283;9.55985;-1.75712;-2.08573;
-8.92167;-1.25423;9.36731;-1.9254;-2.14816;
-9.03162;-1.09946;9.19053;-1.76777;-2.1272;
-9.13238;-1.00759;9.00476;-1.85772;-2.06777;
-9.21978;-0.87405;8.81831;-1.86448;-2.00917;
-9.30777;-0.879832;8.64062;-1.77697;-2.03054;
-9.39558;-0.878117;8.46154;-1.79079;-2.0267;
-9.48469;-0.891088;8.28396;-1.77581;-2.03588;
-9.56003;-0.753388;8.13937;-1.44588;-2.05115;
-9.661;-1.00971;7.95823;-1.81141;-2.07931;
-9.76134;-1.00342;7.78649;-1.71732;-2.09959;
-9.86248;-1.01137;7.63821;-1.4828;-2.16939;
-9.96384;-1.01362;7.46995;-1.68264;-2.11298;
-10.0639;-1.00015;7.28839;-1.81555;-2.07432;
-10.1808;-1.16918;7.1194;-1.68991;-2.17604;
-10.2945;-1.1376;6.9551;-1.64304;-2.17639;
-10.4148;-1.20298;6.79302;-1.62076;-2.20931;
-10.5063;-0.915034;6.63025;-1.62777;-2.08291;
-10.5991;-0.927336;6.42945;-2.008;-2.00344;
-10.6849;-0.858223;6.2653;-1.64148;-2.05255;
-10.7795;-0.945635;6.0897;-1.75598;-2.06479;
-10.8803;-1.0084;5.91085;-1.78853;-2.08419;
-10.978;-0.977225;5.73022;-1.80625;-2.06672;
-11.08;-1.01984;5.55917;-1.71051;-2.10843;
-11.2023;-1.22283;5.37499;-1.84183;-2.1569;
-11.3116;-1.09318;5.20447;-1.70515;-2.14089;
-11.4435;-1.31883;5.04185;-1.62626;-2.25218;
-11.6016;-1.58086;4.90571;-1.36135;-2.43066;
-11.7514;-1.49805;4.77937;-1.26345;-2.44094;
-11.9179;-1.66523;4.6399;-1.39471;-2.44437;
-12.0651;-1.47167;4.51687;-1.23026;-2.44531;
-12.2108;-1.45711;4.38206;-1.34808;-2.39504;
-12.3714;-1.60624;4.26399;-1.18072;-2.50771;
-12.5473;-1.75902;4.1717;-0.922893;-2.65841;
-12.7285;-1.81213;4.07735;-0.943473;-2.66157;
-12.905;-1.76476;3.98845;-0.889052;-2.67492;
-13.0856;-1.80599;3.89989;-0.885588;-2.68569;
-13.2696;-1.84002;3.80784;-0.920499;-2.67773;
-13.4553;-1.85704;3.71262;-0.952171;-2.66781;
-13.6447;-1.89403;3.64107;-0.71555;-2.78038;
-13.8249;-1.80225;3.56117;-0.798973;-2.72431;
-14.0012;-1.76272;3.47706;-0.841092;-2.69639;
-14.1557;-1.54496;3.39413;-0.829271;-2.64897;
-14.3269;-1.71171;3.30061;-0.935208;-2.64155;
-14.5018;-1.74966;3.20372;-0.968938;-2.63585;
-14.6784;-1.76586;3.11122;-0.925029;-2.65906;
-14.8619;-1.83439;3.03157;-0.796462;-2.73197;
-15.0551;-1.93269;2.95172;-0.798453;-2.74982;
-15.2515;-1.96405;2.90967;-0.420573;-2.93064;
-15.427;-1.7543;2.85834;-0.513229;-2.85698;
-15.6201;-1.93184;2.80854;-0.498044;-2.88928;
-15.8076;-1.87479;2.75904;-0.49499;-2.88346;
-16.0022;-1.94535;2.70499;-0.540531;-2.87057;
-16.2262;-2.24023;2.64844;-0.565459;-2.89435;
-16.4318;-2.05604;2.6047;-0.437379;-2.93199;
-16.6312;-1.99409;2.56222;-0.424878;-2.93166;
-16.8454;-2.14228;2.4854;-0.768159;-2.7973;
-17.0346;-1.89158;2.4142;-0.712024;-2.78158;
-17.2423;-2.07749;2.35586;-0.58339;-2.86783;
-17.4458;-2.03463;2.30504;-0.50819;-2.89683;
-17.6392;-1.93417;2.25734;-0.477006;-2.8998;
-17.8312;-1.91973;2.22603;-0.313142;-2.9799;
-18.0274;-1.96191;2.1937;-0.323264;-2.97829;
-18.2158;-1.88389;2.17736;-0.163385;-3.05508;
-18.428;-2.12258;2.1535;-0.23857;-3.02967;
-18.6427;-2.14658;2.14419;-0.0931557;-3.09822;
-18.8389;-1.96264;2.14003;-0.0415893;-3.12041;
-19.0103;-1.71379;2.15795;0.179178;3.03742;
-19.2101;-1.9975;2.17692;0.189763;3.04688;
-19.409;-1.98966;2.19508;0.181592;3.05058;
-19.6054;-1.96315;2.20956;0.144767;3.06798;
-19.8278;-2.22431;2.21405;0.0449447;3.12139;
-20.0264;-1.98569;2.21716;0.0310226;3.12597;
-20.2276;-2.01249;2.2218;0.0464394;3.11852;
-20.4424;-2.1477;2.2061;-0.157026;-3.06861;
-20.6418;-1.99476;2.19218;-0.139146;-3.07195;
-20.8631;-2.21258;2.18172;-0.104612;-3.09435;
-21.0682;-2.05131;2.16531;-0.164063;-3.06178;
-21.2584;-1.90142;2.14557;-0.197409;-3.03814;
-21.4807;-2.2231;2.11207;-0.335006;-2.99202;
-21.6865;-2.05784;2.09654;-0.155369;-3.06623;
-21.898;-2.11483;2.06257;-0.33964;-2.98235;
-22.0867;-1.88772;2.03443;-0.281408;-2.99361;
-22.2785;-1.91759;1.98529;-0.491463;-2.8907;
-22.478;-1.99502;1.92696;-0.583213;-2.85718;
-22.6691;-1.91078;1.86983;-0.571296;-2.85107;
-22.8591;-1.90042;1.80908;-0.607545;-2.83217;
-23.0498;-1.90679;1.76139;-0.47687;-2.89653;
-23.2493;-1.99553;1.70407;-0.573271;-2.86185;
-23.4609;-2.11595;1.65267;-0.51392;-2.90333;
-23.6305;-1.69537;1.59951;-0.531624;-2.83773;
-23.8479;-2.17419;1.53421;-0.653058;-2.8498;
-24.0388;-1.90871;1.46796;-0.662442;-2.80754;
-24.2292;-1.90409;1.375;-0.929584;-2.68743;
-24.4155;-1.86304;1.29378;-0.812264;-2.73045;
-24.6103;-1.94818;1.2168;-0.769748;-2.76531;
-24.7987;-1.88426;1.14898;-0.678197;-2.7961;
-24.9865;-1.87767;1.07505;-0.739364;-2.76647;
-25.1789;-1.92407;1.00054;-0.745086;-2.77213;
-25.3819;-2.02988;0.933311;-0.672259;-2.82178;
-25.5843;-2.02399;0.879705;-0.536069;-2.88268;
-25.7722;-1.87921;0.828091;-0.51614;-2.87354;
-25.9562;-1.84001;0.784702;-0.433887;-2.91002;
-26.16;-2.03822;0.745845;-0.388572;-2.95321;
-26.3387;-1.78632;0.719821;-0.260239;-2.99693;
-26.5302;-1.91542;0.702867;-0.169541;-3.05331;
-26.7297;-1.99517;0.691703;-0.111639;-3.0857;
-26.9303;-2.00565;0.664033;-0.276698;-3.0045;
-27.1273;-1.96976;0.632376;-0.316568;-2.98224;
-27.2992;-1.71954;0.61057;-0.218065;-3.01545;
-27.4856;-1.86384;0.590605;-0.199646;-3.03488;
-27.6669;-1.81261;0.569979;-0.206264;-3.02829;
-27.8835;-2.16693;0.543122;-0.268564;-3.01828;
-28.0819;-1.98354;0.518395;-0.247269;-3.01757;
-28.2688;-1.8687;0.494303;-0.240928;-3.01337;
-28.437;-1.68255;0.454251;-0.400516;-2.9079;
-28.6436;-2.06528;0.422823;-0.314285;-2.99058;
-28.8423;-1.98717;0.388816;-0.340063;-2.9721;
-29.026;-1.8371;0.361801;-0.270148;-2.99559;
-29.2322;-2.06179;0.31188;-0.499219;-2.90404;
-29.4281;-1.95935;0.267703;-0.441766;-2.91984;
-29.6182;-1.90055;0.229973;-0.377303;-2.94562;
-29.8238;-2.05661;0.18362;-0.463527;-2.91991;

29.9611;-2.15056;0.155072;-0.285479;-3.00962;
29.7812;-1.79968;0.1301;-0.249723;-3.00371;
29.5725;-2.08616;0.106439;-0.236603;-3.02866;
29.3773;-1.95254;0.0610561;-0.453834;-2.91322;
29.1772;-2.00114;0.016904;-0.441521;-2.92444;
28.9856;-1.91598;-0.0133472;-0.302512;-2.985;
28.7851;-2.00453;-0.0441873;-0.308401;-2.98894;
28.5875;-1.97634;-0.0658334;-0.216461;-3.0325;
28.4044;-1.83067;-0.0861065;-0.202731;-3.0313;
28.1933;-2.11154;-0.122991;-0.368847;-2.96866;
27.9838;-2.09476;-0.161548;-0.385568;-2.95957;
27.7814;-2.02444;-0.211497;-0.499493;-2.89969;
27.5765;-2.04852;-0.249084;-0.375866;-2.96013;
27.3662;-2.10323;-0.292539;-0.434547;-2.93785;
27.1712;-1.94961;-0.33137;-0.388317;-2.94499;
26.9766;-1.94615;-0.343291;-0.11921;-3.08041;
26.7721;-2.0454;-0.3426;0.00691001;3.13821;
26.5567;-2.15385;-0.324413;0.181877;3.05735;
26.3663;-1.90397;-0.311023;0.133894;3.07139;
26.1613;-2.0501;-0.319881;-0.0885767;-3.09841;
25.9605;-2.00798;-0.328727;-0.0884645;-3.09756;
25.7521;-2.08354;-0.321833;0.0689478;3.10851;
25.5638;-1.8829;-0.299434;0.223984;3.02319;
25.3793;-1.84534;-0.265427;0.340074;2.95935;
25.1904;-1.88901;-0.232566;0.328611;2.96936;
24.9934;-1.96953;-0.197054;0.355114;2.96321;
24.8007;-1.92767;-0.167524;0.295306;2.98958;
24.6147;-1.86011;-0.132224;0.352998;2.95405;
24.4133;-2.01332;-0.0831231;0.491009;2.90238;
24.2306;-1.82699;-0.054485;0.286381;2.98611;
24.0093;-2.21311;-0.00669767;0.477873;2.92893;
23.8124;-1.96947;0.037694;0.443917;2.9199;
23.621;-1.91424;0.0817378;0.440438;2.91544;
23.4148;-2.06133;0.12772;0.459817;2.92212;
23.2393;-1.75479;0.193645;0.659251;2.78222;
23.0506;-1.88754;0.262245;0.686004;2.793;
22.8713;-1.79257;0.343993;0.817482;2.71373;
22.6768;-1.94544;0.405074;0.610811;2.83737;
22.4851;-1.91644;0.470266;0.651913;2.8137;
22.2951;-1.90072;0.538401;0.681349;2.79739;
22.105;-1.90018;0.605052;0.666512;2.80424;
21.9127;-1.92328;0.685313;0.802612;2.74625;
21.7269;-1.85852;0.755646;0.703335;2.77981;
21.5471;-1.79721;0.824941;0.692942;2.77359;
21.3542;-1.92946;0.893086;0.681449;2.80209;
21.1757;-1.78486;0.945709;0.526234;2.85488;
20.9776;-1.98124;0.997066;0.513566;2.88796;
20.7811;-1.96467;1.04964;0.525705;2.88014;
20.5831;-1.98041;1.11102;0.613858;2.84102;
20.4053;-1.77789;1.16876;0.577389;2.82758;
20.2256;-1.79692;1.25243;0.836711;2.70581;
20.0674;-1.58227;1.35259;1.00155;2.57727;
19.8977;-1.69673;1.46377;1.1118;2.56153;
19.7481;-1.49588;1.57359;1.09824;2.50829;
19.5778;-1.70314;1.68602;1.12427;2.55814;
19.4147;-1.6306;1.79804;1.1202;2.53966;
19.2371;-1.77614;1.91155;1.13508;2.57294;
19.0788;-1.58283;2.02374;1.12196;2.52496;
18.9214;-1.5745;2.13053;1.06791;2.54561;
18.7313;-1.90063;2.24369;1.13154;2.6046;
18.584;-1.47302;2.34051;0.968256;2.56008;
18.3985;-1.85552;2.43642;0.95908;2.66453;
18.2125;-1.85986;2.52191;0.85494;2.71072;
18.0465;-1.65963;2.6106;0.886855;2.65083;
17.8791;-1.6742;2.70163;0.910353;2.64356;
17.7033;-1.75776;2.79704;0.954037;2.64433;
17.5281;-1.75205;2.89483;0.977954;2.63249;
17.3838;-1.44372;3.00834;1.13504;2.47533;
17.2366;-1.47175;3.1514;1.4306;2.37037;
17.0821;-1.54487;3.30129;1.49894;2.37128;
16.9438;-1.38259;3.43913;1.37833;2.35774;
16.802;-1.41818;3.58196;1.42833;2.35263;
16.6424;-1.59601;3.71125;1.29292;2.46073;
16.4606;-1.81819;3.83611;1.2486;2.53983;
16.2797;-1.80891;3.9532;1.17094;2.56711;
16.1047;-1.75041;4.06741;1.14204;2.5635;
15.9318;-1.72825;4.17699;1.09583;2.5765;
15.7648;-1.67086;4.28123;1.04237;2.58382;
15.5977;-1.67022;4.41206;1.30836;2.47709;
15.4429;-1.54848;4.53642;1.24359;2.46496;
15.2686;-1.74242;4.64771;1.11285;2.57322;
15.0918;-1.76836;4.74856;1.00856;2.62327;
14.91;-1.81809;4.8603;1.11739;2.59051;
14.7391;-1.70872;4.96819;1.0789;2.5784;
14.5763;-1.62845;5.072;1.03802;2.5741;
14.4073;-1.68958;5.18124;1.09244;2.56763;
14.2367;-1.70617;5.29715;1.15911;2.54485;
14.051;-1.85656;5.40729;1.10135;2.60617;
13.8777;-1.73351;5.51349;1.06209;2.5919;
13.7079;-1.69822;5.61785;1.04355;2.59058;
13.5458;-1.62119;5.72621;1.0836;2.55239;
13.3703;-1.75456;5.834;1.07789;2.5907;
13.1937;-1.7663;5.94413;1.10128;2.58408;
13.0333;-1.60371;6.04653;1.02403;2.57332;
12.8686;-1.64703;6.15416;1.07629;2.56278;
12.713;-1.55555;6.27812;1.23965;2.46873;
12.563;-1.5003;6.41214;1.34017;2.41251;
12.4164;-1.46577;6.57182;1.59682;2.31343;
12.2831;-1.33336;6.71719;1.45367;2.31305;
12.1457;-1.37426;6.84375;1.26562;2.39732;
11.9943;-1.51342;6.98689;1.43136;2.38405;
11.85;-1.44291;7.13284;1.45948;2.35049;
11.7179;-1.32136;7.27569;1.42854;2.31724;
11.5773;-1.40557;7.44863;1.72942;2.25326;
11.4535;-1.23821;7.60693;1.58302;2.23458;
11.3281;-1.25445;7.76534;1.58402;2.2406;
11.2041;-1.23955;7.9218;1.56462;2.24079;
11.0786;-1.25526;8.07636;1.54563;2.25289;
10.9544;-1.24238;8.22144;1.45077;2.27897;
10.814;-1.40394;8.36347;1.42032;2.35039;
10.6593;-1.54713;8.51509;1.51622;2.36629;
10.5093;-1.49994;8.66242;1.47332;2.36515;
10.3694;-1.39856;8.80101;1.38591;2.36074;
10.2297;-1.39727;8.92947;1.28453;2.39821;
10.079;-1.50663;9.06345;1.3398;2.41474;
9.93413;-1.44886;9.19678;1.33338;2.39768;
9.79071;-1.43416;9.32332;1.26531;2.41866;
9.64864;-1.42072;9.45038;1.27061;2.41191;
9.47443;-1.74211;9.59918;1.48801;2.4347;
9.32438;-1.50052;9.7302;1.31026;2.42378;
9.17016;-1.54215;9.85165;1.21451;2.47449;
9.01219;-1.57975;9.96797;1.16319;2.50691;
8.84292;-1.69264;10.0877;1.19685;2.52612;
8.64519;-1.97732;10.2112;1.23528;2.58319;
8.49184;-1.53357;10.3146;1.03425;2.54825;
8.34544;-1.46391;10.4368;1.22207;2.44599;
8.19537;-1.50074;10.5631;1.26328;2.4419;
8.04802;-1.47348;10.7018;1.38678;2.3865;
7.89448;-1.53539;10.8294;1.27577;2.44829;
7.7341;-1.60386;10.951;1.21566;2.49302;
7.58154;-1.52555;11.07;1.19011;2.47909;
7.41032;-1.71222;11.177;1.07051;2.58284;
7.27651;-1.33807;11.2747;0.976497;2.51116;
7.11349;-1.63023;11.3816;1.06913;2.56114;
6.92932;-1.84169;11.4919;1.1032;2.6019;
6.76219;-1.67128;11.5992;1.07323;2.57075;
6.59762;-1.64574;11.7075;1.08286;2.55963;
6.44957;-1.48043;11.7805;0.729437;2.68379;
6.27231;-1.7726;11.8667;0.862164;2.6889;
6.0794;-1.92919;11.9583;0.916194;2.69822;
5.90073;-1.78665;12.0197;0.614292;2.81043;
5.7135;-1.87233;12.0926;0.729025;2.77028;
5.51975;-1.93751;12.1648;0.721349;2.78519;
5.33077;-1.88974;12.2338;0.690345;2.79134;
5.14768;-1.83097;12.3123;0.78548;2.73634;
4.971;-1.76675;12.3893;0.769588;2.73078;
4.77722;-1.93781;12.4624;0.730883;2.78092;
4.60761;-1.69616;12.5313;0.689252;2.75561;
4.41072;-1.96889;12.6218;0.904918;2.71078;
4.22939;-1.81326;12.7048;0.830065;2.71229;
4.0592;-1.70186;12.7847;0.798982;2.70266;
3.8774;-1.81805;12.8695;0.84744;2.70541;
3.69469;-1.82714;12.9454;0.759393;2.74769;
3.51429;-1.80393;13.0373;0.919141;2.67036;
3.33757;-1.76728;13.1298;0.924543;2.6596;
3.15244;-1.8513;13.2319;1.02178;2.63727;
2.97179;-1.80647;13.3355;1.03537;2.62116;
2.8119;-1.59892;13.4308;0.953037;2.60408;
2.61688;-1.95022;13.5381;1.07312;2.63855;
2.44173;-1.75142;13.6305;0.924108;2.65608;
2.25576;-1.85973;13.7227;0.922018;2.68133;
2.08114;-1.74624;13.8068;0.841005;2.69276;
1.90638;-1.74755;13.8588;0.519912;2.85242;
1.70793;-1.98456;13.9069;0.480684;2.90396;
1.51446;-1.93469;13.9499;0.430695;2.92255;
1.31836;-1.96099;13.9945;0.445786;2.91806;
1.12169;-1.9667;14.0411;0.465676;2.90909;
0.923603;-1.98084;14.1037;0.626035;2.83548;
0.743477;-1.80126;14.1408;0.371142;2.93839;
0.549143;-1.94334;14.1808;0.399872;2.93866;
0.348458;-2.00685;14.2206;0.398369;2.94564;
0.122089;-2.26369;14.2649;0.44301;2.94833;
-0.0818359;-2.03924;14.3361;0.711731;2.80579;
-0.263772;-1.81936;14.4214;0.853186;2.70309;
-0.44419;-1.80418;14.506;0.845493;2.70335;
-0.621736;-1.77547;14.5902;0.842081;2.69873;
-0.803911;-1.82175;14.7;1.09866;2.59891;
-0.972694;-1.68783;14.8031;1.03093;2.59327;
-1.14293;-1.70239;14.9098;1.06699;2.58173;
-1.31818;-1.75243;15.0121;1.02265;2.61335;
-1.49007;-1.71892;15.1165;1.04354;2.59598;
-1.68075;-1.90677;15.2384;1.21957;2.57256;
-1.85483;-1.74089;15.3501;1.11661;2.57128;
-2.01838;-1.63541;15.4418;0.917514;2.63032;
-2.18556;-1.6718;15.5443;1.02508;2.59155;
-2.36253;-1.76975;15.6452;1.00841;2.62367;
-2.55693;-1.94399;15.7336;0.884311;2.71468;
-2.73016;-1.73228;15.8244;0.907891;2.65885;
-2.90843;-1.78276;15.9227;0.983294;2.63755;
-3.08594;-1.77504;16.0307;1.0794;2.59524;
-3.27512;-1.89184;16.1395;1.08834;2.61955;
-3.44986;-1.74737;16.2399;1.00422;2.61998;
-3.62231;-1.72451;16.3408;1.00902;2.6122;
-3.8118;-1.89496;16.4424;1.01601;2.64944;
-3.98784;-1.76037;16.5684;1.25933;2.52062;
-4.14126;-1.53416;16.6787;1.10307;2.51822;
-4.30062;-1.59359;16.7928;1.14102;2.5202;
-4.44611;-1.45489;16.8995;1.06738;2.50864;
-4.6091;-1.63;17.0152;1.15733;2.52417;
-4.76867;-1.59569;17.1372;1.22005;2.48882;
-4.91753;-1.48854;17.2452;1.07934;2.51422;
-5.08724;-1.69711;17.3637;1.18494;2.53207;
-5.25938;-1.7214;17.4904;1.26739;2.50695;
-5.42701;-1.67626;17.6245;1.34115;2.4668;
-5.58143;-1.54421;17.7525;1.27995;2.4495;
-5.72414;-1.42716;17.8902;1.37728;2.37398;
-5.87645;-1.52305;18.0294;1.39189;2.40116;
-6.02686;-1.50414;18.1582;1.28804;2.43344;
-6.17959;-1.52732;18.2893;1.31027;2.43254;
-6.33998;-1.60386;18.4267;1.37472;2.43297;
-6.49462;-1.54644;18.5447;1.17973;2.48991;
-6.6534;-1.58773;18.6825;1.37831;2.42669;
-6.79494;-1.41544;18.8105;1.27955;2.40658;
-6.93988;-1.44937;18.9483;1.37776;2.38152;
-7.07883;-1.38947;19.0915;1.43211;2.34108;
-7.24259;-1.63761;19.2283;1.3683;2.44555;
-7.3898;-1.47217;19.3533;1.24982;2.4377;
-7.53454;-1.44739;19.4884;1.35093;2.39065;
-7.67867;-1.44128;19.6177;1.29313;2.41032;
-7.82804;-1.49374;19.74;1.22269;2.45565;
-7.96802;-1.39978;19.8746;1.34661;2.37555;
-8.11234;-1.44314;20.0089;1.34228;2.39239;
-8.26188;-1.49548;20.15;1.41115;2.3852;
-8.41484;-1.52958;20.2995;1.49482;2.36769;
-8.55974;-1.44896;20.4356;1.3615;2.38731;
-8.70428;-1.44543;20.5636;1.2799;2.41685;
-8.87826;-1.73976;20.7112;1.47613;2.43799;
-9.02892;-1.50665;20.8462;1.34961;2.41112;
-9.17356;-1.44633;20.984;1.37786;2.38043;
-9.31814;-1.44587;21.1212;1.37212;2.38236;
-9.48081;-1.62663;21.2598;1.38607;2.43587;
-9.63305;-1.52244;21.4081;1.48343;2.36917;
-9.78312;-1.50069;21.5525;1.44391;2.37548;
-9.92686;-1.43738;21.6927;1.40219;2.36859;
-10.0922;-1.65366;21.8546;1.6189;2.36682;
-10.2449;-1.52698;22.0017;1.47108;2.37484;
-10.382;-1.37108;22.1377;1.35955;2.36042;
-10.5215;-1.39481;22.2978;1.60147;2.28733;
-10.6534;-1.31893;22.4458;1.4792;2.29898;
-10.7786;-1.2519;22.597;1.51218;2.26231;
-10.881;-1.02391;22.7227;1.25686;2.25441;
-11.0154;-1.34388;22.8789;1.56277;2.28103;
-11.1594;-1.44039;23.0271;1.48167;2.34207;
-11.2934;-1.33964;23.1779;1.50775;2.29723;
-11.4432;-1.49821;23.3343;1.56398;2.33472;
-11.5792;-1.35996;23.4808;1.46543;2.31888;
-11.7145;-1.35346;23.6361;1.55249;2.28781;
-11.8451;-1.30538;23.7795;1.43385;2.30933;
-11.9512;-1.06111;23.9468;1.67395;2.13577;
-12.0577;-1.06505;24.1172;1.70368;2.1295;
-12.1677;-1.10027;24.2891;1.7191;2.14013;
-12.2764;-1.08673;24.4667;1.77568;2.12;
-12.3812;-1.04839;24.6373;1.70593;2.12185;
-12.4799;-0.986215;24.8095;1.72242;2.09081;
-12.5835;-1.03647;24.9851;1.75593;2.10403;
-12.6834;-0.999305;25.1613;1.76198;2.08671;
-12.7954;-1.11978;25.3448;1.83494;2.11872;
-12.8901;-0.946579;25.5007;1.55841;2.11664;
-12.9954;-1.05328;25.6783;1.77622;2.10605;
-13.0986;-1.03166;25.8478;1.69521;2.1175;
-13.1906;-0.920274;26.0275;1.79686;2.04412;
-13.2665;-0.758777;26.2007;1.73194;1.98372;
-13.3838;-1.17344;26.3721;1.7147;2.17093;
-13.4976;-1.13762;26.5342;1.62055;2.18286;
-13.6253;-1.27717;26.691;1.56843;2.2542;
-13.7614;-1.3609;26.8504;1.59399;2.27748;
-13.9004;-1.39013;27.0053;1.54877;2.30227;
-14.0323;-1.31903;27.1551;1.49759;2.29288;
-14.1724;-1.40088;27.3187;1.63638;2.27881;
-14.3223;-1.49913;27.4602;1.41496;2.38507;
-14.4725;-1.50191;27.5991;1.38852;2.3954;
-14.622;-1.49478;27.7329;1.3379;2.41152;
-14.7569;-1.34894;27.8717;1.38842;2.34177;
-14.9109;-1.53996;28.0068;1.35066;2.42159;
-15.0612;-1.50309;28.1387;1.31964;2.42109;
-15.2123;-1.51181;28.2726;1.33828;2.41701;
-15.3654;-1.53039;28.4028;1.30196;2.43667;
-15.5351;-1.69719;28.5368;1.34001;2.47326;
-15.6734;-1.38253;28.6407;1.03968;2.4968;
-15.8293;-1.55994;28.7615;1.20757;2.48284;
-15.9933;-1.63907;28.8806;1.19071;2.51333;
-16.1373;-1.44019;28.9868;1.06286;2.50582;
-16.276;-1.38726;29.0753;0.885077;2.5737;
-16.4663;-1.90349;29.1884;1.13023;2.60577;
-16.6401;-1.73702;29.2922;1.03792;2.60299;
-16.7973;-1.57252;29.4081;1.15968;2.50616;
-16.9584;-1.61108;29.5269;1.18818;2.50614;
-17.1159;-1.57467;29.6434;1.16498;2.50463;
-17.2748;-1.58961;29.7588;1.15363;2.51381;
-17.4283;-1.53456;29.8688;1.09968;2.5198;
-17.596;-1.67743;29.99;1.21188;2.51595;

-17.7688;-1.72717;-29.8772;1.32865;2.48588;
-17.9424;-1.73633;-29.7101;1.67061;2.37548;
-18.0843;-1.41935;-29.569;1.41072;2.35925;
-18.2209;-1.36578;-29.4286;1.40473;2.34214;
-18.364;-1.43142;-29.2903;1.38313;2.37335;
-18.5084;-1.44364;-29.1501;1.40122;2.3711;
-18.6381;-1.2969;-29.0121;1.38076;2.32489;
-18.7746;-1.36486;-28.864;1.48065;2.31553;
-18.9132;-1.38605;-28.7185;1.45452;2.3321;
-19.0515;-1.38303;-28.5744;1.44121;2.3356;
-19.189;-1.37485;-28.4314;1.43024;2.33645;
-19.3255;-1.36501;-28.2837;1.47699;2.31681;
-19.4514;-1.25948;-28.1572;1.2651;2.35397;
-19.5802;-1.28744;-28.0131;1.44129;2.29987;
-19.7125;-1.32318;-27.86;1.53033;2.28373;
-19.8491;-1.36567;-27.7032;1.56777;2.28741;
-19.9671;-1.18032;-27.5526;1.50648;2.23539;
-20.0821;-1.14985;-27.3897;1.62888;2.18548;
-20.198;-1.15969;-27.2207;1.69054;2.17206;
-20.316;-1.17918;-27.0464;1.74295;2.16561;
-20.4263;-1.10388;-26.8931;1.5325;2.19502;
-20.5327;-1.06375;-26.7302;1.62918;2.14923;
-20.6473;-1.14533;-26.5712;1.58976;2.19511;
-20.7601;-1.12878;-26.4102;1.61031;2.18217;
-20.8767;-1.16559;-26.247;1.63182;2.19105;
-20.9886;-1.11885;-26.0852;1.6177;2.17588;
-21.104;-1.15442;-25.9274;1.57786;2.20244;
-21.2242;-1.20203;-25.7695;1.57922;2.2214;
-21.3491;-1.24861;-25.6128;1.56681;2.24365;
-21.473;-1.23931;-25.4565;1.56298;2.2412;
-21.6044;-1.31349;-25.3038;1.52738;2.28105;
-21.7442;-1.39849;-25.1513;1.52486;2.31299;
-21.8724;-1.28236;-25.0106;1.40765;2.30965;
-22.0324;-1.59976;-24.8537;1.56907;2.36588;
-22.1878;-1.55347;-24.7139;1.39724;2.40909;
-22.348;-1.60281;-24.5678;1.46083;2.40251;
-22.4892;-1.41108;-24.4645;1.03384;2.50928;
-22.6341;-1.44929;-24.3644;1.00015;2.53755;
-22.8003;-1.66208;-24.2733;0.911116;2.64015;
-22.9824;-1.82096;-24.1772;0.961518;2.65578;
-23.1616;-1.79217;-24.0864;0.907775;2.67274;
-23.3353;-1.73711;-23.9858;1.0063;2.61654;
-23.5446;-2.09317;-23.9065;0.792591;2.77962;
-23.7294;-1.84744;-23.8463;0.601853;2.82666;
-23.9209;-1.9147;-23.7848;0.615031;2.83079;
-24.1053;-1.84475;-23.6943;0.905197;2.68542;
-24.2797;-1.7436;-23.6012;0.931261;2.65104;
-24.4387;-1.58985;-23.4954;1.05754;2.55462;
-24.6019;-1.63199;-23.4279;0.674866;2.74948;
-24.7907;-1.88869;-23.3489;0.790458;2.74522;
-24.9403;-1.49515;-23.2713;0.775747;2.66299;
-25.1178;-1.77558;-23.1792;0.921039;2.66308;
-25.3137;-1.95878;-23.099;0.802676;2.75268;
-25.5128;-1.99121;-23.0162;0.827438;2.74776;
-25.6949;-1.82085;-22.931;0.851935;2.70397;
-25.8974;-2.0249;-22.8532;0.778114;2.77472;
-26.1243;-2.26873;-22.7884;0.647992;2.86338;
-26.3168;-1.92509;-22.7252;0.63197;2.8244;
-26.4991;-1.82292;-22.6923;0.329289;2.96288;
-26.6947;-1.95674;-22.6555;0.368225;2.95558;
-26.8811;-1.86319;-22.6166;0.388906;2.93582;
-27.0572;-1.76194;-22.5908;0.257323;2.99657;
-27.2289;-1.71664;-22.554;0.368044;2.93039;
-27.4244;-1.95442;-22.5113;0.427663;2.92617;
-27.6127;-1.88298;-22.4821;0.291298;2.98811;
-27.7914;-1.78724;-22.4588;0.233781;3.01152;
-27.9883;-1.96926;-22.435;0.237113;3.02176;
-28.198;-2.09727;-22.4121;0.229618;3.03254;
-28.4074;-2.09328;-22.3871;0.249935;3.02276;
-28.623;-2.15661;-22.3575;0.296017;3.00518;
-28.8159;-1.92853;-22.3363;0.21201;3.0321;
-29.0038;-1.87949;-22.3268;0.0948042;3.09119;
-29.2087;-2.04857;-22.3253;0.0151463;3.1342;
-29.4155;-2.06869;-22.309;0.162732;3.06309;
-29.6152;-1.9964;-22.2934;0.156536;3.06334;
-29.8436;-2.28374;-22.2819;0.114675;3.09142;

29.9535;-2.02894;-22.2677;0.141599;3.07192;
29.747;-2.06548;-22.2513;0.164165;3.06228;
29.5349;-2.12053;-22.2503;0.0103724;3.1367;
29.3351;-1.99857;-22.2491;0.0114397;3.13587;
29.1349;-2.0019;-22.2646;-0.154612;-3.06451;
28.9198;-2.15083;-22.2727;-0.0807616;-3.10406;
28.7204;-1.99454;-22.2803;-0.0763299;-3.10334;
28.5183;-2.02087;-22.2916;-0.113112;-3.08568;
28.2972;-2.21046;-22.3041;-0.12449;-3.08533;
28.0891;-2.08105;-22.3097;-0.0567737;-3.11432;
27.9125;-1.76619;-22.3044;0.0533686;3.11139;
27.7163;-1.96224;-22.2939;0.105355;3.08795;
27.5051;-2.11138;-22.2826;0.113119;3.08807;
27.3083;-1.96818;-22.2779;0.0462514;3.1181;
27.1195;-1.88843;-22.2773;0.00604268;3.13839;
26.922;-1.97523;-22.2741;0.0321623;3.12531;
26.7313;-1.90616;-22.2767;-0.0255557;-3.12819;
26.5294;-2.01966;-22.2627;0.139527;3.07262;
26.3191;-2.1026;-22.2574;0.0532657;3.11626;
26.1167;-2.02377;-22.2422;0.151963;3.06664;
25.9253;-1.9144;-22.2153;0.268719;3.00214;
25.7268;-1.98467;-22.1861;0.292435;2.9953;
25.5269;-1.99961;-22.1542;0.319266;2.98327;
25.3089;-2.18002;-22.128;0.261171;3.02236;
25.1073;-2.01542;-22.0992;0.288687;2.99932;
24.8964;-2.10954;-22.0575;0.416445;2.94669;
24.7134;-1.82992;-22.0142;0.433666;2.9089;
24.5161;-1.97303;-21.9626;0.515318;2.88612;
24.3213;-1.948;-21.9155;0.470821;2.90445;
24.1079;-2.13383;-21.8616;0.539642;2.89389;
23.9312;-1.76646;-21.8127;0.488966;2.87155;
23.7382;-1.92998;-21.759;0.536918;2.87026;
23.5504;-1.87871;-21.6997;0.593362;2.83567;
23.3701;-1.80276;-21.6403;0.593831;2.82339;
23.1707;-1.99402;-21.5771;0.631244;2.83501;
22.9872;-1.83471;-21.5173;0.598923;2.82606;
22.7969;-1.90359;-21.4701;0.471892;2.8986;
22.6225;-1.74369;-21.4089;0.611959;2.80407;
22.434;-1.8847;-21.3422;0.666487;2.80169;
22.243;-1.91006;-21.2835;0.586941;2.84346;
22.0606;-1.82463;-21.2238;0.597501;2.82513;
21.8749;-1.8565;-21.1621;0.616698;2.82088;
21.6846;-1.90336;-21.0984;0.637459;2.81842;
21.4969;-1.87693;-21.032;0.663895;2.80161;
21.2972;-1.99686;-20.9787;0.532892;2.88081;
21.1083;-1.88945;-20.921;0.576341;2.84553;
20.901;-2.07225;-20.8854;0.35597;2.97147;
20.7065;-1.94573;-20.8407;0.447154;2.9157;
20.5122;-1.94252;-20.7635;0.77246;2.76311;
20.321;-1.91191;-20.6876;0.75912;2.76363;
20.1421;-1.78893;-20.6165;0.711219;2.76319;
19.9276;-2.14485;-20.5691;0.473096;2.9245;
19.7407;-1.8694;-20.5497;0.194401;3.03797;
19.5624;-1.78303;-20.5215;0.281755;2.98487;
19.3493;-2.13102;-20.472;0.495027;2.91335;
19.1462;-2.03072;-20.4006;0.714325;2.80335;
18.9702;-1.76007;-20.3281;0.725233;2.75074;
18.7846;-1.85579;-20.2528;0.752329;2.75644;
18.595;-1.8963;-20.1475;1.05289;2.63474;
18.4172;-1.77833;-20.0541;0.934168;2.6579;
18.2262;-1.90973;-19.9497;1.04465;2.64104;
18.0528;-1.73429;-19.8691;0.805499;2.70678;
17.8678;-1.84981;-19.7851;0.840387;2.71516;
17.6859;-1.81898;-19.7032;0.818894;2.71858;
17.5103;-1.75611;-19.6218;0.814259;2.70743;
17.3244;-1.85909;-19.5406;0.811132;2.73018;
17.1613;-1.6306;-19.4461;0.945516;2.61611;
16.993;-1.68318;-19.3477;0.98433;2.61242;
16.8266;-1.6642;-19.2293;1.18393;2.52325;
16.6704;-1.56192;-19.1133;1.15984;2.50286;
16.5208;-1.49557;-19.0118;1.01537;2.54516;
16.3699;-1.50959;-18.9093;1.02418;2.54548;
16.2068;-1.63106;-18.7957;1.13646;2.53304;
16.0399;-1.66883;-18.6822;1.1347;2.54446;
15.8654;-1.74467;-18.5719;1.10347;2.57763;
15.7229;-1.42545;-18.4757;0.961595;2.54813;
15.5704;-1.52477;-18.3653;1.10437;2.51475;
15.3836;-1.86816;-18.2463;1.18976;2.57451;
15.2186;-1.6494;-18.1362;1.10126;2.55289;
15.0543;-1.64312;-18.0184;1.17731;2.51987;
14.8678;-1.86548;-17.9096;1.08842;2.61343;
14.7256;-1.42137;-17.8074;1.02208;2.51817;
14.5667;-1.58928;-17.7135;0.938743;2.60806;
14.3938;-1.72879;-17.6125;1.01038;2.61269;
14.2089;-1.84919;-17.5326;0.798413;2.73401;
14.0251;-1.838;-17.4506;0.82046;2.72175;
13.8409;-1.84167;-17.3698;0.80813;2.72809;
13.6563;-1.84626;-17.2873;0.82517;2.72128;
13.4758;-1.8053;-17.2081;0.791293;2.7285;
13.306;-1.69792;-17.127;0.811644;2.69568;
13.1211;-1.8489;-17.0427;0.842834;2.71388;
12.9402;-1.80888;-16.9557;0.870054;2.69327;
12.7709;-1.6934;-16.8621;0.935618;2.63682;
12.6001;-1.70792;-16.7727;0.893784;2.65947;
12.4254;-1.74676;-16.6939;0.788072;2.71777;
12.2466;-1.78794;-16.6062;0.877397;2.68539;
12.0715;-1.75062;-16.5338;0.723868;2.74951;
11.8904;-1.81194;-16.4553;0.784944;2.73279;
11.7116;-1.78772;-16.3936;0.616645;2.80944;
11.5334;-1.78209;-16.3476;0.460193;2.88888;
11.3349;-1.98439;-16.2753;0.723235;2.79209;
11.1456;-1.89315;-16.1912;0.841481;2.72333;
10.966;-1.79573;-16.0982;0.9292;2.66408;
10.7632;-2.02868;-16.0143;0.839649;2.74917;
10.5785;-1.84677;-15.9374;0.768755;2.74714;
10.3945;-1.84012;-15.8584;0.789774;2.73617;
10.2131;-1.81378;-15.7879;0.705589;2.77059;
10.0339;-1.79249;-15.7207;0.671812;2.783;
9.83991;-1.93951;-15.6461;0.745745;2.77452;
9.65449;-1.85425;-15.5763;0.697668;2.78172;
9.45807;-1.96412;-15.521;0.553359;2.86698;
9.26075;-1.97319;-15.4563;0.64738;2.82457;
9.06647;-1.94286;-15.3943;0.619895;2.83274;
8.8784;-1.88065;-15.3342;0.601027;2.83227;
8.68873;-1.89676;-15.2777;0.56494;2.85211;
8.49599;-1.92739;-15.2366;0.410664;2.93166;
8.28724;-2.08747;-15.1942;0.42422;2.9411;
8.09139;-1.95851;-15.1544;0.39799;2.94111;
7.89959;-1.91798;-15.101;0.533827;2.87014;
7.71306;-1.86532;-15.054;0.470172;2.89468;
7.51818;-1.9488;-15.0054;0.485941;2.89722;
7.32712;-1.91062;-14.9614;0.439981;2.91526;
7.10883;-2.18287;-14.8991;0.623259;2.86347;
6.91833;-1.90508;-14.8506;0.484578;2.89251;
6.73023;-1.88097;-14.8051;0.455174;2.90417;
6.55718;-1.73049;-14.7607;0.443913;2.89048;
6.36534;-1.91837;-14.7132;0.474806;2.89896;
6.16571;-1.9963;-14.6708;0.423959;2.93233;
5.98317;-1.82541;-14.6489;0.219337;3.02201;
5.80321;-1.79967;-14.6251;0.23835;3.00992;
5.60469;-1.98514;-14.6022;0.228889;3.0268;
5.40726;-1.97429;-14.5776;0.245911;3.01767;
5.22029;-1.86976;-14.5579;0.196499;3.03688;
5.04207;-1.78218;-14.5181;0.398149;2.9218;
4.8402;-2.01872;-14.4682;0.49905;2.89924;
4.6447;-1.95495;-14.4159;0.523311;2.88004;
4.44991;-1.9479;-14.3678;0.480779;2.89961;
4.25368;-1.96232;-14.3177;0.500541;2.89184;
4.07784;-1.7584;-14.2524;0.65377;2.78563;
3.88284;-1.94999;-14.2207;0.317062;2.98041;
3.68595;-1.96894;-14.1856;0.35016;2.96559;
3.48965;-1.96296;-14.1497;0.359843;2.96029;
3.28335;-2.06297;-14.1147;0.349616;2.97372;
3.06831;-2.15044;-14.0829;0.317617;2.99495;
2.87385;-1.94461;-14.0683;0.14684;3.06622;
2.67395;-1.99896;-14.0527;0.155934;3.06374;
2.47712;-1.96828;-14.0363;0.1633;3.05882;
2.27791;-1.99217;-14.0269;0.0940813;3.0944;
2.07975;-1.98162;-14.0207;0.0626415;3.10999;
1.88624;-1.93501;-14.0116;0.0900985;3.09506;
1.67827;-2.07974;-13.9889;0.227654;3.03256;
1.47931;-1.98963;-13.9677;0.212145;3.03537;
1.25948;-2.19829;-13.9528;0.14872;3.07404;
1.05034;-2.09135;-13.9441;0.0873634;3.09984;
0.849308;-2.01035;-13.9474;-0.0335273;-3.12492;
0.638038;-2.1127;-13.9485;-0.0111399;-3.13632;
0.443179;-1.9486;-13.9636;-0.150355;-3.06458;
0.218861;-2.24317;-13.9828;-0.192258;-3.05609;
0.0198119;-1.9905;-13.9941;-0.11324;-3.08476;
-0.179594;-1.99405;-14.0049;-0.108243;-3.08736;
-0.395613;-2.16019;-14.0145;-0.0960219;-3.09717;
-0.599619;-2.04006;-14.0274;-0.128854;-3.07851;
-0.801235;-2.01616;-14.0404;-0.130207;-3.0771;
-0.991462;-1.90227;-14.0489;-0.0850141;-3.09693;
-1.19061;-1.99148;-14.0629;-0.139052;-3.07188;
-1.39203;-2.01421;-14.0969;-0.340579;-2.97409;
-1.58914;-1.97112;-14.1222;-0.25312;-3.01388;
-1.78304;-1.93899;-14.131;-0.0880568;-3.09621;
-1.98558;-2.02538;-14.1556;-0.24546;-3.02099;
-2.18592;-2.00338;-14.1817;-0.261416;-3.01184;
-2.36491;-1.78992;-14.2024;-0.2069;-3.02651;
-2.57566;-2.10752;-14.226;-0.236037;-3.03006;
-2.77105;-1.95391;-14.2229;0.0309108;3.12577;
-2.97204;-2.0099;-14.216;0.0686962;3.10743;
-3.15225;-1.80202;-14.2138;0.0226329;3.12903;
-3.34555;-1.93301;-14.2074;0.063382;3.10882;
-3.54602;-2.00471;-14.2006;0.0681615;3.10761;
-3.74793;-2.01909;-14.1907;0.0988883;3.09266;
-3.94907;-2.01143;-14.1757;0.150628;3.06685;
-4.14044;-1.91365;-14.1503;0.253345;3.00997;
-4.35215;-2.11714;-14.1318;0.18552;3.05419;
-4.53944;-1.87291;-14.1067;0.250689;3.00853;
-4.73012;-1.90685;-14.0874;0.19281;3.04082;
-4.93246;-2.02334;-14.0497;0.37703;2.95737;
-5.11448;-1.82017;-14.0179;0.318325;2.96846;
-5.32164;-2.07164;-13.985;0.329053;2.98407;
-5.51927;-1.9763;-13.9521;0.329434;2.97642;
-5.74891;-2.29643;-13.9237;0.283332;3.01883;
-5.96685;-2.17932;-13.9295;-0.0575984;-3.11517;
-6.17415;-2.07302;-13.9298;-0.00322861;-3.14004;
-6.37861;-2.04466;-13.91;0.19793;3.04509;
-6.59119;-2.12576;-13.8808;0.292068;3.00505;
-6.80081;-2.09625;-13.8498;0.309717;2.99491;
-6.99495;-1.94141;-13.8217;0.281064;2.99782;
-7.19313;-1.9818;-13.7935;0.282702;2.9999;
-7.39437;-2.01241;-13.7676;0.25905;3.01357;
-7.58329;-1.88917;-13.7354;0.321739;2.9729;
-7.78736;-2.04065;-13.7153;0.200742;3.04354;
-7.98776;-2.00407;-13.696;0.19256;3.0458;
-8.17517;-1.87405;-13.6658;0.302535;2.98154;
-8.37563;-2.00464;-13.6192;0.465711;2.91333;
-8.59155;-2.15915;-13.5792;0.400447;2.95821;
-8.77308;-1.81532;-13.533;0.462059;2.89235;
-8.95596;-1.82876;-13.4819;0.511088;2.86907;
-9.13599;-1.8003;-13.4277;0.541697;2.84932;
-9.30945;-1.73465;-13.3932;0.345423;2.94503;
-9.50717;-1.97717;-13.3434;0.49761;2.89504;
-9.69309;-1.85924;-13.3227;0.206758;3.03084;
-9.8921;-1.99005;-13.301;0.217033;3.03296;
-10.0894;-1.97289;-13.2799;0.211326;3.03488;
-10.2959;-2.06488;-13.26;0.198315;3.04584;
-10.4869;-1.91059;-13.2475;0.12503;3.07625;
-10.6851;-1.9821;-13.2335;0.140919;3.07062;
-10.884;-1.98869;-13.2197;0.137836;3.07239;
-11.0791;-1.95088;-13.2463;-0.266251;-3.00595;
-11.2733;-1.94167;-13.2799;-0.336147;-2.97017;
-11.4593;-1.86006;-13.2915;-0.115597;-3.07953;
-11.6625;-2.03186;-13.3068;-0.15335;-3.06626;
-11.8485;-1.86089;-13.3286;-0.217614;-3.02518;
-12.0472;-1.98642;-13.3518;-0.231896;-3.02538;
-12.2468;-1.99602;-13.3574;-0.0564289;-3.11333;
-12.4522;-2.05395;-13.3669;-0.0945517;-3.09559;
