#1 AntPos X;#2 AntPos Y;#3 Distance form nest;#4 Total Distance;#5 Total Y Distance
-3.5249;-4.71974;5.89075;0.196671;0.179334
-3.5965;-4.5228;5.77845;0.40594;0.376272
-3.66536;-4.33508;5.67695;0.605827;0.564
-3.72711;-4.14041;5.57085;0.809714;0.758667
-3.77789;-3.95201;5.46725;1.00415;0.947068
-3.82548;-3.76462;5.36718;1.19682;1.13445
-3.87001;-3.55935;5.25794;1.40578;1.33973
-3.90955;-3.36842;5.16051;1.59984;1.53066
-3.94664;-3.17999;5.06836;1.79102;1.71909
-3.98141;-2.97375;4.96939;1.99888;1.92532
-4.04391;-2.78118;4.90798;2.20118;2.11789
-4.10647;-2.59866;4.85965;2.39386;2.30042
-4.16684;-2.40237;4.80978;2.59919;2.4967
-4.2208;-2.19811;4.75887;2.8104;2.70096
-4.26436;-2;4.71007;3.01287;2.89908
-4.30621;-1.79957;4.66711;3.21716;3.09951
-4.3294;-1.60258;4.61649;3.41328;3.29649
-4.35281;-1.40395;4.57362;3.61131;3.49512
-4.37594;-1.20492;4.5388;3.80986;3.69416
-4.40031;-1.00514;4.51365;4.00961;3.89393
-4.44208;-0.817436;4.51667;4.20186;4.08164
-4.49451;-0.612122;4.536;4.41375;4.28695
-4.54121;-0.407612;4.55946;4.6235;4.49146
-4.58201;-0.209639;4.5868;4.82551;4.68944
-4.62177;-0.0108278;4.62179;5.02809;4.88825
-4.66069;0.164508;4.6636;5.20767;5.06358
-4.70322;0.353974;4.71652;5.40183;5.25305
-4.74736;0.565793;4.78096;5.61811;5.46487
-4.79485;0.768629;4.85607;5.82643;5.6677
-4.82899;0.998509;4.93114;6.05799;5.89758
-4.8534;1.20018;4.99959;6.25994;6.09925
-4.87971;1.39643;5.07558;6.4571;6.2955
-4.89157;1.60623;5.14854;6.66439;6.50531
-4.9038;1.80262;5.22462;6.85881;6.7017
-4.92107;2.00409;5.3135;7.05939;6.90317
-4.9352;2.20612;5.40585;7.25996;7.1052
-4.95241;2.39609;5.5016;7.44945;7.29517
-4.95874;2.61461;5.60582;7.66481;7.51368
-4.9703;2.80044;5.70494;7.84931;7.69951
-5.01026;2.99988;5.83969;8.05271;7.89895
-5.04364;3.19116;5.9684;8.24683;8.09023
-5.10439;3.40143;6.13388;8.46491;8.3005
-5.13946;3.5917;6.27012;8.65837;8.49078
-5.18108;3.78649;6.41725;8.85754;8.68557
-5.22532;3.99763;6.57913;9.07325;8.89671
-5.24727;4.17597;6.70616;9.25244;9.07504
-5.27395;4.38227;6.85702;9.45999;9.28134
-5.28724;4.58654;6.99937;9.66301;9.48562
-5.31268;4.79036;7.15347;9.86795;9.68943
-5.33362;5.00861;7.31667;10.0862;9.90769
-5.35813;5.20582;7.47062;10.2846;10.1049
-5.37465;5.40121;7.6197;10.4796;10.3003
-5.38374;5.60419;7.77121;10.6809;10.5033
-5.40256;5.80165;7.9276;10.8785;10.7007
-5.4244;6.00104;8.08928;11.0785;10.9001
-5.44604;6.18082;8.23783;11.2593;11.0799
-5.45961;6.37927;8.39657;11.457;11.2783
-5.47373;6.57737;8.55708;11.6545;11.4764
-5.50672;6.76648;8.72406;11.8465;11.6656
-5.54151;6.96499;8.90053;12.048;11.8641
-5.57747;7.1634;9.07868;12.2497;12.0625
-5.61443;7.34305;9.24349;12.433;12.2421
-5.64711;7.54242;9.4222;12.635;12.4415
-5.69623;7.75397;9.62139;12.8519;12.653
-5.75566;7.96476;9.82675;13.0699;12.8638
-5.7904;8.14178;9.99086;13.2502;13.0409
-5.82841;8.32262;10.1605;13.4349;13.2217
-5.8657;8.52132;10.345;13.6371;13.4204
-5.89719;8.69517;10.5063;13.8138;13.5942
-5.92388;8.88788;10.6811;14.0082;13.787
-5.96748;9.08473;10.8694;14.2096;13.9838
-6.00986;9.28989;11.0644;14.4191;14.189
-6.05433;9.46897;11.239;14.6032;14.368
-6.10217;9.66308;11.4285;14.8027;14.5622
-6.14631;9.84832;11.6089;14.9929;14.7474
-6.19622;10.0499;11.8065;15.2002;14.9489
-6.24717;10.2447;11.9992;15.401;15.1438
-6.29511;10.4245;12.1778;15.5865;15.3236
-6.36772;10.6146;12.3781;15.7867;15.5136
-6.43771;10.8012;12.5742;15.9831;15.7003
-6.51302;10.9896;12.7746;16.1823;15.8886
-6.57011;11.1867;12.9733;16.3866;16.0857
-6.61591;11.3809;13.1642;16.5861;16.28
-6.67065;11.6006;13.3817;16.8122;16.4997
-6.71567;11.7921;13.5703;17.0087;16.6911
-6.77789;11.97;13.7558;17.1954;16.8691
-6.82985;12.1524;13.9401;17.3844;17.0515
-6.8858;12.3657;14.1536;17.6044;17.2648
-6.94573;12.5537;14.3471;17.8006;17.4528
-7.01168;12.7393;14.5415;17.9956;17.6384
-7.07241;12.9259;14.7342;18.1905;17.825
-7.11519;13.1423;14.9448;18.4111;18.0414
-7.14764;13.3315;15.1267;18.6029;18.2306
-7.18298;13.5314;15.3197;18.8059;18.4305
-7.22185;13.7257;15.5096;19.004;18.6247
-7.25698;13.9016;15.6818;19.1834;18.8007
-7.29199;14.1168;15.8889;19.4013;19.0159
-7.30628;14.3084;16.0659;19.5919;19.2075
-7.32432;14.5271;16.2691;19.8099;19.4262
-7.32597;14.7359;16.4565;20.015;19.635
-7.31992;14.9427;16.6393;20.2168;19.8418
-7.33021;15.1556;16.8352;20.4277;20.0546
-7.35164;15.3439;17.0142;20.6167;20.243
-7.37969;15.5466;17.2092;20.821;20.4457
-7.37595;15.7682;17.4081;21.0379;20.6673
-7.36739;15.9705;17.5879;21.2351;20.8695
-7.35871;16.1612;17.7576;21.4209;21.0602
-7.35725;16.3476;17.9269;21.6041;21.2467
-7.35001;16.5349;18.0949;21.7869;21.4339
-7.32703;16.7761;18.3064;22.0202;21.6752
-7.31761;16.9637;18.4747;22.2033;21.8628
-7.30113;17.152;18.6413;22.3858;22.0511
-7.27992;17.3477;18.8133;22.575;22.2468
-7.25569;17.5468;18.9878;22.7672;22.4459
-7.18911;17.7601;19.16;22.9665;22.6592
-7.10663;17.9458;19.3017;23.1366;22.8449
-7.0358;18.1325;19.4496;23.3099;23.0315
-6.96233;18.3132;19.592;23.4774;23.2122
-6.9016;18.5195;19.7637;23.6724;23.4186
-6.85077;18.7189;19.9332;23.8624;23.618
-6.7918;18.9144;20.0969;24.0477;23.8135
-6.74641;19.1019;20.2583;24.2271;24.001
-6.69634;19.2841;20.4137;24.4009;24.1832
-6.64098;19.4791;20.58;24.5869;24.3782
-6.58215;19.6725;20.7445;24.7712;24.5716
-6.52398;19.8645;20.9083;24.9543;24.7635
-6.47698;20.0479;21.0682;25.1306;24.947
-6.42719;20.2437;21.2395;25.3191;25.1428
-6.36842;20.4293;21.3989;25.4966;25.3283
-6.31233;20.6232;21.5676;25.6829;25.5223
-6.23772;20.8093;21.7241;25.8597;25.7084
-6.15721;21.0199;21.9032;26.0606;25.919
-6.08475;21.2065;22.0622;26.2388;26.1056
-6.00629;21.3849;22.2124;26.4086;26.284
-5.91505;21.5711;22.3674;26.5852;26.4702
-5.82304;21.7477;22.5138;26.7527;26.6468
-5.72119;21.9172;22.6516;26.9128;26.8163
-5.61818;22.0876;22.7909;27.0741;26.9867
-5.51191;22.2717;22.9436;27.2493;27.1708
-5.41589;22.4452;23.0894;27.4153;27.3443
-5.31906;22.6203;23.2372;27.5831;27.5193
-5.22515;22.7848;23.3762;27.7411;27.6838
-5.13932;22.9583;23.5265;27.9089;27.8574
-5.02834;23.1495;23.6893;28.0933;28.0486
-4.91913;23.3259;23.8389;28.2635;28.225
-4.81389;23.4945;23.9826;28.4266;28.3935
-4.71078;23.6726;24.1368;28.5998;28.5717
-4.60948;23.8486;24.29;28.7713;28.7476
-4.50301;24.0223;24.4407;28.9407;28.9214
-4.39899;24.1869;24.5837;29.1016;29.086
-4.30038;24.3502;24.727;29.2618;29.2493
-4.2002;24.5184;24.8755;29.4272;29.4174
-4.1116;24.6755;25.0157;29.5821;29.5746
-4.02692;24.8199;25.1445;29.7247;29.719
-3.92893;24.9948;25.3018;29.8979;29.8939
-3.82421;25.1571;25.4462;30.0586;30.0562
-3.7234;25.3141;25.5865;30.2145;30.2132
-3.6146;25.4823;25.7373;30.3818;30.3813
-3.51084;25.6282;25.8675;30.5273;30.5273
-3.40233;25.7724;25.996;30.6715;30.6714
-3.28206;25.9251;26.132;30.8246;30.8242
-3.15836;26.0826;26.2732;30.983;30.9817
-3.03462;26.2402;26.4151;31.142;31.1393
-2.91659;26.3914;26.5521;31.2949;31.2905
-2.7975;26.5371;26.6842;31.4428;31.4362
-2.66954;26.6899;26.8231;31.5985;31.589
-2.54039;26.8419;26.9618;31.7538;31.741
-2.43893;27.0199;27.1297;31.9348;31.9189
-2.34108;27.1925;27.2931;32.1105;32.0916
-2.2487;27.3619;27.4541;32.2831;32.2609
-2.15159;27.5332;27.6171;32.458;32.4323
-2.05317;27.7067;27.7827;32.6354;32.6058
-1.93692;27.8872;27.9544;32.8209;32.7863
-1.811;28.0599;28.1182;32.9994;32.9589
-1.69844;28.2163;28.2673;33.1613;33.1153
-1.58564;28.376;28.4202;33.3269;33.275
-1.46846;28.5435;28.5812;33.5009;33.4426
-1.35377;28.7045;28.7364;33.6686;33.6036
-1.24499;28.8797;28.9066;33.8503;33.7788
-1.13956;29.0512;29.0736;34.0284;33.9503
-1.03162;29.2193;29.2375;34.2035;34.1183
-0.901033;29.3712;29.385;34.3645;34.2702
-0.74405;29.5602;29.5695;34.5649;34.4592
-0.618065;29.7157;29.7222;34.73;34.6148
-0.48165;29.8647;29.8686;34.8898;34.7638

-0.344091;-29.9851;29.987;35.0514;34.914
-0.204027;-29.8147;29.8154;35.2336;35.0843
-0.0764765;-29.6726;29.6727;35.3871;35.2264
0.0510208;-29.5164;29.5164;35.5549;35.3827
0.185134;-29.3728;29.3734;35.7111;35.5262
0.32328;-29.2226;29.2244;35.8748;35.6765
0.473376;-29.0653;29.0692;36.0473;35.8338
0.60474;-28.8969;28.9033;36.2291;36.0021
0.728578;-28.7385;28.7477;36.4005;36.1606
0.860086;-28.5768;28.5897;36.5764;36.3223
1.01561;-28.4368;28.4549;36.734;36.4623
1.16336;-28.2984;28.3223;36.8896;36.6007
1.29374;-28.164;28.1937;37.0394;36.7351
1.42518;-28.0307;28.0669;37.1885;36.8683
1.5733;-27.8729;27.9172;37.3646;37.0262
1.71874;-27.7283;27.7815;37.5276;37.1708
1.8611;-27.5952;27.6579;37.6792;37.3038
2.00802;-27.4657;27.539;37.8284;37.4334
2.15834;-27.3361;27.4212;37.9784;37.5629
2.31574;-27.1883;27.2867;38.1482;37.7108
2.50321;-27.0437;27.1593;38.3197;37.8553
2.67315;-26.9061;27.0385;38.4823;37.993
2.82391;-26.7896;26.938;38.6215;38.1095
2.97927;-26.6518;26.8178;38.7829;38.2473
3.12162;-26.5225;26.7055;38.9342;38.3766
3.26643;-26.3946;26.5959;39.0849;38.5045
3.43119;-26.2674;26.4905;39.2387;38.6317
3.58654;-26.141;26.3859;39.3906;38.758
3.74395;-26.0093;26.2774;39.5485;38.8898
3.89685;-25.8781;26.1698;39.7055;39.021
4.03491;-25.7352;26.0496;39.8716;39.1639
4.18376;-25.5873;25.9271;40.045;39.3118
4.34269;-25.4432;25.8112;40.2169;39.4559
4.51225;-25.3012;25.7004;40.3893;39.5979
4.67157;-25.1842;25.6138;40.5356;39.7149
4.82911;-25.0679;25.5288;40.6814;39.8312
4.99379;-24.9616;25.4562;40.8191;39.9375
5.16621;-24.851;25.3823;40.9632;40.0481
5.33831;-24.7259;25.2956;41.122;40.1732
5.49812;-24.6048;25.2116;41.2746;40.2943
5.66375;-24.4823;25.1289;41.4303;40.4168
5.81653;-24.3791;25.0633;41.5648;40.52
5.97627;-24.2671;24.9922;41.7097;40.6319
6.11835;-24.1454;24.9085;41.8605;40.7537
6.24642;-24.0368;24.8351;41.9957;40.8623
6.41183;-23.9194;24.7639;42.1482;40.9796
6.57525;-23.8036;24.6951;42.2992;41.0954
6.74333;-23.6936;24.6345;42.4462;41.2055
6.92087;-23.5943;24.5884;42.5854;41.3048
7.09443;-23.4757;24.5243;42.7429;41.4234
7.24432;-23.3637;24.461;42.8886;41.5354
7.41124;-23.253;24.4055;43.0376;41.6461
7.57447;-23.1371;24.3453;43.1912;41.762
7.7363;-23.021;24.2861;43.3449;41.8781
7.89912;-22.8986;24.2228;43.5053;42.0004
8.04275;-22.7706;24.1493;43.6664;42.1285
8.20119;-22.6298;24.0701;43.8441;42.2693
8.35155;-22.4891;23.9898;44.0198;42.4099
8.50092;-22.3493;23.9114;44.1947;42.5498
8.63729;-22.2126;23.8328;44.3632;42.6865
8.7781;-22.0715;23.753;44.5375;42.8276
8.92838;-21.9247;23.673;44.72;42.9744
9.0824;-21.7891;23.6063;44.893;43.1099
9.23337;-21.6448;23.5319;45.0739;43.2543
9.37074;-21.4984;23.4519;45.2531;43.4007
9.51155;-21.3494;23.3723;45.436;43.5497
9.66213;-21.1935;23.2921;45.6284;43.7056
9.79781;-21.0528;23.2211;45.8022;43.8462
9.93628;-20.9095;23.1503;45.9796;43.9896
10.0908;-20.7616;23.0839;46.1662;44.1375
10.2211;-20.6347;23.0274;46.3257;44.2644
10.338;-20.4951;22.9548;46.4936;44.4039
10.4657;-20.3434;22.8777;46.6764;44.5556
10.6064;-20.1976;22.8131;46.8577;44.7015
10.7454;-20.0422;22.741;47.0476;44.8568
10.8666;-19.893;22.6675;47.2265;45.0061
11.001;-19.7538;22.6105;47.4;45.1453
11.1336;-19.6082;22.5486;47.5791;45.2908
11.2751;-19.4493;22.4812;47.7738;45.4497
11.4081;-19.3;22.4195;47.9569;45.5991
11.5476;-19.1448;22.3577;48.1478;45.7543
11.6787;-18.9908;22.2945;48.335;45.9083
11.8109;-18.8382;22.2346;48.5213;46.0608
11.944;-18.6911;22.1814;48.7029;46.208
12.0773;-18.542;22.1284;48.8866;46.3571
12.2385;-18.3719;22.075;49.0991;46.5272
12.3696;-18.2349;22.0345;49.2709;46.6642
12.5123;-18.0901;21.9957;49.4539;46.809
12.6611;-17.9524;21.968;49.6323;46.9467
12.806;-17.8198;21.9439;49.8049;47.0793
12.9472;-17.705;21.9339;49.9596;47.1941
13.105;-17.5757;21.9236;50.1336;47.3234
13.2583;-17.4773;21.9371;50.2772;47.4218
13.4267;-17.3855;21.9666;50.4199;47.5135
13.61;-17.3033;22.0145;50.5589;47.5957
13.7922;-17.2206;22.0629;50.6984;47.6785
13.9805;-17.1202;22.1033;50.857;47.7789
14.1633;-17.0102;22.1347;51.0232;47.8889
14.3122;-16.908;22.1522;51.1706;47.9911
14.4715;-16.7927;22.1679;51.3342;48.1064
14.6341;-16.6644;22.1779;51.5112;48.2347
14.7908;-16.54;22.1887;51.6828;48.3591
14.9446;-16.4056;22.192;51.863;48.4935
15.0952;-16.2719;22.1955;52.0414;48.6272
15.2445;-16.1556;22.2126;52.2034;48.7435
15.3994;-15.9987;22.2058;52.4054;48.9004
15.5432;-15.852;22.2008;52.594;49.0471
15.6904;-15.7174;22.2087;52.7728;49.1817
15.8246;-15.586;22.2113;52.944;49.3131
15.9599;-15.4474;22.2112;53.1224;49.4517
16.1051;-15.3072;22.219;53.306;49.5919
16.233;-15.1583;22.21;53.4915;49.7408
16.3639;-15.0079;22.204;53.6795;49.8912
16.5052;-14.8574;22.2073;53.8715;50.0417
16.6464;-14.7037;22.2104;54.0667;50.1954
16.7993;-14.5551;22.2277;54.2616;50.344
16.9473;-14.4197;22.2518;54.4424;50.4793
17.0972;-14.2794;22.2759;54.6288;50.6197
17.2553;-14.1528;22.317;54.8056;50.7463
17.4122;-14.0303;22.3615;54.9784;50.8688
17.5842;-13.8847;22.4051;55.1784;51.0144
17.7306;-13.7507;22.4379;55.3582;51.1483
17.8834;-13.6131;22.4752;55.5438;51.2859
18.0467;-13.4834;22.5275;55.7264;51.4157
18.212;-13.3535;22.583;55.91;51.5456
18.3564;-13.2266;22.6252;56.0831;51.6725
18.5082;-13.0956;22.6726;56.2629;51.8035
18.6401;-12.9608;22.7032;56.4384;51.9383
18.7976;-12.7863;22.7341;56.6607;52.1128
18.928;-12.6322;22.7561;56.8536;52.2669
19.0427;-12.4749;22.765;57.0434;52.4241
19.1593;-12.3179;22.7774;57.2337;52.5812
19.2815;-12.1576;22.7943;57.4293;52.7415
19.4213;-11.9899;22.8242;57.6386;52.9091
19.5356;-11.8409;22.8439;57.8207;53.0581
19.6592;-11.6841;22.8693;58.0138;53.215
19.7792;-11.5078;22.8833;58.2233;53.3913
19.8925;-11.3438;22.8997;58.4189;53.5553
20.012;-11.1684;22.9175;58.6274;53.7307
20.1249;-11.0043;22.937;58.823;53.8948
20.2371;-10.8397;22.9573;59.0188;54.0594
20.3507;-10.678;22.982;59.2125;54.221
20.4627;-10.5128;23.0052;59.4088;54.3863
20.5956;-10.3673;23.0578;59.5955;54.5317
20.7254;-10.2197;23.1081;59.783;54.6794
20.8607;-10.0682;23.1633;59.9762;54.8308
20.9585;-9.91651;23.1862;60.1546;54.9826
21.0605;-9.73956;23.2035;60.3577;55.1595
21.1736;-9.56021;23.2319;60.5675;55.3389
21.2948;-9.43242;23.2903;60.7336;55.4667
21.4242;-9.28197;23.3485;60.9237;55.6171
21.5411;-9.12516;23.3941;61.1146;55.7739
21.6364;-8.97933;23.4256;61.2866;55.9197
21.7453;-8.84259;23.4745;61.456;56.0565
21.8727;-8.68728;23.5348;61.6499;56.2118
22.0038;-8.52631;23.598;61.8505;56.3728
22.1284;-8.3718;23.6591;62.0426;56.5273
22.255;-8.22281;23.7255;62.2306;56.6763
22.389;-8.06683;23.7979;62.428;56.8322
22.5209;-7.91746;23.8721;62.6186;56.9816
22.6575;-7.77585;23.9547;62.8041;57.1232
22.807;-7.64176;24.0532;62.9883;57.2573
22.9694;-7.49844;24.1624;63.1863;57.4006
23.1182;-7.35977;24.2614;63.3745;57.5393
23.2691;-7.22177;24.3641;63.5631;57.6773
23.4039;-7.09611;24.4561;63.7338;57.803
23.5424;-6.97954;24.5552;63.8979;57.9195
23.7014;-6.84183;24.6691;64.09;58.0572
23.8695;-6.71311;24.7956;64.2779;58.186
24.0307;-6.59279;24.9187;64.4554;58.3063
24.1907;-6.47318;25.0418;64.6318;58.4259
24.3585;-6.35249;25.1733;64.8128;58.5466
24.5031;-6.22016;25.2803;64.9943;58.6789
24.6537;-6.08465;25.3935;65.1815;58.8144
24.784;-5.94272;25.4866;65.3658;58.9564
24.9211;-5.78855;25.5845;65.564;59.1105
25.0445;-5.64863;25.6736;65.7436;59.2504
25.1649;-5.49875;25.7587;65.9309;59.4003
25.2738;-5.3149;25.8266;66.1437;59.5842
25.372;-5.14041;25.8874;66.3436;59.7587
25.4656;-4.96343;25.9448;66.5437;59.9356
25.538;-4.77628;25.9808;66.7436;60.1228
25.6184;-4.59475;26.0271;66.9421;60.3043
25.6842;-4.40823;26.0597;67.1387;60.4908
25.7577;-4.22797;26.1024;67.333;60.6711
25.8134;-4.06514;26.1315;67.5039;60.8339
25.8889;-3.87106;26.1767;67.7115;61.028
25.9612;-3.68463;26.2214;67.9109;61.2144
26.0256;-3.50649;26.2608;68.0993;61.3926
26.0853;-3.31403;26.295;68.2987;61.585
26.1454;-3.13409;26.3326;68.4869;61.765
26.1861;-2.95109;26.3518;68.6695;61.948
26.2406;-2.75794;26.3851;68.8673;62.1411
26.2922;-2.59064;26.4195;69.0405;62.3084
26.3725;-2.37472;26.4792;69.2699;62.5244
26.4416;-2.18698;26.5319;69.4692;62.7121
26.5344;-1.99784;26.6095;69.6798;62.9012
26.6368;-1.8161;26.6986;69.888;63.083
26.7344;-1.63642;26.7845;70.0922;63.2627
26.8329;-1.46548;26.8729;70.2889;63.4336
26.9513;-1.31322;26.9832;70.4772;63.5859
27.0732;-1.15674;27.0979;70.671;63.7423
27.1964;-0.983247;27.2141;70.8807;63.9158
27.297;-0.832965;27.3097;71.0597;64.0661
27.4103;-0.666632;27.4184;71.2587;64.2324
27.528;-0.499488;27.5325;71.4603;64.3996
27.6458;-0.335176;27.6478;71.6595;64.5639
27.7567;-0.166443;27.7572;71.8596;64.7326
27.8772;-0.00474391;27.8772;72.0576;64.8943
27.9869;0.138556;27.9872;72.2344;65.0376
28.1275;0.296299;28.129;72.4376;65.1954
28.265;0.455684;28.2687;72.641;65.3548
28.396;0.600378;28.4024;72.8284;65.4995
28.5185;0.754978;28.5285;73.021;65.6541
28.6469;0.908633;28.6613;73.2154;65.8077
28.7573;1.0796;28.7775;73.4174;65.9787
28.8624;1.25125;28.8896;73.6178;66.1503
28.9716;1.42274;29.0065;73.8198;66.3218
29.0806;1.58936;29.124;74.0174;66.4884
29.1781;1.76733;29.2316;74.2201;66.6664
29.2867;1.9536;29.3518;74.4351;66.8527
29.3895;2.11998;29.4659;74.6298;67.0191
29.5006;2.28791;29.5892;74.8295;67.187
29.5803;2.45057;29.6817;75.0106;67.3496
29.6686;2.6321;29.7851;75.2124;67.5312
29.7487;2.80256;29.8804;75.4008;67.7016
29.834;2.98401;29.9829;75.6013;67.8831
29.9069;3.16588;30.074;75.7967;68.065
29.9985;3.36087;30.1862;76.0121;68.2599

-29.9115;3.55066;30.1215;76.2221;68.4497
-29.8388;3.72146;30.07;76.4074;68.6205
-29.7529;3.90159;30.0077;76.607;68.8007
-29.6656;4.08131;29.945;76.8068;68.9804
-29.5722;4.26803;29.8786;77.0156;69.1671
-29.4773;4.45352;29.8118;77.2239;69.3526
-29.3886;4.62692;29.7506;77.4186;69.526
-29.2872;4.77344;29.6737;77.5948;69.6725
-29.1674;4.94097;29.5829;77.798;69.84
-29.0359;5.10429;29.4812;78.0025;70.0034
-28.9106;5.25996;29.3852;78.1976;70.159
-28.782;5.42481;29.2888;78.4022;70.3239
-28.6584;5.58654;29.1978;78.602;70.4856
-28.5577;5.74277;29.1294;78.7867;70.6418
-28.4487;5.90022;29.0541;78.9761;70.7993
-28.344;6.06186;28.985;79.1674;70.9609
-28.2355;6.22955;28.9145;79.3658;71.1286
-28.1406;6.39284;28.8576;79.5543;71.2919
-28.0429;6.56126;28.8002;79.7485;71.4603
-27.9626;6.74977;28.7657;79.9531;71.6488
-27.882;6.95332;28.736;80.1713;71.8524
-27.8078;7.13879;28.7096;80.3704;72.0379
-27.7365;7.32741;28.6881;80.5711;72.2265
-27.6696;7.51009;28.6707;80.7645;72.4092
-27.5779;7.70287;28.6334;80.978;72.6019
-27.4821;7.89612;28.594;81.1936;72.7952
-27.393;8.07906;28.5596;81.3971;72.9781
-27.3095;8.23714;28.5248;81.5758;73.1362
-27.2334;8.43286;28.5091;81.7851;73.3319
-27.1656;8.59506;28.4929;81.9605;73.4941
-27.0882;8.78063;28.4757;82.1612;73.6797
-27.0108;8.96443;28.4596;82.3602;73.8635
-26.9261;9.13628;28.4339;82.5518;74.0354
-26.837;9.30372;28.4039;82.7414;74.2028
-26.7592;9.4983;28.395;82.9503;74.3974
-26.7106;9.69932;28.4171;83.1521;74.5984
-26.6644;9.88739;28.4386;83.3413;74.7865
-26.6197;10.089;28.4675;83.5419;74.988
-26.5841;10.2982;28.5091;83.7455;75.1973
-26.5599;10.499;28.5597;83.9364;75.3981
-26.532;10.6943;28.6062;84.1241;75.5934
-26.5052;10.8951;28.6571;84.3163;75.7942
-26.4737;11.0812;28.6993;84.4975;75.9803
-26.4296;11.2615;28.7288;84.6788;76.1605
-26.381;11.4565;28.7612;84.8755;76.3556
-26.3251;11.6544;28.7895;85.078;76.5535
-26.2797;11.8315;28.8203;85.2571;76.7305
-26.2321;12.0079;28.8499;85.4366;76.9069
-26.1696;12.1909;28.8698;85.6286;77.09
-26.0832;12.3894;28.8762;85.8449;77.2885
-26.0192;12.5814;28.9014;86.0457;77.4805
-25.9557;12.7713;28.9275;86.2443;77.6703
-25.9053;12.952;28.9627;86.4289;77.851
-25.8567;13.1456;29.0065;86.6245;78.0447
-25.8227;13.3488;29.0689;86.8223;78.2479
-25.796;13.5307;29.1292;86.9978;78.4298
-25.7556;13.7357;29.1894;87.2001;78.6348
-25.7195;13.9308;29.25;87.3917;78.8299
-25.7281;14.0899;29.3336;87.5315;78.989
-25.7416;14.2924;29.4432;87.7084;79.1915
-25.7391;14.47;29.5277;87.8699;79.3691
-25.7426;14.6757;29.632;88.0543;79.5748
-25.7409;14.8646;29.7245;88.2257;79.7636
-25.737;15.0697;29.8243;88.4128;79.9687
-25.7056;15.2767;29.9024;88.6135;80.1757
-25.6738;15.4697;29.9742;88.8017;80.3687
-25.6292;15.6663;30.0381;88.9986;80.5654
-25.5837;15.8625;30.1022;89.1956;80.7616
-25.5474;16.0851;30.1894;89.4125;80.9842
-25.5222;16.3116;30.2894;89.6284;81.2106
-25.5;16.5129;30.3797;89.8202;81.412
-25.4797;16.7022;30.4661;90.0004;81.6013
-25.4543;16.9056;30.5568;90.1955;81.8046
-25.4268;17.1116;30.6485;90.394;82.0107
-25.4037;17.3038;30.7371;90.5781;82.2029
-25.3762;17.5085;30.8302;90.7754;82.4076
-25.344;17.7031;30.9147;90.9656;82.6022
-25.3112;17.8945;30.9979;91.1532;82.7936
-25.2588;18.0916;31.0695;91.3541;82.9906
-25.1879;18.2715;31.1172;91.5472;83.1706
-25.1262;18.4599;31.1784;91.7441;83.359
-25.0651;18.651;31.2429;91.9433;83.5501
-25.0038;18.842;31.3083;92.1424;83.7411
-24.9507;19.0285;31.3786;92.3341;83.9276
-24.8952;19.2206;31.4515;92.5318;84.1196
-24.8211;19.4149;31.5123;92.7394;84.314
-24.7592;19.587;31.5701;92.9216;84.4861
-24.685;19.7816;31.6332;93.1294;84.6806
-24.6396;19.9446;31.7001;93.2965;84.8437
-24.5877;20.1621;31.7972;93.5159;85.0611
-24.5406;20.3586;31.886;93.7142;85.2577
-24.5073;20.5534;31.9851;93.9053;85.4525
-24.4738;20.7686;32.0983;94.115;85.6677
-24.4196;20.967;32.1859;94.3181;85.8661
-24.3632;21.1626;32.271;94.5195;86.0617
-24.3151;21.3617;32.3658;94.7207;86.2608
-24.2871;21.5458;32.4667;94.8999;86.4448
-24.2603;21.7604;32.5895;95.1064;86.6594
-24.2357;21.9577;32.7034;95.2964;86.8568
-24.2311;22.1692;32.8423;95.4911;87.0682
-24.2336;22.4094;33.0068;95.7091;87.3085
-24.224;22.6154;33.14;95.901;87.5145
-24.2305;22.8217;33.2859;96.0867;87.7208
-24.2389;23.0149;33.4247;96.2597;87.914
-24.2478;23.2147;33.569;96.4385;88.1138
-24.2719;23.4253;33.7324;96.6212;88.3244
-24.2959;23.6199;33.8849;96.7894;88.5189
-24.3228;23.8168;34.0418;96.9587;88.7159
-24.3522;24.0099;34.198;97.1235;88.9089
-24.3857;24.2115;34.3636;97.2947;89.1106
-24.4184;24.408;34.5255;97.4616;89.3071
-24.4504;24.586;34.6741;97.612;89.4851
-24.4789;24.7823;34.8336;97.7806;89.6814
-24.5165;24.9626;34.9885;97.931;89.8617
-24.5534;25.1567;35.1529;98.0946;90.0558
-24.5902;25.3405;35.3103;98.2488;90.2396
-24.6466;25.5255;35.4825;98.3964;90.4246
-24.707;25.7199;35.6644;98.5514;90.619
-24.7698;25.9062;35.8424;98.6981;90.8053
-24.8312;26.0871;36.0156;98.8404;90.9861
-24.8931;26.2724;36.1926;98.987;91.1715
-24.937;26.4524;36.3536;99.1358;91.3515
-24.9844;26.6469;36.5277;99.2966;91.5459
-25.0401;26.8265;36.6969;99.4407;91.7255
-25.103;27.0011;36.8676;99.5775;91.9002
-25.1707;27.2131;37.0691;99.7472;92.1122
-25.2241;27.4059;37.247;99.9049;92.305
-25.2728;27.5938;37.4183;100.06;92.4929
-25.3204;27.7789;37.5871;100.213;92.6779
-25.3783;27.9511;37.7534;100.35;92.8501
-25.4611;28.1406;37.9494;100.494;93.0396
-25.537;28.3202;38.1336;100.632;93.2193
-25.6158;28.5105;38.3278;100.779;93.4096
-25.6858;28.7012;38.5165;100.929;93.6002
-25.7433;28.8862;38.6927;101.079;93.7852
-25.8174;29.0728;38.8814;101.225;93.9718
-25.8785;29.2506;39.055;101.367;94.1497
-25.9155;29.4355;39.2182;101.525;94.3346
-25.9585;29.6365;39.3975;101.696;94.5356
-26.003;29.8493;39.587;101.878;94.7484

-26.0437;-29.9651;39.7011;102.036;94.934
-26.1106;-29.7804;39.606;102.183;95.1187
-26.1787;-29.5922;39.5098;102.333;95.3069
-26.2505;-29.4093;39.4207;102.478;95.4898
-26.3185;-29.2299;39.3326;102.62;95.6691
-26.3895;-29.0393;39.2388;102.772;95.8598
-26.4648;-28.8638;39.16;102.909;96.0353
-26.5397;-28.6898;39.0828;103.044;96.2092
-26.6153;-28.517;39.0076;103.179;96.3821
-26.6967;-28.3409;38.9348;103.314;96.5582
-26.7773;-28.1559;38.8559;103.459;96.7431
-26.8505;-27.9823;38.7809;103.595;96.9168
-26.9114;-27.806;38.6962;103.739;97.0931
-26.9593;-27.607;38.5869;103.908;97.2921
-27.0326;-27.4034;38.493;104.073;97.4956
-27.1037;-27.2139;38.4084;104.226;97.6852
-27.1532;-27.0246;38.3096;104.386;97.8744
-27.2042;-26.8329;38.2109;104.548;98.0662
-27.2555;-26.64;38.1124;104.711;98.2591
-27.3264;-26.4517;38.0319;104.864;98.4474
-27.4231;-26.296;37.9935;104.977;98.6031
-27.5185;-26.128;37.9466;105.102;98.7711
-27.5965;-25.9368;37.8719;105.255;98.9623
-27.6441;-25.7398;37.7721;105.424;99.1593
-27.6994;-25.5609;37.6911;105.573;99.3381
-27.763;-25.3715;37.6098;105.73;99.5276
-27.8227;-25.1788;37.5243;105.892;99.7203
-27.88;-25.0027;37.449;106.038;99.8964
-27.9251;-24.8245;37.364;106.191;100.075
-27.974;-24.6287;37.2709;106.359;100.27
-28.0118;-24.4344;37.1712;106.53;100.465
-28.0495;-24.2377;37.0707;106.703;100.661
-28.0711;-24.0231;36.9472;106.898;100.876
-28.0973;-23.8163;36.8331;107.085;101.083
-28.0944;-23.6382;36.716;107.254;101.261
-28.0921;-23.4388;36.5861;107.443;101.46
-28.0817;-23.2352;36.448;107.639;101.664
-28.0751;-23.0358;36.3161;107.829;101.863
-28.0715;-22.8274;36.1814;108.027;102.072
-28.0712;-22.6294;36.0567;108.214;102.27
-28.0751;-22.4175;35.9271;108.413;102.482
-28.058;-22.2293;35.7966;108.597;102.67
-28.0685;-22.039;35.6869;108.773;102.86
-28.0804;-21.8438;35.5761;108.954;103.055
-28.1037;-21.6387;35.469;109.141;103.26
-28.1232;-21.4191;35.351;109.342;103.48
-28.1152;-21.2001;35.2123;109.552;103.699
-28.1163;-20.9932;35.0891;109.747;103.906
-28.1182;-20.7938;34.9716;109.936;104.105
-28.1146;-20.5997;34.8536;110.121;104.299
-28.1251;-20.3886;34.7378;110.317;104.51
-28.1496;-20.1788;34.635;110.508;104.72
-28.1624;-19.981;34.5306;110.691;104.918
-28.1762;-19.7813;34.4266;110.876;105.118
-28.2096;-19.5849;34.3417;111.052;105.314
-28.2435;-19.3885;34.258;111.228;105.511
-28.2929;-19.1935;34.1889;111.397;105.706
-28.3445;-18.9861;34.1157;111.578;105.913
-28.3788;-18.8005;34.0414;111.743;106.099
-28.4031;-18.6;33.9514;111.926;106.299
-28.4268;-18.4044;33.8645;112.104;106.495
-28.4408;-18.2026;33.7671;112.291;106.696
-28.4615;-17.9827;33.6666;112.494;106.916
-28.4619;-17.7858;33.5621;112.681;107.113
-28.4364;-17.5927;33.4385;112.873;107.306
-28.4104;-17.3945;33.3124;113.069;107.505
-28.3798;-17.1918;33.1809;113.271;107.707
-28.3454;-16.9942;33.0494;113.47;107.905
-28.3187;-16.798;32.926;113.665;108.101
-28.2917;-16.6008;32.8025;113.861;108.298
-28.2465;-16.4265;32.6756;114.04;108.473
-28.2001;-16.2387;32.5413;114.233;108.66
-28.152;-16.0447;32.4033;114.433;108.854
-28.1056;-15.8459;32.2648;114.636;109.053
-28.0614;-15.6532;32.132;114.833;109.246
-28.0167;-15.4585;31.9984;115.032;109.441
-27.9663;-15.2616;31.8596;115.235;109.637
-27.9174;-15.069;31.7247;115.433;109.83
-27.8548;-14.8662;31.5736;115.645;110.033
-27.7747;-14.6826;31.4167;115.845;110.217
-27.7212;-14.5182;31.2929;116.017;110.381
-27.6611;-14.3217;31.1488;116.223;110.577
-27.6048;-14.129;31.0106;116.424;110.77
-27.5458;-13.9405;30.8725;116.621;110.959
-27.4802;-13.7672;30.7359;116.806;111.132
-27.4051;-13.5804;30.5854;117.007;111.319
-27.334;-13.3963;30.4402;117.204;111.503
-27.2651;-13.2142;30.2985;117.399;111.685
-27.2032;-13.0127;30.1553;117.609;111.886
-27.1238;-12.8086;29.996;117.828;112.091
-27.0382;-12.627;29.8413;118.027;112.272
-26.9526;-12.4447;29.687;118.227;112.454
-26.8668;-12.2655;29.5342;118.424;112.634
-26.778;-12.082;29.3775;118.626;112.817
-26.6923;-11.8793;29.2164;118.845;113.02
-26.6133;-11.696;29.07;119.044;113.203
-26.5334;-11.5104;28.9225;119.245;113.389
-26.4179;-11.3501;28.7529;119.433;113.549
-26.3014;-11.1885;28.5823;119.623;113.711
-26.1781;-11.0174;28.4021;119.824;113.882
-26.0752;-10.8502;28.2426;120.015;114.049
-25.9731;-10.6787;28.0827;120.21;114.22
-25.8643;-10.5052;27.9163;120.409;114.394
-25.7657;-10.34;27.7631;120.596;114.559
-25.6714;-10.1668;27.6113;120.79;114.732
-25.5636;-10.0061;27.4522;120.977;114.893
-25.4519;-9.83536;27.2861;121.174;115.064
-25.3631;-9.66056;27.1406;121.368;115.239
-25.2633;-9.48346;26.9846;121.567;115.416
-25.1769;-9.30762;26.8422;121.761;115.591
-25.0924;-9.11725;26.6974;121.968;115.782
-25.0083;-8.934;26.5562;122.169;115.965
-24.9327;-8.75914;26.4265;122.359;116.14
-24.8438;-8.57327;26.2814;122.563;116.326
-24.7452;-8.39265;26.1297;122.765;116.506
-24.6548;-8.23064;25.9924;122.948;116.668
-24.5524;-8.0636;25.8427;123.139;116.835
-24.4477;-7.89316;25.6903;123.333;117.006
-24.3435;-7.72294;25.5392;123.528;117.176
-24.2292;-7.56979;25.3842;123.709;117.329
-24.0798;-7.39886;25.1908;123.919;117.5
-23.9485;-7.24777;25.0212;124.104;117.651
-23.814;-7.08613;24.8459;124.3;117.813
-23.6824;-6.93968;24.6783;124.481;117.959
-23.5334;-6.77801;24.49;124.681;118.121
-23.394;-6.62113;24.3129;124.875;118.278
-23.2406;-6.46298;24.1225;125.074;118.436
-23.0898;-6.32156;23.9395;125.256;118.578
-22.9422;-6.16477;23.7561;125.452;118.734
-22.7998;-6.02015;23.5812;125.635;118.879
-22.6506;-5.88092;23.4016;125.815;119.018
-22.5044;-5.74322;23.2257;125.993;119.156
-22.3553;-5.60921;23.0482;126.168;119.29
-22.2053;-5.48045;22.8716;126.339;119.419
-22.0676;-5.34211;22.705;126.514;119.557
-21.9216;-5.19783;22.5294;126.699;119.701
-21.7737;-5.0519;22.3521;126.885;119.847
-21.6393;-4.91098;22.1895;127.062;119.988
-21.5142;-4.77699;22.0382;127.23;120.122
-21.3644;-4.62552;21.8594;127.422;120.274
-21.2177;-4.4963;21.6889;127.593;120.403
-21.0631;-4.37696;21.5131;127.757;120.522
-20.9018;-4.2668;21.3328;127.914;120.632
-20.7252;-4.14258;21.1351;128.09;120.756
-20.5547;-4.01815;20.9438;128.264;120.881
-20.4073;-3.90644;20.7779;128.419;120.993
-20.2477;-3.78673;20.5987;128.585;121.112
-20.088;-3.66635;20.4198;128.752;121.233
-19.9424;-3.54107;20.2543;128.919;121.358
-19.7598;-3.36936;20.045;129.143;121.53
-19.608;-3.22754;19.8719;129.327;121.672
-19.451;-3.1011;19.6966;129.5;121.798
-19.3003;-2.97669;19.5285;129.668;121.922
-19.1396;-2.87762;19.3547;129.816;122.021
-18.9456;-2.78423;19.1491;129.97;122.115
-18.7624;-2.70074;18.9558;130.111;122.198
-18.5804;-2.6184;18.764;130.251;122.281
-18.4017;-2.52608;18.5743;130.399;122.373
-18.2111;-2.43804;18.3736;130.548;122.461
-18.0421;-2.33926;18.1931;130.699;122.56
-17.8745;-2.2325;18.0134;130.857;122.667
-17.6987;-2.12683;17.826;131.018;122.772
-17.5213;-2.03083;17.6386;131.17;122.868
-17.3475;-1.92777;17.4543;131.327;122.971
-17.2014;-1.83356;17.2989;131.467;123.066
-17.0254;-1.73377;17.1134;131.622;123.165
-16.8686;-1.63412;16.9475;131.771;123.265
-16.7056;-1.54605;16.777;131.911;123.353
-16.5334;-1.45183;16.597;132.06;123.447
-16.3474;-1.30974;16.3998;132.259;123.589
-16.1886;-1.18876;16.2321;132.429;123.71
-16.018;-1.05256;16.0525;132.617;123.847
-15.8508;-0.933845;15.8783;132.787;123.965
-15.6948;-0.816686;15.7161;132.953;124.082
-15.5374;-0.677689;15.5521;133.139;124.221
-15.3898;-0.545261;15.3994;133.316;124.354
-15.2756;-0.403541;15.2809;133.489;124.496
-15.1674;-0.242134;15.1693;133.679;124.657
-15.0423;-0.0786765;15.0425;133.876;124.82
-14.9161;0.071691;14.9163;134.062;124.971
-14.788;0.223583;14.7897;134.25;125.123
-14.6567;0.386057;14.6618;134.449;125.285
-14.5266;0.54647;14.5369;134.646;125.446
-14.393;0.715498;14.4108;134.852;125.615
-14.2675;0.876035;14.2944;135.047;125.775
-14.1346;1.0148;14.171;135.225;125.914
-14.0144;1.14991;14.0615;135.394;126.049
-13.8828;1.31362;13.9448;135.595;126.213
-13.7527;1.47569;13.8316;135.793;126.375
-13.6262;1.63054;13.7234;135.984;126.53
-13.4995;1.77172;13.6153;136.162;126.671
-13.3775;1.91636;13.5141;136.341;126.815
-13.2609;2.05725;13.4196;136.515;126.956
-13.1438;2.22538;13.3308;136.714;127.124
-13.0237;2.39542;13.2422;136.916;127.294
-12.8973;2.55836;13.1486;137.114;127.457
-12.7826;2.71889;13.0686;137.306;127.618
-12.6531;2.86971;12.9744;137.494;127.769
-12.5231;3.02596;12.8835;137.687;127.925
-12.3842;3.17255;12.7841;137.875;128.072
-12.2708;3.2998;12.7067;138.035;128.199
-12.1639;3.4316;12.6387;138.197;128.331
-12.0376;3.58887;12.5612;138.39;128.488
-11.9138;3.74593;12.4888;138.582;128.645
-11.8286;3.90126;12.4553;138.758;128.8
-11.752;4.10057;12.4469;138.971;129
-11.6866;4.31094;12.4564;139.191;129.21
-11.6276;4.50692;12.4705;139.395;129.406
-11.5776;4.69144;12.492;139.585;129.591
-11.5155;4.87453;12.5047;139.778;129.774
-11.4576;5.07886;12.5328;139.989;129.978
-11.4028;5.26975;12.5616;140.186;130.169
-11.3306;5.46283;12.5788;140.392;130.362
-11.2503;5.64259;12.586;140.589;130.542
-11.1579;5.82717;12.5879;140.795;130.726
-11.0606;6.01746;12.5915;141.008;130.917
-10.9656;6.19454;12.5943;141.207;131.094
-10.8691;6.37397;12.6002;141.41;131.273
-10.8047;6.55163;12.6359;141.599;131.451
-10.7422;6.73643;12.6797;141.794;131.636
-10.6604;6.94522;12.7232;142.018;131.844
-10.587;7.13173;12.765;142.218;132.031
-10.5089;7.30931;12.8009;142.412;132.208
-10.4499;7.50357;12.8648;142.614;132.403
-10.3721;7.7039;12.9201;142.829;132.603
-10.2841;7.88317;12.9579;143.028;132.782
-10.1956;8.06103;12.9973;143.226;132.96
-10.1057;8.23978;13.0391;143.426;133.139
-10.0074;8.42834;13.0838;143.637;133.327
-9.91266;8.60589;13.1272;143.837;133.505
-9.81306;8.78029;13.1678;144.036;133.679
-9.70668;8.94972;13.2029;144.233;133.849
-9.59884;9.12695;13.2453;144.438;134.026
-9.50532;9.29501;13.2947;144.629;134.194
-9.39735;9.47947;13.3481;144.84;134.379
-9.29735;9.64819;13.3988;145.034;134.547
-9.21471;9.82997;13.4737;145.233;134.729
-9.1274;10.0074;13.5446;145.431;134.906
-9.03848;10.1861;13.6181;145.63;135.085
-8.94018;10.3755;13.6959;145.842;135.275
-8.8691;10.5464;13.78;146.027;135.446
-8.79683;10.7291;13.8744;146.224;135.628
-8.73921;10.8891;13.9623;146.394;135.788
-8.67876;11.0901;14.0823;146.603;135.989
-8.62895;11.2997;14.2177;146.816;136.199
-8.57686;11.4884;14.3369;147.01;136.387
-8.51643;11.685;14.4592;147.215;136.584
-8.45658;11.8788;14.5815;147.417;136.778
-8.39648;12.0696;14.7029;147.617;136.969
-8.3328;12.2543;14.8191;147.812;137.153
-8.28443;12.4555;14.959;148.017;137.355
-8.22588;12.6684;15.1047;148.236;137.567
-8.16415;12.8718;15.2426;148.448;137.771
-8.11534;13.0649;15.3802;148.645;137.964
-8.06781;13.2624;15.5235;148.846;138.161
-8.0128;13.4596;15.6642;149.05;138.359
-7.94748;13.6364;15.7833;149.238;138.535
-7.87128;13.8263;15.9098;149.443;138.725
-7.79478;14.0218;16.0428;149.652;138.921
-7.71956;14.2154;16.1762;149.86;139.114
-7.62662;14.389;16.2853;150.056;139.288
-7.53271;14.5647;16.3973;150.254;139.464
-7.43824;14.7406;16.511;150.452;139.64
-7.35277;14.9439;16.6548;150.673;139.843
-7.24053;15.1436;16.7855;150.9;140.043
-7.14221;15.3202;16.9032;151.1;140.219
-7.05241;15.4855;17.0158;151.287;140.385
-6.95913;15.6614;17.138;151.485;140.561
-6.86475;15.8266;17.2513;151.674;140.726
-6.76514;15.9957;17.3675;151.868;140.895
-6.65798;16.1758;17.4924;152.075;141.075
-6.55496;16.3471;17.6123;152.272;141.246
-6.45815;16.5242;17.7413;152.473;141.423
-6.35519;16.697;17.8656;152.672;141.596
-6.25262;16.8772;17.9982;152.877;141.776
-6.15839;17.0464;18.1247;153.069;141.945
-6.03035;17.2291;18.254;153.287;142.128
-5.90941;17.3842;18.3611;153.476;142.283
-5.77755;17.5479;18.4745;153.677;142.447
-5.66081;17.6798;18.5639;153.843;142.579
-5.53631;17.8431;18.6823;154.041;142.742
-5.41335;17.9844;18.7815;154.218;142.883
-5.29224;18.1286;18.8853;154.397;143.028
-5.16391;18.2842;18.9994;154.59;143.183
-5.03679;18.4372;19.1128;154.78;143.336
-4.91165;18.5904;19.2283;154.969;143.489
-4.78902;18.7473;19.3493;155.16;143.646
-4.66573;18.9078;19.475;155.355;143.807
-4.52344;19.0859;19.6146;155.574;143.985
-4.3951;19.2448;19.7403;155.77;144.144
-4.25472;19.3774;19.839;155.946;144.277
-4.10945;19.5132;19.9412;156.127;144.412
-3.93935;19.6677;20.0583;156.334;144.567
-3.77649;19.7917;20.1488;156.511;144.691
-3.60741;19.9056;20.2299;156.681;144.805
-3.44396;20.0194;20.3134;156.848;144.918
-3.27475;20.1236;20.3883;157.009;145.023
-3.1123;20.2259;20.4639;157.166;145.125
-2.94458;20.3303;20.5424;157.327;145.229
-2.78285;20.4266;20.6153;157.478;145.326
-2.60626;20.5362;20.7009;157.647;145.435
-2.43028;20.6297;20.7724;157.802;145.529
-2.22568;20.7163;20.8356;157.961;145.615
-2.02829;20.8115;20.9101;158.125;145.711
-1.83934;20.8982;20.979;158.278;145.797
-1.65864;20.9799;21.0454;158.424;145.879
-1.48337;21.0663;21.1184;158.572;145.965
-1.29892;21.1323;21.1722;158.705;146.031
-1.10662;21.2001;21.229;158.843;146.099
-0.920456;21.2655;21.2854;158.976;146.165
-0.733452;21.334;21.3466;159.112;146.233
-0.562563;21.3966;21.404;159.237;146.296
-0.372799;21.4656;21.4688;159.376;146.365
-0.184424;21.534;21.5347;159.513;146.433
0.0204222;21.6086;21.6087;159.663;146.508
0.215355;21.6679;21.669;159.795;146.567
0.40379;21.7253;21.7291;159.923;146.624
0.593979;21.7808;21.7889;160.05;146.68
0.787658;21.8388;21.853;160.18;146.738
0.988172;21.8864;21.9087;160.304;146.785
1.18845;21.9341;21.9663;160.429;146.833
1.38372;21.9833;22.0268;160.552;146.882
1.5982;22.0177;22.0756;160.671;146.917
1.79066;22.0709;22.1435;160.797;146.97
1.98442;22.1253;22.2141;160.926;147.024
2.17195;22.1848;22.2909;161.056;147.084
2.36297;22.2461;22.3712;161.19;147.145
2.57149;22.2907;22.4385;161.316;147.19
2.76249;22.3183;22.4886;161.42;147.217
2.97087;22.3332;22.5299;161.519;147.232
3.16475;22.3562;22.579;161.619;147.255
3.35891;22.3891;22.6397;161.73;147.288
3.54656;22.4215;22.7003;161.837;147.321
3.74992;22.4627;22.7736;161.958;147.362
3.94575;22.4773;22.821;162.053;147.376
4.15088;22.4917;22.8715;162.152;147.391
4.34917;22.4933;22.9099;162.236;147.392
4.56286;22.5005;22.9584;162.332;147.4
4.77831;22.5024;23.0042;162.424;147.402
4.97626;22.5167;23.06;162.52;147.416
5.17999;22.5291;23.1169;162.617;147.428
5.38535;22.5308;23.1654;162.705;147.43
5.57389;22.5254;23.2048;162.78;147.424
5.75578;22.5194;23.2433;162.852;147.418
5.95673;22.5265;23.3007;162.944;147.426
6.14511;22.5335;23.3564;163.031;147.433
6.34755;22.5444;23.421;163.127;147.444
6.53509;22.5557;23.4833;163.218;147.455
6.73472;22.5729;23.5562;163.319;147.472
6.94959;22.5924;23.6371;163.429;147.491
7.13538;22.6203;23.719;163.534;147.519
7.32659;22.6437;23.7995;163.638;147.543
7.52677;22.668;23.885;163.747;147.567
7.72692;22.6876;23.9673;163.851;147.587
7.91294;22.6971;24.0369;163.94;147.596
8.12672;22.7097;24.12;164.045;147.609
8.32831;22.7176;24.1961;164.14;147.617
8.52789;22.7269;24.2742;164.236;147.626
8.71877;22.7362;24.3506;164.328;147.635
8.93296;22.7468;24.438;164.432;147.646
9.17043;22.7575;24.5357;164.546;147.657
9.36938;22.7696;24.6219;164.645;147.669
9.56396;22.7714;24.6983;164.732;147.67
9.76001;22.7771;24.7801;164.824;147.676
9.9748;22.7781;24.8664;164.921;147.677
10.1717;22.7758;24.944;165.007;147.675
10.3808;22.7854;25.0387;165.109;147.684
10.5779;22.7993;25.1336;165.209;147.698
10.7888;22.8264;25.2476;165.328;147.725
10.9914;22.8478;25.3542;165.438;147.747
11.2041;22.8623;25.4601;165.547;147.761
11.4107;22.872;25.5603;165.649;147.771
11.6067;22.8799;25.6555;165.745;147.779
11.8023;22.8902;25.7538;165.842;147.789
12.0022;22.8994;25.8541;165.941;147.798
12.2057;22.9097;25.9583;166.043;147.809
12.4072;22.92;26.0627;166.144;147.819
12.5938;22.932;26.1626;166.24;147.831
12.7886;22.9442;26.2675;166.34;147.843
12.9894;22.9509;26.3717;166.438;147.85
13.2136;22.9586;26.4896;166.548;147.858
13.4305;22.9661;26.6049;166.655;147.865
13.6266;22.9687;26.7066;166.748;147.868
13.8154;22.9888;26.8207;166.853;147.888
14.0303;23.0137;26.9533;166.975;147.913
14.2275;23.0362;27.0756;167.086;147.935
14.4483;23.0762;27.2262;167.224;147.975
14.6511;23.125;27.3755;167.362;148.024
14.8518;23.1937;27.5413;167.516;148.093
15.0402;23.2569;27.6964;167.66;148.156
15.2249;23.3095;27.8411;167.793;148.209
15.433;23.3479;27.9875;167.925;148.247
15.6513;23.3725;28.129;168.049;148.272
15.8498;23.3902;28.2545;168.158;148.289
16.0375;23.4053;28.3727;168.26;148.304
16.2368;23.4216;28.4992;168.369;148.321
16.4254;23.438;28.6205;168.473;148.337
16.6242;23.4734;28.764;168.598;148.373
16.8313;23.504;28.909;168.723;148.403
17.0216;23.5333;29.044;168.84;148.432
17.2326;23.5607;29.1902;168.965;148.46
17.4317;23.5877;29.3299;169.083;148.487
17.6417;23.6085;29.4719;169.202;148.508
17.8548;23.6377;29.6231;169.33;148.537
18.0701;23.6502;29.7634;169.445;148.549
18.2799;23.6503;29.8913;169.546;148.549
18.4698;23.6603;30.0157;169.646;148.559
18.6658;23.6763;30.1493;169.755;148.575
18.8652;23.671;30.269;169.847;148.57
19.0613;23.6567;30.3804;169.929;148.556
19.2659;23.6299;30.4885;170.005;148.529
19.4625;23.6085;30.5966;170.082;148.508
19.6626;23.585;30.7062;170.16;148.484
19.8508;23.5683;30.8142;170.237;148.467
20.0412;23.5558;30.9277;170.319;148.455
20.2448;23.5379;31.0465;170.404;148.437
20.441;23.5249;31.165;170.489;148.424
20.6056;23.5149;31.2657;170.561;148.414
20.8056;23.5142;31.3972;170.659;148.413
21.0075;23.5135;31.531;170.758;148.413
21.212;23.5127;31.667;170.859;148.412
21.4009;23.5224;31.801;170.961;148.422
21.5948;23.537;31.9425;171.07;148.436
21.7886;23.551;32.0841;171.178;148.45
22.0096;23.565;32.2448;171.301;148.464
22.2144;23.5771;32.3939;171.413;148.476
22.4141;23.589;32.5397;171.524;148.488
22.6384;23.5788;32.6873;171.627;148.478
22.8371;23.5697;32.8186;171.719;148.469
23.0415;23.5496;32.9468;171.804;148.449
23.2328;23.5309;33.0676;171.885;148.43
23.4422;23.5015;33.1942;171.965;148.401
23.6607;23.4682;33.3255;172.047;148.367
23.8707;23.4288;33.4473;172.119;148.328
24.0657;23.3861;33.5569;172.181;148.285
24.2608;23.3316;33.6593;172.234;148.231
24.4599;23.2718;33.7619;172.284;148.171
24.6649;23.2099;33.8682;172.335;148.109
24.8573;23.1594;33.9742;172.39;148.059
25.0378;23.1181;34.0784;172.447;148.017
25.2209;23.0735;34.1831;172.503;147.973
25.4295;23.0282;34.3068;172.572;147.927
25.6311;22.9732;34.4198;172.629;147.872
25.8075;22.9296;34.5224;172.682;147.829
26.0208;22.8732;34.6449;172.744;147.772
26.234;22.8165;34.768;172.806;147.716
26.4392;22.7528;34.8815;172.859;147.652
26.6377;22.6958;34.9952;172.913;147.595
26.8421;22.6436;35.1174;172.975;147.543
27.0432;22.614;35.2524;173.055;147.513
27.2547;22.5887;35.3987;173.144;147.488
27.4539;22.5652;35.5373;173.229;147.464
27.6492;22.5358;35.6699;173.306;147.435
27.8593;22.507;35.8148;173.392;147.406
28.0344;22.4895;35.9403;173.47;147.389
28.2449;22.4586;36.0855;173.555;147.358
28.4472;22.428;36.2251;173.636;147.327
28.6505;22.4061;36.3714;173.725;147.305
28.8473;22.3622;36.4998;173.792;147.261
29.0499;22.3364;36.6444;173.878;147.235
29.2495;22.312;36.788;173.963;147.211
29.442;22.2892;36.9275;174.047;147.188
29.6405;22.2754;37.0777;174.141;147.174
29.8531;22.2566;37.2366;174.239;147.156

-29.9206;22.2406;37.2812;174.347;147.14
-29.7211;22.2264;37.1128;174.442;147.125
-29.5126;22.2257;36.9456;174.553;147.125
-29.3118;22.2231;36.7838;174.659;147.122
-29.111;22.2215;36.623;174.766;147.121
-28.9121;22.2215;36.4651;174.874;147.121
-28.7121;22.2217;36.3069;174.982;147.121
-28.5129;22.2209;36.1491;175.089;147.12
-28.3153;22.2189;35.9921;175.195;147.118
-28.1182;22.2179;35.8367;175.301;147.117
-27.9422;22.1981;35.6864;175.38;147.097
-27.7344;22.1894;35.5186;175.486;147.089
-27.5556;22.1822;35.3746;175.578;147.081
-27.3458;22.1913;35.2171;175.7;147.09
-27.1356;22.211;35.0667;175.831;147.11
-26.9462;22.2197;34.9258;175.943;147.119
-26.7534;22.252;34.798;176.075;147.151
-26.569;22.2896;34.6805;176.208;147.189
-26.4011;22.3363;34.5822;176.339;147.235
-26.213;22.3954;34.4772;176.492;147.294
-26.0202;22.4559;34.3703;176.649;147.355
-25.8264;22.506;34.2568;176.798;147.405
-25.6365;22.5761;34.1601;176.961;147.475
-25.4547;22.6398;34.0661;177.115;147.539
-25.2687;22.7023;33.9692;177.27;147.601
-25.0595;22.7607;33.853;177.434;147.66
-24.8565;22.8128;33.7382;177.59;147.712
-24.6526;22.8525;33.6153;177.737;147.752
-24.4685;22.901;33.5137;177.879;147.8
-24.2522;22.9692;33.4029;178.056;147.868
-24.0721;23.0307;33.3148;178.208;147.93
-23.8638;23.0957;33.2098;178.378;147.995
-23.6732;23.1852;33.1357;178.559;148.084
-23.497;23.2703;33.0699;178.728;148.169
-23.3063;23.3514;32.992;178.902;148.25
-23.1224;23.4302;32.9184;179.07;148.329
-22.9318;23.5144;32.845;179.247;148.414
-22.7521;23.5965;32.7789;179.415;148.496
-22.5815;23.6765;32.7185;179.577;148.576
-22.4155;23.7603;32.665;179.74;148.659
-22.2317;23.8632;32.6145;179.928;148.762
-22.0484;23.9756;32.5724;180.124;148.875
-21.8791;24.0816;32.5364;180.307;148.981
-21.7073;24.186;32.4988;180.49;149.085
-21.5353;24.2975;32.4675;180.679;149.197
-21.368;24.4064;32.4386;180.864;149.305
-21.1861;24.5156;32.4016;181.056;149.415
-21.0091;24.6136;32.3606;181.237;149.513
-20.8302;24.7286;32.3326;181.433;149.628
-20.6899;24.8258;32.3171;181.593;149.725
-20.5136;24.9411;32.2935;181.788;149.84
-20.3409;25.0544;32.2719;181.979;149.953
-20.1679;25.168;32.2517;182.171;150.067
-19.9947;25.2768;32.229;182.358;150.176
-19.8282;25.3924;32.2169;182.548;150.291
-19.6604;25.5138;32.21;182.743;150.413
-19.5067;25.6269;32.2063;182.924;150.526
-19.3488;25.7483;32.2079;183.113;150.647
-19.1926;25.868;32.2104;183.301;150.767
-19.0229;25.9975;32.214;183.504;150.897
-18.869;26.1318;32.2321;183.702;151.031
-18.7163;26.261;32.2481;183.895;151.16
-18.5625;26.3948;32.2684;184.092;151.294
-18.4365;26.5433;32.318;184.286;151.442
-18.31;26.7082;32.3819;184.494;151.607
-18.1883;26.8671;32.4446;184.694;151.766
-18.0668;27.0215;32.5049;184.89;151.921
-17.9444;27.1792;32.5685;185.089;152.078
-17.8159;27.3343;32.6278;185.29;152.233
-17.6867;27.489;32.6874;185.491;152.388
-17.5437;27.6412;32.7387;185.697;152.54
-17.4015;27.7747;32.7757;185.888;152.674
-17.2546;27.9088;32.8119;186.082;152.808
-17.086;28.0235;32.8215;186.272;152.923
-16.9374;28.1312;32.8365;186.446;153.03
-16.7692;28.2576;32.8588;186.645;153.157
-16.6099;28.3777;32.8813;186.835;153.277
-16.4357;28.4983;32.8981;187.034;153.397
-16.2687;28.618;32.919;187.227;153.517
-16.108;28.7107;32.9207;187.395;153.61
-15.9281;28.8023;32.9131;187.573;153.701
-15.746;28.8852;32.8982;187.746;153.784
-15.5623;28.9593;32.8759;187.912;153.858
-15.3765;29.0354;32.8556;188.081;153.934
-15.1995;29.105;32.8348;188.24;154.004
-15.0021;29.2048;32.8326;188.435;154.104
-14.8203;29.2949;32.8304;188.613;154.194
-14.6344;29.3848;32.8273;188.794;154.284
-14.4555;29.474;32.828;188.97;154.373
-14.2673;29.5912;32.851;189.174;154.49
-14.0939;29.7305;32.902;189.388;154.63
-13.9453;29.851;32.9477;189.572;154.75
-13.7787;29.9728;32.9882;189.768;154.872

-13.6125;-29.9118;32.8636;189.958;154.987
-13.4485;-29.7976;32.6918;190.146;155.102
-13.2876;-29.6811;32.5197;190.334;155.218
-13.1373;-29.572;32.3587;190.51;155.327
-12.9844;-29.4498;32.1852;190.698;155.449
-12.8233;-29.3359;32.0161;190.884;155.563
-12.6451;-29.213;31.8323;191.088;155.686
-12.4959;-29.1035;31.6727;191.264;155.796
-12.3335;-28.9848;31.4997;191.455;155.914
-12.1808;-28.8743;31.3384;191.633;156.025
-11.9976;-28.7481;31.1512;191.842;156.151
-11.825;-28.6385;30.9838;192.032;156.261
-11.6836;-28.5469;30.8453;192.188;156.352
-11.5149;-28.4241;30.668;192.386;156.475
-11.3483;-28.314;30.5036;192.573;156.585
-11.1862;-28.202;30.3395;192.758;156.697
-11.0165;-28.0774;30.1613;192.959;156.822
-10.8604;-27.9381;29.9748;193.163;156.961
-10.7233;-27.8007;29.7971;193.354;157.098
-10.5693;-27.6745;29.6241;193.547;157.225
-10.4152;-27.5493;29.4524;193.738;157.35
-10.2557;-27.4188;29.274;193.937;157.48
-10.0994;-27.2896;29.0985;194.133;157.609
-9.95395;-27.1663;28.9325;194.318;157.733
-9.80268;-27.0342;28.7566;194.514;157.865
-9.64867;-26.9063;28.584;194.708;157.993
-9.49449;-26.7831;28.4162;194.898;158.116
-9.34518;-26.6526;28.2434;195.091;158.247
-9.19432;-26.5196;28.0682;195.287;158.38
-9.05223;-26.3895;27.8989;195.476;158.51
-8.92906;-26.2386;27.7163;195.67;158.66
-8.80034;-26.0853;27.5298;195.87;158.814
-8.66536;-25.9475;27.3562;196.061;158.952
-8.52386;-25.8299;27.2;196.239;159.069
-8.35832;-25.6837;27.0095;196.454;159.215
-8.21267;-25.5495;26.837;196.648;159.35
-8.06937;-25.4213;26.6713;196.836;159.478
-7.92067;-25.2856;26.4972;197.033;159.613
-7.76074;-25.1342;26.305;197.25;159.765
-7.61057;-25.0098;26.1421;197.439;159.889
-7.44907;-24.9056;25.9958;197.618;159.993
-7.28601;-24.7967;25.845;197.802;160.102
-7.11222;-24.6901;25.6941;197.99;160.209
-6.93296;-24.5794;25.5385;198.185;160.32
-6.74888;-24.4879;25.4009;198.367;160.411
-6.55691;-24.3812;25.2475;198.566;160.518
-6.39762;-24.2993;25.1274;198.726;160.6
-6.22178;-24.1966;24.9838;198.913;160.702
-6.04537;-24.0977;24.8444;199.097;160.801
-5.85632;-23.9888;24.6933;199.296;160.91
-5.68333;-23.8842;24.5511;199.483;161.015
-5.5155;-23.7959;24.4267;199.653;161.103
-5.33129;-23.6993;24.2916;199.84;161.2
-5.15167;-23.6086;24.1641;200.019;161.29
-4.97391;-23.5322;24.0522;200.186;161.367
-4.79036;-23.453;23.9372;200.359;161.446
-4.6074;-23.3691;23.8189;200.535;161.53
-4.41972;-23.2818;23.6976;200.716;161.617
-4.24298;-23.2229;23.6074;200.868;161.676
-4.06564;-23.1561;23.5103;201.027;161.743
-3.87567;-23.0912;23.4142;201.192;161.808
-3.69893;-23.0461;23.341;201.334;161.853
-3.51284;-22.9842;23.2511;201.494;161.915
-3.33253;-22.9288;23.1697;201.646;161.97
-3.14997;-22.8634;23.0793;201.807;162.036
-2.9614;-22.7823;22.974;201.985;162.117
-2.76507;-22.7084;22.8761;202.161;162.191
-2.59513;-22.6324;22.7807;202.324;162.267
-2.41325;-22.5524;22.6812;202.497;162.347
-2.2328;-22.4723;22.5829;202.669;162.427
-2.03827;-22.4037;22.4963;202.84;162.495
-1.8398;-22.3501;22.4257;203.002;162.549
-1.64468;-22.3031;22.3637;203.156;162.596
-1.43822;-22.2606;22.307;203.314;162.639
-1.24016;-22.2121;22.2467;203.472;162.687
-1.04154;-22.1618;22.1863;203.632;162.737
-0.845599;-22.1195;22.1357;203.783;162.78
-0.642755;-22.0775;22.0869;203.939;162.822
-0.446328;-22.0175;22.022;204.105;162.882
-0.255052;-21.959;21.9605;204.267;162.94
-0.0644358;-21.9005;21.9006;204.429;162.999
0.126833;-21.8404;21.8407;204.592;163.059
0.314213;-21.7937;21.796;204.743;163.105
0.506757;-21.7447;21.7506;204.898;163.154
0.708247;-21.7123;21.7238;205.046;163.187
0.905751;-21.6816;21.7005;205.19;163.217
1.11538;-21.63;21.6587;205.358;163.269
1.29642;-21.5766;21.6155;205.51;163.322
1.45821;-21.5239;21.5732;205.65;163.375
1.63606;-21.4765;21.5387;205.796;163.423
1.82428;-21.4195;21.4971;205.956;163.48
2.01976;-21.365;21.4602;206.118;163.534
2.21353;-21.3133;21.428;206.277;163.586
2.40569;-21.2511;21.3868;206.443;163.648
2.596;-21.1899;21.3483;206.608;163.709
2.77726;-21.1246;21.3064;206.77;163.774
2.95978;-21.0688;21.2757;206.926;163.83
3.14411;-21.0114;21.2453;207.084;163.888
3.32815;-20.95;21.2128;207.245;163.949
3.53944;-20.9069;21.2044;207.408;163.992
3.74351;-20.8526;21.1859;207.576;164.046
3.9137;-20.8215;21.1861;207.705;164.078
4.09684;-20.7796;21.1796;207.851;164.12
4.27233;-20.7446;21.1799;207.986;164.155
4.43501;-20.7158;21.1852;208.109;164.183
4.63172;-20.7249;21.2362;208.222;164.174
4.8316;-20.7345;21.29;208.338;164.165
5.01439;-20.7249;21.3229;208.458;164.174
5.20356;-20.7127;21.3563;208.584;164.186
5.40367;-20.6951;21.389;208.722;164.204
5.6039;-20.6773;21.4232;208.859;164.222
5.81185;-20.6596;21.4615;209.002;164.239
6.02288;-20.6667;21.5265;209.127;164.232
6.23237;-20.683;21.6015;209.244;164.216
6.42803;-20.6933;21.6687;209.357;164.206
6.61188;-20.7069;21.7369;209.46;164.192
6.81784;-20.7108;21.8042;209.585;164.188
7.02379;-20.7231;21.8811;209.704;164.176
7.22;-20.7314;21.9526;209.819;164.168
7.38516;-20.728;22.0044;209.925;164.171
7.58609;-20.7239;22.0687;210.053;164.175
7.77708;-20.7448;22.1547;210.156;164.154
7.97337;-20.7648;22.2431;210.263;164.134
8.17397;-20.7836;22.3332;210.374;164.116
8.40372;-20.8142;22.4466;210.494;164.085
8.60253;-20.8453;22.5506;210.594;164.054
8.81098;-20.8813;22.6641;210.697;164.018
9.0317;-20.9072;22.7746;210.816;163.992
9.23331;-20.9392;22.8846;210.917;163.96
9.43257;-20.9726;22.9961;211.017;163.927
9.63269;-21.0057;23.1091;211.117;163.893
9.82806;-21.0407;23.2229;211.213;163.858
10.0351;-21.0582;23.3271;211.33;163.841
10.2339;-21.0797;23.4326;211.439;163.819
10.4348;-21.0997;23.539;211.551;163.799
10.6183;-21.121;23.6399;211.651;163.778
10.83;-21.1266;23.7407;211.78;163.772
11.0353;-21.1484;23.8544;211.894;163.751
11.2318;-21.1706;23.9656;212.001;163.728
11.4319;-21.1917;24.0785;212.112;163.707
11.6287;-21.2125;24.1909;212.221;163.687
11.8279;-21.2251;24.2983;212.339;163.674
12.044;-21.2403;24.4173;212.465;163.659
12.2595;-21.2472;24.5304;212.597;163.652
12.4571;-21.2568;24.638;212.716;163.642
12.6545;-21.2656;24.7459;212.835;163.634
12.8575;-21.2732;24.8568;212.959;163.626
13.0731;-21.2971;24.9894;213.079;163.602
13.2779;-21.3046;25.1036;213.204;163.594
13.4745;-21.3138;25.2159;213.323;163.585
13.6481;-21.3111;25.3068;213.437;163.588
13.8424;-21.3068;25.4085;213.565;163.592
14.0448;-21.3086;25.5209;213.694;163.59
14.2749;-21.3252;25.6619;213.829;163.574
14.474;-21.353;25.7962;213.936;163.546
14.68;-21.3787;25.9336;214.049;163.52
14.8923;-21.4137;26.0831;214.16;163.485
15.0765;-21.4327;26.2043;214.264;163.466
15.2791;-21.4606;26.3441;214.374;163.438
15.4876;-21.4945;26.493;214.483;163.405
15.6787;-21.5297;26.6336;214.58;163.369
15.8903;-21.5544;26.7786;214.699;163.345
16.0925;-21.551;26.8963;214.833;163.348
16.2921;-21.5477;27.0136;214.965;163.351
16.4845;-21.5445;27.1276;215.092;163.355
16.6795;-21.545;27.2469;215.219;163.354
16.8696;-21.5574;27.3735;215.333;163.342
17.0703;-21.5702;27.5076;215.454;163.329
17.2886;-21.5692;27.6428;215.598;163.33
17.4488;-21.5725;27.7459;215.7;163.327
17.6442;-21.5628;27.8617;215.835;163.336
17.8458;-21.5658;27.992;215.964;163.333
18.0473;-21.568;28.1226;216.095;163.331
18.2756;-21.5823;28.2806;216.233;163.317
18.4749;-21.5946;28.4191;216.355;163.304
18.6752;-21.6106;28.5619;216.474;163.288
18.8774;-21.6381;28.7152;216.586;163.261
19.0702;-21.657;28.8565;216.699;163.242
19.2576;-21.6736;28.9931;216.81;163.225
19.4643;-21.6927;29.145;216.931;163.206
19.6665;-21.71;29.2933;217.051;163.189
19.8647;-21.7287;29.4405;217.168;163.17
20.0669;-21.7275;29.5764;217.303;163.172
20.2658;-21.7135;29.7015;217.444;163.186
20.4515;-21.709;29.8253;217.571;163.19
20.6304;-21.6975;29.9398;217.698;163.202
20.83;-21.6865;30.0698;217.838;163.213
21.0348;-21.6767;30.2049;217.981;163.222
21.2755;-21.663;30.3634;218.151;163.236
21.4769;-21.6669;30.5076;218.282;163.232
21.6828;-21.681;30.6629;218.408;163.218
21.8822;-21.695;30.814;218.53;163.204
22.0833;-21.6995;30.9603;218.66;163.2
22.2852;-21.6927;31.0999;218.8;163.206
22.4763;-21.6835;31.2307;218.934;163.216
22.6763;-21.6759;31.3697;219.073;163.223
22.8825;-21.6736;31.5175;219.212;163.225
23.0998;-21.6736;31.6757;219.357;163.225
23.2923;-21.6741;31.8166;219.486;163.225
23.4866;-21.678;31.9618;219.613;163.221
23.6893;-21.7081;32.1313;219.726;163.191
23.8821;-21.728;32.2871;219.84;163.171
24.0636;-21.7708;32.4503;219.93;163.128
24.2716;-21.8186;32.6369;220.034;163.08
24.4732;-21.8588;32.8138;220.14;163.04
24.6742;-21.897;32.9893;220.247;163.002
24.8665;-21.9349;33.1584;220.348;162.964
25.0686;-21.9859;33.3439;220.447;162.913
25.2628;-22.0346;33.5222;220.542;162.864
25.4658;-22.0833;33.7072;220.643;162.816
25.659;-22.1333;33.8861;220.736;162.766
25.8505;-22.1849;34.0649;220.828;162.714
26.0479;-22.2393;34.2502;220.921;162.66
26.2344;-22.2876;34.4236;221.012;162.612
26.4283;-22.3557;34.6155;221.093;162.543
26.6308;-22.4135;34.8075;221.188;162.486
26.823;-22.4676;34.9895;221.279;162.432
27.0037;-22.5193;35.1613;221.363;162.38
27.1856;-22.5687;35.3328;221.451;162.33
27.3752;-22.6373;35.5225;221.53;162.262
27.5663;-22.6933;35.7056;221.619;162.206
27.7409;-22.7423;35.8716;221.702;162.157
27.9258;-22.793;36.0468;221.791;162.106
28.1224;-22.8493;36.2348;221.884;162.05
28.3131;-22.8954;36.412;221.981;162.004
28.4939;-22.9506;36.5873;222.064;161.948
28.6896;-23.0225;36.7849;222.146;161.877
28.8817;-23.0945;36.9799;222.225;161.805
29.0871;-23.1552;37.1782;222.322;161.744
29.277;-23.2108;37.3615;222.411;161.688
29.4706;-23.2608;37.5444;222.508;161.638
29.6664;-23.3225;37.7364;222.598;161.577
29.8543;-23.3612;37.9081;222.699;161.538

-29.9517;-23.4073;38.0133;222.799;161.492
-29.7594;-23.4521;37.8896;222.899;161.447
-29.5638;-23.4903;37.7599;223.007;161.409
-29.392;-23.5369;37.6546;223.092;161.362
-29.1965;-23.5891;37.5351;223.189;161.31
-29.0023;-23.6408;37.4169;223.286;161.258
-28.8098;-23.6968;37.3034;223.379;161.202
-28.6049;-23.7692;37.1916;223.468;161.13
-28.4269;-23.8194;37.0871;223.555;161.08
-28.2254;-23.8753;36.969;223.655;161.024
-28.0178;-23.9535;36.8614;223.743;160.946
-27.8157;-24.0406;36.7649;223.821;160.859
-27.6026;-24.1166;36.654;223.914;160.782
-27.419;-24.1934;36.5667;223.987;160.706
-27.2338;-24.2697;36.4787;224.061;160.629
-27.0388;-24.3358;36.3775;224.15;160.563
-26.8557;-24.4049;36.2881;224.228;160.494
-26.6579;-24.4736;36.1884;224.317;160.425
-26.4712;-24.5331;36.0915;224.405;160.366
-26.2857;-24.5873;35.9927;224.496;160.312
-26.0879;-24.6634;35.9007;224.581;160.236
-25.901;-24.7352;35.8147;224.66;160.164
-25.7158;-24.8048;35.7293;224.741;160.094
-25.5256;-24.8841;35.6479;224.818;160.015
-25.3443;-24.9612;35.5724;224.89;159.938
-25.1656;-25.0238;35.4894;224.972;159.875
-24.9746;-25.0959;35.4053;225.055;159.803
-24.7829;-25.1754;35.3269;225.133;159.724
-24.5914;-25.2452;35.2428;225.219;159.654
-24.404;-25.3116;35.1601;225.304;159.587
-24.2235;-25.3669;35.075;225.392;159.532
-24.0238;-25.4191;34.9753;225.497;159.48
-23.8255;-25.4587;34.8683;225.609;159.44
-23.638;-25.5171;34.7833;225.7;159.382
-23.4526;-25.5814;34.7049;225.786;159.318
-23.2518;-25.6447;34.6165;225.884;159.254
-23.0661;-25.7043;34.5363;225.974;159.195
-22.8814;-25.7584;34.4537;226.067;159.141
-22.6879;-25.8164;34.369;226.163;159.083
-22.4955;-25.8731;34.285;226.26;159.026
-22.3179;-25.9302;34.212;226.347;158.969
-22.121;-25.971;34.115;226.458;158.928
-21.9191;-26.0213;34.0229;226.567;158.878
-21.7248;-26.0709;33.9361;226.671;158.828
-21.534;-26.1214;33.8532;226.771;158.778
-21.3153;-26.1616;33.7457;226.899;158.737
-21.1269;-26.2035;33.6597;227.005;158.696
-20.9181;-26.2727;33.583;227.106;158.626
-20.7165;-26.3325;33.5048;227.208;158.567
-20.532;-26.3832;33.4311;227.305;158.516
-20.3618;-26.4432;33.3743;227.385;158.456
-20.1747;-26.5174;33.3196;227.468;158.382
-20.0044;-26.5861;33.2716;227.542;158.313
-19.821;-26.657;33.2185;227.625;158.242
-19.6521;-26.7487;33.1918;227.683;158.15
-19.4872;-26.8541;33.1797;227.728;158.045
-19.3125;-26.9472;33.153;227.789;157.952
-19.1365;-27.0318;33.1199;227.858;157.867
-18.9573;-27.1208;33.0895;227.925;157.778
-18.7834;-27.2138;33.0668;227.986;157.685
-18.6119;-27.3408;33.0745;228.023;157.558
-18.4535;-27.4577;33.0826;228.056;157.441
-18.2763;-27.5818;33.0874;228.099;157.317
-18.1291;-27.7103;33.1138;228.117;157.189
-18.0068;-27.8419;33.1575;228.115;157.057
-17.891;-27.9907;33.22;228.097;156.908
-17.7706;-28.1457;33.2862;228.078;156.753
-17.6381;-28.2997;33.3462;228.068;156.599
-17.5103;-28.4466;33.4038;228.06;156.453
-17.3754;-28.5938;33.4591;228.057;156.305
-17.2524;-28.7377;33.5187;228.048;156.161
-17.1208;-28.8919;33.5837;228.039;156.007
-17.0077;-29.0294;33.6447;228.027;155.87
-16.8794;-29.1836;33.7134;228.016;155.716
-16.7573;-29.3281;33.7779;228.006;155.571
-16.6258;-29.4799;33.8449;227.999;155.419
-16.5066;-29.6501;33.9352;227.97;155.249
-16.3906;-29.8046;34.0142;227.95;155.094
-16.2773;-29.9602;34.0964;227.927;154.939

-16.1596;29.8782;33.9682;227.904;154.777
-16.065;29.7052;33.7711;227.856;154.604
-15.9251;29.5368;33.5564;227.844;154.436
-15.7896;29.3774;33.3518;227.836;154.277
-15.6487;29.2119;33.1394;227.828;154.111
-15.5376;29.0675;32.9597;227.812;153.967
-15.4124;28.9063;32.7584;227.795;153.805
-15.304;28.738;32.559;227.762;153.637
-15.182;28.5827;32.3645;227.747;153.482
-15.0306;28.4337;32.162;227.759;153.333
-14.9021;28.2854;31.9709;227.754;153.184
-14.7666;28.143;31.7817;227.759;153.042
-14.6329;27.9979;31.5912;227.76;152.897
-14.5073;27.8513;31.4031;227.755;152.75
-14.3889;27.7008;31.215;227.742;152.6
-14.2826;27.5438;31.0267;227.716;152.443
-14.1614;27.3691;30.8158;227.689;152.268
-14.0452;27.2063;30.6178;227.667;152.105
-13.9326;27.0452;30.423;227.643;151.944
-13.8221;26.8727;30.219;227.61;151.772
-13.7023;26.714;30.0231;227.594;151.613
-13.5907;26.5762;29.8497;227.585;151.475
-13.4655;26.4205;29.654;227.575;151.32
-13.337;26.2533;29.4468;227.56;151.152
-13.2262;26.0927;29.2534;227.536;150.992
-13.1115;25.936;29.0618;227.518;150.835
-12.9933;25.7743;28.8642;227.499;150.673
-12.8724;25.5996;28.6537;227.474;150.499
-12.7611;25.433;28.455;227.448;150.332
-12.6506;25.2639;28.2542;227.419;150.163
-12.5525;25.1056;28.0688;227.388;150.005
-12.4478;24.9406;27.8743;227.358;149.84
-12.342;24.7745;27.6785;227.328;149.674
-12.2363;24.6185;27.4917;227.305;149.518
-12.1354;24.4475;27.2937;227.269;149.347
-12.037;24.2786;27.0987;227.232;149.178
-11.9436;24.0927;26.8906;227.181;148.992
-11.859;23.9058;26.6856;227.122;148.805
-11.7617;23.7355;26.4899;227.084;148.635
-11.6699;23.5727;26.3033;227.047;148.472
-11.572;23.399;26.1041;227.007;148.298
-11.4373;23.2266;25.8899;226.997;148.126
-11.2933;23.0851;25.6994;227.014;147.984
-11.1458;22.9403;25.5046;227.031;147.839
-11.0002;22.8034;25.318;227.053;147.702
-10.8551;22.6647;25.1301;227.073;147.564
-10.6992;22.5359;24.9467;227.108;147.435
-10.5304;22.4328;24.7814;227.169;147.332
-10.3927;22.336;24.6354;227.211;147.235
-10.2321;22.2201;24.4628;227.259;147.119
-10.08;22.0769;24.2692;227.282;146.976
-9.95693;21.9351;24.0892;227.284;146.834
-9.83589;21.8014;23.9175;227.29;146.7
-9.71337;21.6287;23.7097;227.272;146.528
-9.59684;21.4736;23.5206;227.262;146.373
-9.48951;21.3144;23.3314;227.241;146.213
-9.38497;21.1574;23.1455;227.22;146.056
-9.26394;20.9802;22.9345;227.199;145.879
-9.15077;20.8167;22.7392;227.181;145.716
-9.03753;20.6458;22.5372;227.158;145.545
-8.93555;20.4777;22.3424;227.129;145.377
-8.82445;20.2984;22.1336;227.1;145.197
-8.7234;20.1303;21.9392;227.07;145.029
-8.6289;19.9524;21.7383;227.029;144.851
-8.53847;19.7838;21.5477;226.991;144.683
-8.42597;19.6116;21.345;226.968;144.511
-8.31559;19.4462;21.1495;226.948;144.345
-8.21017;19.2968;20.9708;226.935;144.196
-8.08712;19.1251;20.7646;226.921;144.024
-7.99272;18.9752;20.5898;226.899;143.874
-7.89554;18.8043;20.3946;226.866;143.703
-7.80051;18.6362;20.2029;226.833;143.535
-7.70306;18.4595;20.0022;226.796;143.359
-7.61034;18.2905;19.8106;226.762;143.19
-7.51674;18.114;19.6116;226.723;143.013
-7.41644;17.9356;19.4085;226.688;142.835
-7.33203;17.7542;19.2086;226.639;142.653
