#1 AntPos X	#2 AntVel X	#3 AntPos Y	#4 AntVel Y	#5 AntAngle	
-11.4788;0.775888;13.427;-1.83179;-1.17014;
-11.4023;0.764356;13.2548;-1.72159;-1.15296;
-11.3372;0.651321;13.0786;-1.76183;-1.21669;
-11.2692;0.680632;12.8929;-1.85761;-1.21958;
-11.2028;0.663275;12.7149;-1.77934;-1.21399;
-11.1048;0.980736;12.5308;-1.84103;-1.08132;
-11.0143;0.904697;12.3537;-1.77067;-1.09844;
-10.9229;0.913822;12.176;-1.77787;-1.09601;
-10.8391;0.838364;11.9956;-1.80384;-1.13573;
-10.7428;0.962315;11.8208;-1.74763;-1.06746;
-10.6508;0.920265;11.6403;-1.80493;-1.09929;
-10.5655;0.852719;11.4593;-1.81034;-1.13059;
-10.4765;0.890137;11.2893;-1.7002;-1.08849;
-10.3778;0.986992;11.1249;-1.64351;-1.02998;
-10.26;1.17809;10.9367;-1.88242;-1.01159;
-10.1609;0.990706;10.7727;-1.63959;-1.02726;
-10.0464;1.14492;10.6164;-1.56271;-0.93849;
-9.92341;1.23039;10.4509;-1.65542;-0.931629;
-9.80707;1.16338;10.2928;-1.58145;-0.93655;
-9.69954;1.0753;10.1186;-1.74147;-1.01763;
-9.59511;1.04426;9.95094;-1.67671;-1.01378;
-9.49087;1.04246;9.77963;-1.71307;-1.02413;
-9.36219;1.28676;9.60483;-1.748;-0.936229;
-9.23303;1.29167;9.45202;-1.52811;-0.869054;
-9.10187;1.31152;9.28533;-1.66696;-0.904173;
-8.98144;1.20433;9.12297;-1.62352;-0.932562;
-8.84679;1.34646;8.96326;-1.59713;-0.870351;
-8.7265;1.20298;8.80284;-1.60422;-0.927368;
-8.6066;1.19895;8.65918;-1.43661;-0.875328;
-8.48561;1.2099;8.5088;-1.50382;-0.893284;
-8.35759;1.28016;8.37473;-1.34068;-0.808488;
-8.21871;1.38885;8.2359;-1.38823;-0.785174;
-8.07709;1.41621;8.09325;-1.42654;-0.789031;
-7.93077;1.46319;7.95379;-1.39465;-0.761417;
-7.76697;1.63798;7.79352;-1.60261;-0.774486;
-7.63095;1.36018;7.62425;-1.69274;-0.893903;
-7.48792;1.43036;7.45326;-1.70992;-0.874187;
-7.37384;1.14075;7.29387;-1.59393;-0.949622;
-7.25773;1.16111;7.13086;-1.63004;-0.951849;
-7.12825;1.29482;6.9927;-1.38163;-0.817822;
-6.99185;1.364;6.84534;-1.47364;-0.824017;
-6.83952;1.52327;6.69526;-1.50078;-0.77796;
-6.69586;1.43662;6.55164;-1.4362;-0.785255;
-6.55711;1.38756;6.41342;-1.38215;-0.783446;
-6.40972;1.47385;6.28223;-1.31194;-0.727343;
-6.2606;1.49118;6.12365;-1.58578;-0.816135;
-6.11851;1.42093;5.97429;-1.49365;-0.810345;
-5.99616;1.22349;5.84735;-1.26938;-0.803805;
-5.85522;1.40946;5.68485;-1.62493;-0.856291;
-5.7322;1.23011;5.55735;-1.27509;-0.803348;
-5.59177;1.40432;5.41707;-1.40273;-0.784829;
-5.45065;1.41125;5.27448;-1.42597;-0.790587;
-5.31339;1.3726;5.13669;-1.37789;-0.787324;
-5.16814;1.45246;4.99875;-1.37934;-0.759582;
-5.022;1.46146;4.86775;-1.30999;-0.730798;
-4.86753;1.54468;4.72403;-1.43726;-0.749389;
-4.70892;1.58608;4.58906;-1.3497;-0.705052;
-4.56247;1.46445;4.46557;-1.23486;-0.700548;
-4.4058;1.56674;4.29725;-1.68319;-0.821215;
-4.27594;1.2986;4.17447;-1.22781;-0.757386;
-4.13917;1.36767;4.00886;-1.6561;-0.880499;
-4.00968;1.29495;3.84118;-1.67678;-0.913188;
-3.8796;1.3008;3.69669;-1.4449;-0.837832;
-3.73843;1.41172;3.55036;-1.46334;-0.803352;
-3.59817;1.40253;3.41358;-1.36779;-0.772857;
-3.45622;1.4195;3.26111;-1.52471;-0.82112;
-3.33187;1.24355;3.11207;-1.49035;-0.875428;
-3.21839;1.13476;2.9521;-1.59973;-0.953828;
-3.10033;1.18059;2.78889;-1.6321;-0.944567;
-2.98303;1.17302;2.62739;-1.61506;-0.942634;
-2.86476;1.18276;2.45379;-1.73598;-0.972715;
-2.76292;1.01832;2.29107;-1.62714;-1.0116;
-2.6776;0.853214;2.11491;-1.76165;-1.11977;
-2.58692;0.906778;1.91496;-1.99951;-1.14504;
-2.50363;0.832994;1.73739;-1.7757;-1.13217;
-2.42917;0.74454;1.54422;-1.93165;-1.2029;
-2.35745;0.717206;1.358;-1.86223;-1.20317;
-2.28572;0.71726;1.18452;-1.73474;-1.17873;
-2.20423;0.814975;0.999174;-1.85351;-1.15655;
-2.12614;0.780843;0.822729;-1.76445;-1.15416;
-2.04187;0.842706;0.629391;-1.93337;-1.15975;
-1.95983;0.820455;0.442019;-1.87372;-1.15807;
-1.87655;0.832785;0.265207;-1.76812;-1.13062;
-1.79527;0.81274;0.0890253;-1.76182;-1.13858;
-1.71269;0.82586;-0.0821401;-1.71165;-1.12125;
-1.62044;0.922529;-0.266587;-1.84447;-1.10702;
-1.54157;0.788694;-0.467487;-2.009;-1.1967;
-1.47333;0.682337;-0.630726;-1.63239;-1.17487;
-1.3912;0.821283;-0.830109;-1.99383;-1.18006;
-1.31465;0.765489;-1.03239;-2.02285;-1.20903;
-1.24308;0.715759;-1.22003;-1.87634;-1.20637;
-1.17148;0.716017;-1.41023;-1.902;-1.21075;
-1.0987;0.727811;-1.59358;-1.83351;-1.19292;
-1.02402;0.746794;-1.77138;-1.77805;-1.17316;
-0.926368;0.976489;-1.96204;-1.90651;-1.09745;
-0.819331;1.07037;-2.13921;-1.77173;-1.02734;
-0.712341;1.0699;-2.29188;-1.52674;-0.959548;
-0.595133;1.17208;-2.44871;-1.5683;-0.928989;
-0.498367;0.96766;-2.59741;-1.48694;-0.993878;
-0.406822;0.915451;-2.76258;-1.65175;-1.06471;
-0.312793;0.940288;-2.93433;-1.71749;-1.06989;
-0.213309;0.994836;-3.10266;-1.68327;-1.03701;
-0.0973399;1.15969;-3.2607;-1.5804;-0.937745;
0.0194716;1.16811;-3.4401;-1.79404;-0.993642;
0.117852;0.983808;-3.59517;-1.5507;-1.00545;
0.223241;1.05388;-3.76696;-1.71788;-1.02052;
0.323781;1.00541;-3.9504;-1.83444;-1.06943;
0.401398;0.776167;-4.1264;-1.76001;-1.15545;
0.47835;0.769515;-4.31147;-1.85071;-1.17675;
0.561409;0.83059;-4.49992;-1.8844;-1.15564;
0.640684;0.79275;-4.67441;-1.74495;-1.14436;
0.712547;0.718632;-4.85833;-1.83915;-1.1983;
0.807569;0.950218;-5.05101;-1.92684;-1.11264;
0.896119;0.885508;-5.22924;-1.78229;-1.10968;
0.981348;0.852281;-5.40081;-1.71574;-1.10976;
1.04751;0.661604;-5.57719;-1.76381;-1.21194;
1.11853;0.710268;-5.79749;-2.20299;-1.25891;
1.17624;0.57704;-5.9884;-1.90912;-1.27727;
1.23144;0.551991;-6.17929;-1.90891;-1.28931;
1.28941;0.579681;-6.36616;-1.86866;-1.27;
1.37288;0.834757;-6.53057;-1.64413;-1.10099;
1.46325;0.903649;-6.73996;-2.09386;-1.16337;
1.54247;0.792264;-6.92335;-1.83387;-1.163;
1.63151;0.890379;-7.09144;-1.6809;-1.08367;
1.7254;0.93893;-7.2833;-1.91864;-1.11569;
1.80493;0.795234;-7.46797;-1.8467;-1.16417;
1.88694;0.820135;-7.64658;-1.78609;-1.14033;
1.96898;0.820385;-7.82951;-1.82929;-1.14921;
2.04801;0.79026;-7.99771;-1.68198;-1.13157;
2.11926;0.712579;-8.18325;-1.85545;-1.20412;
2.18276;0.634999;-8.36479;-1.8154;-1.23431;
2.24452;0.617588;-8.54716;-1.82368;-1.24427;
2.32995;0.854298;-8.73351;-1.86349;-1.14095;
2.44183;1.1188;-8.90913;-1.75622;-1.00358;
2.54277;1.00943;-9.07765;-1.6852;-1.03111;
2.64553;1.02752;-9.24626;-1.68611;-1.02349;
2.75261;1.07088;-9.41598;-1.69722;-1.00792;
2.85841;1.05795;-9.5875;-1.71519;-1.01811;
2.93245;0.740428;-9.7612;-1.73697;-1.16785;
3.0128;0.803449;-9.94426;-1.8306;-1.15721;
3.08635;0.735508;-10.1309;-1.86681;-1.19548;
3.17953;0.93178;-10.3151;-1.84169;-1.10241;
3.27847;0.989484;-10.5086;-1.93508;-1.09812;
3.36946;0.909816;-10.6859;-1.77262;-1.0966;
3.45728;0.87824;-10.8583;-1.72431;-1.09971;
3.53591;0.786318;-11.033;-1.74707;-1.14788;
3.61084;0.749257;-11.2101;-1.77091;-1.17054;
3.68985;0.790101;-11.3856;-1.75479;-1.14773;
3.77414;0.842965;-11.5663;-1.80692;-1.13429;
3.85801;0.838705;-11.7517;-1.85375;-1.14592;
3.94801;0.899914;-11.9129;-1.61232;-1.06172;
4.03166;0.836537;-12.0728;-1.5987;-1.08871;
4.12388;0.922157;-12.2681;-1.95389;-1.12983;
4.19681;0.729298;-12.4428;-1.74655;-1.17524;
4.27728;0.804741;-12.631;-1.88164;-1.16666;
4.35001;0.727256;-12.8198;-1.88829;-1.20317;
4.42241;0.724083;-13.0069;-1.87064;-1.20148;
4.48646;0.64046;-13.1761;-1.69274;-1.20909;
4.56297;0.765139;-13.3587;-1.82548;-1.1739;
4.64271;0.797388;-13.5375;-1.78851;-1.15141;
4.72873;0.860149;-13.7179;-1.80336;-1.12574;
4.8063;0.775748;-13.8986;-1.80736;-1.16536;
4.88697;0.806645;-14.0839;-1.85291;-1.1602;
4.94935;0.62384;-14.2732;-1.89277;-1.25242;
5.00866;0.593135;-14.4757;-2.02492;-1.28585;
5.07295;0.642867;-14.6692;-1.93535;-1.25009;
5.13818;0.652296;-14.8591;-1.89859;-1.23986;
5.19846;0.602833;-15.039;-1.79947;-1.24754;
5.27663;0.781627;-15.239;-1.99982;-1.1982;
5.35123;0.746027;-15.4335;-1.94495;-1.20453;
5.4467;0.954754;-15.6292;-1.95718;-1.11694;
5.53816;0.914575;-15.8238;-1.94583;-1.13142;
5.62837;0.902045;-15.9873;-1.63474;-1.06657;
5.71502;0.866564;-16.1499;-1.62607;-1.08116;
5.80329;0.882712;-16.3392;-1.89296;-1.13446;
5.88097;0.776754;-16.509;-1.69873;-1.14192;
5.96114;0.801699;-16.6927;-1.83664;-1.15922;
6.03486;0.737191;-16.8632;-1.70507;-1.16271;
6.13418;0.993194;-17.0381;-1.7493;-1.05441;
6.24352;1.09346;-17.213;-1.74866;-1.01197;
6.34818;1.04661;-17.383;-1.69984;-1.01891;
6.46374;1.15559;-17.5539;-1.709;-0.976237;
6.58055;1.16811;-17.7137;-1.59866;-0.939776;
6.71783;1.37274;-17.8627;-1.49;-0.826339;
6.85049;1.32662;-17.997;-1.34289;-0.791493;
6.98953;1.39039;-18.1393;-1.42302;-0.796997;
7.1155;1.25974;-18.2658;-1.26505;-0.7875;
7.26098;1.45482;-18.4138;-1.47931;-0.793744;
7.41253;1.51548;-18.5324;-1.18648;-0.664233;
7.57797;1.65437;-18.644;-1.11568;-0.593323;
7.75084;1.72867;-18.7402;-0.962247;-0.507927;
7.91164;1.60802;-18.8308;-0.906158;-0.513167;
8.08775;1.76113;-18.9299;-0.990231;-0.512215;
8.26693;1.79175;-19.0384;-1.08572;-0.544786;
8.43744;1.70508;-19.1384;-0.999825;-0.530344;
8.61735;1.79912;-19.2372;-0.988208;-0.502285;
8.79233;1.74987;-19.3283;-0.910725;-0.479876;
8.96692;1.74589;-19.4312;-1.02885;-0.532515;
9.14637;1.7945;-19.5271;-0.959376;-0.490958;
9.32712;1.80751;-19.6223;-0.951964;-0.484756;
9.48836;1.61233;-19.7204;-0.980946;-0.546575;
9.66358;1.75222;-19.8238;-1.0342;-0.533199;
9.83637;1.72792;-19.9204;-0.96557;-0.509578;
10.0109;1.74545;-20.0144;-0.939886;-0.493954;
10.1708;1.59853;-20.1088;-0.943747;-0.53332;
10.3364;1.65655;-20.2168;-1.08071;-0.578052;
10.508;1.71532;-20.3257;-1.08906;-0.565687;
10.6509;1.42954;-20.4229;-0.971549;-0.59692;
10.8072;1.56289;-20.5541;-1.31207;-0.698377;
10.9591;1.51926;-20.6766;-1.22503;-0.678591;
11.1411;1.81968;-20.8123;-1.35737;-0.640895;
11.3239;1.8279;-20.9264;-1.14033;-0.557769;
11.4932;1.69361;-21.0192;-0.928165;-0.501335;
11.6738;1.80592;-21.1226;-1.03428;-0.520115;
11.8499;1.76066;-21.2236;-1.00982;-0.520742;
12.0179;1.67993;-21.3169;-0.933018;-0.506974;
12.1583;1.40372;-21.4263;-1.09364;-0.661868;
12.3171;1.58797;-21.5585;-1.32275;-0.694533;
12.4658;1.48773;-21.6957;-1.3721;-0.744989;
12.6186;1.52811;-21.832;-1.3627;-0.728241;
12.7584;1.3978;-21.9703;-1.38272;-0.779977;
12.8857;1.27254;-22.1063;-1.35968;-0.818491;
13.0284;1.4268;-22.2568;-1.50555;-0.812247;
13.1666;1.3825;-22.4013;-1.44501;-0.807503;
13.3074;1.40833;-22.5585;-1.57186;-0.840218;
13.4365;1.29098;-22.7084;-1.49898;-0.859814;
13.569;1.32454;-22.8659;-1.57553;-0.87173;
13.6939;1.2495;-23.025;-1.59065;-0.904941;
13.8238;1.29881;-23.173;-1.47945;-0.850327;
13.9663;1.42512;-23.3203;-1.47347;-0.802079;
14.1014;1.35028;-23.4693;-1.49001;-0.834557;
14.2362;1.34809;-23.6178;-1.4845;-0.833517;
14.3458;1.09577;-23.7492;-1.31463;-0.875947;
14.4915;1.45767;-23.915;-1.65745;-0.849444;
14.6353;1.43799;-24.0719;-1.56982;-0.829198;
14.7787;1.43355;-24.22;-1.48031;-0.801445;
14.909;1.3035;-24.3679;-1.47911;-0.848423;
15.0556;1.4653;-24.5158;-1.47888;-0.790009;
15.2046;1.49087;-24.6666;-1.50815;-0.791161;
15.3448;1.4019;-24.8059;-1.39311;-0.782251;
15.4894;1.44609;-24.9469;-1.40992;-0.772734;
15.6325;1.43059;-25.0757;-1.28836;-0.733138;
15.7833;1.50828;-25.2011;-1.25383;-0.693535;
15.9068;1.23437;-25.3202;-1.19086;-0.767458;
16.0938;1.87012;-25.4869;-1.66738;-0.728151;
16.2351;1.41367;-25.6131;-1.26204;-0.728792;
16.386;1.50819;-25.7432;-1.30042;-0.711554;
16.5199;1.33979;-25.8587;-1.15523;-0.711562;
16.6558;1.35868;-25.9862;-1.27483;-0.753569;
16.8275;1.71719;-26.1085;-1.22317;-0.618938;
16.9762;1.48705;-26.2327;-1.2418;-0.695765;
17.1157;1.39468;-26.3467;-1.14055;-0.685492;
17.2637;1.47985;-26.477;-1.30236;-0.721689;
17.408;1.44303;-26.6167;-1.39764;-0.769421;
17.5431;1.35068;-26.7481;-1.31324;-0.771342;
17.6831;1.40086;-26.9043;-1.56266;-0.839941;
17.8159;1.3277;-27.0524;-1.48072;-0.83983;
17.944;1.28115;-27.1978;-1.45381;-0.848446;
18.0793;1.35229;-27.3469;-1.49102;-0.83415;
18.2086;1.29391;-27.4832;-1.36288;-0.811352;
18.3431;1.34454;-27.6238;-1.40604;-0.807752;
18.4699;1.26842;-27.7746;-1.50786;-0.87143;
18.5987;1.28714;-27.9276;-1.53031;-0.871493;
18.7293;1.30618;-28.0851;-1.57547;-0.878576;
18.8608;1.31569;-28.2438;-1.58642;-0.878414;
18.9895;1.28627;-28.4035;-1.59693;-0.892729;
19.1277;1.38206;-28.5604;-1.56899;-0.848657;
19.2585;1.30824;-28.7118;-1.51398;-0.858172;
19.3903;1.31804;-28.8739;-1.62086;-0.888072;
19.5201;1.29835;-29.0286;-1.54709;-0.872594;
19.6487;1.28579;-29.1812;-1.52616;-0.870673;
19.7873;1.3854;-29.3184;-1.37241;-0.780687;
19.9322;1.44938;-29.4637;-1.45323;-0.786724;
20.0554;1.23244;-29.6182;-1.54414;-0.897188;
20.1952;1.39767;-29.7795;-1.61292;-0.856773;
20.3318;1.3657;-29.9231;-1.43677;-0.810753;

20.4844;1.52598;29.923;-1.53855;-0.789499;
20.6315;1.47138;29.7803;-1.42696;-0.770074;
20.7581;1.26549;29.6385;-1.41847;-0.842338;
20.8946;1.36558;29.4922;-1.46253;-0.819667;
21.0425;1.47915;29.3378;-1.54394;-0.806826;
21.1827;1.40132;29.2129;-1.24945;-0.728169;
21.332;1.49311;29.0805;-1.32424;-0.725531;
21.4814;1.49455;28.9487;-1.31744;-0.722499;
21.6375;1.56046;28.8033;-1.45425;-0.75018;
21.7944;1.56876;28.6609;-1.42405;-0.737083;
21.9436;1.49275;28.5218;-1.39091;-0.750097;
22.0831;1.39495;28.4022;-1.19582;-0.708689;
22.2226;1.39436;28.2695;-1.32708;-0.760682;
22.3629;1.40298;28.1359;-1.33632;-0.761068;
22.4904;1.2758;28.002;-1.33877;-0.809478;
22.624;1.33598;27.8383;-1.63738;-0.88642;
22.7185;0.944961;27.6868;-1.51481;-1.01305;
22.8421;1.23546;27.5171;-1.69714;-0.941546;
22.9555;1.13389;27.3243;-1.92738;-1.03902;
23.0657;1.10266;27.1504;-1.73883;-1.00565;
23.1703;1.0454;26.9815;-1.68897;-1.01655;
23.2922;1.21944;26.8097;-1.71793;-0.953502;
23.4087;1.16448;26.6431;-1.66617;-0.960812;
23.5206;1.11938;26.4815;-1.616;-0.964996;
23.6231;1.02457;26.3088;-1.72741;-1.03545;
23.7276;1.04576;26.15;-1.58753;-0.988307;
23.842;1.14328;25.9916;-1.58436;-0.945718;
23.9476;1.05673;25.8171;-1.74449;-1.02616;
24.0438;0.962071;25.6353;-1.81865;-1.08422;
24.1629;1.19074;25.4407;-1.94631;-1.02175;
24.2445;0.815661;25.2326;-2.08049;-1.19716;
24.3259;0.813655;25.0458;-1.8676;-1.15992;
24.3965;0.706325;24.8565;-1.89369;-1.21379;
24.4731;0.766438;24.7012;-1.55319;-1.11239;
24.5541;0.809809;24.5209;-1.80241;-1.14853;
24.6438;0.896776;24.3309;-1.90005;-1.12982;
24.7301;0.862751;24.1495;-1.81377;-1.1268;
24.8206;0.905253;23.9809;-1.68591;-1.07803;
24.9139;0.933079;23.8102;-1.70734;-1.07064;
24.9992;0.853308;23.6304;-1.79802;-1.12769;
25.0928;0.936;23.4486;-1.81785;-1.0953;
25.1879;0.950477;23.2767;-1.71886;-1.06568;
25.2903;1.02425;23.0971;-1.79627;-1.05257;
25.3901;0.997562;22.9181;-1.79054;-1.0625;
25.4951;1.05005;22.7513;-1.66722;-1.00874;
25.5598;0.647253;22.582;-1.6931;-1.20565;
25.6246;0.648281;22.396;-1.86036;-1.23548;
25.6931;0.685196;22.2035;-1.92475;-1.22879;
25.7557;0.626054;22.0245;-1.79005;-1.23435;
25.8362;0.8048;21.8424;-1.82141;-1.15474;
25.932;0.957319;21.6452;-1.97155;-1.11876;
26.0047;0.72754;21.474;-1.71191;-1.16894;
26.0682;0.635261;21.2864;-1.87608;-1.2443;
26.1346;0.663267;21.1017;-1.84725;-1.22608;
26.1857;0.511784;20.9184;-1.8326;-1.29847;
26.2403;0.545727;20.7244;-1.94041;-1.29663;
26.3146;0.743018;20.5487;-1.75728;-1.17077;
26.3855;0.708955;20.3545;-1.94141;-1.22067;
26.4521;0.66606;20.1658;-1.88665;-1.23142;
26.5222;0.700971;19.9779;-1.87922;-1.21377;
26.588;0.657711;19.7912;-1.86774;-1.23221;
26.6498;0.618676;19.6207;-1.70449;-1.22262;
26.7218;0.719347;19.4704;-1.5035;-1.12454;
26.8094;0.876522;19.2891;-1.81255;-1.12037;
26.9002;0.907933;19.0861;-2.03009;-1.15024;
26.9667;0.664989;18.9032;-1.82923;-1.22212;
27.0416;0.748585;18.7008;-2.02411;-1.21656;
27.1105;0.689437;18.5151;-1.85686;-1.21528;
27.1861;0.755266;18.3346;-1.80437;-1.17438;
27.2606;0.745228;18.1458;-1.88818;-1.19488;
27.3325;0.71961;17.9608;-1.85056;-1.19993;
27.3927;0.60145;17.7762;-1.84596;-1.25582;
27.4519;0.592001;17.5849;-1.91247;-1.2706;
27.5118;0.599365;17.3926;-1.92339;-1.26871;
27.5706;0.587305;17.2035;-1.89063;-1.26961;
27.6263;0.557896;17.0122;-1.91348;-1.2871;
27.6764;0.500954;16.8134;-1.98784;-1.32393;
27.7284;0.519844;16.6202;-1.93229;-1.30799;
27.7775;0.491255;16.4253;-1.9483;-1.3238;
27.8221;0.445122;16.2019;-2.23433;-1.37415;
27.8611;0.390125;16.0051;-1.96763;-1.37506;
27.8987;0.375814;15.8047;-2.00423;-1.38544;
27.9106;0.119098;15.6189;-1.85758;-1.50677;
27.9176;0.0700819;15.4109;-2.08081;-1.53713;
27.9045;-0.130508;15.2128;-1.98027;-1.63661;
27.8921;-0.1243;15.007;-2.05789;-1.63112;
27.8792;-0.128652;14.8008;-2.0628;-1.63308;
27.8674;-0.117943;14.6005;-2.00262;-1.62962;
27.8663;-0.0114383;14.4162;-1.84289;-1.577;
27.8688;0.0248171;14.227;-1.89168;-1.55768;
27.8794;0.105857;14.0357;-1.91303;-1.51552;
27.8876;0.0823566;13.8371;-1.98691;-1.52937;
27.9039;0.162718;13.6417;-1.95312;-1.48768;
27.9134;0.0952255;13.4428;-1.98964;-1.52297;
27.9254;0.119951;13.256;-1.86826;-1.50668;
27.9441;0.187318;13.0502;-2.05795;-1.48002;
27.9598;0.156869;12.8444;-2.05791;-1.49472;
27.9775;0.177332;12.6437;-2.00638;-1.48264;
27.9916;0.140271;12.4361;-2.07637;-1.50334;
28.0049;0.133845;12.2359;-2.00205;-1.50404;
27.9948;-0.101441;12.0486;-1.87278;-1.62491;
27.979;-0.157983;11.8381;-2.10504;-1.64571;
27.9739;-0.0514194;11.642;-1.96069;-1.59702;
27.9677;-0.0615619;11.4573;-1.84703;-1.60411;
27.9549;-0.128177;11.2667;-1.90636;-1.63793;
27.9436;-0.113147;11.0642;-2.0252;-1.62661;
27.9363;-0.0725364;10.8641;-2.00047;-1.60704;
27.9195;-0.168632;10.6588;-2.0531;-1.65275;
27.92;0.00508687;10.4567;-2.0215;-1.56828;
27.9222;0.0222771;10.2549;-2.01803;-1.55976;
27.9212;-0.0101908;10.0765;-1.78396;-1.57651;
27.955;0.337999;9.86962;-2.06855;-1.40883;
27.9855;0.305619;9.67842;-1.9119;-1.41229;
28.0232;0.376689;9.49108;-1.87346;-1.37238;
28.063;0.398077;9.29533;-1.95744;-1.37017;
28.1047;0.41722;9.10183;-1.93506;-1.35844;
28.1608;0.560692;8.88743;-2.14393;-1.315;
28.2138;0.52972;8.71084;-1.766;-1.27938;
28.264;0.502684;8.51521;-1.95623;-1.31927;
28.2842;0.201201;8.33849;-1.76725;-1.45743;
28.2891;0.0495837;8.13586;-2.02627;-1.54633;
28.2944;0.0525079;7.9136;-2.2226;-1.54718;
28.2992;0.0483612;7.71404;-1.99559;-1.54657;
28.2868;-0.123896;7.51967;-1.9437;-1.63445;
28.28;-0.0686488;7.31543;-2.04245;-1.60439;
28.2745;-0.0543483;7.11169;-2.03732;-1.59747;
28.2697;-0.0482212;6.91184;-1.99857;-1.59492;
28.2639;-0.0583961;6.70394;-2.07898;-1.59888;
28.2712;0.0738429;6.51237;-1.91573;-1.53227;
28.2687;-0.0258595;6.32442;-1.87951;-1.58455;
28.2666;-0.020534;6.12443;-1.99984;-1.58106;
28.2658;-0.00813665;5.91984;-2.0459;-1.57477;
28.2707;0.049556;5.7225;-1.97342;-1.54569;
28.2776;0.0690482;5.52402;-1.9848;-1.53602;
28.2919;0.142415;5.31978;-2.04236;-1.50118;
28.3053;0.134154;5.14132;-1.78468;-1.49577;
28.3335;0.281643;4.94245;-1.98863;-1.43011;
28.3575;0.240712;4.73643;-2.06024;-1.45449;
28.3733;0.157992;4.53393;-2.02498;-1.49293;
28.3943;0.209642;4.33315;-2.00778;-1.46676;
28.4275;0.332079;4.145;-1.88157;-1.3961;
28.4961;0.685773;3.96901;-1.75984;-1.19922;
28.5784;0.823521;3.79532;-1.7369;-1.12806;
28.6644;0.860003;3.61444;-1.8088;-1.12698;
28.7357;0.712529;3.41474;-1.99705;-1.22809;
28.8094;0.736601;3.23143;-1.8331;-1.18871;
28.8853;0.759418;3.06181;-1.69617;-1.14984;
28.9704;0.851038;2.86878;-1.93029;-1.15555;
29.0376;0.67205;2.66276;-2.06017;-1.25547;
29.1011;0.634539;2.47562;-1.87148;-1.2439;
29.1724;0.713679;2.27338;-2.02231;-1.23154;
29.239;0.665429;2.08516;-1.88226;-1.23098;
29.3052;0.66269;1.89347;-1.9169;-1.23795;
29.3775;0.722601;1.70627;-1.87195;-1.2024;
29.4497;0.722146;1.51991;-1.8636;-1.20111;
29.5201;0.704169;1.33748;-1.82434;-1.20243;
29.6109;0.907426;1.15101;-1.86474;-1.11791;
29.6817;0.70804;0.980678;-1.70329;-1.17684;
29.7577;0.760681;0.794347;-1.86331;-1.1832;
29.8212;0.635061;0.627867;-1.6648;-1.20637;
29.8844;0.631784;0.433359;-1.94508;-1.25674;
29.9533;0.688543;0.264567;-1.68792;-1.18348;

-29.9689;0.778614;0.0970732;-1.67494;-1.13565;
-29.8839;0.849636;-0.0843454;-1.81419;-1.1328;
-29.8207;0.631443;-0.256934;-1.72588;-1.22006;
-29.7514;0.693156;-0.443912;-1.86979;-1.21579;
-29.671;0.803909;-0.636322;-1.9241;-1.17503;
-29.6072;0.63878;-0.812822;-1.76499;-1.22355;
-29.5383;0.688337;-0.995647;-1.82825;-1.21071;
-29.472;0.663127;-1.18273;-1.87078;-1.23015;
-29.4451;0.269369;-1.35154;-1.68814;-1.41256;
-29.4328;0.122845;-1.54684;-1.953;-1.50798;
-29.4199;0.129429;-1.74558;-1.98742;-1.50576;
-29.4189;0.00912952;-1.94391;-1.98329;-1.56619;
-29.4247;-0.057448;-2.15105;-2.07136;-1.59852;
-29.4288;-0.0414273;-2.34879;-1.97745;-1.59174;
-29.4428;-0.139491;-2.54616;-1.97373;-1.64135;
-29.4579;-0.150734;-2.76633;-2.20161;-1.63916;
-29.467;-0.0918683;-2.96363;-1.97301;-1.61733;
-29.4861;-0.191034;-3.15886;-1.95232;-1.66834;
-29.5327;-0.46563;-3.37248;-2.13617;-1.78541;
-29.5777;-0.450129;-3.55781;-1.85331;-1.80906;
-29.6255;-0.477388;-3.75063;-1.92821;-1.8135;
-29.6674;-0.419843;-3.95703;-2.06399;-1.77147;
-29.7113;-0.438534;-4.12863;-1.71605;-1.82099;
-29.778;-0.667031;-4.33351;-2.04878;-1.88555;
-29.8212;-0.43246;-4.50403;-1.70518;-1.81917;
-29.8794;-0.58181;-4.7186;-2.1457;-1.83558;
-29.9287;-0.492339;-4.90525;-1.86648;-1.8287;
-29.9887;-0.600117;-5.09094;-1.85694;-1.88338;

29.9648;-0.464863;-5.29028;-1.99337;-1.79991;
29.9185;-0.463858;-5.48126;-1.90987;-1.80906;
29.8599;-0.585738;-5.6868;-2.05536;-1.84842;
29.8021;-0.577571;-5.88584;-1.99043;-1.85321;
29.7259;-0.76207;-6.06681;-1.80972;-1.96936;
29.6431;-0.828384;-6.24446;-1.77648;-2.00713;
29.5806;-0.625092;-6.41371;-1.69249;-1.92459;
29.5016;-0.789464;-6.60276;-1.89051;-1.96638;
29.427;-0.746255;-6.78283;-1.80065;-1.96369;
29.3651;-0.619494;-6.952;-1.69172;-1.92182;
29.303;-0.620964;-7.1244;-1.72397;-1.91652;
29.2321;-0.708656;-7.31567;-1.91278;-1.9256;
29.1589;-0.731947;-7.50321;-1.87537;-1.94291;
29.0855;-0.7339;-7.69103;-1.8782;-1.9433;
29.0157;-0.698486;-7.87445;-1.83422;-1.93465;
28.9477;-0.679101;-8.05453;-1.80077;-1.93142;
28.8698;-0.779836;-8.21304;-1.58506;-2.02802;
28.7757;-0.940461;-8.39245;-1.79409;-2.05362;
28.6971;-0.786355;-8.56146;-1.69018;-2.00626;
28.6097;-0.87356;-8.75538;-1.93922;-1.99404;
28.5435;-0.662137;-8.9469;-1.91512;-1.90367;
28.4785;-0.649653;-9.13874;-1.91847;-1.89731;
28.4237;-0.548356;-9.31499;-1.76246;-1.87243;
28.3499;-0.737837;-9.52968;-2.14691;-1.90182;
28.3028;-0.471398;-9.7103;-1.80617;-1.82609;
28.2599;-0.428404;-9.90634;-1.96037;-1.78595;
28.2179;-0.420506;-10.1071;-2.00735;-1.77729;
28.1828;-0.351307;-10.2978;-1.90775;-1.7529;
28.1407;-0.420759;-10.4918;-1.93927;-1.78445;
28.1151;-0.255469;-10.6838;-1.92064;-1.70303;
28.0892;-0.259167;-10.8839;-2.00039;-1.69964;
28.0383;-0.509414;-11.0936;-2.09725;-1.80908;
27.9882;-0.500536;-11.2749;-1.81313;-1.84015;
27.9271;-0.611279;-11.4822;-2.07309;-1.85753;
27.8666;-0.605325;-11.6655;-1.8331;-1.88974;
27.8049;-0.616843;-11.8544;-1.88872;-1.88647;
27.742;-0.629297;-12.0633;-2.08867;-1.86344;
27.674;-0.679565;-12.2439;-1.80674;-1.93055;
27.623;-0.50986;-12.4314;-1.87406;-1.83643;
27.5808;-0.422291;-12.6413;-2.09918;-1.76932;
27.5359;-0.448933;-12.8427;-2.01431;-1.79008;
27.4843;-0.515424;-13.0415;-1.98772;-1.82451;
27.4297;-0.546989;-13.2278;-1.86285;-1.8564;
27.3624;-0.672803;-13.4154;-1.87595;-1.91515;
27.2938;-0.685805;-13.6125;-1.97118;-1.90561;
27.2275;-0.662591;-13.8005;-1.88004;-1.90964;
27.1677;-0.598284;-13.9934;-1.92934;-1.87149;
27.0961;-0.716126;-14.175;-1.81556;-1.9465;
27.0117;-0.844155;-14.3294;-1.54445;-2.07101;
26.9216;-0.900562;-14.4972;-1.67757;-2.06347;
26.8269;-0.947349;-14.6735;-1.76319;-2.06383;
26.715;-1.11918;-14.8376;-1.64106;-2.16933;
26.5997;-1.1526;-14.9965;-1.58941;-2.19822;
26.4794;-1.20264;-15.1342;-1.37647;-2.2889;
26.3586;-1.2082;-15.3007;-1.66507;-2.19851;
26.2664;-0.922174;-15.4647;-1.64012;-2.083;
26.1705;-0.958686;-15.6473;-1.82581;-2.0543;
26.06;-1.10515;-15.8244;-1.77091;-2.12872;
25.9564;-1.03659;-15.9969;-1.7252;-2.11184;
25.8289;-1.2751;-16.1958;-1.98931;-2.1408;
25.7445;-0.843207;-16.3762;-1.80375;-2.00809;
25.6397;-1.04853;-16.5883;-2.12141;-2.02984;
25.5516;-0.880642;-16.7752;-1.86832;-2.01127;
25.4926;-0.590536;-16.9742;-1.99063;-1.85918;
25.4573;-0.352869;-17.1991;-2.24917;-1.72642;
25.4252;-0.320307;-17.4205;-2.21364;-1.7145;
25.3987;-0.265368;-17.616;-1.95492;-1.70572;
25.3644;-0.343391;-17.8214;-2.05409;-1.73644;
25.351;-0.13366;-18.0254;-2.03961;-1.63623;
25.3385;-0.125371;-18.2247;-1.99284;-1.63362;
25.3253;-0.131273;-18.4259;-2.01239;-1.63594;
25.3093;-0.160013;-18.6176;-1.91729;-1.65406;
25.282;-0.273176;-18.8281;-2.1044;-1.69989;
25.257;-0.250645;-19.0273;-1.99246;-1.69594;
25.2372;-0.197094;-19.2217;-1.94427;-1.67182;
25.2208;-0.1643;-19.4142;-1.92463;-1.65596;
25.2184;-0.0245057;-19.6123;-1.9806;-1.58317;
25.2187;0.00326973;-19.8235;-2.11259;-1.56925;
25.2115;-0.0721923;-20.0277;-2.04189;-1.60614;
25.1923;-0.191244;-20.2176;-1.89935;-1.67115;
25.1611;-0.312965;-20.447;-2.29367;-1.70641;
25.1387;-0.223252;-20.6404;-1.93399;-1.68572;
25.1256;-0.130759;-20.8503;-2.09906;-1.63301;
25.1269;0.0129619;-21.0435;-1.93145;-1.56409;
25.1242;-0.0276596;-21.2417;-1.98283;-1.58474;
25.1158;-0.0836312;-21.4412;-1.99447;-1.6127;
25.0865;-0.293096;-21.6414;-2.00233;-1.71614;
25.0565;-0.299801;-21.838;-1.96619;-1.72211;
25.0298;-0.267272;-22.0348;-1.96712;-1.70584;
25.0026;-0.272134;-22.235;-2.0023;-1.70588;
24.959;-0.436017;-22.4586;-2.2362;-1.76336;
24.9276;-0.313733;-22.648;-1.89346;-1.735;
24.8962;-0.314008;-22.8555;-2.0759;-1.72092;
24.88;-0.162426;-23.0603;-2.04804;-1.64994;
24.8713;-0.0869624;-23.2553;-1.94928;-1.61538;
24.8636;-0.0768744;-23.4201;-1.64844;-1.6174;
24.8482;-0.153471;-23.6292;-2.09077;-1.64407;
24.8242;-0.240064;-23.8304;-2.01165;-1.68957;
24.8017;-0.225515;-24.0308;-2.00435;-1.68284;
24.7666;-0.351081;-24.2439;-2.13135;-1.73405;
24.721;-0.456096;-24.4369;-1.92963;-1.8029;
24.6757;-0.452361;-24.6228;-1.85857;-1.80955;
24.6236;-0.521617;-24.8174;-1.9464;-1.83263;
24.5734;-0.501722;-24.9997;-1.82296;-1.83937;
24.5188;-0.546378;-25.2057;-2.05975;-1.83009;
24.4585;-0.60249;-25.4066;-2.00923;-1.86213;
24.4252;-0.333346;-25.6122;-2.05601;-1.73153;
24.3996;-0.255511;-25.8148;-2.02605;-1.69625;
24.3728;-0.268511;-26.0082;-1.93411;-1.70874;
24.3572;-0.155253;-26.2321;-2.23854;-1.64004;
24.3396;-0.175923;-26.4294;-1.9731;-1.65972;
24.31;-0.296126;-26.658;-2.28673;-1.69958;
24.2999;-0.101565;-26.8494;-1.9134;-1.62383;
24.2747;-0.251781;-27.0573;-2.07943;-1.69129;
24.2493;-0.254208;-27.2526;-1.95258;-1.70026;
24.2035;-0.457658;-27.4765;-2.23955;-1.77237;
24.1434;-0.601384;-27.6748;-1.98226;-1.86535;
24.0793;-0.641247;-27.8982;-2.23458;-1.85025;
24.0275;-0.517439;-28.085;-1.86746;-1.8411;
23.9601;-0.673665;-28.2829;-1.97922;-1.89887;
23.8901;-0.699962;-28.47;-1.87101;-1.92879;
23.8119;-0.7822;-28.6422;-1.7222;-1.99713;
23.729;-0.829087;-28.8253;-1.83088;-1.99601;
23.6454;-0.8361;-29.0072;-1.81888;-2.00167;
23.5613;-0.841481;-29.1839;-1.76689;-2.01526;
23.471;-0.902307;-29.357;-1.73172;-2.05114;
23.3796;-0.914394;-29.524;-1.66986;-2.07179;
23.2798;-0.997917;-29.7027;-1.78628;-2.08026;
23.1843;-0.955425;-29.873;-1.70389;-2.08184;

23.0844;-0.998621;29.9608;-1.66105;-2.1121;
22.9731;-1.11336;29.7844;-1.76466;-2.13364;
22.8423;-1.3071;29.6131;-1.7126;-2.22271;
22.7203;-1.22066;29.453;-1.60094;-2.22223;
22.5986;-1.21661;29.2936;-1.59461;-2.22253;
22.4808;-1.17781;29.1508;-1.42719;-2.26076;
22.3516;-1.29248;28.9959;-1.54899;-2.26616;
22.2502;-1.01399;28.8316;-1.6437;-2.12355;
22.1433;-1.0694;28.6602;-1.71417;-2.12858;
22.0346;-1.08673;28.487;-1.73184;-2.13119;
21.9423;-0.923166;28.3241;-1.62876;-2.08644;
21.8315;-1.10754;28.1642;-1.59866;-2.17667;
21.72;-1.11485;28.0079;-1.56309;-2.19035;
21.6054;-1.14628;27.8412;-1.66735;-2.17307;
21.494;-1.11351;27.6765;-1.64722;-2.16523;
21.3987;-0.953655;27.5053;-1.71151;-2.07915;
21.2987;-0.999683;27.3275;-1.77786;-2.08303;
21.2082;-0.904722;27.1434;-1.84093;-2.02758;
21.1268;-0.814073;26.955;-1.88421;-1.97862;
21.0467;-0.800959;26.7768;-1.78196;-1.99322;
20.9555;-0.912836;26.5986;-1.78179;-2.04425;
20.857;-0.984989;26.4393;-1.59315;-2.12454;
20.742;-1.14934;26.2732;-1.6609;-2.17613;
20.6233;-1.18687;26.1112;-1.61991;-2.20312;
20.4676;-1.55719;25.9606;-1.50649;-2.37274;
20.3288;-1.38774;25.8366;-1.23957;-2.41253;
20.1789;-1.49955;25.7092;-1.27411;-2.43729;
20.0293;-1.49623;25.5937;-1.15563;-2.48393;
19.8894;-1.39895;25.467;-1.26616;-2.40598;
19.7336;-1.55758;25.3435;-1.23578;-2.47089;
19.5917;-1.41896;25.2179;-1.25536;-2.4173;
19.4384;-1.53358;25.0795;-1.3844;-2.40727;
19.2917;-1.46669;24.994;-0.855126;-2.61374;
19.1021;-1.89607;24.9125;-0.815226;-2.73553;
18.917;-1.85119;24.8347;-0.777641;-2.7439;
18.7303;-1.86698;24.7592;-0.755186;-2.75722;
18.5447;-1.85604;24.684;-0.751598;-2.75683;
18.3733;-1.71395;24.6109;-0.73097;-2.73847;
18.191;-1.82235;24.5118;-0.991536;-2.64329;
17.994;-1.97038;24.3979;-1.13895;-2.61748;
17.8208;-1.73193;24.2993;-0.98524;-2.62438;
17.6268;-1.93947;24.2038;-0.955155;-2.68398;
17.4457;-1.81187;24.1219;-0.819257;-2.71694;
17.263;-1.82664;24.039;-0.829097;-2.71551;
17.0815;-1.81464;23.9559;-0.831213;-2.71206;
16.8953;-1.86192;23.8768;-0.791144;-2.7398;
16.6966;-1.98711;23.7879;-0.88878;-2.72101;
16.5231;-1.73567;23.6812;-1.06641;-2.59064;
16.3508;-1.7228;23.5855;-0.957396;-2.63437;
16.1649;-1.85881;23.4993;-0.862511;-2.70715;
15.986;-1.78945;23.4242;-0.750976;-2.74425;
15.8008;-1.85118;23.3504;-0.737254;-2.76259;
15.6149;-1.85947;23.2819;-0.684828;-2.78872;
15.4432;-1.71674;23.2015;-0.804534;-2.70335;
15.2722;-1.70992;23.119;-0.825225;-2.69195;
15.0799;-1.92367;23.0372;-0.817477;-2.73976;
14.9085;-1.71392;22.9552;-0.820436;-2.69514;
14.7414;-1.67026;22.8678;-0.873991;-2.65951;
14.5683;-1.73154;22.7752;-0.925919;-2.65054;
14.3942;-1.74046;22.6842;-0.909683;-2.65998;
14.2305;-1.63748;22.5747;-1.09479;-2.55227;
14.0582;-1.72247;22.4639;-1.10856;-2.56974;
13.8865;-1.71746;22.3546;-1.09269;-2.57496;
13.7135;-1.73048;22.2442;-1.10443;-2.57354;
13.5269;-1.86547;22.1388;-1.05343;-2.62753;
13.3539;-1.72967;22.0411;-0.976923;-2.62746;
13.1765;-1.77414;21.9423;-0.98845;-2.63328;
12.997;-1.79477;21.8398;-1.02486;-2.62275;
12.8211;-1.75971;21.7189;-1.20881;-2.53969;
12.6688;-1.52297;21.5958;-1.2313;-2.4617;
12.5144;-1.54389;21.4585;-1.37319;-2.41464;
12.3642;-1.50155;21.3235;-1.34976;-2.40938;
12.2407;-1.2351;21.1723;-1.5124;-2.25561;
12.1237;-1.17004;21.0309;-1.41338;-2.26228;
11.9909;-1.32801;20.8577;-1.73254;-2.22478;
11.8679;-1.22993;20.7009;-1.56749;-2.23611;
11.7489;-1.19007;20.545;-1.55962;-2.2226;
11.6287;-1.2018;20.4093;-1.35666;-2.29574;
11.4828;-1.45966;20.2436;-1.65663;-2.29307;
11.3466;-1.36173;20.0953;-1.48372;-2.31335;
11.2168;-1.2977;19.9483;-1.46991;-2.29405;
11.0934;-1.23453;19.8064;-1.41824;-2.28705;
10.9623;-1.31113;19.6583;-1.4819;-2.29513;
10.8282;-1.34059;19.5122;-1.46068;-2.31335;
10.6949;-1.33308;19.3662;-1.45987;-2.31083;
10.5504;-1.44478;19.2333;-1.32848;-2.39811;
10.4025;-1.47936;19.0977;-1.35632;-2.39956;
10.2519;-1.50539;18.9572;-1.40517;-2.39061;
10.104;-1.47952;18.8244;-1.32799;-2.41012;
9.96713;-1.36863;18.7018;-1.22617;-2.41104;
9.80365;-1.63486;18.5702;-1.31618;-2.46377;
9.64788;-1.55767;18.4442;-1.25996;-2.46146;
9.48558;-1.623;18.314;-1.30196;-2.46552;
9.33207;-1.53504;18.1885;-1.25513;-2.45618;
9.18467;-1.47408;18.0586;-1.29839;-2.41948;
9.01997;-1.64701;17.9136;-1.45064;-2.4195;
8.87375;-1.46214;17.7846;-1.28933;-2.41892;
8.72741;-1.46339;17.6532;-1.31447;-2.40975;
8.59656;-1.30852;17.5169;-1.36297;-2.33582;
8.44587;-1.5069;17.3749;-1.41941;-2.38608;
8.28807;-1.57799;17.2494;-1.25522;-2.46963;
8.12783;-1.60243;17.113;-1.36426;-2.43631;
7.98422;-1.43609;16.9802;-1.32825;-2.39519;
7.83794;-1.46277;16.8433;-1.36856;-2.38945;
7.71516;-1.22785;16.7036;-1.39672;-2.29194;
7.574;-1.41155;16.5449;-1.58721;-2.29768;
7.4303;-1.43705;16.3942;-1.50754;-2.33226;
7.29028;-1.40019;16.2647;-1.29465;-2.39534;
7.14682;-1.43454;16.1286;-1.36074;-2.38259;
7.00005;-1.46778;15.994;-1.34608;-2.39942;
6.85798;-1.42061;15.8768;-1.17196;-2.45181;
6.70356;-1.54429;15.7449;-1.31897;-2.43472;
6.53531;-1.68245;15.5971;-1.47827;-2.4207;
6.39166;-1.4365;15.4717;-1.25433;-2.42379;
6.24618;-1.45484;15.3404;-1.31269;-2.40751;
6.09636;-1.49817;15.2144;-1.26003;-2.44232;
5.94147;-1.54886;15.0877;-1.26671;-2.45607;
5.79165;-1.4982;14.97;-1.17676;-2.47579;
5.63123;-1.60418;14.8533;-1.16787;-2.51231;
5.46487;-1.66368;14.7407;-1.12533;-2.54687;
5.31962;-1.45251;14.638;-1.02683;-2.52623;
5.15525;-1.64368;14.5297;-1.08296;-2.55901;
4.99916;-1.56092;14.4116;-1.18169;-2.4936;
4.83841;-1.60749;14.288;-1.23582;-2.48617;
4.67692;-1.61484;14.1491;-1.38895;-2.43126;
4.52132;-1.55606;14.0123;-1.36779;-2.4205;
4.38346;-1.37854;13.8748;-1.37474;-2.35758;
4.25302;-1.30441;13.7312;-1.43696;-2.30788;
4.11867;-1.34351;13.5832;-1.47959;-2.30803;
3.98071;-1.37955;13.4364;-1.46788;-2.32519;
3.83515;-1.45568;13.2857;-1.50673;-2.33897;
3.69573;-1.3942;13.1382;-1.47534;-2.32792;
3.56431;-1.31414;12.9894;-1.48846;-2.29408;
3.44324;-1.21068;12.8396;-1.4978;-2.25058;
3.31936;-1.23882;12.6833;-1.5624;-2.24119;
3.21089;-1.08471;12.5151;-1.68204;-2.14356;
3.11103;-0.998629;12.3449;-1.70249;-2.10128;
3.0019;-1.0913;12.1761;-1.688;-2.14471;
2.89331;-1.08587;12.0081;-1.67956;-2.14472;
2.7816;-1.11708;11.8373;-1.70848;-2.14987;
2.66787;-1.13733;11.6688;-1.6852;-2.16447;
2.55947;-1.084;11.4835;-1.85217;-2.10031;
2.48247;-0.769966;11.318;-1.65565;-2.0061;
2.39755;-0.84917;11.1379;-1.80035;-2.01152;
2.31371;-0.838403;10.9842;-1.53768;-2.06998;
2.21781;-0.958999;10.8086;-1.75594;-2.07068;
2.12428;-0.935385;10.6209;-1.87643;-2.03324;
2.04124;-0.830317;10.4508;-1.70105;-2.0249;
1.9535;-0.877477;10.271;-1.7978;-2.02486;
1.88027;-0.732224;10.0917;-1.79315;-1.95848;
1.81663;-0.636417;9.93013;-1.61603;-1.94596;
1.74667;-0.699666;9.75042;-1.79711;-1.94207;
1.70497;-0.41694;9.56125;-1.89169;-1.78773;
1.66191;-0.43063;9.36928;-1.9197;-1.79146;
1.60272;-0.591863;9.17605;-1.93228;-1.86803;
1.5451;-0.576264;8.98649;-1.89566;-1.86591;
1.49296;-0.521348;8.81811;-1.68378;-1.87106;
1.42614;-0.668172;8.62477;-1.9334;-1.90354;
1.36102;-0.651261;8.43658;-1.88186;-1.90397;
1.28736;-0.736597;8.26637;-1.70216;-1.97921;
1.2228;-0.645597;8.10704;-1.59324;-1.95579;
1.15983;-0.629713;7.91683;-1.90207;-1.89051;
1.05916;-1.00672;7.72026;-1.9657;-2.04411;
0.969919;-0.892369;7.55538;-1.64887;-2.06686;
0.875374;-0.945449;7.38384;-1.71538;-2.07453;
0.787209;-0.881649;7.21145;-1.72385;-2.04355;
0.705771;-0.814374;7.03555;-1.75901;-2.00439;
0.633141;-0.726301;6.84559;-1.89959;-1.93599;
0.577065;-0.560768;6.64351;-2.02088;-1.84147;
0.501974;-0.750902;6.45819;-1.85316;-1.95578;
0.422277;-0.796974;6.26496;-1.93231;-1.96199;
0.342566;-0.797112;6.07349;-1.91473;-1.96528;
0.272194;-0.703714;5.88789;-1.85599;-1.93321;
0.213395;-0.587989;5.68902;-1.98868;-1.85827;
0.158741;-0.546544;5.50246;-1.86563;-1.85578;
0.0947355;-0.640055;5.30604;-1.96418;-1.88581;
0.0195708;-0.751647;5.12496;-1.81073;-1.96426;
-0.0594391;-0.790099;4.93975;-1.85211;-1.97402;
-0.140942;-0.815029;4.75483;-1.84919;-1.98593;
-0.216989;-0.760467;4.58445;-1.70381;-1.9906;
-0.299573;-0.825845;4.39952;-1.84931;-1.99079;
-0.369257;-0.696837;4.21448;-1.8504;-1.93096;
-0.464963;-0.957065;4.0525;-1.61986;-2.10445;
-0.565985;-1.01022;3.87938;-1.73112;-2.09904;
-0.665323;-0.993378;3.71072;-1.68667;-2.10306;
-0.752701;-0.873782;3.52862;-1.82094;-2.0182;
-0.849032;-0.963315;3.34371;-1.84912;-2.05107;
-0.938071;-0.89039;3.16177;-1.81944;-2.02591;
-1.04293;-1.04862;2.9799;-1.81865;-2.09382;
-1.15991;-1.16979;2.8006;-1.79301;-2.14887;
-1.25636;-0.964451;2.6363;-1.64304;-2.1016;
-1.36305;-1.06691;2.44592;-1.90377;-2.0816;
-1.45976;-0.967089;2.27541;-1.70506;-2.08674;
-1.55954;-0.997874;2.10193;-1.73487;-2.09277;
-1.64376;-0.842179;1.93167;-1.70252;-2.03017;
-1.73336;-0.895951;1.75105;-1.80625;-2.03126;
-1.81813;-0.847717;1.56677;-1.84278;-2.00195;
-1.90908;-0.909535;1.38511;-1.81662;-2.03498;
-1.99197;-0.828868;1.20988;-1.75228;-2.01263;
-2.08424;-0.922662;1.01033;-1.99552;-2.00389;
-2.16125;-0.770172;0.834674;-1.75655;-1.98401;
-2.23443;-0.731788;0.642562;-1.92112;-1.93475;
-2.30957;-0.751385;0.461677;-1.80884;-1.9645;
-2.36549;-0.559225;0.274469;-1.87209;-1.86108;
-2.43815;-0.726541;0.0718989;-2.0257;-1.91517;
-2.53039;-0.922387;-0.122058;-1.93957;-2.0147;
-2.61794;-0.875554;-0.309654;-1.87596;-2.00747;
-2.68943;-0.714865;-0.483924;-1.7427;-1.96007;
-2.7659;-0.76468;-0.668008;-1.84084;-1.96451;
-2.84975;-0.838501;-0.852793;-1.84785;-1.99678;
-2.92142;-0.716703;-1.05449;-2.01693;-1.91222;
-2.9881;-0.666834;-1.24961;-1.95125;-1.9001;
-3.05292;-0.64818;-1.43716;-1.87554;-1.90354;
-3.13857;-0.85653;-1.62067;-1.83502;-2.00751;
-3.23192;-0.933493;-1.79695;-1.76283;-2.0578;
-3.31913;-0.872081;-1.98888;-1.91933;-1.99728;
-3.3972;-0.780731;-2.16831;-1.79425;-1.98122;
-3.47328;-0.760752;-2.36795;-1.99645;-1.93486;
-3.53879;-0.65509;-2.56507;-1.97121;-1.89164;
-3.61143;-0.72641;-2.74597;-1.80896;-1.95265;
-3.6843;-0.728774;-2.9357;-1.89731;-1.93753;
-3.74613;-0.618296;-3.10914;-1.73438;-1.91324;
-3.81702;-0.70889;-3.29476;-1.85622;-1.9356;
-3.88626;-0.69236;-3.47993;-1.85172;-1.9286;
-3.95875;-0.724938;-3.64743;-1.675;-1.97926;
-4.03928;-0.805243;-3.80922;-1.6179;-2.03261;
-4.11974;-0.804672;-3.98784;-1.7862;-1.99406;
-4.1983;-0.785545;-4.17337;-1.85531;-1.97131;
-4.25404;-0.557403;-4.35612;-1.8275;-1.86684;
-4.31123;-0.571937;-4.51878;-1.62655;-1.90892;
-4.36646;-0.552294;-4.69354;-1.74763;-1.87689;
-4.42283;-0.563716;-4.88363;-1.90086;-1.85909;
-4.47819;-0.553542;-5.05902;-1.75395;-1.8765;
-4.53692;-0.5873;-5.2454;-1.86372;-1.87607;
-4.59001;-0.53092;-5.42675;-1.81352;-1.85559;
-4.65259;-0.625812;-5.62042;-1.93676;-1.88333;
-4.71681;-0.64224;-5.79949;-1.79063;-1.91517;
-4.78306;-0.66248;-5.97396;-1.74473;-1.93368;
-4.85961;-0.765484;-6.14482;-1.70856;-1.99201;
-4.93353;-0.73922;-6.36626;-2.21444;-1.89298;
-5.00117;-0.676385;-6.54229;-1.76034;-1.93764;
-5.07387;-0.726997;-6.72022;-1.77928;-1.95869;
-5.14855;-0.746836;-6.91341;-1.93189;-1.93968;
-5.20577;-0.572153;-7.12369;-2.10275;-1.83646;
-5.26446;-0.586855;-7.3172;-1.93517;-1.86524;
-5.33112;-0.666665;-7.50948;-1.92272;-1.90455;
-5.40187;-0.707498;-7.71002;-2.00547;-1.90995;
-5.47055;-0.686779;-7.88288;-1.72855;-1.94899;
-5.5444;-0.738498;-8.07484;-1.91959;-1.93806;
-5.61837;-0.739655;-8.25725;-1.82415;-1.95602;
-5.72048;-1.02116;-8.44381;-1.86559;-2.07161;
-5.8164;-0.959187;-8.61017;-1.66354;-2.09383;
-5.91992;-1.03524;-8.78888;-1.78713;-2.09584;
-6.01232;-0.923978;-8.96347;-1.74592;-2.05755;
-6.13253;-1.20211;-9.13773;-1.74256;-2.17468;
-6.25529;-1.22755;-9.30773;-1.70005;-2.19618;
-6.36432;-1.09033;-9.48428;-1.76548;-2.12405;
-6.47318;-1.08862;-9.65291;-1.68629;-2.14405;
-6.57995;-1.06767;-9.81896;-1.6605;-2.14222;
-6.69778;-1.17834;-9.98683;-1.67875;-2.18281;
-6.8143;-1.16522;-10.1466;-1.59722;-2.20107;
-6.92336;-1.09056;-10.293;-1.46436;-2.21092;
-7.04442;-1.21055;-10.4575;-1.64477;-2.20528;
-7.16908;-1.24664;-10.6341;-1.76678;-2.18527;
-7.28131;-1.12234;-10.8119;-1.77793;-2.13389;
-7.39757;-1.16255;-10.9999;-1.87996;-2.12463;
-7.49278;-0.952138;-11.1636;-1.63693;-2.09762;
-7.56345;-0.706708;-11.3363;-1.72668;-1.95928;
-7.61773;-0.54277;-11.5168;-1.80475;-1.86294;
-7.68906;-0.713327;-11.7331;-2.16317;-1.88933;
-7.75268;-0.636178;-11.9161;-1.83007;-1.90535;
-7.78667;-0.339883;-12.1028;-1.86658;-1.75091;
-7.82794;-0.412679;-12.329;-2.26199;-1.75125;
-7.86068;-0.327394;-12.5306;-2.01694;-1.73171;
-7.88852;-0.278419;-12.7221;-1.915;-1.71517;
-7.91601;-0.274911;-12.9205;-1.98361;-1.70851;
-7.943;-0.269938;-13.1185;-1.97958;-1.70632;
-7.96996;-0.269532;-13.3212;-2.02755;-1.70296;
-7.99355;-0.23598;-13.5241;-2.02848;-1.68661;
-8.02574;-0.321839;-13.7122;-1.88139;-1.74022;
-8.05709;-0.313521;-13.9209;-2.08646;-1.71995;
-8.08997;-0.328839;-14.1412;-2.20381;-1.71892;
-8.09034;-0.0036868;-14.3473;-2.06086;-1.57259;
-8.07845;0.118908;-14.5387;-1.91398;-1.50875;
-8.06419;0.142599;-14.7367;-1.97979;-1.49889;
-8.04958;0.146174;-14.931;-1.94317;-1.49571;
-8.03402;0.155528;-15.1307;-1.99644;-1.49305;
-8.01555;0.184682;-15.3323;-2.01639;-1.47946;
-8.00113;0.144263;-15.5312;-1.98868;-1.49838;
-7.97889;0.22238;-15.7346;-2.03479;-1.46194;
-7.97519;0.0369979;-15.9339;-1.99204;-1.55223;
-7.97182;0.0336682;-16.1364;-2.02518;-1.55417;
-7.96714;0.0468487;-16.3342;-1.97785;-1.54711;
-7.96495;0.0218884;-16.5325;-1.98343;-1.55976;
-7.96495;-3.93045e-05;-16.7107;-1.78213;-1.57082;
-7.97266;-0.0770608;-16.9168;-2.06138;-1.60816;
-7.97549;-0.0282559;-17.1206;-2.03748;-1.58466;
-7.98443;-0.0894046;-17.3159;-1.95349;-1.61653;
-8.00006;-0.156327;-17.5282;-2.12276;-1.64431;
-8.00896;-0.0890647;-17.7281;-1.99897;-1.61532;
-8.01498;-0.060152;-17.9478;-2.19731;-1.59816;
-8.01792;-0.029408;-18.1473;-1.99473;-1.58554;
-8.01723;0.00690333;-18.3422;-1.9489;-1.56725;
-8.00924;0.0798832;-18.5453;-2.03113;-1.53149;
-8.00962;-0.00381488;-18.7525;-2.07152;-1.57264;
-7.9792;0.304193;-18.9474;-1.94959;-1.41602;
-7.94967;0.295371;-19.1483;-2.00835;-1.42477;
-7.9313;0.183641;-19.3441;-1.95848;-1.4773;
-7.92124;0.100625;-19.5313;-1.8717;-1.51709;
-7.89333;0.279113;-19.7261;-1.94837;-1.42851;
-7.84547;0.478611;-19.926;-1.99872;-1.33576;
-7.79424;0.512296;-20.1152;-1.89162;-1.30632;
-7.74073;0.535123;-20.3001;-1.84982;-1.2892;
-7.68267;0.580602;-20.4933;-1.93174;-1.27883;
-7.61541;0.6726;-20.6764;-1.8307;-1.2187;
-7.5434;0.720061;-20.8656;-1.8925;-1.20723;
-7.49573;0.476744;-21.0391;-1.73488;-1.30262;
-7.45728;0.384503;-21.2283;-1.89158;-1.37026;
-7.3984;0.588731;-21.4394;-2.11103;-1.29882;
-7.35394;0.44458;-21.6271;-1.87672;-1.33819;
-7.29105;0.628965;-21.7844;-1.57298;-1.19041;
-7.21784;0.732071;-21.971;-1.86684;-1.19708;
-7.12109;0.967491;-22.166;-1.94929;-1.11009;
-7.03898;0.821099;-22.3339;-1.67917;-1.11599;
-6.97216;0.668224;-22.5274;-1.93504;-1.23829;
-6.91013;0.620276;-22.7239;-1.96559;-1.26512;
-6.84946;0.606722;-22.8909;-1.67;-1.22232;
-6.78078;0.686825;-23.0792;-1.88226;-1.22092;
-6.69741;0.8337;-23.2728;-1.93576;-1.16412;
-6.6039;0.935053;-23.4582;-1.85469;-1.10383;
-6.51245;0.914502;-23.6371;-1.78889;-1.09822;
-6.41504;0.974072;-23.8197;-1.82635;-1.08083;
-6.31716;0.978869;-23.9743;-1.5455;-1.0062;
-6.18791;1.29248;-24.135;-1.60709;-0.893479;
-6.07476;1.13147;-24.301;-1.65994;-0.972507;
-5.96241;1.12357;-24.4665;-1.65468;-0.974287;
-5.84468;1.17727;-24.6261;-1.59596;-0.935242;
-5.70889;1.35791;-24.8255;-1.99415;-0.972974;
-5.59646;1.12432;-24.9917;-1.66243;-0.976146;
-5.49496;1.01501;-25.1639;-1.72144;-1.03804;
-5.39069;1.04261;-25.3388;-1.7489;-1.03321;
-5.29591;0.947841;-25.5067;-1.67941;-1.05697;
-5.19859;0.973209;-25.6766;-1.6991;-1.05063;
-5.09129;1.073;-25.8724;-1.95774;-1.06943;
-5.01699;0.743018;-26.0424;-1.70057;-1.15887;
-4.94968;0.673055;-26.2171;-1.74702;-1.20306;
-4.87655;0.731315;-26.407;-1.8982;-1.20305;
-4.80383;0.727162;-26.5947;-1.87718;-1.20123;
-4.73082;0.730116;-26.7729;-1.78245;-1.18203;
-4.65245;0.783692;-26.9551;-1.82191;-1.16457;
-4.56294;0.895101;-27.1371;-1.81941;-1.11359;
-4.47447;0.884702;-27.3171;-1.8;-1.11397;
-4.41366;0.608165;-27.5085;-1.91398;-1.26314;
-4.35243;0.612299;-27.6992;-1.90765;-1.26021;
-4.28641;0.660141;-27.8896;-1.90399;-1.23705;
-4.21746;0.689555;-28.0713;-1.81697;-1.20808;
-4.14942;0.680391;-28.2421;-1.70823;-1.19175;
-4.06845;0.809631;-28.4332;-1.91076;-1.17001;
-3.99097;0.774865;-28.6193;-1.86114;-1.17628;
-3.91182;0.791457;-28.8136;-1.943;-1.18398;
-3.83566;0.761591;-28.9992;-1.85623;-1.18145;
-3.72794;1.07721;-29.1775;-1.7828;-1.02728;
-3.61788;1.10061;-29.3325;-1.54957;-0.95321;
-3.48975;1.28135;-29.5054;-1.72881;-0.93297;
-3.37677;1.12981;-29.6651;-1.59779;-0.955317;
-3.26327;1.13491;-29.8243;-1.59131;-0.951272;

-3.14799;1.15286;29.9774;-1.98291;-1.04417;
-3.05921;0.887836;29.7968;-1.80584;-1.11385;
-2.97068;0.885228;29.6174;-1.79401;-1.11241;
-2.86303;1.07657;29.425;-1.92462;-1.06079;
-2.77078;0.922491;29.2546;-1.70431;-1.07468;
-2.6742;0.96574;29.0769;-1.77637;-1.07283;
-2.58166;0.925436;28.9337;-1.43184;-0.997007;
-2.46882;1.12837;28.7615;-1.72248;-0.990854;
-2.36712;1.01699;28.5918;-1.69733;-1.03099;
-2.27012;0.970076;28.4232;-1.68594;-1.04867;
-2.16629;1.03822;28.2429;-1.80254;-1.04823;
-2.06848;0.978092;28.0726;-1.70281;-1.04942;
-1.96538;1.03107;27.8933;-1.79304;-1.04893;
-1.86541;0.999642;27.7233;-1.70032;-1.03931;
-1.7658;0.996166;27.5377;-1.85606;-1.07821;
-1.68941;0.763861;27.3497;-1.88025;-1.18491;
-1.61235;0.770644;27.1671;-1.82581;-1.1714;
-1.53439;0.779506;26.9835;-1.83561;-1.16922;
-1.44365;0.907486;26.8014;-1.82068;-1.1084;
-1.35785;0.857958;26.6262;-1.75293;-1.11563;
-1.26402;0.938279;26.4498;-1.76402;-1.08196;
-1.17132;0.926993;26.2749;-1.74827;-1.08325;
-1.06228;1.09048;26.1105;-1.64412;-0.985156;
-0.962446;0.998298;25.9506;-1.5992;-1.01274;
-0.857683;1.04763;25.7777;-1.72921;-1.02609;
-0.753519;1.04163;25.6075;-1.70205;-1.02161;
-0.64728;1.06239;25.4344;-1.73032;-1.02016;
-0.54719;1.0009;25.2512;-1.83246;-1.07087;
-0.448017;0.991734;25.0853;-1.65915;-1.03204;
-0.335346;1.12671;24.8708;-2.14456;-1.08705;
-0.239142;0.962039;24.7015;-1.69336;-1.05414;
-0.13868;1.00462;24.5249;-1.76572;-1.05352;
-0.0492554;0.894243;24.3521;-1.72772;-1.09318;
0.0548734;1.04129;24.1658;-1.86368;-1.06128;
0.146892;0.920181;23.9881;-1.7765;-1.09287;
0.232585;0.85694;23.8146;-1.73499;-1.11203;
0.311492;0.789061;23.6362;-1.78434;-1.15444;
0.397704;0.862123;23.4512;-1.85015;-1.13474;
0.480662;0.829582;23.2747;-1.76499;-1.13142;
0.599851;1.19188;23.0571;-2.1755;-1.06959;
0.686567;0.867168;22.909;-1.48106;-1.0411;
0.798302;1.11735;22.7281;-1.80952;-1.01762;
0.926527;1.28225;22.5738;-1.54284;-0.87738;
1.05888;1.32354;22.4059;-1.67845;-0.903077;
1.18125;1.22372;22.2476;-1.58378;-0.91295;
1.30221;1.20961;22.0889;-1.58625;-0.919306;
1.42782;1.25608;21.9303;-1.58606;-0.900983;
1.55157;1.23749;21.7736;-1.5673;-0.902447;
1.6767;1.25128;21.6151;-1.58451;-0.902369;
1.80666;1.29962;21.4471;-1.68069;-0.912571;
1.92066;1.13997;21.2917;-1.55341;-0.937708;
2.03643;1.15774;21.1474;-1.44316;-0.894702;
2.15463;1.18195;20.9951;-1.52292;-0.910794;
2.29737;1.42742;20.835;-1.60117;-0.842706;
2.42968;1.32311;20.6761;-1.58942;-0.876578;
2.55923;1.29555;20.5207;-1.55372;-0.875761;
2.67161;1.1238;20.3534;-1.67332;-0.979387;
2.76979;0.981721;20.1737;-1.79679;-1.07074;
2.86193;0.921405;19.9963;-1.77352;-1.09164;
2.95851;0.965863;19.8267;-1.69606;-1.05313;
3.0552;0.966826;19.6463;-1.80419;-1.07886;
3.15812;1.02924;19.465;-1.81342;-1.05456;
3.2588;1.00678;19.2831;-1.81831;-1.06513;
3.36565;1.0685;19.0845;-1.986;-1.0772;
3.4642;0.985541;18.9118;-1.72762;-1.05238;
3.5622;0.979999;18.7328;-1.79005;-1.0699;
3.65135;0.891429;18.5945;-1.38244;-0.99807;
3.7859;1.34554;18.4375;-1.57012;-0.862273;
3.91115;1.25248;18.3036;-1.33921;-0.818847;
4.05715;1.45999;18.151;-1.52639;-0.807628;
4.19151;1.34359;18.0062;-1.44804;-0.822795;
4.32787;1.36366;17.8602;-1.45992;-0.819476;
4.46966;1.41786;17.7376;-1.22552;-0.712765;
4.6245;1.54839;17.5696;-1.68037;-0.826252;
4.75773;1.33238;17.4459;-1.23716;-0.748357;
4.90641;1.48677;17.3096;-1.36248;-0.741803;
5.05379;1.47376;17.1712;-1.38427;-0.754096;
5.21557;1.61781;17.0221;-1.49073;-0.744539;
5.35455;1.3898;16.8935;-1.28606;-0.746648;
5.48372;1.29176;16.7626;-1.30875;-0.791928;
5.60366;1.19937;16.634;-1.28633;-0.82037;
5.75334;1.49683;16.4988;-1.35201;-0.734609;
5.89477;1.41425;16.3617;-1.37071;-0.769767;
6.04766;1.52889;16.2217;-1.4006;-0.741635;
6.17706;1.294;16.0862;-1.35475;-0.808329;
6.29427;1.17209;15.9328;-1.53397;-0.91834;
6.43715;1.42878;15.776;-1.56811;-0.831856;
6.57034;1.3319;15.6322;-1.43803;-0.823694;
6.70226;1.31924;15.4846;-1.47622;-0.841496;
6.82082;1.18562;15.3395;-1.45069;-0.885607;
6.94701;1.26184;15.186;-1.53526;-0.882839;
7.06606;1.19049;15.0348;-1.51115;-0.903536;
7.17983;1.13777;14.8635;-1.71362;-0.984674;
7.29155;1.1172;14.72;-1.43525;-0.909368;
7.41009;1.1854;14.5613;-1.5861;-0.928982;
7.52688;1.16786;14.4022;-1.59176;-0.937815;
7.67226;1.45383;14.2534;-1.48802;-0.79702;
7.80858;1.36322;14.1135;-1.39868;-0.798237;
7.96111;1.5253;13.9715;-1.41959;-0.749517;
8.10749;1.46377;13.8352;-1.36342;-0.749919;
8.25378;1.46293;13.6985;-1.36685;-0.751456;
8.39719;1.43411;13.566;-1.32489;-0.745831;
8.54672;1.4953;13.4246;-1.41376;-0.757375;
8.69224;1.45518;13.285;-1.39686;-0.764952;
8.83958;1.47339;13.1436;-1.41321;-0.764554;
8.98295;1.43369;12.9946;-1.49033;-0.804765;
9.12161;1.38661;12.8413;-1.53337;-0.835618;
9.25262;1.31013;12.7024;-1.38914;-0.814659;
9.37949;1.26864;12.5493;-1.53014;-0.87856;
9.50694;1.27453;12.3961;-1.53285;-0.877155;
9.62713;1.20192;12.2428;-1.53238;-0.905674;
9.76311;1.3598;12.0892;-1.53633;-0.846276;
9.89482;1.31709;11.9434;-1.45771;-0.836033;
10.0364;1.41544;11.786;-1.57387;-0.838347;
10.152;1.15669;11.6285;-1.57489;-0.937319;
10.2391;0.870934;11.4531;-1.75439;-1.11001;
10.3199;0.807337;11.2746;-1.78497;-1.14603;
10.3994;0.795275;11.0951;-1.7953;-1.1538;
10.4931;0.936734;10.9074;-1.87677;-1.10785;
10.581;0.879381;10.7316;-1.75813;-1.10701;
10.681;1.00042;10.5521;-1.79443;-1.0622;
10.7739;0.928373;10.3823;-1.69882;-1.07066;
10.8591;0.852648;10.2032;-1.79097;-1.12647;
10.9366;0.774138;10.0246;-1.78509;-1.16161;
11.0108;0.742176;9.84349;-1.81161;-1.18198;
11.0828;0.719784;9.67136;-1.72133;-1.17474;
11.1597;0.769548;9.48949;-1.81868;-1.17051;
11.2322;0.724801;9.30564;-1.83846;-1.19526;
11.3064;0.742186;9.11925;-1.86396;-1.19186;
11.3871;0.806478;8.93615;-1.83093;-1.15589;
11.4622;0.751208;8.73209;-2.04057;-1.21806;
11.5243;0.621279;8.53153;-2.00566;-1.27041;
11.5888;0.645425;8.34104;-1.90491;-1.24411;
11.6417;0.52876;8.14617;-1.94866;-1.30583;
11.6968;0.550391;7.94663;-1.99542;-1.30166;
11.7449;0.480959;7.759;-1.87634;-1.31987;
11.7957;0.508768;7.56414;-1.94856;-1.3154;
11.8449;0.492007;7.36567;-1.98473;-1.3278;
11.8828;0.378933;7.15908;-2.06585;-1.38939;
11.9278;0.449773;6.9532;-2.05887;-1.35572;
11.9641;0.363093;6.75623;-1.96966;-1.3885;
12.0055;0.413509;6.57037;-1.85862;-1.35188;
12.038;0.324987;6.37561;-1.94758;-1.40545;
12.0725;0.345799;6.17803;-1.97576;-1.39753;
12.1002;0.276583;5.98672;-1.91309;-1.42722;
12.1336;0.333766;5.79298;-1.93749;-1.4002;
12.1664;0.328461;5.59489;-1.98082;-1.40647;
12.2037;0.372836;5.40038;-1.94517;-1.38142;
12.2339;0.301952;5.21161;-1.88764;-1.41218;
12.2373;0.0339616;5.03866;-1.72951;-1.55116;
12.2413;0.0401698;4.83523;-2.03435;-1.55105;
12.2457;0.0438894;4.62534;-2.09882;-1.54989;
12.2271;-0.186339;4.42717;-1.98179;-1.66455;
12.2029;-0.242094;4.22413;-2.0303;-1.68948;
12.1926;-0.103005;4.04631;-1.7783;-1.62865;
12.1911;-0.0149312;3.82277;-2.23535;-1.57748;
12.1751;-0.159895;3.58456;-2.38213;-1.63782;
12.1722;-0.0288334;3.39491;-1.89651;-1.586;
12.1686;-0.0364233;3.19462;-2.00291;-1.58898;
12.1704;0.0188757;2.99482;-1.998;-1.56135;
12.1673;-0.031472;2.79281;-2.02004;-1.58637;
12.1877;0.204474;2.59745;-1.95357;-1.46651;
12.2198;0.320405;2.42055;-1.76905;-1.39162;
12.2567;0.369198;2.22315;-1.97405;-1.38591;
12.2921;0.354113;2.02908;-1.94062;-1.39031;
12.3314;0.392755;1.83338;-1.95703;-1.37274;
12.3737;0.422811;1.65144;-1.81945;-1.34247;
12.4188;0.451421;1.46797;-1.83466;-1.32954;
12.462;0.431384;1.26683;-2.01141;-1.35953;
12.5013;0.393813;1.05661;-2.10219;-1.38561;
12.5425;0.411267;0.844211;-2.12398;-1.37953;
12.5837;0.412436;0.64108;-2.03131;-1.37048;
12.6131;0.294147;0.452489;-1.88591;-1.41607;
12.632;0.188424;0.240755;-2.11735;-1.48204;
12.6571;0.251241;0.0493015;-1.91453;-1.44031;
12.6971;0.399673;-0.151567;-2.00869;-1.37439;
12.7236;0.265903;-0.374095;-2.22528;-1.45187;
12.7235;-0.00162741;-0.576728;-2.02633;-1.5716;
12.7222;-0.0125564;-0.779136;-2.02408;-1.577;
12.7215;-0.00746726;-0.979432;-2.00296;-1.57452;
12.7451;0.236319;-1.19364;-2.14204;-1.46092;
12.7596;0.14464;-1.37929;-1.85651;-1.49304;
12.7757;0.161222;-1.57974;-2.00456;-1.49054;
12.821;0.452712;-1.77652;-1.96781;-1.34467;
12.8848;0.637854;-1.97162;-1.95094;-1.2548;
12.9457;0.608987;-2.15984;-1.88225;-1.25788;
13.0028;0.571306;-2.34978;-1.89933;-1.27861;
13.0806;0.778272;-2.54164;-1.91862;-1.18544;
13.1588;0.781533;-2.71145;-1.69811;-1.13946;
13.237;0.782052;-2.91048;-1.9903;-1.1964;
13.3098;0.728421;-3.09106;-1.80578;-1.18738;
13.3813;0.714966;-3.27691;-1.85856;-1.20356;
13.4495;0.682093;-3.45407;-1.77154;-1.20326;
13.5207;0.712076;-3.64527;-1.912;-1.21429;
13.592;0.712314;-3.80304;-1.57769;-1.1467;
13.6885;0.965731;-3.97378;-1.70745;-1.05606;
13.7568;0.682374;-4.12935;-1.55565;-1.15743;
13.8555;0.9871;-4.32067;-1.91327;-1.09449;
13.952;0.964898;-4.46813;-1.47461;-0.991375;
14.0746;1.22601;-4.62371;-1.55573;-0.903378;
14.1916;1.17062;-4.77061;-1.46904;-0.897975;
14.3156;1.23992;-4.92712;-1.56511;-0.900813;
14.4338;1.18184;-5.09377;-1.66648;-0.953935;
14.5504;1.16594;-5.25606;-1.62291;-0.947812;
14.6548;1.04406;-5.41954;-1.63474;-1.00243;
14.7621;1.07277;-5.57964;-1.601;-0.980445;
14.8814;1.19292;-5.73706;-1.57426;-0.922342;
15.0027;1.21301;-5.89883;-1.61773;-0.927409;
15.1257;1.23055;-6.06238;-1.6355;-0.925761;
15.2436;1.17897;-6.23579;-1.73406;-0.973693;
15.3369;0.932642;-6.4042;-1.68406;-1.06504;
15.4324;0.954908;-6.57806;-1.73862;-1.06854;
15.5135;0.810727;-6.73688;-1.58819;-1.09881;
15.605;0.915468;-6.91957;-1.82688;-1.10626;
15.6963;0.913451;-7.09774;-1.78178;-1.09707;
15.7835;0.871446;-7.27431;-1.76568;-1.11232;
15.8679;0.844025;-7.45457;-1.8026;-1.13289;
15.9571;0.89203;-7.64277;-1.88195;-1.12817;
16.0416;0.845119;-7.81605;-1.73287;-1.11704;
16.1172;0.7559;-8.00461;-1.88559;-1.18953;
16.1966;0.794336;-8.18036;-1.75751;-1.14631;
16.28;0.834184;-8.36116;-1.80792;-1.1385;
16.3822;1.02154;-8.53623;-1.7507;-1.0426;
16.5034;1.2123;-8.69728;-1.61052;-0.925545;
16.6107;1.07282;-8.82126;-1.23977;-0.857464;
16.7408;1.30105;-8.95266;-1.3141;-0.790386;
16.8906;1.498;-9.10014;-1.47478;-0.77759;
17.0382;1.47592;-9.2293;-1.29159;-0.718892;
17.1853;1.47123;-9.36995;-1.40643;-0.762884;
17.3366;1.51303;-9.49457;-1.24622;-0.689002;
17.4761;1.39441;-9.61432;-1.19756;-0.709597;
17.6231;1.47047;-9.72046;-1.0614;-0.625214;
17.7865;1.63379;-9.83671;-1.16244;-0.618403;
17.943;1.56462;-9.96282;-1.26107;-0.678385;
18.113;1.70059;-10.0916;-1.28793;-0.648183;
18.2719;1.58883;-10.2119;-1.20261;-0.647913;
18.4588;1.86841;-10.347;-1.35133;-0.626162;
18.6441;1.85385;-10.4906;-1.43594;-0.659043;
18.8043;1.60213;-10.6097;-1.19135;-0.639393;
18.9676;1.63254;-10.7192;-1.09422;-0.590486;
19.1337;1.66127;-10.8305;-1.11394;-0.590678;
19.272;1.38306;-10.9225;-0.919888;-0.586923;
19.4348;1.6279;-11.0309;-1.08324;-0.587141;
19.6065;1.71662;-11.1393;-1.08436;-0.563392;
19.7829;1.764;-11.2596;-1.20347;-0.598707;
19.9518;1.68918;-11.3725;-1.12852;-0.588987;
20.123;1.71208;-11.4669;-0.944282;-0.504026;
20.3008;1.77805;-11.5552;-0.882756;-0.460822;
20.4861;1.8527;-11.6588;-1.03561;-0.509706;
20.6723;1.86173;-11.7509;-0.921825;-0.459755;
20.8394;1.6709;-11.8383;-0.873396;-0.481649;
21.0211;1.81749;-11.9356;-0.973497;-0.491742;
21.1998;1.78662;-12.0165;-0.808611;-0.425007;
21.3833;1.83534;-12.0886;-0.72134;-0.374482;
21.569;1.85681;-12.1632;-0.746154;-0.382098;
21.7388;1.6978;-12.2289;-0.656497;-0.368966;
21.9279;1.89152;-12.2935;-0.645624;-0.328927;
22.1216;1.93644;-12.3607;-0.671954;-0.334004;
22.3007;1.7917;-12.4248;-0.641412;-0.343776;
22.4901;1.89351;-12.4869;-0.621453;-0.317125;
22.6803;1.90187;-12.5507;-0.637245;-0.323306;
22.8753;1.9502;-12.6088;-0.581153;-0.289618;
23.0911;2.15808;-12.6679;-0.591161;-0.26737;
23.2811;1.90042;-12.7315;-0.636213;-0.323047;
23.4664;1.85232;-12.7844;-0.528646;-0.278006;
23.6581;1.91688;-12.8313;-0.469308;-0.240106;
23.8608;2.02704;-12.8831;-0.518243;-0.250303;
24.0579;1.97144;-12.9301;-0.469744;-0.233913;
24.2533;1.95395;-12.9723;-0.422314;-0.212859;
24.4521;1.98843;-13.0136;-0.412898;-0.20474;
24.668;2.15836;-13.0569;-0.432514;-0.197771;
24.8723;2.0429;-13.0863;-0.294251;-0.143052;
25.0622;1.89982;-13.1075;-0.211461;-0.11085;
25.2624;2.00131;-13.1075;-0.000173157;-8.65217e-05;
25.4657;2.03364;-13.1335;-0.260698;-0.127498;
25.6621;1.96375;-13.1591;-0.255513;-0.129388;
25.8449;1.82769;-13.1804;-0.21272;-0.115866;
26.0465;2.01635;-13.2213;-0.409273;-0.200257;
26.2495;2.02942;-13.2654;-0.441349;-0.214141;
26.4418;1.92324;-13.3046;-0.391931;-0.201034;
26.6385;1.96711;-13.3185;-0.138857;-0.0704726;
26.8523;2.13829;-13.3356;-0.170822;-0.0797178;
27.0458;1.93494;-13.358;-0.224466;-0.11549;
27.2369;1.91109;-13.3769;-0.189157;-0.0986574;
27.4349;1.97938;-13.3962;-0.192032;-0.0967135;
27.6297;1.94825;-13.4121;-0.159249;-0.081558;
27.8418;2.12141;-13.4294;-0.1729;-0.0813225;
28.0445;2.02657;-13.4447;-0.153577;-0.0756373;
28.239;1.94462;-13.4491;-0.0441672;-0.0227086;
28.453;2.14094;-13.4403;0.0885983;0.0413593;
28.656;2.02906;-13.4274;0.12869;0.0633389;
28.8551;1.9912;-13.4154;0.119823;0.0601039;
29.0533;1.98251;-13.4049;0.105318;0.053074;
29.2392;1.85849;-13.3823;0.225707;0.120854;
29.4427;2.03505;-13.3501;0.322078;0.156964;
29.6565;2.13788;-13.3124;0.377623;0.174831;
29.8469;1.90479;-13.2758;0.365951;0.189809;

-29.9562;1.9683;-13.2368;0.390011;0.195613;
-29.7668;1.89411;-13.2076;0.291914;0.152913;
-29.5698;1.97002;-13.1744;0.331626;0.166773;
-29.3734;1.96397;-13.1418;0.32638;0.164679;
-29.1817;1.91689;-13.1102;0.315991;0.163377;
-28.9849;1.96869;-13.0774;0.327455;0.164823;
-28.7801;2.04778;-13.0645;0.128782;0.0628058;
-28.5816;1.98435;-13.0519;0.12616;0.063492;
-28.374;2.0763;-13.0434;0.0850207;0.0409253;
-28.1745;1.99563;-13.0369;0.0657425;0.0329313;
-27.9823;1.92193;-13.0267;0.102026;0.0530355;
-27.7978;1.84415;-13.0153;0.113509;0.0614734;
-27.6016;1.96225;-12.9986;0.167363;0.0850853;
-27.4058;1.95852;-12.9829;0.157045;0.0800144;
-27.2102;1.95597;-12.9667;0.161205;0.0822312;
-27.0109;1.99307;-12.9502;0.165239;0.0827178;
-26.8122;1.98687;-12.9494;0.00768866;0.00386972;
-26.6019;2.1031;-12.9393;0.101151;0.0480592;
-26.395;2.06848;-12.9182;0.210939;0.101627;
-26.1841;2.1089;-12.8809;0.373333;0.175212;
-25.9759;2.0823;-12.8244;0.564636;0.264792;
-25.7797;1.96203;-12.7749;0.495347;0.247299;
-25.5868;1.92928;-12.7259;0.490417;0.248925;
-25.3885;1.98296;-12.676;0.499001;0.246525;
-25.1795;2.08965;-12.6499;0.261045;0.124279;
-24.9825;1.96993;-12.6332;0.166301;0.0842199;
-24.7771;2.05402;-12.6136;0.19594;0.0951059;
-24.5867;1.90391;-12.5928;0.208043;0.108839;
-24.395;1.91727;-12.5688;0.240351;0.124711;
-24.1993;1.95727;-12.5416;0.27189;0.13803;
-24.001;1.98271;-12.5092;0.323977;0.161969;
-23.7795;2.21449;-12.482;0.272136;0.122275;
-23.5923;1.87292;-12.4639;0.180463;0.0960575;
-23.3893;2.02943;-12.4295;0.344739;0.168264;
-23.2013;1.87994;-12.4086;0.208529;0.110472;
-23.0025;1.98774;-12.3866;0.220577;0.110517;
-22.7942;2.0831;-12.365;0.215378;0.103027;
-22.5878;2.0644;-12.3328;0.322633;0.15503;
-22.3726;2.15181;-12.3118;0.209311;0.0969668;
-22.1848;1.87858;-12.311;0.00783228;0.00416924;
-21.9713;2.13448;-12.3166;-0.0554348;-0.0259653;
-21.7756;1.9571;-12.3186;-0.0198226;-0.0101282;
-21.5753;2.00318;-12.318;0.00567135;0.00283117;
-21.3678;2.07465;-12.3171;0.00927054;0.00446846;
-21.1704;1.97441;-12.3147;0.0235902;0.0119474;
-20.9652;2.05184;-12.3186;-0.0384466;-0.0187354;
-20.7696;1.95561;-12.3247;-0.0611083;-0.0312376;
-20.5693;2.00293;-12.3303;-0.0565197;-0.0282109;
-20.3638;2.05584;-12.3415;-0.111526;-0.0541955;
-20.1918;1.71922;-12.3793;-0.378277;-0.216577;
-19.9851;2.0677;-12.4094;-0.301254;-0.144677;
-19.7592;2.2586;-12.4371;-0.276278;-0.121718;
-19.5794;1.79841;-12.4587;-0.216615;-0.119871;
-19.4165;1.62812;-12.4913;-0.32597;-0.1976;
-19.2311;1.85459;-12.5215;-0.301668;-0.161248;
-19.0306;2.00493;-12.556;-0.345614;-0.170704;
-18.8357;1.94929;-12.5911;-0.350548;-0.177932;
-18.6496;1.86038;-12.6336;-0.42502;-0.224604;
-18.4397;2.09921;-12.6915;-0.579161;-0.269198;
-18.2434;1.9635;-12.7399;-0.483638;-0.241507;
-18.0414;2.01961;-12.7841;-0.442512;-0.215699;
-17.8425;1.98902;-12.8266;-0.42487;-0.210445;
-17.6666;1.75905;-12.8643;-0.376664;-0.210944;
-17.4713;1.95258;-12.9029;-0.385881;-0.195112;
-17.2786;1.92759;-12.9366;-0.337651;-0.173408;
-17.0686;2.09939;-12.9761;-0.394157;-0.185588;
-16.8737;1.94965;-13.0027;-0.266016;-0.135606;
-16.6639;2.0977;-13.0275;-0.248311;-0.117825;
-16.4568;2.07132;-13.0349;-0.0745436;-0.0359729;
-16.2803;1.76443;-13.0379;-0.0294625;-0.0166965;
-16.0774;2.02942;-13.0348;0.031232;0.0153884;
-15.9169;1.6051;-13.0154;0.193627;0.120052;
-15.7421;1.74815;-12.9943;0.21147;0.120383;
-15.5424;1.99634;-12.9701;0.241817;0.120543;
-15.3474;1.95057;-12.9488;0.212983;0.108759;
-15.1734;1.74005;-12.9264;0.223585;0.127794;
-14.9768;1.96599;-12.8957;0.307365;0.155086;
-14.785;1.91735;-12.8642;0.314704;0.162684;
-14.6052;1.79872;-12.8185;0.456838;0.248721;
-14.3929;2.12296;-12.7691;0.494638;0.228911;
-14.1994;1.93422;-12.7227;0.463304;0.235101;
-13.997;2.0247;-12.685;0.377303;0.184237;
-13.7916;2.05346;-12.6541;0.308692;0.14921;
-13.5742;2.17423;-12.6082;0.458956;0.208035;
-13.3729;2.0126;-12.578;0.302023;0.148955;
-13.1689;2.04087;-12.5482;0.298181;0.145079;
-12.971;1.97869;-12.5251;0.230926;0.116181;
-12.7709;2.00087;-12.5239;0.0121652;0.0060799;
-12.5776;1.93329;-12.5184;0.0555955;0.028749;
-12.3806;1.96919;-12.516;0.0236846;0.012027;
-12.1817;1.98958;-12.5125;0.0343475;0.017262;
-11.9896;1.92054;-12.4858;0.267962;0.13863;
-11.7892;2.00441;-12.4572;0.285859;0.14166;
-11.5895;1.99729;-12.4409;0.162616;0.0812392;
-11.3931;1.96404;-12.4156;0.252832;0.128026;
-11.2093;1.83719;-12.3996;0.160262;0.087012;
-11.0003;2.09054;-12.3782;0.213749;0.101892;
-10.8142;1.86125;-12.3584;0.198318;0.10615;
-10.5917;2.2249;-12.343;0.153837;0.0690335;
-10.392;1.99673;-12.3264;0.166114;0.0830021;
-10.1904;2.01591;-12.32;0.0644315;0.0319506;
-9.99965;1.90763;-12.3462;-0.262286;-0.136637;
-9.7926;2.07051;-12.349;-0.0279936;-0.0135193;
-9.58962;2.02972;-12.352;-0.0304595;-0.0150057;
-9.39013;1.9949;-12.3563;-0.0424645;-0.0212833;
-9.16986;2.20269;-12.3633;-0.0706522;-0.0320644;
-8.97249;1.97373;-12.3707;-0.0736431;-0.0372944;
-8.75631;2.16185;-12.3816;-0.109008;-0.0503806;
-8.56956;1.86744;-12.3879;-0.0626277;-0.0335241;
-8.35864;2.10926;-12.4002;-0.123309;-0.0583942;
-8.15773;2.00904;-12.4159;-0.15659;-0.0777856;
-7.9595;1.98231;-12.4248;-0.0892333;-0.0449845;
-7.76512;1.94378;-12.4346;-0.0985892;-0.050677;
-7.55547;2.09655;-12.4274;0.0724584;0.034547;
-7.36049;1.94979;-12.4191;0.082674;0.0423761;
-7.16025;2.00239;-12.4107;0.0840966;0.0419735;
-6.95914;2.01111;-12.4032;0.0750915;0.037321;
-6.76531;1.93834;-12.377;0.261976;0.13434;
-6.56736;1.9795;-12.3524;0.246409;0.123843;
-6.3699;1.97452;-12.3274;0.249692;0.125789;
-6.16713;2.02776;-12.2918;0.35614;0.173859;
-5.97235;1.94779;-12.2568;0.349691;0.17764;
-5.78065;1.91699;-12.2341;0.227076;0.117905;
-5.57256;2.08088;-12.1989;0.352272;0.1677;
-5.37437;1.98191;-12.1682;0.306671;0.153517;
-5.17101;2.0336;-12.1418;0.264034;0.129114;
-4.97343;1.97586;-12.1159;0.259074;0.130376;
-4.7949;1.78526;-12.1092;0.0673159;0.0376886;
-4.58064;2.14258;-12.0928;0.163502;0.0761634;
-4.37157;2.09073;-12.0853;0.0752859;0.0359939;
-4.16197;2.09596;-12.0768;0.0846518;0.0403662;
-3.96764;1.94332;-12.0623;0.145138;0.0745473;
-3.7688;1.98845;-12.0472;0.151099;0.0758426;
-3.56135;2.07445;-12.0353;0.119291;0.0574414;
-3.36201;1.99343;-12.0204;0.148516;0.0743653;
-3.1718;1.90209;-12.031;-0.105366;-0.0553382;
-2.9718;1.99994;-12.042;-0.110717;-0.0553035;
-2.77347;1.98337;-12.0502;-0.081247;-0.0409412;
-2.5823;1.91167;-12.0614;-0.112415;-0.0587368;
-2.40127;1.81027;-12.0689;-0.0755382;-0.0417034;
-2.20611;1.95165;-12.0638;0.051961;0.0266179;
-2.00655;1.99557;-12.0686;-0.0486054;-0.0243518;
-1.8043;2.02248;-12.077;-0.0834624;-0.041244;
-1.60143;2.02876;-12.0856;-0.0861561;-0.0424419;
-1.38769;2.13734;-12.114;-0.283943;-0.132075;
-1.18318;2.04514;-12.1441;-0.301467;-0.146353;
-0.990504;1.92674;-12.1632;-0.190653;-0.0986302;
-0.770642;2.19862;-12.1987;-0.355522;-0.160315;
-0.540957;2.29685;-12.226;-0.273084;-0.118339;
-0.342502;1.98455;-12.2627;-0.366731;-0.182731;
-0.159118;1.83384;-12.2939;-0.311748;-0.168387;
0.0493043;2.08422;-12.319;-0.251152;-0.119923;
0.24859;1.99286;-12.3391;-0.201417;-0.100727;
0.441262;1.92672;-12.3533;-0.141733;-0.0734294;
0.63379;1.92528;-12.3692;-0.158566;-0.0821748;
0.832418;1.98628;-12.3866;-0.173872;-0.0873139;
1.02927;1.96854;-12.4046;-0.180812;-0.091594;
1.22711;1.97838;-12.4278;-0.231665;-0.116567;
1.42618;1.99075;-12.4521;-0.242615;-0.121273;
1.63292;2.06738;-12.4827;-0.306666;-0.147261;
1.80468;1.7176;-12.5262;-0.434589;-0.24782;
2.0177;2.13013;-12.571;-0.447672;-0.207147;
2.20817;1.90476;-12.6096;-0.385899;-0.199891;
2.40504;1.96866;-12.664;-0.544665;-0.269916;
2.6133;2.08259;-12.7107;-0.466627;-0.22042;
2.80451;1.91215;-12.7329;-0.222054;-0.11561;
3.00482;2.0031;-12.7586;-0.257069;-0.127638;
3.20355;1.98726;-12.7997;-0.411005;-0.203944;
3.40215;1.98605;-12.8402;-0.405244;-0.201282;
3.59508;1.92924;-12.8785;-0.382334;-0.195643;
3.78655;1.91472;-12.9091;-0.306145;-0.158548;
3.99595;2.09399;-12.9378;-0.287186;-0.136298;
4.19774;2.01787;-12.9453;-0.0751611;-0.0372306;
4.39277;1.95035;-12.9924;-0.471368;-0.237136;
4.57627;1.83499;-13.0484;-0.559222;-0.295813;
4.76472;1.88448;-13.1097;-0.613354;-0.314662;
4.95966;1.94946;-13.1679;-0.581783;-0.290019;
5.14775;1.88085;-13.2279;-0.60039;-0.308988;
5.34168;1.93929;-13.2796;-0.517;-0.260533;
5.53676;1.95078;-13.3258;-0.461709;-0.232403;
5.73126;1.94504;-13.3737;-0.479351;-0.241632;
5.92216;1.90897;-13.4191;-0.45377;-0.233373;
6.10736;1.85199;-13.4747;-0.555879;-0.291597;
6.28579;1.78435;-13.5307;-0.560256;-0.304235;
6.4671;1.81305;-13.6163;-0.855736;-0.440988;
6.6419;1.74804;-13.712;-0.956635;-0.500738;
6.8164;1.74501;-13.8103;-0.983809;-0.513363;
6.99179;1.75393;-13.9078;-0.975053;-0.50738;
7.16913;1.7734;-14.0041;-0.962462;-0.497238;
7.35042;1.81284;-14.1019;-0.978099;-0.494776;
7.51336;1.62939;-14.1997;-0.977606;-0.540407;
7.67003;1.56676;-14.2959;-0.962465;-0.55087;
7.85057;1.80538;-14.3914;-0.955136;-0.486617;
8.02128;1.70711;-14.4847;-0.932746;-0.500066;
8.19025;1.68969;-14.5799;-0.952482;-0.513303;
8.35329;1.63043;-14.665;-0.850397;-0.480762;
8.53066;1.77363;-14.757;-0.919829;-0.478427;
8.70321;1.72557;-14.8548;-0.978478;-0.515836;
8.89262;1.8941;-14.9655;-1.10706;-0.528926;
9.07979;1.87169;-15.0786;-1.13084;-0.543489;
9.25294;1.73144;-15.1719;-0.932897;-0.494202;
9.42897;1.76033;-15.2689;-0.970532;-0.503867;
9.59226;1.6329;-15.3684;-0.994192;-0.546901;
9.77763;1.85363;-15.4727;-1.0435;-0.512728;
9.94918;1.7156;-15.5714;-0.986943;-0.522043;
10.1326;1.83417;-15.6711;-0.997441;-0.498078;
10.307;1.7437;-15.7465;-0.753653;-0.407966;
10.4831;1.76149;-15.8078;-0.612413;-0.334596;
10.6764;1.93298;-15.8914;-0.836404;-0.408375;
10.8603;1.83897;-15.9709;-0.794681;-0.407898;
11.0374;1.77107;-16.0475;-0.766698;-0.408543;
11.2325;1.9511;-16.1308;-0.833136;-0.403571;
11.4164;1.83833;-16.2073;-0.76466;-0.394184;
11.5994;1.8305;-16.2872;-0.798651;-0.411404;
11.7842;1.84813;-16.3689;-0.817437;-0.416437;
11.9667;1.8244;-16.4492;-0.802671;-0.414477;
12.1309;1.64228;-16.5342;-0.850548;-0.477869;
12.3047;1.73846;-16.6154;-0.811184;-0.43658;
12.489;1.84246;-16.6924;-0.769974;-0.395846;
12.6832;1.9421;-16.7901;-0.977042;-0.466113;
12.8614;1.78151;-16.8773;-0.872114;-0.455242;
13.0212;1.59853;-16.9657;-0.884449;-0.505364;
13.1867;1.65508;-17.0579;-0.921336;-0.50795;
13.3707;1.83938;-17.1766;-1.18793;-0.573441;
13.545;1.74354;-17.293;-1.16349;-0.588451;
13.7162;1.71202;-17.4048;-1.11786;-0.578443;
13.8766;1.60423;-17.5135;-1.0872;-0.595608;
14.05;1.73417;-17.6317;-1.18208;-0.598298;
14.217;1.66995;-17.7475;-1.15782;-0.606232;
14.3737;1.56675;-17.8459;-0.984353;-0.560953;
14.5366;1.6284;-17.9407;-0.948206;-0.527299;
14.6986;1.62002;-18.0184;-0.776378;-0.446903;
14.8849;1.86316;-18.1074;-0.890044;-0.445653;
15.0514;1.66537;-18.1984;-0.910303;-0.500233;
15.2225;1.71132;-18.2827;-0.842817;-0.457627;
15.4098;1.87287;-18.3756;-0.928584;-0.460289;
15.5925;1.82658;-18.4749;-0.993682;-0.498236;
15.7741;1.81584;-18.5592;-0.842861;-0.434576;
15.9523;1.78218;-18.6394;-0.8018;-0.422769;
16.1351;1.82787;-18.7425;-1.0311;-0.513605;
16.3136;1.78544;-18.8435;-1.00952;-0.514603;
16.4792;1.65547;-18.9371;-0.936609;-0.514867;
