#1 AntPos X;#2 AntPos Y;#3 Distance form nest;#4 Total Distance;#5 Total Y Distance
-1.05547;-24.1833;24.2063;0.199832;-0.119974
-0.887773;-24.2919;24.3081;0.399388;-0.228586
-0.711775;-24.3958;24.4062;0.603393;-0.332518
-0.51466;-24.4635;24.4689;0.80687;-0.400217
-0.317221;-24.5265;24.5286;1.01047;-0.463193
-0.132575;-24.6018;24.6022;1.20924;-0.538536
0.0581696;-24.6734;24.6735;1.41205;-0.610084
0.248083;-24.7582;24.7595;1.61998;-0.69492
0.449142;-24.8415;24.8456;1.83737;-0.778219
0.6479;-24.9408;24.9493;2.05949;-0.877531
0.8251;-25.0358;25.0494;2.26028;-0.972488
0.998957;-25.1299;25.1497;2.45772;-1.06657
1.17998;-25.2361;25.2637;2.66698;-1.17284
1.36087;-25.3349;25.3714;2.87287;-1.27156
1.53571;-25.438;25.4843;3.07535;-1.37471
1.69642;-25.5352;25.5915;3.26259;-1.47191
1.87293;-25.6241;25.6925;3.46022;-1.56081
2.05148;-25.7133;25.795;3.6598;-1.64998
2.23646;-25.7722;25.869;3.8516;-1.70888
2.41764;-25.8318;25.9447;4.04052;-1.76853
2.60905;-25.8964;26.0275;4.24098;-1.83314
2.79554;-25.9621;26.1121;4.43756;-1.89875
2.98774;-26.0096;26.1807;4.6318;-1.94633
3.18219;-26.0555;26.2491;4.82767;-1.99214
3.3765;-26.0943;26.3119;5.0209;-2.03102
3.56414;-26.1106;26.3527;5.19944;-2.04728
3.77014;-26.1295;26.4001;5.39664;-2.06622
3.97575;-26.1706;26.4709;5.60247;-2.10733
4.17845;-26.2117;26.5426;5.80584;-2.14835
4.37343;-26.2578;26.6196;6.00413;-2.19453
4.58529;-26.2916;26.6884;6.21383;-2.22824
4.78424;-26.3255;26.7567;6.41185;-2.26219
4.97786;-26.3462;26.8124;6.60051;-2.28293
5.18781;-26.3597;26.8653;6.80242;-2.29638
5.38874;-26.3718;26.9167;6.99587;-2.30849
5.59037;-26.3803;26.9662;7.18926;-2.317
5.79638;-26.391;27.0201;7.38794;-2.32771
6.01188;-26.4082;27.0838;7.59804;-2.34484
6.22083;-26.4134;27.1361;7.79863;-2.3501
6.47604;-26.4465;27.2279;8.05208;-2.38319
6.67502;-26.4592;27.2882;8.24603;-2.3959
6.88022;-26.4571;27.3371;8.44199;-2.39378
7.07657;-26.4555;27.3856;8.63002;-2.39216
7.27285;-26.4738;27.4546;8.82375;-2.41044
7.47857;-26.4691;27.5053;9.02058;-2.40577
7.6652;-26.4456;27.534;9.19446;-2.38225
7.8573;-26.4407;27.5834;9.37889;-2.37735
8.05751;-26.436;27.6366;9.57152;-2.37264
8.26487;-26.4286;27.6907;9.77075;-2.36525
8.44738;-26.4368;27.7536;9.94991;-2.37353
8.6563;-26.4492;27.8297;10.1558;-2.38588
8.83498;-26.4455;27.8823;10.3287;-2.38218
9.04304;-26.4462;27.9496;10.5315;-2.38293
9.25825;-26.444;28.0179;10.7407;-2.38071
9.45973;-26.4583;28.0985;10.9404;-2.39498
9.65032;-26.4899;28.193;11.1333;-2.42657
9.84354;-26.5286;28.296;11.3303;-2.46532
10.0595;-26.5679;28.4086;11.5496;-2.50458
10.247;-26.6238;28.5277;11.7447;-2.56051
10.4389;-26.677;28.6467;11.9437;-2.61367
10.6111;-26.7272;28.7565;12.1227;-2.6639
10.8023;-26.7839;28.8802;12.3216;-2.72059
10.9851;-26.8544;29.0144;12.5156;-2.79113
11.173;-26.9261;29.1522;12.7148;-2.86283
11.3505;-27.015;29.3027;12.9078;-2.9517
11.5474;-27.127;29.4825;13.1252;-3.06372
11.7368;-27.2533;29.6731;13.3391;-3.18998
11.9066;-27.361;29.8395;13.5299;-3.29772
12.0808;-27.4761;30.0147;13.727;-3.41277
12.2337;-27.5947;30.1849;13.9048;-3.53134
12.3945;-27.7188;30.3637;14.0921;-3.65548
12.5549;-27.8388;30.5389;14.2784;-3.77551
12.6882;-27.9866;30.7285;14.4464;-3.92332
12.8202;-28.1365;30.9196;14.6146;-4.07319
12.9419;-28.2721;31.0935;14.7696;-4.20875
13.0795;-28.4306;31.295;14.9471;-4.36733
13.2144;-28.5796;31.4867;15.12;-4.51627
13.3487;-28.7273;31.6772;15.2926;-4.664
13.4795;-28.8713;31.8629;15.4613;-4.80794
13.6242;-29.0327;32.0705;15.6494;-4.9694
13.7525;-29.1824;32.2606;15.819;-5.11909
13.8996;-29.3241;32.4515;16.0042;-5.26074
14.039;-29.4571;32.6314;16.1798;-5.39374
14.1845;-29.6038;32.8266;16.3661;-5.54051
14.3266;-29.754;33.0235;16.5509;-5.69066
14.4726;-29.9028;33.221;16.7394;-5.83951

14.6224;29.967;33.3442;16.9254;-5.96966
14.7703;29.834;33.2901;17.1109;-6.10272
14.9279;29.6927;33.234;17.3086;-6.24394
15.0769;29.557;33.1803;17.4967;-6.37969
15.2267;29.4184;33.1254;17.6869;-6.51828
15.3963;29.2931;33.0928;17.8909;-6.6436
15.5672;29.1845;33.0768;18.0899;-6.75219
15.7387;29.0696;33.0568;18.2919;-6.86704
15.9055;28.955;33.036;18.4896;-6.98166
16.063;28.843;33.0142;18.6778;-7.0937
16.2191;28.7377;32.9987;18.8623;-7.19901
16.3781;28.5967;32.9547;19.0631;-7.34001
16.5088;28.4659;32.9066;19.2342;-7.47079
16.6456;28.3162;32.8464;19.4186;-7.62044
16.7837;28.1672;32.7885;19.6043;-7.76946
16.9259;28.0276;32.7419;19.7903;-7.90911
17.0693;27.878;32.6886;19.9817;-8.05868
17.2057;27.7335;32.6371;20.1649;-8.20317
17.3359;27.6001;32.593;20.3383;-8.33656
17.4748;27.4554;32.5448;20.5244;-8.48128
17.6102;27.3114;32.4966;20.7073;-8.62531
17.7492;27.1651;32.4496;20.8948;-8.77156
17.8843;27.0095;32.3938;21.0829;-8.9272
18.005;26.8713;32.3457;21.2509;-9.06541
18.1178;26.7163;32.2803;21.4192;-9.22037
18.2307;26.5584;32.2135;21.5893;-9.37828
18.3434;26.3911;32.1399;21.7637;-9.54556
18.4472;26.2252;32.0634;21.93;-9.71147
18.5404;26.0374;31.9639;22.0971;-9.8993
18.6283;25.8574;31.8687;22.2567;-10.0793
18.7204;25.6679;31.7694;22.425;-10.2688
18.8108;25.4731;31.6658;22.5949;-10.4636
18.8924;25.2977;31.5737;22.7488;-10.639
18.9794;25.1155;31.4802;22.9112;-10.8212
19.0627;24.9285;31.3818;23.0733;-11.0082
19.1688;24.7098;31.2733;23.2713;-11.2269
19.2605;24.5586;31.2104;23.4247;-11.3781
19.3641;24.3893;31.1417;23.5977;-11.5474
19.4618;24.218;31.0689;23.767;-11.7187
19.5651;24.0523;31.005;23.9388;-11.8844
19.6695;23.8808;30.9383;24.1147;-12.0559
19.7645;23.7102;30.8676;24.2824;-12.2265
19.8829;23.543;30.8156;24.469;-12.3937
20.0145;23.3892;30.7837;24.6605;-12.5474
20.1167;23.233;30.7319;24.8281;-12.7037
20.203;23.0583;30.6569;24.9919;-12.8784
20.2915;22.879;30.581;25.1603;-13.0576
20.377;22.6986;30.5033;25.3273;-13.2381
20.4724;22.5061;30.4244;25.5095;-13.4306
20.5735;22.3264;30.3601;25.6903;-13.6103
20.6685;22.1629;30.3048;25.8576;-13.7738
20.7702;21.9965;30.253;26.0325;-13.9402
20.8677;21.8307;30.2;26.2038;-14.106
20.9749;21.6535;30.1467;26.3897;-14.2832
21.0327;21.4838;30.0655;26.5303;-14.4528
21.0996;21.2955;29.9782;26.6893;-14.6412
21.1751;21.1056;29.897;26.8568;-14.8311
21.2509;20.9163;29.8177;27.0248;-15.0204
21.3399;20.7199;29.744;27.2082;-15.2167
21.436;20.5178;29.6729;27.4012;-15.4189
21.5143;20.3326;29.602;27.5703;-15.604
21.5922;20.1468;29.5316;27.7399;-15.7899
21.6723;19.9572;29.4615;27.9138;-15.9795
21.7547;19.7793;29.4022;28.0834;-16.1574
21.839;19.5971;29.3426;28.2574;-16.3396
21.9238;19.4131;29.2835;28.4332;-16.5236
22.0094;19.2316;29.2279;28.6085;-16.7051
22.089;19.045;29.1657;28.7823;-16.8917
22.1705;18.8728;29.1155;28.9494;-17.0639
22.269;18.6908;29.0732;29.1364;-17.2459
22.3655;18.5186;29.0371;29.3163;-17.4181
22.4665;18.3441;29.0043;29.5013;-17.5926
22.5705;18.1625;28.9708;29.6931;-17.7742
22.6799;17.9854;28.9457;29.887;-17.9513
22.778;17.8117;28.9153;30.0698;-18.125
22.8802;17.6546;28.8996;30.2461;-18.2821
22.9781;17.4785;28.8702;30.4306;-18.4582
23.0752;17.3053;28.8433;30.613;-18.6314
23.1684;17.1349;28.8164;30.7908;-18.8018
23.2398;16.9719;28.7773;30.9469;-18.9648
23.3112;16.7863;28.7261;31.1173;-19.1504
23.3754;16.6059;28.6735;31.2791;-19.3308
23.437;16.418;28.6154;31.4438;-19.5187
23.4994;16.231;28.5599;31.609;-19.7057
23.5704;16.0309;28.5053;31.7894;-19.9058
23.6299;15.8531;28.4551;31.9473;-20.0836
23.6938;15.6648;28.4039;32.1156;-20.2719
23.7566;15.4964;28.364;32.2707;-20.4403
23.8094;15.3009;28.3021;32.4356;-20.6358
23.8511;15.1018;28.2301;32.5947;-20.8349
23.8919;14.9061;28.1605;32.7515;-21.0306
23.9264;14.7117;28.0875;32.9029;-21.225
23.9634;14.5144;28.0163;33.0587;-21.4222
23.9965;14.318;27.9435;33.2115;-21.6187
24.0316;14.1166;27.871;33.3694;-21.8201
24.0468;13.9405;27.7954;33.4963;-21.9962
24.0902;13.7554;27.7408;33.6508;-22.1813
24.1483;13.5778;27.7038;33.8117;-22.3589
24.2076;13.4083;27.6729;33.9684;-22.5284
24.299;13.2308;27.6676;34.1546;-22.7059
24.396;13.04;27.6623;34.354;-22.8967
24.4821;12.8762;27.6617;34.5274;-23.0605
24.5653;12.7034;27.6556;34.7048;-23.2333
24.6503;12.5343;27.654;34.8812;-23.4024
24.7393;12.3562;27.6534;35.0667;-23.5804
24.8339;12.1726;27.6567;35.2603;-23.7641
24.9254;11.9964;27.662;35.4468;-23.9403
25.0284;11.8073;27.6737;35.6505;-24.1294
25.1159;11.631;27.6783;35.8343;-24.3057
25.2153;11.426;27.6833;36.0465;-24.5107
25.3018;11.2488;27.6897;36.2304;-24.6879
25.4015;11.046;27.6993;36.4417;-24.8906
25.4714;10.871;27.6943;36.6124;-25.0657
25.5412;10.6879;27.6872;36.7887;-25.2487
25.5982;10.5063;27.6704;36.955;-25.4304
25.658;10.3199;27.6556;37.1267;-25.6168
25.7263;10.1342;27.6503;37.3044;-25.8025
25.7998;9.94567;27.6504;37.488;-25.991
25.8785;9.75635;27.6566;37.6761;-26.1803
25.9546;9.60374;27.6745;37.8369;-26.333
26.0465;9.42362;27.6989;38.0283;-26.5131
26.1349;9.23785;27.7195;38.2212;-26.6988
26.2205;9.05197;27.739;38.4123;-26.8847
26.2946;8.87024;27.7504;38.5925;-27.0664
26.3763;8.68272;27.7686;38.7824;-27.254
26.4533;8.49801;27.7848;38.9671;-27.4387
26.5318;8.32715;27.8078;39.1431;-27.6095
26.6253;8.124;27.8372;39.3528;-27.8127
26.7028;7.93288;27.8562;39.5428;-28.0038
26.785;7.73472;27.8794;39.7413;-28.202
26.8641;7.55061;27.9051;39.9277;-28.3861
26.9474;7.37685;27.9389;40.1099;-28.5598
27.0494;7.1741;27.9846;40.3259;-28.7626
27.1398;6.99663;28.0272;40.5159;-28.9401
27.2328;6.81414;28.0724;40.7114;-29.1225
27.312;6.63384;28.1061;40.8957;-29.3028
27.3921;6.45104;28.1414;41.0826;-29.4856
27.4722;6.26803;28.1782;41.2699;-29.6687
27.5443;6.08726;28.2089;41.45;-29.8494
27.6076;5.91187;28.2335;41.6203;-30.0248
27.6748;5.72279;28.2603;41.8033;-30.2139
27.7417;5.53432;28.2884;41.9859;-30.4024
27.8119;5.34847;28.3215;42.1689;-30.5882
27.8668;5.16902;28.3421;42.3369;-30.7677
27.894;4.97717;28.3345;42.4952;-30.9595
27.9206;4.77688;28.3262;42.6595;-31.1598
27.9262;4.56901;28.2975;42.8154;-31.3677
27.9441;4.36751;28.2833;42.9754;-31.5692
27.9544;4.17302;28.2641;43.1254;-31.7637
27.9688;3.96782;28.2488;43.2865;-31.9689
27.9857;3.7824;28.2402;43.435;-32.1543
28.0074;3.5858;28.2361;43.5953;-32.3509
28.0287;3.38981;28.233;43.7551;-32.5469
28.0494;3.19;28.2302;43.9177;-32.7467
28.0576;2.99349;28.2169;44.0699;-32.9432
28.0723;2.78848;28.2104;44.2331;-33.1482
28.089;2.57586;28.2069;44.4037;-33.3608
28.0993;2.37527;28.1995;44.5613;-33.5614
28.1172;2.16504;28.2005;44.7317;-33.7716
28.1355;1.96303;28.2039;44.8963;-33.9737
28.1515;1.76871;28.207;45.0539;-34.168
28.1585;1.59246;28.2035;45.1923;-34.3442
28.1674;1.39294;28.2018;45.3499;-34.5437
28.1958;1.19087;28.221;45.5224;-34.7458
28.2123;1.00856;28.2304;45.6723;-34.9281
28.2323;0.817337;28.2441;45.8315;-35.1194
28.247;0.610954;28.2536;45.9993;-35.3257
28.2586;0.411002;28.2615;46.1604;-35.5257
28.2618;0.2024;28.2625;46.3232;-35.7343
28.2601;-0.00904533;28.2601;46.4854;-35.9457
28.2581;-0.208947;28.2589;46.6389;-36.1456
28.2622;-0.410558;28.2652;46.7979;-36.3472
28.2637;-0.610568;28.2703;46.9543;-36.5473
28.2661;-0.808713;28.2776;47.1102;-36.7454
28.2605;-1.00815;28.2785;47.2625;-36.9448
28.2741;-1.21347;28.3001;47.4316;-37.1502
28.2921;-1.41368;28.3274;47.5998;-37.3504
28.3116;-1.61517;28.3576;47.7701;-37.5519
28.3363;-1.82451;28.395;47.95;-37.7612
28.3767;-2.03305;28.4494;48.1392;-37.9697
28.3942;-2.21026;28.4801;48.2899;-38.1469
28.415;-2.41787;28.5177;48.4668;-38.3546
28.4333;-2.61714;28.5535;48.6357;-38.5538
28.4645;-2.81269;28.6031;48.8099;-38.7494
28.5015;-3.01311;28.6603;48.9915;-38.9498
28.5297;-3.22762;28.7117;49.1793;-39.1643
28.5341;-3.44726;28.7415;49.357;-39.3839
28.5479;-3.6586;28.7814;49.5342;-39.5953
28.5618;-3.85563;28.8209;49.7002;-39.7923
28.5754;-4.07547;28.8646;49.8844;-40.0122
28.5857;-4.28183;28.9046;50.0562;-40.2185
28.5997;-4.48086;28.9486;50.2246;-40.4175
28.6113;-4.67178;28.9902;50.3852;-40.6085
28.6267;-4.86956;29.0379;50.5538;-40.8062
28.6406;-5.07161;29.0862;50.7253;-41.0083
28.6715;-5.25832;29.1497;50.8945;-41.195
28.706;-5.45367;29.2195;51.0729;-41.3904
28.7652;-5.66652;29.3181;51.2802;-41.6032
28.8275;-5.85308;29.4157;51.468;-41.7898
28.8684;-6.02473;29.4904;51.6313;-41.9614
28.931;-6.20795;29.5896;51.8167;-42.1446
28.9983;-6.39213;29.6945;52.0057;-42.3288
29.0857;-6.58963;29.8228;52.2172;-42.5263
29.1662;-6.77328;29.9423;52.4135;-42.71
29.2331;-6.95897;30.05;52.6036;-42.8957
29.3068;-7.17289;30.1718;52.8208;-43.1096
29.3728;-7.3766;30.2849;53.0252;-43.3133
29.4166;-7.55866;30.3722;53.1992;-43.4954
29.4401;-7.72871;30.4377;53.3519;-43.6654
29.4755;-7.93294;30.5243;53.5394;-43.8696
29.5072;-8.13437;30.6079;53.7227;-44.0711
29.5374;-8.311;30.6844;53.8849;-44.2477
29.5763;-8.52009;30.779;54.0789;-44.4568
29.6212;-8.71796;30.8775;54.2672;-44.6546
29.6678;-8.9136;30.9779;54.4547;-44.8503
29.6798;-9.11557;31.0481;54.6279;-45.0523
29.7028;-9.30645;31.1266;54.7985;-45.2431
29.7257;-9.50146;31.2073;54.9724;-45.4381
29.7567;-9.69456;31.2961;55.1496;-45.6313
29.7844;-9.90427;31.388;55.3387;-45.841
29.8085;-10.1032;31.4741;55.5171;-46.0399
29.84;-10.2747;31.5594;55.6769;-46.2114
29.8606;-10.4714;31.6434;55.8517;-46.4081
29.8839;-10.6657;31.7302;56.0263;-46.6024
29.8926;-10.8637;31.8054;56.1958;-46.8004
29.8974;-11.0649;31.8792;56.3662;-47.0016
29.904;-11.2695;31.957;56.5405;-47.2062
29.9128;-11.4702;32.0366;56.713;-47.4069
29.935;-11.7011;32.1406;56.9184;-47.6378
29.9582;-11.9013;32.2356;57.0987;-47.838
29.9815;-12.0999;32.3311;57.2779;-48.0366

-29.9924;-12.2788;32.4085;57.4422;-48.2155
-29.9692;-12.467;32.4589;57.6128;-48.4037
-29.9392;-12.6651;32.5078;57.7955;-48.6017
-29.9214;-12.8634;32.5693;57.972;-48.8001
-29.9186;-13.0789;32.6524;58.155;-49.0156
-29.916;-13.2794;32.7308;58.3255;-49.216
-29.9142;-13.487;32.814;58.5018;-49.4237
-29.921;-13.683;32.9012;58.6638;-49.6197
-29.9137;-13.8782;32.9763;58.8329;-49.8149
-29.9289;-14.0526;33.0638;58.9726;-49.9893
-29.9434;-14.2544;33.1632;59.136;-50.1911
-29.9633;-14.4525;33.2667;59.2938;-50.3892
-29.9852;-14.64;33.3683;59.4417;-50.5767

29.9901;-14.8383;33.4602;59.5976;-50.775
29.9707;-15.0393;33.5324;59.7588;-50.976
29.936;-15.2412;33.5925;59.9131;-51.1778
29.8997;-15.4188;33.6413;60.0461;-51.3555
29.8822;-15.6077;33.7127;60.1986;-51.5444
29.8955;-15.8047;33.8161;60.3743;-51.7414
29.9397;-16.0061;33.9497;60.5697;-51.9428
29.9753;-16.1994;34.0726;60.7538;-52.136

-29.9657;-16.4215;34.1703;60.9747;-52.3582
-29.9161;-16.6149;34.2203;61.1662;-52.5515
-29.8791;-16.834;34.295;61.3735;-52.7707
-29.8309;-17.0143;34.3419;61.5531;-52.9509
-29.7762;-17.2056;34.3898;61.7456;-53.1423
-29.7135;-17.4079;34.4373;61.9516;-53.3446
-29.6507;-17.603;34.4823;62.1516;-53.5397
-29.5812;-17.8004;34.524;62.357;-53.7371
-29.5148;-17.9894;34.5651;62.5535;-53.9261
-29.4507;-18.1837;34.612;62.7535;-54.1204
-29.3901;-18.3782;34.6632;62.9519;-54.3148
-29.3315;-18.5729;34.7173;63.1496;-54.5096
-29.2741;-18.7586;34.7686;63.3389;-54.6953
-29.2142;-18.9496;34.8218;63.534;-54.8863
-29.1504;-19.1345;34.8694;63.726;-55.0712
-29.0905;-19.3349;34.9298;63.9292;-55.2715
-29.0366;-19.5139;34.9845;64.1111;-55.4506
-28.963;-19.7017;35.0287;64.3105;-55.6384
-28.8933;-19.8991;35.0827;64.5162;-55.8358
-28.8332;-20.079;35.1358;64.7021;-56.0157
-28.7612;-20.2797;35.1919;64.9119;-56.2164
-28.692;-20.4681;35.2445;65.1096;-56.4048
-28.632;-20.6446;35.2986;65.2925;-56.5813
-28.5684;-20.8245;35.3527;65.4802;-56.7612
-28.5069;-21.0174;35.4172;65.678;-56.9541
-28.4331;-21.2028;35.4683;65.8756;-57.1395
-28.3635;-21.3991;35.5304;66.0805;-57.3358
-28.2955;-21.589;35.591;66.2791;-57.5257
-28.2327;-21.7739;35.6537;66.4707;-57.7105
-28.1661;-21.9688;35.7205;66.6731;-57.9055
-28.075;-22.1674;35.7715;66.8907;-58.1041
-28.0051;-22.3768;35.847;67.1072;-58.3135
-27.9247;-22.5434;35.8887;67.2918;-58.4801
-27.8374;-22.7282;35.9373;67.4955;-58.6648
-27.748;-22.8977;35.9758;67.6871;-58.8343
-27.6591;-23.0781;36.0225;67.8879;-59.0148
-27.5688;-23.2467;36.0617;68.0791;-59.1834
-27.4751;-23.428;36.1075;68.283;-59.3647
-27.3887;-23.6094;36.16;68.4834;-59.5461
-27.2857;-23.8166;36.218;68.7144;-59.7533
-27.2016;-24.014;36.285;68.9276;-59.9507
-27.1208;-24.1941;36.3441;69.1241;-60.1308
-27.0375;-24.3655;36.3965;69.3143;-60.3022
-26.9511;-24.5551;36.4598;69.5218;-60.4918
-26.8896;-24.7347;36.5357;69.7084;-60.6714
-26.8314;-24.9169;36.6166;69.8957;-60.8536
-26.7641;-25.1122;36.7007;70.0989;-61.0489
-26.7003;-25.3018;36.7843;70.2953;-61.2385
-26.6337;-25.4835;36.8614;70.4864;-61.4202
-26.5588;-25.6585;36.9287;70.6756;-61.5952
-26.4717;-25.8405;36.993;70.8769;-61.7771
-26.3462;-25.9947;37.0115;71.0728;-61.9314
-26.2316;-26.1596;37.0462;71.2728;-62.0963
-26.1285;-26.3159;37.0841;71.4596;-62.2526
-26.024;-26.4848;37.1308;71.658;-62.4215
-25.9176;-26.6553;37.1783;71.8587;-62.592
-25.8128;-26.8214;37.2248;72.0549;-62.758
-25.7147;-26.9898;37.2786;72.2498;-62.9265
-25.6099;-27.1658;37.3343;72.4546;-63.1025
-25.5085;-27.3435;37.3946;72.6592;-63.2802
-25.4087;-27.5228;37.4581;72.8643;-63.4595
-25.3115;-27.6977;37.5211;73.0644;-63.6344
-25.2028;-27.8804;37.5832;73.277;-63.8171
-25.1028;-28.0426;37.637;73.4674;-63.9793
-24.9946;-28.2035;37.6851;73.6607;-64.1402
-24.8835;-28.3655;37.7331;73.8564;-64.3022
-24.755;-28.5277;37.7709;74.0609;-64.4644
-24.6263;-28.659;37.7861;74.2385;-64.5957
-24.4754;-28.7936;37.7904;74.4301;-64.7303
-24.3177;-28.9256;37.7895;74.6227;-64.8623
-24.1512;-29.0421;37.772;74.8063;-64.9787
-23.987;-29.156;37.7551;74.9867;-65.0927
-23.8213;-29.2668;37.736;75.1652;-65.2035
-23.6353;-29.3846;37.7105;75.3599;-65.3212
-23.4815;-29.4809;37.6895;75.5202;-65.4176
-23.3453;-29.5861;37.6875;75.6794;-65.5228
-23.1964;-29.7258;37.7054;75.8749;-65.6625
-23.0546;-29.8538;37.7196;76.0567;-65.7905
-22.9076;-29.9921;37.7397;76.2501;-65.9288

-22.7625;29.8715;37.5558;76.441;-66.0652
-22.622;29.7385;37.3649;76.6266;-66.1982
-22.4774;29.5952;37.1633;76.8232;-66.3415
-22.3338;29.454;36.964;77.0176;-66.4827
-22.1901;29.3105;36.7628;77.2141;-66.6262
-22.0799;29.1724;36.5862;77.3889;-66.7643
-21.9522;29.0133;36.3822;77.5908;-66.9234
-21.8223;28.8613;36.1827;77.7876;-67.0754
-21.6975;28.698;35.9772;77.9916;-67.2387
-21.5826;28.5386;35.7808;78.1872;-67.3981
-21.4534;28.3707;35.5689;78.3975;-67.566
-21.321;28.2298;35.3767;78.5861;-67.7068
-21.1839;28.0824;35.1764;78.7827;-67.8543
-21.0349;27.9392;34.9724;78.9818;-67.9975
-20.9001;27.785;34.7681;79.1831;-68.1516
-20.7526;27.6356;34.56;79.3869;-68.3011
-20.6092;27.4995;34.3652;79.577;-68.4372
-20.4638;27.3615;34.1675;79.7699;-68.5751
-20.3006;27.2483;33.9792;79.9507;-68.6884
-20.1409;27.1216;33.7822;80.1412;-68.8151
-19.9729;26.9994;33.584;80.3323;-68.9373
-19.8097;26.8864;33.3961;80.5132;-69.0503
-19.6663;26.7631;33.2118;80.6927;-69.1736
-19.5147;26.6337;33.0179;80.8816;-69.303
-19.3682;26.5234;32.8423;81.0517;-69.4133
-19.2323;26.41;32.6706;81.219;-69.5267
-19.0785;26.2818;32.4765;81.4083;-69.6549
-18.937;26.1602;32.295;81.5856;-69.7765
-18.8133;26.0339;32.1202;81.7577;-69.9028
-18.6722;25.8844;31.9163;81.9588;-70.0523
-18.5387;25.7516;31.7306;82.1415;-70.1851
-18.401;25.6154;31.5396;82.3295;-70.3213
-18.2583;25.4732;31.3408;82.5252;-70.4635
-18.0975;25.3413;31.14;82.7215;-70.5954
-17.9579;25.2198;30.96;82.898;-70.7169
-17.8028;25.093;30.7668;83.0871;-70.8437
-17.6533;24.9655;30.5764;83.274;-70.9712
-17.5124;24.8424;30.3946;83.4526;-71.0943
-17.3648;24.7039;30.1963;83.6479;-71.2328
-17.2156;24.5659;29.9976;83.8437;-71.3708
-17.0629;24.4325;29.8009;84.0373;-71.5041
-16.9222;24.3101;29.62;84.2155;-71.6266
-16.7758;24.1782;29.4282;84.4046;-71.7585
-16.6269;24.0447;29.2336;84.5966;-71.892
-16.4785;23.911;29.0393;84.7884;-72.0257
-16.3262;23.7764;28.842;84.9832;-72.1603
-16.1656;23.6415;28.6399;85.1826;-72.2952
-16.0154;23.5003;28.4386;85.3819;-72.4364
-15.8796;23.3712;28.2556;85.5632;-72.5655
-15.7296;23.2406;28.0632;85.7535;-72.6961
-15.5798;23.1032;27.8656;85.9495;-72.8335
-15.4404;22.9802;27.6857;86.1277;-72.9565
-15.2956;22.8558;27.5017;86.3101;-73.0809
-15.1485;22.7451;27.3279;86.4821;-73.1916
-14.9881;22.6233;27.1377;86.6707;-73.3134
-14.805;22.4856;26.9219;86.8849;-73.4511
-14.6469;22.3705;26.739;87.0666;-73.5662
-14.4991;22.2834;26.5853;87.2193;-73.6533
-14.3225;22.1693;26.3934;87.4103;-73.7674
-14.1775;22.0591;26.2223;87.5811;-73.8775
-14.0161;21.938;26.0332;87.77;-73.9987
-13.8443;21.8025;25.8267;87.9766;-74.1341
-13.6815;21.674;25.6309;88.1726;-74.2627
-13.5259;21.5447;25.4386;88.3654;-74.392
-13.3698;21.4126;25.2438;88.5609;-74.5241
-13.2181;21.2835;25.0541;88.7515;-74.6532
-13.0705;21.1432;24.8571;88.9493;-74.7935
-12.9284;21.0098;24.6689;89.1385;-74.9269
-12.7841;20.8766;24.4799;89.3286;-75.0601
-12.6346;20.7375;24.2833;89.5265;-75.1992
-12.4886;20.6044;24.0937;89.7176;-75.3322
-12.3342;20.4543;23.8854;89.9275;-75.4824
-12.1907;20.315;23.692;90.1224;-75.6217
-12.0762;20.1516;23.493;90.3218;-75.7851
-11.9643;19.9864;23.2937;90.5213;-75.9503
-11.8514;19.8155;23.0891;90.7262;-76.1212
-11.7413;19.6447;22.8861;90.9293;-76.292
-11.6327;19.4725;22.6825;91.1329;-76.4642
-11.5278;19.3043;22.4844;91.3311;-76.6324
-11.4242;19.1326;22.2838;91.5316;-76.8041
-11.3167;18.9619;22.0822;91.7332;-76.9747
-11.1954;18.7875;21.8702;91.9455;-77.1492
-11.0898;18.6299;21.6808;92.1353;-77.3068
-10.9757;18.4591;21.4757;92.3406;-77.4776
-10.8551;18.2825;21.2622;92.5544;-77.6542
-10.7567;18.1051;21.0595;92.7568;-77.8316
-10.6594;17.9203;20.8509;92.9648;-78.0164
-10.5501;17.7034;20.6086;93.2062;-78.2333
-10.4819;17.5193;20.4156;93.3979;-78.4174
-10.4302;17.3339;20.23;93.5817;-78.6028
-10.3771;17.1391;20.0358;93.7741;-78.7976
-10.327;16.9477;19.8462;93.9622;-78.989
-10.2905;16.746;19.6551;94.1515;-79.1907
-10.2499;16.5616;19.4768;94.3286;-79.3751
-10.1954;16.3762;19.2906;94.514;-79.5604
-10.1464;16.1846;19.1021;94.7018;-79.7521
-10.1047;15.9989;18.9227;94.8807;-79.9378
-10.0596;15.8048;18.7347;95.0685;-80.1319
-10.0185;15.6177;18.5549;95.2483;-80.319
-9.97846;15.4241;18.3704;95.4332;-80.5126
-9.92956;15.2281;18.1794;95.6248;-80.7086
-9.88506;15.0353;17.9937;95.8114;-80.9014
-9.83775;14.8366;17.8019;96.0045;-81.1001
-9.79233;14.6381;17.6115;96.1966;-81.2986
-9.74745;14.4434;17.4249;96.3851;-81.4933
-9.70918;14.2296;17.2264;96.5864;-81.7071
-9.66627;14.0358;17.0423;96.7732;-81.9009
-9.62626;13.8453;16.8629;96.9558;-82.0914
-9.58378;13.6467;16.6757;97.1466;-82.29
-9.54191;13.4502;16.4911;97.3353;-82.4865
-9.52501;13.2488;16.3174;97.5149;-82.6878
-9.50714;13.04;16.1378;97.7015;-82.8966
-9.47075;12.8538;15.9661;97.8788;-83.0829
-9.44721;12.6662;15.8013;98.0505;-83.2705
-9.41924;12.4569;15.6172;98.2431;-83.4798
-9.38681;12.265;15.4448;98.4232;-83.6717
-9.34147;12.0819;15.272;98.6028;-83.8548
-9.31131;11.8937;15.105;98.7788;-84.043
-9.28036;11.6977;14.9319;98.9618;-84.239
-9.24382;11.4958;14.7513;99.1529;-84.4409
-9.20687;11.2875;14.5662;99.3496;-84.6491
-9.16176;11.1007;14.3932;99.5324;-84.8359
-9.11397;10.8929;14.2028;99.7346;-85.0438
-9.07058;10.6997;14.0271;99.922;-85.237
-9.03488;10.4656;13.826;100.14;-85.4711
-9.00449;10.2707;13.659;100.323;-85.666
-8.97554;10.0838;13.4998;100.497;-85.8529
-8.97038;9.88954;13.3518;100.666;-86.0471
-8.96005;9.713;13.2146;100.822;-86.2237
-8.95073;9.5213;13.0679;100.991;-86.4154
-8.97517;9.32395;12.9418;101.147;-86.6127
-9.00813;9.13173;12.8271;101.295;-86.805
-9.04271;8.93906;12.7152;101.442;-86.9976
-9.07928;8.74364;12.6049;101.591;-87.1931
-9.11894;8.5504;12.5006;101.737;-87.3863
-9.13759;8.35316;12.3803;101.897;-87.5835
-9.12141;8.1516;12.2331;102.078;-87.7851
-9.10404;7.95089;12.0872;102.26;-87.9858
-9.0873;7.75097;11.9439;102.44;-88.1857
-9.06549;7.5504;11.798;102.624;-88.3863
-9.04245;7.33931;11.6461;102.818;-88.5974
-9.0242;7.11803;11.4936;103.018;-88.8187
-8.98323;6.92486;11.3425;103.205;-89.0118
-8.95372;6.70737;11.1874;103.408;-89.2293
-8.92422;6.50812;11.0452;103.595;-89.4286
-8.89403;6.30939;10.9047;103.781;-89.6273
-8.86335;6.11451;10.7678;103.965;-89.8222
-8.81841;5.91119;10.6163;104.163;-90.0255
-8.77215;5.69363;10.4579;104.375;-90.2431
-8.76241;5.50858;10.3501;104.54;-90.4281
-8.75518;5.30929;10.2392;104.716;-90.6274
-8.75671;5.10922;10.1382;104.888;-90.8275
-8.75693;4.87859;10.0242;105.088;-91.0581
-8.74797;4.67814;9.92028;105.266;-91.2586
-8.7532;4.4946;9.83971;105.423;-91.4421
-8.75511;4.2888;9.74914;105.6;-91.6479
-8.75024;4.09535;9.66119;105.771;-91.8413
-8.74649;3.89207;9.57336;105.949;-92.0446
-8.7422;3.67795;9.48438;106.137;-92.2587
-8.71909;3.48178;9.38857;106.319;-92.4549
-8.68026;3.27603;9.2779;106.517;-92.6607
-8.64982;3.07674;9.18072;106.706;-92.8599
-8.60307;2.88795;9.07486;106.893;-93.0487
-8.54938;2.69734;8.9648;107.085;-93.2393
-8.48801;2.51259;8.85209;107.276;-93.4241
-8.41344;2.32381;8.72847;107.477;-93.6129
-8.33472;2.12775;8.60203;107.687;-93.8089
-8.25404;1.94967;8.48118;107.882;-93.987
-8.17282;1.783;8.36505;108.067;-94.1537
-8.08799;1.59455;8.24367;108.273;-94.3421
-8.00914;1.41815;8.13372;108.465;-94.5185
-7.89434;1.23775;7.99078;108.678;-94.6989
-7.80021;1.05093;7.87069;108.887;-94.8858
-7.7331;0.90316;7.78566;109.049;-95.0335
-7.64422;0.750555;7.68098;109.226;-95.1861
-7.53257;0.576986;7.55464;109.432;-95.3597
-7.41973;0.407618;7.43092;109.635;-95.5291
-7.31095;0.242075;7.31495;109.832;-95.6946
-7.20262;0.0756217;7.20302;110.031;-95.8611
-7.08911;-0.101692;7.08984;110.241;-96.0384
-6.99592;-0.268183;7.00105;110.432;-96.2049
-6.8953;-0.451444;6.91006;110.641;-96.3881
-6.77789;-0.654323;6.8094;110.875;-96.591
-6.68386;-0.828255;6.73498;111.073;-96.7649
-6.58474;-1.01832;6.66301;111.287;-96.955
-6.47329;-1.20885;6.5852;111.508;-97.1455
-6.37062;-1.38483;6.5194;111.711;-97.3215
-6.27842;-1.55449;6.468;111.904;-97.4912
-6.17406;-1.71909;6.40892;112.099;-97.6558
-6.06053;-1.89057;6.34856;112.304;-97.8273
-5.94063;-2.05286;6.28533;112.504;-97.9896
-5.82558;-2.21759;6.23339;112.704;-98.1543
-5.71344;-2.39139;6.19372;112.911;-98.3281
-5.60685;-2.54747;6.15844;113.099;-98.4842
-5.48787;-2.70639;6.11892;113.296;-98.6431
-5.36813;-2.86624;6.08541;113.494;-98.8029
-5.25921;-3.02961;6.06941;113.69;-98.9663
-5.14775;-3.19577;6.05907;113.889;-99.1325
-5.02932;-3.35608;6.04627;114.087;-99.2928
-4.90409;-3.5184;6.03566;114.29;-99.4551
-4.77334;-3.67876;6.02644;114.494;-99.6154
-4.6466;-3.83068;6.02204;114.689;-99.7674
-4.52017;-3.98586;6.02653;114.886;-99.9225
-4.3875;-4.14448;6.03547;115.09;-100.081
-4.25596;-4.29649;6.04756;115.287;-100.233
-4.13037;-4.45959;6.07848;115.491;-100.396
-4.01051;-4.62549;6.12204;115.694;-100.562
-3.90291;-4.79354;6.18148;115.893;-100.73
-3.79307;-4.95335;6.23884;116.087;-100.89
-3.68491;-5.11567;6.30465;116.281;-101.052
-3.56787;-5.26401;6.3592;116.468;-101.201
-3.4438;-5.41539;6.41765;116.661;-101.352
-3.3078;-5.56675;6.47536;116.86;-101.503
-3.17928;-5.71691;6.54147;117.054;-101.654
-3.02778;-5.88149;6.61509;117.272;-101.818
-2.89281;-6.02862;6.68675;117.467;-101.965
-2.75774;-6.17611;6.76383;117.662;-102.113
-2.63521;-6.31697;6.84459;117.845;-102.254
-2.49981;-6.46902;6.93522;118.044;-102.406
-2.36952;-6.62463;7.03565;118.244;-102.561
-2.24098;-6.77749;7.13837;118.441;-102.714
-2.11688;-6.9468;7.26218;118.649;-102.883
-1.98719;-7.11074;7.38319;118.856;-103.047
-1.85;-7.24711;7.47951;119.043;-103.184
-1.73083;-7.39175;7.59169;119.227;-103.328
-1.6268;-7.54251;7.71596;119.41;-103.479
-1.52083;-7.70621;7.85484;119.605;-103.643
-1.41237;-7.8793;8.00488;119.809;-103.816
-1.30467;-8.05133;8.15636;120.012;-103.988
-1.20439;-8.23198;8.31962;120.218;-104.169
-1.10738;-8.40663;8.47926;120.418;-104.343
-1.02159;-8.58187;8.64246;120.613;-104.519
-0.934138;-8.77285;8.82244;120.822;-104.71
-0.838371;-8.94793;8.98712;121.021;-104.885
-0.744037;-9.13619;9.16644;121.232;-105.073
-0.629422;-9.31595;9.33719;121.444;-105.253
-0.533082;-9.4918;9.50676;121.645;-105.428
-0.440799;-9.67098;9.68102;121.846;-105.608
-0.358267;-9.85623;9.86274;122.048;-105.793
-0.281623;-10.0371;10.041;122.243;-105.974
-0.194922;-10.2261;10.228;122.45;-106.163
-0.0969318;-10.4006;10.4011;122.65;-106.337
0.005378;-10.584;10.5841;122.86;-106.521
0.113404;-10.7584;10.759;123.065;-106.695
0.215294;-10.9276;10.9297;123.263;-106.864
0.316519;-11.1011;11.1056;123.464;-107.038
0.420251;-11.2627;11.2705;123.655;-107.199
0.526754;-11.437;11.4491;123.86;-107.374
0.636967;-11.6038;11.6213;124.059;-107.54
0.747498;-11.7701;11.7938;124.258;-107.707
0.861794;-11.9225;11.9536;124.447;-107.859
0.981051;-12.0794;12.1191;124.643;-108.016
1.11734;-12.2318;12.2828;124.843;-108.169
1.23976;-12.3847;12.4466;125.037;-108.321
1.36716;-12.5431;12.6174;125.238;-108.48
1.49951;-12.6972;12.7855;125.437;-108.634
1.62185;-12.8455;12.9475;125.627;-108.782
1.74109;-13.009;13.125;125.828;-108.946
1.86178;-13.1812;13.312;126.037;-109.118
1.99655;-13.347;13.4955;126.248;-109.284
2.12302;-13.5049;13.6707;126.448;-109.442
2.24772;-13.6971;13.8803;126.677;-109.634
2.3565;-13.8638;14.0626;126.876;-109.8
2.46536;-14.0301;14.2451;127.074;-109.967
2.58785;-14.1903;14.4244;127.274;-110.127
2.71366;-14.3331;14.5878;127.461;-110.27
2.82248;-14.4988;14.771;127.659;-110.435
2.94344;-14.6702;14.9626;127.868;-110.607
3.05981;-14.8415;15.1537;128.075;-110.778
3.1833;-14.9723;15.307;128.25;-110.909
3.32049;-15.1461;15.5058;128.469;-111.083
3.44975;-15.2984;15.6826;128.666;-111.235
3.58899;-15.4429;15.8544;128.86;-111.38
3.72424;-15.6036;16.0419;129.067;-111.54
3.85042;-15.7558;16.2195;129.262;-111.693
3.99107;-15.9174;16.4102;129.473;-111.854
4.12238;-16.0683;16.5887;129.669;-112.005
4.24254;-16.2209;16.7665;129.862;-112.158
4.34644;-16.3897;16.9563;130.06;-112.326
4.44995;-16.5657;17.1529;130.264;-112.502
4.56448;-16.7449;17.3559;130.476;-112.682
4.67491;-16.9128;17.547;130.677;-112.849
4.78909;-17.075;17.7339;130.875;-113.012
4.91195;-17.2391;17.9252;131.078;-113.176
5.0473;-17.3824;18.1003;131.27;-113.319
5.1875;-17.5413;18.2923;131.478;-113.478
5.31079;-17.6959;18.4757;131.674;-113.633
5.42062;-17.8528;18.6576;131.865;-113.789
5.53062;-18.0113;18.8413;132.057;-113.948
5.65721;-18.1776;19.0376;132.265;-114.114
5.78382;-18.3038;19.1959;132.438;-114.24
5.92343;-18.4518;19.3793;132.636;-114.389
6.05706;-18.5965;19.5581;132.829;-114.533
6.19707;-18.7502;19.7478;133.032;-114.687
6.33186;-18.8998;19.9322;133.229;-114.836
6.46408;-19.0554;20.1219;133.43;-114.992
6.58097;-19.2012;20.2976;133.615;-115.138
6.71249;-19.3693;20.4994;133.827;-115.306
6.8468;-19.5231;20.6889;134.028;-115.46
6.97809;-19.6728;20.8738;134.223;-115.61
7.11135;-19.8363;21.0725;134.432;-115.773
7.25239;-19.9921;21.2669;134.638;-115.929
7.38612;-20.1503;21.4613;134.842;-116.087
7.51579;-20.2877;21.6351;135.026;-116.224
7.6412;-20.4406;21.8221;135.222;-116.377
7.76759;-20.5953;22.0114;135.419;-116.532
7.86132;-20.7682;22.2063;135.616;-116.705
7.93341;-20.9433;22.3956;135.803;-116.88
8.02548;-21.1268;22.5997;136.008;-117.063
8.10982;-21.2892;22.7816;136.191;-117.226
8.19713;-21.4492;22.9622;136.373;-117.386
8.29712;-21.6289;23.1657;136.578;-117.566
8.39392;-21.8042;23.3641;136.778;-117.741
8.48853;-21.9768;23.5592;136.975;-117.913
8.58107;-22.1534;23.7573;137.174;-118.09
8.66527;-22.3359;23.9579;137.374;-118.273
8.76578;-22.5155;24.1617;137.58;-118.452
8.87694;-22.6889;24.3636;137.786;-118.626
9.00437;-22.8849;24.5927;138.019;-118.822
9.09997;-23.0356;24.7679;138.198;-118.972
9.21356;-23.1908;24.954;138.389;-119.127
9.33086;-23.3397;25.1358;138.577;-119.276
9.47713;-23.4838;25.324;138.776;-119.42
9.63373;-23.6439;25.5312;138.993;-119.581
9.76912;-23.8297;25.7544;139.222;-119.766
9.8543;-24.007;25.9508;139.418;-119.944
9.93762;-24.2116;26.1717;139.637;-120.148
10.0112;-24.4003;26.3742;139.836;-120.337
10.081;-24.5852;26.5717;140.031;-120.522
10.1599;-24.7815;26.7833;140.24;-120.718
10.2317;-24.9634;26.9789;140.433;-120.9
10.3148;-25.124;27.1589;140.614;-121.061
10.4054;-25.3048;27.3607;140.816;-121.241
10.4974;-25.4703;27.5487;141.005;-121.407
10.6021;-25.6424;27.7477;141.206;-121.579
10.7057;-25.807;27.9394;141.401;-121.744
10.8126;-25.9836;28.1435;141.607;-121.92
10.9092;-26.1451;28.3298;141.795;-122.082
11.0165;-26.3161;28.5289;141.997;-122.253
11.1156;-26.4999;28.7368;142.206;-122.437
11.2044;-26.6691;28.9271;142.397;-122.606
11.2966;-26.8401;29.1205;142.591;-122.777
11.4012;-27.0204;29.3273;142.799;-122.957
11.4995;-27.2043;29.5349;143.007;-123.141
11.6011;-27.3906;29.7461;143.22;-123.327
11.6773;-27.5698;29.9408;143.413;-123.506
11.7418;-27.7562;30.1376;143.606;-123.693
11.8073;-27.9452;30.3373;143.802;-123.882
11.8768;-28.1285;30.5331;143.995;-124.065
11.9336;-28.3337;30.7443;144.201;-124.27
11.9873;-28.5259;30.9422;144.394;-124.463
12.0292;-28.7094;31.1277;144.573;-124.646
12.0649;-28.9028;31.3199;144.758;-124.84
12.1098;-29.0895;31.5095;144.942;-125.026
12.1551;-29.283;31.7055;145.132;-125.22
12.2002;-29.4769;31.9019;145.322;-125.414
12.2471;-29.681;32.1084;145.522;-125.618
12.3086;-29.8724;32.3088;145.718;-125.809

12.365;29.9283;32.3821;145.918;-126.008
12.4087;29.7394;32.2244;146.104;-126.197
12.4559;29.5443;32.0627;146.296;-126.392
12.5231;29.3414;31.9021;146.505;-126.595
12.5866;29.1476;31.7491;146.704;-126.789
12.6577;28.9546;31.6004;146.907;-126.982
12.7206;28.7691;31.4559;147.099;-127.168
12.7892;28.574;31.3055;147.302;-127.363
12.8541;28.3844;31.1593;147.499;-127.552
12.9055;28.2113;31.023;147.674;-127.725
12.9744;28.0204;30.8784;147.874;-127.916
13.0406;27.8324;30.736;148.07;-128.104
13.1199;27.604;30.5633;148.307;-128.333
13.1891;27.4113;30.4193;148.509;-128.525
13.229;27.2225;30.2667;148.692;-128.714
13.2636;27.0192;30.0992;148.885;-128.917
13.2939;26.819;29.933;149.074;-129.118
13.3311;26.6227;29.774;149.262;-129.314
13.3706;26.427;29.6169;149.452;-129.51
13.4149;26.2382;29.4687;149.637;-129.698
13.4517;26.0444;29.3131;149.824;-129.892
13.4824;25.8465;29.1516;150.011;-130.09
13.5072;25.6477;28.9871;150.195;-130.289
13.5232;25.4591;28.8278;150.367;-130.478
13.527;25.2586;28.6527;150.543;-130.678
13.5384;25.0564;28.4801;150.724;-130.88
13.5563;24.8823;28.3355;150.884;-131.054
13.5809;24.6704;28.1615;151.08;-131.266
13.6035;24.4625;27.9906;151.272;-131.474
13.6321;24.2636;27.8309;151.459;-131.673
13.6593;24.0781;27.6826;151.634;-131.859
13.6675;23.8631;27.5;151.825;-132.074
13.6722;23.6627;27.3286;152.002;-132.274
13.6738;23.4673;27.1604;152.173;-132.469
13.6722;23.2608;26.9814;152.352;-132.676
13.6658;23.0487;26.7955;152.533;-132.888
13.6637;22.8423;26.617;152.712;-133.094
13.6261;22.6287;26.4146;152.88;-133.308
13.5918;22.431;26.2276;153.036;-133.506
13.5623;22.2373;26.0468;153.19;-133.699
13.5279;22.0426;25.8627;153.343;-133.894
13.494;21.8441;25.6759;153.5;-134.093
13.4646;21.6416;25.4883;153.663;-134.295
13.4341;21.4348;25.2968;153.829;-134.502
13.4054;21.2383;25.1151;153.987;-134.698
13.3912;21.037;24.9375;154.156;-134.9
13.3786;20.8121;24.7413;154.347;-135.125
13.3569;20.6043;24.5549;154.518;-135.332
13.3591;20.3924;24.3786;154.705;-135.544
13.3611;20.194;24.214;154.88;-135.743
13.3863;19.9878;24.0563;155.073;-135.949
13.4155;19.7828;23.9026;155.266;-136.154
13.4317;19.6169;23.7746;155.42;-136.32
13.4435;19.4223;23.621;155.596;-136.514
13.4601;19.2209;23.4652;155.781;-136.716
13.4767;19.0211;23.3115;155.964;-136.916
13.4608;18.7996;23.1218;156.151;-137.137
13.4587;18.6025;22.9606;156.323;-137.334
13.4548;18.4055;22.799;156.494;-137.531
13.4496;18.2073;22.6362;156.666;-137.729
13.4427;18.0112;22.4746;156.835;-137.926
13.4366;17.8102;22.3103;157.009;-138.126
13.4125;17.6154;22.1404;157.169;-138.321
13.3892;17.4246;21.9747;157.326;-138.512
13.3598;17.23;21.8026;157.483;-138.707
13.3358;17.0325;21.6321;157.646;-138.904
13.3166;16.8326;21.4632;157.813;-139.104
13.3039;16.6478;21.3106;157.97;-139.289
13.2873;16.4268;21.128;158.157;-139.51
13.2637;16.2151;20.9489;158.333;-139.722
13.2405;16.0484;20.8053;158.469;-139.888
13.2114;15.8588;20.6408;158.623;-140.078
13.1928;15.6634;20.4791;158.787;-140.273
13.1727;15.4628;20.313;158.954;-140.474
13.151;15.2741;20.1555;159.111;-140.663
13.1409;15.0675;19.9928;159.289;-140.869
13.1433;14.8537;19.8338;159.479;-141.083
13.1546;14.6488;19.6884;159.666;-141.288
13.1731;14.448;19.5519;159.852;-141.489
13.1861;14.2314;19.4012;160.05;-141.705
13.2039;13.9967;19.2419;160.266;-141.94
13.2122;13.7998;19.1048;160.444;-142.137
13.2207;13.5981;18.9657;160.627;-142.339
13.2258;13.4043;18.8308;160.801;-142.532
13.2473;13.2205;18.7156;160.974;-142.716
13.2723;13.0258;18.5964;161.158;-142.911
13.3081;12.8264;18.483;161.351;-143.11
13.344;12.631;18.374;161.541;-143.306
13.391;12.4361;18.275;161.736;-143.501
13.4365;12.2428;18.1776;161.928;-143.694
13.4889;12.0425;18.0824;162.13;-143.894
13.537;11.8432;17.9865;162.329;-144.093
13.5821;11.6272;17.8792;162.542;-144.31
13.6307;11.4487;17.8008;162.723;-144.488
13.6919;11.274;17.7361;162.906;-144.663
13.7571;11.0878;17.6691;163.101;-144.849
13.826;10.9043;17.6085;163.296;-145.032
13.9054;10.7156;17.5552;163.5;-145.221
13.9864;10.5254;17.5044;163.706;-145.411
14.072;10.3433;17.4644;163.907;-145.593
14.1568;10.1633;17.4272;164.106;-145.773
14.2448;9.99622;17.4023;164.295;-145.94
14.3415;9.81635;17.3793;164.499;-146.12
14.4527;9.6317;17.3681;164.714;-146.305
14.5553;9.45956;17.3591;164.914;-146.477
14.6575;9.2847;17.3507;165.117;-146.652
14.7574;9.1262;17.3513;165.303;-146.81
14.8347;8.97525;17.3385;165.473;-146.961
14.9438;8.79709;17.3409;165.681;-147.14
15.0466;8.62517;17.3434;165.881;-147.312
15.1565;8.45065;17.3531;166.087;-147.486
15.239;8.27657;17.3415;166.279;-147.66
15.3219;8.07956;17.3217;166.492;-147.857
15.3974;7.90851;17.3096;166.679;-148.028
15.4743;7.72242;17.2942;166.879;-148.214
15.5669;7.52877;17.292;167.094;-148.408
15.6507;7.33622;17.2848;167.304;-148.6
15.7283;7.15477;17.2792;167.5;-148.782
15.7988;6.95764;17.263;167.708;-148.979
15.8598;6.77636;17.2468;167.897;-149.16
15.9179;6.56475;17.2184;168.112;-149.372
16.0029;6.38103;17.2282;168.314;-149.556
16.0914;6.21053;17.2483;168.506;-149.726
16.1811;6.03492;17.2699;168.703;-149.902
16.2728;5.8508;17.2926;168.909;-150.086
16.3659;5.66548;17.3188;169.116;-150.271
16.4598;5.4823;17.3488;169.322;-150.454
16.5325;5.28593;17.3569;169.53;-150.651
16.5828;5.09352;17.3474;169.724;-150.843
16.6177;4.89651;17.3241;169.915;-151.04
16.6704;4.69957;17.3201;170.114;-151.237
16.7128;4.51424;17.3118;170.298;-151.422
16.7537;4.31639;17.3008;170.493;-151.62
16.805;4.10305;17.2987;170.706;-151.834
16.8459;3.89852;17.2911;170.907;-152.038
16.8959;3.69013;17.2941;171.115;-152.247
16.9394;3.48715;17.2946;171.316;-152.45
16.9774;3.29177;17.2936;171.507;-152.645
17.0111;3.10411;17.292;171.689;-152.833
17.0327;2.921;17.2813;171.862;-153.016
17.0478;2.72859;17.2648;172.04;-153.208
17.0465;2.52405;17.2324;172.222;-153.413
17.0684;2.31944;17.2253;172.414;-153.617
17.0981;2.10841;17.2276;172.616;-153.828
17.1321;1.91417;17.2387;172.804;-154.023
17.1602;1.71599;17.2458;172.993;-154.221
17.1853;1.5031;17.2509;173.195;-154.434
17.2084;1.33303;17.2599;173.357;-154.604
17.2303;1.14542;17.2683;173.534;-154.791
17.2762;0.950625;17.3024;173.729;-154.986
17.3234;0.755997;17.3399;173.923;-155.181
17.3733;0.552607;17.382;174.127;-155.384
17.4413;0.350342;17.4448;174.339;-155.586
17.5332;0.134493;17.5338;174.573;-155.802
17.6072;-0.0469361;17.6072;174.768;-155.984
17.6843;-0.234186;17.6858;174.97;-156.171
17.7824;-0.425065;17.7875;175.185;-156.362
17.8745;-0.595226;17.8844;175.378;-156.532
17.9636;-0.780886;17.9806;175.584;-156.718
18.0542;-0.961946;18.0798;175.786;-156.899
18.176;-1.15236;18.2125;176.011;-157.089
18.2842;-1.32284;18.332;176.212;-157.26
18.3724;-1.4913;18.4328;176.402;-157.428
18.4527;-1.67111;18.5282;176.599;-157.608
18.5397;-1.86437;18.6332;176.811;-157.801
18.6128;-2.04052;18.7244;177.001;-157.977
18.7082;-2.22238;18.8398;177.206;-158.159
18.8013;-2.39983;18.9538;177.407;-158.337
18.886;-2.5626;19.059;177.59;-158.499
18.9721;-2.73879;19.1688;177.786;-158.675
19.0621;-2.91997;19.2844;177.988;-158.857
19.1393;-3.10557;19.3896;178.189;-159.042
19.2242;-3.29076;19.5038;178.392;-159.227
19.3128;-3.48158;19.6241;178.603;-159.418
19.4018;-3.65592;19.7433;178.799;-159.593
19.4966;-3.83375;19.87;179;-159.77
19.5877;-4.013;19.9946;179.201;-159.95
19.6807;-4.212;20.1264;179.421;-160.149
19.7659;-4.40091;20.2499;179.628;-160.338
19.8302;-4.58808;20.3541;179.824;-160.525
19.8976;-4.77508;20.4625;180.021;-160.712
19.9901;-4.94363;20.5923;180.213;-160.88
20.0806;-5.11616;20.7221;180.408;-161.053
20.1597;-5.29532;20.8436;180.604;-161.232
20.2414;-5.48268;20.9707;180.808;-161.419
20.3242;-5.66637;21.0993;181.009;-161.603
20.4077;-5.85068;21.2298;181.211;-161.787
20.4783;-6.03582;21.3493;181.408;-161.973
20.5495;-6.22285;21.471;181.607;-162.16
20.6205;-6.41301;21.5947;181.809;-162.35
20.6836;-6.62059;21.7174;182.023;-162.557
20.7555;-6.79835;21.8405;182.214;-162.735
20.8285;-6.97762;21.9662;182.407;-162.914
20.9007;-7.16241;22.0939;182.604;-163.099
20.9436;-7.38785;22.2084;182.825;-163.325
20.9656;-7.59048;22.2974;183.016;-163.527
20.9907;-7.79731;22.3921;183.212;-163.734
21.0422;-8.00596;22.5138;183.422;-163.943
21.0642;-8.19915;22.6037;183.604;-164.136
21.1099;-8.38345;22.7136;183.789;-164.32
21.1543;-8.58312;22.8293;183.988;-164.52
21.1848;-8.75656;22.9232;184.157;-164.693
21.1928;-8.95919;23.0087;184.341;-164.896
21.1772;-9.1489;23.0689;184.504;-165.086
21.1778;-9.35903;23.1536;184.692;-165.296
21.1746;-9.56082;23.233;184.872;-165.498
21.1809;-9.75654;23.32;185.05;-165.693
21.1913;-9.94959;23.4108;185.227;-165.886
21.2025;-10.1412;23.5029;185.404;-166.078
21.2141;-10.341;23.6003;185.588;-166.278
21.2263;-10.5437;23.7008;185.775;-166.48
21.2383;-10.7371;23.7981;185.954;-166.674
21.2578;-10.9208;23.8989;186.127;-166.858
21.2721;-11.1391;24.0121;186.329;-167.076
21.2853;-11.3386;24.1169;186.514;-167.275
21.3068;-11.5251;24.2241;186.69;-167.462
21.3574;-11.7292;24.3662;186.896;-167.666
21.4141;-11.9243;24.5103;187.096;-167.861
21.4899;-12.1088;24.6666;187.295;-168.045
21.5768;-12.3096;24.8411;187.514;-168.246
21.6646;-12.4877;25.006;187.712;-168.424
21.7524;-12.6681;25.1723;187.913;-168.605
21.8242;-12.8057;25.3038;188.068;-168.742
21.9189;-12.9652;25.4664;188.253;-168.902
22.0181;-13.1314;25.6365;188.446;-169.068
22.1219;-13.294;25.8091;188.638;-169.231
22.2285;-13.4584;25.9853;188.832;-169.395
22.3514;-13.6253;26.1769;189.036;-169.562
22.4866;-13.7902;26.3783;189.244;-169.727
22.6166;-13.9489;26.5722;189.444;-169.886
22.7451;-14.1111;26.7668;189.646;-170.048
22.8601;-14.2597;26.9429;189.83;-170.196
22.9718;-14.4352;27.1307;190.037;-170.372
23.0747;-14.5933;27.3022;190.224;-170.53
23.1818;-14.7667;27.4855;190.427;-170.703
23.294;-14.9437;27.6753;190.636;-170.88
23.3884;-15.09;27.8339;190.809;-171.027
23.4998;-15.2626;28.0212;191.013;-171.199
23.6071;-15.4347;28.2051;191.214;-171.371
23.7193;-15.6073;28.3935;191.419;-171.544
23.8339;-15.7549;28.5704;191.602;-171.692
23.9513;-15.8952;28.7459;191.78;-171.832
24.0695;-16.0583;28.9346;191.979;-171.995
24.1883;-16.2232;29.125;192.179;-172.16
24.3249;-16.3961;29.3348;192.395;-172.333
24.4523;-16.5547;29.5291;192.593;-172.491
24.608;-16.7156;29.7484;192.807;-172.652
24.7524;-16.8598;29.9489;193;-172.796
24.8812;-16.999;30.1337;193.182;-172.936
25.0168;-17.1552;30.3338;193.382;-173.092
25.1572;-17.3065;30.5352;193.58;-173.243
25.2833;-17.4507;30.7209;193.766;-173.387
25.4123;-17.639;30.9341;193.992;-173.576
25.5266;-17.8026;31.1214;194.189;-173.739
25.6453;-17.9557;31.3064;194.379;-173.892
25.7655;-18.1154;31.4965;194.576;-174.052
25.8852;-18.2758;31.6867;194.773;-174.213
26.021;-18.4324;31.888;194.974;-174.369
26.1464;-18.5677;32.0686;195.151;-174.504
26.2696;-18.7042;32.2481;195.328;-174.641
26.4064;-18.8574;32.4484;195.526;-174.794
26.5457;-19.0293;32.6617;195.742;-174.966
26.6855;-19.1772;32.8615;195.937;-175.114
26.8343;-19.3185;33.0649;196.13;-175.255
26.9896;-19.4609;33.2741;196.327;-175.398
27.1434;-19.6178;33.4906;196.537;-175.555
27.2832;-19.775;33.696;196.74;-175.712
27.3913;-19.9307;33.875;196.928;-175.867
27.5006;-20.0877;34.0558;197.117;-176.024
27.6145;-20.2448;34.2405;197.308;-176.181
27.7442;-20.408;34.4417;197.513;-176.345
27.8677;-20.5659;34.6347;197.709;-176.503
27.9825;-20.7459;34.8341;197.922;-176.683
28.0756;-20.9095;35.0064;198.11;-176.846
28.1789;-21.0878;35.1958;198.315;-177.024
28.2931;-21.2413;35.3793;198.504;-177.178
28.4056;-21.3943;35.5611;198.691;-177.331
28.549;-21.5656;35.7788;198.909;-177.502
28.6693;-21.7155;35.9651;199.097;-177.652
28.7845;-21.8706;36.1507;199.287;-177.807
28.9059;-22.0259;36.3413;199.481;-177.963
29.0319;-22.1909;36.5416;199.685;-178.128
29.1545;-22.3478;36.7342;199.88;-178.284
29.2868;-22.5095;36.9377;200.084;-178.446
29.4131;-22.6633;37.1316;200.278;-178.6
29.5551;-22.8151;37.3368;200.478;-178.752
29.6759;-22.9808;37.5337;200.681;-178.918
29.799;-23.1376;37.727;200.876;-179.074
29.941;-23.2812;37.9273;201.068;-179.218

-29.9253;-23.4346;38.0093;201.266;-179.371
-29.7934;-23.5889;38.0011;201.463;-179.526
-29.6738;-23.75;38.0079;201.661;-179.687
-29.5531;-23.9273;38.0251;201.874;-179.864
-29.4466;-24.0967;38.0494;202.073;-180.033
-29.336;-24.2672;38.0723;202.275;-180.204
-29.2383;-24.4351;38.1045;202.469;-180.372
-29.1497;-24.6105;38.1495;202.666;-180.547
-29.0726;-24.7896;38.2066;202.86;-180.726
-28.9965;-24.9739;38.2687;203.059;-180.911
-28.9213;-25.1807;38.3472;203.277;-181.117
-28.8483;-25.3614;38.4113;203.472;-181.298
-28.77;-25.5427;38.4726;203.669;-181.479
-28.692;-25.7259;38.5363;203.867;-181.663
-28.6102;-25.9102;38.599;204.069;-181.847
-28.5287;-26.0966;38.6641;204.272;-182.033
-28.4485;-26.2798;38.7291;204.471;-182.216
-28.3658;-26.4528;38.7862;204.663;-182.389
-28.2852;-26.6205;38.842;204.849;-182.557
-28.1785;-26.791;38.8817;205.049;-182.728
-28.0732;-26.9611;38.9231;205.249;-182.898
-27.9771;-27.1112;38.9581;205.426;-183.048
-27.8725;-27.2913;39.0089;205.634;-183.228
-27.7622;-27.468;39.0542;205.842;-183.405
-27.6259;-27.65;39.086;206.066;-183.587
-27.5016;-27.8059;39.1089;206.261;-183.743
-27.3555;-27.9699;39.1233;206.473;-183.907
-27.1985;-28.1047;39.1105;206.665;-184.041
-27.0485;-28.2477;39.1095;206.86;-184.184
-26.9043;-28.3799;39.1058;207.044;-184.317
-26.7605;-28.5137;39.1044;207.229;-184.45
-26.5985;-28.6583;39.0996;207.431;-184.595
-26.4382;-28.7845;39.0836;207.617;-184.721
-26.2688;-28.9188;39.0685;207.813;-184.855
-26.1301;-29.0492;39.0722;207.993;-184.986
-25.9749;-29.1876;39.0718;208.187;-185.124
-25.812;-29.3078;39.054;208.368;-185.245
-25.6751;-29.438;39.0615;208.547;-185.375
-25.5322;-29.5714;39.0687;208.731;-185.508
-25.3776;-29.6823;39.052;208.9;-185.619
-25.2151;-29.7985;39.0352;209.078;-185.735
-25.041;-29.8838;38.9884;209.234;-185.821
-24.8558;-29.9865;38.9487;209.41;-185.923

-24.6673;29.9215;38.7785;209.579;-186.015
-24.4849;29.8281;38.5905;209.745;-186.109
-24.3036;29.7404;38.4078;209.907;-186.196
-24.1272;29.6524;38.2281;210.066;-186.284
-23.9445;29.5692;38.0484;210.225;-186.367
-23.7665;29.4891;37.8742;210.378;-186.448
-23.5835;29.3774;37.6724;210.562;-186.559
-23.413;29.2768;37.4874;210.73;-186.66
-23.2435;29.1604;37.2906;210.912;-186.776
-23.0758;29.0501;37.0999;211.088;-186.887
-22.8991;28.9488;36.9107;211.259;-186.988
-22.7023;28.8498;36.7111;211.439;-187.087
-22.5412;28.7458;36.5298;211.606;-187.191
-22.3665;28.6308;36.3316;211.789;-187.306
-22.1908;28.5175;36.1342;211.971;-187.419
-22.0232;28.4099;35.9464;212.145;-187.527
-21.8553;28.3007;35.7573;212.32;-187.636
-21.6869;28.1927;35.569;212.494;-187.744
-21.5299;28.0832;35.3864;212.664;-187.854
-21.3553;27.9643;35.186;212.851;-187.972
-21.1971;27.8384;34.9899;213.037;-188.098
-21.0447;27.6998;34.7873;213.231;-188.237
-20.8967;27.5669;34.5919;213.417;-188.37
-20.7528;27.4225;34.39;213.613;-188.514
-20.6167;27.2805;34.1947;213.802;-188.656
-20.4968;27.1475;34.0162;213.976;-188.789
-20.3673;26.9981;33.819;214.168;-188.939
-20.2595;26.8651;33.6479;214.336;-189.072
-20.1364;26.7285;33.4648;214.515;-189.208
-20.0119;26.5667;33.2606;214.716;-189.37
-19.9088;26.4187;33.0803;214.895;-189.518
-19.7847;26.2544;32.8744;215.099;-189.682
-19.6428;26.1188;32.6807;215.285;-189.818
-19.485;26.0108;32.4996;215.455;-189.926
-19.3191;25.8967;32.3089;215.634;-190.04
-19.17;25.794;32.1374;215.795;-190.143
-19.0021;25.6836;31.9489;215.972;-190.253
-18.8413;25.5494;31.7453;216.166;-190.387
-18.6849;25.4263;31.5535;216.349;-190.51
-18.5415;25.3034;31.3695;216.525;-190.633
-18.3978;25.1615;31.1702;216.718;-190.775
-18.257;25.0234;30.9756;216.906;-190.913
-18.1138;24.8787;30.7743;217.102;-191.058
-17.967;24.7363;30.5728;217.297;-191.2
-17.8088;24.6048;30.3735;217.487;-191.332
-17.669;24.4679;30.1807;217.674;-191.469
-17.5322;24.3193;29.9801;217.87;-191.617
-17.3764;24.1946;29.7879;218.054;-191.742
-17.2064;24.066;29.5843;218.248;-191.871
-17.0386;23.9482;29.391;218.432;-191.988
-16.8855;23.8283;29.2046;218.61;-192.108
-16.725;23.7106;29.0158;218.79;-192.226
-16.5461;23.5852;28.8103;218.986;-192.351
-16.3802;23.4706;28.6213;219.166;-192.466
-16.2177;23.373;28.4484;219.329;-192.564
-16.0449;23.2747;28.2693;219.498;-192.662
-15.8609;23.1702;28.0789;219.678;-192.767
-15.6941;23.0747;27.906;219.842;-192.862
-15.5247;22.9795;27.7322;220.007;-192.957
-15.3525;22.8814;27.5546;220.176;-193.055
-15.1787;22.7826;27.3759;220.346;-193.154
-15.017;22.6903;27.2095;220.505;-193.246
-14.8517;22.5864;27.0318;220.675;-193.35
-14.6711;22.4977;26.8586;220.84;-193.439
-14.4995;22.4067;26.6889;221.003;-193.53
-14.308;22.3078;26.502;221.182;-193.629
-14.1323;22.2214;26.3346;221.342;-193.715
-13.9658;22.144;26.1801;221.491;-193.793
-13.7712;22.0854;26.0271;221.636;-193.851
-13.5777;22.0261;25.8747;221.782;-193.911
-13.389;21.9671;25.7258;221.925;-193.97
-13.2167;21.9116;25.589;222.057;-194.025
-13.0273;21.8503;25.4391;222.203;-194.086
-12.8477;21.7999;25.3041;222.334;-194.137
-12.6859;21.7542;25.1829;222.453;-194.182
-12.488;21.6931;25.0308;222.603;-194.244
-12.2902;21.6363;24.8833;222.749;-194.3
-12.0975;21.5627;24.7245;222.908;-194.374
-11.9107;21.4918;24.5716;223.061;-194.445
-11.7424;21.412;24.4204;223.213;-194.525
-11.5515;21.3334;24.2601;223.375;-194.603
-11.3677;21.2605;24.1088;223.529;-194.676
-11.1724;21.1873;23.9525;223.689;-194.749
-10.9905;21.0957;23.787;223.858;-194.841
-10.8038;20.9968;23.6133;224.036;-194.94
-10.6348;20.8862;23.4379;224.216;-195.051
-10.475;20.7784;23.2694;224.388;-195.158
-10.3114;20.6673;23.0968;224.566;-195.269
-10.1557;20.567;22.9378;224.73;-195.37
-9.9813;20.4531;22.7586;224.915;-195.484
-9.81423;20.34;22.584;225.096;-195.597
-9.63303;20.2027;22.3818;225.305;-195.734
-9.47547;20.097;22.2188;225.475;-195.84
-9.3137;19.9737;22.0385;225.662;-195.963
-9.13424;19.8376;21.8395;225.869;-196.099
-8.97222;19.7033;21.6499;226.067;-196.233
-8.81957;19.5749;21.47;226.254;-196.362
-8.66602;19.4482;21.2916;226.44;-196.488
-8.51092;19.301;21.0942;226.645;-196.636
-8.36572;19.1632;20.9097;226.837;-196.773
-8.21791;19.0411;20.7388;227.016;-196.896
-8.05324;18.9162;20.5591;227.206;-197.021
-7.88518;18.797;20.3839;227.393;-197.14
-7.77271;18.6631;20.217;227.566;-197.274
-7.62235;18.4898;19.9993;227.791;-197.447
-7.48345;18.3513;19.8185;227.98;-197.585
-7.34904;18.215;19.6416;228.165;-197.722
-7.20992;18.079;19.4637;228.353;-197.858
-7.05532;17.9246;19.2631;228.564;-198.012
-6.94024;17.7894;19.0953;228.738;-198.147
-6.81129;17.6253;18.8956;228.945;-198.311
-6.68603;17.4705;18.7062;229.141;-198.466
-6.56679;17.3229;18.5258;229.329;-198.614
-6.43929;17.1702;18.338;229.525;-198.766
-6.3193;17.0093;18.1452;229.724;-198.927
-6.18226;16.8283;17.928;229.949;-199.108
-6.05293;16.666;17.7312;230.155;-199.271
-5.91215;16.5235;17.5493;230.349;-199.413
-5.76927;16.3848;17.3708;230.54;-199.552
-5.63248;16.2476;17.1962;230.727;-199.689
-5.48531;16.1175;17.0254;230.914;-199.819
-5.33475;16.0136;16.8788;231.079;-199.923
-5.16965;15.9055;16.7246;231.255;-200.031
-5.00555;15.7876;16.5621;231.44;-200.149
-4.84907;15.6853;16.4178;231.607;-200.251
-4.68164;15.5759;16.2643;231.786;-200.361
-4.51379;15.4675;16.1126;231.964;-200.469
-4.32586;15.3693;15.9664;232.143;-200.567
-4.14922;15.2744;15.8279;232.314;-200.662
-3.9775;15.1832;15.6956;232.479;-200.753
-3.80314;15.1026;15.5741;232.637;-200.834
-3.64229;15.0383;15.4731;232.774;-200.898
-3.44316;14.9553;15.3465;232.946;-200.981
-3.25701;14.8977;15.2496;233.09;-201.039
-3.05597;14.8315;15.143;233.249;-201.105
-2.86559;14.768;15.0434;233.4;-201.169
-2.67466;14.7211;14.9621;233.537;-201.216
-2.48894;14.6975;14.9067;233.652;-201.239
-2.271;14.6526;14.8275;233.801;-201.284
-2.07836;14.6132;14.7602;233.933;-201.324
-1.89182;14.5743;14.6966;234.062;-201.362
-1.69462;14.5098;14.6084;234.218;-201.427
-1.48527;14.441;14.5172;234.384;-201.496
-1.29719;14.3694;14.4278;234.542;-201.567
-1.10242;14.2978;14.3402;234.703;-201.639
-0.914625;14.2291;14.2584;234.858;-201.708
-0.724146;14.1665;14.185;235.009;-201.77
-0.528524;14.1;14.1099;235.167;-201.837
-0.330715;14.0349;14.0388;235.324;-201.902
-0.141059;13.972;13.9727;235.475;-201.965
0.0766378;13.8715;13.8717;235.674;-202.065
0.265713;13.7661;13.7687;235.861;-202.171
0.446534;13.6931;13.7004;236.017;-202.244
0.619123;13.6128;13.6268;236.175;-202.324
0.809721;13.5501;13.5743;236.327;-202.387
0.989584;13.4958;13.532;236.466;-202.441
1.18967;13.4214;13.4741;236.633;-202.515
1.37645;13.3531;13.4239;236.789;-202.584
1.57179;13.2836;13.3762;236.949;-202.653
1.75335;13.2422;13.3578;237.079;-202.694
1.93098;13.2057;13.3461;237.202;-202.731
2.11385;13.166;13.3346;237.331;-202.771
2.30733;13.1262;13.3274;237.466;-202.81
2.51599;13.0818;13.3215;237.612;-202.855
2.70595;13.0473;13.3249;237.741;-202.889
2.92943;13.0063;13.3321;237.892;-202.93
3.13897;12.9551;13.33;238.045;-202.982
3.32734;12.8708;13.294;238.215;-203.066
3.50743;12.7696;13.2426;238.396;-203.167
3.70436;12.6789;13.209;238.576;-203.258
3.88922;12.5916;13.1785;238.748;-203.345
4.05726;12.5182;13.1593;238.898;-203.418
4.22495;12.44;13.1379;239.053;-203.497
4.40303;12.3551;13.1162;239.218;-203.582
4.5669;12.2566;13.0797;239.388;-203.68
4.75024;12.149;13.0447;239.576;-203.788
4.9258;12.0433;13.0117;239.758;-203.893
5.09489;11.9482;12.9891;239.928;-203.989
5.25229;11.8384;12.9513;240.104;-204.098
5.41981;11.727;12.9189;240.287;-204.21
5.58972;11.6194;12.894;240.468;-204.317
5.74568;11.5166;12.8703;240.638;-204.42
5.91415;11.4143;12.8555;240.814;-204.522
6.0771;11.3088;12.8383;240.989;-204.628
6.23376;11.2088;12.8256;241.157;-204.728
6.41321;11.0793;12.8016;241.362;-204.857
6.58729;10.9475;12.7765;241.566;-204.989
6.75613;10.8246;12.76;241.76;-205.112
6.9117;10.722;12.7567;241.929;-205.215
7.08704;10.5991;12.7502;242.126;-205.338
7.26106;10.4838;12.7528;242.316;-205.453
7.42008;10.3867;12.7648;242.483;-205.55
7.57435;10.2737;12.764;242.66;-205.663
7.73249;10.154;12.763;242.846;-205.783
7.87587;10.047;12.766;243.013;-205.89
8.03671;9.9263;12.7718;243.2;-206.01
8.19825;9.80764;12.7828;243.387;-206.129
8.33;9.68531;12.7747;243.56;-206.251
8.47917;9.54191;12.765;243.761;-206.395
8.62314;9.37327;12.7364;243.98;-206.563
8.76085;9.21411;12.7143;244.188;-206.723
8.89571;9.06569;12.7012;244.386;-206.871
9.01621;8.88859;12.6609;244.6;-207.048
9.12945;8.72292;12.6268;244.801;-207.214
9.25035;8.56111;12.604;245.002;-207.376
9.37852;8.39264;12.5854;245.213;-207.544
9.48984;8.23571;12.5652;245.405;-207.701
9.60415;8.07338;12.5467;245.603;-207.863
9.72205;7.914;12.5359;245.801;-208.023
9.84835;7.75896;12.5376;245.999;-208.178
9.97387;7.59971;12.5393;246.201;-208.337
10.1252;7.46248;12.5781;246.398;-208.474
10.29;7.32271;12.6296;246.604;-208.614
10.4416;7.1946;12.6803;246.793;-208.742
10.6247;7.06804;12.7609;246.998;-208.869
10.7873;6.96319;12.8394;247.173;-208.974
10.9607;6.84569;12.9228;247.365;-209.091
11.1219;6.72922;12.9992;247.55;-209.207
11.2632;6.58503;13.047;247.747;-209.352
11.4005;6.44738;13.0973;247.937;-209.489
11.5315;6.28588;13.1334;248.143;-209.651
11.6391;6.1262;13.1529;248.336;-209.81
11.7539;5.96128;13.1791;248.537;-209.975
11.8637;5.79263;13.2023;248.738;-210.144
11.9708;5.62176;13.2251;248.94;-210.315
12.0816;5.45225;13.2549;249.142;-210.484
12.1901;5.2892;13.2882;249.338;-210.647
12.3031;5.12026;13.326;249.541;-210.816
12.4236;4.96438;13.3787;249.737;-210.972
12.5404;4.80945;13.431;249.931;-211.127
12.664;4.64526;13.4891;250.135;-211.291
12.7858;4.50091;13.5549;250.323;-211.436
12.9174;4.35316;13.6312;250.518;-211.584
13.0631;4.19039;13.7187;250.733;-211.746
13.1849;4.04133;13.7903;250.924;-211.895
13.3129;3.88722;13.8688;251.123;-212.049
13.4844;3.72784;13.9902;251.35;-212.209
13.6349;3.59486;14.1008;251.542;-212.342
13.7792;3.46282;14.2076;251.731;-212.474
13.9186;3.34444;14.3147;251.906;-212.592
14.0727;3.22177;14.4367;252.092;-212.715
14.2428;3.08365;14.5728;252.3;-212.853
14.3965;2.9527;14.6962;252.493;-212.984
14.5448;2.80619;14.813;252.696;-213.13
14.7036;2.65038;14.9406;252.913;-213.286
14.8641;2.50917;15.0744;253.118;-213.428
15.0093;2.38127;15.197;253.304;-213.555
15.1624;2.24591;15.3278;253.501;-213.691
15.319;2.14452;15.4683;253.67;-213.792
15.5017;2.01785;15.6325;253.876;-213.919
15.6755;1.89168;15.7892;254.075;-214.045
15.8017;1.76589;15.9001;254.249;-214.171
15.9406;1.62767;16.0235;254.441;-214.309
16.0567;1.48049;16.1248;254.627;-214.456
16.1983;1.3389;16.2536;254.823;-214.598
16.3407;1.19778;16.3846;255.019;-214.739
16.4863;1.06143;16.5204;255.212;-214.875
16.6333;0.924224;16.659;255.407;-215.012
16.7633;0.77821;16.7813;255.6;-215.158
16.8996;0.634791;16.9115;255.794;-215.302
17.0426;0.501788;17.05;255.983;-215.435
17.1749;0.36716;17.1788;256.168;-215.57
17.3208;0.241096;17.3225;256.353;-215.696
17.4752;0.114269;17.4756;256.543;-215.822
17.6314;-0.0131982;17.6314;256.735;-215.95
17.8061;-0.128382;17.8065;256.926;-216.065
17.9761;-0.240714;17.9777;257.113;-216.177
18.1608;-0.339494;18.1639;257.296;-216.276
18.3563;-0.456486;18.362;257.5;-216.393
18.5164;-0.544865;18.5245;257.661;-216.482
18.6927;-0.641122;18.7037;257.838;-216.578
18.8683;-0.737066;18.8827;258.013;-216.674
19.03;-0.841951;19.0486;258.189;-216.779
19.2199;-0.950188;19.2434;258.383;-216.887
19.4092;-1.06377;19.4383;258.582;-217
19.5805;-1.16934;19.6154;258.763;-217.106
19.7463;-1.28683;19.7882;258.952;-217.224
19.9104;-1.40559;19.96;259.141;-217.342
20.0373;-1.51829;20.0947;259.305;-217.455
20.1708;-1.64556;20.2378;259.484;-217.582
20.3159;-1.78197;20.3939;259.678;-217.719
20.4638;-1.91609;20.5533;259.871;-217.853
20.6119;-2.05748;20.7143;260.07;-217.994
20.7526;-2.19569;20.8685;260.263;-218.132
20.8982;-2.33595;21.0284;260.46;-218.273
21.0385;-2.46424;21.1823;260.644;-218.401
21.186;-2.59996;21.3449;260.838;-218.537
21.3121;-2.73168;21.4865;261.017;-218.668
21.4604;-2.86978;21.6514;261.214;-218.806
21.615;-3.01229;21.8239;261.418;-218.949
21.762;-3.14822;21.9885;261.612;-219.085
21.9092;-3.28461;22.154;261.806;-219.221
22.0546;-3.45075;22.3229;262.025;-219.387
22.1959;-3.60672;22.487;262.233;-219.543
22.3247;-3.7657;22.64;262.436;-219.702
22.4432;-3.92698;22.7841;262.636;-219.864
22.5611;-4.08872;22.9286;262.836;-220.025
22.6706;-4.25821;23.0671;263.038;-220.195
22.7859;-4.42225;23.2111;263.238;-220.359
22.9245;-4.56899;23.3754;263.437;-220.506
23.0697;-4.75354;23.5544;263.671;-220.69
23.1911;-4.91195;23.7056;263.87;-220.849
23.309;-5.07171;23.8544;264.068;-221.008
23.4384;-5.2654;24.0225;264.301;-221.202
23.5454;-5.43214;24.1639;264.499;-221.369
23.6637;-5.5977;24.3167;264.702;-221.534
23.7828;-5.76028;24.4704;264.904;-221.697
23.9007;-5.93039;24.6255;265.111;-221.867
24.0184;-6.10075;24.7811;265.318;-222.037
24.1187;-6.24799;24.9149;265.496;-222.185
24.2317;-6.41176;25.0656;265.695;-222.348
24.334;-6.57226;25.2059;265.885;-222.509
24.4449;-6.73201;25.3549;266.079;-222.669
24.5637;-6.91051;25.5172;266.294;-222.847
24.671;-7.08402;25.6679;266.498;-223.021
24.7723;-7.25712;25.8134;266.698;-223.194
24.8855;-7.41959;25.968;266.896;-223.356
24.9758;-7.58328;26.1017;267.082;-223.52
25.0749;-7.76466;26.2496;267.288;-223.701
25.1709;-7.94013;26.3936;267.488;-223.877
25.2689;-8.11997;26.5415;267.692;-224.057
25.3438;-8.28879;26.6648;267.874;-224.225
25.4332;-8.48056;26.8099;268.084;-224.417
25.5035;-8.65203;26.9312;268.266;-224.589
25.5794;-8.83852;27.0634;268.463;-224.775
25.6319;-9.01881;27.1723;268.643;-224.955
25.7047;-9.21803;27.3075;268.85;-225.155
25.7571;-9.41194;27.4229;269.041;-225.349
25.806;-9.58963;27.5302;269.216;-225.526
25.8599;-9.78275;27.6484;269.407;-225.719
25.9002;-9.9796;27.7563;269.594;-225.916
25.9408;-10.1835;27.868;269.787;-226.12
25.9812;-10.3951;27.9836;269.987;-226.332
26.0384;-10.604;28.1148;270.193;-226.541
26.0983;-10.7982;28.244;270.389;-226.735
26.1483;-10.9807;28.3604;270.569;-226.917
26.1977;-11.1721;28.4804;270.756;-227.109
26.2457;-11.3479;28.594;270.93;-227.285
26.2985;-11.5403;28.7191;271.12;-227.477
26.3486;-11.7454;28.8479;271.319;-227.682
26.3912;-11.9659;28.9772;271.528;-227.903
26.4221;-12.1694;29.0899;271.715;-228.106
26.4446;-12.3614;29.1911;271.889;-228.298
26.4816;-12.5518;29.3057;272.069;-228.489
26.5176;-12.7522;29.4246;272.257;-228.689
26.5581;-12.9489;29.5467;272.444;-228.886
26.6016;-13.1452;29.6722;272.632;-229.082
26.6662;-13.3304;29.8125;272.823;-229.267
26.7411;-13.5052;29.9579;273.01;-229.442
26.8203;-13.6794;30.1074;273.2;-229.616
26.8969;-13.8639;30.2598;273.396;-229.801
26.9701;-14.06;30.415;273.601;-229.997
27.0441;-14.2391;30.5637;273.791;-230.176
27.1275;-14.4197;30.7218;273.988;-230.356
27.219;-14.5984;30.8867;274.188;-230.535
27.3073;-14.776;31.0487;274.385;-230.713
27.4;-14.9605;31.2182;274.591;-230.897
27.4916;-15.1457;31.3876;274.796;-231.082
27.5789;-15.3216;31.5491;274.991;-231.258
27.6911;-15.5061;31.7369;275.207;-231.443
27.7907;-15.6804;31.9092;275.407;-231.617
27.9009;-15.8527;32.0899;275.612;-231.789
28.0047;-16.0139;32.26;275.804;-231.951
28.1235;-16.1766;32.444;276.005;-232.113
28.248;-16.3349;32.631;276.205;-232.272
28.3689;-16.4805;32.8086;276.393;-232.417
28.4952;-16.6535;33.0048;276.607;-232.59
28.6178;-16.8176;33.1935;276.811;-232.754
28.7288;-16.9719;33.3675;277.001;-232.909
28.8433;-17.1233;33.5431;277.19;-233.06
28.9486;-17.292;33.72;277.389;-233.229
29.0559;-17.4572;33.8969;277.586;-233.394
29.1627;-17.6281;34.0766;277.788;-233.565
29.2575;-17.8007;34.2471;277.984;-233.737
29.3529;-17.9739;34.4187;278.181;-233.911
29.4497;-18.147;34.5919;278.379;-234.084
29.5362;-18.33;34.7617;278.58;-234.267
29.6218;-18.5112;34.9301;278.779;-234.448
29.7173;-18.7051;35.1141;278.994;-234.642
29.7948;-18.8679;35.2665;279.172;-234.805
29.874;-19.056;35.4342;279.373;-234.993
29.9423;-19.2427;35.5925;279.567;-235.179

-29.9792;-19.4135;35.7161;279.754;-235.35
-29.8881;-19.5942;35.7384;279.955;-235.531
-29.7902;-19.8042;35.7724;280.184;-235.741
-29.7075;-19.9845;35.8039;280.381;-235.921
-29.6223;-20.1777;35.8416;280.589;-236.114
-29.5341;-20.3593;35.8715;280.79;-236.296
-29.4525;-20.5455;35.9106;280.991;-236.482
-29.3723;-20.7289;35.9503;281.188;-236.666
-29.3021;-20.9005;35.9923;281.371;-236.837
-29.2289;-21.0854;36.0406;281.566;-237.022
-29.1552;-21.2622;36.0847;281.754;-237.199
