#1 AntPos X;#2 AntPos Y;#3 Distance form nest;#4 Total Distance;#5 Total Y Distance
-13.3904;-11.7347;17.8047;0.189222;0.170961
-13.4628;-11.5494;17.7379;0.387939;0.356314
-13.5431;-11.3492;17.6697;0.603595;0.556511
-13.6139;-11.1753;17.6132;0.791345;0.730397
-13.6846;-10.9834;17.5471;0.995691;0.922284
-13.7559;-10.7985;17.4881;1.19388;1.10721
-13.8013;-10.6038;17.4045;1.39168;1.30183
-13.8577;-10.4065;17.3301;1.5963;1.49915
-13.9097;-10.2185;17.2597;1.79084;1.68721
-13.9564;-10.025;17.1838;1.98889;1.88068
-14.0044;-9.83144;17.1108;2.18759;2.07424
-14.0523;-9.65028;17.0469;2.37463;2.2554
-14.0892;-9.45786;16.9693;2.56904;2.44782
-14.1273;-9.26375;16.8937;2.76565;2.64193
-14.1606;-9.06534;16.8137;2.96515;2.84034
-14.1979;-8.85528;16.7331;3.17718;3.05039
-14.232;-8.65891;16.6591;3.37532;3.24677
-14.2861;-8.48237;16.6145;3.55992;3.42331
-14.3609;-8.30006;16.5869;3.75582;3.60562
-14.4437;-8.09596;16.5579;3.97501;3.80971
-14.5341;-7.90917;16.5468;4.17997;3.99651
-14.6037;-7.71237;16.5151;4.38853;4.19331
-14.6718;-7.52872;16.4907;4.58411;4.37696
-14.7481;-7.34448;16.4757;4.78272;4.56119
-14.8268;-7.16257;16.4662;4.97992;4.7431
-14.9046;-6.9829;16.4593;5.1748;4.92277
-14.9934;-6.81879;16.4711;5.3584;5.08689
-15.0748;-6.66764;16.4835;5.52755;5.23804
-15.1695;-6.52528;16.5134;5.69287;5.3804
-15.265;-6.36933;16.5406;5.87162;5.53634
-15.3637;-6.18405;16.5616;6.07927;5.72163
-15.4618;-6.00015;16.5852;6.28558;5.90553
-15.5568;-5.81812;16.6092;6.48919;6.08756
-15.6391;-5.6229;16.6192;6.70083;6.28278
-15.732;-5.43602;16.6447;6.9084;6.46966
-15.8284;-5.2445;16.6746;7.12158;6.66117
-15.9185;-5.06579;16.7051;7.32064;6.83989
-16.0097;-4.88599;16.7386;7.52115;7.01969
-16.0966;-4.70222;16.7694;7.72392;7.20346
-16.1905;-4.53732;16.8143;7.91164;7.36836
-16.3004;-4.36416;16.8745;8.11301;7.54152
-16.4053;-4.21039;16.9369;8.29471;7.69529
-16.5007;-4.04384;16.989;8.48489;7.86184
-16.6018;-3.90385;17.0546;8.65273;8.00182
-16.7198;-3.741;17.1332;8.84834;8.16468
-16.8452;-3.56342;17.218;9.06068;8.34226
-16.9619;-3.38848;17.2971;9.26737;8.5172
-17.0736;-3.21662;17.374;9.46941;8.68906
-17.1772;-3.05441;17.4467;9.65947;8.85127
-17.2982;-2.89039;17.538;9.85832;9.01529
-17.4158;-2.73293;17.629;10.05;9.17275
-17.5472;-2.5755;17.7352;10.2475;9.33018
-17.7082;-2.43726;17.8751;10.4403;9.46842
-17.8613;-2.3086;18.0099;10.6219;9.59708
-18.0101;-2.17838;18.1413;10.8036;9.72729
-18.1481;-2.04725;18.2632;10.9819;9.85843
-18.3028;-1.92178;18.4035;11.163;9.9839
-18.4623;-1.79564;18.5494;11.3475;10.11
-18.617;-1.66721;18.6915;11.5324;10.2385
-18.7672;-1.53385;18.8298;11.7202;10.3718
-18.9112;-1.40874;18.9636;11.8982;10.4969
-19.0553;-1.28459;19.0986;12.0758;10.6211
-19.2025;-1.16481;19.2378;12.2514;10.7409
-19.3572;-1.03622;19.3849;12.4387;10.8695
-19.5156;-0.906209;19.5366;12.6296;10.9995
-19.6655;-0.777496;19.6809;12.8155;11.1282
-19.8175;-0.646314;19.828;13.005;11.2594
-19.9928;-0.513602;19.9994;13.2079;11.3921
-20.1507;-0.391805;20.1545;13.3931;11.5139
-20.2972;-0.282657;20.2992;13.5619;11.623
-20.4614;-0.170822;20.4622;13.7426;11.7349
-20.6555;-0.0789002;20.6557;13.9226;11.8268
-20.809;0.00921385;20.809;14.0787;11.9149
-20.9848;0.107736;20.9851;14.256;12.0134
-21.163;0.207878;21.1641;14.4367;12.1136
-21.3475;0.298076;21.3496;14.6131;12.2038
-21.4925;0.382744;21.4959;14.7638;12.2884
-21.6653;0.47937;21.6706;14.9402;12.385
-21.8368;0.582617;21.8446;15.122;12.4883
-21.9953;0.685259;22.006;15.2963;12.5909
-22.1717;0.814995;22.1866;15.5034;12.7207
-22.3313;0.934283;22.3509;15.6927;12.84
-22.4947;1.02045;22.5179;15.8574;12.9261
-22.6711;1.11277;22.6984;16.035;13.0185
-22.838;1.21421;22.8702;16.215;13.1199
-22.998;1.32525;23.0362;16.399;13.2309
-23.149;1.43031;23.1931;16.5731;13.336
-23.3076;1.53264;23.358;16.7498;13.4383
-23.4681;1.65013;23.526;16.9399;13.5558
-23.6582;1.75121;23.7229;17.1351;13.6569
-23.8417;1.83956;23.9126;17.3165;13.7452
-24.0351;1.91461;24.1113;17.4941;13.8203
-24.2267;1.98864;24.3082;17.6703;13.8943
-24.4168;2.05069;24.5028;17.8369;13.9564
-24.6026;2.12233;24.694;18.009;14.028
-24.7916;2.1999;24.889;18.1882;14.1056
-24.9985;2.28035;25.1023;18.3815;14.186
-25.1812;2.35937;25.2914;18.5589;14.265
-25.3793;2.42553;25.4949;18.7368;14.3312
-25.5683;2.49643;25.6898;18.913;14.4021
-25.7554;2.56557;25.8829;19.0872;14.4712
-25.9222;2.65722;26.0581;19.2656;14.5629
-26.103;2.75954;26.2484;19.4614;14.6652
-26.2752;2.85403;26.4297;19.6459;14.7597
-26.4587;2.94492;26.6221;19.8355;14.8506
-26.6549;3.03295;26.8269;20.0316;14.9386
-26.8404;3.11323;27.0203;20.2152;15.0189
-27.0258;3.19094;27.2136;20.3973;15.0966
-27.1895;3.26033;27.3843;20.5589;15.166
-27.376;3.3336;27.5782;20.739;15.2393
-27.5449;3.42042;27.7564;20.9174;15.3261
-27.7237;3.51228;27.9453;21.1065;15.418
-27.9077;3.59468;28.1382;21.2925;15.5004
-28.0782;3.6805;28.3184;21.4721;15.5862
-28.2715;3.7548;28.5198;21.6591;15.6605
-28.4561;3.82657;28.7123;21.8387;15.7322
-28.6374;3.90518;28.9025;22.0212;15.8109
-28.8202;3.9843;29.0943;22.2054;15.89
-29.0049;4.07649;29.29;22.4005;15.9822
-29.1798;4.15823;29.4746;22.5814;16.0639
-29.3778;4.23875;29.6821;22.778;16.1444
-29.5613;4.31563;29.8747;22.9621;16.2213
-29.7472;4.38667;30.0689;23.144;16.2923
-29.9263;4.47802;30.2595;23.3356;16.3837

29.8903;4.58431;30.2398;23.5409;16.49
29.715;4.68513;30.0821;23.7366;16.5908
29.5486;4.76589;29.9305;23.9121;16.6716
29.377;4.85305;29.7752;24.096;16.7587
29.1875;4.93541;29.6019;24.2895;16.8411
29.0031;5.03482;29.4369;24.4914;16.9405
28.8154;5.12668;29.2679;24.6906;17.0324
28.6302;5.22797;29.1036;24.8946;17.1336
28.4473;5.32283;28.941;25.0927;17.2285
28.2709;5.4147;28.7847;25.2841;17.3204
28.0983;5.50808;28.6331;25.4738;17.4138
27.9273;5.5994;28.4831;25.6611;17.5051
27.7537;5.68819;28.3306;25.8486;17.5939
27.5696;5.80288;28.1737;26.0616;17.7086
27.4032;5.91295;28.0339;26.2585;17.8186
27.2346;6.02766;27.8937;26.4602;17.9333
27.0912;6.13318;27.7768;26.6372;18.0389
26.9307;6.2508;27.6466;26.835;18.1565
26.7676;6.36973;27.515;27.0355;18.2754
26.6101;6.49496;27.3913;27.2362;18.4006
26.4728;6.59004;27.2807;27.4017;18.4957
26.3127;6.70292;27.153;27.5961;18.6086
26.1568;6.79556;27.0251;27.7737;18.7012
25.9824;6.89725;26.8823;27.9711;18.8029
25.8261;6.99844;26.7575;28.1549;18.9041
25.647;7.10659;26.6134;28.3602;19.0123
25.4675;7.21734;26.4705;28.5677;19.123
25.2973;7.32278;26.3358;28.7648;19.2285
25.1258;7.43451;26.2027;28.967;19.3402
24.9601;7.54481;26.0755;29.164;19.4505
24.7927;7.65519;25.9477;29.3623;19.5609
24.5999;7.75354;25.7929;29.5717;19.6592
24.4191;7.849;25.6496;29.7703;19.7547
24.2631;7.96046;25.5356;29.961;19.8661
24.0965;8.08439;25.4165;30.1678;19.9901
23.9263;8.21501;25.2973;30.3819;20.1207
23.7662;8.3266;25.1826;30.5758;20.2323
23.6036;8.43968;25.0671;30.7725;20.3454
23.4264;8.56434;24.9428;30.9879;20.47
23.263;8.67677;24.8285;31.1848;20.5825
23.09;8.77941;24.7028;31.3825;20.6851
22.9085;8.87958;24.5692;31.5851;20.7853
22.7297;8.97373;24.437;31.7817;20.8794
22.5553;9.04881;24.3028;31.9625;20.9545
22.3791;9.13515;24.1718;32.1523;21.0408
22.2072;9.24595;24.0551;32.3547;21.1516
22.0349;9.35675;23.9392;32.5576;21.2624
21.8697;9.47001;23.832;32.7567;21.3757
21.7155;9.60877;23.7464;32.964;21.5144
21.5648;9.73595;23.6607;33.1613;21.6416
21.392;9.86158;23.5556;33.3742;21.7673
21.2302;9.97986;23.4588;33.574;21.8855
21.0689;10.1006;23.365;33.775;22.0063
20.9201;10.2197;23.2829;33.9655;22.1253
20.7606;10.344;23.1948;34.1675;22.2497
20.5774;10.4594;23.0831;34.3817;22.3651
20.4028;10.5676;22.9772;34.5847;22.4733
20.2388;10.6733;22.8807;34.7781;22.579
20.0676;10.7656;22.773;34.9682;22.6713
19.9149;10.8533;22.6803;35.1413;22.7589
19.7386;10.9555;22.5751;35.3419;22.8612
19.5661;11.0554;22.4734;35.538;22.9611
19.3982;11.1598;22.3792;35.7337;23.0654
19.2247;11.2534;22.2762;35.9266;23.1591
19.0507;11.318;22.1591;36.1014;23.2237
18.8621;11.3791;22.0287;36.2851;23.2847
18.6681;11.4404;21.8948;36.4734;23.3461
18.4629;11.4893;21.7459;36.6624;23.395
18.2737;11.5365;21.6106;36.8383;23.4421
18.083;11.5862;21.4764;37.0171;23.4919
17.8915;11.6371;21.3431;37.1975;23.5428
17.7003;11.7014;21.2185;37.3863;23.6071
17.5231;11.7692;21.1086;37.5666;23.6749
17.3313;11.8433;20.9914;37.7623;23.749
17.1081;11.9105;20.8458;37.9781;23.8162
16.9154;11.9713;20.723;38.1665;23.877
16.7241;12.0324;20.6027;38.354;23.938
16.5366;12.0785;20.478;38.5293;23.9841
16.3425;12.1265;20.3502;38.7112;24.0322
16.1482;12.1742;20.2231;38.8932;24.0798
15.95;12.2229;20.0948;39.0791;24.1285
15.7637;12.2993;19.9942;39.2728;24.2049
15.587;12.3739;19.9015;39.458;24.2795
15.3985;12.4526;19.8036;39.655;24.3583
15.2209;12.5458;19.725;39.8525;24.4515
15.0372;12.6348;19.6406;40.0522;24.5405
14.8576;12.72;19.5588;40.2463;24.6257
14.6777;12.8062;19.479;40.4414;24.7118
14.5191;12.8697;19.4019;40.6058;24.7754
14.3389;12.955;19.3245;40.8006;24.8607
14.1612;13.0344;19.2467;40.9899;24.9401
13.9817;13.1444;19.1901;41.1993;25.0501
13.8256;13.2556;19.1536;41.3908;25.1613
13.6569;13.3846;19.1222;41.6033;25.2903
13.4929;13.4981;19.0855;41.8024;25.4038
13.3218;13.6162;19.0492;42.0101;25.5219
13.1424;13.7292;19.0057;42.2212;25.6349
12.9854;13.8286;18.9698;42.4063;25.7343
12.8198;13.9348;18.9348;42.6024;25.8405
12.6363;14.0416;18.8903;42.8131;25.9473
12.4663;14.1311;18.844;43.0025;26.0368
12.3232;14.2242;18.8199;43.1728;26.1298
12.1535;14.3175;18.7802;43.3644;26.2231
11.9668;14.4185;18.7376;43.5742;26.3242
11.7939;14.5122;18.7002;43.7686;26.4179
11.6088;14.5938;18.6479;43.9655;26.4995
11.4446;14.6707;18.6067;44.1428;26.5764
11.2626;14.7601;18.5663;44.342;26.6658
11.0903;14.8637;18.5452;44.5419;26.7694
10.9194;14.9757;18.5339;44.7459;26.8814
10.7716;15.0974;18.5461;44.9371;27.0031
10.6176;15.2016;18.5424;45.1229;27.1073
10.4608;15.3171;18.5484;45.3175;27.2228
10.2892;15.4166;18.5348;45.5145;27.3222
10.1316;15.5194;18.5338;45.7023;27.4251
9.94108;15.6349;18.5277;45.924;27.5405
9.76962;15.7366;18.5226;46.1222;27.6423
9.56526;15.8382;18.5025;46.3467;27.7439
9.38749;15.926;18.4868;46.5417;27.8317
9.22518;16.0185;18.4851;46.7271;27.9242
9.04487;16.1114;18.4766;46.9272;28.0171
8.85474;16.1888;18.4522;47.1259;28.0944
8.66198;16.259;18.4224;47.3226;28.1647
8.46171;16.3374;18.3987;47.5303;28.2431
8.28597;16.417;18.3895;47.7189;28.3227
8.11582;16.4953;18.3837;47.9023;28.401
7.95965;16.5789;18.3907;48.0777;28.4846
7.78074;16.6807;18.4061;48.2821;28.5864
7.6028;16.7865;18.428;48.4882;28.6922
7.4446;16.8713;18.4408;48.6659;28.7769
7.26114;16.9564;18.4457;48.8642;28.8621
7.08176;17.0389;18.452;49.0577;28.9446
6.901;17.1227;18.461;49.253;29.0283
6.71827;17.2025;18.4679;49.4478;29.1082
6.54633;17.2543;18.4544;49.6172;29.1599
6.36403;17.3163;18.4487;49.8012;29.222
6.17432;17.3819;18.4459;49.9934;29.2876
5.98587;17.4556;18.4534;50.1893;29.3613
5.81253;17.516;18.4553;50.3652;29.4217
5.61089;17.5716;18.4456;50.5614;29.4772
5.41999;17.6153;18.4303;50.7421;29.521
5.22353;17.6471;18.404;50.9204;29.5528
5.01549;17.7052;18.4019;51.1236;29.6109
4.82362;17.7556;18.3991;51.3092;29.6612
4.63446;17.8129;18.4059;51.4968;29.7185
4.43685;17.8713;18.4138;51.6919;29.7769
4.20889;17.9186;18.4063;51.9056;29.8243
4.00572;17.9298;18.3719;52.0784;29.8355
3.80593;17.9466;18.3457;52.2519;29.8523
3.61019;17.9651;18.3243;52.4232;29.8708
3.41409;17.9667;18.2882;52.5854;29.8724
3.20081;17.9609;18.2439;52.7578;29.8666
2.99998;17.9808;18.2294;52.9347;29.8865
2.80094;18.0006;18.2172;53.1102;29.9063
2.57558;18.0022;18.1855;53.2975;29.9079
2.37904;18.0006;18.1572;53.4594;29.9063
2.18596;18.0092;18.1414;53.6243;29.9149
1.96836;18.0206;18.1278;53.8114;29.9263
1.76947;18.0218;18.1085;53.9775;29.9275
1.57386;18.0102;18.0788;54.1339;29.9158
1.36468;18.0003;18.052;54.303;29.906
1.17613;18.0033;18.0417;54.4621;29.909
0.976104;18.0278;18.0542;54.6428;29.9335
0.784605;18.0413;18.0583;54.8105;29.947
0.584009;18.0567;18.0661;54.987;29.9624
0.384951;18.0814;18.0855;55.1674;29.9871
0.185218;18.1037;18.1047;55.3473;30.0094
-0.0270099;18.1134;18.1134;55.5309;30.019
-0.230246;18.1218;18.1232;55.7066;30.0275
-0.440255;18.1418;18.1472;55.8943;30.0475
-0.629441;18.1636;18.1745;56.0656;30.0693
-0.827803;18.1862;18.205;56.2452;30.0919
-1.03707;18.2118;18.2413;56.4358;30.1174
-1.23651;18.2358;18.2777;56.6174;30.1415
-1.43517;18.2638;18.3201;56.8005;30.1695
-1.62723;18.3004;18.3726;56.9827;30.2061
-1.82114;18.3443;18.4345;57.1704;30.25
-2.0311;18.3759;18.4878;57.3653;30.2816
-2.22899;18.4056;18.5401;57.5492;30.3113
-2.43854;18.4341;18.5947;57.7424;30.3398
-2.64399;18.4644;18.6527;57.9331;30.37
-2.86369;18.486;18.7064;58.1316;30.3916
-3.05736;18.5195;18.7702;58.3143;30.4252
-3.25776;18.5459;18.8299;58.4991;30.4516
-3.45804;18.5638;18.8831;58.6795;30.4694
-3.66193;18.5736;18.9311;58.8589;30.4792
-3.86004;18.5757;18.9725;59.0295;30.4813
-4.06055;18.5509;18.9901;59.1886;30.4566
-4.26475;18.53;19.0144;59.353;30.4356
-4.45969;18.5157;19.0452;59.5132;30.4214
-4.6569;18.5002;19.0773;59.6749;30.4059
-4.8609;18.4628;19.092;59.8315;30.3685
-5.07706;18.4263;19.1129;59.9994;30.332
-5.32561;18.3754;19.1316;60.1883;30.2811
-5.5175;18.3227;19.1354;60.3278;30.2283
-5.6993;18.2691;19.1375;60.4585;30.1748
-5.8991;18.2107;19.1423;60.6026;30.1163
-6.0868;18.1557;19.1489;60.7384;30.0614
-6.30261;18.0863;19.153;60.8918;29.992
-6.49363;18.0287;19.1625;61.0298;29.9344
-6.69951;17.9493;19.1588;61.1705;29.855
-6.87614;17.873;19.1501;61.2876;29.7787
-7.06614;17.7839;19.1363;61.4106;29.6896
-7.23582;17.7071;19.1285;61.5222;29.6128
-7.42008;17.6092;19.1087;61.6368;29.5149
-7.59607;17.5155;19.0917;61.7467;29.4211
-7.76189;17.418;19.0691;61.8462;29.3236
-7.92342;17.316;19.0427;61.9403;29.2217
-8.0913;17.2095;19.0167;62.0383;29.1151
-8.26461;17.0906;18.984;62.1359;28.9963
-8.42558;16.958;18.9358;62.2166;28.8636
-8.60742;16.8258;18.8997;62.3168;28.7315
-8.77007;16.7105;18.872;62.4081;28.6161
-8.92592;16.5927;18.8412;62.4929;28.4984
-9.08979;16.4844;18.8245;62.5896;28.3901
-9.25712;16.376;18.8113;62.6898;28.2816
-9.42388;16.2731;18.8049;62.7924;28.1788
-9.59099;16.1667;18.7976;62.8942;28.0724
-9.75964;16.0601;18.793;62.9978;27.9658
-9.92959;15.9535;18.7912;63.103;27.8591
-10.1077;15.852;18.8003;63.2182;27.7577
-10.2804;15.7545;18.812;63.3308;27.6602
-10.4611;15.6545;18.8281;63.4499;27.5602
-10.6565;15.5545;18.8548;63.5827;27.4602
-10.8457;15.4424;18.8705;63.7052;27.3481
-11.0181;15.3525;18.897;63.8225;27.2582
-11.1964;15.2628;18.9291;63.9456;27.1685
-11.3815;15.1741;18.9681;64.0756;27.0797
-11.562;15.0869;19.0077;64.2026;26.9926
-11.7331;14.9957;19.0404;64.3197;26.9014
-11.9147;14.9013;19.079;64.4454;26.8069
-12.117;14.8149;19.1391;64.5936;26.7206
-12.3475;14.7254;19.2171;64.7666;26.631
-12.529;14.6539;19.2798;64.9028;26.5596
-12.729;14.5846;19.3582;65.0572;26.4903
-12.9164;14.5271;19.4389;65.2051;26.4328
-13.0987;14.4653;19.5146;65.3467;26.371
-13.2857;14.3998;19.5924;65.4915;26.3054
-13.4401;14.314;19.6349;65.5987;26.2197
-13.6156;14.2161;19.6846;65.7206;26.1218
-13.7903;14.1141;19.7327;65.8406;26.0198
-13.958;14.0069;19.7742;65.9524;25.9126
-14.1267;13.8993;19.818;66.0655;25.805
-14.292;13.7941;19.863;66.1768;25.6998
-14.4565;13.6842;19.906;66.2859;25.5899
-14.6233;13.5768;19.9542;66.3985;25.4825
-14.7819;13.4613;19.9928;66.5008;25.3669
-14.935;13.3303;20.0188;66.5926;25.236
-15.0857;13.1997;20.0452;66.6829;25.1053
-15.2366;13.0684;20.0733;66.7734;24.9741
-15.3848;12.9373;20.1014;66.8621;24.843
-15.5311;12.8155;20.1358;66.9529;24.7212
-15.6852;12.6876;20.1743;67.0491;24.5933
-15.8694;12.5744;20.2473;67.1792;24.4801
-16.0654;12.4621;20.3323;67.3209;24.3678
-16.2339;12.3706;20.4101;67.4451;24.2763
-16.4113;12.2863;20.5008;67.5804;24.1919
-16.5916;12.1891;20.5878;67.7141;24.0948
-16.7671;12.0871;20.6696;67.842;23.9927
-16.9234;11.9986;20.7453;67.9571;23.9042
-17.0961;11.899;20.8294;68.0839;23.8047
-17.2719;11.7999;20.9178;68.2141;23.7055
-17.4565;11.7023;21.016;68.3535;23.608
-17.6364;11.6139;21.117;68.492;23.5196
-17.819;11.5544;21.2372;68.643;23.4601
-18.0128;11.4967;21.3691;68.8056;23.4024
-18.2194;11.4443;21.5155;68.9822;23.35
-18.4233;11.4024;21.6664;69.1599;23.308
-18.6168;11.3793;21.8191;69.3344;23.285
-18.7972;11.37;21.9684;69.5012;23.2757
-18.9811;11.3442;22.1128;69.6659;23.2499
-19.208;11.3201;22.2956;69.8719;23.2258
-19.4349;11.2951;22.4787;70.0775;23.2008
-19.6315;11.27;22.6365;70.2549;23.1757
-19.8373;11.2386;22.7997;70.4388;23.1443
-20.0392;11.205;22.9591;70.6185;23.1107
-20.2454;11.1719;23.1233;70.8026;23.0776
-20.4447;11.1415;23.2834;70.9812;23.0472
-20.6558;11.108;23.4531;71.17;23.0136
-20.8558;11.0764;23.6147;71.3492;22.9821
-21.0467;11.0394;23.7662;71.518;22.9451
-21.238;10.9983;23.9168;71.6861;22.904
-21.4306;10.9586;24.0699;71.856;22.8642
-21.6309;10.9305;24.2358;72.037;22.8362
-21.8307;10.9023;24.4016;72.2176;22.8079
-22.0259;10.9013;24.576;72.4025;22.807
-22.2368;10.9007;24.7649;72.6025;22.8063
-22.4401;10.914;24.9535;72.7998;22.8197
-22.6414;10.9228;25.1385;72.9937;22.8285
-22.8471;10.931;25.3274;73.1916;22.8367
-23.0543;10.9262;25.5124;73.387;22.8319
-23.2501;10.9117;25.6833;73.5687;22.8174
-23.4353;10.9346;25.8608;73.7518;22.8403
-23.6241;10.9593;26.0424;73.939;22.865
-23.8147;10.9648;26.2177;74.122;22.8705
-23.993;10.9305;26.3655;74.281;22.8361
-24.1702;10.9209;26.5229;74.4467;22.8265
-24.3639;10.9037;26.6925;74.6258;22.8094
-24.5802;10.9273;26.8996;74.839;22.8329
-24.7748;10.9581;27.0901;75.0338;22.8638
-24.9834;10.9917;27.2944;75.2427;22.8973
-25.1785;11.0154;27.4827;75.4358;22.9211
-25.3773;11.0435;27.6761;75.6337;22.9492
-25.5705;11.0678;27.863;75.8252;22.9734
-25.7662;11.1145;28.0612;76.0259;23.0202
-25.9494;11.1616;28.2481;76.2147;23.0673
-26.1403;11.218;28.4457;76.4137;23.1237
-26.3334;11.2758;28.6459;76.6152;23.1814
-26.5532;11.3331;28.8705;76.842;23.2387
-26.7414;11.3845;29.0638;77.037;23.2901
-26.938;11.4382;29.2658;77.2406;23.3439
-27.1326;11.4977;29.4682;77.4441;23.4034
-27.3158;11.5672;29.664;77.6397;23.4729
-27.503;11.6366;29.8635;77.8392;23.5423
-27.6917;11.7017;30.0626;78.0388;23.6074
-27.8873;11.7596;30.2653;78.2427;23.6653
-28.0778;11.8142;30.4621;78.4408;23.7198
-28.2735;11.8813;30.6685;78.6476;23.787
-28.4631;11.9423;30.8669;78.8467;23.848
-28.6534;12.0032;31.066;79.0466;23.9089
-28.8137;12.0634;31.2371;79.2176;23.9691
-28.9739;12.1113;31.4033;79.3847;24.017
-29.156;12.1688;31.5936;79.5758;24.0745
-29.3428;12.2521;31.7981;79.779;24.1578
-29.5279;12.3247;31.9968;79.9774;24.2304
-29.7206;12.3893;32.1995;80.1805;24.2949
-29.9104;12.4529;32.3991;80.3807;24.3585

29.9308;12.5227;32.4449;80.5532;24.4284
29.7515;12.5972;32.3085;80.7467;24.5029
29.5604;12.6688;32.1608;80.9504;24.5745
29.3729;12.7335;32.0142;81.1488;24.6392
29.1986;12.7895;31.8768;81.3319;24.6952
28.9919;12.8511;31.7125;81.5476;24.7568
28.8041;12.9164;31.5675;81.7463;24.8221
28.6189;12.9823;31.4258;81.9428;24.888
28.4205;13.0587;31.277;82.155;24.9644
28.2317;13.1346;31.1375;82.3579;25.0403
28.0665;13.2098;31.0198;82.5381;25.1155
27.8826;13.2919;30.8888;82.7383;25.1976
27.716;13.3646;30.7699;82.9192;25.2702
27.5557;13.4306;30.6545;83.0919;25.3363
27.3697;13.5042;30.5199;83.2915;25.4099
27.1899;13.5804;30.3927;83.486;25.486
27.008;13.6673;30.2692;83.6858;25.573
26.829;13.7523;30.1484;83.8822;25.658
26.6344;13.8502;30.0203;84.0974;25.7559
26.4627;13.9377;29.9087;84.2877;25.8433
26.2513;14.0205;29.7608;84.5143;25.9262
26.074;14.094;29.6395;84.7055;25.9997
25.8637;14.1659;29.4891;84.9277;26.0716
25.6735;14.2455;29.3609;85.1333;26.1512
25.4899;14.3228;29.2383;85.3317;26.2285
25.2921;14.3949;29.1015;85.5421;26.3005
25.0979;14.4641;28.9675;85.7481;26.3698
24.9194;14.5182;28.8401;85.9347;26.4239
24.7423;14.5637;28.7103;86.1172;26.4694
24.533;14.6241;28.561;86.3349;26.5298
24.3579;14.667;28.4329;86.5146;26.5726
24.1727;14.7079;28.2956;86.7035;26.6136
23.9723;14.7519;28.1477;86.9077;26.6576
23.7772;14.7951;28.0045;87.1067;26.7008
23.5878;14.8264;27.8605;87.2965;26.7321
23.3838;14.8648;27.7085;87.5025;26.7704
23.189;14.9013;27.5641;87.6991;26.807
22.9901;14.9464;27.4215;87.9024;26.8521
22.7903;14.9683;27.2662;88.0993;26.874
22.5895;14.9955;27.1137;88.2988;26.9012
22.3949;15.0157;26.963;88.4903;26.9213
22.1993;15.0456;26.8175;88.6857;26.9513
22.0022;15.0903;26.6798;88.8872;26.996
21.8066;15.1404;26.5473;89.0887;27.0461
21.5975;15.1925;26.4057;89.3037;27.0981
21.4019;15.2516;26.2803;89.508;27.1573
21.2112;15.3086;26.1585;89.707;27.2143
21.0241;15.3753;26.0464;89.9056;27.281
20.811;15.4366;25.9111;90.1272;27.3423
20.6145;15.5093;25.7972;90.3366;27.415
20.4205;15.5796;25.685;90.5427;27.4853
20.2048;15.6416;25.5518;90.7671;27.5473
19.9945;15.7098;25.4279;90.9881;27.6155
19.7953;15.7573;25.3011;91.1924;27.663
19.5994;15.801;25.1755;91.3923;27.7067
19.4037;15.8379;25.0468;91.59;27.7436
19.2169;15.8657;24.9201;91.7764;27.7714
19.0209;15.8748;24.775;91.966;27.7804
18.817;15.8753;24.6192;92.1605;27.781
18.6141;15.8656;24.4582;92.351;27.7712
18.416;15.8789;24.3165;92.544;27.7846
18.2367;15.8927;24.1899;92.7192;27.7983
18.0414;15.9054;24.0515;92.9094;27.8111
17.8343;15.9204;23.9065;93.1115;27.8261
17.6365;15.9498;23.779;93.309;27.8555
17.4424;15.9647;23.6455;93.4987;27.8704
17.243;15.9796;23.5089;93.6935;27.8853
17.0411;15.9916;23.3694;93.8899;27.8973
16.8433;15.9978;23.2299;94.0806;27.9035
16.6432;16.0038;23.0893;94.2734;27.9094
16.4519;16.0143;22.9591;94.4593;27.92
16.2385;16.0133;22.806;94.6629;27.919
16.0324;16.0258;22.6686;94.8635;27.9315
15.8108;16.0331;22.5176;95.0775;27.9388
15.6195;16.0501;22.3958;95.2653;27.9557
15.4008;16.0767;22.2631;95.4822;27.9824
15.199;16.0948;22.1371;95.6805;28.0005
14.9988;16.1158;22.0156;95.878;28.0215
14.795;16.1324;21.8894;96.0779;28.0381
14.5955;16.1483;21.7669;96.2733;28.054
14.3788;16.1655;21.635;96.4856;28.0712
14.1843;16.1766;21.5145;96.6749;28.0823
13.96;16.1916;21.3787;96.8939;28.0973
13.765;16.2056;21.2625;97.0846;28.1113
13.5743;16.2092;21.1424;97.2682;28.1149
13.3818;16.2101;21.02;97.4528;28.1158
13.1894;16.2114;20.899;97.6374;28.117
13.0001;16.2128;20.7812;97.8191;28.1185
12.8016;16.2156;20.6598;98.01;28.1213
12.5993;16.2175;20.5366;98.2044;28.1232
12.4134;16.2111;20.418;98.3806;28.1168
12.2131;16.1827;20.2741;98.5645;28.0884
12.0342;16.1528;20.1429;98.7276;28.0585
11.8371;16.1198;19.9991;98.9071;28.0255
11.6409;16.0873;19.8573;99.0861;27.993
11.461;16.0511;19.7229;99.2485;27.9567
11.2879;16.019;19.5965;99.4056;27.9247
11.078;15.9645;19.4316;99.5918;27.8702
10.8723;15.9036;19.2648;99.7723;27.8093
10.679;15.8716;19.1298;99.9491;27.7773
10.4811;15.8384;18.9923;100.13;27.744
10.2859;15.8091;18.8607;100.309;27.7148
10.0871;15.7778;18.7267;100.492;27.6835
9.88393;15.751;18.5953;100.68;27.6566
9.68711;15.7141;18.46;100.859;27.6197
9.49324;15.6681;18.3197;101.033;27.5737
9.29722;15.6291;18.1853;101.211;27.5347
9.09063;15.5968;18.0527;101.401;27.5024
8.89428;15.5638;17.926;101.581;27.4695
8.70437;15.5231;17.797;101.753;27.4288
8.50866;15.481;17.6652;101.93;27.3867
8.31351;15.4012;17.5017;102.097;27.3068
8.12735;15.3202;17.3425;102.254;27.2259
7.9436;15.2694;17.2121;102.418;27.1751
7.74391;15.2525;17.1058;102.606;27.1582
7.53694;15.2231;16.9867;102.798;27.1288
7.33128;15.2077;16.8826;102.992;27.1134
7.1135;15.1788;16.763;103.195;27.0845
6.93388;15.1601;16.6706;103.363;27.0658
6.74814;15.141;16.5767;103.538;27.0467
6.55002;15.12;16.4778;103.723;27.0257
6.37605;15.0803;16.3728;103.881;26.986
6.17649;15.0468;16.2651;104.065;26.9524
5.98326;15.0508;16.1964;104.253;26.9564
5.78352;15.0555;16.1281;104.447;26.9612
5.60557;15.0608;16.0701;104.62;26.9664
5.41725;15.0964;16.039;104.811;27.0021
5.22557;15.1344;16.0111;105.006;27.04
5.00549;15.1617;15.9666;105.226;27.0673
4.80609;15.1777;15.9205;105.423;27.0834
4.59846;15.1975;15.878;105.629;27.1032
4.40782;15.2263;15.8514;105.82;27.1319
4.21068;15.248;15.8187;106.016;27.1536
4.0211;15.2678;15.7884;106.205;27.1734
3.81639;15.2626;15.7325;106.401;27.1683
3.61641;15.2551;15.6779;106.593;27.1608
3.41617;15.2526;15.6305;106.786;27.1583
3.21758;15.2537;15.5893;106.978;27.1593
3.03116;15.2781;15.5759;107.165;27.1838
2.82627;15.3089;15.5676;107.371;27.2146
2.62503;15.3395;15.5625;107.573;27.2452
2.42604;15.371;15.5613;107.774;27.2767
2.23577;15.4078;15.5692;107.967;27.3135
2.04367;15.448;15.5826;108.163;27.3536
1.86365;15.4992;15.6108;108.35;27.4048
1.66981;15.5539;15.6433;108.551;27.4596
1.45717;15.6162;15.684;108.773;27.5219
1.26594;15.6773;15.7283;108.973;27.5829
1.07755;15.739;15.7759;109.171;27.6447
0.884985;15.8053;15.83;109.374;27.711
0.709364;15.87;15.8859;109.561;27.7757
0.53684;15.941;15.9501;109.745;27.8467
0.354328;16.019;16.0229;109.942;27.9246
0.167386;16.0962;16.0971;110.142;28.0019
-0.0226152;16.1681;16.1681;110.344;28.0738
-0.204253;16.2318;16.2331;110.536;28.1375
-0.397841;16.2858;16.2907;110.737;28.1915
-0.595294;16.3397;16.3505;110.942;28.2453
-0.782181;16.3891;16.4077;111.135;28.2948
-0.97928;16.4431;16.4722;111.339;28.3488
-1.15775;16.4908;16.5313;111.524;28.3964
-1.35171;16.5413;16.5964;111.725;28.4469
-1.54151;16.6009;16.6723;111.923;28.5066
-1.74985;16.656;16.7477;112.139;28.5617
-1.96583;16.705;16.8202;112.36;28.6106
-2.14339;16.7183;16.8552;112.535;28.624
-2.33846;16.7367;16.8992;112.729;28.6423
-2.55223;16.7505;16.9438;112.939;28.6562
-2.76181;16.7628;16.9888;113.145;28.6685
-2.9609;16.7738;17.0331;113.34;28.6795
-3.15971;16.778;17.0729;113.534;28.6836
-3.36113;16.7816;17.1149;113.729;28.6873
-3.57337;16.7837;17.1599;113.935;28.6894
-3.78064;16.787;17.2075;114.137;28.6927
-3.98102;16.7908;17.2562;114.332;28.6964
-4.18322;16.7919;17.3052;114.528;28.6976
-4.3783;16.7942;17.3555;114.717;28.6999
-4.57798;16.7963;17.409;114.911;28.702
-4.77318;16.8023;17.4672;115.101;28.708
-4.97256;16.8071;17.5272;115.296;28.7128
-5.1585;16.8058;17.5797;115.475;28.7115
-5.36094;16.8154;17.6493;115.674;28.7211
-5.56368;16.8226;17.7187;115.872;28.7283
-5.76432;16.8293;17.7891;116.068;28.735
-5.94149;16.8425;17.8598;116.243;28.7482
-6.12587;16.8519;17.9308;116.424;28.7576
-6.3234;16.8623;18.009;116.618;28.768
-6.52666;16.8765;18.0946;116.819;28.7822
-6.72287;16.8836;18.1728;117.01;28.7892
-6.92784;16.9032;18.2678;117.214;28.8089
-7.14791;16.9113;18.3599;117.429;28.817
-7.37925;16.9333;18.4713;117.659;28.8389
-7.57662;16.9533;18.5693;117.855;28.859
-7.78095;16.9768;18.675;118.059;28.8825
-7.99243;16.9936;18.7793;118.268;28.8992
-8.19066;17.0102;18.8794;118.465;28.9158
-8.39949;17.0251;18.9843;118.671;28.9308
-8.6272;17.0266;19.0875;118.892;28.9323
-8.82456;17.0301;19.1807;119.084;28.9358
-9.01525;17.0297;19.2687;119.269;28.9353
-9.21209;17.0304;19.3622;119.46;28.936
-9.41659;17.0266;19.4571;119.658;28.9323
-9.60653;17.0184;19.5425;119.84;28.9241
-9.81012;17.0084;19.6348;120.035;28.9141
-10.0231;16.9992;19.7341;120.24;28.9049
-10.2272;16.9933;19.8335;120.436;28.899
-10.4284;16.9791;19.9259;120.628;28.8848
-10.6199;16.9713;20.0202;120.812;28.877
-10.8107;16.955;20.1083;120.994;28.8607
-11.024;16.9625;20.23;121.203;28.8681
-11.2184;16.9721;20.3446;121.394;28.8778
-11.4296;16.9699;20.46;121.598;28.8756
-11.6463;16.9699;20.5819;121.809;28.8756
-11.8378;16.9688;20.6899;121.995;28.8744
-12.0195;16.9888;20.8108;122.176;28.8945
-12.1927;17.0035;20.9232;122.348;28.9092
-12.3954;17.0247;21.0591;122.55;28.9303
-12.5977;17.0486;21.198;122.752;28.9543
-12.807;17.0637;21.3352;122.959;28.9694
-13.0041;17.083;21.4694;123.155;28.9886
-13.2086;17.1185;21.622;123.362;29.0242
-13.3848;17.134;21.7422;123.537;29.0396
-13.5836;17.1556;21.8822;123.735;29.0613
-13.7833;17.1711;22.0188;123.933;29.0767
-13.9828;17.1869;22.1564;124.131;29.0926
-14.185;17.2008;22.2953;124.331;29.1065
-14.3771;17.2359;22.445;124.526;29.1416
-14.5759;17.2761;22.6036;124.728;29.1818
-14.7697;17.325;22.7662;124.928;29.2307
-14.9701;17.3796;22.9381;125.136;29.2853
-15.1609;17.4371;23.1064;125.335;29.3428
-15.371;17.5055;23.2962;125.555;29.4112
-15.5569;17.5671;23.4653;125.75;29.4727
-15.7507;17.6118;23.6275;125.949;29.5175
-15.9229;17.6545;23.7744;126.127;29.5602
-16.1147;17.7074;23.9423;126.325;29.6131
-16.3108;17.7612;24.1144;126.529;29.6669
-16.4874;17.8099;24.2698;126.712;29.7155
-16.6859;17.8393;24.4266;126.912;29.7449
-16.8903;17.8778;24.5946;127.119;29.7834
-17.0889;17.9149;24.7583;127.321;29.8206
-17.289;17.9511;24.9229;127.524;29.8568
-17.5041;18.0041;25.1105;127.746;29.9097
-17.7014;18.0529;25.2833;127.949;29.9585
-17.8843;18.1299;25.4665;128.145;30.0355
-18.0532;18.2185;25.6482;128.33;30.1242
-18.2311;18.3093;25.838;128.524;30.215
-18.4104;18.3978;26.0274;128.719;30.3035
-18.6179;18.4899;26.2393;128.942;30.3956
-18.7968;18.5683;26.4216;129.135;30.474
-18.992;18.6457;26.615;129.343;30.5514
-19.1722;18.7188;26.7949;129.535;30.6245
-19.3601;18.792;26.9806;129.735;30.6977
-19.5581;18.857;27.1681;129.943;30.7626
-19.7499;18.9238;27.3527;130.145;30.8295
-19.9366;18.987;27.5314;130.341;30.8927
-20.1223;19.0452;27.7061;130.535;30.9509
-20.3166;19.1145;27.895;130.741;31.0202
-20.5258;19.1987;28.1052;130.964;31.1044
-20.7179;19.2631;28.2896;131.166;31.1688
-20.9008;19.3173;28.4605;131.356;31.223
-21.0955;19.3708;28.64;131.558;31.2764
-21.2906;19.4223;28.8186;131.76;31.3279
-21.4841;19.4736;28.9963;131.96;31.3793
-21.6782;19.5053;29.1616;132.156;31.411
-21.8701;19.553;29.3364;132.354;31.4587
-22.0502;19.6137;29.5111;132.543;31.5193
-22.2425;19.67;29.6924;132.743;31.5756
-22.4205;19.726;29.8629;132.929;31.6317
-22.6192;19.7913;30.0554;133.138;31.697
-22.8085;19.8296;30.2232;133.331;31.7353
-23.0038;19.8705;30.3976;133.53;31.7762
-23.191;19.915;30.5684;133.723;31.8207
-23.3841;19.96;30.7444;133.921;31.8657
-23.5801;20.0126;30.9277;134.124;31.9183
-23.7571;20.0701;31.0999;134.31;31.9758
-23.9473;20.1312;31.2848;134.509;32.0369
-24.1709;20.1778;31.4861;134.737;32.0835
-24.3672;20.2099;31.6576;134.935;32.1156
-24.5487;20.2433;31.8187;135.12;32.149
-24.7718;20.2817;32.0155;135.346;32.1874
-24.9683;20.3156;32.1891;135.544;32.2213
-25.1647;20.3523;32.3648;135.744;32.258
-25.3717;20.4134;32.5642;135.959;32.3191
-25.5671;20.4674;32.7504;136.162;32.373
-25.7593;20.521;32.934;136.362;32.4266
-25.9413;20.5674;33.1055;136.549;32.4731
-26.1431;20.6082;33.289;136.755;32.5139
-26.3334;20.6454;33.4617;136.949;32.5511
-26.5212;20.6809;33.6315;137.14;32.5866
-26.7163;20.7103;33.8035;137.336;32.616
-26.9072;20.7401;33.9727;137.529;32.6457
-27.1077;20.7742;34.1526;137.732;32.6799
-27.2935;20.8158;34.3255;137.922;32.7215
-27.509;20.8472;34.5159;138.139;32.7528
-27.6953;20.8735;34.6804;138.326;32.7792
-27.8934;20.9015;34.8557;138.525;32.8072
-28.0845;20.9622;35.045;138.725;32.8678
-28.2713;21.022;35.2305;138.921;32.9277
-28.4611;21.0815;35.4184;139.119;32.9872
-28.6501;21.1402;35.6053;139.317;33.0459
-28.8382;21.1958;35.7897;139.513;33.1015
-29.0447;21.2663;35.9979;139.73;33.1719
-29.2381;21.3303;36.1918;139.933;33.236
-29.4146;21.383;36.3655;140.117;33.2886
-29.6009;21.4343;36.5465;140.31;33.34
-29.7928;21.4772;36.7271;140.507;33.3828
-29.9796;21.5233;36.9057;140.699;33.429

29.8364;21.5726;36.8183;140.89;33.4782
29.6413;21.6334;36.6962;141.094;33.539
29.4625;21.7018;36.5925;141.283;33.6074
29.271;21.7536;36.4693;141.482;33.6593
29.0921;21.798;36.3525;141.666;33.7037
28.8885;21.8375;36.2136;141.873;33.7432
28.6841;21.8729;36.0722;142.08;33.7786
28.489;21.9017;35.9348;142.277;33.8073
28.2896;21.9107;35.7824;142.472;33.8163
28.0898;21.9198;35.6302;142.669;33.8254
27.8869;21.94;35.483;142.871;33.8457
27.6929;21.9581;35.3419;143.063;33.8638
27.4933;21.9771;35.1977;143.262;33.8828
27.3003;21.9899;35.0551;143.452;33.8955
27.113;21.994;34.912;143.635;33.8997
26.9079;21.9921;34.7519;143.834;33.8978
26.6986;21.9879;34.5873;144.037;33.8936
26.4964;21.9906;34.4332;144.234;33.8963
26.2954;21.9969;34.2829;144.431;33.9026
26.0886;21.9865;34.1177;144.629;33.8922
25.8937;21.9913;33.972;144.82;33.897
25.6944;21.9929;33.8215;145.014;33.8986
25.5008;21.9827;33.6679;145.2;33.8884
25.3072;21.9705;33.5136;145.385;33.8762
25.1003;21.951;33.3447;145.582;33.8567
24.9036;21.9275;33.1814;145.768;33.8331
24.7039;21.9051;33.0169;145.957;33.8108
24.5213;21.893;32.8724;146.132;33.7987
24.3217;21.8801;32.7152;146.323;33.7858
24.1159;21.8939;32.5717;146.526;33.7995
23.9147;21.9081;32.4326;146.725;33.8137
23.7312;21.9005;32.2924;146.902;33.8062
23.5347;21.8901;32.1412;147.091;33.7957
23.3396;21.8719;31.9862;147.277;33.7776
23.1419;21.8528;31.8291;147.465;33.7585
22.9362;21.8225;31.6589;147.658;33.7282
22.7421;21.7974;31.5013;147.841;33.703
22.5411;21.7724;31.3391;148.031;33.6781
22.3237;21.7686;31.1804;148.242;33.6743
22.1243;21.7651;31.0355;148.436;33.6708
21.9057;21.7746;30.8868;148.651;33.6803
21.6936;21.7845;30.7437;148.86;33.6902
21.507;21.7841;30.6121;149.041;33.6898
21.3006;21.7671;30.4553;149.238;33.6728
21.1051;21.7494;30.3061;149.425;33.6551
20.919;21.7259;30.1599;149.601;33.6316
20.7239;21.703;30.0083;149.786;33.6087
20.5194;21.6765;29.8482;149.979;33.5822
20.3193;21.6365;29.6819;150.165;33.5422
20.1139;21.6251;29.5333;150.363;33.5308
19.9194;21.606;29.3871;150.548;33.5116
19.7259;21.5916;29.2457;150.734;33.4973
19.5111;21.5738;29.088;150.939;33.4795
19.2986;21.5342;28.9164;151.138;33.4399
19.1014;21.5014;28.7606;151.323;33.4071
18.9055;21.4699;28.6072;151.507;33.3756
18.7439;21.4173;28.4611;151.653;33.323
18.5345;21.3391;28.2645;151.84;33.2448
18.3564;21.2796;28.103;152.001;33.1853
18.1784;21.2256;27.946;152.163;33.1312
17.9944;21.1735;27.7869;152.331;33.0791
17.8021;21.1212;27.6228;152.508;33.0269
17.6134;21.0691;27.4616;152.681;32.9748
17.4357;21.0127;27.3045;152.842;32.9184
17.252;20.9338;27.1267;153.004;32.8395
17.0911;20.8477;26.9579;153.143;32.7533
16.909;20.7501;26.7671;153.3;32.6558
16.7354;20.6482;26.5786;153.448;32.5539
16.5627;20.5455;26.3902;153.595;32.4512
16.4264;20.4392;26.2219;153.706;32.3449
16.2693;20.2911;26.0081;153.829;32.1968
16.125;20.1509;25.8084;153.94;32.0565
15.9745;20.0242;25.6154;154.061;31.9298
15.8329;19.8973;25.428;154.174;31.803
15.6815;19.7634;25.2289;154.294;31.669
15.5343;19.6325;25.035;154.412;31.5382
15.3814;19.4946;24.832;154.533;31.4003
15.2376;19.3749;24.649;154.65;31.2806
15.0804;19.2382;24.4443;154.776;31.1439
14.9292;19.1062;24.2472;154.898;31.0119
14.7784;18.9832;24.0575;155.021;30.8889
14.6091;18.8486;23.8474;155.16;30.7543
14.4456;18.7106;23.6382;155.293;30.6163
14.2884;18.5875;23.4447;155.423;30.4932
14.1308;18.464;23.2508;155.553;30.3697
13.9745;18.3407;23.058;155.683;30.2464
13.8172;18.2127;22.8608;155.812;30.1184
13.6674;18.0725;22.6586;155.932;29.9782
13.5208;17.9325;22.4585;156.049;29.8381
13.3668;17.7904;22.2524;156.173;29.6961
13.2227;17.6516;22.0549;156.288;29.5573
13.0778;17.5141;21.858;156.405;29.4197
12.9386;17.38;21.6673;156.516;29.2857
12.7859;17.2602;21.4801;156.644;29.1659
12.6291;17.1371;21.2879;156.775;29.0428
12.4632;17.0071;21.0849;156.914;28.9128
12.3042;16.8877;20.8947;157.048;28.7933
12.1286;16.7564;20.6853;157.197;28.6621
11.9658;16.638;20.494;157.336;28.5437
11.7898;16.5136;20.2903;157.486;28.4193
11.629;16.3989;20.1037;157.624;28.3046
11.4626;16.2638;19.8973;157.763;28.1695
11.3058;16.1351;19.7019;157.895;28.0408
11.1599;15.9979;19.5058;158.014;27.9036
11.0103;15.8758;19.3201;158.14;27.7815
10.8577;15.7256;19.1098;158.264;27.6313
10.7278;15.5811;18.9171;158.366;27.4868
10.5939;15.4386;18.7238;158.474;27.3443
10.4642;15.2873;18.5257;158.575;27.1929
10.3319;15.138;18.3278;158.68;27.0437
10.2014;14.989;18.1311;158.784;26.8946
10.0649;14.8364;17.9282;158.892;26.7421
9.94392;14.6943;17.7427;158.988;26.6
9.81433;14.539;17.5415;159.09;26.4447
9.68833;14.3854;17.3437;159.188;26.2911
9.56668;14.2293;17.1462;159.283;26.1349
9.4459;14.0685;16.9454;159.376;25.9742
9.3244;13.9079;16.7444;159.469;25.8136
9.22276;13.7419;16.5499;159.543;25.6476
9.12288;13.5925;16.3702;159.618;25.4982
9.0283;13.421;16.1751;159.684;25.3267
8.91042;13.2573;15.9734;159.774;25.163
8.79357;13.0939;15.7727;159.864;24.9996
8.68469;12.9571;15.5984;159.95;24.8628
8.55776;12.8013;15.3983;160.051;24.707
8.4414;12.6511;15.2088;160.143;24.5568
8.27727;12.4901;14.9839;160.281;24.3958
8.13671;12.3475;14.7874;160.398;24.2532
7.98685;12.191;14.5743;160.523;24.0966
7.8489;12.0455;14.3771;160.637;23.9512
7.72896;11.9001;14.1897;160.734;23.8058
7.60725;11.7497;13.9973;160.833;23.6554
7.48757;11.5914;13.7994;160.928;23.4971
7.35159;11.4353;13.5946;161.04;23.341
7.18717;11.2754;13.3712;161.179;23.181
7.06961;11.1171;13.1746;161.273;23.0228
6.96099;10.9628;12.9861;161.358;22.8685
6.86817;10.8057;12.8037;161.428;22.7114
6.74872;10.6145;12.5783;161.52;22.5202
6.66317;10.4379;12.3834;161.58;22.3436
6.57606;10.258;12.1849;161.641;22.1637
6.51363;10.1141;12.0301;161.683;22.0198
6.4353;9.92565;11.8293;161.736;21.8313
6.36357;9.74033;11.6348;161.782;21.646
6.27906;9.55263;11.4315;161.84;21.4583
6.1985;9.36536;11.2308;161.896;21.271
6.14699;9.18136;11.0491;161.923;21.087
6.10145;8.97882;10.8557;161.942;20.8845
6.03982;8.77618;10.6537;161.977;20.6819
5.98918;8.58304;10.4661;162.002;20.4887
5.94161;8.39751;10.2869;162.026;20.3032
5.88968;8.20858;10.1029;162.054;20.1143
5.85162;8.04564;9.94856;162.072;19.9513
5.80301;7.85913;9.76938;162.097;19.7648
5.75026;7.65899;9.57735;162.125;19.5647
5.69995;7.46815;9.39482;162.152;19.3738
5.64838;7.27359;9.2092;162.18;19.1793
5.60232;7.06167;9.01405;162.201;18.9673
5.56403;6.87038;8.84085;162.217;18.7761
5.53638;6.68391;8.67906;162.223;18.5896
5.52838;6.48874;8.52448;162.209;18.3944
5.51096;6.29142;8.36377;162.204;18.1971
5.49423;6.09028;8.20232;162.198;17.996
5.49284;5.89086;8.05441;162.177;17.7965
5.50048;5.68584;7.91101;162.147;17.5915
5.48107;5.48099;7.75135;162.144;17.3867
5.46125;5.2785;7.59525;162.143;17.1842
5.43155;5.07109;7.43086;162.15;16.9768
5.40279;4.87205;7.27509;162.158;16.7777
5.37416;4.67688;7.12424;162.167;16.5826
5.33713;4.47953;6.96787;162.183;16.3852
5.29988;4.26736;6.80434;162.199;16.173
5.24662;4.08151;6.64723;162.234;15.9872
5.19986;3.87738;6.48634;162.26;15.7831
5.14;3.66544;6.31308;162.299;15.5711
5.0909;3.46812;6.15996;162.329;15.3738
5.04195;3.27103;6.01007;162.36;15.1767
4.99857;3.07599;5.86919;162.385;14.9817
4.98013;2.85212;5.73902;162.383;14.7578
4.95346;2.64713;5.6164;162.391;14.5528
4.91355;2.44082;5.4864;162.412;14.3465
4.89314;2.23089;5.37771;162.414;14.1366
4.87669;2.02989;5.28228;162.413;13.9356
4.85993;1.83115;5.19347;162.413;13.7368
4.83928;1.62048;5.10339;162.416;13.5262
4.80366;1.40976;5.00625;162.434;13.3154
4.75962;1.2226;4.91413;162.462;13.1283
4.72318;1.02314;4.83272;162.483;12.9288
4.69293;0.824772;4.76486;162.497;12.7304
4.64903;0.645852;4.69368;162.527;12.5515
4.60423;0.451664;4.62633;162.557;12.3573
4.57325;0.255134;4.58036;162.573;12.1608
4.54244;0.0611981;4.54285;162.589;11.9669
4.5103;-0.129094;4.51214;162.607;11.7766
4.49187;-0.320097;4.50327;162.612;11.5856
4.47082;-0.501618;4.49887;162.62;11.4041
4.4586;-0.712471;4.51516;162.618;11.1932
4.45934;-0.897735;4.54881;162.604;11.0079
4.47488;-1.11931;4.61274;162.574;10.7864
4.4801;-1.31342;4.66866;162.556;10.5923
4.49001;-1.5125;4.73791;162.533;10.3932
4.51114;-1.72953;4.83132;162.498;10.1761
4.5351;-1.93037;4.92884;162.462;9.9753
4.56356;-2.13238;5.03717;162.421;9.7733
4.59333;-2.33213;5.15146;162.38;9.57355
4.61355;-2.50821;5.25129;162.349;9.39746
4.64153;-2.70571;5.37258;162.31;9.19997
4.68759;-2.89062;5.50719;162.254;9.01506
4.73387;-3.08841;5.65224;162.197;8.81726
4.78063;-3.29024;5.80346;162.139;8.61544
4.80638;-3.50468;5.94846;162.102;8.40099
4.83082;-3.70277;6.08666;162.068;8.2029
4.8335;-3.89729;6.20899;162.055;8.00839
4.83619;-4.0989;6.33954;162.043;7.80677
4.83826;-4.32359;6.48862;162.03;7.58209
4.8432;-4.52718;6.62962;162.016;7.3785
4.84064;-4.72267;6.7628;162.009;7.183
4.84012;-4.92526;6.90543;162.001;6.98042
4.85998;-5.11853;7.05825;161.973;6.78714
4.88221;-5.31706;7.21852;161.943;6.58862
4.90384;-5.52346;7.38622;161.913;6.38222
4.92576;-5.72302;7.5509;161.883;6.18266
4.95973;-5.93068;7.73122;161.841;5.975
4.98165;-6.12965;7.8987;161.812;5.77603
5.00578;-6.32572;8.06675;161.781;5.57996
5.03396;-6.4964;8.21851;161.747;5.40928
5.06423;-6.69123;8.3916;161.711;5.21445
5.09614;-6.88828;8.56849;161.672;5.0174
5.13801;-7.07992;8.74782;161.625;4.82575
5.18042;-7.28693;8.9407;161.576;4.61875
5.22147;-7.48156;9.12346;161.53;4.42411
5.27026;-7.67685;9.3118;161.476;4.22883
5.31851;-7.87057;9.49908;161.423;4.0351
5.37266;-8.04638;9.67521;161.364;3.8593
5.42802;-8.24688;9.87292;161.304;3.65879
5.47292;-8.43777;10.0573;161.255;3.4679
5.49788;-8.64268;10.2432;161.226;3.263
5.49437;-8.83584;10.4048;161.226;3.06984
5.49947;-9.03278;10.5752;161.217;2.87289
5.4874;-9.24123;10.7476;161.225;2.66445
5.47591;-9.43938;10.9127;161.234;2.4663
5.47381;-9.63656;11.0827;161.233;2.26912
5.45086;-9.83844;11.2475;161.253;2.06724
5.43444;-10.0504;11.4255;161.267;1.85531
5.40634;-10.2467;11.5855;161.293;1.65894
5.37147;-10.4305;11.7324;161.326;1.47516
5.33183;-10.6346;11.8963;161.364;1.27109
5.29106;-10.8305;12.0539;161.403;1.07516
5.25269;-11.0249;12.2122;161.44;0.880815
5.21001;-11.225;12.3752;161.482;0.680633
5.17179;-11.4173;12.534;161.52;0.488403
5.12643;-11.6189;12.6996;161.564;0.286739
5.0705;-11.8151;12.8571;161.62;0.0906042
5.01739;-12.0043;13.0106;161.673;-0.0985821
4.97656;-12.2009;13.1768;161.714;-0.295252
4.93599;-12.3952;13.3419;161.755;-0.489541
4.89497;-12.5906;13.5087;161.797;-0.684929
4.85282;-12.787;13.6769;161.84;-0.8813
4.80383;-12.9855;13.8456;161.89;-1.07982
4.7539;-13.1769;14.0082;161.942;-1.2712
4.68898;-13.3724;14.1706;162.008;-1.46668
4.61973;-13.5619;14.3271;162.079;-1.65622
4.56093;-13.7536;14.4901;162.14;-1.84788
4.50308;-13.947;14.656;162.2;-2.04134
4.44936;-14.1421;14.8255;162.257;-2.23644
4.40036;-14.3536;15.013;162.309;-2.44793
4.35787;-14.555;15.1934;162.354;-2.64934
4.30908;-14.75;15.3666;162.406;-2.84433
4.2744;-14.9435;15.5428;162.445;-3.03779
4.23683;-15.1331;15.715;162.486;-3.2274
4.21157;-15.3362;15.904;162.515;-3.43057
4.17418;-15.5054;16.0574;162.556;-3.59972
4.14602;-15.7024;16.2405;162.589;-3.79669
4.10896;-15.8904;16.4131;162.631;-3.98473
4.10265;-16.0952;16.6098;162.642;-4.18952
4.10023;-16.2903;16.7984;162.65;-4.38462
4.09752;-16.49;16.9914;162.658;-4.5843
4.08568;-16.7013;17.1938;162.676;-4.79565
4.07306;-16.9023;17.3861;162.694;-4.99658
4.07235;-17.0956;17.574;162.701;-5.18996
4.07009;-17.3003;17.7726;162.71;-5.3946
4.06824;-17.4993;17.966;162.719;-5.59365
4.06661;-17.7063;18.1673;162.727;-5.8006
4.04264;-17.8994;18.3503;162.758;-5.99374
3.99412;-18.1051;18.5404;162.815;-6.19941
3.94939;-18.2998;18.7212;162.867;-6.39416
3.89138;-18.4833;18.8885;162.932;-6.57764
3.81565;-18.6521;19.0383;163.015;-6.74638
3.72627;-18.8433;19.2082;163.112;-6.93765
3.64639;-19.0259;19.3721;163.2;-7.12018
3.54395;-19.2065;19.5307;163.31;-7.30082
3.45185;-19.3847;19.6897;163.41;-7.47906
3.36005;-19.5622;19.8487;163.51;-7.65654
3.25991;-19.7448;20.0121;163.619;-7.8391
3.16424;-19.9162;20.166;163.723;-8.01049
3.06202;-20.0746;20.3068;163.832;-8.16894
2.95771;-20.2443;20.4592;163.945;-8.33865
2.84928;-20.4125;20.6104;164.062;-8.50683
2.73457;-20.5732;20.7542;164.185;-8.66753
2.59478;-20.7391;20.9008;164.333;-8.83341
2.47472;-20.889;21.0351;164.461;-8.98331
2.36519;-21.047;21.1795;164.58;-9.14136
2.25243;-21.2057;21.3249;164.701;-9.29998
2.14453;-21.3702;21.4775;164.818;-9.46452
2.03358;-21.5391;21.6349;164.939;-9.63347
1.9146;-21.7124;21.7966;165.068;-9.80669
1.7987;-21.8961;21.9699;165.194;-9.99043
1.67926;-22.066;22.1298;165.324;-10.1603
1.56391;-22.2275;22.2824;165.449;-10.3218
1.46052;-22.3778;22.4254;165.562;-10.4721
1.33176;-22.5421;22.5814;165.701;-10.6365
1.21528;-22.698;22.7305;165.827;-10.7924
1.09442;-22.8542;22.8804;165.958;-10.9485
0.949887;-22.9963;23.0159;166.111;-11.0907
0.814192;-23.1438;23.1581;166.257;-11.2381
0.671455;-23.2805;23.2902;166.408;-11.3748
0.558709;-23.4184;23.425;166.53;-11.5127
0.428155;-23.5766;23.5805;166.672;-11.6709
0.315313;-23.7234;23.7255;166.795;-11.8177
0.194036;-23.8854;23.8862;166.927;-11.9797
0.077675;-24.0515;24.0516;167.055;-12.1458
-0.0562751;-24.2189;24.219;167.201;-12.3133
-0.182341;-24.3691;24.3697;167.338;-12.4634
-0.316091;-24.5187;24.5208;167.482;-12.613
-0.459003;-24.6744;24.6787;167.637;-12.7688
-0.594617;-24.8151;24.8222;167.783;-12.9094
-0.72701;-24.9418;24.9524;167.924;-13.0361
-0.876422;-25.0689;25.0842;168.083;-13.1632
-1.02994;-25.1824;25.2034;168.245;-13.2767
-1.21124;-25.2871;25.3161;168.434;-13.3814
-1.38212;-25.4063;25.4439;168.614;-13.5006
-1.55032;-25.5325;25.5795;168.792;-13.6268
-1.72115;-25.647;25.7047;168.971;-13.7413
-1.88238;-25.7541;25.8228;169.141;-13.8484
-2.053;-25.8595;25.9409;169.32;-13.9538
-2.21661;-25.9645;26.0589;169.491;-14.0588
-2.38872;-26.0752;26.1844;169.672;-14.1695
-2.55931;-26.1843;26.3091;169.851;-14.2786
-2.71213;-26.2905;26.43;170.012;-14.3848
-2.88749;-26.3817;26.5392;170.195;-14.476
-3.06398;-26.4739;26.6506;170.379;-14.5682
-3.25792;-26.5799;26.7788;170.581;-14.6742
-3.4118;-26.6755;26.8928;170.742;-14.7698
-3.58343;-26.784;27.0227;170.923;-14.8784
-3.74929;-26.8937;27.1538;171.098;-14.9881
-3.90141;-27.0233;27.3035;171.261;-15.1176
-4.07232;-27.1368;27.4406;171.441;-15.2311
-4.24099;-27.2497;27.5778;171.619;-15.344
-4.42768;-27.3779;27.7337;171.816;-15.4723
-4.59309;-27.4911;27.8721;171.991;-15.5854
-4.74781;-27.5967;28.0021;172.155;-15.691
-4.93257;-27.7176;28.153;172.35;-15.8119
-5.10724;-27.8603;28.3246;172.537;-15.9546
-5.24901;-27.9897;28.4776;172.69;-16.084
-5.39935;-28.1242;28.6378;172.853;-16.2185
-5.54688;-28.2449;28.7844;173.011;-16.3392
-5.71714;-28.3857;28.9557;173.194;-16.4801
-5.86751;-28.5169;29.1143;173.356;-16.6113
-6.00493;-28.6455;29.2682;173.505;-16.7398
-6.14309;-28.7789;29.4272;173.655;-16.8732
-6.29407;-28.9334;29.6101;173.821;-17.0277
-6.45142;-29.0789;29.7859;173.992;-17.1732
-6.59859;-29.2142;29.9501;174.152;-17.3085
-6.76071;-29.3354;30.1044;174.325;-17.4298
-6.90608;-29.4606;30.2593;174.482;-17.555
-7.06019;-29.5891;30.4198;174.648;-17.6834
-7.21317;-29.7189;30.5818;174.814;-17.8132
-7.36087;-29.8491;30.7433;174.974;-17.9434
-7.50327;-29.9861;30.9106;175.13;-18.0804

-7.62966;29.872;30.8309;175.27;-18.2224
-7.7514;29.7094;30.7039;175.408;-18.3849
-7.86837;29.55;30.5797;175.541;-18.5443
-7.98085;29.4031;30.467;175.669;-18.6912
-8.10425;29.2417;30.3439;175.809;-18.8526
-8.22568;29.0636;30.2052;175.949;-19.0307
-8.33882;28.8952;30.0743;176.079;-19.1992
-8.44732;28.7227;29.9391;176.206;-19.3716
-8.55435;28.5514;29.8053;176.331;-19.543
-8.6665;28.3778;29.6716;176.462;-19.7166
-8.78222;28.199;29.5349;176.597;-19.8954
-8.90536;27.989;29.3716;176.743;-20.1053
-9.00895;27.8162;29.2387;176.866;-20.2781
-9.10616;27.648;29.109;176.982;-20.4463
-9.20766;27.4778;28.9795;177.102;-20.6165
-9.3131;27.307;28.8514;177.227;-20.7874
-9.41421;27.1456;28.7317;177.346;-20.9488
-9.50621;26.9667;28.5932;177.459;-21.1276
-9.60413;26.7636;28.4347;177.581;-21.3307
-9.68919;26.567;28.2787;177.689;-21.5273
-9.76218;26.3835;28.1317;177.783;-21.7108
-9.8434;26.1965;27.9848;177.887;-21.8979
-9.9147;26.0163;27.8415;177.98;-22.078
-9.99276;25.8353;27.7005;178.08;-22.259
-10.065;25.6526;27.5565;178.175;-22.4417
-10.1384;25.4664;27.4103;178.271;-22.6279
-10.238;25.3025;27.2953;178.391;-22.7918
-10.3421;25.1316;27.1764;178.516;-22.9627
-10.4489;24.9582;27.0572;178.644;-23.1361
-10.5705;24.791;26.9505;178.786;-23.3034
-10.7159;24.6393;26.8686;178.95;-23.4551
-10.8553;24.4841;26.7826;179.109;-23.6102
-10.9894;24.338;26.704;179.261;-23.7563
-11.1177;24.1908;26.6233;179.408;-23.9035
-11.2554;24.0624;26.5647;179.561;-24.0319
-11.399;23.9257;26.5024;179.722;-24.1687
-11.542;23.8189;26.468;179.878;-24.2754
-11.71;23.6937;26.4294;180.062;-24.4007
-11.8364;23.5813;26.3852;180.202;-24.513
-11.9853;23.4498;26.3351;180.368;-24.6445
-12.1343;23.3255;26.293;180.532;-24.7688
-12.2876;23.1982;26.2515;180.702;-24.8961
-12.4417;23.0704;26.2114;180.872;-25.024
-12.5918;22.9437;26.1718;181.038;-25.1507
-12.7508;22.8098;26.1318;181.214;-25.2845
-12.8975;22.6787;26.0896;181.378;-25.4157
-13.0497;22.5319;26.0381;181.549;-25.5624
-13.1876;22.3794;25.976;181.707;-25.7149
-13.311;22.2336;25.9136;181.85;-25.8607
-13.4352;22.0746;25.8417;181.995;-26.0197
-13.5672;21.9115;25.7717;182.149;-26.1828
-13.691;21.7469;25.6977;182.296;-26.3474
-13.805;21.5813;25.6189;182.433;-26.5131
-13.9232;21.4256;25.5521;182.572;-26.6687
-14.0529;21.2581;25.4831;182.725;-26.8363
-14.1772;21.1007;25.4211;182.871;-26.9936
-14.3164;20.9564;25.3797;183.03;-27.1379
-14.42;20.7912;25.3024;183.157;-27.3031
-14.5095;20.6253;25.2176;183.27;-27.469
-14.5978;20.4432;25.1201;183.385;-27.6511
-14.6853;20.2672;25.0283;183.498;-27.8272
-14.7739;20.0863;24.9344;183.613;-28.008
-14.8809;19.895;24.8445;183.748;-28.1994
-14.9874;19.7083;24.7596;183.882;-28.386
-15.1166;19.5028;24.6753;184.042;-28.5916
-15.2269;19.3357;24.6116;184.177;-28.7586
-15.3354;19.1683;24.5479;184.31;-28.926
-15.4425;19.002;24.4857;184.442;-29.0923
-15.5506;18.8332;24.4236;184.575;-29.2611
-15.6534;18.6581;24.3547;184.705;-29.4362
-15.7542;18.484;24.2869;184.832;-29.6103
-15.8602;18.3157;24.2284;184.964;-29.7786
-15.9539;18.143;24.1599;185.084;-29.9513
-16.0473;17.9694;24.0918;185.204;-30.1249
-16.1323;17.8019;24.0241;185.316;-30.2924
-16.2278;17.6151;23.9506;185.44;-30.4792
-16.3038;17.4272;23.8647;185.546;-30.6671
-16.3894;17.2734;23.8114;185.656;-30.8209
-16.4885;17.099;23.7539;185.783;-30.9953
-16.5864;16.9238;23.6965;185.909;-31.1705
-16.6854;16.7483;23.6412;186.036;-31.346
-16.7853;16.5719;23.5875;186.164;-31.5225
-16.8888;16.43;23.5622;186.29;-31.6643
-17.0128;16.2615;23.5344;186.441;-31.8329
-17.1259;16.0864;23.4961;186.582;-32.008
-17.2257;15.9168;23.4535;186.71;-32.1776
-17.3448;15.7357;23.4191;186.859;-32.3586
-17.4402;15.5621;23.3739;186.983;-32.5322
-17.5361;15.389;23.331;187.107;-32.7053
-17.628;15.2153;23.2863;187.228;-32.8791
-17.7084;15.0248;23.2235;187.341;-33.0696
-17.8146;14.8272;23.1777;187.48;-33.2671
-17.9066;14.656;23.1397;187.601;-33.4383
-17.9986;14.4789;23.0995;187.723;-33.6154
-18.072;14.2873;23.0374;187.83;-33.8071
-18.1493;14.1031;22.9847;187.939;-33.9912
-18.2278;13.9221;22.9364;188.049;-34.1722
-18.3069;13.7297;22.8833;188.162;-34.3646
-18.3889;13.5587;22.8471;188.274;-34.5356
-18.4785;13.3865;22.8178;188.394;-34.7078
-18.573;13.209;22.7911;188.52;-34.8853
-18.6744;13.0402;22.7768;188.651;-35.0541
-18.7874;12.8422;22.7571;188.798;-35.2521
-18.8864;12.6707;22.743;188.928;-35.4236
-18.9851;12.4908;22.7256;189.058;-35.6035
-19.0773;12.3046;22.7012;189.184;-35.7897
-19.1768;12.1055;22.6781;189.32;-35.9888
-19.2758;11.9161;22.6617;189.453;-36.1783
-19.3696;11.743;22.6512;189.578;-36.3514
-19.4566;11.5744;22.639;189.696;-36.5199
-19.5335;11.3899;22.6117;189.807;-36.7044
-19.6115;11.2208;22.5946;189.916;-36.8735
-19.6942;11.0565;22.5856;190.029;-37.0378
-19.7818;10.8812;22.5769;190.149;-37.2131
-19.8711;10.7027;22.5701;190.272;-37.3916
-19.9614;10.5531;22.5793;190.39;-37.5413
-20.0499;10.3812;22.5781;190.511;-37.7131
-20.1585;10.2107;22.597;190.651;-37.8836
-20.2781;10.0331;22.6244;190.803;-38.0612
-20.387;9.86787;22.6496;190.943;-38.2265
-20.4971;9.70093;22.6768;191.085;-38.3934
-20.6096;9.53645;22.7091;191.228;-38.5579
-20.7256;9.36124;22.7416;191.377;-38.7331
-20.8378;9.19443;22.7762;191.521;-38.8999
-20.9579;9.02292;22.8177;191.673;-39.0714
-21.0745;8.86135;22.8617;191.82;-39.233
-21.1995;8.70569;22.9174;191.974;-39.3886
-21.3287;8.55091;22.979;192.133;-39.5434
-21.4518;8.39095;23.0345;192.286;-39.7034
-21.5601;8.22451;23.0755;192.426;-39.8698
-21.669;8.05686;23.1184;192.568;-40.0375
-21.763;7.88898;23.1487;192.695;-40.2053
-21.8495;7.70858;23.1694;192.817;-40.3857
-21.9395;7.5329;23.1967;192.942;-40.5614
-22.0305;7.35644;23.2263;193.068;-40.7379
-22.1169;7.16744;23.2492;193.192;-40.9269
-22.1979;6.98852;23.272;193.31;-41.1058
-22.2799;6.80576;23.2962;193.429;-41.2886
-22.3601;6.62067;23.3196;193.546;-41.4737
-22.4389;6.43674;23.3439;193.663;-41.6576
-22.5394;6.23035;23.3847;193.806;-41.864
-22.6524;6.03029;23.4414;193.959;-42.064
-22.7485;5.8489;23.4884;194.092;-42.2454
-22.8362;5.67159;23.53;194.217;-42.4227
-22.9229;5.48796;23.5707;194.341;-42.6064
-23.0288;5.3266;23.6368;194.48;-42.7677
-23.1622;5.17173;23.7325;194.644;-42.9226
-23.2894;5.01362;23.823;194.803;-43.0807
-23.4166;4.85077;23.9137;194.964;-43.2436
-23.5373;4.68854;23.9998;195.117;-43.4058
-23.6712;4.52439;24.0997;195.284;-43.5699
-23.8033;4.36574;24.2003;195.449;-43.7286
-23.9104;4.23294;24.2822;195.583;-43.8614
-24.0465;4.09005;24.3919;195.747;-44.0043
-24.1831;3.94503;24.5028;195.913;-44.1493
-24.3111;3.77487;24.6024;196.076;-44.3195
-24.4065;3.61999;24.6735;196.204;-44.4743
-24.5055;3.44122;24.746;196.341;-44.6531
-24.5974;3.26564;24.8132;196.471;-44.8287
-24.6915;3.07854;24.8827;196.605;-45.0158
-24.7775;2.91494;24.9484;196.726;-45.1794
-24.8431;2.74703;24.9945;196.829;-45.3473
-24.9053;2.5634;25.0369;196.932;-45.5309
-24.9688;2.35645;25.0798;197.041;-45.7379
-25.0458;2.1734;25.1399;197.159;-45.9209
-25.095;1.98766;25.1736;197.25;-46.1067
-25.1506;1.78518;25.2139;197.352;-46.3091
-25.2021;1.58099;25.2517;197.45;-46.5133
-25.2265;1.36891;25.2636;197.523;-46.7254
-25.2517;1.16851;25.2787;197.595;-46.9258
-25.269;0.972656;25.2877;197.659;-47.1217
-25.2795;0.770555;25.2912;197.717;-47.3238
-25.3161;0.579533;25.3227;197.798;-47.5148
-25.3517;0.381778;25.3546;197.881;-47.7125
-25.4025;0.177794;25.4031;197.979;-47.9165
-25.4429;-0.026791;25.4429;198.068;-48.1211
-25.4904;-0.22206;25.4913;198.162;-48.3164
-25.5371;-0.416228;25.5404;198.254;-48.5106
-25.5519;-0.607214;25.5591;198.315;-48.7015
-25.5668;-0.806418;25.5795;198.379;-48.9007
-25.5805;-1.00602;25.6003;198.442;-49.1003
-25.5945;-1.2275;25.6239;198.51;-49.3218
-25.6084;-1.44426;25.6491;198.577;-49.5386
-25.6155;-1.61687;25.6664;198.627;-49.7112
-25.6298;-1.81754;25.6942;198.692;-49.9119
-25.6445;-2.0155;25.7236;198.756;-50.1098
-25.6787;-2.21263;25.7738;198.838;-50.307
-25.7164;-2.4047;25.8286;198.924;-50.499
-25.7638;-2.5918;25.8938;199.017;-50.6861
-25.8118;-2.78085;25.9611;199.112;-50.8752
-25.8659;-2.99659;26.0389;199.219;-51.0909
-25.9128;-3.19561;26.1091;199.316;-51.2899
-25.9544;-3.3954;26.1755;199.407;-51.4897
-25.9931;-3.60202;26.2415;199.498;-51.6963
-26.0201;-3.80729;26.2972;199.578;-51.9016
-26.0457;-4.00782;26.3522;199.655;-52.1021
-26.0851;-4.20112;26.4212;199.743;-52.2954
-26.1226;-4.40019;26.4906;199.832;-52.4945
-26.1393;-4.59919;26.5409;199.9;-52.6935
-26.1563;-4.80095;26.5933;199.97;-52.8953
-26.1736;-4.99536;26.646;200.038;-53.0897
-26.2002;-5.22403;26.7159;200.124;-53.3184
-26.2129;-5.42641;26.7687;200.191;-53.5207
-26.2356;-5.63564;26.834;200.268;-53.73
-26.2554;-5.831;26.8951;200.34;-53.9253
-26.2712;-6.0216;26.9525;200.407;-54.1159
-26.2731;-6.2298;27.0016;200.465;-54.3241
-26.2747;-6.43329;27.0508;200.522;-54.5276
-26.2778;-6.64119;27.1041;200.581;-54.7355
-26.27;-6.84249;27.1465;200.629;-54.9368
-26.2781;-7.04927;27.2072;200.693;-55.1436
-26.2956;-7.21813;27.2683;200.756;-55.3125
-26.3119;-7.386;27.3289;200.818;-55.4803
-26.3295;-7.59311;27.4025;200.893;-55.6874
-26.3469;-7.79334;27.4753;200.965;-55.8877
-26.3691;-7.99282;27.5539;201.042;-56.0871
-26.3911;-8.19067;27.6329;201.118;-56.285
-26.3994;-8.39103;27.7008;201.182;-56.4854
-26.4051;-8.588;27.7666;201.243;-56.6823
-26.4197;-8.78803;27.843;201.314;-56.8824
-26.4335;-8.99139;27.9209;201.384;-57.0857
-26.4406;-9.18465;27.9904;201.446;-57.279
-26.4423;-9.3798;28.0567;201.503;-57.4741
-26.4354;-9.55773;28.1101;201.548;-57.6521
-26.4346;-9.76178;28.1795;201.605;-57.8561
-26.4316;-9.95251;28.2433;201.657;-58.0468
-26.449;-10.1466;28.3285;201.73;-58.241
-26.4657;-10.3394;28.4137;201.802;-58.4337
-26.5005;-10.5431;28.5207;201.894;-58.6374
-26.5324;-10.7506;28.6276;201.985;-58.8449
-26.5853;-10.9599;28.7559;202.097;-59.0542
-26.6337;-11.1375;28.8687;202.195;-59.2318
-26.6793;-11.3423;28.9902;202.298;-59.4366
-26.7227;-11.5373;29.1069;202.397;-59.6317
-26.7797;-11.7472;29.2429;202.514;-59.8415
-26.8326;-11.9399;29.3692;202.621;-60.0342
-26.8949;-12.1369;29.5067;202.739;-60.2313
-26.9593;-12.3219;29.6417;202.856;-60.4162
-27.0008;-12.5225;29.7634;202.955;-60.6169
-27.0204;-12.7276;29.868;203.035;-60.822
-27.0406;-12.9277;29.972;203.114;-61.0221
-27.0596;-13.1269;30.0755;203.193;-61.2212
-27.0739;-13.3288;30.177;203.267;-61.4231
-27.0832;-13.5339;30.2765;203.338;-61.6282
-27.0828;-13.7395;30.3686;203.4;-61.8338
-27.0818;-13.9396;30.4588;203.46;-62.0339
-27.0872;-14.1414;30.5565;203.527;-62.2357
-27.0685;-14.351;30.6375;203.573;-62.4453
-27.0526;-14.5501;30.7172;203.619;-62.6444
-27.0308;-14.7673;30.8016;203.665;-62.8617
-27.0132;-14.9616;30.8798;203.709;-63.0559
-26.9929;-15.1571;30.9573;203.75;-63.2514
-26.9691;-15.3569;31.0349;203.789;-63.4512
-26.9355;-15.571;31.1123;203.824;-63.6653
-26.9046;-15.7687;31.1851;203.857;-63.863
-26.8719;-15.9685;31.2585;203.889;-64.0629
-26.8372;-16.1582;31.326;203.915;-64.2525
-26.7878;-16.3354;31.3757;203.924;-64.4298
-26.7192;-16.5403;31.4245;203.924;-64.6346
-26.6567;-16.7292;31.4713;203.925;-64.8235
-26.5942;-16.8944;31.5067;203.918;-64.9887
-26.535;-17.0724;31.5527;203.919;-65.1668
-26.4719;-17.2626;31.6031;203.92;-65.3569
-26.4022;-17.4371;31.6406;203.91;-65.5315
-26.3407;-17.6254;31.6936;203.912;-65.7197
-26.2773;-17.8196;31.7496;203.915;-65.914
-26.1969;-18.014;31.7928;203.902;-66.1084
-26.1026;-18.2147;31.8296;203.878;-66.3091
-26.0173;-18.418;31.8766;203.863;-66.5123
-25.9367;-18.5904;31.911;203.843;-66.6847
-25.8556;-18.7934;31.9641;203.833;-66.8877
-25.7856;-18.9873;32.0221;203.831;-67.0817
-25.7245;-19.1688;32.081;203.833;-67.2632
-25.6451;-19.3664;32.1361;203.823;-67.4608
-25.5629;-19.5425;32.1772;203.804;-67.6368
-25.5041;-19.7334;32.2469;203.812;-67.8277
-25.4472;-19.9227;32.3183;203.822;-68.0171
-25.3698;-20.1303;32.386;203.818;-68.2246
-25.3003;-20.3126;32.4454;203.814;-68.4069
-25.2284;-20.501;32.5079;203.809;-68.5953
-25.152;-20.6626;32.551;203.792;-68.7569
-25.0649;-20.8447;32.5999;203.771;-68.939
-24.9801;-21.0219;32.6485;203.752;-69.1163
-24.8823;-21.2077;32.6939;203.723;-69.302
-24.7861;-21.3851;32.7364;203.693;-69.4794
-24.6809;-21.5309;32.7526;203.644;-69.6253
-24.6061;-21.7458;32.8381;203.647;-69.8402
-24.541;-21.938;32.9171;203.652;-70.0323
-24.4775;-22.126;32.9956;203.657;-70.2203
-24.4301;-22.3133;33.0865;203.677;-70.4076
-24.3937;-22.5145;33.1958;203.713;-70.6089
-24.3747;-22.7139;33.3174;203.764;-70.8082
-24.3652;-22.9475;33.4702;203.836;-71.0418
-24.3617;-23.1578;33.6122;203.907;-71.2522
-24.3499;-23.351;33.7371;203.963;-71.4453
-24.337;-23.5476;33.8641;204.02;-71.6419
-24.3291;-23.7501;33.9996;204.084;-71.8444
-24.3134;-23.9528;34.1303;204.14;-72.0471
-24.2999;-24.1613;34.2674;204.202;-72.2556
-24.2681;-24.3675;34.3907;204.245;-72.4619
-24.2372;-24.5616;34.5067;204.285;-72.6559
-24.1941;-24.7601;34.6182;204.315;-72.8544
-24.1489;-24.9572;34.7279;204.343;-73.0515
-24.1102;-25.168;34.853;204.383;-73.2623
-24.0735;-25.3649;34.9702;204.419;-73.4592
-24.0426;-25.5616;35.0919;204.461;-73.6559
-24.0127;-25.7625;35.2181;204.506;-73.8568
-23.973;-25.9576;35.3341;204.539;-74.0519
-23.925;-26.1562;35.4479;204.567;-74.2506
-23.863;-26.3376;35.5403;204.575;-74.4319
-23.7863;-26.5435;35.6419;204.578;-74.6378
-23.6984;-26.7409;35.7308;204.569;-74.8352
-23.6308;-26.922;35.8219;204.572;-75.0163
-23.5629;-27.1008;35.9119;204.575;-75.1951
-23.4918;-27.2861;36.0055;204.577;-75.3804
-23.424;-27.4744;36.1044;204.583;-75.5687
-23.3697;-27.6828;36.2282;204.61;-75.7772
-23.3165;-27.8679;36.3356;204.629;-75.9623
-23.249;-28.0372;36.4226;204.629;-76.1315
-23.1685;-28.2412;36.5287;204.63;-76.3356
-23.0786;-28.4385;36.6247;204.621;-76.5328
-22.9889;-28.6289;36.7165;204.609;-76.7232
-22.9091;-28.8265;36.8211;204.609;-76.9209
-22.8348;-29.0129;36.9212;204.61;-77.1072
-22.7467;-29.2134;37.0248;204.604;-77.3077
-22.656;-29.4067;37.1221;204.594;-77.5011
-22.5573;-29.5922;37.2093;204.573;-77.6865
-22.4643;-29.7691;37.294;204.554;-77.8634
-22.3474;-29.9636;37.3795;204.52;-78.0579

-22.2344;29.8584;37.2276;204.484;-78.2359
-22.1277;29.6553;37.001;204.463;-78.439
-22.0036;29.4871;36.792;204.413;-78.6072
-21.8932;29.3286;36.5989;204.372;-78.7657
-21.7692;29.1754;36.402;204.317;-78.9189
-21.6407;29.012;36.1941;204.261;-79.0823
-21.5174;28.8555;35.995;204.208;-79.2388
-21.3783;28.6925;35.7812;204.144;-79.4018
-21.2426;28.544;35.581;204.076;-79.5503
-21.1098;28.3984;35.385;204.011;-79.6959
-20.9763;28.2435;35.181;203.949;-79.8508
-20.8427;28.09;34.9781;203.886;-80.0043
-20.7066;27.9282;34.7671;203.824;-80.1661
-20.57;27.7747;34.5624;203.759;-80.3196
-20.4358;27.6293;34.3657;203.693;-80.465
-20.3081;27.479;34.1689;203.635;-80.6153
-20.1721;27.3249;33.9641;203.572;-80.7694
-20.0212;27.1807;33.7585;203.49;-80.9136
-19.8749;27.0385;33.5573;203.413;-81.0558
-19.7401;26.9083;33.3726;203.341;-81.186
-19.6018;26.7654;33.1756;203.271;-81.3289
-19.4516;26.6169;32.967;203.193;-81.4774
-19.3035;26.4817;32.7705;203.112;-81.6126
-19.1539;26.3488;32.575;203.028;-81.7455
-18.9935;26.2078;32.3667;202.938;-81.8866
-18.8467;26.0735;32.1718;202.858;-82.0208
-18.6943;25.9156;31.9546;202.783;-82.1787
-18.5446;25.771;31.7497;202.705;-82.3234
-18.4079;25.6346;31.5592;202.635;-82.4597
-18.261;25.4938;31.3592;202.558;-82.6005
-18.1111;25.3586;31.162;202.477;-82.7357
-17.9714;25.2026;30.9539;202.413;-82.8917
-17.8521;25.0607;30.7691;202.363;-83.0336
-17.7236;24.9057;30.5683;202.309;-83.1886
-17.6067;24.7287;30.3563;202.275;-83.3657
-17.4875;24.5715;30.1591;202.232;-83.5228
-17.385;24.4175;29.9741;202.202;-83.6769
-17.2698;24.2355;29.7591;202.173;-83.8588
-17.1604;24.0684;29.5595;202.142;-84.0259
-17.0693;23.8842;29.3567;202.136;-84.2102
-16.9561;23.7168;29.1547;202.103;-84.3775
-16.8222;23.5465;28.9382;202.053;-84.5479
-16.7033;23.3919;28.7434;202.01;-84.7025
