#1 AntPos X	#2 AntVel X	#3 AntPos Y	#4 AntVel Y	#5 AntAngle	
-4.39868;-1.04943;3.97747;1.72246;2.118;
-4.49729;-0.98613;4.13797;1.60501;2.12174;
-4.60679;-1.09505;4.31113;1.73158;2.1347;
-4.70049;-0.936915;4.47655;1.65414;2.08615;
-4.79397;-0.934819;4.6346;1.58058;2.1049;
-4.89598;-1.02008;4.80431;1.6971;2.112;
-4.99566;-0.996838;4.96331;1.58997;2.1308;
-5.12122;-1.25557;5.12707;1.63758;2.22491;
-5.25054;-1.29328;5.30142;1.74356;2.20899;
-5.39428;-1.43737;5.45458;1.53157;2.32448;
-5.53065;-1.36373;5.60834;1.53763;2.29633;
-5.66432;-1.33665;5.74552;1.37171;2.34325;
-5.80231;-1.3799;5.88491;1.39397;2.35112;
-5.94326;-1.40954;6.00471;1.19793;2.43717;
-6.11601;-1.72746;6.13386;1.29155;2.49959;
-6.27691;-1.60904;6.25313;1.19271;2.50371;
-6.43504;-1.58131;6.38248;1.29344;2.456;
-6.58956;-1.5452;6.49933;1.1685;2.49413;
-6.75649;-1.66929;6.62069;1.21362;2.51295;
-6.91889;-1.62398;6.73711;1.16425;2.51961;
-7.08514;-1.66247;6.85566;1.18551;2.52213;
-7.23935;-1.54209;6.97162;1.15952;2.49687;
-7.40905;-1.69707;7.10148;1.29865;2.48842;
-7.57221;-1.63152;7.23124;1.29761;2.4697;
-7.72434;-1.52132;7.32061;0.893693;2.61046;
-7.89898;-1.74637;7.4177;0.97088;2.6342;
-8.07591;-1.76933;7.50515;0.874486;2.68256;
-8.23074;-1.54831;7.60566;1.00509;2.56581;
-8.40753;-1.76787;7.70799;1.02337;2.61685;
-8.57202;-1.64497;7.80481;0.968199;2.60961;
-8.73936;-1.6734;7.90755;1.02733;2.591;
-8.92271;-1.83344;8.00598;0.98434;2.64888;
-9.10345;-1.80739;8.09819;0.922128;2.66982;
-9.27023;-1.66786;8.18705;0.888538;2.6521;
-9.44974;-1.79504;8.28853;1.01485;2.62703;
-9.61575;-1.66017;8.38481;0.962748;2.61608;
-9.76081;-1.45056;8.45226;0.674514;2.70633;
-9.93267;-1.71862;8.557;1.04743;2.59425;
-10.1029;-1.70227;8.68138;1.24378;2.51058;
-10.269;-1.6611;8.80166;1.20279;2.51488;
-10.4249;-1.55905;8.92311;1.21448;2.4798;
-10.5602;-1.35327;9.03033;1.07221;2.47156;
-10.7208;-1.6059;9.12088;0.905535;2.62816;
-10.8976;-1.76789;9.2218;1.00915;2.62291;
-11.0681;-1.70509;9.32312;1.01322;2.60542;
-11.2387;-1.70556;9.41933;0.962133;2.62798;
-11.402;-1.63308;9.50676;0.874311;2.65005;
-11.5558;-1.5381;9.60913;1.02369;2.55436;
-11.6991;-1.43269;9.73638;1.27244;2.41536;
-11.862;-1.6294;9.87331;1.36932;2.44271;
-12.0145;-1.52459;10.0082;1.34911;2.41718;
-12.132;-1.17506;10.1054;0.971818;2.45058;
-12.288;-1.56041;10.2354;1.30007;2.44696;
-12.4313;-1.43329;10.3519;1.16515;2.45902;
-12.5833;-1.51906;10.4776;1.25692;2.45035;
-12.7343;-1.51048;10.6017;1.24127;2.45371;
-12.8836;-1.4927;10.7401;1.38314;2.39427;
-13.0262;-1.42666;10.8797;1.39651;2.36687;
-13.158;-1.31785;11.0153;1.35563;2.34206;
-13.2984;-1.40376;11.1581;1.42838;2.3475;
-13.4329;-1.34458;11.3088;1.50736;2.29918;
-13.5646;-1.31716;11.4605;1.51696;2.28581;
-13.6912;-1.26604;11.6113;1.50804;2.26918;
-13.8169;-1.2568;11.7572;1.45839;2.28209;
-13.9315;-1.14662;11.9133;1.56165;2.20413;
-14.0427;-1.1115;12.084;1.70617;2.1482;
-14.1541;-1.1139;12.2557;1.71693;2.14631;
-14.2485;-0.944929;12.4236;1.67924;2.08335;
-14.3585;-1.09998;12.6098;1.86172;2.10446;
-14.45;-0.914181;12.806;1.96276;2.00668;
-14.5333;-0.833531;12.9877;1.81715;2.00086;
-14.6141;-0.807695;13.1691;1.8134;1.98982;
-14.6839;-0.697701;13.3314;1.62286;1.97683;
-14.7605;-0.766561;13.5088;1.77431;1.97861;
-14.8444;-0.83854;13.6916;1.8279;2.0009;
-14.9373;-0.928846;13.8793;1.877;2.03032;
-15.0208;-0.835398;14.0631;1.83854;1.99729;
-15.109;-0.881631;14.2533;1.90125;2.00499;
-15.1975;-0.88561;14.4397;1.8645;2.01423;
-15.2855;-0.880293;14.6252;1.85486;2.01391;
-15.3948;-1.09258;14.794;1.68789;2.14527;
-15.5321;-1.37252;14.9503;1.56339;2.29127;
-15.6639;-1.31878;15.0989;1.48585;2.2967;
-15.8002;-1.36234;15.2737;1.74777;2.2329;
-15.9051;-1.04957;15.4329;1.59228;2.15358;
-15.9987;-0.935726;15.606;1.73115;2.06634;
-16.0969;-0.982418;15.7825;1.76482;2.07874;
-16.1972;-1.00286;15.9523;1.69747;2.10442;
-16.313;-1.15758;16.1458;1.9352;2.10987;
-16.4306;-1.17644;16.3024;1.56632;2.21499;
-16.5467;-1.16061;16.4639;1.61469;2.19402;
-16.662;-1.15315;16.6327;1.68817;2.17007;
-16.7781;-1.1614;16.7959;1.63181;2.18935;
-16.886;-1.07823;16.9228;1.26908;2.27507;
-17.0102;-1.24237;17.0613;1.3853;2.30185;
-17.1686;-1.58404;17.2155;1.54171;2.36974;
-17.2955;-1.26862;17.3689;1.53426;2.2617;
-17.4231;-1.2765;17.524;1.55031;2.25963;
-17.5491;-1.25956;17.6732;1.49267;2.2717;
-17.6697;-1.20595;17.8133;1.40078;2.28159;
-17.7952;-1.2549;17.9557;1.42362;2.29329;
-17.9377;-1.42558;18.1026;1.46896;2.34121;
-18.0858;-1.48117;18.2416;1.39093;2.38761;
-18.2364;-1.50535;18.3817;1.40053;2.39225;
-18.3891;-1.52705;18.4982;1.16478;2.48997;
-18.541;-1.51891;18.617;1.188;2.47784;
-18.6935;-1.52539;18.7329;1.15897;2.49186;
-18.8511;-1.57596;18.8512;1.1833;2.49755;
-19.021;-1.69938;18.9678;1.16628;2.54012;
-19.1884;-1.67402;19.0751;1.07274;2.5717;
-19.3629;-1.74453;19.1683;0.932181;2.65085;
-19.5491;-1.86245;19.2518;0.834538;2.72033;
-19.7613;-2.12202;19.3202;0.684643;2.8295;
-19.9538;-1.92446;19.4063;0.861014;2.7209;
-20.1608;-2.06965;19.5104;1.0401;2.67591;
-20.3194;-1.58661;19.6164;1.06001;2.5526;
-20.4791;-1.59674;19.7264;1.10028;2.53823;
-20.6438;-1.64681;19.8264;1.00012;2.59581;
-20.8197;-1.75966;19.9417;1.15269;2.56166;
-21.0045;-1.84721;20.071;1.29289;2.53093;
-21.1734;-1.68986;20.203;1.32072;2.4782;
-21.33;-1.5657;20.3471;1.44067;2.39776;
-21.4761;-1.46069;20.4796;1.32555;2.40466;
-21.6263;-1.50189;20.6108;1.31162;2.42372;
-21.7898;-1.63515;20.73;1.19183;2.51174;
-21.9406;-1.50836;20.8698;1.39798;2.39416;
-22.0881;-1.47447;21.0056;1.35835;2.39716;
-22.2353;-1.47264;21.1429;1.37314;2.39115;
-22.388;-1.52668;21.2881;1.45175;2.38135;
-22.5297;-1.41673;21.4366;1.48458;2.33281;
-22.6606;-1.30911;21.5964;1.59826;2.25707;
-22.788;-1.27442;21.742;1.45601;2.28979;
-22.9198;-1.31738;21.8923;1.50324;2.29039;
-23.0445;-1.24775;22.0351;1.42728;2.28918;
-23.1804;-1.35861;22.1985;1.63479;2.26419;
-23.2961;-1.15711;22.3512;1.52704;2.21924;
-23.4037;-1.07617;22.5164;1.65162;2.14829;
-23.5118;-1.08035;22.6854;1.69004;2.13957;
-23.6473;-1.35584;22.8764;1.91046;2.188;
-23.7823;-1.34932;23.0321;1.55681;2.28492;
-23.9059;-1.236;23.1767;1.44569;2.27816;
-24.0219;-1.16066;23.3316;1.54858;2.21398;
-24.1422;-1.20294;23.4963;1.6478;2.20139;
-24.2493;-1.07059;23.6663;1.70005;2.1328;
-24.3646;-1.15267;23.8401;1.7376;2.15651;
-24.4696;-1.0504;24.0105;1.70405;2.12319;
-24.5766;-1.06999;24.1821;1.71554;2.12846;
-24.6929;-1.16259;24.3321;1.50077;2.22989;
-24.8152;-1.223;24.4901;1.57953;2.22966;
-24.9391;-1.23928;24.6532;1.63103;2.22055;
-25.0538;-1.14724;24.8011;1.47912;2.2305;
-25.1618;-1.07988;24.9598;1.58679;2.16835;
-25.2726;-1.10835;25.1261;1.66338;2.15856;
-25.3664;-0.937872;25.2816;1.55467;2.11361;
-25.4702;-1.03791;25.4552;1.73641;2.10955;
-25.5856;-1.1538;25.6566;2.01348;2.09115;
-25.7077;-1.22149;25.8326;1.76023;2.17744;
-25.8308;-1.23106;25.9908;1.58213;2.23204;
-25.946;-1.15142;26.1267;1.35879;2.27377;
-26.0752;-1.29213;26.2754;1.48717;2.28613;
-26.1936;-1.18446;26.414;1.38545;2.27815;
-26.3241;-1.30442;26.5667;1.52764;2.27754;
-26.4477;-1.23628;26.7141;1.47347;2.26888;
-26.586;-1.38308;26.8687;1.5465;2.30047;
-26.7622;-1.76216;27.0074;1.38679;2.47484;
-26.9052;-1.42977;27.1294;1.22027;2.43509;
-27.0399;-1.34686;27.2663;1.36886;2.34809;
-27.1769;-1.36987;27.4205;1.54236;2.29703;
-27.3164;-1.39477;27.5779;1.57376;2.29597;
-27.4493;-1.3298;27.729;1.51042;2.29268;
-27.5761;-1.26705;27.8808;1.51886;2.26605;
-27.6954;-1.19329;28.0305;1.49645;2.24396;
-27.8265;-1.31101;28.1794;1.48888;2.29275;
-27.9588;-1.32316;28.3277;1.48343;2.29915;
-28.0896;-1.30837;28.4881;1.60396;2.25505;
-28.2188;-1.29158;28.6444;1.56309;2.26137;
-28.3698;-1.51005;28.8049;1.60498;2.32573;
-28.5074;-1.37566;28.9436;1.38692;2.35212;
-28.6621;-1.54754;29.0881;1.44472;2.39055;
-28.8048;-1.42659;29.2237;1.35572;2.38166;
-28.9492;-1.44398;29.3728;1.49096;2.34019;
-29.0775;-1.28339;29.5165;1.43763;2.29957;
-29.2082;-1.30727;29.6711;1.54631;2.27262;
-29.3259;-1.17646;29.8283;1.57136;2.21346;
-29.4284;-1.025;29.9776;1.49343;2.17229;

-29.5493;-1.20928;-29.8532;1.6917;2.19141;
-29.6672;-1.17892;-29.703;1.50235;2.23615;
-29.804;-1.36831;-29.5431;1.59901;2.2786;
-29.9358;-1.31721;-29.3919;1.51147;2.28763;

29.9128;-1.51488;-29.2542;1.37714;2.40379;
29.7642;-1.48573;-29.1194;1.34848;2.40458;
29.6216;-1.42627;-28.9817;1.37694;2.37379;
29.4737;-1.47827;-28.8671;1.14541;2.48239;
29.3126;-1.61091;-28.7555;1.11619;2.53565;
29.1487;-1.63982;-28.6458;1.09725;2.55189;
28.9736;-1.7501;-28.5351;1.10676;2.57769;
28.8055;-1.68093;-28.4269;1.08224;2.56956;
28.6432;-1.62396;-28.313;1.13888;2.53;
28.4786;-1.64569;-28.2023;1.10705;2.54943;
28.3058;-1.72832;-28.1079;0.944062;2.64165;
28.1351;-1.70661;-28.0126;0.952848;2.63238;
27.9705;-1.64566;-27.9256;0.86952;2.65551;
27.7969;-1.73608;-27.8379;0.877514;2.67359;
27.6319;-1.65009;-27.7581;0.797811;2.69124;
27.4645;-1.67359;-27.6708;0.872802;2.66088;
27.2844;-1.80108;-27.5788;0.920001;2.66934;
27.1083;-1.76111;-27.4854;0.934087;2.65392;
26.9221;-1.86239;-27.3992;0.862647;2.70782;
26.7326;-1.89507;-27.3207;0.784211;2.74923;
26.5469;-1.8568;-27.2566;0.640951;2.80921;
26.3782;-1.68718;-27.1761;0.805527;2.69616;
26.2103;-1.67897;-27.0932;0.828631;2.68313;
26.0259;-1.84357;-27.01;0.832121;2.71761;
25.8258;-2.00163;-26.9199;0.901185;2.71855;
25.643;-1.82812;-26.8364;0.834693;2.71328;
25.4588;-1.8417;-26.7519;0.845024;2.71142;
25.2807;-1.78117;-26.6736;0.783175;2.72734;
25.0994;-1.81264;-26.5954;0.782298;2.73416;
24.91;-1.89357;-26.4932;1.02179;2.64676;
24.7351;-1.74984;-26.3982;0.949989;2.64422;
24.5609;-1.74191;-26.3208;0.774006;2.72345;
24.396;-1.64881;-26.231;0.898302;2.64274;
24.2311;-1.64878;-26.1414;0.895701;2.64394;
24.0807;-1.50414;-26.0097;1.31737;2.42229;
23.937;-1.43707;-25.8649;1.44774;2.3525;
23.823;-1.13961;-25.6914;1.73464;2.15206;
23.7136;-1.09467;-25.5271;1.6433;2.15843;
23.5968;-1.16775;-25.3625;1.64543;2.188;
23.4739;-1.22877;-25.1993;1.63224;2.21609;
23.3552;-1.18732;-25.051;1.48368;2.24569;
23.234;-1.21155;-24.9028;1.48183;2.25618;
23.0935;-1.40553;-24.7414;1.6137;2.28736;
22.9455;-1.47948;-24.6015;1.39883;2.38421;
22.8027;-1.42859;-24.4925;1.0903;2.4897;
22.6516;-1.51072;-24.3722;1.203;2.46911;
22.4957;-1.55925;-24.2523;1.19925;2.48597;
22.333;-1.62698;-24.1348;1.17428;2.51642;
22.1671;-1.65852;-24.0202;1.14637;2.5368;
22.0113;-1.5585;-23.9216;0.986353;2.57734;
21.842;-1.6924;-23.8138;1.07811;2.57439;
21.6725;-1.69519;-23.7007;1.13011;2.5536;
21.4946;-1.77941;-23.6029;0.978311;2.63891;
21.3068;-1.87757;-23.5259;0.769928;2.75244;
21.1186;-1.88179;-23.4494;0.764834;2.75555;
20.9249;-1.93734;-23.3567;0.927293;2.69518;
20.7498;-1.75125;-23.2667;0.900399;2.66669;
20.5903;-1.59514;-23.1954;0.712627;2.72145;
20.418;-1.72305;-23.0972;0.981574;2.62377;
20.2601;-1.57823;-23.0168;0.804453;2.6702;
20.0857;-1.74458;-22.9279;0.888698;2.67045;
19.9082;-1.77445;-22.8359;0.920479;2.66307;
19.7361;-1.72088;-22.7328;1.03058;2.60201;
19.5664;-1.69749;-22.6506;0.822489;2.6904;
19.3879;-1.78451;-22.5568;0.937665;2.65779;
19.216;-1.71984;-22.4673;0.895126;2.6617;
19.0377;-1.78287;-22.3643;1.03012;2.61767;
18.8644;-1.73268;-22.2644;0.998415;2.61884;
18.692;-1.72397;-22.1647;0.997839;2.6169;
18.5185;-1.73535;-22.0632;1.01466;2.6125;
18.3434;-1.75096;-21.9545;1.08671;2.58614;
18.1752;-1.68191;-21.8499;1.04648;2.58501;
17.9995;-1.75693;-21.756;0.938773;2.65086;
17.8341;-1.65342;-21.6575;0.984975;2.60433;
17.6632;-1.70908;-21.5587;0.988268;2.61732;
17.4866;-1.76652;-21.4564;1.0228;2.61676;
17.3113;-1.75273;-21.3547;1.01702;2.61582;
17.1424;-1.68895;-21.2529;1.01823;2.59906;
16.971;-1.71413;-21.1488;1.04093;2.59585;
16.8122;-1.5884;-21.0328;1.15947;2.51104;
16.6621;-1.5004;-20.9097;1.23167;2.45424;
16.5064;-1.55701;-20.7861;1.2357;2.47074;
16.3519;-1.54496;-20.6668;1.19254;2.48423;
16.1876;-1.64372;-20.5476;1.19279;2.51385;
16.0222;-1.65398;-20.4434;1.04176;2.57951;
15.818;-2.04179;-20.3408;1.02581;2.67602;
15.6293;-1.88714;-20.2613;0.795222;2.74278;
15.4362;-1.93114;-20.1726;0.886818;2.7111;
15.2506;-1.85603;-20.1059;0.666797;2.79669;
15.0563;-1.94276;-20.0382;0.676964;2.8063;
14.8719;-1.8435;-19.9684;0.698167;2.77957;
14.6705;-2.01434;-19.8911;0.77275;2.77528;
14.4658;-2.04661;-19.8089;0.822748;2.75936;
14.287;-1.78831;-19.7261;0.827671;2.70813;
14.1055;-1.81507;-19.6421;0.840076;2.70812;
13.9206;-1.84904;-19.5604;0.8169;2.72558;
13.7332;-1.87416;-19.4867;0.736804;2.76702;
13.538;-1.95189;-19.4249;0.618259;2.83484;
13.3269;-2.11062;-19.3688;0.561329;2.88166;
13.1419;-1.85059;-19.3206;0.481039;2.88728;
12.9368;-2.051;-19.2856;0.350179;2.97249;
12.736;-2.00748;-19.255;0.306497;2.99009;
12.5421;-1.93949;-19.2347;0.202765;3.03743;
12.3418;-2.00287;-19.2093;0.253606;3.01564;
12.1399;-2.01856;-19.1773;0.320011;2.98437;
11.938;-2.01948;-19.1464;0.309394;2.98957;
11.7338;-2.04222;-19.1234;0.229596;3.02964;
11.5492;-1.84573;-19.1076;0.158146;3.05612;
11.3587;-1.90471;-19.0821;0.254804;3.00861;
11.1781;-1.80639;-19.0542;0.279305;2.98819;
10.984;-1.94077;-19.0257;0.285266;2.99565;
10.7861;-1.97877;-18.9966;0.290604;2.99577;
10.5818;-2.04288;-18.9745;0.221488;3.03359;
10.3848;-1.97003;-18.9542;0.202313;3.03926;
10.1852;-1.99627;-18.9273;0.269027;3.00763;
9.99024;-1.94952;-18.8977;0.29629;2.99077;
9.77469;-2.15554;-18.8815;0.162508;3.06634;
9.57442;-2.00273;-18.8589;0.225534;3.02945;
9.38083;-1.93588;-18.8299;0.290521;2.99263;
9.18803;-1.92804;-18.8318;-0.0197021;-3.13137;
8.9913;-1.96727;-18.8382;-0.0638937;-3.10913;
8.79152;-1.99781;-18.8586;-0.203464;-3.0401;
8.58539;-2.06132;-18.8932;-0.346719;-2.97495;
8.39076;-1.94625;-18.9266;-0.333745;-2.97176;
8.19712;-1.93646;-18.9742;-0.475377;-2.90087;
8.01546;-1.81655;-19.0201;-0.459559;-2.89381;
7.82656;-1.88896;-19.0654;-0.453339;-2.90605;
7.63407;-1.92493;-19.1051;-0.396142;-2.93863;
7.43829;-1.9578;-19.1459;-0.407959;-2.93616;
7.25123;-1.87056;-19.1799;-0.340106;-2.96174;
7.05849;-1.92741;-19.2168;-0.369437;-2.95221;
6.84756;-2.10938;-19.2495;-0.326512;-2.98802;
6.64273;-2.04826;-19.2885;-0.390051;-2.95342;
6.44422;-1.98512;-19.3274;-0.38911;-2.94803;
6.25938;-1.84837;-19.3596;-0.32244;-2.96889;
6.05499;-2.04394;-19.3774;-0.177867;-3.05479;
5.8569;-1.98087;-19.4084;-0.309956;-2.98638;
5.66136;-1.95541;-19.4381;-0.297302;-2.99071;
5.47626;-1.85095;-19.4717;-0.335336;-2.96237;
5.27933;-1.96932;-19.5061;-0.344441;-2.96844;
5.07962;-1.99707;-19.5294;-0.232834;-3.02553;
4.90106;-1.78567;-19.5418;-0.123747;-3.0724;
4.702;-1.99057;-19.551;-0.0922931;-3.09526;
4.4992;-2.02796;-19.5624;-0.113582;-3.08564;
4.29957;-1.99632;-19.5744;-0.120637;-3.08124;
4.0745;-2.25072;-19.5909;-0.164666;-3.06856;
3.87484;-1.99657;-19.6212;-0.303526;-2.99072;
3.67678;-1.98061;-19.6624;-0.411581;-2.9367;
3.48567;-1.91116;-19.7065;-0.440747;-2.91494;
3.29155;-1.94121;-19.7553;-0.487828;-2.89539;
3.09949;-1.92053;-19.8066;-0.513283;-2.88043;
2.90647;-1.93021;-19.8572;-0.506392;-2.88502;
2.71393;-1.92543;-19.9065;-0.493027;-2.89092;
2.52433;-1.89595;-19.958;-0.514898;-2.87641;
2.33292;-1.91411;-20.0198;-0.617623;-2.82947;
2.13956;-1.93363;-20.0952;-0.754465;-2.76958;
1.96172;-1.77838;-20.1616;-0.663501;-2.7845;
1.76473;-1.96995;-20.2394;-0.778592;-2.7652;
1.58256;-1.82168;-20.2754;-0.359843;-2.94657;
1.38429;-1.98265;-20.3312;-0.558328;-2.86709;
1.17786;-2.06432;-20.3723;-0.410397;-2.94535;
0.984929;-1.92932;-20.381;-0.0873122;-3.09637;
0.795405;-1.89524;-20.3861;-0.0511689;-3.1146;
0.583133;-2.12272;-20.3847;0.0146485;3.13469;
0.382683;-2.0045;-20.3837;0.00926297;3.13697;
0.187931;-1.94752;-20.3964;-0.126621;-3.07667;
0.00220574;-1.85726;-20.4102;-0.138294;-3.06727;
-0.196107;-1.98313;-20.4248;-0.145714;-3.06825;
-0.403487;-2.0738;-20.4383;-0.135029;-3.07657;
-0.60883;-2.05343;-20.4622;-0.238446;-3.02599;
-0.799513;-1.90683;-20.4849;-0.227723;-3.02273;
-0.985734;-1.86222;-20.5136;-0.286615;-2.98888;
-1.2009;-2.15162;-20.5431;-0.295205;-3.00524;
-1.39908;-1.98182;-20.5722;-0.29082;-2.99589;
-1.59763;-1.98556;-20.6041;-0.318902;-2.98234;
-1.79893;-2.01296;-20.636;-0.319306;-2.98428;
-2.00289;-2.03959;-20.6669;-0.309039;-2.99122;
-2.19643;-1.9354;-20.6981;-0.312262;-2.98163;
-2.39327;-1.96846;-20.731;-0.32879;-2.97609;
-2.58208;-1.88803;-20.7625;-0.315213;-2.97616;
-2.78486;-2.02785;-20.7912;-0.28709;-3.00095;
-2.9805;-1.95643;-20.8213;-0.300509;-2.98918;
-3.17189;-1.91381;-20.8546;-0.333177;-2.96923;
-3.37132;-1.99436;-20.8971;-0.424363;-2.93194;
-3.54883;-1.77513;-20.9269;-0.298253;-2.97513;
-3.73141;-1.82574;-20.975;-0.481142;-2.88392;
-3.92358;-1.92169;-21.0304;-0.553902;-2.86096;
-4.11168;-1.88104;-21.0788;-0.48435;-2.88958;
-4.30484;-1.93161;-21.1288;-0.499379;-2.8886;
-4.47688;-1.72035;-21.1676;-0.38886;-2.91929;
-4.65035;-1.73468;-21.1864;-0.187559;-3.03389;
-4.84455;-1.94203;-21.1885;-0.0214523;-3.13055;
-5.04091;-1.96363;-21.1929;-0.0433852;-3.1195;
-5.24098;-2.00064;-21.1979;-0.0505516;-3.11633;
-5.45115;-2.10173;-21.2107;-0.127208;-3.08114;
-5.64539;-1.94243;-21.219;-0.0836711;-3.09854;
-5.84736;-2.01967;-21.2256;-0.0656983;-3.10907;
-6.04718;-1.99823;-21.2333;-0.0773863;-3.10288;
-6.24984;-2.02654;-21.2255;0.0782823;3.10298;
-6.44493;-1.95097;-21.2285;-0.029567;-3.12644;
-6.64123;-1.96292;-21.2369;-0.0844278;-3.09861;
-6.85462;-2.13391;-21.2431;-0.0618288;-3.11263;
-7.06311;-2.08496;-21.2187;0.244355;3.02493;
-7.27543;-2.12317;-21.1822;0.364164;2.97173;
-7.49373;-2.18297;-21.1191;0.631208;2.86012;
-7.68825;-1.94525;-21.0674;0.517443;2.88161;
-7.88327;-1.95015;-21.0219;0.4549;2.91243;
-8.07279;-1.89522;-21.0024;0.19439;3.03938;
-8.23061;-1.57819;-20.9704;0.320401;2.9413;
-8.4269;-1.96288;-20.9289;0.41493;2.93327;
-8.62846;-2.0156;-20.8875;0.414219;2.93891;
-8.82442;-1.9596;-20.8504;0.371165;2.9544;
-9.03204;-2.07629;-20.8029;0.474308;2.91701;
-9.22836;-1.96311;-20.7558;0.47142;2.90592;
-9.42272;-1.94369;-20.7092;0.466165;2.9062;
-9.61743;-1.94708;-20.6697;0.394869;2.94151;
-9.79762;-1.80187;-20.6186;0.510912;2.8653;
-10.0137;-2.16063;-20.552;0.666161;2.84252;
-10.224;-2.10297;-20.4869;0.650963;2.8414;
-10.4121;-1.88124;-20.4257;0.612078;2.82704;
-10.6018;-1.8969;-20.3607;0.649499;2.8117;
-10.7704;-1.6863;-20.3048;0.559643;2.82115;
-10.9509;-1.80453;-20.2334;0.713669;2.76498;
-11.1379;-1.86988;-20.1585;0.749482;2.76038;
-11.3148;-1.76971;-20.085;0.734277;2.7483;
-11.4964;-1.81569;-20.0105;0.745615;2.75194;
-11.6878;-1.91361;-19.9241;0.863515;2.7177;
-11.8594;-1.71606;-19.8549;0.691795;2.75839;
-12.0429;-1.83516;-19.7907;0.641961;2.80508;
-12.221;-1.78116;-19.7157;0.750775;2.74268;
-12.3953;-1.74281;-19.6186;0.970374;2.63355;
-12.5611;-1.65822;-19.5276;0.910533;2.63944;
-12.7209;-1.59751;-19.4389;0.887085;2.6347;
-12.9008;-1.79959;-19.3447;0.94117;2.65972;
-13.0857;-1.84882;-19.2881;0.56666;2.84418;
-13.2777;-1.92039;-19.2293;0.58816;2.84439;
-13.4641;-1.86391;-19.1796;0.496985;2.88102;
-13.6623;-1.98144;-19.1194;0.601706;2.84677;
-13.8541;-1.91863;-19.0665;0.5289;2.87261;
-14.0459;-1.91807;-19.0077;0.588489;2.8439;
-14.2373;-1.91347;-18.9493;0.583335;2.84569;
-14.4369;-1.99581;-18.9013;0.480098;2.90552;
-14.6323;-1.95464;-18.8555;0.458456;2.91121;
-14.8273;-1.94988;-18.8099;0.455638;2.91204;
-15.0256;-1.9826;-18.7536;0.563282;2.86477;
-15.224;-1.98464;-18.7044;0.491641;2.89876;
-15.4225;-1.98409;-18.6801;0.243454;3.0195;
-15.621;-1.98528;-18.6558;0.242968;3.01981;
-15.828;-2.07062;-18.6288;0.269674;3.01208;
-16.0349;-2.06831;-18.5992;0.295973;2.99946;
-16.2292;-1.94311;-18.5619;0.373459;2.95171;
-16.4205;-1.9132;-18.5257;0.361898;2.95464;
-16.6258;-2.05279;-18.4859;0.397869;2.95015;
-16.8234;-1.97617;-18.4505;0.353514;2.96458;
-17.028;-2.04588;-18.4062;0.443173;2.92827;
-17.2267;-1.98703;-18.3635;0.427068;2.92989;
-17.4249;-1.98168;-18.3219;0.415708;2.93482;
-17.6197;-1.94794;-18.268;0.539335;2.87148;
-17.7985;-1.78831;-18.2265;0.415355;2.91338;
-18.0185;-2.20001;-18.1846;0.418559;2.95359;
-18.2255;-2.07016;-18.1459;0.38743;2.95658;
-18.4421;-2.16638;-18.0941;0.517765;2.90699;
-18.6376;-1.95442;-18.0523;0.417402;2.93119;
-18.8324;-1.94822;-18.0107;0.416941;2.93076;
-19.0323;-1.99854;-17.9371;0.735646;2.78889;
-19.213;-1.80725;-17.8721;0.650316;2.79618;
-19.4074;-1.94369;-17.8031;0.689769;2.80058;
-19.5962;-1.88898;-17.7333;0.697766;2.78775;
-19.7927;-1.96442;-17.6763;0.570076;2.85915;
-19.9881;-1.95456;-17.6104;0.658915;2.81644;
-20.1664;-1.78295;-17.5643;0.461126;2.88851;
-20.3602;-1.93763;-17.5176;0.467326;2.90493;
-20.5606;-2.00435;-17.4667;0.508604;2.89309;
-20.748;-1.87359;-17.4286;0.380865;2.94104;
-20.9442;-1.9621;-17.3941;0.345504;2.96729;
-21.1417;-1.97453;-17.3572;0.369058;2.95682;
-21.3402;-1.98578;-17.3188;0.383137;2.95099;
-21.5381;-1.97847;-17.2794;0.39416;2.94494;
-21.7487;-2.10635;-17.2337;0.456891;2.92799;
-21.9393;-1.90546;-17.1908;0.4297;2.91979;
-22.1018;-1.62582;-17.1322;0.585998;2.79566;
-22.2842;-1.82392;-17.0677;0.64433;2.80201;
-22.4707;-1.86483;-17.0165;0.512207;2.87354;
-22.6577;-1.87007;-16.9599;0.566144;2.84762;
-22.8491;-1.91399;-16.9019;0.580059;2.84733;
-23.0423;-1.93169;-16.8449;0.569709;2.8548;
-23.2199;-1.77577;-16.7822;0.627699;2.80182;
-23.4103;-1.904;-16.7191;0.630665;2.82173;
-23.601;-1.90734;-16.6544;0.647085;2.81452;
-23.7961;-1.95044;-16.5957;0.586992;2.84926;
-23.9889;-1.92856;-16.5499;0.45731;2.90877;
-24.1598;-1.7093;-16.5074;0.425397;2.89768;
-24.3638;-2.03938;-16.4662;0.412536;2.942;
-24.5589;-1.95142;-16.4088;0.573526;2.85574;
-24.7522;-1.9326;-16.3476;0.612284;2.83478;
-24.929;-1.76843;-16.2916;0.55948;2.83518;
-25.141;-2.11944;-16.265;0.266675;3.01643;
-25.3114;-1.70446;-16.2365;0.284676;2.9761;
-25.5026;-1.91206;-16.22;0.165031;3.0555;
-25.7016;-1.9902;-16.1986;0.213443;3.03475;
-25.8863;-1.84653;-16.1743;0.24329;3.01059;
-26.1008;-2.14494;-16.1687;0.0561757;3.11541;
-26.3191;-2.18326;-16.1803;-0.115704;-3.08865;
-26.5236;-2.04537;-16.1645;0.157726;3.06463;
-26.7328;-2.09164;-16.1521;0.124446;3.08217;
-26.9139;-1.81059;-16.1328;0.192197;3.03584;
-27.1124;-1.9852;-16.1191;0.136958;3.07271;
-27.2919;-1.79511;-16.1093;0.0986161;3.08671;
-27.4892;-1.97311;-16.103;0.0625314;3.10991;
-27.6865;-1.97312;-16.0987;0.0432666;3.11967;
-27.892;-2.05521;-16.0921;0.0655954;3.10969;
-28.0971;-2.05076;-16.087;0.0513096;3.11658;
-28.2935;-1.9633;-16.0943;-0.0725705;-3.10465;
-28.4849;-1.91461;-16.0932;0.0104971;3.13611;
-28.6934;-2.08491;-16.0854;0.0778877;3.10425;
-28.9036;-2.10234;-16.0681;0.172789;3.05959;
-29.0989;-1.95232;-16.0518;0.163627;3.05798;
-29.2952;-1.96321;-16.0314;0.203541;3.03828;
-29.4749;-1.79668;-15.989;0.424026;2.90983;
-29.6681;-1.93238;-15.9564;0.326103;2.97441;
-29.866;-1.9793;-15.9223;0.341437;2.97077;

29.9355;-1.98491;-15.8665;0.557222;2.86791;
29.7429;-1.9256;-15.8125;0.540566;2.86791;
29.5266;-2.16297;-15.7538;0.586606;2.87676;
29.3103;-2.16336;-15.6971;0.567393;2.8851;
29.1069;-2.03422;-15.6453;0.518023;2.89224;
28.8935;-2.13318;-15.5915;0.537701;2.89467;
28.706;-1.87519;-15.5438;0.477371;2.89232;
28.5224;-1.83676;-15.4814;0.623639;2.81427;
28.3532;-1.69175;-15.4233;0.581643;2.81044;
28.1627;-1.90444;-15.3483;0.749992;2.76643;
28.0134;-1.49317;-15.2733;0.74958;2.67634;
27.841;-1.72431;-15.17;1.03278;2.60194;
27.663;-1.78033;-15.0586;1.11431;2.58234;
27.4939;-1.69038;-14.9521;1.06474;2.57949;
27.3244;-1.69517;-14.8397;1.12416;2.55603;
27.1387;-1.85656;-14.7372;1.0253;2.63702;
26.9639;-1.74828;-14.6383;0.989064;2.62675;
26.8058;-1.58093;-14.5206;1.17649;2.50183;
26.6439;-1.61962;-14.41;1.10641;2.54228;
26.4829;-1.61006;-14.2871;1.22891;2.48965;
26.3116;-1.71234;-14.1463;1.40825;2.45333;
26.1587;-1.52906;-14.016;1.3022;2.43615;
26.0126;-1.46153;-13.8934;1.22678;2.44329;
25.8594;-1.53132;-13.7648;1.28561;2.4432;
25.7153;-1.44139;-13.6449;1.19902;2.44773;
25.5726;-1.42726;-13.515;1.29877;2.40329;
25.4282;-1.44408;-13.3869;1.28074;2.41607;
25.2763;-1.51871;-13.2455;1.41397;2.39189;
25.1332;-1.43119;-13.1029;1.42686;2.35771;
24.9905;-1.4269;-12.9618;1.41086;2.36185;
24.8524;-1.38044;-12.8117;1.50095;2.31439;
24.7182;-1.34265;-12.6645;1.47167;2.31038;
24.6034;-1.14724;-12.505;1.59536;2.19423;
24.4922;-1.11272;-12.3282;1.76749;2.13266;
24.3774;-1.14739;-12.1561;1.72093;2.15884;
24.2464;-1.30987;-11.9699;1.86255;2.18371;
24.1332;-1.13292;-11.8018;1.68041;2.16399;
24.0214;-1.1174;-11.6389;1.62977;2.17181;
23.9357;-0.857668;-11.4433;1.9561;1.98401;
23.8541;-0.815168;-11.2604;1.82887;1.99009;
23.7728;-0.813664;-11.077;1.83375;1.98841;
23.6922;-0.805539;-10.8968;1.8021;1.99115;
23.6401;-0.521189;-10.6987;1.98049;1.82812;
23.5918;-0.483083;-10.4982;2.00545;1.80718;
23.5381;-0.537225;-10.2979;2.00285;1.83286;
23.487;-0.510986;-10.0891;2.088;1.8108;
23.4415;-0.454941;-9.8898;1.99304;1.79522;
23.393;-0.4852;-9.70669;1.83107;1.82983;
23.3417;-0.512567;-9.51183;1.94857;1.82802;
23.2964;-0.452523;-9.31965;1.92181;1.80205;
23.2368;-0.595937;-9.16283;1.56817;1.93396;
23.1728;-0.640587;-8.98743;1.75404;1.92095;
23.1063;-0.665064;-8.79986;1.87574;1.91153;
23.0314;-0.748789;-8.6157;1.84154;1.95699;
22.9535;-0.77858;-8.42884;1.86861;1.96558;
22.8623;-0.912681;-8.26164;1.67202;2.07045;
22.7684;-0.938709;-8.08849;1.73147;2.06759;
22.6651;-1.03291;-7.90853;1.79966;2.09184;
22.5577;-1.07461;-7.74083;1.67694;2.14069;
22.4483;-1.09376;-7.56934;1.71488;2.13855;
22.3448;-1.03484;-7.40639;1.62951;2.1366;
22.2323;-1.12543;-7.24001;1.66385;2.16551;
22.1166;-1.15672;-7.07841;1.61598;2.19205;
22.0272;-0.893951;-6.92301;1.55398;2.09283;
21.9243;-1.02917;-6.73994;1.83072;2.08293;
21.8302;-0.940896;-6.57498;1.64955;2.08916;
21.7379;-0.922879;-6.43154;1.43449;2.14248;
21.6295;-1.08416;-6.25981;1.71721;2.13395;
21.5274;-1.02059;-6.09896;1.60856;2.13618;
21.4338;-0.936597;-5.92707;1.71884;2.06972;
21.3365;-0.972455;-5.75465;1.72425;2.08432;
21.2518;-0.847045;-5.58476;1.69894;2.0333;
21.1675;-0.843044;-5.40971;1.75048;2.01962;
21.0804;-0.870559;-5.23097;1.78742;2.02403;
21.0175;-0.629483;-5.05797;1.72992;1.91978;
20.9394;-0.780864;-4.87042;1.87554;1.96531;
20.8633;-0.761351;-4.69598;1.74441;1.98233;
20.7873;-0.760002;-4.51313;1.8285;1.96471;
20.6771;-1.1021;-4.33471;1.78416;2.12414;
20.5758;-1.01219;-4.14329;1.91421;2.0572;
20.4858;-0.900758;-3.97291;1.70376;2.05713;
20.3934;-0.923567;-3.77535;1.9756;2.0081;
20.309;-0.844443;-3.59447;1.8088;2.00758;
20.2284;-0.805408;-3.41481;1.79665;1.99222;
20.1666;-0.61786;-3.21193;2.02878;1.86642;
20.1011;-0.655529;-3.02488;1.87056;1.90787;
20.0325;-0.686354;-2.83052;1.94357;1.91027;
19.9571;-0.753522;-2.64156;1.88955;1.95025;
19.8974;-0.59714;-2.43335;2.08217;1.85009;
19.8505;-0.469277;-2.24474;1.88607;1.81466;
19.7971;-0.533293;-2.04919;1.95547;1.83704;
19.7383;-0.587867;-1.85779;1.91399;1.86879;
19.687;-0.513183;-1.67059;1.87202;1.83836;
19.6364;-0.506465;-1.48654;1.84055;1.83932;
19.585;-0.513647;-1.29394;1.92594;1.83143;
19.5392;-0.457815;-1.08332;2.10624;1.78483;
19.5023;-0.369819;-0.896944;1.86375;1.76668;
19.4561;-0.461089;-0.701797;1.95147;1.80282;
19.3945;-0.616055;-0.502229;1.99568;1.87021;
19.3372;-0.57289;-0.319093;1.83136;1.87397;
19.2777;-0.595257;-0.127793;1.913;1.87246;
19.2141;-0.636414;0.0782619;2.06055;1.87036;
19.1623;-0.517698;0.273698;1.95436;1.82974;
19.1217;-0.406372;0.46399;1.90293;1.78119;
19.0787;-0.429522;0.660266;1.96276;1.78624;
19.0284;-0.503096;0.866253;2.05987;1.81034;
18.9737;-0.546667;1.06559;1.99334;1.83846;
18.9186;-0.551822;1.25759;1.91999;1.85066;
18.8492;-0.693181;1.44631;1.88723;1.9228;
18.7949;-0.542985;1.64073;1.94416;1.84315;
18.7496;-0.453405;1.83123;1.90501;1.80446;
18.7178;-0.317729;2.03701;2.05781;1.72399;
18.6704;-0.474415;2.23562;1.98608;1.80527;
18.6348;-0.356425;2.44115;2.05535;1.7425;
18.6019;-0.328089;2.64913;2.07981;1.72726;
18.5665;-0.35485;2.86839;2.19263;1.73124;
18.5341;-0.32367;3.06516;1.96761;1.73384;
18.5006;-0.335313;3.26209;1.96936;1.73944;
18.4458;-0.547616;3.4654;2.03309;1.8339;
18.4076;-0.381861;3.65295;1.87553;1.77165;
18.3865;-0.211543;3.82525;1.72292;1.69297;
18.3706;-0.158469;4.01371;1.88469;1.65468;
18.3509;-0.1973;4.21459;2.00872;1.6687;
18.3346;-0.162357;4.41649;2.01899;1.65104;
18.3224;-0.122484;4.61605;1.99562;1.6321;
18.3208;-0.0162186;4.82958;2.13532;1.57839;
18.3148;-0.0600059;5.03067;2.0109;1.60063;
18.3178;0.0303118;5.22813;1.97458;1.55545;
18.3321;0.142643;5.44188;2.13756;1.50416;
18.3404;0.0830022;5.62937;1.8749;1.52656;
18.3544;0.139946;5.83813;2.08752;1.50386;
18.3582;0.0387526;6.05272;2.14598;1.55274;
18.3669;0.0867069;6.25794;2.05222;1.52857;
18.3769;0.0998395;6.45798;2.00035;1.52093;
18.3876;0.10731;6.64407;1.86089;1.51319;
18.4141;0.264367;6.83856;1.94488;1.43569;
18.4208;0.0676282;7.03256;1.94002;1.53595;
18.4246;0.0377332;7.21869;1.86127;1.55053;
18.428;0.0340123;7.41952;2.00834;1.55386;
18.4512;0.231884;7.61525;1.95726;1.45287;
18.4749;0.23666;7.81368;1.98433;1.45209;
18.4983;0.234697;8.01249;1.98812;1.45329;
18.5217;0.233813;8.21108;1.98586;1.4536;
18.552;0.302566;8.40585;1.94771;1.41668;
18.5823;0.303651;8.6045;1.98656;1.41912;
18.6249;0.426232;8.79674;1.92235;1.3526;
18.6888;0.638241;8.98847;1.91731;1.24945;
18.7522;0.634055;9.17835;1.8988;1.24851;
18.8272;0.750439;9.35315;1.74801;1.16528;
18.893;0.657638;9.5444;1.91247;1.2396;
18.9706;0.77601;9.74641;2.02011;1.20403;
19.0338;0.63228;9.93321;1.86801;1.24442;
19.1042;0.703863;10.1212;1.88016;1.21258;
19.1603;0.561194;10.2948;1.73532;1.25802;
19.221;0.606678;10.485;1.90285;1.26216;
19.2769;0.5596;10.6665;1.81491;1.27171;
19.3364;0.594378;10.8378;1.71302;1.23682;
19.4082;0.718125;11.0269;1.8904;1.20775;
19.4732;0.650065;11.2223;1.95451;1.24971;
19.5497;0.764457;11.4121;1.89758;1.18783;
19.6097;0.60038;11.5843;1.72173;1.23527;
19.6667;0.56999;11.792;2.07722;1.30299;
19.7143;0.476314;11.9657;1.73711;1.30317;
19.7614;0.471064;12.1587;1.93037;1.33145;
19.7958;0.343997;12.3765;2.17771;1.41413;
19.8293;0.335014;12.5752;1.98688;1.40375;
19.858;0.286598;12.7693;1.94126;1.42422;
19.8963;0.382976;12.9721;2.02793;1.38414;
19.9471;0.507846;13.1699;1.97821;1.3195;
19.9887;0.416458;13.3529;1.82946;1.34697;
20.0308;0.420511;13.5404;1.87497;1.35017;
20.0728;0.420337;13.7359;1.95569;1.35909;
20.1201;0.4735;13.9326;1.96669;1.33453;
20.1564;0.362842;14.1373;2.04727;1.39539;
20.1928;0.363226;14.3268;1.89497;1.38141;
20.2547;0.619049;14.5217;1.94832;1.26315;
20.2818;0.271712;14.7297;2.08084;1.44095;
20.293;0.111219;14.9281;1.98319;1.51477;
20.3042;0.112051;15.1278;1.99687;1.51474;
20.3091;0.0492992;15.3335;2.05728;1.54684;
20.3239;0.147743;15.5308;1.97328;1.49606;
20.3549;0.310368;15.7119;1.81111;1.40108;
20.3733;0.183544;15.9017;1.89736;1.47436;
20.3921;0.188336;16.0997;1.98;1.47596;
20.4207;0.285677;16.3072;2.075;1.43398;
20.4476;0.269416;16.5033;1.96119;1.43428;
20.5271;0.795438;16.6857;1.82407;1.15958;
20.6084;0.812444;16.8615;1.75855;1.13801;
20.7024;0.939803;17.0489;1.87385;1.10592;
20.7831;0.80705;17.1903;1.41348;1.052;
20.8882;1.05175;17.3685;1.78241;1.03771;
20.9951;1.06864;17.5417;1.73143;1.01783;
21.0995;1.04366;17.6997;1.58059;0.987219;
21.2007;1.01235;17.8651;1.65396;1.02155;
21.3044;1.0366;18.0484;1.83245;1.05599;
21.4155;1.11128;18.217;1.68683;0.988262;
21.521;1.05534;18.3746;1.57513;0.980488;
21.64;1.18979;18.552;1.77483;0.980237;
21.7568;1.16829;18.7182;1.66194;0.958082;
21.8679;1.11098;18.8812;1.62947;0.972388;
21.988;1.20063;19.0582;1.77044;0.974883;
22.0981;1.10114;19.2197;1.61472;0.972297;
22.2119;1.13763;19.3976;1.77938;1.00195;
22.3196;1.07686;19.5706;1.72932;1.01385;
22.4292;1.09684;19.7325;1.61947;0.975483;
22.538;1.08732;19.9026;1.70139;1.00214;
22.6557;1.17687;20.0635;1.60871;0.939201;
22.7697;1.14007;20.2245;1.60952;0.954501;
22.9015;1.31822;20.3841;1.59628;0.880516;
23.0258;1.24296;20.5254;1.41317;0.849392;
23.1563;1.30461;20.6754;1.4999;0.854919;
23.2692;1.1296;20.8333;1.57888;0.949782;
23.383;1.13804;21.0083;1.74961;0.994104;
23.492;1.08968;21.1762;1.67925;0.995186;
23.6204;1.2838;21.3435;1.6736;0.916448;
23.7432;1.2284;21.5093;1.65803;0.933158;
23.8628;1.1957;21.6704;1.61064;0.932193;
23.9923;1.29547;21.8198;1.49355;0.8563;
24.1245;1.32172;21.9744;1.54588;0.86341;
24.2389;1.14456;22.1225;1.48117;0.9129;
24.3509;1.11917;22.2986;1.76166;1.00483;
24.4774;1.2655;22.48;1.81346;0.961522;
24.5927;1.15272;22.6434;1.63383;0.95637;
24.7061;1.13382;22.7986;1.55203;0.939865;
24.8008;0.947782;22.9398;1.41266;0.979855;
24.9265;1.25613;23.1304;1.90581;0.988045;
25.0246;0.981071;23.2836;1.53154;1.00107;
25.1047;0.800908;23.4451;1.61517;1.11046;
25.2011;0.964148;23.6117;1.66585;1.04613;
25.3009;0.998653;23.7882;1.7649;1.05587;
25.3919;0.909972;23.9628;1.74642;1.09045;
25.4544;0.624302;24.106;1.43196;1.15966;
25.5313;0.768897;24.2888;1.8279;1.17262;
25.5958;0.645247;24.487;1.98188;1.25605;
25.6515;0.556931;24.6685;1.81552;1.27315;
25.7281;0.766117;24.853;1.84507;1.17724;
25.7893;0.612128;25.0151;1.62089;1.20971;
25.8698;0.804883;25.1961;1.80997;1.15236;
25.9462;0.764421;25.3783;1.82203;1.17356;
26.048;1.01814;25.562;1.83701;1.06471;
26.1123;0.642491;25.7259;1.63907;1.19722;
26.1736;0.61308;25.9261;2.00155;1.27357;
26.2343;0.607424;26.1315;2.05417;1.28329;
26.3067;0.723189;26.3359;2.04423;1.23077;
26.3851;0.783919;26.5347;1.98815;1.19522;
26.4617;0.766351;26.7388;2.04084;1.21158;
26.5265;0.648342;26.9234;1.84583;1.23301;
26.6129;0.864112;27.1266;2.03227;1.16876;
26.6881;0.751292;27.3045;1.7787;1.17115;
26.7666;0.785631;27.4879;1.83387;1.16605;
26.8433;0.766725;27.6727;1.84768;1.17746;
26.9116;0.682665;27.8622;1.89529;1.22507;
26.9772;0.656698;28.0652;2.03058;1.25801;
27.0397;0.624989;28.2593;1.94077;1.25925;
27.1069;0.671317;28.4556;1.96274;1.24124;
27.1616;0.547117;28.6444;1.88802;1.28874;
27.2167;0.550869;28.8397;1.95263;1.29583;
27.264;0.473651;29.0352;1.95543;1.33315;
27.2946;0.306141;29.2192;1.84007;1.40593;
27.3213;0.266605;29.4307;2.11493;1.4454;
27.3325;0.111565;29.6413;2.10641;1.51788;
27.3287;-0.037611;29.8364;1.95057;1.59008;

27.3237;-0.0503776;-29.9633;2.00319;1.59594;
27.3101;-0.13571;-29.7434;2.19915;1.63243;
27.3047;-0.0539429;-29.5466;1.96793;1.5982;
27.3294;0.246649;-29.3422;2.04375;1.45069;
27.3513;0.219163;-29.1391;2.03093;1.4633;
27.368;0.167171;-28.9537;1.8536;1.48085;
27.3687;0.00709546;-28.7454;2.08385;1.56739;
27.3783;0.0961453;-28.5546;1.90762;1.52044;
27.3734;-0.0488121;-28.3723;1.82305;1.59756;
27.3712;-0.0219437;-28.1721;2.00151;1.58176;
27.3698;-0.0148473;-27.9625;2.09666;1.57788;
27.3639;-0.0585703;-27.763;1.99503;1.60015;
27.3439;-0.200007;-27.5493;2.1363;1.66415;
27.3315;-0.123964;-27.3498;1.99498;1.63285;
27.3265;-0.0495795;-27.1599;1.89892;1.5969;
27.3391;0.125366;-26.9517;2.08238;1.51067;
27.3413;0.0218138;-26.762;1.89748;1.5593;
27.348;0.0670944;-26.5692;1.9274;1.536;
27.3642;0.162024;-26.3702;1.99023;1.48957;
27.3895;0.253152;-26.1698;2.00406;1.44514;
27.4135;0.239948;-25.9629;2.06934;1.45536;
27.4545;0.410173;-25.7563;2.06542;1.37476;
27.4907;0.362134;-25.5614;1.949;1.38709;
27.5466;0.559262;-25.3545;2.06936;1.30684;
27.5975;0.508321;-25.1485;2.06001;1.32887;
27.6636;0.661382;-24.9729;1.75589;1.21057;
27.7335;0.698746;-24.7797;1.93221;1.2238;
27.8041;0.706275;-24.5855;1.94132;1.22187;
27.8603;0.561954;-24.376;2.0955;1.30879;
27.9051;0.447538;-24.1843;1.91671;1.34141;
27.956;0.509494;-24.0023;1.82013;1.29786;
28.0118;0.557873;-23.8102;1.92113;1.28818;
28.0767;0.648725;-23.6192;1.9099;1.24336;
28.1364;0.59695;-23.4387;1.80518;1.25143;
28.1992;0.628489;-23.2489;1.89797;1.25102;
28.2593;0.601102;-23.058;1.90918;1.26577;
28.3074;0.480742;-22.8759;1.82095;1.31268;
28.3746;0.672134;-22.6573;2.18528;1.27241;
28.448;0.73421;-22.4612;1.9612;1.21258;
28.5288;0.807669;-22.273;1.88256;1.16552;
28.5962;0.673591;-22.0905;1.82515;1.21724;
28.6684;0.722315;-21.9257;1.64795;1.15771;
28.753;0.845633;-21.7449;1.80783;1.13327;
28.8394;0.863982;-21.5634;1.81463;1.12644;
28.9062;0.668716;-21.3932;1.70179;1.19638;
28.9775;0.71244;-21.1993;1.93933;1.21874;
29.0506;0.730975;-21.026;1.73263;1.17156;
29.1343;0.837444;-20.8519;1.74178;1.12263;
29.2116;0.773228;-20.6863;1.65522;1.13378;
29.2931;0.814636;-20.4975;1.88832;1.16351;
29.3862;0.930781;-20.3329;1.64554;1.05603;
29.4773;0.911113;-20.1639;1.69096;1.07658;
29.5642;0.869552;-20.0066;1.57284;1.06576;
29.6594;0.951134;-19.8327;1.73834;1.07014;
29.757;0.976858;-19.651;1.8173;1.07757;
29.8471;0.900224;-19.488;1.63045;1.06632;
29.9316;0.844918;-19.3017;1.86292;1.145;

-29.9858;0.826614;-19.1195;1.822;1.14488;
-29.888;0.977628;-18.9371;1.82332;1.07863;
-29.7865;1.01486;-18.7607;1.76396;1.04871;
-29.6843;1.02246;-18.5852;1.75567;1.04344;
-29.5723;1.1198;-18.4117;1.73511;0.997675;
-29.4651;1.07216;-18.2464;1.65265;0.995298;
-29.3694;0.956708;-18.0925;1.53929;1.0147;
-29.2579;1.11545;-17.9177;1.74789;1.00278;
-29.1434;1.14424;-17.756;1.6166;0.954849;
-29.0328;1.10624;-17.5902;1.65862;0.982589;
-28.9221;1.10681;-17.4372;1.5295;0.944378;
-28.8128;1.09318;-17.2612;1.76033;1.01507;
-28.704;1.08781;-17.0851;1.76076;1.01739;
-28.6014;1.02631;-16.9237;1.61441;1.00452;
-28.498;1.03372;-16.7549;1.68737;1.02115;
-28.3581;1.39942;-16.606;1.489;0.8164;
-28.2049;1.53171;-16.4461;1.59965;0.807092;
-28.0687;1.36278;-16.2999;1.46144;0.820319;
-27.9393;1.29314;-16.1357;1.64198;0.903695;
-27.834;1.05308;-15.9739;1.61767;0.993728;
-27.7181;1.15924;-15.7838;1.90162;1.02334;
-27.6197;0.983584;-15.5919;1.91875;1.09711;
-27.5457;0.740502;-15.3892;2.02724;1.22058;
-27.4757;0.700039;-15.1941;1.95085;1.22627;
-27.3903;0.854335;-14.9914;2.02673;1.17187;
-27.3242;0.660108;-14.806;1.8544;1.22882;
-27.2605;0.637451;-14.6132;1.92798;1.25148;
-27.2099;0.505555;-14.4326;1.8057;1.29781;
-27.1476;0.623623;-14.2427;1.89938;1.25356;
-27.0961;0.5148;-14.061;1.81635;1.29461;
-27.0392;0.568669;-13.8642;1.96867;1.28959;
-26.9833;0.559141;-13.6702;1.93981;1.29016;
-26.9212;0.621542;-13.4739;1.96336;1.26421;
-26.8608;0.60358;-13.2886;1.85304;1.25591;
-26.7982;0.626467;-13.1033;1.85276;1.24474;
-26.7287;0.694506;-12.9128;1.90505;1.22121;
-26.6748;0.539232;-12.7219;1.90876;1.29547;
-26.6294;0.453476;-12.5285;1.93409;1.34049;
-26.5707;0.587003;-12.3103;2.18158;1.30795;
-26.5086;0.621269;-12.1188;1.91581;1.25721;
-26.4412;0.674408;-11.9257;1.93073;1.23474;
-26.3728;0.683563;-11.7421;1.836;1.21439;
-26.3021;0.707282;-11.5536;1.88486;1.21181;
-26.2331;0.689574;-11.3639;1.89664;1.22208;
-26.1722;0.60954;-11.1709;1.93049;1.26496;
-26.1158;0.563557;-11.0089;1.61956;1.23593;
-26.0603;0.555361;-10.8239;1.85012;1.27918;
-26.0288;0.314814;-10.6408;1.83118;1.40054;
-25.9934;0.35433;-10.4425;1.98282;1.39396;
-25.959;0.344063;-10.2468;1.95695;1.39676;
-25.9247;0.342698;-10.05;1.96853;1.39844;
-25.8931;0.316092;-9.85255;1.97415;1.41203;
-25.8827;0.104347;-9.65866;1.93885;1.51703;
-25.8777;0.0495122;-9.44578;2.12883;1.54754;
-25.8717;0.0603269;-9.24549;2.00292;1.54069;
-25.8661;0.0554045;-9.04831;1.97178;1.54271;
-25.8604;0.0575105;-8.84984;1.98471;1.54183;
-25.8523;0.0809173;-8.62302;2.26816;1.53514;
-25.8803;-0.280311;-8.4465;1.76523;1.72828;
-25.9151;-0.347864;-8.2431;2.03398;1.74018;
-25.9463;-0.312384;-8.04845;1.9465;1.72992;
-25.9756;-0.292678;-7.87307;1.7538;1.73615;
-26.0048;-0.292126;-7.66967;2.03402;1.71344;
-26.0394;-0.345644;-7.48542;1.84247;1.75624;
-26.0739;-0.345051;-7.28983;1.95598;1.74541;
-26.0992;-0.252829;-7.0963;1.9353;1.7007;
-26.1125;-0.132891;-6.8886;2.07695;1.63469;
-26.1156;-0.0313295;-6.69129;1.97307;1.58667;
-26.1098;0.0578954;-6.5002;1.91094;1.54051;
-26.0869;0.229088;-6.30273;1.97464;1.4553;
-26.051;0.359157;-6.0777;2.25035;1.41253;
-26.0199;0.310935;-5.88133;1.96364;1.41375;
-25.9767;0.43202;-5.70989;1.71448;1.32395;
-25.9133;0.634213;-5.51733;1.92561;1.25263;
-25.8426;0.706512;-5.32672;1.90607;1.21583;
-25.7809;0.617631;-5.14284;1.83881;1.24675;
-25.7059;0.750027;-4.94883;1.94003;1.20189;
-25.6323;0.735751;-4.76541;1.83425;1.18933;
-25.5568;0.75482;-4.5773;1.8811;1.1892;
-25.4738;0.830423;-4.40277;1.74533;1.1267;
-25.3782;0.955796;-4.23888;1.63884;1.04281;
-25.2835;0.946836;-4.06182;1.77063;1.07974;
-25.1796;1.03914;-3.88548;1.76342;1.0383;
-25.0528;1.26757;-3.71262;1.72854;0.938059;
-24.9312;1.2158;-3.56101;1.51617;0.894905;
-24.8074;1.2388;-3.40243;1.58573;0.907616;
-24.6926;1.14723;-3.21926;1.83168;1.01124;
-24.5872;1.05436;-3.05836;1.60901;0.990713;
-24.4717;1.15479;-2.89468;1.63688;0.956402;
-24.3567;1.14988;-2.73136;1.63319;0.957344;
-24.2454;1.11376;-2.56001;1.71348;0.994423;
-24.1319;1.13466;-2.38673;1.73274;0.991029;
-24.031;1.00852;-2.22353;1.63202;1.01728;
-23.9093;1.21784;-2.06875;1.54782;0.904149;
-23.7836;1.25653;-1.91389;1.54866;0.889163;
-23.6769;1.06682;-1.75495;1.58939;0.97965;
-23.5612;1.15714;-1.60378;1.51164;0.917456;
-23.4428;1.1842;-1.46041;1.43375;0.880434;
-23.3161;1.26672;-1.30732;1.53085;0.879532;
-23.2153;1.00861;-1.16668;1.40647;0.948669;
-23.0949;1.20375;-0.999421;1.67255;0.946963;
-22.9882;1.06655;-0.819207;1.80214;1.03641;
-22.879;1.09241;-0.650574;1.68633;0.995968;
-22.7681;1.10876;-0.480942;1.69631;0.991872;
-22.6473;1.20822;-0.305348;1.75594;0.968118;
-22.5417;1.05545;-0.137871;1.67478;1.00846;
-22.4299;1.11818;0.0338276;1.71698;0.993544;
-22.314;1.15882;0.176959;1.43131;0.890218;
-22.1983;1.15773;0.336996;1.60037;0.944529;
-22.0769;1.21342;0.498339;1.61343;0.925969;
-21.9617;1.15188;0.66143;1.63091;0.955868;
-21.8642;0.975279;0.822016;1.60586;1.02501;
-21.7516;1.12594;0.994863;1.72847;0.993431;
-21.6355;1.16088;1.16915;1.7429;0.983209;
-21.5462;0.893367;1.34069;1.71534;1.09064;
-21.489;0.571539;1.51947;1.78779;1.26137;
-21.4213;0.677812;1.70088;1.81416;1.21323;
-21.3503;0.709336;1.87808;1.77196;1.19002;
-21.2773;0.730485;2.06114;1.8306;1.19112;
-21.2097;0.67531;2.2124;1.51257;1.15089;
-21.1264;0.833083;2.39497;1.82577;1.14272;
-21.0464;0.80076;2.56292;1.67946;1.12588;
-20.95;0.963387;2.73174;1.68819;1.05223;
-20.8498;1.00196;2.90753;1.75797;1.05276;
-20.7702;0.795698;3.09722;1.89683;1.1736;
-20.6881;0.821168;3.28194;1.84718;1.15248;
-20.6088;0.79351;3.4612;1.79268;1.15408;
-20.524;0.84788;3.65409;1.92885;1.15664;
-20.4039;1.20139;3.83089;1.76801;0.973951;
-20.3004;1.03497;3.99768;1.66791;1.01542;
-20.1971;1.03297;4.16732;1.69638;1.02384;
-20.0876;1.0943;4.34736;1.8004;1.02466;
-19.9851;1.02567;4.51645;1.69093;1.02556;
-19.8532;1.31831;4.69981;1.83357;0.947442;
-19.7378;1.15455;4.86115;1.61336;0.949666;
-19.647;0.907761;5.01998;1.58838;1.0516;
-19.5399;1.07068;5.18519;1.65202;0.995757;
-19.4339;1.06024;5.35549;1.70307;1.01396;
-19.3376;0.963038;5.51764;1.62147;1.03485;
-19.2399;0.977314;5.68842;1.70784;1.05103;
-19.1298;1.10042;5.85808;1.69658;0.995396;
-19.0325;0.97377;6.03767;1.79585;1.07394;
-18.9369;0.955198;6.20556;1.67897;1.05354;
-18.8368;1.0014;6.38094;1.75379;1.05198;
-18.7208;1.16004;6.57221;1.91261;1.02559;
-18.6044;1.16355;6.7277;1.55491;0.92838;
-18.4867;1.17773;6.89025;1.62555;0.943807;
-18.3549;1.31762;7.05497;1.64719;0.896102;
-18.2354;1.19538;7.21375;1.58776;0.925462;
-18.1257;1.09708;7.3695;1.55752;0.95714;
-18.0151;1.10509;7.54104;1.71545;0.998513;
-17.9192;0.959014;7.71656;1.7552;1.07073;
-17.8365;0.827159;7.9165;1.99933;1.17852;
-17.7617;0.748509;8.10042;1.83925;1.1843;
-17.7006;0.610589;8.27338;1.72959;1.23143;
-17.6327;0.679611;8.46401;1.90631;1.22834;
-17.5608;0.71841;8.64581;1.81802;1.19447;
-17.4908;0.700488;8.82886;1.83049;1.20531;
-17.4296;0.611821;9.02129;1.92426;1.26295;
-17.3614;0.68195;9.19539;1.74099;1.19746;
-17.2884;0.730234;9.38155;1.86158;1.19698;
-17.2169;0.714769;9.56927;1.87723;1.20699;
-17.146;0.708679;9.75465;1.85377;1.20565;
-17.0723;0.737053;9.94648;1.91832;1.20397;
-16.995;0.772764;10.1359;1.89459;1.18352;
-16.9228;0.722504;10.3163;1.80368;1.1898;
-16.8517;0.71107;10.4963;1.79958;1.19449;
-16.7753;0.763794;10.6816;1.85356;1.17993;
-16.6958;0.794697;10.87;1.88408;1.17164;
-16.6227;0.731662;11.0499;1.79876;1.18448;
-16.5498;0.728655;11.2137;1.63808;1.15226;
-16.4639;0.859213;11.3837;1.69972;1.10276;
-16.3598;1.04066;11.5548;1.7111;1.02438;
-16.2839;0.759064;11.6952;1.40437;1.07528;
-16.1972;0.866716;11.8632;1.67936;1.09435;
-16.1145;0.82729;12.0478;1.8468;1.14964;
-16.0309;0.835614;12.2642;2.16324;1.20217;
-15.9521;0.788528;12.4658;2.0158;1.19792;
-15.8807;0.71351;12.6788;2.13002;1.24757;
-15.7977;0.830164;12.8628;1.84037;1.14704;
-15.7112;0.865232;13.0541;1.9135;1.14614;
-15.6613;0.498899;13.2402;1.86093;1.30886;
-15.6292;0.321479;13.4177;1.77485;1.39161;
-15.5933;0.358332;13.6146;1.96929;1.39081;
-15.5577;0.356373;13.813;1.98366;1.39304;
-15.5362;0.215236;14.0139;2.0087;1.46405;
-15.5103;0.259091;14.2169;2.02969;1.44383;
-15.4919;0.18394;14.4107;1.93852;1.47619;
-15.467;0.248935;14.607;1.96249;1.44462;
-15.4418;0.251452;14.8378;2.30824;1.46229;
-15.433;0.0886418;15.04;2.02232;1.52699;
-15.4242;0.0873544;15.2398;1.99794;1.5271;
-15.4433;-0.190367;15.4536;2.13755;1.65962;
-15.4951;-0.518302;15.6662;2.12622;1.8099;
-15.5347;-0.396287;15.8707;2.04501;1.76221;
-15.5719;-0.371346;16.0705;1.99807;1.75455;
-15.6156;-0.437031;16.2721;2.01643;1.78423;
-15.6495;-0.339184;16.4571;1.84953;1.75217;
-15.6965;-0.470069;16.659;2.0188;1.79957;
-15.7432;-0.467418;16.8583;1.99294;1.80117;
-15.8172;-0.739714;17.0242;1.65965;1.99007;
-15.8844;-0.672177;17.212;1.87787;1.91453;
-15.9501;-0.656649;17.3912;1.79215;1.92201;
-16.0162;-0.661323;17.584;1.92729;1.90134;
-16.0837;-0.674365;17.774;1.90015;1.91183;
-16.1511;-0.674812;17.963;1.89005;1.91372;
-16.2174;-0.662678;18.1568;1.93855;1.90019;
-16.2832;-0.657505;18.346;1.89178;1.90529;
-16.3505;-0.672967;18.5373;1.91307;1.90905;
-16.4072;-0.567346;18.7365;1.99234;1.84822;
-16.462;-0.548271;18.9288;1.92295;1.84855;
-16.5238;-0.618035;19.1132;1.84332;1.8943;
-16.6099;-0.861166;19.2881;1.7488;2.02837;
-16.7042;-0.942635;19.4734;1.85316;2.04135;
-16.777;-0.728016;19.6236;1.50278;2.02192;
-16.8848;-1.07755;19.8147;1.91043;2.08435;
-16.9826;-0.978013;20.0018;1.87116;2.05242;
-17.0799;-0.973448;20.1568;1.54953;2.13171;
-17.1874;-1.07503;20.3477;1.90987;2.08348;
-17.2867;-0.993191;20.5224;1.74702;2.08774;
-17.3992;-1.1243;20.7024;1.7991;2.12934;
-17.4936;-0.944898;20.877;1.74635;2.06676;
-17.5871;-0.934544;21.0497;1.72694;2.06682;
-17.6875;-1.00357;21.2261;1.7642;2.088;
-17.7709;-0.834867;21.3754;1.49292;2.08069;
-17.8665;-0.955892;21.5484;1.72992;2.07561;
-17.952;-0.855152;21.714;1.65638;2.04738;
-18.0465;-0.944915;21.889;1.7501;2.06587;
-18.1719;-1.25338;22.0684;1.7934;2.18077;
-18.2923;-1.20403;22.2338;1.65399;2.20004;
-18.4095;-1.17241;22.3954;1.61648;2.19829;
-18.5255;-1.1601;22.5563;1.60845;2.19565;
-18.6404;-1.14877;22.7078;1.51496;2.21958;
-18.7654;-1.25017;22.8716;1.63868;2.22251;
-18.8858;-1.20339;23.0317;1.60044;2.21552;
-18.9939;-1.08164;23.1886;1.56906;2.17434;
-19.0971;-1.03181;23.3403;1.51691;2.16811;
-19.2094;-1.12263;23.4997;1.59453;2.18424;
-19.3246;-1.15216;23.6867;1.86984;2.12303;
-19.4321;-1.07479;23.867;1.80303;2.10835;
-19.5142;-0.820903;24.0268;1.59827;2.04528;
-19.5885;-0.743042;24.1998;1.72984;1.97651;
-19.6597;-0.711929;24.3947;1.9486;1.92108;
-19.7283;-0.686354;24.5823;1.87594;1.92154;
-19.7995;-0.712605;24.7721;1.89826;1.92992;
-19.8674;-0.678232;24.9879;2.15818;1.87529;
-19.9222;-0.548314;25.1594;1.71458;1.88031;
-19.9849;-0.627095;25.3506;1.91263;1.88762;
-20.0439;-0.589695;25.5242;1.73563;1.89832;
-20.102;-0.581566;25.7115;1.87307;1.87185;
-20.1637;-0.616874;25.93;2.18514;1.84594;
-20.2157;-0.51961;26.1146;1.84523;1.84529;
-20.2595;-0.438103;26.2936;1.79048;1.81077;
-20.3007;-0.412517;26.4864;1.92779;1.7816;
-20.3406;-0.398256;26.6777;1.91313;1.77604;
-20.3842;-0.436462;26.8702;1.92495;1.79377;
-20.4264;-0.422011;27.0632;1.93017;1.78605;
-20.4799;-0.535249;27.2524;1.89151;1.84656;
-20.5276;-0.476838;27.4594;2.07026;1.79718;
-20.559;-0.313509;27.65;1.90618;1.73381;
-20.6012;-0.421909;27.8677;2.17749;1.76218;
-20.6393;-0.38175;28.0688;2.0106;1.75843;
-20.6828;-0.434366;28.2742;2.0536;1.77924;
-20.7213;-0.385275;28.4679;1.93766;1.76707;
-20.7779;-0.565672;28.6643;1.96367;1.85127;
-20.8291;-0.511902;28.8931;2.28821;1.79089;
-20.8657;-0.365838;29.0881;1.94976;1.75627;
-20.911;-0.453466;29.3029;2.14779;1.77887;
-20.9506;-0.39588;29.5178;2.149;1.75297;
-20.9856;-0.350459;29.7102;1.92457;1.75092;
-21.0001;-0.144325;29.9075;1.97219;1.64385;

-20.999;0.0106925;-29.8735;2.19052;1.56592;
-20.9989;0.0012913;-29.6894;1.84131;1.5701;
-20.995;0.0382575;-29.4877;2.01702;1.55183;
-20.9842;0.108702;-29.2894;1.98219;1.51601;
-20.9688;0.154099;-29.0884;2.01045;1.4943;
-20.9602;0.0853855;-28.8726;2.15804;1.53125;
-20.9501;0.101522;-28.6857;1.86905;1.51653;
-20.9493;0.00726472;-28.4775;2.08154;1.56731;
-20.9503;-0.010004;-28.2677;2.09841;1.57556;
-20.9358;0.145261;-28.0805;1.87216;1.49336;
-20.9216;0.141825;-27.9008;1.79628;1.49201;
-20.9367;-0.150683;-27.7069;1.93938;1.64834;
-20.9414;-0.0468534;-27.5008;2.06065;1.59353;
-20.9467;-0.0533405;-27.2865;2.14296;1.59568;
-20.9527;-0.0596436;-27.0883;1.98255;1.60087;
-20.9587;-0.0597402;-26.8865;2.01836;1.60039;
-20.9637;-0.050194;-26.6919;1.94546;1.59659;
-20.9625;0.0120308;-26.486;2.05862;1.56495;
-20.9682;-0.0569835;-26.295;1.91071;1.60061;
-20.996;-0.278184;-26.1089;1.8612;1.71916;
-21.0261;-0.301338;-25.9104;1.98494;1.72146;
-21.0549;-0.287859;-25.7157;1.94657;1.71761;
-21.0754;-0.204694;-25.5403;1.75373;1.68699;
-21.0964;-0.209945;-25.3491;1.91188;1.68017;
-21.1298;-0.334317;-25.1355;2.13603;1.72605;
-21.1603;-0.305318;-24.9118;2.23708;1.70644;
-21.1915;-0.311699;-24.7168;1.94987;1.72931;
-21.2174;-0.258555;-24.4719;2.44951;1.67596;
-21.2393;-0.218878;-24.2765;1.95418;1.68234;
-21.264;-0.247663;-24.0702;2.06249;1.6903;
-21.2953;-0.312386;-23.8881;1.82099;1.74069;
-21.3283;-0.330812;-23.686;2.02104;1.73304;
-21.3736;-0.452793;-23.4695;2.1651;1.77696;
-21.3816;-0.0796433;-23.293;1.7656;1.61587;
-21.3917;-0.101328;-23.1032;1.89712;1.62416;
-21.4053;-0.136023;-22.9196;1.83629;1.64474;
-21.436;-0.306521;-22.7212;1.98438;1.72405;
-21.4644;-0.284165;-22.514;2.07223;1.70708;
-21.4761;-0.11693;-22.331;1.82974;1.63461;
-21.4932;-0.170871;-22.1197;2.11313;1.65148;
-21.5116;-0.184028;-21.9569;1.62725;1.68341;
-21.5335;-0.219594;-21.7596;1.97345;1.68161;
-21.5433;-0.097607;-21.5795;1.80053;1.62495;
-21.5497;-0.0637972;-21.379;2.00518;1.6026;
-21.5567;-0.0702376;-21.1676;2.1146;1.604;
-21.5431;0.136201;-20.9517;2.15891;1.50779;
-21.5523;-0.0919702;-20.7573;1.94427;1.61806;
-21.5682;-0.159275;-20.5395;2.17709;1.64383;
-21.5803;-0.12131;-20.3638;1.7575;1.63971;
-21.5952;-0.148524;-20.1636;2.00187;1.64485;
-21.6077;-0.125599;-19.9445;2.19121;1.62805;
-21.6098;-0.0201754;-19.7455;1.98972;1.58094;
-21.6098;-0.000791496;-19.5472;1.98283;1.5712;
-21.5904;0.194555;-19.3398;2.07459;1.47729;
-21.5708;0.195934;-19.1403;1.99425;1.47286;
-21.5522;0.186337;-18.9379;2.02417;1.479;
-21.5146;0.37568;-18.7439;1.94023;1.37954;
-21.4511;0.634861;-18.5646;1.79275;1.23045;
-21.3841;0.669923;-18.3645;2.00121;1.24776;
-21.3153;0.687969;-18.1891;1.75438;1.19708;
-21.2423;0.730362;-18.0019;1.87218;1.19884;
-21.1574;0.848572;-17.809;1.92849;1.15627;
-21.0764;0.809943;-17.6313;1.77745;1.14323;
-20.9707;1.0572;-17.4547;1.76534;1.03121;
-20.8687;1.02041;-17.2764;1.78365;1.05115;
-20.7659;1.0273;-17.1178;1.58575;0.995946;
-20.6542;1.11781;-16.9337;1.84112;1.02515;
-20.5516;1.02543;-16.7603;1.73324;1.03656;
-20.433;1.1857;-16.5871;1.73219;0.970542;
-20.3116;1.21428;-16.4174;1.69731;0.9498;
-20.1718;1.39813;-16.2432;1.74148;0.894327;
-20.0309;1.40853;-16.1062;1.37061;0.771755;
-19.8893;1.41631;-15.9716;1.34631;0.760066;
-19.7443;1.45004;-15.8337;1.37821;0.760007;
-19.5991;1.45168;-15.6851;1.48674;0.797328;
-19.4634;1.35764;-15.5424;1.42707;0.810327;
-19.3385;1.24929;-15.3924;1.49925;0.876093;
-19.193;1.45448;-15.261;1.31463;0.734935;
-19.0447;1.48335;-15.1268;1.34139;0.735187;
-18.9019;1.4272;-14.995;1.31825;0.745737;
-18.7607;1.41281;-14.8413;1.53674;0.827392;
-18.6251;1.35602;-14.6913;1.50017;0.835824;
-18.4845;1.40543;-14.5527;1.38621;0.778515;
-18.3451;1.39376;-14.422;1.30643;0.753066;
-18.2013;1.43822;-14.2847;1.37383;0.762505;
-18.0763;1.25049;-14.1427;1.41991;0.848758;
-17.9361;1.40164;-13.9799;1.62746;0.859808;
-17.8056;1.305;-13.8285;1.51451;0.859571;
-17.6864;1.19207;-13.6668;1.61682;0.935479;
-17.571;1.15378;-13.5066;1.60222;0.946699;
-17.4498;1.21218;-13.3316;1.74931;0.96482;
-17.3068;1.4298;-13.1864;1.45244;0.793253;
-17.1723;1.34573;-13.0445;1.41888;0.811852;
-17.0356;1.36682;-12.8864;1.58097;0.857916;
-16.8867;1.48836;-12.7374;1.49046;0.786105;
-16.7538;1.32926;-12.5871;1.5031;0.846697;
-16.5909;1.62927;-12.4142;1.72818;0.814849;
-16.4485;1.42415;-12.2587;1.55564;0.829498;
-16.3154;1.3305;-12.1125;1.46132;0.832222;
-16.2021;1.13354;-11.9685;1.44005;0.903939;
-16.0444;1.57677;-11.8072;1.61374;0.796984;
-15.9129;1.31479;-11.6652;1.4197;0.823742;
-15.7655;1.47367;-11.513;1.52182;0.80147;
-15.6158;1.49696;-11.3792;1.33817;0.729448;
-15.4785;1.37376;-11.2425;1.36692;0.782903;
-15.3336;1.44869;-11.1256;1.16862;0.678795;
-15.1834;1.5022;-11.0088;1.16863;0.661149;
-15.0267;1.5672;-10.8778;1.30968;0.69612;
-14.8693;1.57405;-10.7492;1.28634;0.685151;
-14.7038;1.65451;-10.6198;1.29425;0.663825;
-14.5578;1.46038;-10.4945;1.25297;0.709107;
-14.4117;1.46107;-10.3631;1.31401;0.732457;
-14.2634;1.48251;-10.2318;1.31278;0.724752;
-14.117;1.46408;-10.1169;1.14869;0.665268;
-13.9628;1.54158;-9.98835;1.28555;0.695083;
-13.8265;1.36297;-9.84055;1.47807;0.825889;
-13.6863;1.40271;-9.69404;1.46509;0.807147;
-13.5482;1.38115;-9.54218;1.51855;0.832745;
-13.4045;1.43655;-9.39329;1.48887;0.803281;
-13.2691;1.35433;-9.22964;1.63653;0.879473;
-13.1411;1.27972;-9.07127;1.58371;0.891166;
-13.0232;1.17895;-8.91022;1.61054;0.938902;
-12.9046;1.18621;-8.75078;1.59432;0.93113;
-12.7667;1.37914;-8.60254;1.48247;0.821491;
-12.6198;1.46914;-8.4543;1.48239;0.789887;
-12.4655;1.54275;-8.3297;1.24596;0.679373;
-12.2845;1.80984;-8.23264;0.970603;0.492257;
-12.1085;1.75951;-8.14447;0.881679;0.464522;
-11.9296;1.78905;-8.05471;0.897656;0.465048;
-11.7494;1.80214;-7.9611;0.936112;0.479082;
-11.5672;1.822;-7.8812;0.799017;0.413282;
-11.3786;1.88587;-7.80082;0.803778;0.402896;
-11.194;1.8465;-7.7192;0.816138;0.416176;
-11.0041;1.899;-7.66073;0.584747;0.29871;
-10.8182;1.85848;-7.59735;0.633773;0.328651;
-10.6329;1.85358;-7.52468;0.726723;0.373646;
-10.4375;1.95416;-7.45337;0.713066;0.349884;
-10.2418;1.95645;-7.39191;0.614581;0.30437;
-10.0622;1.79575;-7.3269;0.650119;0.347353;
-9.87387;1.88379;-7.25677;0.701347;0.356408;
-9.68805;1.85821;-7.18334;0.734267;0.376317;
-9.49915;1.88897;-7.09963;0.837124;0.417155;
-9.31941;1.79744;-7.00882;0.908092;0.467811;
-9.15387;1.65543;-6.9182;0.906213;0.500859;
-8.97698;1.76886;-6.83019;0.880067;0.461673;
-8.8001;1.76877;-6.73837;0.918185;0.478819;
-8.61822;1.81882;-6.65826;0.801142;0.414903;
-8.4353;1.82927;-6.56288;0.95378;0.480621;
-8.26657;1.6873;-6.47236;0.905185;0.492395;
-8.08037;1.86191;-6.38761;0.847492;0.427147;
-7.90691;1.73469;-6.29765;0.899648;0.478434;
-7.72596;1.80944;-6.22015;0.77498;0.404661;
-7.54066;1.85298;-6.13214;0.880059;0.443402;
-7.36121;1.79457;-6.04079;0.913585;0.470888;
-7.17234;1.8887;-5.95052;0.902618;0.445816;
-6.99219;1.80149;-5.86429;0.862371;0.446461;
-6.79897;1.9322;-5.79396;0.703232;0.349052;
-6.61466;1.84312;-5.74596;0.480053;0.254796;
-6.43844;1.76216;-5.70019;0.457702;0.254124;
-6.25446;1.83984;-5.64555;0.546362;0.288667;
-6.06952;1.84932;-5.59121;0.543376;0.285782;
-5.87324;1.96288;-5.54347;0.477449;0.238605;
-5.68708;1.86156;-5.4807;0.627683;0.32521;
-5.48801;1.99066;-5.41338;0.673172;0.326093;
-5.29854;1.89471;-5.34928;0.641028;0.326237;
-5.10341;1.95133;-5.26891;0.80373;0.390713;
-4.91627;1.87143;-5.1943;0.746099;0.379366;
-4.7368;1.79468;-5.11924;0.750606;0.39613;
-4.54906;1.87742;-5.04559;0.736516;0.373853;
-4.36669;1.82365;-4.97836;0.672271;0.353183;
-4.21416;1.52534;-4.9264;0.519632;0.328335;
-4.02801;1.86142;-4.84949;0.769078;0.391805;
-3.84086;1.8715;-4.77697;0.725223;0.369692;
-3.65838;1.82479;-4.69975;0.77214;0.400293;
-3.46533;1.93057;-4.60111;0.986438;0.472374;
-3.29829;1.6704;-4.5071;0.940115;0.512622;
-3.13005;1.68232;-4.39962;1.07478;0.56851;
-2.96482;1.65238;-4.27979;1.19833;0.627448;
-2.81189;1.52931;-4.16561;1.14178;0.641318;
-2.63338;1.78509;-4.06208;1.03525;0.52554;
-2.45799;1.75387;-3.9607;1.01387;0.524142;
-2.28788;1.70107;-3.87121;0.894906;0.484297;
-2.09727;1.9061;-3.74673;1.24475;0.578506;
-1.93458;1.62691;-3.63809;1.0864;0.588763;
-1.78635;1.48236;-3.53661;1.01485;0.600328;
-1.61184;1.74511;-3.41776;1.18845;0.597874;
-1.44715;1.64683;-3.32007;0.976892;0.5354;
-1.27703;1.70121;-3.20977;1.10302;0.575231;
-1.10137;1.75664;-3.09999;1.09776;0.558544;
-0.93065;1.70718;-2.99243;1.07564;0.562236;
-0.758292;1.72357;-2.87764;1.14791;0.587546;
-0.592577;1.65715;-2.75547;1.22168;0.635271;
-0.421781;1.70796;-2.64097;1.14499;0.590574;
-0.258367;1.63414;-2.53262;1.08351;0.585489;
-0.0973672;1.61;-2.41161;1.21014;0.64455;
0.0632022;1.60569;-2.2917;1.19903;0.641409;
0.219723;1.56521;-2.17864;1.13063;0.625571;
0.401341;1.81618;-2.08092;0.977202;0.493625;
0.577822;1.76481;-1.98619;0.947267;0.492617;
0.761619;1.83797;-1.881;1.05193;0.519828;
0.934892;1.73272;-1.78197;0.990249;0.519199;
1.0997;1.64813;-1.68711;0.948659;0.522283;
1.27363;1.73926;-1.58597;1.01137;0.526701;
1.44474;1.71111;-1.49173;0.942464;0.503451;
1.61933;1.74593;-1.39067;1.01059;0.524705;
1.79358;1.74244;-1.28917;1.01498;0.527457;
1.9682;1.74624;-1.18776;1.01407;0.526123;
2.13816;1.69955;-1.09008;0.976786;0.521632;
2.31278;1.74625;-0.985079;1.05004;0.541381;
2.48453;1.71749;-0.880233;1.04846;0.548074;
2.65169;1.6716;-0.776757;1.03476;0.554291;
2.82266;1.70971;-0.671079;1.05678;0.553624;
2.9955;1.72843;-0.58359;0.874897;0.468579;
3.16486;1.69352;-0.514094;0.694956;0.389407;
3.34975;1.84889;-0.437076;0.770181;0.394704;
3.52778;1.78032;-0.363716;0.733598;0.390859;
3.70874;1.80962;-0.285111;0.786047;0.409782;
3.89941;1.90666;-0.201955;0.83156;0.411264;
4.08432;1.84917;-0.123459;0.784965;0.401443;
4.26764;1.83322;-0.043799;0.796601;0.40992;
4.4406;1.72951;0.0355963;0.793953;0.430363;
4.62054;1.7994;0.106281;0.706844;0.374303;
4.82205;2.01511;0.182102;0.758209;0.359876;
4.99121;1.69158;0.239632;0.575305;0.327828;
5.18372;1.92511;0.304644;0.650116;0.325679;
5.37805;1.94337;0.354714;0.500702;0.252161;
5.57562;1.97565;0.403718;0.490043;0.243134;
5.7719;1.96284;0.44037;0.366515;0.184601;
5.9663;1.94397;0.479675;0.393056;0.199503;
6.16281;1.96507;0.512173;0.324977;0.163893;
6.35664;1.93832;0.539859;0.276865;0.141878;
6.55773;2.01093;0.56315;0.232906;0.115306;
6.75397;1.96236;0.588908;0.257578;0.130513;
6.9472;1.93235;0.619179;0.302714;0.155392;
7.14907;2.01862;0.654208;0.350285;0.171816;
7.34873;1.99661;0.693633;0.39425;0.194951;
7.53989;1.91165;0.727449;0.338163;0.175084;
7.737;1.97107;0.762665;0.352162;0.1768;
7.93116;1.94164;0.787755;0.250895;0.128506;
8.15073;2.19568;0.815828;0.280728;0.127165;
8.35629;2.05559;0.8549;0.390721;0.187836;
8.55343;1.97136;0.872313;0.174136;0.088104;
8.75363;2.00201;0.891274;0.189605;0.0944255;
8.94836;1.94737;0.917337;0.260637;0.13305;
9.14338;1.95017;0.94287;0.255326;0.130184;
9.36591;2.22533;0.963893;0.21023;0.094192;
9.55612;1.90205;0.965442;0.0154866;0.00814187;
9.75117;1.95053;0.961325;-0.0411717;-0.0211049;
9.94734;1.96172;0.947455;-0.138691;-0.0705814;
10.1249;1.77569;0.948176;0.007205;0.00405755;
10.3196;1.94675;0.954969;0.0679277;0.0348786;
10.5081;1.88479;0.976115;0.211461;0.111726;
10.7068;1.98717;0.9984;0.222849;0.111677;
10.9045;1.97728;1.01969;0.212943;0.107282;
11.0932;1.88731;1.03191;0.122118;0.064615;
11.2923;1.99048;1.04572;0.138161;0.0692997;
11.4882;1.9587;1.05475;0.0902478;0.0460429;
11.6934;2.05211;1.07009;0.153406;0.0746165;
11.9066;2.13275;1.074;0.0391266;0.0183436;
12.1105;2.03844;1.07944;0.0543835;0.0266726;
12.3299;2.1938;1.09327;0.13834;0.0629761;
12.5234;1.93518;1.09687;0.0359354;0.0185674;
12.7283;2.04878;1.10337;0.0650571;0.0317435;
12.9238;1.95531;1.10473;0.0135365;0.00692283;
13.125;2.0123;1.10523;0.00507766;0.00252331;
13.3163;1.91255;1.11029;0.0505859;0.0264433;
13.5093;1.92978;1.09916;-0.1113;-0.0576114;
13.6962;1.86943;1.08787;-0.11296;-0.0603514;
13.8956;1.99435;1.07539;-0.124785;-0.0624875;
14.1011;2.0542;1.06211;-0.13279;-0.0645534;
14.3005;1.99393;1.04925;-0.128558;-0.0643858;
14.4885;1.88075;1.03548;-0.137715;-0.0730932;
14.7002;2.11686;1.02531;-0.101742;-0.0480258;
14.9095;2.09265;1.01789;-0.0741313;-0.0354098;
15.1118;2.02352;1.01328;-0.046182;-0.0228187;
15.282;1.70138;1.00098;-0.122999;-0.0721681;
15.474;1.92077;0.989321;-0.116545;-0.0606019;
15.674;1.99988;0.971546;-0.177751;-0.0886479;
15.8818;2.07728;0.952513;-0.190328;-0.0913689;
16.0914;2.09624;0.940393;-0.121194;-0.0577509;
16.2788;1.87438;0.93414;-0.0625381;-0.0333523;
16.4572;1.78407;0.920182;-0.139576;-0.0780757;
16.6537;1.96508;0.904082;-0.160998;-0.0817471;
16.8275;1.7378;0.916192;0.121103;0.0695748;
17.0294;2.01927;0.92604;0.098476;0.0487294;
17.2409;2.11502;0.926378;0.00337956;0.00159788;
17.4548;2.1388;0.924398;-0.0198052;-0.00925968;
17.669;2.1421;0.944962;0.205646;0.0957085;
17.8718;2.02777;0.965194;0.202316;0.0994437;
18.0708;1.99028;0.982056;0.168618;0.0845189;
18.2666;1.95713;0.990337;0.0828161;0.0422898;
18.47;2.03418;1.00094;0.106068;0.0520954;
18.6829;2.12913;1.01345;0.125064;0.0586723;
18.8885;2.05639;1.04409;0.306436;0.147928;
19.1132;2.24692;1.07366;0.295647;0.130827;
19.3027;1.89496;1.09957;0.259126;0.135902;
19.4886;1.85839;1.11952;0.199483;0.106932;
19.6888;2.00242;1.13789;0.183672;0.0914694;
19.9008;2.12034;1.13166;-0.0622936;-0.0293705;
20.0912;1.90333;1.13093;-0.00725904;-0.00381385;
20.2927;2.01522;1.13116;0.00228562;0.00113418;
20.4867;1.94049;1.12507;-0.0609259;-0.0313868;
20.6988;2.12046;1.11155;-0.135165;-0.0636571;
20.9204;2.2161;1.09145;-0.200968;-0.0904384;
21.1082;1.87789;1.06632;-0.251317;-0.133039;
21.2942;1.85986;1.04509;-0.212366;-0.113691;
21.5044;2.10236;1.01502;-0.300697;-0.142064;
21.691;1.86595;0.982501;-0.32515;-0.172522;
21.9053;2.14344;0.947409;-0.350924;-0.16228;
22.1003;1.94987;0.915274;-0.321348;-0.163337;
22.2912;1.90874;0.895188;-0.200857;-0.104844;
22.4915;2.00307;0.87617;-0.190183;-0.094662;
22.6917;2.00177;0.863528;-0.126421;-0.0630708;
22.8996;2.07902;0.851418;-0.121097;-0.0581814;
23.1017;2.02153;0.877162;0.257434;0.126664;
23.2993;1.97523;0.900957;0.237952;0.11989;
23.5058;2.06513;0.915447;0.144901;0.0700507;
23.7043;1.98491;0.937402;0.219551;0.110162;
23.9079;2.03669;0.96768;0.302782;0.147583;
24.1111;2.03159;1.00074;0.330555;0.161294;
24.3049;1.93817;1.02993;0.291907;0.149486;
24.4993;1.94349;1.06076;0.308354;0.157349;
24.6963;1.97074;1.08641;0.256485;0.129419;
24.8746;1.78271;1.12779;0.413772;0.228065;
25.0663;1.91726;1.18181;0.540273;0.274672;
25.2564;1.90057;1.24091;0.590991;0.301477;
25.4608;2.04366;1.33787;0.969609;0.442996;
25.6397;1.78946;1.41911;0.812399;0.426167;
25.8308;1.9114;1.51698;0.978673;0.473217;
26.0029;1.72052;1.62209;1.05106;0.548392;
26.1862;1.83351;1.70836;0.862769;0.439817;
26.3461;1.59823;1.79609;0.877279;0.502004;
26.5373;1.912;1.86642;0.703254;0.352452;
26.7237;1.86451;1.93936;0.729416;0.372907;
26.9134;1.89645;2.01335;0.739889;0.371982;
27.0911;1.77729;2.06826;0.549113;0.299657;
27.2884;1.97303;2.14188;0.736191;0.357127;
27.4941;2.05735;2.21129;0.694147;0.325404;
27.69;1.95837;2.26815;0.568565;0.282557;
27.8886;1.98588;2.3269;0.587458;0.287615;
28.0783;1.89714;2.38363;0.567373;0.290601;
28.2744;1.96149;2.4306;0.469718;0.235043;
28.4682;1.93764;2.47162;0.410127;0.208585;
28.6614;1.93179;2.51057;0.389481;0.19895;
28.832;1.70599;2.5444;0.338338;0.195783;
29.0519;2.19906;2.56978;0.25378;0.114895;
29.2522;2.00287;2.61156;0.41784;0.205671;
29.4459;1.93749;2.64594;0.343754;0.175596;
29.638;1.92065;2.67355;0.276176;0.142814;
29.8429;2.04911;2.68947;0.159151;0.0775127;

-29.9742;1.82898;2.72479;0.353248;0.19079;
-29.7783;1.9595;2.76698;0.421896;0.212071;
-29.5999;1.78342;2.81566;0.486745;0.266439;
-29.4081;1.91859;2.86634;0.506851;0.258278;
-29.2169;1.91169;2.91712;0.507768;0.259618;
-29.0274;1.89466;2.96551;0.483848;0.25003;
-28.8309;1.96494;3.01445;0.48948;0.244138;
-28.6407;1.90217;3.06283;0.483805;0.249062;
-28.4566;1.8409;3.10132;0.384907;0.206117;
-28.233;2.23681;3.15971;0.583849;0.255322;
-28.0461;1.86827;3.20715;0.474448;0.248694;
-27.8617;1.84405;3.2524;0.452408;0.240583;
-27.6676;1.94123;3.30621;0.538136;0.270424;
-27.4665;2.0108;3.38726;0.810538;0.38317;
-27.2907;1.75874;3.45262;0.653549;0.355787;
-27.1085;1.82163;3.52069;0.680762;0.35764;
-26.9152;1.93259;3.57985;0.591614;0.297067;
-26.724;1.91226;3.6384;0.585464;0.297101;
-26.5847;1.3932;3.72316;0.847588;0.546555;
-26.4068;1.77833;3.82085;0.976924;0.502344;
-26.2324;1.74478;3.91987;0.990178;0.516187;
-26.0562;1.76137;4.01766;0.977914;0.506827;
-25.8757;1.80507;4.09177;0.741043;0.389554;
-25.6911;1.84655;4.16792;0.76151;0.391147;
-25.5035;1.87544;4.25159;0.836696;0.419633;
-25.3198;1.83683;4.34134;0.897572;0.454528;
-25.1221;1.97712;4.41691;0.755613;0.365049;
-24.9285;1.93593;4.48181;0.649069;0.323497;
-24.7432;1.85356;4.56011;0.782991;0.399688;
-24.5593;1.83845;4.63729;0.771773;0.397454;
-24.3572;2.02114;4.71473;0.774387;0.365891;
-24.1706;1.86584;4.78062;0.65892;0.339478;
-23.9865;1.84181;4.86293;0.823114;0.420278;
-23.8023;1.84165;4.94634;0.834143;0.42529;
-23.6003;2.01972;5.02342;0.770798;0.364576;
-23.3989;2.01386;5.10924;0.858178;0.402833;
-23.2091;1.89872;5.18289;0.736457;0.370006;
-23.026;1.83079;5.23354;0.506496;0.269904;
-22.8481;1.77913;5.26542;0.31879;0.177301;
-22.6506;1.97451;5.29325;0.27833;0.140039;
-22.4523;1.98369;5.31872;0.254713;0.127705;
-22.2524;1.99806;5.3472;0.284795;0.141582;
-22.025;2.27413;5.38206;0.348616;0.152112;
-21.8233;2.01738;5.40176;0.196991;0.0973381;
-21.6457;1.7758;5.39592;-0.0584258;-0.0328893;
-21.4315;2.14258;5.37191;-0.240098;-0.111595;
-21.2257;2.05723;5.36477;-0.0714;-0.034693;
-21.008;2.17691;5.35377;-0.109953;-0.0504661;
-20.7905;2.17557;5.35506;0.0128196;0.00589243;
-20.5792;2.11284;5.35675;0.0169661;0.00802984;
