#1 AntPos X;#2 AntPos Y;#3 Distance form nest;#4 Total Distance;#5 Total Y Distance
8.88379;22.7873;24.4578;0.197584;-0.178393
8.79912;22.6191;24.2703;0.385934;-0.346666
8.70717;22.4404;24.0705;0.586842;-0.525325
8.61578;22.2589;23.8682;0.790018;-0.70679
8.52591;22.0793;23.6683;0.990872;-0.886419
8.43646;21.9004;23.4691;1.19094;-1.06537
8.33774;21.7105;23.2565;1.40487;-1.25519
8.24875;21.5233;23.0499;1.6121;-1.4424
8.17108;21.3425;22.8532;1.80866;-1.62327
8.07871;21.1858;22.6739;1.99003;-1.77991
7.9737;21.009;22.4713;2.19517;-1.9567
7.86761;20.8284;22.2648;2.40434;-2.13737
7.76339;20.6573;22.0679;2.60418;-2.30844
7.65854;20.4921;21.8765;2.79918;-2.47362
7.55137;20.3199;21.6777;3.00155;-2.64582
7.44526;20.1505;21.4819;3.20104;-2.81527
7.34209;19.9808;21.2871;3.39935;-2.9849
7.24544;19.8098;21.0932;3.5958;-3.15595
7.14702;19.638;20.8981;3.79371;-3.32771
7.04729;19.4645;20.701;3.99377;-3.50118
6.93944;19.2956;20.5055;4.19382;-3.67016
6.83862;19.1334;20.3188;4.38452;-3.83231
6.74731;18.9604;20.1252;4.58012;-4.00535
6.65618;18.8068;19.95;4.75863;-4.15893
6.55584;18.6386;19.758;4.95437;-4.3271
6.45431;18.4704;19.5656;5.15074;-4.49531
6.32982;18.3084;19.3718;5.35298;-4.65731
6.20733;18.1491;19.1812;5.55209;-4.81667
6.08612;17.9929;18.9943;5.74791;-4.97283
5.96494;17.8315;18.8027;5.94838;-5.13424
5.84575;17.6716;18.6134;6.14663;-5.29415
5.72932;17.4931;18.4074;6.35952;-5.47263
5.63334;17.3259;18.2187;6.5523;-5.63984
5.54442;17.1541;18.0278;6.74548;-5.81168
5.45358;16.9721;17.8268;6.94837;-5.99363
5.36162;16.8091;17.6435;7.13548;-6.15661
5.26184;16.6265;17.4392;7.34352;-6.33926
5.17928;16.4375;17.2342;7.54833;-6.52819
5.10886;16.2517;17.0358;7.74449;-6.71406
5.04153;16.0623;16.8349;7.94228;-6.9034
4.99051;15.8692;16.6354;8.13553;-7.09652
4.91081;15.6858;16.4365;8.33456;-7.27998
4.85514;15.5087;16.2509;8.51642;-7.45706
4.81412;15.2977;16.0373;8.7212;-7.66802
4.79021;15.1072;15.8485;8.90035;-7.85851
4.76606;14.9107;15.6539;9.0855;-8.05505
4.75721;14.72;15.4697;9.25896;-8.24568
4.74613;14.5198;15.2758;9.44265;-8.4459
4.73489;14.3163;15.079;9.63002;-8.64938
4.72145;14.1116;14.8805;9.8201;-8.85409
4.71041;13.9071;14.6831;10.0096;-9.05867
4.68136;13.6935;14.4716;10.2155;-9.27224
4.64598;13.5032;14.2801;10.4031;-9.46249
4.6103;13.3062;14.0823;10.5973;-9.65952
4.56817;13.1077;13.8809;10.7956;-9.85804
4.5307;12.9351;13.7057;10.9685;-10.0306
4.48354;12.7318;13.4982;11.1736;-10.2339
4.4399;12.5427;13.3053;11.3645;-10.4231
4.3938;12.3474;13.1058;11.562;-10.6184
4.3415;12.1651;12.9166;11.7501;-10.8006
4.27499;11.9915;12.7307;11.9359;-10.9743
4.21487;11.7897;12.5205;12.1451;-11.176
4.156;11.598;12.3201;12.3445;-11.3677
4.09799;11.406;12.1198;12.544;-11.5597
4.03673;11.2167;11.9209;12.7423;-11.7491
3.9658;11.0172;11.7093;12.9536;-11.9485
3.87717;10.8229;11.4964;13.1671;-12.1428
3.79436;10.6437;11.2998;13.3644;-12.322
3.71306;10.4479;11.088;13.5764;-12.5179
3.63258;10.2497;10.8743;13.7903;-12.7161
3.55751;10.0665;10.6766;13.9883;-12.8992
3.47452;9.88175;10.4748;14.1907;-13.084
3.39755;9.70728;10.2847;14.3814;-13.2585
3.32515;9.53938;10.1023;14.5642;-13.4263
3.25941;9.35597;9.90746;14.7588;-13.6098
3.19666;9.16622;9.70764;14.958;-13.7995
3.14734;8.97685;9.5126;15.1518;-13.9889
3.09578;8.787;9.31639;15.3469;-14.1787
3.01926;8.60977;9.12382;15.5399;-14.356
2.9447;8.42774;8.92738;15.7366;-14.538
2.87867;8.25974;8.74701;15.9171;-14.706
2.81413;8.03019;8.50901;16.1539;-14.9355
2.75639;7.84018;8.3106;16.3516;-15.1256
2.69844;7.64886;8.1109;16.5506;-15.3169
2.62054;7.45943;7.90635;16.7554;-15.5063
2.5282;7.28268;7.70903;16.954;-15.6831
2.43874;7.10706;7.51384;17.1505;-15.8587
2.35097;6.91977;7.30824;17.3571;-16.046
2.25926;6.73746;7.10617;17.5606;-16.2283
2.1745;6.5489;6.90048;17.7672;-16.4168
2.09788;6.37361;6.70999;17.9585;-16.5921
2.02694;6.18877;6.51225;18.1564;-16.777
1.95657;5.9803;6.29223;18.3759;-16.9854
1.88329;5.7919;6.09039;18.578;-17.1738
1.80491;5.61054;5.89372;18.7756;-17.3552
1.7249;5.42581;5.69339;18.9769;-17.5399
1.64334;5.25139;5.50252;19.1692;-17.7143
1.57002;5.06652;5.30421;19.3681;-17.8992
1.49712;4.88121;5.10564;19.5672;-18.0845
1.40892;4.71296;4.91905;19.7564;-18.2528
1.31472;4.53538;4.7221;19.9565;-18.4303
1.24085;4.36273;4.53576;20.1443;-18.603
1.18041;4.20303;4.36564;20.3149;-18.7627
1.11145;4.01569;4.16666;20.5144;-18.95
1.04841;3.82763;3.96861;20.7123;-19.1381
0.991857;3.63884;3.7716;20.9084;-19.3269
0.931412;3.44888;3.57243;21.107;-19.5169
0.863221;3.26737;3.37948;21.3008;-19.6984
0.782907;3.09202;3.1896;21.4935;-19.8737
0.716251;2.9145;3.00122;21.6831;-20.0512
0.64519;2.72632;2.80162;21.8841;-20.2394
0.564993;2.54134;2.60339;22.0857;-20.4244
0.49387;2.36245;2.41352;22.2782;-20.6033
0.417777;2.18372;2.22332;22.4724;-20.782
0.342075;1.99082;2.02;22.6796;-20.9749
0.265101;1.78925;1.80878;22.8953;-21.1765
0.179879;1.62948;1.63938;23.0755;-21.3363
0.108845;1.4756;1.47961;23.2449;-21.4901
0.0127808;1.28769;1.28776;23.4552;-21.678
-0.0584489;1.13879;1.14029;23.62;-21.8269
-0.138395;0.955538;0.965508;23.8199;-22.0102
-0.18833;0.771889;0.794532;24.0087;-22.1938
-0.237894;0.590748;0.636849;24.1951;-22.375
-0.299427;0.409039;0.506921;24.3865;-22.5567
-0.321317;0.247923;0.405845;24.5439;-22.7178
-0.346926;0.0544283;0.35117;24.7328;-22.9113
-0.386313;-0.138736;0.41047;24.9266;-23.1045
-0.436656;-0.338866;0.552719;25.131;-23.3046
-0.483642;-0.558319;0.738667;25.3521;-23.5241
-0.518185;-0.754066;0.914949;25.5466;-23.7198
-0.552954;-0.951033;1.1001;25.7425;-23.9168
-0.590454;-1.14727;1.2903;25.9387;-24.113
-0.627901;-1.34508;1.48442;26.1364;-24.3108
-0.663826;-1.55394;1.68979;26.3439;-24.5197
-0.692919;-1.75388;1.8858;26.5407;-24.7196
-0.728213;-1.92252;2.05582;26.7106;-24.8883
-0.76856;-2.12047;2.25546;26.9097;-25.0862
-0.796599;-2.32203;2.45487;27.1078;-25.2878
-0.845418;-2.52046;2.65847;27.3105;-25.4862
-0.884324;-2.71095;2.85154;27.5023;-25.6767
-0.940906;-2.89302;3.04218;27.6925;-25.8588
-1.0004;-3.08276;3.24102;27.891;-26.0485
-1.03683;-3.29344;3.45279;28.1008;-26.2592
-1.08951;-3.46925;3.63631;28.2839;-26.435
-1.15035;-3.65326;3.83009;28.4775;-26.619
-1.21468;-3.84245;4.02987;28.6772;-26.8082
-1.24657;-4.01367;4.20279;28.8486;-26.9794
-1.27083;-4.17244;4.36168;29.0057;-27.1382
-1.30517;-4.38743;4.57745;29.219;-27.3532
-1.31428;-4.57742;4.76236;29.4001;-27.5432
-1.33583;-4.76697;4.9506;29.5852;-27.7327
-1.36042;-4.98084;5.16329;29.7943;-27.9466
-1.38235;-5.18131;5.36254;29.99;-28.147
-1.38093;-5.38885;5.56297;30.1844;-28.3546
-1.3776;-5.58644;5.75379;30.3689;-28.5522
-1.38674;-5.76242;5.92693;30.5376;-28.7282
-1.40674;-5.97735;6.14066;30.7466;-28.9431
-1.42566;-6.17646;6.33886;30.9404;-29.1422
-1.45427;-6.36;6.52415;31.1229;-29.3257
-1.48862;-6.54708;6.71418;31.3107;-29.5128
-1.52679;-6.75699;6.92734;31.5214;-29.7227
-1.53748;-6.96385;7.13156;31.72;-29.9296
-1.54056;-7.15499;7.31897;31.9015;-30.1207
-1.54576;-7.37118;7.53151;32.1074;-30.3369
-1.55205;-7.57676;7.73409;32.3037;-30.5425
-1.56962;-7.7841;7.94078;32.5055;-30.7498
-1.58732;-7.98222;8.13851;32.6987;-30.9479
-1.59289;-8.16607;8.31998;32.8746;-31.1318
-1.59453;-8.35834;8.50907;33.0572;-31.3241
-1.59899;-8.54815;8.69642;33.2386;-31.5139
-1.59765;-8.74312;8.88789;33.423;-31.7088
-1.59273;-8.93211;9.073;33.6008;-31.8978
-1.58695;-9.13128;9.26816;33.7882;-32.097
-1.577;-9.32268;9.45512;33.967;-32.2884
-1.5665;-9.52742;9.65535;34.1584;-32.4932
-1.56211;-9.73124;9.85582;34.351;-32.697
-1.56396;-9.93615;10.0585;34.5467;-32.9019
-1.56988;-10.1365;10.2573;34.7393;-33.1022
-1.59525;-10.314;10.4366;34.9161;-33.2797
-1.60189;-10.5039;10.6253;35.0992;-33.4696
-1.61139;-10.7071;10.8277;35.2959;-33.6728
-1.63914;-10.9127;11.0351;35.5004;-33.8784
-1.67229;-11.1224;11.2474;35.7104;-34.0881
-1.71809;-11.3283;11.4579;35.9206;-34.2941
-1.76258;-11.5304;11.6644;36.1268;-34.4962
-1.80788;-11.7311;11.8696;36.3319;-34.6968
-1.83594;-11.8998;12.0405;36.5013;-34.8655
-1.87922;-12.0924;12.2376;36.6981;-35.0581
-1.91314;-12.2985;12.4464;36.905;-35.2642
-1.9412;-12.49;12.6399;37.0963;-35.4557
-1.96222;-12.6845;12.8353;37.2884;-35.6502
-1.98458;-12.8855;13.0375;37.4872;-35.8513
-2.00851;-13.1005;13.2536;37.6998;-36.0662
-2.03374;-13.3072;13.4618;37.9049;-36.273
-2.05697;-13.5053;13.661;38.1012;-36.471
-2.076;-13.7056;13.8619;38.2985;-36.6713
-2.09349;-13.8928;14.0497;38.4828;-36.8586
-2.13231;-14.0896;14.25;38.6824;-37.0553
-2.16993;-14.2825;14.4464;38.8781;-37.2483
-2.20284;-14.4623;14.6291;39.0597;-37.4281
-2.25912;-14.6568;14.8299;39.2622;-37.6226
-2.31202;-14.85;15.0289;39.4624;-37.8157
-2.35138;-15.0605;15.243;39.6754;-38.0262
-2.39481;-15.2515;15.4383;39.8709;-38.2172
-2.43906;-15.4467;15.638;40.0706;-38.4124
-2.48289;-15.6404;15.8363;40.2688;-38.6061
-2.53281;-15.8278;16.0291;40.4626;-38.7935
-2.57992;-16.0217;16.2281;40.662;-38.9875
-2.61858;-16.2125;16.4226;40.8558;-39.1782
-2.66576;-16.3966;16.6119;41.0457;-39.3623
-2.71776;-16.581;16.8022;41.2373;-39.5467
-2.77131;-16.775;17.0024;41.4385;-39.7407
-2.80455;-16.9563;17.1867;41.6219;-39.922
-2.8306;-17.1537;17.3857;41.8186;-40.1194
-2.8476;-17.356;17.5881;42.0175;-40.3218
-2.8493;-17.5416;17.7715;42.1961;-40.5073
-2.84739;-17.7619;17.9886;42.407;-40.7276
-2.85112;-17.9575;18.1824;42.596;-40.9232
-2.8598;-18.1605;18.3843;42.7935;-41.1262
-2.86758;-18.3394;18.5622;42.9675;-41.3051
-2.87647;-18.5404;18.7622;43.1633;-41.5062
-2.88068;-18.7459;18.9659;43.3621;-41.7116
-2.88562;-18.9456;19.1641;43.5555;-41.9113
-2.87305;-19.1438;19.3582;43.7429;-42.1096
-2.86232;-19.3484;19.559;43.937;-42.3142
-2.86313;-19.5302;19.7389;44.1123;-42.4959
-2.85177;-19.7371;19.9421;44.3087;-42.7029
-2.83473;-19.9334;20.134;44.4934;-42.8992
-2.8406;-20.1264;20.3259;44.681;-43.0921
-2.85498;-20.3479;20.5473;44.8985;-43.3137
-2.87241;-20.5448;20.7447;45.0931;-43.5106
-2.885;-20.7477;20.9473;45.2921;-43.7134
-2.90076;-20.9445;21.1444;45.4862;-43.9102
-2.90417;-21.1443;21.3428;45.68;-44.1101
-2.92658;-21.3331;21.5329;45.8681;-44.2988
-2.95235;-21.5316;21.7331;46.0665;-44.4973
-2.97951;-21.7186;21.922;46.2541;-44.6843
-2.98788;-21.9227;22.1254;46.4536;-44.8884
-3.00009;-22.1282;22.3306;46.6553;-45.0939
-3.01677;-22.3229;22.5258;46.8478;-45.2886
-3.00754;-22.499;22.6991;47.0156;-45.4647
-2.99505;-22.6757;22.8727;47.1834;-45.6415
-2.9745;-22.872;23.0646;47.3681;-45.8377
-2.95507;-23.0827;23.2711;47.5671;-46.0484
-2.93579;-23.2898;23.4741;47.7628;-46.2555
-2.90729;-23.4992;23.6784;47.9587;-46.465
-2.89304;-23.7117;23.8875;48.161;-46.6774
-2.86044;-23.888;24.0586;48.3239;-46.8537
-2.81955;-24.0758;24.2404;48.4961;-47.0415
-2.76815;-24.2611;24.4186;48.6635;-47.2269
-2.72672;-24.4444;24.596;48.8314;-47.4101
-2.69938;-24.6613;24.8086;49.0355;-47.627
-2.67903;-24.8384;24.9825;49.2027;-47.8042
-2.64515;-25.034;25.1733;49.3848;-47.9997
-2.60842;-25.2293;25.3638;49.566;-48.195
-2.57081;-25.422;25.5516;49.7446;-48.3877
-2.53201;-25.6161;25.7409;49.9245;-48.5818
-2.47873;-25.8132;25.932;50.1042;-48.779
-2.39754;-25.9838;26.0942;50.2519;-48.9496
-2.31533;-26.167;26.2692;50.4118;-49.1327
-2.21649;-26.3581;26.4512;50.5762;-49.3239
-2.12176;-26.5424;26.6271;50.7351;-49.5081
-2.03194;-26.7208;26.7979;50.8897;-49.6865
-1.94101;-26.8997;26.9696;51.0449;-49.8654
-1.84718;-27.0897;27.1526;51.2107;-50.0554
-1.76631;-27.2651;27.3223;51.3652;-50.2309
-1.68825;-27.4508;27.5027;51.5306;-50.4166
-1.59351;-27.6362;27.6821;51.6925;-50.6019
-1.51233;-27.8204;27.8615;51.8564;-50.7861
-1.42268;-27.9909;28.0271;52.0054;-50.9567
-1.32676;-28.1792;28.2104;52.1709;-51.1449
-1.21206;-28.3654;28.3913;52.331;-51.3311
-1.09601;-28.5245;28.5456;52.4647;-51.4903
-0.97756;-28.6865;28.7031;52.6011;-51.6522
-0.849125;-28.8218;28.8343;52.7099;-51.7875
-0.726754;-28.9526;28.9618;52.8159;-51.9184
-0.589207;-29.0986;29.1046;52.9344;-52.0643
-0.45057;-29.2497;29.2532;53.0582;-52.2155
-0.296954;-29.4027;29.4042;53.1819;-52.3685
-0.15784;-29.5387;29.5391;53.2917;-52.5044
-0.013707;-29.6775;29.6775;53.4041;-52.6432
0.140484;-29.826;29.8263;53.5248;-52.7917
0.293982;-29.9694;29.9708;53.6412;-52.9351

0.440266;29.8813;29.8845;53.7652;-53.0845
0.572857;29.7491;29.7546;53.8749;-53.2167
0.709371;29.6066;29.6151;53.9946;-53.3591
0.843945;29.4414;29.4534;54.1375;-53.5244
0.97131;29.2819;29.298;54.2763;-53.6839
1.08266;29.1191;29.1392;54.4211;-53.8467
1.19998;28.9647;28.9895;54.557;-54.0011
1.31112;28.8201;28.8499;54.6845;-54.1457
1.43286;28.6607;28.6965;54.8254;-54.305
1.58077;28.4889;28.5327;54.9755;-54.4769
1.71344;28.336;28.3877;55.1094;-54.6297
1.83198;28.1914;28.2509;55.2373;-54.7743
1.9434;28.0358;28.1031;55.3773;-54.9299
2.05634;27.8837;27.9594;55.514;-55.082
2.17676;27.7238;27.8091;55.6579;-55.2419
2.29102;27.5719;27.6669;55.7949;-55.3938
2.41127;27.4125;27.5183;55.9389;-55.5532
2.53385;27.2422;27.3598;56.0938;-55.7235
2.65597;27.0836;27.2136;56.2375;-55.8821
2.78048;26.925;27.0682;56.3814;-56.0407
2.89412;26.7475;26.9036;56.5454;-56.2182
3.00132;26.5878;26.7566;56.6929;-56.378
3.10481;26.4153;26.5971;56.8537;-56.5505
3.21822;26.255;26.4515;57.0016;-56.7108
3.34624;26.0924;26.3061;57.1505;-56.8733
3.47898;25.9149;26.1474;57.3143;-57.0508
3.58441;25.7635;26.0117;57.4551;-57.2022
3.70255;25.6108;25.8771;57.5962;-57.3549
3.84474;25.4455;25.7343;57.748;-57.5202
3.94791;25.295;25.6012;57.8889;-57.6708
4.06178;25.1281;25.4542;58.0454;-57.8377
4.16119;24.9678;25.3122;58.1968;-57.9979
4.25893;24.8029;25.1659;58.3532;-58.1628
4.36394;24.6267;25.0104;58.5205;-58.339
4.46228;24.4469;24.8509;58.6921;-58.5188
4.5553;24.2691;24.6929;58.8623;-58.6966
4.63107;24.0894;24.5306;59.0359;-58.8763
4.71844;23.9085;24.3697;59.2099;-59.0572
4.80025;23.7196;24.2004;59.3926;-59.2462
4.87795;23.5564;24.0562;59.55;-59.4093
4.95447;23.3709;23.8903;59.7299;-59.5948
5.03009;23.1854;23.7248;59.9099;-59.7803
5.08304;22.9964;23.5515;60.0951;-59.9693
5.14635;22.8185;23.3917;60.2686;-60.1472
5.21439;22.6294;23.2224;60.453;-60.3363
5.27283;22.4341;23.0454;60.6444;-60.5317
5.32864;22.2348;22.8644;60.8399;-60.731
5.39304;22.0398;22.69;61.0308;-60.9259
5.42912;21.8657;22.5297;61.2024;-61.1
5.44056;21.6733;22.3458;61.3939;-61.2924
5.44845;21.4627;22.1434;61.6037;-61.5031
5.45682;21.2641;21.9531;61.8015;-61.7017
5.46371;21.0754;21.7721;61.9895;-61.8904
5.46143;20.8866;21.5888;62.1781;-62.0791
5.47919;20.7026;21.4154;62.3608;-62.2631
5.49907;20.5033;21.2279;62.5587;-62.4624
5.51751;20.2994;21.0359;62.7613;-62.6663
5.54553;20.1119;20.8625;62.947;-62.8538
5.58868;19.914;20.6834;63.1423;-63.0517
5.63272;19.7177;20.5065;63.3359;-63.248
5.66135;19.5198;20.3242;63.532;-63.4459
5.6889;19.3243;20.1443;63.7259;-63.6415
5.71473;19.112;19.9481;63.9366;-63.8538
5.73593;18.9122;19.7629;64.1351;-64.0536
5.77284;18.7;19.5708;64.3451;-64.2657
5.80712;18.4943;19.3845;64.5489;-64.4715
5.84;18.2977;19.2071;64.7437;-64.668
5.88087;18.1008;19.0321;64.9384;-64.865
5.92764;17.9065;18.8621;65.1303;-65.0592
5.98175;17.7026;18.6859;65.3314;-65.2631
6.02798;17.5092;18.5178;65.5225;-65.4565
6.05974;17.3178;18.3474;65.7123;-65.6479
6.089;17.1229;18.1733;65.9058;-65.8429
6.13175;16.9224;17.9991;66.1042;-66.0433
6.18737;16.7242;17.8321;66.2999;-66.2415
6.23561;16.5344;17.6711;66.4876;-66.4314
6.28468;16.3293;17.497;66.6904;-66.6364
6.32883;16.1326;17.3296;66.8852;-66.8331
6.36515;15.946;17.1695;67.0703;-67.0197
6.39136;15.7434;16.9913;67.2717;-67.2223
6.42472;15.5506;16.8255;67.4631;-67.4151
6.45563;15.3471;16.6496;67.6653;-67.6186
6.48856;15.1529;16.4837;67.8581;-67.8128
6.51487;14.9395;16.2982;68.0705;-68.0263
6.52433;14.7415;16.1208;68.268;-68.2242
6.53119;14.5415;15.9409;68.4676;-68.4242
6.54662;14.3418;15.7653;68.6667;-68.624
6.55509;14.146;15.591;68.862;-68.8197
6.56246;13.9462;15.413;69.0615;-69.0196
6.5795;13.7377;15.232;69.2692;-69.228
6.59372;13.5493;15.0686;69.457;-69.4164
6.60996;13.3494;14.8962;69.6563;-69.6163
6.63793;13.1549;14.7348;69.8497;-69.8108
6.66748;12.957;14.5719;70.0465;-70.0087
6.67959;12.7642;14.4063;70.2388;-70.2015
6.67566;12.5655;14.2287;70.4376;-70.4002
6.67258;12.3649;14.0504;70.6381;-70.6008
6.68179;12.1821;13.8942;70.8206;-70.7837
6.69751;11.982;13.7268;71.0201;-70.9838
6.6885;11.7806;13.5469;71.2216;-71.1851
6.69635;11.5837;13.38;71.4182;-71.382
6.70432;11.3842;13.2116;71.6174;-71.5816
6.72124;11.1998;13.0618;71.8011;-71.7659
6.74579;10.9929;12.8977;72.0071;-71.9728
6.76936;10.7945;12.7415;72.2047;-72.1712
6.79131;10.5949;12.5846;72.4036;-72.3709
6.81001;10.3873;12.4206;72.6105;-72.5784
6.8262;10.1922;12.267;72.805;-72.7735
6.84101;9.99743;12.114;72.9993;-72.9683
6.85174;9.7926;11.9516;73.2037;-73.1731
6.85998;9.604;11.8024;73.392;-73.3617
6.84774;9.38812;11.6202;73.6082;-73.5776
6.83418;9.18536;11.4489;73.8112;-73.7804
6.82328;8.95541;11.2586;74.0414;-74.0103
6.81897;8.75228;11.0951;74.2446;-74.2134
6.81426;8.55805;10.9396;74.4389;-74.4077
6.7943;8.35739;10.7707;74.64;-74.6083
6.7647;8.16098;10.6001;74.8372;-74.8048
6.73261;7.96199;10.4269;75.0371;-75.0037
6.69821;7.76509;10.2549;75.2349;-75.2006
6.67195;7.55659;10.0805;75.4441;-75.4091
6.64689;7.35369;9.91252;75.6477;-75.612
6.63143;7.15022;9.752;75.8515;-75.8155
6.63605;6.96351;9.61913;76.038;-76.0022
6.6349;6.75102;9.46564;76.2504;-76.2147
6.6131;6.57902;9.32827;76.423;-76.3867
6.6071;6.3975;9.19684;76.6046;-76.5682
6.59917;6.1983;9.05362;76.804;-76.7674
6.59422;6.01091;8.92272;76.9914;-76.9548
6.59377;5.80609;8.78569;77.1962;-77.1596
6.60023;5.59983;8.6557;77.4022;-77.3659
6.61497;5.39539;8.53628;77.606;-77.5703
6.63124;5.19173;8.42184;77.8091;-77.774
6.64393;5.00565;8.31856;77.9947;-77.9601
6.66449;4.79829;8.21213;78.2014;-78.1674
6.68527;4.59915;8.11449;78.3998;-78.3666
6.71067;4.39646;8.02259;78.6017;-78.5693
6.72816;4.19153;7.92698;78.8061;-78.7742
6.76979;4.02425;7.87557;78.9721;-78.9415
6.81692;3.83042;7.81936;79.1646;-79.1353
6.86586;3.64506;7.77345;79.3485;-79.3207
6.90031;3.44586;7.71286;79.5468;-79.5199
6.9367;3.251;7.66073;79.7406;-79.7147
6.96273;3.05662;7.60411;79.9343;-79.9091
6.9621;2.84317;7.52027;80.1477;-80.1226
6.95607;2.64069;7.44044;80.3503;-80.325
6.95351;2.44786;7.37179;80.5431;-80.5179
6.94955;2.2455;7.30332;80.7455;-80.7202
6.9665;2.04951;7.26172;80.941;-80.9162
6.97766;1.84162;7.2166;81.1485;-81.1241
6.97455;1.64681;7.16634;81.3434;-81.3189
6.9854;1.4371;7.1317;81.5528;-81.5286
6.97078;1.23164;7.07875;81.7585;-81.7341
6.95773;1.04091;7.03517;81.9495;-81.9248
6.94239;0.837587;6.99273;82.1531;-82.1281
6.93778;0.643852;6.96759;82.3469;-82.3219
6.93565;0.435454;6.94931;82.5553;-82.5303
6.93394;0.227131;6.93766;82.7636;-82.7386
6.94622;0.0495718;6.9464;82.9408;-82.9162
6.96904;-0.137939;6.9704;83.1277;-83.1037
6.99538;-0.331463;7.00323;83.3206;-83.2972
7.01687;-0.539173;7.03755;83.5277;-83.5049
7.03437;-0.736723;7.07285;83.7248;-83.7025
7.05233;-0.949513;7.11596;83.9371;-83.9152
7.07792;-1.15246;7.17113;84.1394;-84.1182
7.09096;-1.34065;7.21658;84.3273;-84.3064
7.10493;-1.53036;7.26787;84.5166;-84.4961
7.10924;-1.74279;7.31974;84.7289;-84.7085
7.1257;-1.95215;7.38827;84.9379;-84.9179
7.11579;-2.16627;7.43823;85.1522;-85.132
7.1065;-2.36604;7.49003;85.3521;-85.3318
7.10707;-2.56211;7.55479;85.5481;-85.5278
7.10408;-2.76513;7.62325;85.7511;-85.7309
7.0967;-2.96968;7.69299;85.9558;-85.9354
7.08641;-3.17374;7.76465;86.16;-86.1395
7.07364;-3.38666;7.84256;86.3732;-86.3524
7.07159;-3.58709;7.92935;86.5736;-86.5528
7.04875;-3.77723;7.99702;86.7642;-86.743
7.03214;-3.97987;8.08025;86.9672;-86.9456
7.02554;-4.18319;8.17663;87.1706;-87.1489
7.03118;-4.39026;8.28927;87.3775;-87.356
7.03667;-4.59047;8.40162;87.5775;-87.5562
7.02522;-4.77236;8.49289;87.7596;-87.7381
7.03569;-4.94353;8.59881;87.9305;-87.9093
7.04352;-5.12884;8.71298;88.1156;-88.0946
7.0644;-5.32652;8.84746;88.3128;-88.2922
7.09029;-5.50217;8.97475;88.4878;-88.4679
7.12056;-5.70105;9.12164;88.686;-88.6668
7.15743;-5.89903;9.2751;88.8832;-88.8648
7.1989;-6.09558;9.43294;89.0789;-89.0613
7.23859;-6.29057;9.59002;89.2731;-89.2563
7.27226;-6.4926;9.74883;89.4744;-89.4583
7.29687;-6.68679;9.89734;89.6681;-89.6525
7.30452;-6.88147;10.0355;89.8626;-89.8472
7.31632;-7.07887;10.1803;90.0598;-90.0446
7.34916;-7.27381;10.3401;90.2541;-90.2395
7.37086;-7.43951;10.4726;90.4194;-90.4052
7.38712;-7.64873;10.6336;90.6283;-90.6145
7.40801;-7.84394;10.7892;90.8231;-90.8097
7.42942;-8.04404;10.95;91.0228;-91.0098
7.45349;-8.23956;11.1106;91.2179;-91.2053
7.47704;-8.43787;11.274;91.4158;-91.4036
7.51449;-8.64675;11.4557;91.624;-91.6125
7.55533;-8.84084;11.6294;91.8174;-91.8066
7.59287;-9.03129;11.799;92.0073;-91.997
7.64837;-9.24152;11.996;92.2167;-92.2073
7.69523;-9.42878;12.1704;92.4033;-92.3945
7.74431;-9.62332;12.3524;92.5971;-92.5891
7.78894;-9.81531;12.5303;92.7885;-92.781
7.83547;-10.0045;12.7076;92.9771;-92.9702
7.88592;-10.1976;12.8911;93.1696;-93.1634
7.93349;-10.3879;13.0709;93.3594;-93.3536
7.99085;-10.5813;13.2596;93.5522;-93.5471
8.05332;-10.7709;13.4487;93.7411;-93.7366
8.1165;-10.9602;13.6383;93.9298;-93.926
8.17693;-11.1499;13.8269;94.119;-94.1156
8.22913;-11.343;14.0137;94.3117;-94.3088
8.28432;-11.5324;14.1995;94.5006;-94.4981
8.35054;-11.7211;14.3915;94.6889;-94.6869
8.41967;-11.911;14.5864;94.8783;-94.8767
8.48193;-12.1072;14.7827;95.0742;-95.0729
8.52643;-12.3016;14.9676;95.2684;-95.2673
8.58961;-12.5036;15.1698;95.4701;-95.4693
8.64964;-12.6938;15.3606;95.6601;-95.6595
8.72289;-12.8926;15.5662;95.8586;-95.8583
8.79036;-13.0797;15.7591;96.0456;-96.0454
8.8482;-13.2671;15.947;96.2329;-96.2328
8.90091;-13.4537;16.1315;96.4194;-96.4194
8.9762;-13.649;16.3361;96.6147;-96.6147
9.04109;-13.8302;16.5232;96.796;-96.7959
9.09385;-14.0316;16.7207;96.9974;-96.9973
9.14738;-14.226;16.9131;97.1919;-97.1917
9.20701;-14.438;17.1238;97.4041;-97.4038
9.27762;-14.6196;17.3149;97.5858;-97.5853
9.36976;-14.8038;17.5199;97.7704;-97.7696
9.45849;-14.9855;17.7209;97.9525;-97.9513
9.53945;-15.1643;17.9153;98.1317;-98.13
9.62;-15.3466;18.1125;98.3145;-98.3124
9.71652;-15.5125;18.3043;98.481;-98.4782
9.8197;-15.6887;18.5084;98.6581;-98.6544
9.91401;-15.8567;18.7009;98.8269;-98.8224
10.0232;-16.025;18.9014;98.9963;-98.9907
10.1221;-16.1838;19.0885;99.1562;-99.1495
10.2326;-16.3661;19.3017;99.3399;-99.3318
10.3372;-16.5321;19.4979;99.5073;-99.4979
10.4479;-16.7194;19.7154;99.6961;-99.6851
10.5518;-16.8794;19.9062;99.8577;-99.8452
10.655;-17.0659;20.119;100.046;-100.032
10.7537;-17.2351;20.3148;100.217;-100.201
10.8591;-17.4076;20.5169;100.391;-100.373
10.9438;-17.557;20.6885;100.542;-100.523
11.0466;-17.7382;20.8967;100.725;-100.704
11.1472;-17.9125;21.0977;100.902;-100.878
11.2724;-18.1102;21.3318;101.102;-101.076
11.373;-18.2871;21.5352;101.281;-101.253
11.474;-18.4619;21.7369;101.459;-101.428
11.5476;-18.6302;21.9188;101.629;-101.596
11.6398;-18.8125;22.1223;101.813;-101.778
11.7272;-18.9915;22.3205;101.995;-101.957
11.8228;-19.1742;22.5262;102.18;-102.14
11.9065;-19.3339;22.7061;102.342;-102.3
12;-19.5122;22.9069;102.523;-102.478
12.0925;-19.6951;23.1112;102.708;-102.661
12.1835;-19.8736;23.3109;102.89;-102.839
12.2534;-20.0562;23.5031;103.074;-103.022
12.3259;-20.2472;23.7039;103.267;-103.213
12.3969;-20.4339;23.9004;103.456;-103.4
12.4678;-20.5869;24.0679;103.612;-103.553
12.5494;-20.7756;24.2717;103.803;-103.741
12.6352;-20.9653;24.4784;103.996;-103.931
12.6984;-21.1193;24.6429;104.152;-104.085
12.7695;-21.3076;24.841;104.343;-104.273
12.85;-21.5013;25.0485;104.539;-104.467
12.9264;-21.6865;25.2468;104.727;-104.652
12.9905;-21.8633;25.4314;104.906;-104.829
13.0636;-22.0542;25.6329;105.1;-105.02
13.1186;-22.2619;25.8397;105.309;-105.228
13.166;-22.4614;26.0357;105.511;-105.427
13.2;-22.6563;26.2211;105.707;-105.622
13.2191;-22.8606;26.4074;105.912;-105.826
13.2257;-23.0657;26.5884;106.117;-106.031
13.2126;-23.234;26.7281;106.285;-106.2
13.2004;-23.4297;26.8924;106.48;-106.395
13.1936;-23.6166;27.0521;106.666;-106.582
13.1908;-23.8105;27.2201;106.86;-106.776
13.2071;-24.0235;27.4145;107.073;-106.989
13.2094;-24.2135;27.5823;107.263;-107.179
13.2097;-24.4108;27.7558;107.46;-107.377
13.2067;-24.6214;27.9398;107.671;-107.587
13.1987;-24.8174;28.1089;107.866;-107.783
13.1801;-25.0101;28.2704;108.058;-107.976
13.1732;-25.1915;28.4279;108.239;-108.157
13.1405;-25.3659;28.5675;108.412;-108.332
13.103;-25.5664;28.7286;108.611;-108.532
13.0619;-25.751;28.8744;108.794;-108.717
13.0117;-25.9516;29.0308;108.992;-108.917
12.9582;-26.129;29.1657;109.168;-109.095
12.9148;-26.3247;29.3221;109.362;-109.29
12.8972;-26.5351;29.5034;109.571;-109.501
12.8817;-26.7349;29.6765;109.77;-109.701
12.8844;-26.9068;29.8326;109.942;-109.873
12.8798;-27.0989;30.0039;110.134;-110.065
12.8984;-27.2957;30.1898;110.331;-110.261
12.8963;-27.5016;30.3751;110.537;-110.467
12.8757;-27.7;30.5462;110.735;-110.666
12.8702;-27.8986;30.7242;110.933;-110.864
12.8603;-28.097;30.9003;111.131;-111.063
12.8651;-28.2728;31.0622;111.307;-111.239
12.8423;-28.4967;31.2568;111.53;-111.462
12.8215;-28.696;31.4301;111.728;-111.662
12.798;-28.8947;31.6021;111.926;-111.86
12.7721;-29.09;31.7703;112.12;-112.056
12.7649;-29.2673;31.9299;112.297;-112.233
12.7608;-29.4737;32.1175;112.503;-112.439
12.7537;-29.6671;32.2923;112.696;-112.633
12.7506;-29.8566;32.4653;112.886;-112.822

12.7471;29.9466;32.5467;113.082;-113.019
12.7578;29.7538;32.3735;113.275;-113.212
12.7679;29.5581;32.1979;113.471;-113.408
12.7896;29.3834;32.0462;113.647;-113.582
12.8128;29.1882;31.8766;113.842;-113.778
12.8345;28.9912;31.7051;114.04;-113.975
12.8458;28.8068;31.5412;114.225;-114.159
12.8618;28.6256;31.3823;114.406;-114.34
12.884;28.4337;31.2165;114.599;-114.532
12.9107;28.2373;31.0488;114.796;-114.728
12.9552;28.007;30.8582;115.028;-114.959
12.9867;27.8125;30.6951;115.223;-115.153
13.0228;27.6171;30.5336;115.42;-115.349
13.0438;27.4198;30.3642;115.618;-115.546
13.062;27.2215;30.1931;115.817;-115.744
13.0717;27.0257;30.0209;116.013;-115.94
13.0819;26.8256;29.8455;116.213;-116.14
13.0791;26.623;29.6622;116.415;-116.343
13.0964;26.466;29.5291;116.573;-116.5
13.1317;26.2761;29.3747;116.764;-116.69
13.1635;26.0777;29.2117;116.963;-116.888
13.1878;25.8859;29.0516;117.156;-117.08
13.2118;25.6844;28.8833;117.358;-117.281
13.2204;25.4631;28.6906;117.579;-117.503
13.2264;25.2643;28.517;117.778;-117.701
13.2407;25.0537;28.3374;117.989;-117.912
13.2354;24.8424;28.1482;118.2;-118.123
13.2306;24.6493;27.9756;118.393;-118.316
13.2229;24.4543;27.8004;118.588;-118.511
13.2181;24.2357;27.606;118.806;-118.73
13.2146;24.0317;27.4253;119.01;-118.934
13.2004;23.8301;27.2419;119.211;-119.136
13.1807;23.6318;27.0591;119.408;-119.334
13.1622;23.4327;26.8763;119.607;-119.533
13.1712;23.2366;26.7099;119.803;-119.729
13.1642;23.0462;26.541;119.993;-119.92
13.1548;22.8545;26.37;120.184;-120.111
13.1489;22.6332;26.1754;120.405;-120.333
13.1331;22.419;25.9825;120.619;-120.547
13.1123;22.2157;25.7967;120.821;-120.75
13.1276;22.0327;25.6471;121.005;-120.933
13.1545;21.8179;25.4767;121.22;-121.148
13.1801;21.6148;25.3163;121.424;-121.351
13.2066;21.4282;25.1711;121.611;-121.538
13.251;21.2314;25.0272;121.81;-121.734
13.2794;21.0222;24.8652;122.02;-121.944
13.3109;20.8189;24.7105;122.224;-122.147
13.3411;20.6295;24.5675;122.414;-122.336
13.3831;20.4362;24.4284;122.609;-122.53
13.4194;20.2581;24.2996;122.788;-122.708
13.4636;20.0629;24.1617;122.985;-122.903
13.5011;19.86;24.0146;123.189;-123.106
13.5273;19.6665;23.8697;123.383;-123.299
13.5505;19.453;23.7073;123.598;-123.513
13.5729;19.2561;23.5588;123.795;-123.71
13.6152;19.0771;23.4373;123.976;-123.889
13.6743;18.8966;23.3253;124.158;-124.069
13.7482;18.6922;23.2037;124.365;-124.274
13.8139;18.504;23.0916;124.556;-124.462
13.8757;18.3109;22.9745;124.751;-124.655
13.9362;18.121;22.8602;124.944;-124.845
14.0184;17.923;22.7541;125.145;-125.043
14.1198;17.7273;22.6633;125.344;-125.238
14.2078;17.5505;22.5806;125.525;-125.415
14.3009;17.3692;22.499;125.71;-125.597
14.391;17.1747;22.407;125.908;-125.791
14.4797;16.999;22.33;126.087;-125.967
14.548;16.8095;22.2307;126.28;-126.156
14.6385;16.5906;22.1254;126.502;-126.375
14.7301;16.3988;22.0431;126.698;-126.567
14.8108;16.2217;21.9659;126.879;-126.744
14.8936;16.0402;21.8885;127.064;-126.926
15.0067;15.8555;21.8311;127.254;-127.11
15.1192;15.6894;21.7887;127.425;-127.276
15.2299;15.5359;21.7558;127.584;-127.43
15.3712;15.3774;21.7426;127.749;-127.588
15.5157;15.2266;21.739;127.907;-127.739
15.644;15.0856;21.7327;128.054;-127.88
15.7762;14.9373;21.7258;128.209;-128.028
15.8987;14.7731;21.7028;128.38;-128.193
16.0173;14.6128;21.6816;128.546;-128.353
16.1512;14.434;21.661;128.732;-128.532
16.2729;14.277;21.6481;128.896;-128.689
16.4095;14.1421;21.6627;129.038;-128.824
16.5446;13.9747;21.6568;129.213;-128.991
16.6413;13.8277;21.6365;129.366;-129.138
16.7513;13.6713;21.622;129.528;-129.294
16.8676;13.5072;21.6093;129.699;-129.459
16.9904;13.3464;21.6055;129.867;-129.619
17.1101;13.1833;21.5999;130.038;-129.782
17.2128;13.0287;21.5876;130.198;-129.937
17.3146;12.8589;21.5673;130.374;-130.107
17.4148;12.6716;21.5371;130.568;-130.294
17.5126;12.4967;21.5141;130.749;-130.469
17.6118;12.3269;21.4972;130.924;-130.639
17.7221;12.1361;21.4792;131.122;-130.83
17.8226;11.9355;21.45;131.329;-131.03
17.947;11.7629;21.4583;131.51;-131.203
18.0757;11.5954;21.4752;131.686;-131.37
18.1919;11.4386;21.4892;131.85;-131.527
18.3108;11.28;21.5064;132.017;-131.686
18.4119;11.1274;21.5132;132.176;-131.838
18.5221;10.9654;21.5246;132.346;-132
18.6242;10.8138;21.536;132.504;-132.152
18.7324;10.6517;21.5491;132.674;-132.314
18.8352;10.4788;21.5538;132.854;-132.487
18.9435;10.2971;21.5612;133.043;-132.669
19.0482;10.122;21.5705;133.226;-132.844
19.1483;9.95204;21.5801;133.403;-133.014
19.2202;9.77812;21.5645;133.582;-133.188
19.2994;9.60812;21.5588;133.757;-133.358
19.391;9.43244;21.5634;133.939;-133.533
19.4828;9.2556;21.5695;134.123;-133.71
19.5813;9.06379;21.5773;134.322;-133.902
19.6678;8.88899;21.5833;134.503;-134.077
19.7387;8.71832;21.5783;134.679;-134.247
19.8147;8.52934;21.5725;134.873;-134.436
19.8929;8.32178;21.5634;135.086;-134.644
19.9504;8.14076;21.5474;135.271;-134.825
20.0158;7.94977;21.5367;135.467;-135.016
20.0796;7.75575;21.5254;135.666;-135.21
20.15;7.5665;21.5238;135.86;-135.399
20.2104;7.3798;21.5156;136.051;-135.586
20.2718;7.19582;21.511;136.24;-135.77
20.3412;7.0097;21.5151;136.431;-135.956
20.4101;6.82178;21.52;136.624;-136.144
20.4857;6.63904;21.5347;136.812;-136.327
20.5527;6.4525;21.5418;137.004;-136.513
20.6223;6.26389;21.5526;137.198;-136.702
20.6828;6.06079;21.5525;137.405;-136.905
20.7216;5.8636;21.5352;137.605;-137.102
20.7804;5.6633;21.5383;137.81;-137.302
20.845;5.467;21.55;138.011;-137.499
20.913;5.30215;21.5746;138.181;-137.664
21.0112;5.13199;21.6289;138.359;-137.834
21.115;4.95974;21.6897;138.539;-138.006
21.2035;4.77783;21.7352;138.728;-138.188
21.2966;4.60516;21.7889;138.909;-138.361
21.4144;4.41645;21.865;139.107;-138.549
21.5483;4.21094;21.9559;139.324;-138.755
21.6575;4.04338;22.0317;139.501;-138.922
21.7601;3.88704;22.1045;139.666;-139.079
21.8698;3.72339;22.1845;139.839;-139.242
21.9844;3.52589;22.2653;140.046;-139.44
22.0842;3.36696;22.3394;140.214;-139.599
22.1845;3.21599;22.4164;140.373;-139.75
22.3093;3.05654;22.5177;140.544;-139.909
22.424;2.90196;22.611;140.709;-140.064
22.5483;2.71347;22.711;140.908;-140.252
22.6442;2.54767;22.7871;141.082;-140.418
22.7344;2.3713;22.8577;141.267;-140.594
22.8293;2.19621;22.9347;141.45;-140.77
22.9228;2.02788;23.0123;141.627;-140.938
23.0204;1.8539;23.095;141.81;-141.112
23.116;1.67286;23.1765;141.999;-141.293
23.207;1.49476;23.2551;142.186;-141.471
23.3011;1.31795;23.3383;142.371;-141.648
23.3912;1.14367;23.4192;142.554;-141.822
23.483;0.95662;23.5024;142.749;-142.009
23.556;0.755874;23.5681;142.956;-142.21
23.6122;0.569236;23.619;143.147;-142.396
23.6688;0.373597;23.6717;143.348;-142.592
23.7222;0.166917;23.7228;143.559;-142.799
23.746;-0.0251362;23.746;143.752;-142.991
23.7594;-0.237075;23.7605;143.965;-143.203
23.7622;-0.425558;23.766;144.152;-143.391
23.7485;-0.614282;23.7565;144.339;-143.58
23.7269;-0.802611;23.7405;144.524;-143.768
23.7021;-0.996349;23.723;144.714;-143.962
23.6488;-1.19679;23.6791;144.908;-144.163
23.5863;-1.387;23.6271;145.091;-144.353
23.5265;-1.57711;23.5793;145.274;-144.543
23.4714;-1.76326;23.5375;145.454;-144.729
23.407;-1.96425;23.4892;145.647;-144.93
23.3447;-2.16926;23.4452;145.845;-145.135
23.2847;-2.35937;23.4039;146.029;-145.325
23.2179;-2.54371;23.3568;146.205;-145.509
23.1459;-2.75405;23.3091;146.408;-145.72
23.0913;-2.9436;23.2782;146.591;-145.909
23.0366;-3.14784;23.2507;146.789;-146.114
22.9992;-3.35498;23.2426;146.992;-146.321
22.9596;-3.54771;23.2321;147.18;-146.513
22.9127;-3.73027;23.2143;147.357;-146.696
22.8496;-3.91264;23.1822;147.533;-146.878
22.7713;-4.09774;23.137;147.71;-147.063
22.7033;-4.28628;23.1043;147.891;-147.252
22.6174;-4.46144;23.0532;148.058;-147.427
22.5477;-4.6429;23.0208;148.232;-147.609
22.4762;-4.82955;22.9892;148.411;-147.795
22.3999;-5.03498;22.9588;148.609;-148.001
22.3425;-5.20069;22.9398;148.769;-148.166
22.2933;-5.41936;22.9425;148.982;-148.385
22.2594;-5.62536;22.9592;149.184;-148.591
22.223;-5.82762;22.9744;149.383;-148.793
22.1961;-6.02531;22.9994;149.577;-148.991
22.17;-6.22385;23.027;149.773;-149.19
22.1518;-6.41096;23.0609;149.957;-149.377
22.1331;-6.60963;23.099;150.154;-149.575
22.1167;-6.81087;23.1416;150.353;-149.777
22.1021;-6.99106;23.1814;150.531;-149.957
22.0911;-7.20496;23.2364;150.743;-150.171
22.0878;-7.41037;23.2977;150.947;-150.376
22.0791;-7.6267;23.3592;151.162;-150.592
22.0702;-7.83626;23.4201;151.37;-150.802
22.0618;-8.03442;23.4792;151.567;-151
22.0551;-8.23611;23.5428;151.767;-151.202
22.0561;-8.42446;23.6103;151.955;-151.39
22.0543;-8.62741;23.6817;152.157;-151.593
22.0538;-8.8176;23.7512;152.346;-151.783
22.0482;-9.01691;23.8208;152.544;-151.983
22.0446;-9.21638;23.8937;152.743;-152.182
22.0586;-9.41269;23.9829;152.94;-152.378
22.0677;-9.60309;24.0667;153.13;-152.569
22.1028;-9.80984;24.1819;153.339;-152.776
22.1432;-10.0037;24.298;153.536;-152.969
22.1826;-10.1997;24.4152;153.734;-153.165
22.2186;-10.4035;24.5336;153.941;-153.369
22.2586;-10.6004;24.6538;154.14;-153.566
22.2934;-10.7919;24.7681;154.334;-153.758
22.318;-10.9879;24.8762;154.531;-153.954
22.3597;-11.1819;24.9998;154.728;-154.148
22.3929;-11.3871;25.1219;154.936;-154.353
22.4167;-11.5759;25.2292;155.126;-154.542
22.4652;-11.7762;25.3646;155.329;-154.742
22.5047;-11.9745;25.4922;155.53;-154.94
22.5384;-12.1572;25.6081;155.715;-155.123
22.5761;-12.3525;25.7344;155.913;-155.318
22.6146;-12.559;25.8679;156.122;-155.525
22.6425;-12.7594;25.9901;156.324;-155.725
22.6473;-12.9478;26.0872;156.512;-155.913
22.6513;-13.1452;26.1893;156.709;-156.111
22.6711;-13.3508;26.3102;156.916;-156.317
22.673;-13.5344;26.4054;157.099;-156.5
22.6823;-13.7297;26.514;157.294;-156.695
22.6952;-13.9294;26.6289;157.494;-156.895
22.708;-14.1321;26.7464;157.697;-157.098
22.7138;-14.3362;26.8597;157.901;-157.302
22.7001;-14.534;26.9543;158.097;-157.5
22.6865;-14.7322;27.0503;158.293;-157.698
22.666;-14.9351;27.1442;158.494;-157.901
22.6452;-15.1365;27.2382;158.693;-158.102
22.6349;-15.3324;27.339;158.887;-158.298
22.6245;-15.5322;27.4429;159.085;-158.498
22.6132;-15.7388;27.5512;159.29;-158.705
22.6023;-15.9384;27.6568;159.488;-158.904
22.5722;-16.1315;27.744;159.678;-159.097
22.5517;-16.3375;27.8477;159.881;-159.303
22.5418;-16.5259;27.9506;160.068;-159.492
22.5159;-16.7392;28.0564;160.278;-159.705
22.4945;-16.9383;28.1586;160.475;-159.904
22.4836;-17.1244;28.2623;160.66;-160.09
22.4697;-17.336;28.38;160.869;-160.302
22.4443;-17.5372;28.4834;161.068;-160.503
22.4383;-17.7399;28.6038;161.269;-160.706
22.4323;-17.9417;28.7248;161.47;-160.907
22.4125;-18.1543;28.8427;161.68;-161.12
22.3884;-18.3561;28.9515;161.879;-161.322
22.3526;-18.5622;29.055;162.081;-161.528
22.3331;-18.7742;29.176;162.291;-161.74
22.3167;-18.974;29.2924;162.489;-161.94
22.3149;-19.1752;29.4218;162.689;-162.141
22.3135;-19.3762;29.5522;162.89;-162.342
22.3272;-19.5667;29.6877;163.08;-162.532
22.3582;-19.7917;29.8597;163.307;-162.757
22.3823;-19.9777;30.0013;163.495;-162.943
22.417;-20.1712;30.1563;163.69;-163.137
22.4518;-20.3622;30.3101;163.883;-163.328
22.4857;-20.5574;30.4666;164.081;-163.523
22.5201;-20.7537;30.6247;164.279;-163.719
22.549;-20.9609;30.7866;164.488;-163.927
22.5757;-21.1485;30.9342;164.677;-164.114
22.5851;-21.3561;31.0833;164.885;-164.322
22.5941;-21.556;31.2275;165.085;-164.522
22.5989;-21.7616;31.3732;165.29;-164.727
22.6105;-21.9695;31.5261;165.498;-164.935
22.617;-22.157;31.6617;165.686;-165.123
22.6403;-22.3474;31.8117;165.877;-165.313
22.6567;-22.5586;31.9721;166.089;-165.524
22.6692;-22.7594;32.1229;166.291;-165.725
22.6904;-22.9594;32.2798;166.492;-165.925
22.7103;-23.1591;32.4361;166.692;-166.125
22.7304;-23.3606;32.5943;166.895;-166.326
22.7339;-23.5636;32.7425;167.097;-166.529
22.7366;-23.7611;32.8868;167.294;-166.727
22.7314;-23.9554;33.0239;167.488;-166.921
22.7369;-24.1433;33.1642;167.675;-167.109
22.7511;-24.3333;33.3125;167.866;-167.299
22.7639;-24.5343;33.4683;168.067;-167.5
22.7743;-24.7306;33.6195;168.264;-167.696
22.7937;-24.9335;33.7821;168.467;-167.899
22.8237;-25.1266;33.9451;168.662;-168.092
22.8449;-25.323;34.1048;168.86;-168.289
22.8717;-25.5187;34.2683;169.057;-168.484
22.8992;-25.6866;34.4119;169.227;-168.652
22.9315;-25.8833;34.5804;169.425;-168.849
22.9687;-26.0588;34.7364;169.603;-169.025
23.0109;-26.257;34.9132;169.804;-169.223
23.0499;-26.4501;35.0843;170;-169.416
23.0797;-26.6171;35.2299;170.169;-169.583
23.1126;-26.8158;35.4017;170.37;-169.782
23.148;-27.0142;35.5752;170.57;-169.98
23.1732;-27.2243;35.7513;170.782;-170.19
23.201;-27.425;35.9224;170.984;-170.391
23.225;-27.6078;36.0775;171.168;-170.573
23.2497;-27.8056;36.245;171.367;-170.771
23.2744;-28.004;36.4132;171.567;-170.97
23.2954;-28.195;36.5736;171.759;-171.161
23.313;-28.3975;36.7412;171.963;-171.363
23.337;-28.6139;36.9238;172.18;-171.58
23.359;-28.8256;37.102;172.393;-171.791
23.3901;-29.0262;37.2776;172.596;-171.992
23.4203;-29.2085;37.4385;172.78;-172.174
23.4584;-29.4026;37.6139;172.976;-172.368
23.5121;-29.6043;37.8052;173.182;-172.57
23.5544;-29.7975;37.9829;173.378;-172.763
23.5926;-29.9826;38.1519;173.566;-172.948

23.6385;29.8231;38.0551;173.763;-173.143
23.6809;29.6194;37.9222;173.97;-173.346
23.7221;29.4228;37.7947;174.169;-173.543
23.7612;29.2232;37.6642;174.371;-173.743
23.805;29.0267;37.5397;174.571;-173.939
23.8434;28.8396;37.4196;174.76;-174.126
23.8957;28.6499;37.3071;174.954;-174.316
23.9623;28.4746;37.2155;175.134;-174.491
24.0225;28.2783;37.1045;175.335;-174.687
24.0977;28.0771;37.0003;175.542;-174.889
24.1703;27.9023;36.9154;175.722;-175.063
24.2507;27.7259;36.8351;175.905;-175.24
24.3327;27.5445;36.753;176.093;-175.421
24.422;27.3495;36.6665;176.295;-175.616
24.505;27.1674;36.5864;176.484;-175.798
24.5908;26.9843;36.5084;176.674;-175.981
24.6747;26.802;36.4306;176.863;-176.164
24.7485;26.6129;36.3419;177.057;-176.353
24.8181;26.4282;36.2545;177.248;-176.538
24.8794;26.2478;36.1653;177.433;-176.718
24.9436;26.0597;36.0734;177.626;-176.906
25.007;25.8591;35.9729;177.831;-177.107
25.0808;25.675;35.8922;178.021;-177.291
25.172;25.4737;35.8125;178.23;-177.492
25.2606;25.2994;35.7513;178.412;-177.666
25.3517;25.1202;35.6894;178.599;-177.846
25.4453;24.9398;35.6294;178.787;-178.026
25.539;24.7699;35.5779;178.965;-178.196
25.6308;24.6101;35.533;179.132;-178.356
25.7311;24.437;35.486;179.314;-178.529
25.8281;24.2602;35.4351;179.499;-178.706
25.918;24.084;35.3805;179.683;-178.882
26.0166;23.9096;35.3346;179.866;-179.056
26.1127;23.733;35.2864;180.051;-179.233
26.1888;23.5688;35.2327;180.221;-179.397
26.2645;23.3643;35.1527;180.432;-179.601
26.3251;23.1816;35.077;180.62;-179.784
26.3765;23.0031;34.9981;180.803;-179.963
26.4372;22.8182;34.9227;180.992;-180.148
26.5028;22.6192;34.8429;181.197;-180.347
26.5557;22.416;34.7517;181.404;-180.55
26.6066;22.2151;34.6615;181.609;-180.751
26.6393;22.0391;34.5742;181.787;-180.927
26.6759;21.8425;34.4775;181.987;-181.123
26.7279;21.6432;34.3919;182.19;-181.323
26.7779;21.4499;34.3097;182.387;-181.516
26.8427;21.2509;34.2365;182.592;-181.715
26.8999;21.069;34.1688;182.778;-181.897
26.9656;20.8737;34.1007;182.979;-182.092
27.0364;20.6983;34.0498;183.161;-182.267
27.1227;20.52;34.0105;183.347;-182.446
27.2091;20.3326;33.9669;183.542;-182.633
27.2915;20.1758;33.9395;183.706;-182.79
27.3866;19.9953;33.9093;183.895;-182.97
27.4892;19.8264;33.8931;184.073;-183.139
27.6134;19.6452;33.8885;184.266;-183.32
27.7313;19.4783;33.8885;184.444;-183.487
27.8357;19.3135;33.8797;184.619;-183.652
27.9521;19.1437;33.8793;184.8;-183.822
28.0429;18.9743;33.859;184.978;-183.991
28.1396;18.8037;33.844;185.157;-184.162
28.2136;18.6163;33.802;185.351;-184.349
28.2903;18.425;33.7613;185.549;-184.541
28.3602;18.2478;33.7237;185.733;-184.718
28.4406;18.0633;33.692;185.925;-184.902
28.5016;17.855;33.6324;186.138;-185.111
28.5582;17.6667;33.581;186.332;-185.299
28.6156;17.4753;33.5297;186.528;-185.49
28.6731;17.2839;33.4796;186.724;-185.682
28.7078;17.0863;33.4078;186.925;-185.879
28.7415;16.8886;33.3361;187.125;-186.077
28.777;16.7026;33.273;187.313;-186.263
28.8099;16.4939;33.1972;187.524;-186.472
28.8496;16.2893;33.1307;187.732;-186.676
28.9139;16.0887;33.0887;187.938;-186.877
28.9734;15.9022;33.0506;188.13;-187.063
29.0271;15.7048;33.0032;188.332;-187.261
29.0799;15.5125;32.9587;188.529;-187.453
29.1028;15.3221;32.8898;188.721;-187.644
29.1158;15.1211;32.8082;188.922;-187.845
29.1308;14.9209;32.7297;189.123;-188.045
29.1436;14.7205;32.6503;189.323;-188.245
29.1651;14.4989;32.5703;189.546;-188.467
29.1698;14.2852;32.4799;189.759;-188.681
29.1717;14.0869;32.3949;189.956;-188.879
29.1649;13.8934;32.3051;190.148;-189.072
29.1719;13.6968;32.2274;190.344;-189.269
29.1802;13.5026;32.1528;190.538;-189.463
29.1832;13.3106;32.0754;190.729;-189.655
29.2207;13.0934;32.0201;190.949;-189.872
29.2554;12.8996;31.9731;191.146;-190.066
29.2913;12.7053;31.9281;191.343;-190.26
29.3307;12.4932;31.8806;191.558;-190.472
29.3665;12.3045;31.8401;191.749;-190.661
29.418;12.1088;31.8126;191.949;-190.857
29.4721;11.9028;31.7849;192.16;-191.063
29.5276;11.7033;31.7623;192.364;-191.262
29.5981;11.5201;31.761;192.554;-191.446
29.6647;11.3204;31.7513;192.76;-191.645
29.7282;11.1368;31.7458;192.949;-191.829
29.7957;10.951;31.7445;193.141;-192.015
29.8685;10.7916;31.7583;193.307;-192.174
29.9037;10.6028;31.7278;193.499;-192.363
29.9689;10.4155;31.7273;193.692;-192.55

-29.9615;10.228;31.6592;193.886;-192.738
-29.9038;10.0343;31.5424;194.085;-192.931
-29.8445;9.84522;31.4265;194.279;-193.121
-29.7825;9.64836;31.3063;194.482;-193.317
-29.6954;9.46193;31.1664;194.677;-193.504
-29.6214;9.28283;31.0419;194.863;-193.683
-29.5433;9.09999;30.913;195.053;-193.866
-29.4593;8.91456;30.7785;195.247;-194.051
-29.3668;8.71369;30.6323;195.456;-194.252
-29.2787;8.52109;30.4935;195.658;-194.445
-29.2027;8.32081;30.365;195.865;-194.645
-29.1205;8.14758;30.2388;196.046;-194.818
-29.0366;7.96326;30.1087;196.239;-195.002
-28.9563;7.77996;29.9833;196.43;-195.186
-28.8748;7.59639;29.8573;196.622;-195.369
-28.7932;7.41599;29.7329;196.81;-195.55
-28.7098;7.23181;29.6066;197.003;-195.734
-28.6035;7.06045;29.462;197.185;-195.905
-28.491;6.88082;29.3101;197.376;-196.085
-28.3996;6.7233;29.1846;197.543;-196.242
-28.2948;6.55302;29.0437;197.724;-196.413
-28.1887;6.38776;28.9034;197.901;-196.578
-28.0791;6.20668;28.7569;198.093;-196.759
-27.9796;6.04461;28.6251;198.266;-196.921
-27.8888;5.91047;28.5082;198.41;-197.055
-27.7832;5.74353;28.3706;198.588;-197.222
-27.6794;5.5763;28.2355;198.766;-197.389
-27.5686;5.39886;28.0923;198.955;-197.567
-27.4558;5.22874;27.9493;199.137;-197.737
-27.3422;5.05831;27.8061;199.32;-197.907
-27.2211;4.89605;27.6579;199.496;-198.07
-27.0984;4.75071;27.5117;199.655;-198.215
-26.9713;4.60794;27.3621;199.812;-198.358
-26.837;4.45781;27.2047;199.977;-198.508
-26.7122;4.30663;27.0572;200.142;-198.659
-26.5874;4.1565;26.9103;200.306;-198.809
-26.4577;4.0022;26.7587;200.475;-198.964
-26.3313;3.8674;26.6138;200.625;-199.098
-26.193;3.71839;26.4556;200.79;-199.247
-26.0673;3.54423;26.3071;200.978;-199.422
-25.9418;3.38709;26.162;201.149;-199.579
-25.8014;3.21712;26.0012;201.336;-199.749
-25.6543;3.04468;25.8344;201.525;-199.921
-25.5301;2.89238;25.6934;201.692;-200.073
-25.4043;2.73269;25.5508;201.866;-200.233
-25.2904;2.58447;25.4221;202.028;-200.381
-25.1628;2.43008;25.2799;202.197;-200.536
-25.0285;2.27025;25.1313;202.373;-200.695
-24.906;2.11806;24.9959;202.54;-200.848
-24.7802;1.96248;24.8578;202.71;-201.003
-24.6552;1.81359;24.7218;202.874;-201.152
-24.5331;1.67685;24.5903;203.026;-201.289
-24.4111;1.5277;24.4588;203.189;-201.438
-24.291;1.37257;24.3298;203.359;-201.593
-24.1834;1.20638;24.2135;203.538;-201.759
-24.0746;1.03734;24.097;203.72;-201.928
-23.959;0.867431;23.9747;203.903;-202.098
-23.8485;0.694249;23.8586;204.09;-202.271
-23.7408;0.525481;23.7466;204.271;-202.44
-23.6396;0.362704;23.6424;204.446;-202.603
-23.4985;0.205125;23.4994;204.621;-202.761
-23.364;0.0638973;23.3641;204.779;-202.902
-23.2218;-0.0638631;23.2218;204.925;-203.03
-23.0594;-0.195195;23.0602;205.078;-203.161
-22.9011;-0.318196;22.9033;205.221;-203.284
-22.7348;-0.440835;22.7391;205.365;-203.407
-22.5791;-0.551489;22.5858;205.496;-203.517
-22.4242;-0.670456;22.4342;205.636;-203.636
-22.2616;-0.791266;22.2757;205.778;-203.757
-22.1037;-0.903857;22.1221;205.912;-203.87
-21.936;-1.01972;21.9597;206.05;-203.985
-21.7754;-1.135;21.805;206.187;-204.101
-21.6133;-1.25188;21.6496;206.326;-204.218
-21.4437;-1.37775;21.4879;206.474;-204.343
-21.2692;-1.50867;21.3227;206.629;-204.474
-21.1197;-1.63855;21.1832;206.779;-204.604
-20.981;-1.77538;21.056;206.935;-204.741
-20.8475;-1.90977;20.9348;207.087;-204.876
-20.7308;-2.04778;20.8317;207.241;-205.014
-20.5949;-2.1957;20.7116;207.407;-205.161
-20.4699;-2.32151;20.6011;207.55;-205.287
-20.3285;-2.45574;20.4762;207.703;-205.421
-20.1798;-2.58986;20.3453;207.858;-205.556
-20.0378;-2.7264;20.2224;208.014;-205.692
-19.9044;-2.85123;20.1076;208.157;-205.817
-19.7523;-2.98439;19.9765;208.312;-205.95
-19.5887;-3.11764;19.8353;208.468;-206.083
-19.4279;-3.22549;19.6939;208.599;-206.191
-19.2606;-3.33604;19.5473;208.734;-206.302
-19.0943;-3.44732;19.403;208.869;-206.413
-18.9088;-3.58277;19.2453;209.031;-206.549
-18.7441;-3.70035;19.1058;209.173;-206.666
-18.5535;-3.78405;18.9354;209.285;-206.75
-18.3698;-3.86496;18.772;209.394;-206.831
-18.1888;-3.97035;18.6171;209.526;-206.936
-18.0214;-4.06239;18.4736;209.643;-207.028
-17.8496;-4.14675;18.325;209.754;-207.112
-17.7011;-4.24018;18.2018;209.869;-207.206
-17.5467;-4.37492;18.0838;210.027;-207.341
-17.3894;-4.49335;17.9605;210.169;-207.459
-17.2301;-4.61617;17.8378;210.316;-207.582
-17.0718;-4.7382;17.7171;210.462;-207.704
-16.9136;-4.86058;17.5982;210.608;-207.826
-16.75;-4.97547;17.4734;210.748;-207.941
-16.5835;-5.08369;17.3452;210.882;-208.049
-16.432;-5.19707;17.2343;211.019;-208.163
-16.2774;-5.32223;17.1254;211.167;-208.288
-16.1224;-5.46656;17.024;211.335;-208.432
-15.9608;-5.60504;16.9164;211.499;-208.571
-15.7989;-5.73501;16.8076;211.654;-208.701
-15.6425;-5.8596;16.704;211.803;-208.825
-15.5043;-6.00044;16.6249;211.965;-208.966
-15.363;-6.13565;16.5429;212.122;-209.101
-15.2209;-6.24234;16.4512;212.251;-209.208
-15.0691;-6.36341;16.3576;212.396;-209.329
-14.9037;-6.48067;16.2518;212.539;-209.446
-14.7279;-6.58972;16.135;212.677;-209.555
-14.5695;-6.67677;16.0266;212.79;-209.643
-14.3963;-6.7598;15.9044;212.901;-209.726
-14.2173;-6.84393;15.7788;213.015;-209.81
-14.0226;-6.9298;15.6414;213.133;-209.896
-13.8307;-6.99832;15.5004;213.234;-209.964
-13.6282;-7.05837;15.3476;213.329;-210.024
-13.4473;-7.12088;15.2163;213.422;-210.087
-13.2529;-7.18625;15.0759;213.521;-210.152
-13.0531;-7.26874;14.9405;213.637;-210.234
-12.8548;-7.33026;14.7979;213.733;-210.296
-12.6646;-7.38955;14.6628;213.826;-210.355
-12.481;-7.44409;14.5324;213.912;-210.41
-12.2867;-7.50915;14.3997;214.011;-210.475
-12.1061;-7.57325;14.2798;214.107;-210.539
-11.9197;-7.64042;14.1582;214.207;-210.606
-11.7218;-7.70632;14.0281;214.308;-210.672
-11.5282;-7.7836;13.9098;214.42;-210.749
-11.3459;-7.85422;13.7992;214.523;-210.82
-11.1738;-7.93299;13.7035;214.632;-210.899
-10.9855;-8.0177;13.6002;214.75;-210.983
-10.8056;-8.07914;13.492;214.844;-211.045
-10.6059;-8.15735;13.3801;214.959;-211.123
-10.4176;-8.21281;13.2656;215.048;-211.179
-10.2206;-8.28258;13.1553;215.154;-211.248
-10.0311;-8.34613;13.0491;215.253;-211.312
-9.84282;-8.4078;12.945;215.349;-211.374
-9.64348;-8.48665;12.846;215.465;-211.452
-9.43961;-8.5465;12.7338;215.563;-211.512
-9.24846;-8.60349;12.6315;215.656;-211.569
-9.0557;-8.66027;12.5302;215.749;-211.626
-8.86545;-8.71902;12.4345;215.843;-211.685
-8.66908;-8.78435;12.3417;215.946;-211.75
-8.46863;-8.84651;12.2466;216.046;-211.812
-8.28072;-8.90244;12.1583;216.138;-211.868
-8.08039;-8.96118;12.0663;216.236;-211.927
-7.88607;-8.99735;11.9642;216.31;-211.963
-7.69221;-9.03827;11.8685;216.388;-212.004
-7.49402;-9.08363;11.7759;216.473;-212.049
-7.30446;-9.13579;11.6969;216.562;-212.102
-7.11221;-9.19627;11.6256;216.66;-212.162
-6.91601;-9.2663;11.5627;216.769;-212.232
-6.72802;-9.33192;11.5044;216.871;-212.298
-6.53906;-9.39807;11.4491;216.975;-212.364
-6.33804;-9.45358;11.3816;217.07;-212.419
-6.12022;-9.49824;11.2993;217.159;-212.464
-5.92241;-9.53309;11.223;217.234;-212.499
-5.7334;-9.57392;11.1594;217.313;-212.54
-5.54296;-9.616;11.0992;217.394;-212.582
-5.3496;-9.68696;11.066;217.504;-212.653
-5.16398;-9.75782;11.04;217.612;-212.724
-4.98008;-9.83618;11.025;217.728;-212.802
-4.81469;-9.90677;11.0148;217.832;-212.873
-4.6268;-9.9891;11.0086;217.952;-212.955
-4.43895;-10.0667;11.002;218.068;-213.032
-4.25316;-10.142;10.9977;218.181;-213.108
-4.06507;-10.2319;11.0098;218.31;-213.198
-3.87088;-10.3306;11.032;218.448;-213.296
-3.6925;-10.4167;11.0518;218.57;-213.382
-3.51579;-10.5059;11.0786;218.696;-213.472
-3.33719;-10.5939;11.1071;218.821;-213.56
-3.16335;-10.6655;11.1248;218.928;-213.631
-2.96133;-10.7544;11.1546;219.059;-213.72
-2.79255;-10.8271;11.1815;219.167;-213.793
-2.60708;-10.9087;11.2159;219.288;-213.874
-2.41788;-10.994;11.2568;219.413;-213.96
-2.22895;-11.0735;11.2956;219.532;-214.039
-2.04924;-11.1553;11.3419;219.652;-214.121
-1.86092;-11.2281;11.3813;219.765;-214.194
-1.65716;-11.3032;11.4241;219.884;-214.269
-1.47147;-11.3725;11.4673;219.993;-214.338
-1.28156;-11.444;11.5155;220.106;-214.41
-1.09128;-11.5278;11.5793;220.23;-214.493
-0.905542;-11.6107;11.6459;220.353;-214.576
-0.726992;-11.692;11.7146;220.473;-214.658
-0.54441;-11.769;11.7816;220.59;-214.735
-0.366612;-11.8275;11.8331;220.688;-214.793
-0.176447;-11.891;11.8923;220.793;-214.857
0.00185741;-11.9549;11.9549;220.896;-214.921
0.170178;-11.995;11.9962;220.974;-214.961
0.364452;-12.0439;12.0494;221.067;-215.01
0.568745;-12.0894;12.1028;221.159;-215.055
0.752312;-12.136;12.1593;221.247;-215.102
0.945279;-12.1847;12.2213;221.34;-215.15
1.13057;-12.2358;12.2879;221.433;-215.201
1.3112;-12.2964;12.3661;221.534;-215.262
1.51295;-12.357;12.4493;221.641;-215.323
1.70686;-12.4158;12.5326;221.744;-215.382
1.8994;-12.4739;12.6176;221.847;-215.44
2.08551;-12.5424;12.7146;221.958;-215.508
2.29017;-12.6166;12.8227;222.079;-215.582
2.48172;-12.6834;12.9239;222.19;-215.649
2.68228;-12.7541;13.0331;222.307;-215.72
2.86845;-12.8124;13.1295;222.408;-215.778
3.06091;-12.8667;13.2258;222.508;-215.832
3.23963;-12.9071;13.3074;222.59;-215.873
3.42808;-12.9455;13.3917;222.673;-215.911
3.62341;-12.9834;13.4796;222.758;-215.949
3.82084;-13.0201;13.5692;222.842;-215.986
3.99826;-13.0425;13.6416;222.908;-216.008
4.19471;-13.0658;13.7226;222.979;-216.032
4.38385;-13.0898;13.8044;223.049;-216.056
4.57963;-13.1004;13.8778;223.108;-216.066
4.78519;-13.1115;13.9574;223.17;-216.077
4.99171;-13.1196;14.0371;223.23;-216.085
5.18312;-13.1275;14.1137;223.285;-216.093
5.374;-13.1257;14.1832;223.332;-216.091
5.55518;-13.1177;14.2455;223.37;-216.083
5.77666;-13.0891;14.3072;223.398;-216.055
5.98615;-13.0791;14.3839;223.442;-216.045
6.1792;-13.067;14.4544;223.48;-216.033
6.34922;-13.0573;14.5192;223.514;-216.023
6.55759;-13.0446;14.6001;223.555;-216.01
6.76691;-13.0384;14.6899;223.603;-216.004
6.97366;-13.0501;14.7965;223.668;-216.016
7.17465;-13.0596;14.9006;223.729;-216.025
7.36938;-13.0747;15.0085;223.795;-216.04
7.56358;-13.0973;15.1244;223.867;-216.063
7.74368;-13.1337;15.2466;223.95;-216.099
7.93501;-13.1745;15.3796;224.039;-216.14
8.12192;-13.2188;15.5145;224.131;-216.184
8.31174;-13.2602;15.6499;224.221;-216.226
8.51137;-13.3013;15.7914;224.314;-216.267
8.69567;-13.3607;15.9413;224.42;-216.326
8.88493;-13.4226;16.0969;224.53;-216.388
9.08118;-13.4859;16.2585;224.644;-216.452
9.27283;-13.5616;16.4287;224.768;-216.527
9.47734;-13.6311;16.602;224.89;-216.597
9.6764;-13.705;16.7768;225.015;-216.671
9.86091;-13.7722;16.9385;225.129;-216.738
10.0415;-13.8309;17.0917;225.235;-216.797
10.2324;-13.8911;17.2529;225.344;-216.857
10.424;-13.9485;17.4132;225.452;-216.914
10.6029;-14.0046;17.5656;225.555;-216.97
10.7935;-14.0641;17.7285;225.664;-217.03
10.9813;-14.1176;17.8856;225.767;-217.083
11.1798;-14.1872;18.0628;225.888;-217.153
11.3704;-14.2548;18.2342;226.006;-217.221
11.5386;-14.318;18.3887;226.113;-217.284
11.7242;-14.388;18.56;226.232;-217.354
11.9252;-14.461;18.7438;226.358;-217.427
12.1017;-14.526;18.9065;226.469;-217.492
12.2894;-14.5948;19.0797;226.588;-217.561
12.464;-14.6549;19.2385;226.695;-217.621
12.6558;-14.731;19.4209;226.821;-217.697
12.8395;-14.7933;19.5882;226.933;-217.759
13.0362;-14.8651;19.7716;227.057;-217.831
13.2269;-14.9221;19.9404;227.166;-217.888
13.4307;-14.9702;20.112;227.269;-217.936
13.6176;-15.0237;20.2769;227.374;-217.989
13.8022;-15.0845;20.4461;227.485;-218.05
13.9962;-15.1588;20.6321;227.611;-218.124
14.1946;-15.2239;20.8147;227.73;-218.19
14.3869;-15.2751;20.9836;227.835;-218.241
14.5598;-15.3209;21.1357;227.928;-218.287
14.7513;-15.3563;21.2936;228.017;-218.322
14.952;-15.4028;21.4665;228.12;-218.369
15.11;-15.4568;21.6154;228.217;-218.423
15.3117;-15.5195;21.8014;228.336;-218.485
15.5019;-15.58;21.9783;228.449;-218.546
15.6927;-15.6419;22.1569;228.564;-218.608
15.8783;-15.7065;22.3341;228.68;-218.672
16.0603;-15.7646;22.5046;228.789;-218.73
16.2449;-15.8085;22.6673;228.885;-218.774
16.4395;-15.8715;22.8509;229.002;-218.837
16.6204;-15.9266;23.0194;229.108;-218.892
16.8095;-15.9741;23.189;229.21;-218.94
17.0034;-16.0237;23.364;229.314;-218.989
17.2048;-16.0603;23.5359;229.409;-219.026
17.3907;-16.1024;23.7007;229.505;-219.068
17.5956;-16.1473;23.8818;229.609;-219.113
17.7751;-16.2166;24.061;229.729;-219.182
17.9612;-16.2897;24.2478;229.854;-219.255
18.1525;-16.3567;24.4347;229.976;-219.322
18.3143;-16.4312;24.6048;230.095;-219.397
18.4942;-16.5052;24.7882;230.22;-219.471
18.6724;-16.5672;24.9626;230.333;-219.533
18.8649;-16.6483;25.1605;230.469;-219.614
19.0531;-16.7094;25.3421;230.584;-219.675
19.243;-16.7718;25.5262;230.701;-219.738
19.4383;-16.8249;25.7084;230.811;-219.791
19.6408;-16.8831;25.8998;230.929;-219.849
19.8426;-16.9302;26.0837;231.035;-219.896
20.0255;-16.9837;26.2577;231.142;-219.949
20.1761;-17.036;26.4064;231.239;-220.002
20.3661;-17.0991;26.5924;231.357;-220.065
20.5703;-17.1574;26.7864;231.476;-220.123
20.7696;-17.2045;26.9699;231.582;-220.17
20.9666;-17.2502;27.1508;231.687;-220.216
21.1664;-17.2961;27.3344;231.793;-220.262
21.3612;-17.3361;27.5108;231.891;-220.302
21.5629;-17.3847;27.6981;232;-220.35
21.7659;-17.4332;27.8867;232.11;-220.399
21.9487;-17.4749;28.0556;232.207;-220.441
22.1436;-17.5128;28.2319;232.304;-220.479
22.3466;-17.5404;28.4084;232.395;-220.506
22.5407;-17.5569;28.5715;232.472;-220.523
22.7399;-17.5729;28.7386;232.55;-220.539
22.9482;-17.6113;28.9271;232.653;-220.577
23.1427;-17.6453;29.1022;232.747;-220.611
23.3458;-17.6902;29.2911;232.854;-220.656
23.5381;-17.7311;29.4692;232.954;-220.697
23.713;-17.7863;29.6422;233.063;-220.752
23.8968;-17.8664;29.8373;233.197;-220.832
24.0821;-17.9429;30.0316;233.329;-220.909
24.2683;-18.0282;30.2318;233.47;-220.994
24.4366;-18.1089;30.4152;233.601;-221.075
24.61;-18.201;30.6093;233.744;-221.167
24.7737;-18.2949;30.7968;233.886;-221.261
24.936;-18.3622;30.9673;234.002;-221.328
25.13;-18.4532;31.1775;234.151;-221.419
25.3127;-18.5394;31.3758;234.292;-221.505
25.495;-18.6434;31.5843;234.45;-221.609
25.6661;-18.7424;31.7809;234.6;-221.708
25.8387;-18.8433;31.9799;234.751;-221.809
26.0059;-18.9457;32.1752;234.903;-221.911
26.173;-19.0525;32.3732;235.059;-222.018
26.3503;-19.1609;32.5803;235.219;-222.127
26.5176;-19.2655;32.7772;235.373;-222.231
26.6892;-19.3838;32.9856;235.542;-222.35
26.8536;-19.4973;33.1852;235.703;-222.463
27.0138;-19.6;33.3752;235.853;-222.566
27.1723;-19.6944;33.5589;235.994;-222.66
27.3576;-19.8125;33.7783;236.167;-222.778
27.5265;-19.9225;33.9796;236.327;-222.888
27.6919;-20.0353;34.1798;236.489;-223.001
27.8755;-20.1379;34.3886;236.646;-223.104
28.0214;-20.2328;34.5624;236.784;-223.198
28.1878;-20.3393;34.7597;236.94;-223.305
28.3659;-20.4399;34.9631;237.095;-223.406
28.5405;-20.5421;35.1644;237.25;-223.508
28.7145;-20.6432;35.3647;237.403;-223.609
28.8884;-20.7358;35.56;237.549;-223.702
29.0588;-20.8028;35.7375;237.67;-223.769
29.2486;-20.8732;35.9329;237.8;-223.839
29.4285;-20.9368;36.1163;237.92;-223.903
29.6178;-21.0036;36.3093;238.047;-223.969
29.8255;-21.0765;36.5209;238.186;-224.042

-29.984;-21.1552;36.6958;238.325;-224.121
-29.7997;-21.2338;36.591;238.462;-224.2
-29.6161;-21.3028;36.4819;238.589;-224.269
-29.4523;-21.3556;36.3799;238.695;-224.321
-29.2628;-21.4043;36.2555;238.805;-224.37
-29.0737;-21.4537;36.1323;238.917;-224.419
-28.8959;-21.4871;36.0093;239.009;-224.453
-28.7066;-21.5255;35.8806;239.11;-224.491
-28.5213;-21.5624;35.7547;239.209;-224.528
-28.333;-21.6014;35.6284;239.31;-224.567
-28.1373;-21.6317;35.4914;239.406;-224.597
-27.9346;-21.6744;35.357;239.517;-224.64
-27.7638;-21.7169;35.2485;239.616;-224.683
-27.5728;-21.757;35.123;239.72;-224.723
-27.3512;-21.7996;34.9758;239.837;-224.765
-27.1645;-21.8283;34.848;239.929;-224.794
-26.9694;-21.8583;34.7151;240.025;-224.824
-26.7563;-21.8857;34.5671;240.126;-224.851
-26.5684;-21.9466;34.4606;240.249;-224.912
-26.3708;-22.0182;34.3543;240.385;-224.984
-26.1821;-22.0845;34.2524;240.514;-225.05
-25.9938;-22.1398;34.1446;240.632;-225.106
-25.7921;-22.2038;34.033;240.763;-225.17
-25.5992;-22.2683;33.9293;240.892;-225.234
-25.4031;-22.3252;33.8192;241.015;-225.291
-25.2113;-22.3797;33.7114;241.134;-225.345
-25.0205;-22.4257;33.5997;241.245;-225.391
-24.8104;-22.4671;33.4713;241.359;-225.433
-24.6133;-22.508;33.3531;241.467;-225.474
-24.4188;-22.5494;33.2378;241.576;-225.515
-24.2555;-22.5917;33.1469;241.674;-225.557
-24.0651;-22.6391;33.0403;241.786;-225.605
-23.8708;-22.6872;32.9321;241.901;-225.653
-23.6673;-22.7357;32.8185;242.02;-225.701
-23.4636;-22.7582;32.6876;242.114;-225.724
-23.2587;-22.7866;32.5607;242.215;-225.752
-23.0555;-22.8133;32.4346;242.314;-225.779
-22.8571;-22.8404;32.313;242.411;-225.806
-22.6421;-22.8773;32.1875;242.524;-225.843
-22.4534;-22.9338;32.0954;242.645;-225.9
-22.2646;-22.9918;32.0053;242.768;-225.958
-22.0746;-23.0509;31.916;242.893;-226.017
-21.8802;-23.1172;31.83;243.026;-226.083
-21.6911;-23.1832;31.7484;243.156;-226.149
-21.4987;-23.2447;31.6625;243.284;-226.21
-21.3134;-23.3049;31.5814;243.408;-226.271
-21.1248;-23.3551;31.4915;243.525;-226.321
-20.9615;-23.3843;31.404;243.612;-226.35
-20.7696;-23.4418;31.3193;243.737;-226.408
-20.5779;-23.4988;31.2353;243.861;-226.465
-20.3808;-23.5656;31.1563;243.996;-226.531
-20.2078;-23.62;31.0847;244.111;-226.586
-20.0154;-23.6788;31.0049;244.237;-226.645
-19.8189;-23.7368;30.9229;244.364;-226.703
-19.6326;-23.8039;30.8556;244.496;-226.77
-19.4402;-23.8776;30.7906;244.636;-226.843
-19.2561;-23.938;30.7218;244.761;-226.904
-19.0658;-24.011;30.66;244.9;-226.977
-18.8745;-24.0837;30.5985;245.039;-227.049
-18.68;-24.1629;30.5415;245.186;-227.129
-18.4946;-24.2412;30.4908;245.328;-227.207
-18.3141;-24.3172;30.4423;245.467;-227.283
-18.1316;-24.3957;30.3958;245.609;-227.361
-17.948;-24.4748;30.3504;245.751;-227.441
-17.7653;-24.554;30.3069;245.894;-227.52
-17.5815;-24.6342;30.2647;246.038;-227.6
-17.4028;-24.7143;30.2267;246.18;-227.68
-17.2248;-24.7929;30.1891;246.32;-227.759
-17.037;-24.8631;30.1402;246.457;-227.829
-16.8349;-24.9121;30.0671;246.579;-227.878
-16.6358;-24.9568;29.9932;246.697;-227.923
-16.4464;-25.0018;29.9261;246.811;-227.967
-16.2504;-25.0588;29.8667;246.939;-228.025
-16.0643;-25.1109;29.8097;247.058;-228.077
-15.8725;-25.1789;29.7644;247.195;-228.145
-15.6852;-25.2467;29.7224;247.329;-228.212
-15.5084;-25.3236;29.6951;247.468;-228.289
-15.3164;-25.399;29.6597;247.612;-228.365
-15.1409;-25.4618;29.6234;247.738;-228.427
-14.9587;-25.5311;29.5906;247.872;-228.497
-14.7709;-25.6278;29.5798;248.034;-228.594
-14.6084;-25.7382;29.595;248.199;-228.704
-14.4525;-25.84;29.6071;248.354;-228.806
-14.2602;-25.9444;29.6052;248.525;-228.91
-14.0643;-26.0626;29.6153;248.71;-229.028
-13.908;-26.1708;29.6368;248.87;-229.137
-13.7384;-26.2897;29.663;249.046;-229.255
-13.586;-26.4066;29.6966;249.213;-229.372
-13.4283;-26.5339;29.7383;249.392;-229.5
-13.276;-26.6561;29.7792;249.564;-229.622
-13.1419;-26.7752;29.8265;249.726;-229.741
-12.9838;-26.913;29.8813;249.915;-229.879
-12.8394;-27.0563;29.9482;250.104;-230.022
-12.6952;-27.1747;29.9939;250.269;-230.14
-12.54;-27.2927;30.0356;250.439;-230.258
-12.378;-27.4128;30.0778;250.613;-230.379
-12.2199;-27.5223;30.1132;250.776;-230.488
-12.0728;-27.6391;30.1608;250.941;-230.605
-11.9019;-27.7774;30.2198;251.135;-230.743
-11.7263;-27.9168;30.2795;251.333;-230.882
-11.552;-28.0389;30.3253;251.514;-231.005
-11.3736;-28.1553;30.3657;251.691;-231.121
-11.2179;-28.2603;30.4053;251.85;-231.226
-11.052;-28.3721;30.4487;252.018;-231.338
-10.886;-28.4711;30.4813;252.175;-231.437
-10.7138;-28.5735;30.5161;252.337;-231.539
-10.5373;-28.6731;30.548;252.499;-231.639
-10.3641;-28.7704;30.5803;252.657;-231.736
-10.19;-28.8694;30.615;252.817;-231.835
-9.9946;-28.9631;30.6391;252.981;-231.929
-9.81433;-29.0494;30.6625;253.132;-232.015
-9.62049;-29.134;30.6813;253.287;-232.1
-9.44023;-29.2139;30.7013;253.433;-232.18
-9.2478;-29.2987;30.7236;253.588;-232.264
-9.05491;-29.3746;30.7385;253.734;-232.34
-8.87632;-29.4504;30.759;253.876;-232.416
-8.69233;-29.5286;30.7814;254.021;-232.494
-8.51403;-29.6104;30.8101;254.168;-232.576
-8.32156;-29.6894;30.8336;254.318;-232.655
-8.14502;-29.7925;30.8858;254.484;-232.758
-7.97224;-29.8963;30.941;254.649;-232.862

-7.79622;29.9945;30.9911;254.82;-232.971
-7.62367;29.8916;30.8485;254.984;-233.074
-7.45313;29.7872;30.7055;255.148;-233.178
-7.2577;29.7083;30.582;255.3;-233.257
-7.06608;29.6295;30.4604;255.45;-233.336
-6.8914;29.5713;30.3637;255.574;-233.394
