#1 AntPos X;#2 AntPos Y;#3 Distance form nest;#4 Total Distance;#5 Total Y Distance
-4.87576;-0.548978;4.90657;0.199446;-0.144917
-4.98876;-0.685612;5.03565;0.376549;-0.281551
-5.12364;-0.819192;5.18872;0.566122;-0.415131
-5.25009;-0.962137;5.33752;0.756927;-0.558076
-5.40005;-1.12388;5.51577;0.97749;-0.719814
-5.53457;-1.28795;5.68246;1.18939;-0.883891
-5.66039;-1.44711;5.84245;1.39191;-1.04305
-5.79407;-1.60989;6.01356;1.60242;-1.20583
-5.92701;-1.7543;6.18118;1.79865;-1.35024
-6.07407;-1.88489;6.35981;1.99399;-1.48083
-6.23051;-2.01616;6.5486;2.19642;-1.6121
-6.3763;-2.13387;6.72389;2.382;-1.72981
-6.53228;-2.25994;6.91217;2.58092;-1.85588
-6.67896;-2.37959;7.0902;2.76897;-1.97553
-6.83457;-2.49944;7.27726;2.96364;-2.09538
-6.98987;-2.59624;7.45646;3.14218;-2.19218
-7.17014;-2.7106;7.66539;3.3514;-2.30654
-7.33903;-2.81757;7.8613;3.54776;-2.41351
-7.50132;-2.92766;8.05239;3.74172;-2.52359
-7.66583;-3.0411;8.24702;3.93979;-2.63704
-7.82931;-3.15548;8.44128;4.13787;-2.75142
-8.00231;-3.25608;8.63939;4.33417;-2.85202
-8.1785;-3.35621;8.84036;4.5329;-2.95215
-8.35665;-3.45712;9.04352;4.73398;-3.05306
-8.52652;-3.54606;9.23451;4.92134;-3.142
-8.70608;-3.63995;9.43637;5.11965;-3.23589
-8.89018;-3.73747;9.64386;5.32412;-3.33341
-9.07481;-3.84376;9.85529;5.53473;-3.4397
-9.23469;-3.96839;10.0512;5.73743;-3.56433
-9.38917;-4.09066;10.2416;5.93445;-3.6866
-9.53315;-4.21879;10.4249;6.12688;-3.81473
-9.70735;-4.32586;10.6276;6.32991;-3.92179
-9.87062;-4.44612;10.8258;6.53258;-4.04206
-10.0309;-4.56514;11.0208;6.73211;-4.16108
-10.1852;-4.68206;11.2098;6.92571;-4.278
-10.3453;-4.80401;11.4063;7.12695;-4.39994
-10.5047;-4.93137;11.6046;7.33094;-4.52731
-10.6591;-5.0647;11.8012;7.53473;-4.66064
-10.8134;-5.21713;12.0062;7.75033;-4.81306
-10.9597;-5.34607;12.194;7.94503;-4.94201
-11.1149;-5.46701;12.3866;8.14178;-5.06295
-11.2677;-5.59264;12.5793;8.33958;-5.18858
-11.4226;-5.72428;12.7767;8.54278;-5.32022
-11.5684;-5.85305;12.9648;8.73708;-5.44899
-11.7069;-5.99398;13.1522;8.93323;-5.58992
-11.8419;-6.13737;13.3378;9.12827;-5.73331
-11.9755;-6.28208;13.5232;9.32319;-5.87802
-12.1095;-6.43449;13.7129;9.52335;-6.03043
-12.2424;-6.58529;13.9011;9.72173;-6.18123
-12.3734;-6.71896;14.08;9.9079;-6.3149
-12.5173;-6.86348;14.2755;10.1109;-6.45942
-12.662;-7.00424;14.4701;10.3121;-6.60018
-12.8036;-7.14964;14.6646;10.514;-6.74558
-12.9454;-7.29827;14.8609;10.7182;-6.89421
-13.0811;-7.44095;15.0494;10.9139;-7.03689
-13.2008;-7.58986;15.2272;11.1015;-7.1858
-13.3263;-7.74592;15.414;11.2982;-7.34186
-13.4468;-7.9014;15.5964;11.4909;-7.49734
-13.5698;-8.07677;15.7916;11.6987;-7.67271
-13.6846;-8.24138;15.9746;11.8933;-7.83732
-13.7983;-8.40692;16.1577;12.0881;-8.00286
-13.9124;-8.56156;16.3357;12.276;-8.1575
-14.0298;-8.72286;16.5204;12.471;-8.3188
-14.1297;-8.8919;16.6948;12.6584;-8.48784
-14.2334;-9.0805;16.8833;12.8619;-8.67644
-14.3334;-9.24351;17.0554;13.0458;-8.83945
-14.4421;-9.41215;17.2384;13.2401;-9.00809
-14.5346;-9.57683;17.4061;13.4201;-9.17277
-14.6416;-9.75327;17.5927;13.6189;-9.3492
-14.745;-9.92776;17.7757;13.814;-9.5237
-14.8482;-10.0998;17.9576;14.0075;-9.69574
-14.9446;-10.2751;18.1362;14.1986;-9.87108
-15.0477;-10.4577;18.3247;14.3997;-10.0537
-15.1645;-10.6202;18.5135;14.5967;-10.2161
-15.2765;-10.7914;18.7037;14.7967;-10.3874
-15.3793;-10.9374;18.8719;14.9724;-10.5333
-15.4877;-11.1026;19.0561;15.1657;-10.6985
-15.5982;-11.2759;19.2471;15.3663;-10.8718
-15.7277;-11.4442;19.4507;15.577;-11.0402
-15.8496;-11.6027;19.6427;15.7754;-11.1987
-15.9834;-11.766;19.8471;15.9855;-11.362
-16.112;-11.9274;20.0464;16.1907;-11.5233
-16.2333;-12.0815;20.2357;16.3856;-11.6774
-16.3551;-12.2369;20.4262;16.5818;-11.8329
-16.4672;-12.3653;20.593;16.752;-11.9613
-16.602;-12.5193;20.7932;16.9563;-12.1152
-16.7356;-12.6532;20.9806;17.1455;-12.2492
-16.8802;-12.7938;21.1807;17.3471;-12.3898
-17.0238;-12.9335;21.3795;17.5473;-12.5294
-17.1682;-13.0687;21.5763;17.745;-12.6646
-17.3015;-13.2138;21.7703;17.9419;-12.8097
-17.4371;-13.3611;21.9676;18.1421;-12.9571
-17.5705;-13.5081;22.1628;18.3404;-13.1041
-17.6981;-13.6581;22.3554;18.5368;-13.254
-17.8287;-13.8057;22.5491;18.7337;-13.4016
-17.9636;-13.9522;22.7454;18.9327;-13.5481
-18.1166;-14.1009;22.9575;19.1461;-13.6968
-18.2607;-14.2403;23.1568;19.3464;-13.8362
-18.3859;-14.3969;23.3519;19.5459;-13.9928
-18.4997;-14.5514;23.5368;19.7361;-14.1474
-18.6131;-14.7129;23.7259;19.9309;-14.3088
-18.7021;-14.8838;23.9018;20.1156;-14.4798
-18.792;-15.0606;24.0824;20.3054;-14.6565
-18.8772;-15.2295;24.2546;20.4863;-14.8254
-18.9486;-15.4202;24.4302;20.6738;-15.0162
-19.026;-15.6151;24.6134;20.8687;-15.2111
-19.1011;-15.8015;24.79;21.0561;-15.3975
-19.1963;-15.9821;24.9785;21.2531;-15.578
-19.2766;-16.1568;25.1521;21.4359;-15.7527
-19.3694;-16.3375;25.3395;21.6318;-15.9335
-19.478;-16.5171;25.5383;21.8375;-16.113
-19.5558;-16.6841;25.7058;22.0133;-16.28
-19.6298;-16.8812;25.8902;22.209;-16.4771
-19.6969;-17.0584;26.0569;22.3856;-16.6544
-19.7668;-17.2475;26.2337;22.5731;-16.8435
-19.8158;-17.4282;26.3896;22.7407;-17.0241
-19.8847;-17.6183;26.567;22.9288;-17.2142
-19.9296;-17.8036;26.7237;23.0977;-17.3996
-19.9767;-17.998;26.8886;23.2753;-17.5939
-20.0258;-18.1919;27.0551;23.4543;-17.7879
-20.0835;-18.3545;27.2073;23.6153;-17.9504
-20.1456;-18.549;27.3845;23.8036;-18.1449
-20.221;-18.7325;27.5644;23.9923;-18.3284
-20.2959;-18.9246;27.75;24.1875;-18.5205
-20.3694;-19.1109;27.9309;24.3775;-18.7068
-20.459;-19.3132;28.1349;24.5903;-18.9091
-20.5414;-19.491;28.3169;24.7797;-19.0869
-20.6243;-19.6987;28.5202;24.9927;-19.2946
-20.6944;-19.8856;28.7001;25.1816;-19.4816
-20.7663;-20.0634;28.8752;25.3648;-19.6593
-20.8653;-20.2646;29.0863;25.5833;-19.8606
-20.9472;-20.4391;29.2668;25.7705;-20.0351
-21.0442;-20.6136;29.4581;25.9672;-20.2096
-21.1467;-20.7879;29.6533;26.1672;-20.3838
-21.2448;-20.9708;29.8515;26.3712;-20.5667
-21.3286;-21.1614;30.0452;26.5724;-20.7574
-21.3943;-21.3481;30.2234;26.7593;-20.944
-21.4607;-21.5366;30.4037;26.9483;-21.1326
-21.5293;-21.7034;30.5704;27.1217;-21.2993
-21.5953;-21.876;30.7394;27.2981;-21.4719
-21.6591;-22.0785;30.9286;27.4969;-21.6744
-21.7193;-22.2694;31.1072;27.6845;-21.8653
-21.7713;-22.4507;31.2734;27.8597;-22.0467
-21.8167;-22.639;31.4403;28.0365;-22.2349
-21.8492;-22.8328;31.6026;28.2102;-22.4287
-21.8835;-23.0295;31.7686;28.3876;-22.6254
-21.9168;-23.2257;31.934;28.5642;-22.8217
-21.9536;-23.4227;32.1027;28.7439;-23.0186
-21.9907;-23.6268;32.2772;28.9297;-23.2227
-22.0244;-23.8215;32.4429;29.1062;-23.4175
-22.0506;-24.0131;32.6015;29.2761;-23.6091
-22.0741;-24.2171;32.7679;29.4546;-23.813
-22.0897;-24.4055;32.9178;29.6163;-24.0014
-22.1331;-24.5855;33.0805;29.7876;-24.1814
-22.1783;-24.7811;33.2563;29.9729;-24.377
-22.2428;-24.9556;33.4294;30.1525;-24.5515
-22.3263;-25.1269;33.6128;30.3404;-24.7228
-22.4261;-25.3249;33.8272;30.5596;-24.9208
-22.5037;-25.4983;34.0085;30.746;-25.0942
-22.5615;-25.6924;34.1924;30.9378;-25.2883
-22.619;-25.8874;34.377;31.1305;-25.4833
-22.6768;-26.0807;34.5607;31.322;-25.6766
-22.7328;-26.2803;34.7482;31.5178;-25.8763
-22.7768;-26.4695;34.9201;31.6982;-26.0654
-22.8219;-26.6652;35.0981;31.8849;-26.2611
-22.8672;-26.8506;35.2684;32.0634;-26.4465
-22.9038;-27.0765;35.4643;32.2705;-26.6724
-22.9348;-27.2896;35.6472;32.4642;-26.8855
-22.9763;-27.5168;35.8481;32.6759;-27.1128
-23.0069;-27.7109;36.0168;32.854;-27.3068
-23.0479;-27.9043;36.192;33.0377;-27.5003
-23.1044;-28.1084;36.3854;33.239;-27.7043
-23.1406;-28.2965;36.5538;33.4158;-27.8925
-23.1627;-28.5099;36.7331;33.6062;-28.1058
-23.1779;-28.7287;36.9128;33.7977;-28.3246
-23.1855;-28.9279;37.0728;33.969;-28.5239
-23.1977;-29.141;37.2469;34.1547;-28.737
-23.2063;-29.3357;37.4048;34.3233;-28.9316
-23.2254;-29.5333;37.5717;34.5003;-29.1292
-23.2434;-29.7336;37.7404;34.6791;-29.3295
-23.2657;-29.9281;37.9075;34.8556;-29.524

-23.2844;29.8808;37.8818;35.0276;-29.7151
-23.3109;29.6845;37.7434;35.2082;-29.9114
-23.3585;29.4729;37.6068;35.4131;-30.123
-23.3804;29.2813;37.4705;35.5877;-30.3146
-23.3806;29.0783;37.3122;35.761;-30.5177
-23.3842;28.8888;37.167;35.9247;-30.7071
-23.3685;28.6882;37.0013;36.0882;-30.9077
-23.3429;28.4818;36.8253;36.252;-31.1142
-23.3111;28.282;36.6508;36.4074;-31.314
-23.2648;28.0989;36.4801;36.5414;-31.497
-23.2228;27.9073;36.3059;36.6856;-31.6886
-23.1815;27.7122;36.1296;36.8335;-31.8837
-23.1418;27.51;35.9491;36.989;-32.086
-23.0921;27.3098;35.7641;37.1382;-32.2861
-23.0461;27.1173;35.5875;37.283;-32.4787
-22.9972;26.923;35.4079;37.4285;-32.6729
-22.9535;26.7218;35.2267;37.5831;-32.8742
-22.9127;26.53;35.0547;37.7313;-33.066
-22.8745;26.337;34.8838;37.8822;-33.2589
-22.8339;26.1584;34.7224;38.0198;-33.4376
-22.7898;25.9452;34.533;38.1866;-33.6508
-22.7541;25.7472;34.3608;38.3444;-33.8488
-22.712;25.5446;34.1813;38.5037;-34.0513
-22.6574;25.3595;34.0068;38.6421;-34.2365
-22.5901;25.1645;33.8166;38.784;-34.4315
-22.5325;24.9988;33.6549;38.9048;-34.5972
-22.4651;24.8189;33.4763;39.0342;-34.777
-22.3936;24.6407;33.2962;39.1607;-34.9552
-22.3276;24.4489;33.1099;39.3025;-35.1471
-22.2625;24.2597;32.9265;39.4427;-35.3362
-22.1966;24.0714;32.7433;39.5825;-35.5246
-22.1323;23.8815;32.5601;39.7248;-35.7145
-22.0594;23.6694;32.3552;39.8839;-35.9265
-21.9997;23.4646;32.1648;40.0427;-36.1313
-21.9491;23.2884;32.0018;40.18;-36.3075
-21.895;23.0934;31.8229;40.3333;-36.5026
-21.8427;22.8975;31.6448;40.4885;-36.6985
-21.7909;22.7004;31.4667;40.6455;-36.8955
-21.7399;22.5032;31.2892;40.8033;-37.0928
-21.6896;22.3116;31.1166;40.9567;-37.2843
-21.6194;22.1177;30.9288;41.1044;-37.4782
-21.5733;21.915;30.7518;41.2705;-37.6809
-21.5358;21.7267;30.5915;41.4273;-37.8693
-21.5061;21.5325;30.4328;41.5929;-38.0635
-21.4707;21.3341;30.2677;41.7603;-38.2618
-21.441;21.14;30.1101;41.9264;-38.4559
-21.4149;20.9397;29.9511;42.0999;-38.6562
-21.3949;20.746;29.8017;42.2699;-38.8499
-21.3599;20.5538;29.643;42.4329;-39.0421
-21.3056;20.3814;29.4844;42.5704;-39.2146
-21.2474;20.1887;29.3093;42.7255;-39.4072
-21.1942;19.9998;29.1408;42.8793;-39.5961
-21.1444;19.811;28.9752;43.0347;-39.7849
-21.098;19.6254;28.8146;43.1888;-39.9706
-21.0563;19.4343;28.6541;43.35;-40.1617
-21.0041;19.2365;28.4818;43.5138;-40.3595
-20.9604;19.0533;28.3261;43.6675;-40.5426
-20.9201;18.8518;28.161;43.8397;-40.7441
-20.8688;18.6591;27.9941;44;-40.9368
-20.8263;18.466;27.834;44.1643;-41.13
-20.7774;18.2693;27.6671;44.3298;-41.3267
-20.7383;18.0806;27.5133;44.4917;-41.5154
-20.6952;17.8721;27.3442;44.6709;-41.7238
-20.6557;17.6775;27.1874;44.8387;-41.9184
-20.6282;17.4689;27.0312;45.024;-42.127
-20.6024;17.2728;26.8851;45.1985;-42.3232
-20.591;17.0777;26.7514;45.3772;-42.5182
-20.5829;16.8831;26.6214;45.5569;-42.7128
-20.5797;16.6832;26.4925;45.7432;-42.9128
-20.5797;16.4803;26.3652;45.9336;-43.1156
-20.5851;16.2609;26.2329;46.1414;-43.335
-20.6126;16.06;26.1305;46.3396;-43.5359
-20.6325;15.8655;26.0272;46.5292;-43.7305
-20.648;15.6901;25.9329;46.6993;-43.9059
-20.6677;15.4989;25.8335;46.8858;-44.0971
-20.6888;15.2994;25.7313;47.0806;-44.2965
-20.7206;15.0958;25.6364;47.283;-44.5002
-20.7475;14.8978;25.5422;47.4785;-44.6981
-20.8085;14.7009;25.4776;47.6844;-44.895
-20.8778;14.5095;25.4246;47.8879;-45.0864
-20.9632;14.2998;25.376;48.1142;-45.2962
-21.04;14.1113;25.334;48.3175;-45.4846
-21.1279;13.923;25.3029;48.5244;-45.6729
-21.2176;13.7497;25.2832;48.7178;-45.8462
-21.3002;13.5662;25.2535;48.9185;-46.0298
-21.3787;13.3809;25.221;49.1194;-46.215
-21.4763;13.1967;25.2068;49.3258;-46.3993
-21.5669;13.0219;25.1933;49.521;-46.574
-21.6562;12.8475;25.1804;49.7154;-46.7485
-21.749;12.6676;25.1692;49.9162;-46.9284
-21.845;12.4923;25.1646;50.1137;-47.1037
-21.9369;12.3115;25.1555;50.3149;-47.2844
-22.0375;12.1243;25.1526;50.5253;-47.4716
-22.1228;11.9489;25.1435;50.7193;-47.6471
-22.1868;11.7669;25.1141;50.9122;-47.829
-22.251;11.5617;25.0755;51.127;-48.0342
-22.3109;11.3782;25.0448;51.3199;-48.2177
-22.3697;11.163;25.0003;51.5422;-48.4329
-22.4109;10.9701;24.9518;51.7376;-48.6258
-22.4456;10.7797;24.9;51.9284;-48.8163
-22.4799;10.5812;24.8457;52.1267;-49.0147
-22.5071;10.396;24.7921;52.3102;-49.2
-22.5303;10.1629;24.7164;52.5373;-49.4331
-22.5546;9.96562;24.6582;52.7312;-49.6303
-22.5925;9.7863;24.621;52.9127;-49.8096
-22.6418;9.58532;24.5871;53.1185;-50.0106
-22.6934;9.39133;24.5598;53.3186;-50.2046
-22.7359;9.20186;24.5275;53.5113;-50.3941
-22.7889;9.0093;24.5052;53.7105;-50.5866
-22.842;8.81628;24.4843;53.9101;-50.7797
-22.8928;8.62118;24.4623;54.111;-50.9748
-22.9514;8.43034;24.4507;54.3104;-51.1656
-22.9985;8.23479;24.4283;54.5104;-51.3612
-23.0378;8.02096;24.3942;54.7251;-51.575
-23.0735;7.82547;24.3644;54.9213;-51.7705
-23.114;7.6252;24.3393;55.1236;-51.9707
-23.1467;7.44447;24.3144;55.3049;-52.1515
-23.1865;7.25144;24.294;55.5001;-52.3445
-23.2257;7.05329;24.2731;55.7001;-52.5426
-23.2619;6.84183;24.2472;55.9116;-52.7541
-23.2811;6.65439;24.2134;56.0948;-52.9416
-23.3121;6.44638;24.1869;56.3014;-53.1496
-23.345;6.24348;24.1655;56.5038;-53.3525
-23.3885;6.06845;24.163;56.6834;-53.5275
-23.4396;5.87581;24.1649;56.8821;-53.7201
-23.4645;5.67315;24.1406;57.0817;-53.9228
-23.495;5.47501;24.1245;57.2789;-54.1209
-23.5192;5.28128;24.1049;57.4699;-54.3147
-23.5699;5.08435;24.1121;57.6726;-54.5116
-23.6203;4.87584;24.1183;57.8861;-54.7201
-23.6478;4.69027;24.1085;58.0705;-54.9057
-23.6943;4.48256;24.1146;58.282;-55.1134
-23.7363;4.293;24.1214;58.475;-55.3029
-23.7631;4.10699;24.1154;58.6596;-55.4889
-23.8079;3.90637;24.1263;58.8639;-55.6896
-23.8375;3.70692;24.124;59.0622;-55.889
-23.8618;3.50885;24.1184;59.2575;-56.0871
-23.919;3.3068;24.1465;59.4672;-56.2891
-23.9708;3.10992;24.1717;59.6703;-56.486
-24.0204;2.92107;24.1974;59.8651;-56.6749
-24.0722;2.72712;24.2262;60.0654;-56.8688
-24.1347;2.52697;24.2666;60.2749;-57.069
-24.2009;2.33581;24.3134;60.4773;-57.2601
-24.255;2.15373;24.3505;60.6671;-57.4422
-24.3166;1.95838;24.3953;60.8718;-57.6376
-24.3767;1.78828;24.4422;61.0522;-57.8077
-24.4278;1.57554;24.4786;61.2701;-58.0204
-24.4803;1.38706;24.5195;61.4655;-58.2089
-24.54;1.19273;24.5689;61.6687;-58.4032
-24.5946;0.990514;24.6146;61.8777;-58.6054
-24.6558;0.78927;24.6684;62.0879;-58.8067
-24.7068;0.616458;24.7145;62.268;-58.9795
-24.7578;0.420128;24.7614;62.4703;-59.1758
-24.7997;0.246634;24.8009;62.6481;-59.3493
-24.8566;0.046495;24.8566;62.8559;-59.5494
-24.9042;-0.14601;24.9046;63.0535;-59.7419
-24.9568;-0.336254;24.959;63.2506;-59.9322
-25.0145;-0.527373;25.0201;63.4501;-60.1233
-25.069;-0.714253;25.0791;63.6446;-60.3102
-25.0976;-0.904572;25.1139;63.8341;-60.5005
-25.1104;-1.1142;25.1351;64.0369;-60.7101
-25.1038;-1.31226;25.1381;64.2226;-60.9082
-25.0968;-1.51246;25.1424;64.4103;-61.1084
-25.0898;-1.72132;25.1488;64.6063;-61.3173
-25.0888;-1.90998;25.1614;64.785;-61.5059
-25.0722;-2.12163;25.1618;64.9808;-61.7176
-25.0579;-2.31843;25.1649;65.1633;-61.9144
-25.0849;-2.54188;25.2133;65.384;-62.1378
-25.1095;-2.74466;25.259;65.5844;-62.3406
-25.1261;-2.95042;25.2987;65.7852;-62.5464
-25.1441;-3.18096;25.3445;66.01;-62.7769
-25.1536;-3.37556;25.3791;66.198;-62.9715
-25.157;-3.59603;25.4128;66.4088;-63.192
-25.1429;-3.79587;25.4278;66.5947;-63.3918
-25.1371;-4.01277;25.4554;66.7994;-63.6087
-25.1299;-4.21546;25.481;66.9903;-63.8114
-25.1204;-4.40631;25.5039;67.1692;-64.0023
-25.1315;-4.61646;25.552;67.3728;-64.2124
-25.1356;-4.83753;25.5969;67.5848;-64.4335
-25.1415;-5.04618;25.6429;67.7855;-64.6421
-25.152;-5.22778;25.6896;67.9619;-64.8237
-25.1618;-5.43066;25.7412;68.1583;-65.0266
-25.1681;-5.6515;25.7948;68.3709;-65.2474
-25.1626;-5.83484;25.8302;68.5443;-65.4308
-25.1637;-6.03672;25.8777;68.7374;-65.6327
-25.1675;-6.23523;25.9284;68.9281;-65.8312
-25.1716;-6.44068;25.9825;69.1255;-66.0366
-25.1756;-6.64042;26.0366;69.3175;-66.2364
-25.1799;-6.84593;26.094;69.5152;-66.4419
-25.1863;-7.04838;26.154;69.7106;-66.6443
-25.1948;-7.24834;26.2167;69.9043;-66.8443
-25.2293;-7.44777;26.3056;70.1051;-67.0437
-25.24;-7.63593;26.3698;70.2882;-67.2319
-25.2662;-7.83695;26.4537;70.4881;-67.4329
-25.3018;-8.01479;26.5408;70.6686;-67.6107
-25.3239;-8.20291;26.6193;70.855;-67.7988
-25.3459;-8.40178;26.7021;71.0517;-67.9977
-25.3675;-8.60047;26.7858;71.2481;-68.1964
-25.3918;-8.79951;26.8733;71.4457;-68.3954
-25.4146;-8.99949;26.9609;71.6437;-68.5954
-25.4407;-9.20001;27.053;71.8432;-68.7959
-25.4619;-9.39892;27.1412;72.0398;-68.9949
-25.4777;-9.59249;27.2237;72.2298;-69.1884
-25.5052;-9.79048;27.3197;72.4273;-69.3864
-25.5287;-9.98942;27.4136;72.6247;-69.5854
-25.5527;-10.1835;27.5072;72.8176;-69.7795
-25.5812;-10.388;27.61;73.0217;-69.984
-25.604;-10.5479;27.6916;73.1814;-70.1438
-25.6226;-10.7852;27.8;73.4141;-70.3811
-25.6638;-10.9857;27.9162;73.6181;-70.5817
-25.7107;-11.1802;28.0364;73.8179;-70.7761
-25.7621;-11.3742;28.1613;74.0185;-70.9701
-25.8022;-11.5883;28.2851;74.2352;-71.1842
-25.8341;-11.794;28.3989;74.4415;-71.3899
-25.8604;-11.9947;28.5067;74.6415;-71.5907
-25.893;-12.216;28.63;74.8629;-71.8119
-25.9252;-12.4161;28.745;75.064;-72.012
-25.9432;-12.5961;28.8394;75.2417;-72.192
-25.9445;-12.8121;28.9356;75.4494;-72.408
-25.9461;-13.0163;29.028;75.6458;-72.6123
-25.958;-13.2275;29.134;75.852;-72.8235
-25.9686;-13.421;29.2317;76.0407;-73.017
-25.9607;-13.6296;29.3211;76.2388;-73.2255
-25.9638;-13.8389;29.4216;76.4407;-73.4348
-25.99;-14.0646;29.5516;76.6648;-73.6606
-26.0196;-14.2613;29.6716;76.862;-73.8572
-26.0494;-14.4587;29.793;77.06;-74.0547
-26.1004;-14.6632;29.9373;77.2706;-74.2591
-26.1445;-14.8536;30.0693;77.4657;-74.4495
-26.1871;-15.039;30.1983;77.6557;-74.6349
-26.2446;-15.2256;30.3414;77.8509;-74.8216
-26.3271;-15.4221;30.5116;78.0626;-75.0181
-26.3959;-15.5962;30.6592;78.2489;-75.1921
-26.4812;-15.79;30.8315;78.4588;-75.386
-26.5631;-15.9683;30.9933;78.6527;-75.5642
-26.6129;-16.1554;31.1327;78.8464;-75.7514
-26.6792;-16.3516;31.2914;79.0532;-75.9475
-26.7337;-16.5286;31.4306;79.2384;-76.1245
-26.7921;-16.7205;31.5816;79.439;-76.3165
-26.8479;-16.9453;31.7483;79.6705;-76.5413
-26.8962;-17.1393;31.893;79.8703;-76.7353
-26.938;-17.3401;32.0365;80.0747;-76.936
-26.9774;-17.5375;32.1767;80.2753;-77.1334
-27.0165;-17.7336;32.3167;80.4746;-77.3296
-27.0434;-17.9355;32.4504;80.6761;-77.5315
-27.0704;-18.132;32.5818;80.8723;-77.7279
-27.0992;-18.3334;32.7182;81.0739;-77.9294
-27.1452;-18.5348;32.8695;81.2802;-78.1308
-27.185;-18.7477;33.0228;81.4958;-78.3437
-27.2278;-18.9456;33.1706;81.6978;-78.5415
-27.2705;-19.1417;33.3179;81.8981;-78.7377
-27.3216;-19.3398;33.4739;82.1026;-78.9357
-27.3443;-19.567;33.624;82.3272;-79.1629
-27.3636;-19.7784;33.7631;82.5358;-79.3743
-27.417;-19.9822;33.9261;82.7465;-79.5782
-27.4705;-20.1762;34.0838;82.9478;-79.7722
-27.5354;-20.3422;34.2346;83.1252;-79.9382
-27.6065;-20.5303;34.4036;83.3255;-80.1262
-27.6646;-20.7281;34.5685;83.5317;-80.324
-27.7216;-20.92;34.7294;83.7318;-80.5159
-27.7838;-21.1145;34.8964;83.9359;-80.7104
-27.8442;-21.3074;35.0615;84.1381;-80.9033
-27.9187;-21.4887;35.231;84.3329;-81.0847
-27.9937;-21.6899;35.4132;84.5469;-81.2859
-28.0552;-21.8851;35.5816;84.7515;-81.481
-28.1206;-22.0817;35.7543;84.9585;-81.6776
-28.1902;-22.2861;35.9355;85.1742;-81.8821
-28.2562;-22.4654;36.0986;85.3647;-82.0614
-28.3223;-22.6514;36.2662;85.5618;-82.2474
-28.3927;-22.8504;36.4457;85.7724;-82.4464
-28.445;-23.0164;36.5907;85.9465;-82.6124
-28.5241;-23.2048;36.7707;86.1493;-82.8007
-28.598;-23.4;36.9514;86.3573;-82.9959
-28.671;-23.5896;37.1281;86.5597;-83.1855
-28.737;-23.78;37.3001;86.7609;-83.3759
-28.8047;-23.9699;37.4735;86.9622;-83.5658
-28.8621;-24.1356;37.6237;87.1373;-83.7315
-28.9236;-24.322;37.7907;87.3334;-83.9179
-28.9751;-24.5149;37.9544;87.533;-84.1108
-29.0116;-24.7211;38.1157;87.7413;-84.317
-29.0537;-24.9143;38.2733;87.9386;-84.5103
-29.0937;-25.1136;38.4335;88.1412;-84.7095
-29.1367;-25.3074;38.5929;88.3394;-84.9034
-29.1757;-25.5124;38.757;88.5471;-85.1083
-29.2136;-25.6985;38.9082;88.7364;-85.2944
-29.2471;-25.8839;39.056;88.9239;-85.4799
-29.277;-26.0732;39.204;89.1141;-85.6691
-29.2822;-26.2915;39.3534;89.3254;-85.8874
-29.2866;-26.5174;39.508;89.5439;-86.1133
-29.2713;-26.7255;39.6367;89.7399;-86.3214
-29.267;-26.9223;39.7664;89.928;-86.5182
-29.2803;-27.1359;39.9211;90.1371;-86.7318
-29.2826;-27.3283;40.0538;90.3229;-86.9242
-29.2827;-27.506;40.1754;90.494;-87.102
-29.2745;-27.7068;40.3071;90.685;-87.3027
-29.2552;-27.8988;40.4254;90.8647;-87.4947
-29.2275;-28.0945;40.5407;91.0457;-87.6904
-29.2016;-28.2826;40.6526;91.2199;-87.8785
-29.1785;-28.4715;40.7678;91.3957;-88.0675
-29.1783;-28.6842;40.9164;91.6006;-88.2801
-29.1804;-28.8761;41.0527;91.7861;-88.472
-29.1915;-29.0707;41.1977;91.9767;-88.6667
-29.2065;-29.2479;41.3335;92.1515;-88.8438
-29.2224;-29.4583;41.4939;92.3586;-89.0543
-29.2285;-29.657;41.6395;92.5518;-89.2529
-29.2324;-29.8506;41.7803;92.7396;-89.4466

-29.2272;29.947;41.8456;92.9334;-89.6489
-29.218;29.7498;41.6982;93.1213;-89.8462
-29.2108;29.5625;41.5597;93.3001;-90.0335
-29.2037;29.3557;41.4079;93.4978;-90.2403
-29.2131;29.142;41.2634;93.7065;-90.4539
-29.2231;28.9293;41.1205;93.9144;-90.6666
-29.2442;28.7341;40.9984;94.1084;-90.8619
-29.2552;28.5337;40.8661;94.3047;-91.0622
-29.2672;28.3299;40.7327;94.5047;-91.266
-29.2804;28.1297;40.6032;94.7015;-91.4663
-29.2921;27.964;40.497;94.8646;-91.632
-29.3109;27.7644;40.3732;95.0622;-91.8316
-29.3205;27.5696;40.2464;95.2529;-92.0263
-29.3441;27.3873;40.139;95.4351;-92.2087
-29.3701;27.1919;40.025;95.6306;-92.404
-29.4067;26.9901;39.9151;95.835;-92.6058
-29.4211;26.7971;39.7956;96.0252;-92.7988
-29.4363;26.606;39.6784;96.2138;-92.9899
-29.4522;26.4059;39.5563;96.4113;-93.19
-29.4524;26.2233;39.4348;96.5879;-93.3727
-29.4482;26.0386;39.3091;96.7653;-93.5573
-29.4456;25.8164;39.1603;96.9796;-93.7796
-29.4473;25.6091;39.0252;97.1805;-93.9869
-29.4415;25.4098;38.8903;97.3718;-94.1862
-29.4664;25.2114;38.78;97.5699;-94.3845
-29.4929;25.022;38.6773;97.7599;-94.5739
-29.498;24.8179;38.5495;97.9587;-94.778
-29.5221;24.6257;38.4445;98.1507;-94.9702
-29.5246;24.4241;38.3176;98.3464;-95.1718
-29.5273;24.2272;38.1945;98.5377;-95.3688
-29.5239;24.0361;38.0709;98.7218;-95.5599
-29.5198;23.8348;37.941;98.9156;-95.7611
-29.5141;23.6339;37.8107;99.1086;-95.962
-29.508;23.436;37.6825;99.2988;-96.16
-29.4971;23.2349;37.5492;99.4908;-96.361
-29.494;23.0269;37.4183;99.6916;-96.5691
-29.4838;22.8141;37.2798;99.8952;-96.7818
-29.4749;22.6144;37.1508;100.086;-96.9815
-29.4683;22.4197;37.0273;100.274;-97.1763
-29.4628;22.208;36.8952;100.477;-97.3879
-29.4451;22.0173;36.7665;100.658;-97.5787
-29.4241;21.8111;36.6265;100.853;-97.7849
-29.4151;21.6018;36.495;101.053;-97.9942
-29.4042;21.404;36.3695;101.242;-98.1919
-29.3939;21.213;36.249;101.425;-98.3829
-29.4024;21.0211;36.144;101.614;-98.5749
-29.4197;20.8215;36.0424;101.811;-98.7745
-29.4382;20.6225;35.943;102.009;-98.9734
-29.4572;20.4273;35.8469;102.203;-99.1687
-29.4792;20.2226;35.7488;102.407;-99.3733
-29.5025;20.028;35.6583;102.601;-99.5679
-29.5267;19.8367;35.5714;102.793;-99.7593
-29.5774;19.5997;35.4819;103.035;-99.9963
-29.6252;19.4066;35.4157;103.234;-100.189
-29.6903;19.2089;35.3623;103.442;-100.387
-29.7545;19.0195;35.3139;103.641;-100.576
-29.8374;18.8433;35.2893;103.832;-100.753
-29.9325;18.6693;35.2774;104.024;-100.927

29.9706;18.4938;35.2173;104.217;-101.102
29.87;18.3161;35.0385;104.414;-101.28
29.7828;18.158;34.8816;104.589;-101.438
29.6691;17.9535;34.6783;104.815;-101.642
29.5777;17.7797;34.5102;105.006;-101.816
29.4839;17.6049;34.34;105.198;-101.991
29.4035;17.4317;34.1823;105.386;-102.164
29.3179;17.2656;34.0241;105.568;-102.33
29.2209;17.088;33.8506;105.764;-102.508
29.1217;16.9446;33.6926;105.927;-102.651
29.0108;16.7814;33.5148;106.113;-102.815
28.8948;16.6224;33.3349;106.296;-102.974
28.7814;16.4601;33.1558;106.481;-103.136
28.6664;16.3084;32.9807;106.656;-103.288
28.5499;16.1526;32.8025;106.836;-103.443
28.4288;15.9873;32.6158;107.027;-103.609
28.3085;15.839;32.4383;107.201;-103.757
28.1966;15.6734;32.26;107.389;-103.923
28.0833;15.5086;32.0809;107.577;-104.087
27.9729;15.3396;31.9028;107.768;-104.256
27.8566;15.1736;31.7211;107.959;-104.422
27.7469;15.0074;31.5454;108.147;-104.588
27.6289;14.8489;31.3663;108.33;-104.747
27.5327;14.6764;31.2001;108.522;-104.92
27.426;14.4853;31.0163;108.734;-105.111
27.3207;14.3127;30.8427;108.928;-105.283
27.2159;14.1389;30.6694;109.123;-105.457
27.0939;13.9755;30.4859;109.312;-105.62
26.9648;13.8135;30.2971;109.502;-105.782
26.8457;13.6525;30.1178;109.688;-105.943
26.7181;13.5065;29.938;109.862;-106.089
26.5851;13.3711;29.7583;110.027;-106.225
26.4217;13.2563;29.5608;110.181;-106.34
26.2516;13.1391;29.3561;110.339;-106.457
26.1153;13.0222;29.182;110.487;-106.574
25.963;12.8932;28.9881;110.652;-106.703
25.8079;12.7629;28.7913;110.819;-106.833
25.6592;12.6415;28.6042;110.975;-106.954
25.5062;12.5141;28.4107;111.139;-107.082
25.3566;12.3772;28.2162;111.311;-107.219
25.1797;12.223;27.9897;111.507;-107.373
25.0388;12.0835;27.802;111.68;-107.512
24.8971;11.9427;27.6133;111.853;-107.653
24.7381;11.8128;27.4138;112.022;-107.783
24.5833;11.6861;27.2195;112.186;-107.91
24.4321;11.5524;27.0257;112.356;-108.044
24.278;11.4037;26.8228;112.541;-108.192
24.1272;11.2649;26.6274;112.716;-108.331
23.9767;11.1311;26.4345;112.886;-108.465
23.8084;10.9854;26.2206;113.073;-108.611
23.6567;10.8521;26.0271;113.243;-108.744
23.4999;10.7234;25.8309;113.411;-108.873
23.3457;10.5963;25.6379;113.576;-109
23.1989;10.4657;25.4503;113.743;-109.13
23.0549;10.3296;25.2632;113.914;-109.266
22.8997;10.1834;25.0619;114.098;-109.413
22.7493;10.0607;24.8746;114.258;-109.535
22.5975;9.88672;24.6656;114.468;-109.709
22.4595;9.72993;24.4765;114.658;-109.866
22.331;9.61022;24.3111;114.81;-109.986
22.1836;9.46927;24.1201;114.987;-110.127
22.0552;9.33338;23.9488;115.154;-110.263
21.9351;9.1943;23.7841;115.322;-110.402
21.8362;9.03206;23.6304;115.506;-110.564
21.7112;8.85496;23.4475;115.712;-110.741
21.5862;8.7004;23.2736;115.896;-110.896
21.4846;8.55171;23.124;116.068;-111.044
21.3805;8.37435;22.962;116.268;-111.222
21.2764;8.20237;22.8027;116.462;-111.394
21.1658;8.03172;22.6384;116.658;-111.564
21.0446;7.84945;22.4609;116.868;-111.746
20.9339;7.6791;22.2979;117.063;-111.917
20.8268;7.49501;22.1343;117.27;-112.101
20.7317;7.31426;21.9842;117.471;-112.282
20.6386;7.12198;21.8329;117.682;-112.474
20.5375;6.95648;21.6836;117.87;-112.639
20.4224;6.7921;21.5223;118.061;-112.804
20.3187;6.63719;21.3753;118.24;-112.959
20.2009;6.47178;21.2123;118.433;-113.124
20.0729;6.29497;21.0368;118.64;-113.301
19.9676;6.11111;20.8818;118.846;-113.485
19.8459;5.93125;20.7133;119.054;-113.665
19.7387;5.7744;20.566;119.236;-113.822
19.6225;5.61477;20.41;119.423;-113.981
19.5096;5.43621;20.2529;119.627;-114.16
19.4022;5.26622;20.1042;119.821;-114.33
19.2884;5.09698;19.9504;120.017;-114.499
19.1434;4.92038;19.7656;120.229;-114.676
19.0107;4.78359;19.6033;120.399;-114.812
18.8531;4.6405;19.4158;120.583;-114.955
18.7004;4.50771;19.236;120.756;-115.088
18.5629;4.36114;19.0684;120.937;-115.235
18.4261;4.21528;18.9021;121.118;-115.381
18.2907;4.07828;18.7398;121.29;-115.518
18.1431;3.94807;18.5677;121.459;-115.648
17.9939;3.81595;18.3941;121.63;-115.78
17.8443;3.67767;18.2193;121.808;-115.918
17.7126;3.56019;18.0668;121.96;-116.036
17.5631;3.42491;17.8939;122.135;-116.171
17.3986;3.29497;17.7078;122.309;-116.301
17.2381;3.17174;17.5275;122.476;-116.424
17.0793;3.0499;17.3495;122.641;-116.546
16.9135;2.92326;17.1643;122.813;-116.673
16.7633;2.79581;16.9949;122.981;-116.8
16.6081;2.67251;16.8218;123.147;-116.923
16.4542;2.54852;16.6504;123.313;-117.047
16.2874;2.42168;16.4664;123.486;-117.174
16.125;2.30376;16.2888;123.649;-117.292
15.9771;2.19888;16.1277;123.795;-117.397
15.8183;2.09131;15.956;123.948;-117.505
15.65;1.98136;15.7749;124.106;-117.615
15.485;1.87238;15.5978;124.262;-117.724
15.315;1.76877;15.4168;124.414;-117.827
15.1362;1.67109;15.2282;124.564;-117.925
14.9608;1.57517;15.0435;124.712;-118.021
14.8122;1.47032;14.885;124.859;-118.126
14.6515;1.35743;14.7142;125.018;-118.239
14.4873;1.24113;14.5403;125.181;-118.355
14.322;1.13217;14.3666;125.338;-118.464
14.1607;1.03431;14.1984;125.484;-118.562
13.991;0.920796;14.0212;125.646;-118.675
13.8433;0.809795;13.8669;125.8;-118.786
13.6835;0.68968;13.7009;125.966;-118.906
13.5241;0.569774;13.5361;126.132;-119.026
13.3686;0.432602;13.3756;126.313;-119.163
13.219;0.300818;13.2225;126.487;-119.295
13.0658;0.1549;13.0667;126.675;-119.441
12.9218;0.015422;12.9218;126.855;-119.581
12.7789;-0.138975;12.7796;127.048;-119.735
12.6589;-0.286492;12.6621;127.227;-119.882
12.5354;-0.439142;12.5431;127.412;-120.035
12.4119;-0.591033;12.426;127.597;-120.187
12.2895;-0.747361;12.3122;127.785;-120.343
12.1567;-0.900561;12.19;127.974;-120.496
12.0194;-1.03734;12.0641;128.149;-120.633
11.8803;-1.16981;11.9378;128.321;-120.766
11.7408;-1.30851;11.8134;128.499;-120.904
11.5989;-1.44943;11.6891;128.679;-121.045
11.4543;-1.59818;11.5653;128.868;-121.194
11.3102;-1.74221;11.4436;129.053;-121.338
11.1783;-1.85665;11.3315;129.205;-121.453
11.0367;-1.9934;11.2152;129.382;-121.589
10.9141;-2.15249;11.1244;129.574;-121.748
10.784;-2.30641;11.0279;129.763;-121.902
10.6556;-2.46452;10.9369;129.955;-122.06
10.5324;-2.62234;10.854;130.146;-122.218
10.4171;-2.79205;10.7847;130.345;-122.388
10.2952;-2.96107;10.7126;130.546;-122.557
10.1681;-3.13209;10.6396;130.75;-122.728
10.0453;-3.29889;10.5731;130.949;-122.895
9.93212;-3.46102;10.5179;131.14;-123.057
9.80934;-3.62459;10.4576;131.336;-123.221
9.68709;-3.77358;10.3961;131.518;-123.37
9.56166;-3.93442;10.3395;131.713;-123.53
9.4376;-4.09208;10.2866;131.904;-123.688
9.31493;-4.24919;10.2383;132.093;-123.845
9.1874;-4.40647;10.1895;132.285;-124.002
9.06192;-4.56414;10.1464;132.477;-124.16
8.9334;-4.71095;10.0994;132.659;-124.307
8.79945;-4.84887;10.047;132.835;-124.445
8.66182;-4.99826;10.0005;133.023;-124.594
8.53837;-5.14323;9.96778;133.202;-124.739
8.40857;-5.29579;9.93728;133.391;-124.892
8.27357;-5.44909;9.90679;133.582;-125.045
8.14406;-5.59265;9.87944;133.762;-125.189
7.99614;-5.73467;9.83996;133.947;-125.331
7.84878;-5.88129;9.80779;134.136;-125.477
7.69826;-6.01048;9.76673;134.31;-125.606
7.51645;-6.13441;9.70196;134.49;-125.73
7.34947;-6.2409;9.64176;134.649;-125.837
7.15521;-6.33956;9.55966;134.811;-125.936
6.97088;-6.42929;9.48308;134.96;-126.025
6.79508;-6.4943;9.39941;135.084;-126.09
6.60979;-6.55927;9.312;135.211;-126.155
6.41864;-6.63043;9.22831;135.347;-126.226
6.23102;-6.70032;9.14986;135.48;-126.296
6.03059;-6.78267;9.07593;135.629;-126.379
5.84413;-6.8677;9.01771;135.776;-126.464
5.67769;-6.95564;8.97871;135.918;-126.552
5.49974;-7.05094;8.9422;136.072;-126.647
5.33181;-7.16704;8.93279;136.242;-126.763
5.17903;-7.306;8.95545;136.427;-126.902
5.03388;-7.44137;8.98409;136.606;-127.037
4.89645;-7.60545;9.04534;136.809;-127.201
4.78838;-7.74219;9.1033;136.976;-127.338
4.67082;-7.8864;9.1658;137.154;-127.482
4.54419;-8.04956;9.24365;137.352;-127.646
4.42139;-8.20762;9.32275;137.544;-127.804
4.30123;-8.36161;9.40304;137.732;-127.958
4.17669;-8.52022;9.48888;137.925;-128.116
4.07614;-8.67976;9.58922;138.111;-128.276
3.96869;-8.84187;9.69171;138.301;-128.438
3.85951;-9.01149;9.80321;138.499;-128.607
3.76294;-9.18078;9.92202;138.692;-128.777
3.68912;-9.3639;10.0644;138.89;-128.96
3.62134;-9.55936;10.2223;139.096;-129.155
3.5594;-9.74579;10.3754;139.292;-129.342
3.50137;-9.95421;10.5521;139.507;-129.55
3.44796;-10.1446;10.7146;139.704;-129.741
3.39538;-10.3366;10.8799;139.902;-129.932
3.35233;-10.5426;11.0627;140.109;-130.139
3.32115;-10.7333;11.2354;140.298;-130.329
3.2874;-10.9268;11.4106;140.49;-130.523
3.25887;-11.124;11.5915;140.684;-130.72
3.20504;-11.3198;11.7648;140.886;-130.916
3.15676;-11.5064;11.9316;141.077;-131.102
3.10639;-11.6999;12.1053;141.275;-131.296
3.0496;-11.8904;12.2752;141.473;-131.486
2.96625;-12.0763;12.4353;141.677;-131.672
2.90708;-12.2441;12.5844;141.855;-131.84
2.84472;-12.4525;12.7733;142.071;-132.048
2.7859;-12.6431;12.9464;142.27;-132.239
2.71358;-12.8384;13.122;142.478;-132.434
2.66231;-13.023;13.2923;142.669;-132.619
2.61147;-13.2139;13.4695;142.865;-132.81
2.57301;-13.4015;13.6462;143.054;-132.997
2.53162;-13.6009;13.8345;143.254;-133.197
2.47209;-13.8037;14.0233;143.465;-133.4
2.40609;-13.9979;14.2032;143.67;-133.594
2.34352;-14.1998;14.3919;143.88;-133.796
2.29597;-14.4072;14.589;144.091;-134.003
2.24971;-14.6045;14.7768;144.291;-134.2
2.20387;-14.7991;14.9623;144.489;-134.395
2.15905;-14.9952;15.1498;144.688;-134.591
2.12853;-15.2059;15.3542;144.895;-134.802
2.09765;-15.3948;15.5371;145.082;-134.991
2.06445;-15.5949;15.7309;145.281;-135.191
2.02439;-15.8111;15.9401;145.496;-135.407
1.98684;-16.0082;16.1311;145.694;-135.604
1.94955;-16.1597;16.2769;145.848;-135.756
1.8968;-16.3529;16.4625;146.047;-135.949
1.84197;-16.5461;16.6484;146.247;-136.142
1.79241;-16.7478;16.8434;146.453;-136.344
1.74149;-16.9419;17.0312;146.652;-136.538
1.68961;-17.1327;17.2158;146.849;-136.729
1.64426;-17.3431;17.4209;147.061;-136.939
1.59992;-17.538;17.6109;147.259;-137.134
1.55391;-17.74;17.8079;147.464;-137.336
1.50638;-17.9322;17.9953;147.66;-137.528
1.46108;-18.1225;18.1813;147.854;-137.718
1.41806;-18.3228;18.3776;148.056;-137.919
1.37476;-18.5209;18.5718;148.257;-138.117
1.3223;-18.711;18.7577;148.453;-138.307
1.26907;-18.9039;18.9465;148.652;-138.5
1.20324;-19.0957;19.1336;148.854;-138.692
1.13901;-19.2963;19.3298;149.065;-138.892
1.07263;-19.4925;19.522;149.272;-139.088
1.0142;-19.6774;19.7035;149.465;-139.273
0.975632;-19.864;19.8879;149.653;-139.46
0.93352;-20.0693;20.091;149.86;-139.665
0.888024;-20.2494;20.2689;150.044;-139.845
0.856817;-20.4423;20.4602;150.235;-140.038
0.827478;-20.6371;20.6537;150.427;-140.233
0.792168;-20.8375;20.8526;150.627;-140.433
0.745748;-21.0284;21.0416;150.822;-140.624
0.697528;-21.2281;21.2396;151.025;-140.824
0.654903;-21.4222;21.4322;151.222;-141.018
0.615462;-21.6183;21.6271;151.419;-141.214
0.576067;-21.8144;21.822;151.616;-141.41
0.53434;-22.0076;22.0141;151.811;-141.604
0.486225;-22.2079;22.2132;152.015;-141.804
0.413434;-22.3829;22.3867;152.205;-141.979
0.351988;-22.5658;22.5686;152.398;-142.162
0.285276;-22.7423;22.7441;152.586;-142.338
0.220324;-22.9363;22.9374;152.791;-142.532
0.143414;-23.1308;23.1312;153;-142.727
0.0681261;-23.3118;23.3119;153.196;-142.908
-0.0131985;-23.4972;23.4972;153.398;-143.093
-0.114539;-23.6852;23.6855;153.61;-143.281
-0.206187;-23.8637;23.8646;153.809;-143.46
-0.301634;-24.059;24.0609;154.026;-143.655
-0.395502;-24.2362;24.2395;154.225;-143.832
-0.495172;-24.4146;24.4196;154.427;-144.011
-0.594629;-24.5926;24.5998;154.629;-144.189
-0.67599;-24.7635;24.7727;154.818;-144.359
-0.800455;-24.9535;24.9664;155.04;-144.549
-0.905539;-25.1327;25.149;155.245;-144.729
-0.999328;-25.3448;25.3645;155.477;-144.941
-1.09513;-25.5105;25.534;155.666;-145.106
-1.20615;-25.6584;25.6867;155.844;-145.254
-1.3464;-25.8222;25.8572;156.048;-145.418
-1.45914;-25.9618;26.0028;156.219;-145.558
-1.59083;-26.1031;26.1515;156.398;-145.699
-1.74917;-26.2442;26.3024;156.587;-145.84
-1.88892;-26.3662;26.4337;156.752;-145.962
-2.04182;-26.5042;26.5827;156.936;-146.1
-2.17706;-26.6432;26.732;157.115;-146.239
-2.31391;-26.7837;26.8835;157.296;-146.38
-2.47481;-26.9297;27.0432;157.49;-146.526
-2.62153;-27.0659;27.1925;157.671;-146.662
-2.76849;-27.2049;27.3454;157.854;-146.801
-2.91815;-27.3497;27.5049;158.044;-146.946
-3.04892;-27.4608;27.6295;158.195;-147.057
-3.2015;-27.5899;27.775;158.372;-147.186
-3.32802;-27.7246;27.9236;158.544;-147.321
-3.4776;-27.8746;28.0907;158.738;-147.471
-3.62436;-28.0043;28.2379;158.913;-147.6
-3.77329;-28.1367;28.3886;159.091;-147.733
-3.91736;-28.2489;28.5192;159.249;-147.845
-4.0759;-28.3699;28.6612;159.42;-147.966
-4.23622;-28.4914;28.8046;159.593;-148.087
-4.39646;-28.6165;28.9523;159.769;-148.212
-4.56912;-28.7609;29.1216;159.967;-148.357
-4.71794;-28.8821;29.2649;160.135;-148.478
-4.86678;-29.0107;29.4161;160.31;-148.607
-5.02311;-29.1269;29.5569;160.476;-148.723
-5.17903;-29.2536;29.7085;160.652;-148.85
-5.35333;-29.3772;29.861;160.833;-148.973
-5.51415;-29.4649;29.9764;160.974;-149.061
-5.69001;-29.5599;30.1026;161.129;-149.156
-5.87002;-29.641;30.2167;161.272;-149.237
-6.04752;-29.723;30.3319;161.415;-149.319
-6.21903;-29.8277;30.4691;161.577;-149.424
-6.38523;-29.9045;30.5786;161.712;-149.5

-6.55999;29.9946;30.7036;161.872;-149.601
-6.73925;29.8968;30.647;162.031;-149.699
-6.902;29.7894;30.5785;162.192;-149.807
-7.06725;29.6778;30.5077;162.359;-149.918
-7.23352;29.5647;30.4367;162.527;-150.031
-7.38013;29.464;30.3742;162.676;-150.132
-7.54566;29.3525;30.3069;162.843;-150.243
-7.72043;29.257;30.2585;162.998;-150.339
-7.89517;29.1615;30.2113;163.154;-150.434
-8.06277;29.0485;30.1467;163.323;-150.547
-8.22769;28.9399;30.0867;163.487;-150.656
-8.40851;28.8268;30.0281;163.662;-150.769
-8.57062;28.7026;29.9549;163.839;-150.893
-8.72947;28.581;29.8844;164.013;-151.015
-8.91703;28.4444;29.8093;164.212;-151.152
-9.06639;28.32;29.7359;164.385;-151.276
-9.21983;28.2051;29.6737;164.551;-151.391
-9.37136;28.0988;29.6203;164.708;-151.497
-9.5352;27.9754;29.5557;164.886;-151.621
-9.70164;27.8697;29.51;165.049;-151.726
-9.86677;27.7689;29.4697;165.206;-151.827
-10.0487;27.6571;29.426;165.381;-151.939
-10.2215;27.5603;29.3947;165.538;-152.036
-10.3962;27.4631;29.365;165.696;-152.133
-10.5692;27.3731;29.3427;165.848;-152.223
-10.7532;27.2758;29.3189;166.01;-152.32
-10.9244;27.1801;29.2933;166.166;-152.416
-11.1031;27.0897;29.2768;166.32;-152.506
-11.2892;27.0018;29.2667;166.475;-152.594
-11.4697;26.9185;29.2602;166.624;-152.677
-11.636;26.8583;29.2705;166.745;-152.738
-11.8114;26.7919;29.28;166.877;-152.804
-12.0004;26.7284;29.2988;167.011;-152.867
-12.1836;26.6768;29.3273;167.132;-152.919
-12.376;26.6224;29.3585;167.259;-152.973
-12.5759;26.5576;29.3847;167.4;-153.038
-12.7643;26.4976;29.4117;167.531;-153.098
-12.9523;26.4542;29.4548;167.647;-153.142
-13.146;26.4099;29.5008;167.766;-153.186
-13.3284;26.3577;29.536;167.888;-153.238
-13.5119;26.2941;29.5626;168.021;-153.302
-13.6994;26.2315;29.5934;168.155;-153.364
-13.8893;26.1664;29.6242;168.293;-153.43
-14.0659;26.0845;29.6353;168.44;-153.511
-14.259;26.0029;29.6558;168.594;-153.593
-14.4545;25.9203;29.6782;168.75;-153.676
-14.6363;25.8424;29.6993;168.896;-153.754
-14.83;25.7646;29.7279;169.047;-153.831
-15.0148;25.6931;29.7587;169.189;-153.903
-15.1988;25.6182;29.7875;169.333;-153.978
-15.384;25.5437;29.8186;169.478;-154.052
-15.5697;25.4681;29.8502;169.624;-154.128
-15.7461;25.385;29.872;169.774;-154.211
-15.9276;25.3069;29.902;169.92;-154.289
-16.1112;25.2274;29.9332;170.07;-154.368
-16.2921;25.1419;29.9591;170.223;-154.454
-16.476;25.0531;29.9853;170.381;-154.543
-16.6416;24.9729;30.0099;170.524;-154.623
-16.8244;24.8879;30.0411;170.678;-154.708
-16.999;24.8112;30.0759;170.821;-154.785
-17.1964;24.7263;30.1182;170.982;-154.87
-17.3968;24.6504;30.171;171.135;-154.946
-17.5923;24.5643;30.2142;171.296;-155.032
-17.8088;24.4677;30.2625;171.476;-155.128
-17.9936;24.38;30.301;171.634;-155.216
-18.1599;24.3107;30.3445;171.768;-155.285
-18.3394;24.2308;30.3886;171.917;-155.365
-18.4896;24.1363;30.4044;172.067;-155.46
-18.666;24.0306;30.4284;172.238;-155.565
-18.8503;23.9413;30.4717;172.397;-155.655
-19.0369;23.8495;30.5156;172.561;-155.746
-19.1817;23.7593;30.5359;172.704;-155.837
-19.3513;23.6525;30.56;172.874;-155.943
-19.5275;23.5443;30.5885;173.048;-156.052
-19.6991;23.4447;30.622;173.212;-156.151
-19.8842;23.3358;30.6585;173.39;-156.26
-20.059;23.2187;30.6834;173.571;-156.377
-20.2076;23.1311;30.7147;173.715;-156.465
-20.3776;23.0279;30.7495;173.882;-156.568
-20.5341;22.9356;30.7845;174.033;-156.66
-20.7053;22.8416;30.8294;174.192;-156.754
-20.8708;22.754;30.8762;174.343;-156.842
-21.0514;22.6598;30.9294;174.507;-156.936
-21.233;22.5684;30.9866;174.668;-157.028
-21.4089;22.4699;31.0361;174.834;-157.126
-21.5834;22.3699;31.0846;175;-157.226
-21.7567;22.2711;31.1345;175.165;-157.325
-21.9293;22.1645;31.1795;175.337;-157.431
-22.1013;22.0567;31.2244;175.509;-157.539
-22.2721;21.947;31.2685;175.683;-157.649
-22.4409;21.8368;31.312;175.857;-157.759
-22.6099;21.7265;31.3568;176.03;-157.869
-22.786;21.6192;31.41;176.204;-157.977
-22.9617;21.513;31.465;176.378;-158.083
-23.1319;21.4171;31.5242;176.539;-158.179
-23.3188;21.3197;31.5958;176.709;-158.276
-23.5048;21.2128;31.6616;176.888;-158.383
-23.6683;21.1239;31.7239;177.04;-158.472
-23.8403;21.0341;31.793;177.197;-158.562
-24.0195;20.9377;31.8641;177.364;-158.658
-24.1836;20.8478;31.9293;177.517;-158.748
-24.3601;20.7534;32.0019;177.681;-158.843
-24.5381;20.6606;32.0777;177.844;-158.935
-24.7248;20.5689;32.162;178.009;-159.027
-24.8987;20.4746;32.2359;178.172;-159.121
-25.0652;20.363;32.2942;178.347;-159.233
-25.2306;20.2551;32.3552;178.517;-159.341
-25.4075;20.1549;32.4309;178.687;-159.441
-25.5763;20.0474;32.4969;178.859;-159.549
-25.7405;19.9399;32.5603;179.029;-159.656
-25.9093;19.8243;32.6235;179.208;-159.772
-26.0721;19.707;32.6821;179.387;-159.889
-26.2358;19.5892;32.7422;179.566;-160.007
-26.398;19.473;32.8032;179.743;-160.123
-26.5499;19.353;32.8547;179.919;-160.243
-26.6911;19.2396;32.9025;180.084;-160.356
-26.8592;19.1181;32.9685;180.269;-160.478
-27.0328;18.9829;33.0321;180.468;-160.613
-27.1912;18.8603;33.0919;180.65;-160.736
-27.3527;18.7402;33.1567;180.83;-160.856
-27.5131;18.6212;33.2223;181.01;-160.975
-27.6711;18.5049;33.2884;181.185;-161.091
-27.8239;18.3874;33.3506;181.36;-161.209
-27.9938;18.2624;33.4241;181.549;-161.333
-28.1754;18.1544;33.5177;181.728;-161.442
-28.3488;18.0377;33.6008;181.911;-161.558
-28.5114;17.9283;33.6797;182.083;-161.668
-28.6635;17.817;33.7497;182.252;-161.779
-28.8322;17.698;33.8307;182.435;-161.898
-28.9764;17.5767;33.8906;182.61;-162.019
-29.1241;17.4485;33.9509;182.791;-162.147
-29.2665;17.3134;34.0041;182.977;-162.283
-29.4125;17.1741;34.0594;183.168;-162.422
-29.5547;17.0397;34.115;183.353;-162.556
-29.6748;16.9248;34.162;183.51;-162.671
-29.8118;16.7929;34.2161;183.691;-162.803
-29.9569;16.6544;34.2751;183.881;-162.942

29.8966;16.5154;34.155;184.072;-163.081
29.749;16.391;33.9657;184.25;-163.205
29.6033;16.2594;33.7746;184.435;-163.337
29.4547;16.1255;33.58;184.622;-163.47
29.3075;15.9942;33.3878;184.807;-163.602
29.159;15.8711;33.1985;184.985;-163.725
28.9834;15.7407;32.9819;185.182;-163.855
28.8189;15.6218;32.7806;185.364;-163.974
28.6513;15.519;32.5843;185.533;-164.077
28.4768;15.419;32.3833;185.703;-164.177
28.3236;15.3073;32.1953;185.873;-164.289
28.1443;15.2025;31.9878;186.05;-164.393
27.9794;15.1072;31.7974;186.211;-164.489
27.8078;15.0076;31.5991;186.38;-164.588
27.6433;14.9228;31.4141;186.532;-164.673
27.4779;14.8371;31.2278;186.685;-164.759
27.3008;14.7498;31.0305;186.846;-164.846
27.1044;14.6551;30.8127;187.022;-164.941
26.9238;14.5734;30.615;187.179;-165.023
26.7531;14.4856;30.4231;187.337;-165.11
26.582;14.397;30.2303;187.496;-165.199
26.4023;14.304;30.0281;187.663;-165.292
26.2125;14.2191;29.8207;187.828;-165.377
26.0418;14.1541;29.6398;187.966;-165.442
25.857;14.0757;29.4399;188.123;-165.52
25.6339;13.9805;29.1985;188.312;-165.615
25.4196;13.9111;28.9772;188.475;-165.685
25.2247;13.8437;28.7739;188.628;-165.752
25.0334;13.784;28.5775;188.771;-165.812
24.8381;13.7266;28.3787;188.915;-165.869
24.6473;13.6676;28.1832;189.058;-165.928
24.4613;13.6167;27.9959;189.192;-165.979
24.2696;13.559;27.8004;189.335;-166.037
24.0695;13.5059;27.5998;189.478;-166.09
23.8712;13.4584;27.4037;189.615;-166.138
23.6764;13.4148;27.2127;189.747;-166.181
23.4826;13.3738;27.0239;189.877;-166.222
23.2832;13.3331;26.8305;190.009;-166.263
23.1032;13.2892;26.6526;190.134;-166.307
22.9103;13.2376;26.4597;190.273;-166.358
22.7044;13.1778;26.2516;190.425;-166.418
22.5148;13.1135;26.0553;190.574;-166.482
22.3223;13.0358;25.8499;190.735;-166.56
22.1267;12.9714;25.6485;190.887;-166.625
21.9393;12.9012;25.4514;191.04;-166.695
21.7491;12.8377;25.2553;191.188;-166.758
21.5445;12.7643;25.0418;191.352;-166.832
21.3543;12.7065;24.8488;191.496;-166.889
21.1738;12.6486;24.6641;191.635;-166.947
20.9875;12.588;24.4731;191.779;-167.008
20.7848;12.5268;24.2678;191.932;-167.069
20.5911;12.4593;24.0671;192.086;-167.137
20.4013;12.394;23.871;192.237;-167.202
20.2048;12.3252;23.6674;192.393;-167.271
20.0087;12.2667;23.4696;192.541;-167.329
19.8139;12.2153;23.2767;192.682;-167.381
19.6299;12.1383;23.0797;192.84;-167.458
19.4399;12.0491;22.8712;193.012;-167.547
19.2664;11.9919;22.6936;193.148;-167.604
19.0579;11.9246;22.4811;193.31;-167.671
18.9133;11.8688;22.329;193.43;-167.727
18.7374;11.7908;22.1385;193.586;-167.805
18.5458;11.6934;21.9244;193.766;-167.903
18.3689;11.6032;21.7268;193.932;-167.993
18.1745;11.5144;21.515;194.106;-168.081
17.9968;11.4361;21.323;194.263;-168.16
17.8006;11.3585;21.1158;194.428;-168.237
17.6151;11.2954;20.9255;194.576;-168.301
17.4147;11.2422;20.7282;194.723;-168.354
17.2092;11.1878;20.5262;194.873;-168.408
17.0152;11.1359;20.3354;195.016;-168.46
16.8209;11.0816;20.1431;195.16;-168.514
16.6216;11.0243;19.9452;195.311;-168.572
16.425;10.9755;19.7546;195.452;-168.62
16.2656;10.9232;19.593;195.578;-168.673
16.0721;10.8612;19.3979;195.729;-168.735
15.8807;10.792;19.2006;195.886;-168.804
15.6924;10.7066;18.997;196.055;-168.889
15.5043;10.6253;18.7958;196.221;-168.971
15.3023;10.5324;18.5767;196.403;-169.064
15.122;10.4324;18.3714;196.581;-169.164
14.9526;10.3383;18.1786;196.748;-169.258
14.7876;10.2558;17.996;196.904;-169.34
14.6145;10.1878;17.8151;197.05;-169.408
14.4235;10.0979;17.607;197.225;-169.498
14.2417;10.0152;17.4106;197.389;-169.581
14.0657;9.93626;17.2213;197.547;-169.66
13.8832;9.8384;17.0158;197.725;-169.758
13.7188;9.75178;16.8316;197.884;-169.844
13.541;9.66205;16.6347;198.052;-169.934
13.3731;9.55774;16.4375;198.228;-170.038
13.2023;9.44775;16.2346;198.41;-170.148
13.0409;9.34555;16.0438;198.58;-170.25
12.8741;9.25439;15.8552;198.744;-170.342
12.7269;9.15354;15.6768;198.907;-170.442
12.5598;9.04681;15.4788;199.084;-170.549
12.388;8.94024;15.2771;199.264;-170.656
12.2166;8.83179;15.0747;199.446;-170.764
12.042;8.72839;14.8726;199.624;-170.868
11.8457;8.61257;14.6457;199.825;-170.983
11.68;8.50764;14.45;200.001;-171.088
11.5145;8.40084;14.2533;200.178;-171.195
11.3346;8.29025;14.0429;200.366;-171.306
11.1602;8.18029;13.8372;200.55;-171.416
10.9805;8.05555;13.6185;200.75;-171.54
10.817;7.93941;13.4179;200.934;-171.657
10.6393;7.80899;13.1975;201.138;-171.787
10.4809;7.68532;12.9966;201.326;-171.911
10.3225;7.56312;12.7967;201.513;-172.033
10.1631;7.4482;12.6002;201.694;-172.148
10.0184;7.32996;12.4135;201.87;-172.266
9.85379;7.20126;12.2047;202.066;-172.395
9.70303;7.07096;12.0061;202.256;-172.525
9.55676;6.9385;11.8099;202.445;-172.657
9.42438;6.79841;11.6206;202.634;-172.798
9.28312;6.66402;11.4274;202.822;-172.932
9.13382;6.53613;11.2315;203.009;-173.06
8.97925;6.40262;11.0282;203.204;-173.193
8.83554;6.27813;10.8389;203.385;-173.318
8.68975;6.15263;10.6474;203.568;-173.443
8.53749;6.02031;10.4467;203.761;-173.576
8.38536;5.88747;10.2458;203.954;-173.708
8.24158;5.75558;10.0524;204.141;-173.84
8.11826;5.62748;9.87799;204.315;-173.968
7.99093;5.48727;9.69356;204.501;-174.109
7.85566;5.3391;9.49828;204.698;-174.257
7.72066;5.20531;9.31149;204.883;-174.391
7.58645;5.05375;9.11563;205.083;-174.542
7.48769;4.91868;8.95874;205.249;-174.677
7.3668;4.76313;8.77252;205.445;-174.833
7.24051;4.57356;8.56402;205.673;-175.022
7.12103;4.40055;8.37102;205.883;-175.195
7.00496;4.23813;8.18726;206.082;-175.358
6.89254;4.07676;8.00794;206.278;-175.519
6.77795;3.91893;7.82934;206.473;-175.677
6.66452;3.73545;7.63999;206.689;-175.86
6.56171;3.565;7.46761;206.888;-176.031
6.45742;3.38868;7.29256;207.092;-176.207
6.35099;3.22373;7.12233;207.289;-176.372
6.21803;3.05717;6.92894;207.5;-176.539
6.09252;2.9028;6.74871;207.698;-176.693
5.96738;2.74742;6.56947;207.896;-176.849
5.84445;2.59478;6.39456;208.09;-177.001
5.71929;2.43943;6.2178;208.288;-177.157
5.60682;2.26615;6.04747;208.494;-177.33
5.50305;2.09359;5.88784;208.696;-177.502
5.40299;1.92329;5.7351;208.893;-177.673
5.30212;1.75479;5.58496;209.09;-177.841
5.20959;1.5838;5.44502;209.284;-178.012
5.10502;1.40536;5.29493;209.491;-178.191
4.9907;1.23133;5.14036;209.699;-178.365
4.87207;1.04531;4.98294;209.919;-178.551
4.75893;0.858941;4.83583;210.137;-178.737
4.67232;0.687129;4.72258;210.329;-178.909
4.57263;0.482833;4.59805;210.555;-179.113
4.49138;0.308511;4.50196;210.746;-179.287
4.40177;0.0940316;4.40277;210.976;-179.502
4.3165;-0.0877468;4.31739;211.175;-179.684
4.25521;-0.29232;4.26524;211.381;-179.888
4.20738;-0.488693;4.23566;211.574;-180.085
4.14038;-0.67949;4.19577;211.771;-180.275
4.05884;-0.852515;4.1474;211.961;-180.448
3.95256;-1.02117;4.08234;212.161;-180.617
3.85766;-1.1807;4.0343;212.346;-180.777
3.75208;-1.35227;3.98833;212.548;-180.948
3.64983;-1.52094;3.95405;212.745;-181.117
3.54209;-1.69015;3.92467;212.946;-181.286
3.4364;-1.85914;3.90708;213.145;-181.455
3.32592;-2.034;3.89858;213.352;-181.63
3.2063;-2.19951;3.88821;213.555;-181.795
3.08935;-2.36146;3.88851;213.755;-181.957
2.97344;-2.52419;3.90037;213.954;-182.12
2.86428;-2.68652;3.92703;214.149;-182.282
2.76096;-2.87962;3.98937;214.368;-182.476
2.65618;-3.04215;4.03856;214.561;-182.638
2.5475;-3.18638;4.07955;214.741;-182.782
2.42702;-3.34018;4.12883;214.935;-182.936
2.3125;-3.4793;4.1777;215.114;-183.075
2.19343;-3.63278;4.24361;215.307;-183.229
2.05895;-3.80751;4.32856;215.526;-183.403
1.93134;-3.95939;4.40532;215.723;-183.555
1.80272;-4.11245;4.49022;215.92;-183.708
1.67415;-4.26555;4.58232;216.118;-183.861
1.54679;-4.40701;4.67058;216.305;-184.003
1.40941;-4.56109;4.77388;216.509;-184.157
1.28284;-4.67778;4.85049;216.675;-184.274
1.13909;-4.81933;4.95212;216.871;-184.415
0.993233;-4.96899;5.06728;217.075;-184.565
0.858046;-5.12608;5.1974;217.279;-184.722
0.727827;-5.28179;5.3317;217.48;-184.878
0.585657;-5.42394;5.45547;217.676;-185.02
0.455106;-5.5662;5.58477;217.866;-185.162
0.320118;-5.70445;5.71343;218.054;-185.3
0.172307;-5.83271;5.83526;218.241;-185.429
0.0274885;-5.95912;5.95918;218.425;-185.555
-0.120622;-6.08791;6.0891;218.613;-185.684
-0.273936;-6.21872;6.22475;218.805;-185.815
-0.425068;-6.34959;6.3638;218.996;-185.946
-0.575119;-6.47864;6.50412;219.184;-186.075
-0.720256;-6.61271;6.65182;219.375;-186.209
-0.869148;-6.73304;6.7889;219.556;-186.329
-1.02156;-6.86139;6.93702;219.745;-186.457
-1.18049;-6.99576;7.09466;219.944;-186.592
-1.33538;-7.08793;7.21263;220.104;-186.684
-1.517;-7.18953;7.34783;220.286;-186.785
-1.6966;-7.26941;7.46477;220.449;-186.865
-1.88767;-7.35465;7.59303;220.623;-186.951
-2.08134;-7.426;7.71216;220.786;-187.022
-2.26643;-7.49267;7.82795;220.941;-187.089
-2.46884;-7.55982;7.95274;221.106;-187.156
-2.65148;-7.60657;8.05544;221.242;-187.203
-2.85235;-7.65522;8.16935;221.391;-187.251
-3.03145;-7.70885;8.28348;221.532;-187.305
-3.23;-7.77703;8.42111;221.695;-187.373
-3.40941;-7.83908;8.5484;221.844;-187.435
-3.6044;-7.91363;8.69582;222.011;-187.51
-3.79622;-7.98267;8.83936;222.172;-187.579
-3.9811;-8.03419;8.96646;222.315;-187.63
-4.1815;-8.08566;9.1029;222.466;-187.682
-4.36947;-8.12849;9.22847;222.603;-187.724
-4.56704;-8.17462;9.36388;222.748;-187.771
-4.7601;-8.22759;9.50536;222.896;-187.824
-4.95265;-8.28364;9.65129;223.047;-187.88
-5.14003;-8.35858;9.81253;223.212;-187.955
-5.31973;-8.42402;9.96311;223.364;-188.02
-5.50714;-8.49276;10.122;223.523;-188.089
-5.7014;-8.57849;10.3003;223.7;-188.174
-5.88146;-8.66084;10.4691;223.866;-188.257
-6.07352;-8.74032;10.6433;224.037;-188.336
-6.23795;-8.8096;10.7945;224.185;-188.406
-6.41086;-8.89317;10.963;224.349;-188.489
-6.58201;-8.98669;11.1393;224.52;-188.583
-6.746;-9.07365;11.3066;224.682;-188.67
-6.92286;-9.16553;11.4862;224.855;-188.761
-7.09982;-9.26415;11.6718;225.034;-188.86
-7.29787;-9.37278;11.8789;225.233;-188.969
-7.47189;-9.46555;12.0593;225.406;-189.061
-7.6507;-9.55926;12.2439;225.582;-189.155
-7.83459;-9.65427;12.4333;225.761;-189.25
-8.01208;-9.74617;12.6167;225.935;-189.342
-8.18981;-9.83258;12.7966;226.105;-189.429
-8.36657;-9.91949;12.9767;226.274;-189.515
-8.54288;-9.98579;13.1414;226.426;-189.582
-8.72414;-10.0492;13.3078;226.578;-189.645
-8.91631;-10.1135;13.4827;226.737;-189.709
-9.10358;-10.1772;13.6547;226.893;-189.773
-9.29873;-10.2361;13.8291;227.049;-189.832
-9.48685;-10.2802;13.9886;227.189;-189.876
-9.68052;-10.3315;14.1581;227.339;-189.927
-9.86941;-10.385;14.3267;227.487;-189.981
-10.06;-10.4345;14.4942;227.633;-190.03
-10.257;-10.4727;14.6589;227.774;-190.069
-10.4682;-10.5227;14.8429;227.932;-190.119
-10.6537;-10.576;15.0118;228.079;-190.172
-10.8524;-10.6355;15.195;228.238;-190.231
-11.0282;-10.7125;15.3746;228.399;-190.308
-11.1862;-10.7915;15.543;228.553;-190.387
-11.3637;-10.8832;15.7346;228.727;-190.479
-11.5593;-10.9517;15.9234;228.893;-190.548
-11.7522;-11.0177;16.1091;229.055;-190.614
-11.9474;-11.093;16.3032;229.225;-190.689
-12.1239;-11.1663;16.4826;229.384;-190.762
-12.3326;-11.257;16.6977;229.576;-190.853
-12.5212;-11.3344;16.8894;229.745;-190.93
-12.7036;-11.417;17.0801;229.915;-191.013
-12.8858;-11.4962;17.2686;230.082;-191.092
-13.0772;-11.575;17.4641;230.254;-191.171
-13.2579;-11.6689;17.6616;230.433;-191.265
-13.4359;-11.7881;17.8741;230.631;-191.384
-13.603;-11.8977;18.0719;230.815;-191.494
-13.7689;-12.0069;18.2688;230.999;-191.603
-13.9294;-12.1087;18.4567;231.173;-191.705
-14.0753;-12.2017;18.6278;231.332;-191.798
-14.2444;-12.3022;18.8214;231.509;-191.898
-14.4357;-12.3981;19.029;231.696;-191.994
-14.5949;-12.487;19.2077;231.859;-192.083
-14.7711;-12.5857;19.4058;232.039;-192.182
-14.9179;-12.686;19.5826;232.205;-192.282
-15.1047;-12.8066;19.8031;232.409;-192.403
-15.276;-12.9144;20.0034;232.594;-192.51
-15.4235;-13.0239;20.1868;232.768;-192.62
-15.5944;-13.1409;20.3929;232.961;-192.737
-15.7591;-13.2565;20.5933;233.149;-192.852
-15.9214;-13.3718;20.7917;233.335;-192.968
-16.0797;-13.4941;20.9916;233.526;-193.09
-16.2611;-13.6199;21.2114;233.732;-193.216
-16.4263;-13.7526;21.4233;233.934;-193.349
-16.5792;-13.8724;21.6175;234.119;-193.468
-16.7368;-13.9984;21.8192;234.312;-193.594
-16.8881;-14.1214;22.0142;234.499;-193.717
-17.047;-14.2485;22.2176;234.694;-193.844
-17.2004;-14.3812;22.4204;234.89;-193.977
-17.3539;-14.5142;22.6234;235.086;-194.11
-17.504;-14.645;22.8225;235.279;-194.241
-17.6574;-14.7687;23.0195;235.468;-194.365
-17.818;-14.8912;23.2213;235.659;-194.487
-17.9766;-15.0003;23.413;235.839;-194.596
-18.143;-15.1215;23.6184;236.033;-194.717
-18.3177;-15.2506;23.8353;236.238;-194.847
-18.4777;-15.3741;24.0372;236.431;-194.97
-18.625;-15.5162;24.2414;236.631;-195.112
-18.7725;-15.6497;24.4402;236.825;-195.246
-18.9337;-15.8014;24.661;237.041;-195.397
-19.0589;-15.9447;24.849;237.23;-195.541
-19.1921;-16.0966;25.0487;237.431;-195.693
-19.31;-16.2403;25.2314;237.616;-195.836
-19.4556;-16.3928;25.441;237.824;-195.989
-19.5973;-16.5283;25.6367;238.016;-196.124
-19.748;-16.6703;25.8434;238.218;-196.266
-19.8946;-16.8101;26.0456;238.416;-196.406
-20.0434;-16.9536;26.2519;238.619;-196.55
-20.1876;-17.0927;26.4518;238.815;-196.689
-20.3193;-17.2166;26.6324;238.992;-196.813
-20.5008;-17.3638;26.866;239.216;-196.96
-20.6832;-17.5069;27.0978;239.438;-197.103
-20.8399;-17.6253;27.2938;239.624;-197.221
-20.999;-17.7454;27.4929;239.813;-197.341
-21.159;-17.8828;27.7038;240.017;-197.479
-21.3102;-18.0076;27.8998;240.206;-197.604
-21.466;-18.1307;28.0983;240.396;-197.727
-21.6347;-18.2612;28.3113;240.599;-197.857
-21.7924;-18.3846;28.5114;240.79;-197.981
-21.9294;-18.5014;28.6915;240.964;-198.097
-22.0865;-18.6333;28.8966;241.162;-198.229
-22.2328;-18.7643;29.0929;241.353;-198.36
-22.3919;-18.9072;29.3066;241.561;-198.503
-22.5057;-19.0192;29.4659;241.718;-198.615
-22.6444;-19.1673;29.6674;241.919;-198.763
-22.7764;-19.3088;29.8596;242.111;-198.905
-22.8952;-19.4657;30.0517;242.307;-199.062
-23.0019;-19.6285;30.2384;242.502;-199.224
-23.1082;-19.798;30.4294;242.702;-199.394
-23.2213;-19.9727;30.629;242.91;-199.569
-23.331;-20.1447;30.8245;243.113;-199.741
-23.4273;-20.3073;31.0037;243.302;-199.903
-23.5284;-20.48;31.1932;243.501;-200.076
-23.6022;-20.6523;31.3621;243.685;-200.248
-23.6736;-20.8343;31.5358;243.875;-200.43
-23.7436;-21.0191;31.7106;244.067;-200.615
-23.8153;-21.2058;31.8882;244.261;-200.802
-23.8986;-21.4017;32.0808;244.47;-200.998
-23.9515;-21.5755;32.2363;244.643;-201.171
-23.9931;-21.7725;32.3992;244.829;-201.368
-24.0336;-21.9664;32.5597;245.011;-201.562
-24.0635;-22.1544;32.7089;245.183;-201.75
-24.0816;-22.3629;32.8637;245.365;-201.959
-24.0988;-22.5621;33.0121;245.538;-202.158
-24.1091;-22.7572;33.1532;245.705;-202.353
-24.1246;-22.9612;33.3049;245.882;-202.557
-24.1374;-23.1581;33.4501;246.051;-202.754
-24.157;-23.3425;33.5922;246.214;-202.938
-24.1801;-23.5419;33.7476;246.392;-203.138
-24.2435;-23.7232;33.9195;246.577;-203.319
-24.3056;-23.8973;34.0859;246.756;-203.493
-24.3801;-24.0851;34.2707;246.953;-203.681
-24.4411;-24.2524;34.4318;247.125;-203.848
-24.5111;-24.4634;34.6302;247.339;-204.059
-24.5853;-24.6565;34.8192;247.54;-204.252
-24.6568;-24.8338;34.9954;247.727;-204.43
-24.7364;-25.0064;35.174;247.914;-204.602
-24.8246;-25.1933;35.369;248.118;-204.789
-24.9069;-25.3708;35.5532;248.311;-204.967
-24.9883;-25.5661;35.7497;248.518;-205.162
-25.0681;-25.7495;35.9367;248.715;-205.345
-25.156;-25.9508;36.1423;248.931;-205.547
-25.2582;-26.1218;36.3363;249.129;-205.718
-25.3592;-26.2936;36.53;249.328;-205.89
-25.459;-26.4762;36.7308;249.535;-206.072
-25.5498;-26.6513;36.9199;249.731;-206.247
-25.6581;-26.8189;37.1159;249.931;-206.415
-25.7682;-26.988;37.3143;250.132;-206.584
-25.8702;-27.1764;37.521;250.346;-206.772
-25.9553;-27.3565;37.7102;250.542;-206.952
-26.0336;-27.5359;37.8943;250.735;-207.132
-26.1087;-27.7219;38.081;250.931;-207.318
-26.1647;-27.927;38.2689;251.132;-207.523
-26.2214;-28.1218;38.4499;251.325;-207.718
-26.2858;-28.3201;38.639;251.525;-207.916
-26.3456;-28.5079;38.8175;251.714;-208.104
-26.3985;-28.7063;38.9991;251.907;-208.302
-26.4482;-28.8898;39.1679;252.087;-208.486
-26.5245;-29.0949;39.3708;252.3;-208.691
-26.5994;-29.2688;39.5498;252.486;-208.865
-26.7016;-29.4475;39.7508;252.691;-209.043
-26.8058;-29.6025;39.9357;252.878;-209.198
-26.9246;-29.7658;40.1365;253.079;-209.362
-27.0433;-29.9192;40.3299;253.273;-209.515

-27.1608;29.9176;40.4075;253.474;-209.678
-27.2786;29.7554;40.3671;253.674;-209.841
-27.4094;29.5992;40.3409;253.877;-209.997
-27.5536;29.4535;40.3325;254.079;-210.142
-27.7149;29.2757;40.3135;254.316;-210.32
-27.8304;29.1328;40.2896;254.499;-210.463
-27.9359;28.9475;40.229;254.712;-210.648
-28.0227;28.7539;40.1504;254.921;-210.842
-28.107;28.5479;40.0622;255.139;-211.048
-28.1855;28.3744;39.9941;255.326;-211.222
-28.2615;28.1966;39.922;255.516;-211.399
-28.3608;28.0096;39.8607;255.727;-211.586
-28.4571;27.8423;39.812;255.919;-211.754
-28.5722;27.665;39.7709;256.13;-211.931
-28.6913;27.5286;39.762;256.31;-212.067
-28.8315;27.3827;39.7626;256.51;-212.213
-28.9704;27.2393;39.7651;256.706;-212.357
-29.1018;27.0955;39.7628;256.899;-212.5
-29.231;26.9545;39.7618;257.088;-212.641
-29.3644;26.813;39.7644;257.28;-212.783
-29.5159;26.6809;39.7877;257.475;-212.915
-29.6778;26.5461;39.8179;257.677;-213.05
-29.8357;26.4179;39.8507;257.872;-213.178
-29.993;26.2932;39.8863;258.064;-213.303

29.8509;26.1695;39.6979;258.254;-213.426
29.6916;26.036;39.4901;258.454;-213.56
29.5462;25.915;39.301;258.636;-213.681
29.3789;25.7965;39.097;258.828;-213.799
29.1977;25.6786;38.8831;259.027;-213.917
29.0241;25.5471;38.6659;259.234;-214.049
28.843;25.4569;38.4704;259.411;-214.139
28.6545;25.3649;38.2682;259.593;-214.231
28.4674;25.2789;38.0712;259.77;-214.317
28.2671;25.2112;37.8766;259.939;-214.385
28.0746;25.1405;37.6859;260.106;-214.455
27.8839;25.0739;37.4995;260.269;-214.522
27.6949;25.0079;37.3149;260.43;-214.588
27.5103;24.9383;37.1313;260.592;-214.658
27.3238;24.8678;36.9458;260.756;-214.728
27.1336;24.8025;36.7613;260.918;-214.793
26.9427;24.7314;36.5726;261.085;-214.865
26.7549;24.6494;36.3788;261.259;-214.947
26.5549;24.5578;36.1697;261.448;-215.038
26.3852;24.4945;36.0023;261.596;-215.101
26.1966;24.4236;35.8159;261.762;-215.172
25.9999;24.366;35.6328;261.922;-215.23
25.8088;24.2941;35.4443;262.09;-215.302
25.6203;24.2191;35.2557;262.259;-215.377
25.4485;24.1313;35.0705;262.429;-215.465
25.2728;24.0239;34.8692;262.617;-215.572
25.1208;23.9236;34.69;262.786;-215.672
24.9711;23.8199;34.5101;262.957;-215.776
24.7932;23.7136;34.308;263.146;-215.882
24.6275;23.6245;34.1267;263.314;-215.971
24.4568;23.5409;33.9457;263.48;-216.055
24.2712;23.4703;33.7631;263.644;-216.126
24.1226;23.4024;33.6091;263.785;-216.194
23.9431;23.315;33.4194;263.96;-216.281
23.7596;23.2269;33.2266;264.137;-216.369
23.5951;23.1226;33.0361;264.317;-216.473
23.4194;23.0352;32.8495;264.489;-216.561
23.2147;22.9581;32.6496;264.67;-216.638
23.0378;22.8692;32.4614;264.844;-216.727
22.8573;22.7828;32.2725;265.019;-216.813
22.6759;22.7058;32.0897;265.186;-216.89
22.4965;22.6276;31.9077;265.353;-216.968
22.3087;22.5448;31.7167;265.529;-217.051
22.1353;22.4406;31.5207;265.714;-217.155
21.971;22.3287;31.3256;265.9;-217.267
21.8057;22.2122;31.1267;266.091;-217.384
21.6481;22.1183;30.9493;266.258;-217.478
21.4806;22.0213;30.7629;266.434;-217.575
21.2937;21.9317;30.5683;266.615;-217.664
21.1089;21.8503;30.3812;266.789;-217.746
20.9264;21.7652;30.1934;266.963;-217.831
20.7274;21.6714;29.9879;267.155;-217.925
20.5523;21.5963;29.8127;267.318;-218
20.3643;21.5241;29.6309;267.485;-218.072
20.1711;21.4488;29.4436;267.659;-218.147
19.9891;21.3998;29.2834;267.804;-218.196
19.8046;21.3783;29.142;267.929;-218.218
19.6131;21.3619;29.0001;268.053;-218.234
19.4235;21.3416;28.8572;268.18;-218.254
19.2516;21.3369;28.7382;268.283;-218.259
19.0623;21.3578;28.6273;268.377;-218.238
18.8416;21.3945;28.5084;268.475;-218.201
18.6413;21.4206;28.3961;268.571;-218.175
18.4456;21.4471;28.2882;268.663;-218.149
18.2451;21.4845;28.1863;268.75;-218.111
18.0497;21.5204;28.0877;268.835;-218.076
17.8465;21.5552;27.9844;268.926;-218.041
17.6513;21.5938;27.8902;269.009;-218.002
17.4594;21.6409;27.8058;269.083;-217.955
17.2482;21.6859;27.7088;269.171;-217.91
17.0355;21.7246;27.6073;269.264;-217.871
16.8374;21.7511;27.5065;269.359;-217.845
16.6439;21.7857;27.416;269.445;-217.81
16.4353;21.8223;27.3191;269.539;-217.774
16.272;21.8864;27.2726;269.583;-217.71
16.0857;21.9351;27.201;269.654;-217.661
15.8949;21.9792;27.1244;269.731;-217.617
15.7014;22.0194;27.0442;269.813;-217.577
15.5196;22.072;26.9821;269.878;-217.524
15.3174;22.1274;26.9118;269.953;-217.469
15.134;22.1766;26.8485;270.022;-217.419
14.9403;22.2228;26.778;270.1;-217.373
14.759;22.274;26.72;270.166;-217.322
14.5791;22.3253;26.664;270.232;-217.271
14.3871;22.38;26.6055;270.302;-217.216
14.2117;22.4324;26.5553;270.365;-217.164
14.0198;22.5079;26.5171;270.418;-217.088
13.8316;22.5833;26.4825;270.47;-217.013
13.6467;22.6577;26.45;270.521;-216.938
13.4655;22.7261;26.4159;270.574;-216.87
13.2762;22.7945;26.3789;270.633;-216.801
13.0938;22.8642;26.348;270.686;-216.732
12.9053;22.9331;26.3149;270.744;-216.663
