#1 AntPos X	#2 AntVel X	#3 AntPos Y	#4 AntVel Y	#5 AntAngle	
-18.1486;-1.46831;-10.5953;-0.721385;-2.68493;
-18.3359;-1.87335;-10.6936;-0.983187;-2.65828;
-18.5163;-1.80359;-10.7849;-0.913565;-2.67274;
-18.6967;-1.80481;-10.8781;-0.931488;-2.66514;
-18.8806;-1.8388;-10.9699;-0.917736;-2.67867;
-19.0811;-2.00497;-11.0693;-0.994362;-2.68119;
-19.2534;-1.7224;-11.1567;-0.873802;-2.67211;
-19.4446;-1.91293;-11.262;-1.05335;-2.63825;
-19.6058;-1.61138;-11.3487;-0.866462;-2.64823;
-19.7821;-1.76315;-11.4522;-1.03508;-2.61074;
-19.961;-1.789;-11.5361;-0.839447;-2.70287;
-20.1418;-1.80788;-11.6222;-0.860483;-2.69736;
-20.3162;-1.74463;-11.7256;-1.03406;-2.60655;
-20.4818;-1.65551;-11.8016;-0.760084;-2.71118;
-20.6582;-1.76411;-11.8687;-0.671637;-2.77781;
-20.8456;-1.87407;-11.9415;-0.727928;-2.77111;
-21.0361;-1.90476;-12.004;-0.624608;-2.82472;
-21.2113;-1.75249;-12.0539;-0.498654;-2.86438;
-21.4061;-1.9479;-12.1056;-0.517367;-2.88198;
-21.6032;-1.97019;-12.1636;-0.579634;-2.85546;
-21.7707;-1.67535;-12.2052;-0.416265;-2.89806;
-21.9723;-2.01623;-12.2554;-0.50196;-2.89759;
-22.1664;-1.94115;-12.3035;-0.48159;-2.89841;
-22.3649;-1.98475;-12.378;-0.744321;-2.7828;
-22.5439;-1.79032;-12.461;-0.830516;-2.70725;
-22.7475;-2.03559;-12.5567;-0.957025;-2.70211;
-22.938;-1.90501;-12.6452;-0.884677;-2.70683;
-23.1351;-1.97089;-12.7416;-0.963729;-2.6868;
-23.3171;-1.81986;-12.8321;-0.905041;-2.6801;
-23.4971;-1.80003;-12.921;-0.889298;-2.68272;
-23.6762;-1.79128;-13.0059;-0.849488;-2.69877;
-23.8517;-1.75517;-13.0985;-0.925736;-2.65624;
-24.0339;-1.82219;-13.2027;-1.04178;-2.62223;
-24.2105;-1.76516;-13.3048;-1.02119;-2.61711;
-24.3932;-1.82771;-13.4032;-0.983673;-2.64785;
-24.5591;-1.65905;-13.5029;-0.996941;-2.6005;
-24.7275;-1.68406;-13.5882;-0.852931;-2.67278;
-24.907;-1.79505;-13.6779;-0.897185;-2.6781;
-25.0857;-1.78673;-13.7812;-1.03329;-2.61727;
-25.2599;-1.74169;-13.8775;-0.962608;-2.63669;
-25.4303;-1.70437;-13.9736;-0.960847;-2.62825;
-25.5987;-1.68401;-14.0686;-0.950869;-2.62757;
-25.7733;-1.74605;-14.1691;-1.00415;-2.61969;
-25.9363;-1.63005;-14.2623;-0.932533;-2.62195;
-26.1287;-1.92326;-14.3576;-0.952559;-2.68173;
-26.3264;-1.97757;-14.4467;-0.891715;-2.71798;
-26.5156;-1.89179;-14.5334;-0.866594;-2.71204;
-26.6983;-1.8266;-14.6074;-0.739586;-2.75687;
-26.875;-1.76735;-14.6795;-0.721681;-2.75392;
-27.0721;-1.97119;-14.7779;-0.983856;-2.67865;
-27.2708;-1.98702;-14.8717;-0.937778;-2.70063;
-27.4744;-2.03565;-14.9433;-0.715883;-2.80343;
-27.6579;-1.83567;-15.0057;-0.623864;-2.81398;
-27.8526;-1.94624;-15.0697;-0.640577;-2.82363;
-28.0579;-2.05366;-15.1398;-0.700302;-2.81296;
-28.2429;-1.85007;-15.2016;-0.618328;-2.81905;
-28.4296;-1.8669;-15.2774;-0.758521;-2.75567;
-28.6158;-1.86208;-15.3533;-0.758595;-2.75473;
-28.7957;-1.79825;-15.4324;-0.790605;-2.72738;
-28.9623;-1.66655;-15.5031;-0.707768;-2.73998;
-29.1418;-1.7947;-15.5885;-0.853618;-2.69763;
-29.3421;-2.00324;-15.6861;-0.976158;-2.68817;
-29.5249;-1.82805;-15.7762;-0.900924;-2.6837;
-29.7066;-1.81722;-15.8615;-0.852792;-2.70282;
-29.9101;-2.03475;-15.9313;-0.697849;-2.8112;

29.9195;-1.70431;-16.0076;-0.763544;-2.7204;
29.7274;-1.92014;-16.0976;-0.899985;-2.70329;
29.5283;-1.99143;-16.1587;-0.61062;-2.84407;
29.3353;-1.92958;-16.2175;-0.588435;-2.8456;
29.1348;-2.00515;-16.2885;-0.709945;-2.8013;
28.9498;-1.8499;-16.3577;-0.692027;-2.78362;
28.7654;-1.84482;-16.4137;-0.559558;-2.8471;
28.5658;-1.99547;-16.4838;-0.700935;-2.80379;
28.3906;-1.75169;-16.5455;-0.617074;-2.80289;
28.1696;-2.21026;-16.5965;-0.510651;-2.91454;
27.9793;-1.90301;-16.6425;-0.45993;-2.90445;
27.7919;-1.87378;-16.6811;-0.385281;-2.9388;
27.5759;-2.16008;-16.7208;-0.397148;-2.95976;
27.4192;-1.56778;-16.7648;-0.440567;-2.86764;
27.2262;-1.92902;-16.8211;-0.562835;-2.8577;
27.0426;-1.83677;-16.8838;-0.626406;-2.81292;
26.8469;-1.9565;-16.9443;-0.605471;-2.84147;
26.6662;-1.80693;-17.014;-0.696885;-2.7735;
26.4635;-2.02716;-17.0758;-0.617958;-2.8457;
26.285;-1.7856;-17.1378;-0.620129;-2.80733;
26.0918;-1.93166;-17.1967;-0.588897;-2.84568;
25.8856;-2.06163;-17.2555;-0.587997;-2.86376;
25.6839;-2.01725;-17.328;-0.72522;-2.79647;
25.4976;-1.86336;-17.3864;-0.583303;-2.83822;
25.3063;-1.91312;-17.4471;-0.607322;-2.8342;
25.1102;-1.96044;-17.5157;-0.685749;-2.8051;
24.9215;-1.8869;-17.5818;-0.6616;-2.80436;
24.7358;-1.85686;-17.673;-0.911347;-2.68533;
24.5524;-1.83402;-17.7528;-0.798134;-2.73113;
24.3779;-1.7451;-17.8381;-0.852935;-2.68698;
24.2098;-1.68076;-17.9355;-0.974585;-2.61612;
24.0326;-1.77283;-18.0385;-1.03019;-2.61519;
23.8593;-1.73211;-18.1379;-0.993322;-2.62091;
23.6943;-1.65061;-18.2393;-1.01398;-2.59072;
23.5304;-1.63892;-18.351;-1.11708;-2.54333;
23.3879;-1.42503;-18.4711;-1.20153;-2.44108;
23.2439;-1.43968;-18.6089;-1.3781;-2.37805;
23.0959;-1.48067;-18.7446;-1.3567;-2.39986;
22.9363;-1.59536;-18.8842;-1.39628;-2.42264;
22.8052;-1.31087;-19.03;-1.45756;-2.30326;
22.679;-1.26272;-19.2019;-1.71942;-2.20423;
22.5638;-1.15113;-19.3662;-1.6426;-2.18206;
22.4531;-1.10736;-19.5374;-1.71209;-2.14491;
22.3599;-0.931903;-19.7155;-1.78092;-2.05289;
22.2666;-0.9333;-19.8861;-1.70647;-2.07127;
22.1701;-0.964431;-20.0758;-1.89633;-2.04128;
22.07;-1.00196;-20.2461;-1.70323;-2.10255;
21.9789;-0.910357;-20.4192;-1.731;-2.05496;
21.8708;-1.0811;-20.5923;-1.7314;-2.12897;
21.7599;-1.10869;-20.7617;-1.69373;-2.15039;
21.6896;-0.703848;-20.9262;-1.64527;-1.97504;
21.6142;-0.753218;-21.1301;-2.03869;-1.9247;
21.5414;-0.728097;-21.3176;-1.87514;-1.94117;
21.4647;-0.767436;-21.5042;-1.86548;-1.96108;
21.4027;-0.619578;-21.6934;-1.89252;-1.88718;
21.3539;-0.488501;-21.8806;-1.87134;-1.82614;
21.3009;-0.529453;-22.0637;-1.83126;-1.85224;
21.2468;-0.541377;-22.2584;-1.94683;-1.84202;
21.1867;-0.600778;-22.4675;-2.09103;-1.85057;
21.1318;-0.549304;-22.667;-1.99565;-1.8394;
21.073;-0.588196;-22.8592;-1.92144;-1.86786;
21.005;-0.679694;-23.0477;-1.8853;-1.91682;
20.9468;-0.582045;-23.2349;-1.87151;-1.87232;
20.8876;-0.592349;-23.4159;-1.81084;-1.88694;
20.8268;-0.607365;-23.6082;-1.92266;-1.87677;
20.7664;-0.604086;-23.8011;-1.92881;-1.87431;
20.6993;-0.671489;-23.9809;-1.79761;-1.92829;
20.6345;-0.647677;-24.1752;-1.94392;-1.89241;
20.5726;-0.619369;-24.3699;-1.9469;-1.8788;
20.5022;-0.703458;-24.563;-1.93093;-1.92016;
20.4455;-0.567234;-24.7758;-2.12734;-1.83137;
20.3947;-0.507558;-24.9681;-1.92304;-1.82885;
20.343;-0.516871;-25.1523;-1.84235;-1.84431;
20.2832;-0.598526;-25.3432;-1.90903;-1.87461;
20.2286;-0.545634;-25.5261;-1.82856;-1.86078;
20.1591;-0.695037;-25.6956;-1.69586;-1.95976;
20.0898;-0.692967;-25.883;-1.87395;-1.92499;
20.0197;-0.700794;-26.0693;-1.86226;-1.93072;
19.9455;-0.74231;-26.255;-1.85692;-1.95109;
19.8707;-0.748496;-26.4516;-1.96675;-1.93445;
19.8021;-0.685574;-26.6448;-1.93157;-1.91186;
19.7378;-0.64317;-26.8301;-1.85291;-1.9049;
19.6649;-0.72887;-27.0204;-1.90356;-1.93647;
19.5747;-0.90246;-27.1956;-1.75162;-2.04654;
19.4841;-0.905488;-27.3636;-1.68018;-2.0651;
19.3779;-1.06226;-27.5508;-1.87178;-2.08699;
19.278;-0.998894;-27.7271;-1.76284;-2.08632;
19.1791;-0.989224;-27.9052;-1.78113;-2.07777;
19.0759;-1.03153;-28.0579;-1.52727;-2.16483;
18.9637;-1.12188;-28.2275;-1.69549;-2.15534;
18.834;-1.29735;-28.3629;-1.35451;-2.33464;
18.6987;-1.35316;-28.4956;-1.32668;-2.36608;
18.5599;-1.38777;-28.6399;-1.44305;-2.33667;
18.4142;-1.45736;-28.7822;-1.42322;-2.36805;
18.2526;-1.61595;-28.912;-1.29757;-2.46504;
18.1077;-1.44845;-29.043;-1.31057;-2.40613;
17.9501;-1.57598;-29.1648;-1.21821;-2.48354;
17.798;-1.52137;-29.2797;-1.14889;-2.49479;
17.6368;-1.61166;-29.4093;-1.2959;-2.46437;
17.482;-1.54805;-29.538;-1.28631;-2.44828;
17.3227;-1.59282;-29.6651;-1.27135;-2.46796;
17.1525;-1.70252;-29.7675;-1.02433;-2.59996;
16.9853;-1.6716;-29.8783;-1.10807;-2.55621;
16.819;-1.6637;-29.9909;-1.12581;-2.54668;

16.6546;-1.6433;29.8986;-1.10475;-2.54972;
16.477;-1.77674;29.7852;-1.13453;-2.57331;
16.3042;-1.72796;29.6828;-1.02356;-2.60681;
16.1436;-1.60548;29.5797;-1.03069;-2.57088;
15.9732;-1.70395;29.4983;-0.814169;-2.69585;
15.7836;-1.89583;29.4088;-0.895173;-2.70045;
15.5913;-1.92332;29.3284;-0.804448;-2.74545;
15.4104;-1.80924;29.254;-0.743111;-2.75187;
15.2153;-1.95054;29.1747;-0.793387;-2.75528;
15.0257;-1.89597;29.1119;-0.627657;-2.8219;
14.8362;-1.89553;29.0509;-0.610633;-2.82995;
14.63;-2.06127;29.0004;-0.504626;-2.9015;
14.4325;-1.97545;28.9542;-0.461643;-2.91202;
14.2182;-2.14287;28.9084;-0.458363;-2.93087;
14.0292;-1.89057;28.8737;-0.347312;-2.95991;
13.8463;-1.82883;28.8485;-0.25145;-3.00496;
13.6303;-2.15964;28.8168;-0.317534;-2.99561;
13.4253;-2.05043;28.7889;-0.279297;-3.00621;
13.2264;-1.98875;28.7622;-0.266973;-3.00815;
13.0308;-1.95588;28.7387;-0.234177;-3.02243;
12.8473;-1.83496;28.721;-0.177315;-3.04526;
12.6677;-1.79572;28.7054;-0.15628;-3.05478;
12.466;-2.01739;28.6848;-0.205563;-3.04005;
12.2354;-2.30602;28.6549;-0.299633;-3.01238;
12.0332;-2.02164;28.628;-0.2681;-3.00975;
11.8379;-1.95334;28.5962;-0.318596;-2.97991;
11.6425;-1.95373;28.5668;-0.294155;-2.99215;
11.4489;-1.9362;28.5392;-0.275568;-3.00022;
11.249;-1.99923;28.5125;-0.26761;-3.00853;
11.06;-1.88977;28.4734;-0.390426;-2.93786;
10.864;-1.96036;28.4322;-0.411911;-2.93449;
10.6682;-1.95795;28.3941;-0.381485;-2.94916;
10.4818;-1.86417;28.372;-0.220857;-3.02367;
10.2848;-1.96918;28.3532;-0.187726;-3.04655;
10.0883;-1.965;28.3347;-0.184858;-3.04779;
9.89225;-1.96082;28.3263;-0.0840817;-3.09874;
9.68483;-2.07416;28.3254;-0.00930605;-3.13711;
9.48273;-2.02102;28.3231;-0.0230948;-3.13017;
9.28726;-1.95475;28.3158;-0.0724581;-3.10454;
9.09254;-1.94717;28.3072;-0.0868259;-3.09703;
8.89205;-2.00494;28.287;-0.201102;-3.04162;
8.67895;-2.13094;28.2741;-0.129523;-3.08088;
8.47169;-2.07264;28.2753;0.0123267;3.13565;
8.27589;-1.958;28.2761;0.00734942;3.13784;
8.07511;-2.00783;28.2714;-0.0467007;-3.11834;
7.87745;-1.97653;28.269;-0.0234069;-3.12975;
7.6594;-2.18054;28.2937;0.246467;3.02904;
7.46134;-1.98058;28.3133;0.196222;3.04284;
7.26254;-1.98806;28.3334;0.201007;3.04083;
7.05118;-2.11354;28.3669;0.334394;2.98468;
6.85775;-1.93428;28.3986;0.317039;2.97913;
6.65989;-1.97866;28.4148;0.162516;3.05964;
6.45492;-2.04965;28.4241;0.0926509;3.09642;
6.23775;-2.1717;28.4253;0.0126364;3.13577;
6.0383;-1.99451;28.4269;0.0157222;3.13371;
5.82671;-2.11596;28.4379;0.109786;3.08975;
5.62926;-1.97447;28.444;0.0607642;3.11083;
5.44834;-1.80918;28.4521;0.0810441;3.09683;
5.24812;-2.0022;28.4622;0.101679;3.09085;
5.04673;-2.01386;28.4687;0.0644156;3.10962;
4.84786;-1.98875;28.4726;0.0387041;3.12213;
4.65102;-1.96836;28.4715;-0.0105537;-3.13623;
4.44373;-2.07294;28.4712;-0.00266987;-3.1403;
4.2316;-2.12131;28.4609;-0.103725;-3.09273;
4.02397;-2.07626;28.4552;-0.0569218;-3.11418;
3.82219;-2.0178;28.4504;-0.0474481;-3.11808;
3.6219;-2.00289;28.4484;-0.0200539;-3.13158;
3.42269;-1.99215;28.4364;-0.120179;-3.08134;
3.20194;-2.2075;28.4375;0.0105822;3.1368;
3.00775;-1.94189;28.4366;-0.00857815;-3.13718;
2.80732;-2.00428;28.454;0.173599;3.05519;
2.62334;-1.83976;28.4856;0.315951;2.97152;
2.42421;-1.99135;28.5185;0.329566;2.97758;
2.23262;-1.91585;28.56;0.415095;2.92823;
2.04251;-1.90118;28.619;0.590033;2.84067;
1.85499;-1.87515;28.683;0.639681;2.81284;
1.65881;-1.96178;28.7199;0.369138;2.9556;
1.45272;-2.06095;28.7619;0.419569;2.94076;
1.25446;-1.98256;28.8085;0.46626;2.91061;
1.06344;-1.91021;28.8383;0.298601;2.98653;
0.881762;-1.81676;28.8826;0.442525;2.90267;
0.696496;-1.85267;28.9168;0.341581;2.95927;
0.498521;-1.97975;28.9527;0.359921;2.96176;
0.297643;-2.00878;28.9837;0.309435;2.98875;
0.104286;-1.93357;29.0165;0.327825;2.97365;
-0.0897873;-1.94073;29.059;0.424854;2.92608;
-0.28526;-1.95472;29.084;0.250316;3.01423;
-0.469912;-1.84652;29.0823;-0.016666;-3.13257;
-0.667953;-1.98041;29.0409;-0.414641;-2.9352;
-0.859777;-1.91824;29.0019;-0.389517;-2.94126;
-1.05021;-1.90438;28.9633;-0.386249;-2.94149;
-1.25365;-2.03433;28.9293;-0.339747;-2.97611;
-1.45696;-2.03318;28.9065;-0.227952;-3.02994;
-1.65098;-1.94012;28.887;-0.194798;-3.04152;
-1.85142;-2.00441;28.8646;-0.22421;-3.0302;
-2.04949;-1.98074;28.841;-0.235816;-3.0231;
-2.24902;-1.99528;28.809;-0.320515;-2.98232;
-2.44613;-1.97108;28.7689;-0.400891;-2.94094;
-2.64261;-1.9648;28.7306;-0.383036;-2.94906;
-2.83721;-1.94606;28.6964;-0.34172;-2.96777;
-3.01432;-1.77104;28.671;-0.254606;-2.99881;
-3.21607;-2.0175;28.6361;-0.348954;-2.97032;
-3.4118;-1.95735;28.6018;-0.342731;-2.96825;
-3.59673;-1.84929;28.5702;-0.315826;-2.97244;
-3.78533;-1.88601;28.5197;-0.504735;-2.8801;
-3.97323;-1.87896;28.4593;-0.604783;-2.83019;
-4.16547;-1.92245;28.3988;-0.604509;-2.83694;
-4.34245;-1.7698;28.3346;-0.642267;-2.79347;
-4.5269;-1.84451;28.2671;-0.674956;-2.7908;
-4.70391;-1.77007;28.1926;-0.744575;-2.74341;
-4.89972;-1.95807;28.1105;-0.821209;-2.74448;
-5.07843;-1.78709;28.0333;-0.771634;-2.73399;
-5.26288;-1.84453;27.9542;-0.791341;-2.73632;
-5.45699;-1.94111;27.8744;-0.797674;-2.75169;
-5.62531;-1.68315;27.8043;-0.70089;-2.74702;
-5.80031;-1.75006;27.7147;-0.896946;-2.66798;
-5.96748;-1.67173;27.6201;-0.945068;-2.62706;
-6.13396;-1.66479;27.5283;-0.918485;-2.63744;
-6.3094;-1.75437;27.4314;-0.968747;-2.63707;
-6.50338;-1.93979;27.3232;-1.08219;-2.63271;
-6.68453;-1.81154;27.2162;-1.07025;-2.60797;
-6.85747;-1.72933;27.1258;-0.904041;-2.6599;
-7.02623;-1.6876;27.0238;-1.01925;-2.59826;
-7.20101;-1.74782;26.9295;-0.943005;-2.64682;
-7.39298;-1.91971;26.8205;-1.09003;-2.62518;
-7.5788;-1.8582;26.7212;-0.993794;-2.65048;
-7.75327;-1.74469;26.6272;-0.940153;-2.64734;
-7.93015;-1.76884;26.533;-0.941527;-2.65245;
-8.10938;-1.7923;26.4405;-0.924743;-2.66526;
-8.29669;-1.87308;26.3257;-1.14782;-2.59182;
-8.4386;-1.4191;26.2276;-0.981595;-2.53646;
-8.60024;-1.61637;26.1118;-1.15828;-2.51982;
-8.7663;-1.66064;25.9954;-1.16378;-2.53033;
-8.93969;-1.73384;25.8765;-1.18906;-2.54047;
-9.09717;-1.57484;25.7644;-1.12063;-2.52314;
-9.23903;-1.41855;25.6421;-1.22263;-2.43024;
-9.4109;-1.71878;25.5168;-1.25362;-2.51143;
-9.57842;-1.67512;25.391;-1.25763;-2.4976;
-9.7338;-1.5538;25.2677;-1.23353;-2.4706;
-9.8877;-1.53907;25.1515;-1.16175;-2.495;
-10.056;-1.68347;25.0155;-1.35972;-2.46218;
-10.2141;-1.58054;24.8832;-1.32342;-2.44451;
-10.3715;-1.57359;24.7616;-1.21539;-2.48393;
-10.5296;-1.5814;24.6579;-1.0374;-2.56101;
-10.7127;-1.83063;24.5539;-1.03998;-2.62496;
-10.8829;-1.70208;24.4735;-0.804212;-2.7002;
-11.0431;-1.6019;24.3727;-1.0074;-2.58021;
-11.2185;-1.75437;24.271;-1.01758;-2.61599;
-11.392;-1.73513;24.1689;-1.02116;-2.60966;
-11.5791;-1.87075;24.0864;-0.824684;-2.72639;
-11.7869;-2.07846;24.0048;-0.816456;-2.76729;
-11.9756;-1.88714;23.9472;-0.575196;-2.84574;
-12.1714;-1.95752;23.9009;-0.463701;-2.909;
-12.3325;-1.611;23.8631;-0.377445;-2.91145;
-12.5186;-1.86105;23.7936;-0.695285;-2.78405;
-12.706;-1.87385;23.7304;-0.632355;-2.81613;
-12.8746;-1.68589;23.6746;-0.557346;-2.82231;
-13.0654;-1.90838;23.6083;-0.663609;-2.80694;
-13.2616;-1.96149;23.5391;-0.691088;-2.80285;
-13.4611;-1.99501;23.4624;-0.767225;-2.77446;
-13.6476;-1.86528;23.3964;-0.659953;-2.80153;
-13.8235;-1.75919;23.3211;-0.753388;-2.73697;
-13.9946;-1.71079;23.2378;-0.832793;-2.68857;
-14.1753;-1.80725;23.1507;-0.870689;-2.69263;
-14.3332;-1.57922;23.0652;-0.855784;-2.64499;
-14.5178;-1.84544;22.9894;-0.757172;-2.75224;
-14.6928;-1.75044;22.925;-0.644693;-2.78871;
-14.8829;-1.90114;22.8581;-0.668776;-2.80334;
-15.0702;-1.87274;22.7853;-0.728106;-2.77079;
-15.2499;-1.79687;22.7067;-0.786156;-2.72917;
-15.4304;-1.8051;22.6225;-0.842018;-2.70513;
-15.621;-1.90586;22.5551;-0.673355;-2.80197;
-15.8128;-1.91802;22.4916;-0.635273;-2.82175;
-15.9956;-1.8277;22.4161;-0.754921;-2.74989;
-16.1946;-1.99051;22.3369;-0.791961;-2.76293;
-16.3891;-1.94508;22.2498;-0.871558;-2.72033;
-16.5933;-2.04199;22.1835;-0.662596;-2.82783;
-16.7676;-1.7428;22.127;-0.564642;-2.82828;
-16.9515;-1.83859;22.0513;-0.757809;-2.75064;
-17.1421;-1.90633;21.9665;-0.847205;-2.72339;
-17.3124;-1.70255;21.9121;-0.544657;-2.83197;
-17.4981;-1.85792;21.841;-0.710732;-2.77623;
-17.6788;-1.80656;21.7586;-0.823535;-2.71388;
-17.8565;-1.7767;21.6659;-0.927541;-2.66046;
-18.0365;-1.80026;21.5536;-1.1227;-2.58398;
-18.1995;-1.62996;21.4489;-1.04676;-2.57072;
-18.3432;-1.43725;21.3362;-1.12722;-2.4765;
-18.507;-1.63746;21.2094;-1.26801;-2.48267;
-18.6663;-1.59308;21.0882;-1.21247;-2.49103;
-18.832;-1.65692;20.9782;-1.09973;-2.55563;
-19.0001;-1.68173;20.8772;-1.01045;-2.60055;
-19.1759;-1.75759;20.7913;-0.858565;-2.6872;
-19.3426;-1.66659;20.7064;-0.848686;-2.67058;
-19.5299;-1.87365;20.6169;-0.895601;-2.6957;
-19.7165;-1.86627;20.5314;-0.855231;-2.71189;
-19.8949;-1.78339;20.4407;-0.906249;-2.67144;
-20.055;-1.60151;20.3426;-0.981308;-2.59186;
-20.2314;-1.7633;20.2426;-1.00032;-2.62556;
-20.3996;-1.68237;20.1379;-1.04624;-2.58524;
-20.6157;-2.16044;20.0344;-1.03564;-2.69459;
-20.7988;-1.83105;19.9554;-0.790163;-2.7342;
-20.9815;-1.82731;19.8773;-0.780527;-2.73791;
-21.1813;-1.99775;19.8075;-0.698159;-2.80539;
-21.3699;-1.88612;19.7363;-0.711947;-2.78066;
-21.5656;-1.95719;19.6555;-0.8079;-2.75011;
-21.7438;-1.78202;19.5781;-0.774305;-2.7317;
-21.9259;-1.82127;19.495;-0.83082;-2.71361;
-22.092;-1.66113;19.4139;-0.811356;-2.68724;
-22.2719;-1.79858;19.326;-0.879002;-2.68701;
-22.4533;-1.81419;19.2399;-0.860455;-2.69872;
-22.6386;-1.85267;19.1445;-0.954579;-2.66582;
-22.8163;-1.77678;19.0561;-0.883427;-2.68018;
-23.0049;-1.88692;18.9653;-0.907913;-2.69313;
-23.1874;-1.82472;18.8814;-0.839298;-2.71049;
-23.3707;-1.8328;18.8162;-0.652311;-2.79966;
-23.5616;-1.90877;18.7485;-0.676401;-2.80103;
-23.752;-1.90444;18.6822;-0.663428;-2.80638;
-23.9377;-1.85714;18.6101;-0.72034;-2.77158;
-24.1195;-1.81776;18.5296;-0.805545;-2.72445;
-24.3292;-2.09734;18.4153;-1.14272;-2.64272;
-24.5049;-1.75632;18.3197;-0.955793;-2.64321;
-24.6742;-1.69355;18.2292;-0.905356;-2.65066;
-24.8535;-1.79308;18.1337;-0.954758;-2.65231;
-25.0198;-1.66286;18.0133;-1.20396;-2.51492;
-25.1914;-1.71546;17.8799;-1.33459;-2.48042;
-25.3504;-1.58996;17.7601;-1.19728;-2.49616;
-25.5083;-1.57937;17.6205;-1.39693;-2.41742;
-25.6622;-1.53895;17.4877;-1.32772;-2.42975;
-25.8173;-1.55099;17.3691;-1.18567;-2.4889;
-25.9759;-1.58651;17.2477;-1.21391;-2.48847;
-26.1271;-1.51115;17.122;-1.25719;-2.44767;
-26.2705;-1.43402;16.9949;-1.27097;-2.4164;
-26.4203;-1.49815;16.8621;-1.32761;-2.41647;
-26.5697;-1.49454;16.7454;-1.16791;-2.47826;
-26.7192;-1.49433;16.6262;-1.19166;-2.46841;
-26.8664;-1.47192;16.4989;-1.27299;-2.42854;
-27.0174;-1.51024;16.3693;-1.29544;-2.4326;
-27.1669;-1.49493;16.2491;-1.20255;-2.46416;
-27.3216;-1.54705;16.1242;-1.24888;-2.46244;
-27.4844;-1.62816;15.9968;-1.27402;-2.47762;
-27.6473;-1.6288;15.8701;-1.26705;-2.48047;
-27.827;-1.79742;15.7532;-1.16905;-2.56493;
-27.9998;-1.72813;15.6374;-1.15749;-2.55143;
-28.1584;-1.58533;15.525;-1.12391;-2.52489;
-28.324;-1.65612;15.4162;-1.08824;-2.56024;
-28.487;-1.6307;15.3068;-1.09423;-2.55058;
-28.6544;-1.67373;15.211;-0.957717;-2.62186;
-28.8209;-1.66511;15.1101;-1.0091;-2.59676;
-28.9726;-1.51649;15.0081;-1.02019;-2.5494;
-29.1598;-1.87253;14.8734;-1.34699;-2.518;
-29.3244;-1.64567;14.7551;-1.18335;-2.51819;
-29.4896;-1.65214;14.6625;-0.925232;-2.63109;
-29.6654;-1.75824;14.5716;-0.909845;-2.66406;
-29.8398;-1.74338;14.4821;-0.894431;-2.66756;

29.9773;-1.82891;14.4115;-0.705709;-2.77333;
29.7882;-1.89179;14.3151;-0.964179;-2.67024;
29.5982;-1.89973;14.2233;-0.918488;-2.69124;
29.3996;-1.98531;14.132;-0.912814;-2.71063;
29.2036;-1.96046;14.0706;-0.613711;-2.83821;
29.0075;-1.96054;14.0179;-0.527124;-2.87894;
28.8124;-1.95179;13.9838;-0.341229;-2.96851;
28.6134;-1.98987;13.9541;-0.296772;-2.99354;
28.42;-1.93426;13.9424;-0.117333;-3.08101;
28.2294;-1.90605;13.9368;-0.0556494;-3.1124;
28.0099;-2.19437;13.9528;0.159888;3.06886;
27.8205;-1.89421;13.9784;0.255965;3.00728;
27.6282;-1.92292;14.0268;0.483932;2.89505;
27.4285;-1.99663;14.0944;0.676438;2.81494;
27.2551;-1.73457;14.1512;0.567253;2.82553;
27.0467;-2.08393;14.2016;0.504653;2.904;
26.8444;-2.02301;14.2424;0.407531;2.94281;
26.6591;-1.85277;14.2585;0.161206;3.0548;
26.4555;-2.03592;14.2747;0.162001;3.06219;
26.2561;-1.99371;14.2753;0.00573868;3.13871;
26.0836;-1.72524;14.3059;0.306541;2.96575;
25.869;-2.1465;14.3467;0.408013;2.95375;
25.6699;-1.99098;14.3848;0.380619;2.9527;
25.4924;-1.77481;14.4097;0.249038;3.00218;
25.3081;-1.84315;14.433;0.233419;3.01562;
25.0947;-2.13419;14.4738;0.407573;2.95289;
24.8987;-1.96006;14.5114;0.376081;2.95202;
24.7121;-1.86595;14.5412;0.298256;2.98309;
24.5132;-1.98866;14.5672;0.259447;3.01186;
24.3259;-1.87341;14.5909;0.23766;3.01541;
24.1197;-2.06164;14.6027;0.117947;3.08444;
23.8889;-2.30798;14.6198;0.170319;3.06793;
23.6942;-1.94691;14.6279;0.0812193;3.0999;
23.492;-2.02209;14.6428;0.149221;3.06793;
23.2952;-1.96744;14.6602;0.173736;3.05352;
23.0987;-1.96587;14.6787;0.185044;3.04774;
22.9009;-1.97767;14.698;0.192975;3.04432;
22.715;-1.85868;14.7119;0.13888;3.06701;
22.525;-1.90061;14.7221;0.102566;3.08768;
22.3237;-2.0131;14.7336;0.114345;3.08485;
22.1417;-1.81984;14.7429;0.0933199;3.09036;
21.9404;-2.01306;14.7492;0.0628838;3.11036;
21.7604;-1.79938;14.7557;0.0647038;3.10565;
21.5616;-1.98794;14.7593;0.0366112;3.12318;
21.3683;-1.93359;14.7599;0.00624569;3.13836;
21.1861;-1.82148;14.7732;0.132411;3.06903;
20.9736;-2.12547;14.7833;0.101374;3.09393;
20.7434;-2.30205;14.8015;0.182189;3.06261;
20.5215;-2.21896;14.8317;0.301264;3.00665;
20.3212;-2.00244;14.8581;0.264304;3.01036;
20.1235;-1.97755;14.88;0.219199;3.0312;
19.9232;-2.00316;14.9235;0.435072;2.92772;
19.7381;-1.85018;14.9748;0.512444;2.8714;
19.5564;-1.81782;15.0346;0.597949;2.8238;
19.3686;-1.87726;15.1098;0.752226;2.76048;
19.1913;-1.77292;15.1618;0.520022;2.85628;
19.0031;-1.88254;15.2242;0.624362;2.82135;
18.8179;-1.85191;15.3065;0.823039;2.72338;
18.6254;-1.92446;15.3818;0.75255;2.76883;
18.455;-1.70463;15.4416;0.597764;2.80432;
18.2676;-1.87427;15.5056;0.640228;2.81243;
18.09;-1.77585;15.5647;0.591618;2.82001;
17.9077;-1.82231;15.6234;0.58615;2.83039;
17.7219;-1.8586;15.6785;0.551662;2.85306;
17.5254;-1.96518;15.7155;0.369592;2.95569;
17.329;-1.96386;15.7525;0.370637;2.95506;
17.1328;-1.96206;15.7888;0.362429;2.95893;
16.9249;-2.07908;15.8284;0.395889;2.95343;
16.7266;-1.98311;15.8629;0.345044;2.96933;
16.5292;-1.97354;15.8818;0.18963;3.0458;
16.3347;-1.94538;15.925;0.431956;2.9231;
16.1386;-1.96056;15.9629;0.378378;2.95094;
15.9393;-1.99294;16.0029;0.3999;2.94356;
15.755;-1.84265;16.0306;0.277596;2.99207;
15.556;-1.99009;16.0605;0.298397;2.99276;
15.3509;-2.05089;16.1108;0.503152;2.90101;
15.1559;-1.95083;16.1597;0.488899;2.89604;
14.9637;-1.92122;16.2055;0.458575;2.90729;
14.775;-1.88777;16.2436;0.38036;2.94277;
14.5672;-2.07803;16.2796;0.359823;2.97014;
14.3544;-2.12756;16.3246;0.450491;2.93293;
14.1653;-1.89113;16.3736;0.490258;2.88794;
13.9834;-1.819;16.4143;0.407212;2.92136;
13.7863;-1.97074;16.4586;0.442103;2.92091;
13.5883;-1.97983;16.4813;0.22737;3.02725;
13.4068;-1.81547;16.5099;0.285869;2.98541;
13.2096;-1.97173;16.5383;0.28434;2.99837;
13.0181;-1.9149;16.5602;0.219309;3.02756;
12.8279;-1.90212;16.5659;0.0565083;3.11189;
12.6273;-2.00579;16.5792;0.133208;3.07528;
12.4345;-1.92856;16.586;0.0681116;3.10629;
12.2312;-2.03319;16.5897;0.0367549;3.12352;
12.0318;-1.99334;16.5926;0.028918;3.12709;
11.8225;-2.09376;16.5854;-0.0719943;-3.10722;
11.6213;-2.01106;16.5771;-0.0824704;-3.10061;
11.42;-2.01346;16.5623;-0.14856;-3.06794;
11.2119;-2.08134;16.5546;-0.0765401;-3.10483;
11.0005;-2.11365;16.5526;-0.0207983;-3.13175;
10.8244;-1.76057;16.5493;-0.0327798;-3.12298;
10.6247;-1.99779;16.5448;-0.0445937;-3.11927;
10.4254;-1.99236;16.5464;0.0160963;3.13351;
10.2127;-2.12776;16.5423;-0.0409459;-3.12235;
10.0208;-1.91882;16.5254;-0.168956;-3.05377;
9.81383;-2.06942;16.504;-0.214872;-3.03813;
9.61732;-1.96508;16.4933;-0.106561;-3.08742;
9.41656;-2.00761;16.4797;-0.135843;-3.07403;
9.21339;-2.03174;16.4662;-0.13465;-3.07542;
9.02346;-1.89928;16.4414;-0.248839;-3.01132;
8.81941;-2.04054;16.4105;-0.308469;-2.99156;
8.6638;-1.55607;16.3597;-0.508501;-2.82575;
8.46827;-1.95529;16.2965;-0.631969;-2.82898;
8.27653;-1.91735;16.235;-0.614984;-2.83121;
8.09081;-1.85723;16.1701;-0.648566;-2.80562;
7.89285;-1.97959;16.1022;-0.679179;-2.81109;
7.69454;-1.98313;16.0412;-0.610191;-2.84309;
7.51055;-1.83987;15.9899;-0.512455;-2.86995;
7.32011;-1.90443;15.9316;-0.583429;-2.84432;
7.10897;-2.11143;15.8808;-0.507861;-2.90555;
6.92202;-1.86944;15.8314;-0.494338;-2.88308;
6.72706;-1.94964;15.7834;-0.480151;-2.90012;
6.54922;-1.77842;15.7572;-0.261678;-2.9955;
6.35524;-1.93978;15.7109;-0.462885;-2.90735;
6.15048;-2.04756;15.6637;-0.47231;-2.91489;
5.95679;-1.93693;15.6216;-0.420286;-2.92792;
5.75686;-1.9993;15.5857;-0.359218;-2.96382;
5.56131;-1.9555;15.5495;-0.362626;-2.95824;
5.35483;-2.06478;15.5236;-0.258749;-3.01693;
5.15002;-2.04816;15.5031;-0.205149;-3.04176;
4.94785;-2.02163;15.4845;-0.185828;-3.04993;
4.76429;-1.83568;15.4774;-0.0712184;-3.10282;
4.57037;-1.93917;15.4754;-0.0192238;-3.13168;
4.38099;-1.89375;15.4846;0.0917579;3.09318;
4.18133;-1.99661;15.4924;0.0783415;3.10238;
3.97049;-2.10842;15.5049;0.124661;3.08254;
3.77681;-1.9368;15.514;0.0905898;3.09485;
3.5754;-2.01408;15.5233;0.0927909;3.09555;
3.3709;-2.04505;15.5364;0.131474;3.07739;
3.17558;-1.95317;15.5536;0.172415;3.05355;
2.98095;-1.9463;15.5655;0.118184;3.08094;
2.79226;-1.88694;15.5792;0.137121;3.06905;
2.57999;-2.12265;15.5905;0.113035;3.08839;
2.35694;-2.23049;15.5964;0.0587958;3.11524;
2.15093;-2.06013;15.6045;0.0814093;3.1021;
1.97422;-1.76715;15.6081;0.0358184;3.12133;
1.76219;-2.12028;15.614;0.0587644;3.11388;
1.53862;-2.23564;15.627;0.130328;3.08336;
1.33521;-2.03419;15.6464;0.193963;3.04653;
1.12354;-2.11664;15.6608;0.144404;3.07348;
0.918779;-2.04763;15.6731;0.122947;3.08162;
0.722553;-1.96226;15.6955;0.224074;3.02789;
0.534281;-1.88272;15.7092;0.136716;3.0691;
0.325478;-2.08803;15.7239;0.1469;3.07136;
0.160987;-1.64491;15.7487;0.248017;2.99194;
-0.057628;-2.18615;15.7671;0.184495;3.0574;
-0.276289;-2.18661;15.783;0.158208;3.06937;
-0.464634;-1.88345;15.7993;0.163874;3.0548;
-0.667494;-2.02861;15.7958;-0.035459;-3.12411;
-0.867467;-1.99972;15.7923;-0.0349318;-3.12413;
-1.06707;-1.99604;15.7892;-0.0312992;-3.12591;
-1.30312;-2.36053;15.7956;0.0641083;3.11444;
-1.51307;-2.09945;15.7939;-0.0165754;-3.1337;
-1.72325;-2.10183;15.8146;0.207094;3.04338;
-1.91393;-1.90679;15.8339;0.192495;3.04098;
-2.13046;-2.1653;15.8816;0.477284;2.92464;
-2.3272;-1.96738;15.9132;0.31594;2.98236;
-2.52462;-1.97418;15.9294;0.162296;3.05957;
-2.7207;-1.96082;15.9441;0.146393;3.06707;
-2.92533;-2.04627;15.9542;0.101388;3.09209;
-3.1241;-1.9877;15.9703;0.160433;3.06105;
-3.31618;-1.92083;15.9791;0.0887551;3.09542;
-3.51489;-1.98714;15.9835;0.0437463;3.11958;
-3.7087;-1.93812;15.9881;0.0459531;3.11789;
-3.90757;-1.98869;15.9953;0.0721496;3.10533;
-4.10497;-1.97398;15.993;-0.0233098;-3.12978;
-4.29806;-1.93092;15.9823;-0.106442;-3.08652;
-4.44385;-1.45785;15.9698;-0.125929;-3.05543;
-4.64354;-1.99691;15.9514;-0.183262;-3.05008;
-4.84899;-2.05454;15.9333;-0.180998;-3.05372;
-5.04455;-1.95555;15.9262;-0.0709837;-3.10531;
-5.24649;-2.01942;15.909;-0.172033;-3.05661;
-5.45944;-2.12953;15.9056;-0.0342411;-3.12551;
-5.66041;-2.00965;15.904;-0.0158008;-3.13373;
-5.86466;-2.04255;15.8802;-0.238707;-3.02525;
-6.06733;-2.02667;15.8637;-0.164505;-3.0606;
-6.2637;-1.96374;15.8295;-0.34172;-2.9693;
-6.44357;-1.79862;15.7989;-0.305819;-2.97317;
-6.66806;-2.24499;15.7845;-0.144231;-3.07743;
-6.88685;-2.1879;15.7501;-0.344469;-2.98543;
-7.08287;-1.96021;15.7251;-0.249945;-3.01477;
-7.28454;-2.01663;15.6984;-0.266698;-3.01011;
-7.49466;-2.10122;15.6798;-0.185768;-3.05341;
-7.70866;-2.14004;15.6473;-0.32516;-2.9908;
-7.89946;-1.90799;15.5999;-0.474687;-2.89775;
-8.09231;-1.92852;15.5524;-0.474603;-2.90029;
-8.2919;-1.99589;15.498;-0.543486;-2.87574;
-8.4796;-1.87695;15.4548;-0.432209;-2.91527;
-8.666;-1.864;15.404;-0.508678;-2.87518;
-8.87549;-2.09496;15.3481;-0.558541;-2.88104;
-9.08942;-2.1393;15.2946;-0.534952;-2.89656;
-9.28752;-1.98093;15.2536;-0.409955;-2.93752;
-9.47986;-1.92337;15.217;-0.365873;-2.95361;
-9.6735;-1.93645;15.19;-0.2703;-3.0029;
-9.87675;-2.03248;15.1697;-0.202896;-3.0421;
-10.0447;-1.67925;15.1407;-0.290175;-2.97048;
-10.2588;-2.1414;15.1078;-0.328863;-2.98921;
-10.4631;-2.04279;15.0644;-0.434147;-2.93218;
-10.6579;-1.94825;15.0253;-0.391118;-2.94347;
-10.8539;-1.95957;14.986;-0.39257;-2.94388;
-11.0491;-1.95275;14.9458;-0.40252;-2.93831;
-11.2428;-1.93622;14.9016;-0.44133;-2.91749;
-11.4378;-1.95059;14.8572;-0.444217;-2.91768;
-11.6316;-1.93724;14.8129;-0.443078;-2.91674;
-11.8292;-1.97633;14.7957;-0.171701;-3.05493;
-12.0254;-1.96213;14.78;-0.157284;-3.0616;
-12.2303;-2.04916;14.7497;-0.302824;-2.99488;
-12.4336;-2.03307;14.7229;-0.267863;-3.01059;
-12.6345;-2.00884;14.7009;-0.220462;-3.03228;
-12.8295;-1.95015;14.6902;-0.107091;-3.08673;
-13.016;-1.86515;14.6732;-0.169576;-3.05092;
-13.2291;-2.13109;14.6447;-0.285544;-3.0084;
-13.4144;-1.85214;14.6278;-0.169012;-3.05059;
-13.6127;-1.98374;14.6083;-0.194293;-3.04396;
-13.7896;-1.76836;14.6098;0.0144965;3.1334;
-13.9901;-2.00505;14.6095;-0.00294727;-3.14012;
-14.2029;-2.12789;14.5962;-0.132879;-3.07923;
-14.3833;-1.80395;14.591;-0.0519502;-3.1128;
-14.5776;-1.9431;14.5887;-0.0234732;-3.12951;
-14.7673;-1.89755;14.5848;-0.0387955;-3.12115;
-14.9598;-1.92454;14.5824;-0.0236001;-3.12933;
-15.1778;-2.18072;14.5841;0.0163448;3.1341;
-15.3865;-2.08668;14.5819;-0.0213593;-3.13136;
-15.5817;-1.95187;14.5734;-0.0853221;-3.09791;
-15.7717;-1.90042;14.5767;0.0332987;3.12407;
-15.9862;-2.14443;14.5887;0.120203;3.0856;
-16.1853;-1.99152;14.587;-0.0178359;-3.13264;
-16.384;-1.9865;14.5728;-0.142028;-3.07022;
-16.5846;-2.00641;14.5638;-0.0893492;-3.09709;
-16.7824;-1.9774;14.5509;-0.129378;-3.07626;
-16.9837;-2.01369;14.5585;0.0766295;3.10356;
-17.185;-2.01245;14.5542;-0.0435404;-3.11996;
-17.3823;-1.97283;14.5458;-0.0838286;-3.09913;
-17.5755;-1.93252;14.5315;-0.142693;-3.06789;
-17.7781;-2.02589;14.517;-0.145808;-3.06974;
-17.9665;-1.88384;14.4973;-0.196184;-3.03783;
-18.1638;-1.97316;14.4596;-0.377121;-2.95274;
-18.3623;-1.98473;14.4168;-0.428308;-2.92905;
-18.5565;-1.94195;14.3758;-0.410057;-2.93349;
-18.7707;-2.14195;14.3346;-0.412322;-2.95142;
-18.9673;-1.96672;14.3003;-0.342782;-2.96903;
-19.1604;-1.93044;14.2645;-0.357406;-2.95852;
-19.3712;-2.1082;14.2336;-0.309426;-2.99586;
-19.5695;-1.98257;14.1842;-0.493933;-2.89743;
-19.7636;-1.94091;14.1366;-0.476399;-2.9009;
-19.9466;-1.83062;14.0837;-0.528855;-2.86036;
-20.1284;-1.81742;14.0102;-0.734301;-2.75761;
-20.3299;-2.01525;13.9305;-0.797278;-2.76486;
-20.4989;-1.69028;13.8352;-0.953136;-2.62815;
-20.6601;-1.61172;13.7407;-0.945082;-2.61125;
-20.8466;-1.86561;13.6312;-1.09519;-2.61076;
-21.0251;-1.78426;13.5144;-1.16818;-2.56191;
-21.1731;-1.48016;13.3944;-1.19981;-2.46043;
-21.3341;-1.61009;13.2771;-1.1731;-2.51193;
-21.493;-1.58915;13.1564;-1.20663;-2.49217;
-21.6605;-1.6745;13.0132;-1.43193;-2.43412;
-21.8195;-1.59086;12.897;-1.16224;-2.51064;
-21.9732;-1.53662;12.7734;-1.23632;-2.46407;
-22.1257;-1.52475;12.6589;-1.14471;-2.49761;
-22.2856;-1.5994;12.539;-1.19925;-2.49821;
-22.445;-1.59331;12.4125;-1.26508;-2.47052;
-22.5912;-1.4626;12.2655;-1.46924;-2.35393;
-22.7199;-1.28679;12.1051;-1.60432;-2.2468;
-22.8508;-1.30875;11.9559;-1.49246;-2.29071;
-22.9794;-1.28617;11.8135;-1.42302;-2.30572;
-23.1057;-1.26313;11.6614;-1.52186;-2.26356;
-23.2257;-1.20004;11.5023;-1.59107;-2.217;
-23.3258;-1.00134;11.3316;-1.70681;-2.10136;
-23.4224;-0.965406;11.1588;-1.72795;-2.08029;
-23.5164;-0.940169;10.9862;-1.72574;-2.06963;
-23.626;-1.09566;10.8036;-1.82603;-2.11124;
-23.7288;-1.02851;10.6323;-1.7131;-2.1115;
-23.8097;-0.808463;10.4815;-1.508;-2.06292;
-23.907;-0.973812;10.3022;-1.79309;-2.06832;
-23.9911;-0.840722;10.1157;-1.86468;-1.99437;
-24.0735;-0.824243;9.9336;-1.82113;-1.99581;
-24.1527;-0.791294;9.74898;-1.84622;-1.97571;
-24.2269;-0.741996;9.55981;-1.89167;-1.9446;
-24.2945;-0.676415;9.37779;-1.82021;-1.92659;
-24.3602;-0.656633;9.19152;-1.86271;-1.90971;
-24.4181;-0.579021;8.99778;-1.9374;-1.86121;
-24.4676;-0.495271;8.80841;-1.89375;-1.8266;
-24.5157;-0.480946;8.61569;-1.92718;-1.81536;
-24.5599;-0.442393;8.42388;-1.91813;-1.79747;
-24.6165;-0.565367;8.2394;-1.84477;-1.86818;
-24.6827;-0.662072;8.04956;-1.89835;-1.90637;
-24.7622;-0.794748;7.87067;-1.78893;-1.98887;
-24.8406;-0.784234;7.68361;-1.87065;-1.96777;
-24.9172;-0.766298;7.50043;-1.8318;-1.967;
-24.9804;-0.632428;7.30563;-1.94794;-1.88473;
-25.0472;-0.667711;7.11361;-1.92027;-1.90544;
-25.1138;-0.665487;6.95707;-1.5654;-1.97277;
-25.1898;-0.760775;6.77274;-1.84323;-1.96224;
-25.2647;-0.748582;6.58661;-1.86129;-1.95319;
-25.3397;-0.750178;6.40533;-1.81287;-1.96315;
-25.4135;-0.738158;6.21237;-1.92957;-1.93617;
-25.4873;-0.7374;6.03148;-1.80893;-1.95787;
-25.583;-0.95691;5.85364;-1.77835;-2.06445;
-25.6762;-0.932687;5.66727;-1.86367;-2.03481;
-25.7759;-0.996762;5.48066;-1.8661;-2.06138;
-25.8537;-0.778312;5.27985;-2.00817;-1.94054;
-25.9199;-0.661792;5.09277;-1.87073;-1.91082;
-25.9924;-0.724788;4.90485;-1.87924;-1.9389;
-26.064;-0.716186;4.71861;-1.86241;-1.93791;
-26.1437;-0.796576;4.53565;-1.82963;-1.98142;
-26.2064;-0.627702;4.35355;-1.82096;-1.90275;
-26.2717;-0.652588;4.16445;-1.89101;-1.9031;
-26.3351;-0.633723;3.98209;-1.82363;-1.90525;
-26.391;-0.559493;3.79696;-1.8513;-1.86429;
-26.4465;-0.554364;3.60661;-1.9035;-1.85419;
-26.503;-0.565821;3.40226;-2.04351;-1.84092;
-26.5579;-0.548877;3.22239;-1.79863;-1.86698;
-26.625;-0.670289;3.02438;-1.98009;-1.8972;
-26.6774;-0.524566;2.83692;-1.87463;-1.84364;
-26.7174;-0.400003;2.63348;-2.03444;-1.76494;
-26.7536;-0.361605;2.43321;-2.00265;-1.74943;
-26.8209;-0.673092;2.20598;-2.27231;-1.85878;
-26.8871;-0.661923;2.02076;-1.85225;-1.91401;
-26.9591;-0.719765;1.82519;-1.95567;-1.92345;
-27.0273;-0.681983;1.62733;-1.97858;-1.90273;
-27.1046;-0.773718;1.43649;-1.90846;-1.95596;
-27.1993;-0.946346;1.2582;-1.78282;-2.05879;
-27.3043;-1.05012;1.07599;-1.82208;-2.09363;
-27.4108;-1.06536;0.889634;-1.8636;-2.09012;
-27.509;-0.982185;0.711276;-1.78359;-2.07416;
-27.5921;-0.830872;0.535777;-1.75499;-2.01297;
-27.6821;-0.899905;0.361679;-1.74098;-2.04787;
-27.7804;-0.983076;0.192026;-1.69653;-2.09598;
-27.883;-1.02629;0.0136738;-1.78352;-2.09295;
-28.0075;-1.24461;-0.151306;-1.64979;-2.21711;
-28.1354;-1.2792;-0.312336;-1.6103;-2.2421;
-28.2645;-1.29108;-0.468162;-1.55826;-2.2627;
-28.3939;-1.29405;-0.624918;-1.56756;-2.26091;
-28.521;-1.27046;-0.783834;-1.58916;-2.2452;
-28.648;-1.26975;-0.936905;-1.53071;-2.26328;
-28.781;-1.33024;-1.0937;-1.56796;-2.27435;
-28.9104;-1.29389;-1.24621;-1.52512;-2.27435;
-29.0374;-1.2704;-1.3999;-1.53684;-2.26157;
-29.1711;-1.33701;-1.55569;-1.55797;-2.28002;
-29.273;-1.01854;-1.70239;-1.4669;-2.17772;
-29.4057;-1.32684;-1.86802;-1.65633;-2.24619;
-29.5256;-1.19986;-2.01055;-1.42527;-2.27054;
-29.6542;-1.28561;-2.16245;-1.51906;-2.27315;
-29.748;-0.938186;-2.34051;-1.78063;-2.05572;
-29.842;-0.939904;-2.52058;-1.8007;-2.05186;
-29.9506;-1.08561;-2.70581;-1.85226;-2.10093;

29.9463;-1.03167;-2.87593;-1.70119;-2.11594;
29.8523;-0.9399;-3.0545;-1.78567;-2.05531;
29.7567;-0.955333;-3.24461;-1.90115;-2.03644;
29.6632;-0.934973;-3.43324;-1.88632;-2.03096;
29.5691;-0.941283;-3.61738;-1.84137;-2.04335;
29.4784;-0.906752;-3.79604;-1.78655;-2.04046;
29.3965;-0.819734;-3.97668;-1.80645;-1.99679;
29.3189;-0.775182;-4.1966;-2.19923;-1.90968;
29.2498;-0.691244;-4.37475;-1.78148;-1.94093;
29.1668;-0.830218;-4.53721;-1.62457;-2.04324;
29.0745;-0.923396;-4.71599;-1.78786;-2.04754;
28.983;-0.914272;-4.89565;-1.79652;-2.04155;
28.8926;-0.904241;-5.0738;-1.78156;-2.04047;
28.8081;-0.845166;-5.25303;-1.79225;-2.01144;
28.7195;-0.885923;-5.44914;-1.96117;-1.99509;
28.6463;-0.732243;-5.61462;-1.65471;-1.98741;
28.5679;-0.783478;-5.80296;-1.88342;-1.96501;
28.4759;-0.920536;-5.98761;-1.8465;-2.03327;
28.3852;-0.906891;-6.1601;-1.72497;-2.05482;
28.2931;-0.920862;-6.33725;-1.77145;-2.05019;
28.2037;-0.894344;-6.52001;-1.8276;-2.02589;
28.1197;-0.839148;-6.70725;-1.87243;-1.99212;
28.0453;-0.744892;-6.88903;-1.81781;-1.9597;
27.9738;-0.715045;-7.07639;-1.87354;-1.93539;
27.9086;-0.651683;-7.26978;-1.93397;-1.89581;
27.8301;-0.785135;-7.43846;-1.68672;-2.00645;
27.7411;-0.889704;-7.62365;-1.85189;-2.01867;
27.6674;-0.736875;-7.81622;-1.92578;-1.93624;
27.6039;-0.635131;-7.99486;-1.78633;-1.91241;
27.5513;-0.52595;-8.19325;-1.98395;-1.82994;
27.4841;-0.671878;-8.3725;-1.79252;-1.92941;
27.4106;-0.735056;-8.56667;-1.94165;-1.9327;
27.3445;-0.660798;-8.74813;-1.81459;-1.92003;
27.2503;-0.942271;-8.92794;-1.79808;-2.05349;
27.1504;-0.999253;-9.1155;-1.87562;-2.06031;
27.0515;-0.988428;-9.28687;-1.71376;-2.09395;
26.9412;-1.10315;-9.45454;-1.67663;-2.15275;
26.8317;-1.09568;-9.60635;-1.51818;-2.19594;
26.7147;-1.16927;-9.76818;-1.6183;-2.19648;
26.599;-1.15722;-9.92806;-1.59879;-2.19732;
26.4874;-1.11574;-10.0947;-1.66641;-2.16079;
26.3753;-1.12144;-10.2632;-1.6853;-2.15794;
26.269;-1.06276;-10.4421;-1.78862;-2.10693;
26.1715;-0.974879;-10.6059;-1.63769;-2.10773;
26.0794;-0.920847;-10.7775;-1.71651;-2.06319;
25.9677;-1.11786;-10.958;-1.80528;-2.12523;
25.8605;-1.07113;-11.1212;-1.6318;-2.15166;
25.7347;-1.25802;-11.27;-1.4882;-2.27257;
25.6064;-1.28377;-11.4259;-1.55876;-2.25975;
25.4731;-1.33256;-11.5935;-1.67559;-2.24265;
25.3423;-1.3084;-11.7314;-1.37913;-2.32988;
25.1848;-1.57436;-11.8846;-1.53229;-2.36974;
25.0433;-1.41526;-12.0265;-1.41864;-2.355;
24.9023;-1.40996;-12.1687;-1.42207;-2.35192;
24.7563;-1.4605;-12.2982;-1.29468;-2.4163;
24.6062;-1.50009;-12.4245;-1.26386;-2.44146;
24.4618;-1.44401;-12.5595;-1.34932;-2.39008;
24.3034;-1.58441;-12.6917;-1.322;-2.44624;
24.1471;-1.56297;-12.8238;-1.32152;-2.43971;
24.0069;-1.40186;-12.9578;-1.34004;-2.37874;
23.862;-1.4491;-13.0933;-1.35438;-2.38997;
23.7158;-1.46252;-13.2309;-1.37627;-2.38657;
23.5874;-1.28384;-13.3493;-1.18402;-2.39662;
23.4442;-1.43164;-13.5177;-1.68357;-2.2755;
23.3273;-1.16885;-13.6665;-1.48813;-2.2366;
23.2034;-1.2388;-13.8249;-1.58448;-2.23436;
23.0552;-1.48244;-13.9967;-1.71828;-2.28264;
22.9298;-1.25446;-14.1658;-1.69078;-2.20912;
22.8094;-1.20361;-14.3307;-1.64829;-2.20152;
22.6927;-1.16682;-14.4875;-1.56822;-2.21047;
22.5864;-1.06275;-14.6248;-1.37356;-2.2293;
22.4677;-1.18774;-14.776;-1.51126;-2.2369;
22.346;-1.21691;-14.9501;-1.74093;-2.18085;
22.2416;-1.0434;-15.1195;-1.69443;-2.12274;
22.1197;-1.21985;-15.2767;-1.57248;-2.23057;
21.9915;-1.28106;-15.4383;-1.61556;-2.24123;
21.869;-1.2254;-15.594;-1.55715;-2.23753;
21.762;-1.07004;-15.7364;-1.42358;-2.21536;
21.6369;-1.25128;-15.9213;-1.8488;-2.16579;
21.534;-1.02851;-16.0655;-1.44204;-2.19035;
21.4091;-1.24895;-16.2069;-1.41448;-2.29413;
21.2765;-1.32599;-16.3564;-1.49458;-2.29649;
21.1442;-1.32367;-16.5025;-1.4617;-2.30668;
21.0218;-1.22407;-16.6484;-1.45872;-2.26895;
20.9157;-1.06084;-16.8175;-1.69125;-2.13101;
20.8093;-1.06327;-16.987;-1.69434;-2.13122;
20.6972;-1.12117;-17.1426;-1.55679;-2.19494;
20.5803;-1.1689;-17.3048;-1.62141;-2.19542;
20.4691;-1.11228;-17.4781;-1.73294;-2.14142;
20.3615;-1.07573;-17.6464;-1.68307;-2.1395;
20.2548;-1.0674;-17.8136;-1.67208;-2.13895;
20.1483;-1.06519;-18.0027;-1.8908;-2.08383;
20.0501;-0.982049;-18.1838;-1.81166;-2.06753;
19.9479;-1.02161;-18.3512;-1.67379;-2.11879;
19.8526;-0.953101;-18.5146;-1.63373;-2.09891;
19.738;-1.14622;-18.6663;-1.51696;-2.21787;
19.6205;-1.17471;-18.8267;-1.60429;-2.20283;
19.4809;-1.396;-19.001;-1.74315;-2.24605;
19.3531;-1.27815;-19.1493;-1.48227;-2.28238;
19.2137;-1.3942;-19.3255;-1.76211;-2.24015;
19.0933;-1.20415;-19.4763;-1.50839;-2.2445;
18.9696;-1.23661;-19.6326;-1.563;-2.24013;
18.8664;-1.03191;-19.7907;-1.5811;-2.14904;
18.7324;-1.33966;-19.968;-1.77236;-2.21804;
18.5952;-1.37279;-20.134;-1.65999;-2.26177;
18.475;-1.20196;-20.2897;-1.55703;-2.2282;
18.3656;-1.09362;-20.4581;-1.68462;-2.14659;
18.2672;-0.983574;-20.6158;-1.57684;-2.12851;
18.1689;-0.983737;-20.7859;-1.70083;-2.09517;
18.0436;-1.25253;-20.9709;-1.85044;-2.16584;
17.9348;-1.088;-21.1524;-1.81422;-2.111;
17.8103;-1.24473;-21.3068;-1.54447;-2.24914;
17.6923;-1.18062;-21.4506;-1.43837;-2.25809;
17.5804;-1.11853;-21.6028;-1.52181;-2.20463;
17.4675;-1.12968;-21.7538;-1.50992;-2.21313;
17.3451;-1.22361;-21.9025;-1.4868;-2.25939;
17.233;-1.12111;-22.0168;-1.14357;-2.34628;
17.0878;-1.45196;-22.1454;-1.28587;-2.41678;
16.9385;-1.4928;-22.2778;-1.32317;-2.41636;
16.7885;-1.50015;-22.4075;-1.29707;-2.42867;
16.6466;-1.41944;-22.5035;-0.960082;-2.54689;
16.4969;-1.49668;-22.5702;-0.667023;-2.72235;
16.2982;-1.9871;-22.6466;-0.764309;-2.7744;
16.1212;-1.76994;-22.7118;-0.652378;-2.78846;
15.9443;-1.76857;-22.7725;-0.606964;-2.81099;
15.7366;-2.07719;-22.832;-0.594577;-2.86281;
15.5384;-1.98196;-22.8888;-0.568557;-2.86223;
15.3529;-1.85476;-22.942;-0.531334;-2.86259;
15.1606;-1.92382;-22.9966;-0.546079;-2.86502;
14.9819;-1.78665;-23.0717;-0.75083;-2.74376;
14.8162;-1.65687;-23.1479;-0.76242;-2.71033;
14.6455;-1.70665;-23.2149;-0.670132;-2.76743;
14.4515;-1.94084;-23.2984;-0.834428;-2.73555;
14.2717;-1.79713;-23.3733;-0.749624;-2.74641;
14.0815;-1.90236;-23.4675;-0.941816;-2.68189;
13.8954;-1.86141;-23.56;-0.924875;-2.68045;
13.6862;-2.09125;-23.6504;-0.90386;-2.73363;
13.508;-1.78233;-23.7288;-0.783771;-2.7273;
13.3009;-2.0713;-23.8088;-0.799925;-2.77304;
13.1314;-1.69476;-23.8632;-0.544146;-2.83091;
12.9303;-2.01132;-23.9123;-0.491676;-2.90184;
12.7436;-1.86666;-23.9677;-0.55396;-2.85311;
12.5488;-1.94779;-24.0236;-0.558744;-2.86223;
12.3445;-2.04358;-24.1033;-0.797109;-2.76969;
12.161;-1.83434;-24.1847;-0.813937;-2.72397;
11.9616;-1.99418;-24.2769;-0.921902;-2.70856;
11.7828;-1.78807;-24.3614;-0.845176;-2.70004;
11.6086;-1.7424;-24.4476;-0.861857;-2.68224;
11.4351;-1.73501;-24.532;-0.84376;-2.68895;
11.2569;-1.78167;-24.6199;-0.878783;-2.68337;
11.0716;-1.85336;-24.695;-0.751875;-2.7562;
10.8637;-2.07871;-24.7959;-1.00884;-2.68976;
10.6835;-1.80138;-24.8875;-0.915882;-2.67122;
10.5049;-1.7862;-24.9719;-0.843923;-2.70021;
10.3365;-1.68464;-25.0851;-1.13138;-2.55019;
10.1699;-1.66613;-25.1918;-1.06737;-2.57183;
9.99231;-1.77542;-25.2643;-0.724797;-2.754;
9.82842;-1.63885;-25.357;-0.9273;-2.62668;
9.66681;-1.61618;-25.4598;-1.02825;-2.57496;
9.50334;-1.63465;-25.5678;-1.08007;-2.55771;
9.33638;-1.66957;-25.678;-1.10153;-2.55838;
9.15734;-1.79047;-25.7662;-0.881957;-2.68389;
8.96796;-1.89377;-25.86;-0.938121;-2.68165;
8.78893;-1.79034;-25.9508;-0.908343;-2.67208;
8.6117;-1.77226;-26.0418;-0.909456;-2.66747;
8.42718;-1.84519;-26.1306;-0.887791;-2.69315;
8.27543;-1.51754;-26.2179;-0.873183;-2.61946;
8.12781;-1.47621;-26.3475;-1.29615;-2.42105;
7.9909;-1.36909;-26.4756;-1.28144;-2.38925;
7.84491;-1.45986;-26.6129;-1.37245;-2.38704;
7.67602;-1.68889;-26.7653;-1.52444;-2.40733;
7.5153;-1.60721;-26.8922;-1.26899;-2.47325;
7.34166;-1.73649;-27.0419;-1.49709;-2.43009;
7.18398;-1.57671;-27.1691;-1.2721;-2.46272;
7.04235;-1.41636;-27.2875;-1.18376;-2.44542;
6.87545;-1.66896;-27.4307;-1.43191;-2.43249;
6.72187;-1.53584;-27.5608;-1.30085;-2.43885;
6.5675;-1.54372;-27.6903;-1.29513;-2.44354;
6.41959;-1.47905;-27.8166;-1.26264;-2.43496;
6.25426;-1.65327;-27.9545;-1.37966;-2.44616;
6.09565;-1.58617;-28.0736;-1.1908;-2.49762;
5.92396;-1.71686;-28.1859;-1.12259;-2.56251;
5.76787;-1.56087;-28.2784;-0.9258;-2.60624;
5.59022;-1.77655;-28.3849;-1.06473;-2.60167;
5.42494;-1.65282;-28.4932;-1.08231;-2.56183;
5.25861;-1.66326;-28.6013;-1.08188;-2.56489;
5.07695;-1.81667;-28.7084;-1.07032;-2.60918;
4.89475;-1.82198;-28.807;-0.9861;-2.64551;
4.7175;-1.77244;-28.8956;-0.886008;-2.67804;
4.53295;-1.84554;-29.0005;-1.04868;-2.62487;
4.35848;-1.7447;-29.1029;-1.02427;-2.61073;
4.18534;-1.7314;-29.2008;-0.979627;-2.6267;
4.01357;-1.71772;-29.3094;-1.08601;-2.5778;
3.83241;-1.81152;-29.4135;-1.041;-2.62002;
3.6557;-1.7672;-29.523;-1.09472;-2.58698;
3.48697;-1.68722;-29.6194;-0.963365;-2.62279;
3.31294;-1.74034;-29.7195;-1.00109;-2.61959;
3.14631;-1.66626;-29.8152;-0.957782;-2.6199;
2.95951;-1.86807;-29.9039;-0.886251;-2.69862;
2.77972;-1.79791;-29.9904;-0.865572;-2.69291;

2.58886;-1.90856;29.9368;-0.728196;-2.7771;
2.4018;-1.87063;29.8601;-0.766604;-2.75266;
2.23239;-1.69409;29.7829;-0.772292;-2.71386;
2.05631;-1.76073;29.6953;-0.875805;-2.68002;
1.87312;-1.83199;29.6135;-0.818272;-2.72152;
1.70066;-1.72457;29.5124;-1.01063;-2.61152;
1.51996;-1.80694;29.4108;-1.01567;-2.62951;
1.34672;-1.73243;29.3104;-1.00398;-2.61637;
1.17545;-1.71273;29.2362;-0.742211;-2.73267;
0.986875;-1.88573;29.139;-0.971783;-2.66575;
0.814171;-1.72704;29.057;-0.819962;-2.69833;
0.617365;-1.96806;28.9625;-0.945084;-2.6939;
0.451825;-1.6554;28.8889;-0.73635;-2.72306;
0.277486;-1.74339;28.8119;-0.770328;-2.72553;
0.0790303;-1.98455;28.7336;-0.782778;-2.76589;
-0.111618;-1.90648;28.6467;-0.868775;-2.71401;
-0.301257;-1.8964;28.5585;-0.882112;-2.70621;
-0.477979;-1.76722;28.4592;-0.993133;-2.6296;
-0.652764;-1.74785;28.3691;-0.901306;-2.66549;
-0.840375;-1.87611;28.3063;-0.627303;-2.81891;
-1.02064;-1.80266;28.2431;-0.632588;-2.8041;
-1.19896;-1.7832;28.1576;-0.85484;-2.69457;
-1.38331;-1.84349;28.0699;-0.876668;-2.6977;
-1.56495;-1.81639;27.9833;-0.866338;-2.69655;
-1.7455;-1.80547;27.9009;-0.823661;-2.71359;
-1.94116;-1.95667;27.8297;-0.712458;-2.7924;
-2.12843;-1.87263;27.7592;-0.704496;-2.78176;
-2.29482;-1.66395;27.675;-0.841749;-2.67326;
-2.4949;-2.00078;27.5901;-0.849344;-2.74014;
-2.68372;-1.88817;27.5122;-0.779281;-2.75017;
-2.86947;-1.85759;27.436;-0.761835;-2.75239;
-3.04621;-1.7674;27.3786;-0.573489;-2.82783;
-3.22046;-1.74246;27.3099;-0.687801;-2.76564;
-3.40248;-1.82021;27.2355;-0.744041;-2.75355;
-3.56378;-1.613;27.1579;-0.77546;-2.69346;
-3.72333;-1.59554;27.0846;-0.73324;-2.71082;
-3.88897;-1.65634;26.9948;-0.897574;-2.64499;
-4.06923;-1.80266;26.9169;-0.779298;-2.73355;
-4.24348;-1.74247;26.8414;-0.754571;-2.73293;
-4.4307;-1.87218;26.7588;-0.826288;-2.72595;
-4.6186;-1.87905;26.6789;-0.799015;-2.73953;
-4.83445;-2.15846;26.6122;-0.666837;-2.84195;
-5.03577;-2.01323;26.551;-0.612583;-2.84622;
-5.21887;-1.83097;26.5181;-0.328582;-2.96402;
-5.41759;-1.98724;26.4677;-0.504258;-2.89309;
-5.62733;-2.09737;26.4214;-0.462506;-2.92455;
-5.81901;-1.91677;26.36;-0.614907;-2.83116;
-6.00719;-1.88184;26.2879;-0.720323;-2.77602;
-6.20429;-1.97098;26.204;-0.839351;-2.739;
-6.37936;-1.75073;26.1181;-0.858969;-2.68546;
-6.55183;-1.72471;26.0323;-0.858003;-2.67997;
-6.7309;-1.79069;25.9432;-0.890782;-2.67999;
-6.92219;-1.91285;25.8649;-0.783046;-2.75304;
-7.10967;-1.87484;25.8039;-0.610334;-2.82687;
-7.30828;-1.9861;25.7205;-0.833659;-2.74418;
-7.50208;-1.93801;25.6276;-0.92887;-2.69465;
-7.68257;-1.80488;25.5588;-0.688062;-2.77738;
-7.83104;-1.48469;25.488;-0.708407;-2.6964;
-8.01808;-1.87044;25.4026;-0.854189;-2.7132;
-8.19666;-1.78577;25.3197;-0.828663;-2.70713;
-8.37518;-1.78517;25.2522;-0.674699;-2.78024;
-8.56162;-1.86445;25.1829;-0.693069;-2.78569;
-8.74334;-1.81713;25.0944;-0.88522;-2.68828;
-8.94431;-2.00974;24.9943;-1.00091;-2.67952;
-9.11918;-1.74874;24.9191;-0.751452;-2.73574;
-9.31674;-1.97556;24.8371;-0.820591;-2.74791;
-9.50127;-1.84526;24.7602;-0.768507;-2.74696;
-9.69015;-1.88884;24.6845;-0.756952;-2.76044;
-9.85984;-1.69693;24.6096;-0.749808;-2.72553;
-10.0457;-1.85887;24.528;-0.81562;-2.72811;
-10.228;-1.82286;24.4478;-0.80164;-2.72728;
-10.394;-1.65952;24.3612;-0.866381;-2.66045;
-10.5638;-1.69835;24.253;-1.08229;-2.57423;
-10.7272;-1.63378;24.1409;-1.121;-2.54023;
-10.9287;-2.01494;24.034;-1.06912;-2.65377;
-11.1082;-1.79537;23.9515;-0.824858;-2.71092;
-11.2965;-1.88282;23.8557;-0.958181;-2.67085;
-11.4929;-1.96456;23.7619;-0.937873;-2.69619;
-11.6799;-1.86918;23.6669;-0.949771;-2.67147;
-11.8696;-1.89737;23.5659;-1.00958;-2.6526;
-12.0521;-1.82449;23.4282;-1.37703;-2.49506;
-12.1855;-1.33447;23.2868;-1.41396;-2.32728;
-12.3158;-1.30266;23.1307;-1.56145;-2.26608;
-12.4488;-1.33029;22.9784;-1.52254;-2.28891;
-12.5758;-1.27008;22.8256;-1.52884;-2.26401;
-12.6951;-1.19336;22.6635;-1.62055;-2.20553;
-12.8182;-1.23044;22.5028;-1.60727;-2.22417;
-12.9414;-1.23172;22.3465;-1.56231;-2.23842;
-13.059;-1.17617;22.1795;-1.67024;-2.18433;
-13.1815;-1.22573;22.004;-1.75485;-2.1805;
-13.3056;-1.24054;21.8482;-1.55856;-2.24306;
-13.4368;-1.31216;21.6988;-1.4935;-2.29165;
-13.5641;-1.27266;21.558;-1.40824;-2.30567;
-13.7058;-1.41717;21.4166;-1.41394;-2.35734;
-13.8698;-1.63957;21.3078;-1.08796;-2.55574;
-14.0317;-1.61958;21.2141;-0.936666;-2.61725;
-14.2067;-1.74997;21.0906;-1.23547;-2.52686;
-14.3909;-1.84217;20.9948;-0.958354;-2.66189;
-14.5628;-1.7183;20.8681;-1.26612;-2.50656;
-14.7412;-1.78459;20.7412;-1.26964;-2.52323;
-14.9044;-1.63147;20.6189;-1.22261;-2.49848;
-15.0543;-1.49986;20.4681;-1.50805;-2.35347;
-15.1946;-1.40232;20.3214;-1.46704;-2.33364;
-15.3437;-1.49113;20.1739;-1.47496;-2.36164;
-15.4952;-1.51515;20.0291;-1.44791;-2.37889;
-15.6323;-1.37099;19.8738;-1.55305;-2.29401;
-15.7661;-1.33768;19.7281;-1.45746;-2.31337;
-15.8711;-1.0498;19.5811;-1.46959;-2.19109;
-15.9896;-1.1851;19.4128;-1.68294;-2.18433;
-16.1159;-1.26312;19.2387;-1.7408;-2.1985;
-16.224;-1.08111;19.089;-1.49754;-2.19609;
-16.354;-1.30042;18.9351;-1.53921;-2.2723;
-16.5167;-1.62667;18.7501;-1.84954;-2.29217;
-16.6805;-1.63774;18.6016;-1.48522;-2.405;
-16.8433;-1.62822;18.4826;-1.19012;-2.51041;
-17.0029;-1.59615;18.3599;-1.22677;-2.48631;
-17.1637;-1.60762;18.2368;-1.2311;-2.48806;
-17.2934;-1.2975;18.1012;-1.3558;-2.33423;
-17.4422;-1.48795;17.9512;-1.4998;-2.35223;
-17.5836;-1.41427;17.7977;-1.53508;-2.31525;
-17.7163;-1.32607;17.6544;-1.43298;-2.31747;
-17.8375;-1.21238;17.5119;-1.4257;-2.27551;
-17.9744;-1.36866;17.3677;-1.44143;-2.33031;
-18.1125;-1.38114;17.2229;-1.44775;-2.33265;
-18.2341;-1.21608;17.0896;-1.33385;-2.31004;
-18.3686;-1.34538;16.9424;-1.47179;-2.31135;
-18.4997;-1.31067;16.79;-1.52394;-2.2811;
-18.6256;-1.25933;16.6363;-1.5365;-2.25738;
-18.7514;-1.25814;16.4674;-1.68978;-2.21081;
-18.8939;-1.42495;16.3123;-1.55012;-2.31415;
-19.0266;-1.32633;16.1697;-1.42636;-2.31987;
-19.1494;-1.228;16.0278;-1.41898;-2.28417;
-19.2806;-1.31229;15.8779;-1.49958;-2.28969;
-19.4145;-1.33943;15.7152;-1.62648;-2.25971;
-19.5437;-1.29136;15.5639;-1.51254;-2.27747;
-19.6789;-1.35215;15.4094;-1.54567;-2.28951;
-19.8104;-1.3151;15.2586;-1.50782;-2.28803;
-19.926;-1.1558;15.0973;-1.61254;-2.19268;
-20.0378;-1.11826;14.9403;-1.57032;-2.18961;
-20.145;-1.07204;14.7719;-1.68432;-2.13761;
-20.2531;-1.08058;14.602;-1.69918;-2.13722;
-20.3561;-1.03036;14.442;-1.59928;-2.14313;
-20.459;-1.02877;14.2928;-1.49256;-2.17428;
-20.5821;-1.23091;14.1409;-1.51858;-2.25195;
-20.7151;-1.33011;13.989;-1.51936;-2.28987;
-20.8358;-1.20752;13.8471;-1.41862;-2.27598;
-20.967;-1.31211;13.6906;-1.5655;-2.26837;
-21.0919;-1.24887;13.5408;-1.49757;-2.26589;
-21.2204;-1.28506;13.3872;-1.53657;-2.26729;
-21.3419;-1.21424;13.2388;-1.48352;-2.25671;
-21.4894;-1.47566;13.0746;-1.64161;-2.30301;
-21.6296;-1.40192;12.9259;-1.48797;-2.32643;
-21.7652;-1.35556;12.7797;-1.46105;-2.31876;
-21.9073;-1.42095;12.6196;-1.60193;-2.2964;
-22.0352;-1.27947;12.4747;-1.44895;-2.29416;
-22.1683;-1.33111;12.3233;-1.51312;-2.29229;
-22.3018;-1.3346;12.1727;-1.50619;-2.29586;
-22.4379;-1.36157;12.0246;-1.48079;-2.31428;
-22.5768;-1.38837;11.8783;-1.46318;-2.32996;
-22.7111;-1.34339;11.7376;-1.40778;-2.3328;
-22.8519;-1.40829;11.5974;-1.40123;-2.35871;
-23.0062;-1.54221;11.4566;-1.40832;-2.40154;
-23.1545;-1.48333;11.3169;-1.39691;-2.38619;
-23.3129;-1.58434;11.1607;-1.56177;-2.36337;
-23.4549;-1.41947;11.0213;-1.39382;-2.36531;
-23.6046;-1.4974;10.8803;-1.4107;-2.386;
-23.7475;-1.42846;10.7448;-1.35512;-2.38254;
-23.8936;-1.46155;10.6079;-1.3682;-2.38917;
-24.0529;-1.59274;10.4644;-1.43501;-2.40824;
-24.2047;-1.51806;10.328;-1.36485;-2.40929;
-24.3448;-1.40102;10.1704;-1.57598;-2.29749;
-24.4788;-1.34008;10.019;-1.51344;-2.29552;
-24.6114;-1.32579;9.86937;-1.49653;-2.29577;
-24.7601;-1.48663;9.7344;-1.34964;-2.40446;
-24.9061;-1.46001;9.59885;-1.35549;-2.3933;
-25.0562;-1.50195;9.4553;-1.43549;-2.37882;
-25.2012;-1.44974;9.31407;-1.41237;-2.36925;
-25.3536;-1.52357;9.15881;-1.55254;-2.34678;
-25.4969;-1.43361;9.01702;-1.41792;-2.3617;
-25.6337;-1.36718;8.87285;-1.44168;-2.32968;
-25.771;-1.37368;8.72237;-1.50483;-2.31066;
-25.8906;-1.19581;8.57954;-1.42831;-2.26782;
-26.0078;-1.17164;8.42814;-1.51395;-2.22942;
-26.1302;-1.22479;8.26996;-1.58179;-2.22967;
-26.2574;-1.2716;8.11352;-1.56446;-2.2533;
-26.3847;-1.27325;7.95482;-1.58698;-2.24694;
-26.5081;-1.23413;7.8006;-1.54221;-2.24568;
-26.6227;-1.14505;7.64869;-1.5191;-2.21671;
-26.7623;-1.39668;7.47554;-1.73152;-2.24956;
-26.885;-1.22726;7.32262;-1.5292;-2.24709;
-26.9946;-1.0952;7.15429;-1.68326;-2.14762;
-27.0981;-1.03515;6.98919;-1.65101;-2.13082;
-27.1913;-0.932359;6.83152;-1.57672;-2.10482;
-27.3134;-1.22116;6.66053;-1.70991;-2.19097;
-27.4675;-1.54045;6.51973;-1.408;-2.40108;
-27.6158;-1.48329;6.3905;-1.29232;-2.42489;
-27.757;-1.41148;6.25359;-1.36911;-2.37143;
-27.9051;-1.48171;6.10708;-1.46509;-2.36183;
-28.0413;-1.3622;5.96567;-1.41406;-2.33752;
-28.1775;-1.3615;5.82861;-1.37063;-2.35285;
-28.3192;-1.41664;5.68572;-1.42885;-2.3519;
-28.4624;-1.43248;5.53029;-1.55429;-2.31543;
-28.5967;-1.34323;5.382;-1.48298;-2.30679;
-28.7374;-1.40641;5.23764;-1.44356;-2.34316;
-28.8775;-1.40174;5.09066;-1.46979;-2.3325;
-29.0084;-1.30852;4.93528;-1.55382;-2.27071;
-29.1372;-1.28765;4.7789;-1.56375;-2.25966;
-29.271;-1.33849;4.62288;-1.56023;-2.27985;
-29.4158;-1.4478;4.48237;-1.40511;-2.37115;
-29.5536;-1.37818;4.33616;-1.46215;-2.32664;
-29.6974;-1.43746;4.19403;-1.42127;-2.36186;
-29.8418;-1.44439;4.05342;-1.40611;-2.36962;
-29.9792;-1.37434;3.93775;-1.15664;-2.442;

29.8612;-1.59594;3.79077;-1.46985;-2.3973;
29.729;-1.32132;3.6487;-1.4207;-2.31997;
29.6027;-1.26326;3.49507;-1.53632;-2.25897;
29.4632;-1.39538;3.31102;-1.84049;-2.2195;
29.3569;-1.06233;3.13816;-1.7286;-2.12185;
29.2417;-1.15221;2.97792;-1.60238;-2.1942;
29.1223;-1.19381;2.80252;-1.75403;-2.16839;
29.0104;-1.11947;2.63726;-1.65254;-2.16621;
28.8985;-1.11915;2.47223;-1.65037;-2.16669;
28.7987;-0.997876;2.29856;-1.73666;-2.09233;
28.6965;-1.02196;2.16734;-1.31219;-2.23249;
28.5849;-1.11616;2.0136;-1.53741;-2.19876;
28.4623;-1.22582;1.839;-1.74595;-2.18293;
28.3367;-1.25649;1.67277;-1.66237;-2.21802;
28.2137;-1.22934;1.51161;-1.61155;-2.22246;
28.0719;-1.41832;1.35607;-1.5554;-2.31013;
27.9582;-1.13717;1.22302;-1.33056;-2.27799;
27.8079;-1.50224;1.05842;-1.64597;-2.31057;
27.6852;-1.22706;0.913082;-1.45337;-2.27196;
27.5772;-1.08016;0.785066;-1.28016;-2.27166;
27.4492;-1.28035;0.625345;-1.59721;-2.24652;
27.3239;-1.25284;0.466634;-1.58711;-2.23903;
27.2024;-1.2146;0.292679;-1.73955;-2.18033;
27.1109;-0.914969;0.129713;-1.62966;-2.08239;
27.0039;-1.07009;-0.0537703;-1.83483;-2.09878;
26.93;-0.739477;-0.207287;-1.53516;-2.01969;
26.8505;-0.794713;-0.387052;-1.79765;-1.98705;
26.7742;-0.763226;-0.576558;-1.89506;-1.95367;
26.7004;-0.738096;-0.766312;-1.89754;-1.94176;
26.6287;-0.716884;-0.953633;-1.87321;-1.9363;
26.557;-0.716715;-1.13989;-1.86262;-1.93812;
26.4941;-0.629521;-1.32877;-1.8888;-1.89251;
26.4539;-0.401515;-1.51865;-1.89879;-1.77919;
26.4021;-0.518052;-1.72659;-2.07935;-1.81497;
26.3564;-0.457052;-1.91178;-1.85194;-1.81276;
26.3277;-0.287005;-2.0871;-1.75317;-1.73306;
26.3102;-0.175164;-2.28832;-2.01224;-1.65763;
26.294;-0.162223;-2.48766;-1.99334;-1.652;
26.2878;-0.0620038;-2.68832;-2.00666;-1.60169;
26.2828;-0.0494369;-2.88838;-2.00052;-1.5955;
26.2882;0.0536129;-3.10443;-2.16058;-1.54599;
26.293;0.0481209;-3.30437;-1.99934;-1.54673;
26.297;0.0398467;-3.49409;-1.89718;-1.5498;
26.2866;-0.103762;-3.68248;-1.88394;-1.62582;
26.2557;-0.308962;-3.88699;-2.04507;-1.72074;
26.2259;-0.298112;-4.08466;-1.97669;-1.72048;
26.2065;-0.193673;-4.28293;-1.98279;-1.66816;
26.1876;-0.189176;-4.49184;-2.08905;-1.66111;
26.1443;-0.433021;-4.67848;-1.86637;-1.79878;
26.1007;-0.436033;-4.85244;-1.73963;-1.81638;
26.0506;-0.50072;-5.04579;-1.93347;-1.8242;
25.9965;-0.541843;-5.23246;-1.86678;-1.85329;
25.9307;-0.657544;-5.4409;-2.08437;-1.87638;
25.8729;-0.578543;-5.62813;-1.87231;-1.87049;
25.8238;-0.490863;-5.81377;-1.85638;-1.8293;
25.763;-0.607556;-6.02617;-2.12396;-1.84941;
25.7144;-0.485865;-6.23179;-2.05627;-1.80283;
25.6607;-0.537349;-6.43039;-1.98597;-1.83504;
25.6049;-0.558342;-6.60792;-1.77535;-1.8755;
25.5447;-0.601384;-6.80028;-1.92354;-1.87381;
25.4923;-0.524155;-6.97529;-1.75014;-1.86179;
25.4377;-0.546333;-7.15561;-1.80318;-1.86499;
25.381;-0.566202;-7.33415;-1.78539;-1.87789;
25.3188;-0.622159;-7.513;-1.78855;-1.90556;
25.2473;-0.715062;-7.69423;-1.81225;-1.94661;
25.1594;-0.879031;-7.85106;-1.56835;-2.08165;
25.0607;-0.987326;-8.04024;-1.89181;-2.05181;
24.9877;-0.729447;-8.23173;-1.91486;-1.93477;
24.9152;-0.725103;-8.421;-1.89274;-1.93665;
24.8492;-0.660614;-8.60528;-1.84274;-1.91502;
24.7702;-0.789643;-8.78872;-1.83444;-1.97728;
24.6927;-0.775423;-8.97571;-1.86989;-1.9639;
24.6212;-0.714786;-9.1532;-1.77494;-1.95364;
24.532;-0.892124;-9.29823;-1.45027;-2.12228;
24.4108;-1.21132;-9.44771;-1.4948;-2.25182;
24.298;-1.12866;-9.59077;-1.43061;-2.23875;
24.1604;-1.37617;-9.73042;-1.39651;-2.34886;
24.0467;-1.137;-9.88067;-1.50249;-2.2186;
23.909;-1.37706;-10.0328;-1.52129;-2.30647;
23.7758;-1.33175;-10.182;-1.49237;-2.29938;
23.6197;-1.56104;-10.3266;-1.44527;-2.39468;
23.4692;-1.50442;-10.4779;-1.51291;-2.35338;
23.3288;-1.40473;-10.6205;-1.42663;-2.34846;
23.1821;-1.46658;-10.7595;-1.38966;-2.38312;
23.0384;-1.4375;-10.9046;-1.45108;-2.35149;
22.9015;-1.36849;-11.0648;-1.60221;-2.27768;
22.7886;-1.12892;-11.1986;-1.33756;-2.2718;
22.6621;-1.26505;-11.3642;-1.65585;-2.22319;
22.5458;-1.16287;-11.5269;-1.62788;-2.19109;
22.431;-1.14782;-11.6918;-1.64891;-2.17891;
22.3167;-1.14292;-11.8553;-1.63503;-2.18086;
22.2137;-1.03013;-12.0294;-1.74058;-2.10519;
22.1274;-0.862907;-12.2104;-1.80993;-2.01568;
22.0423;-0.851646;-12.3978;-1.87424;-1.9973;
21.9595;-0.827506;-12.5799;-1.82084;-1.99736;
21.8739;-0.856441;-12.7624;-1.82534;-2.0095;
21.807;-0.669102;-12.9319;-1.69468;-1.94683;
21.723;-0.839873;-13.0924;-1.60546;-2.05278;
21.6201;-1.02909;-13.2715;-1.79102;-2.09232;
21.5341;-0.859491;-13.4356;-1.64078;-2.05333;
21.4537;-0.804514;-13.6145;-1.78893;-1.99342;
21.3686;-0.850572;-13.7963;-1.81788;-2.00843;
21.2894;-0.792567;-13.9816;-1.85272;-1.97502;
21.2032;-0.861791;-14.1731;-1.9155;-1.99357;
21.127;-0.761832;-14.3564;-1.83262;-1.96477;
21.0545;-0.725194;-14.5334;-1.76987;-1.95967;
20.9726;-0.818848;-14.7147;-1.81324;-1.99498;
20.8904;-0.821587;-14.9001;-1.85405;-1.98792;
20.8108;-0.796156;-15.0942;-1.94062;-1.96012;
20.7255;-0.853418;-15.279;-1.84813;-2.0034;
20.6382;-0.872798;-15.4752;-1.96177;-1.9894;
20.5519;-0.863204;-15.6828;-2.0769;-1.9647;
20.466;-0.858395;-15.8698;-1.86972;-2.0012;
20.3863;-0.797778;-16.0486;-1.78769;-1.99054;
20.3002;-0.860559;-16.232;-1.83404;-2.00951;
20.2288;-0.714143;-16.4491;-2.17105;-1.88859;
20.1648;-0.639562;-16.6372;-1.88087;-1.89857;
20.0979;-0.669816;-16.8334;-1.96203;-1.89978;
20.0296;-0.682076;-17.0194;-1.86011;-1.92226;
19.9741;-0.555935;-17.211;-1.91629;-1.85315;
19.9177;-0.563904;-17.4119;-2.00915;-1.84442;
19.8425;-0.751256;-17.6118;-1.99811;-1.93043;
19.7705;-0.720471;-17.779;-1.67284;-1.97747;
19.6897;-0.807756;-17.9823;-2.03262;-1.94906;
19.6158;-0.739137;-18.1647;-1.82366;-1.95587;
19.5473;-0.685028;-18.3457;-1.81025;-1.93256;
19.4881;-0.59178;-18.5583;-2.12631;-1.84224;
19.4279;-0.602672;-18.7566;-1.98233;-1.86594;
19.3605;-0.673873;-18.948;-1.91455;-1.90923;
19.3009;-0.595446;-19.1362;-1.88201;-1.87722;
19.24;-0.609072;-19.3032;-1.67;-1.92052;
19.1572;-0.827841;-19.5004;-1.97231;-1.9682;
19.0671;-0.900914;-19.6578;-1.57346;-2.0908;
18.9687;-0.983986;-19.8355;-1.777;-2.0765;
18.8834;-0.853088;-20.0009;-1.65427;-2.04692;
18.7859;-0.975438;-20.1741;-1.73164;-2.08379;
18.6939;-0.919563;-20.3564;-1.82321;-2.03793;
18.5948;-0.990814;-20.5308;-1.74405;-2.08744;
18.4989;-0.959325;-20.7009;-1.70142;-2.0842;
18.3986;-1.0036;-20.877;-1.76017;-2.08899;
18.3197;-0.788759;-21.0542;-1.77278;-1.98942;
18.2285;-0.911516;-21.2242;-1.69939;-2.06312;
18.1179;-1.10643;-21.399;-1.74779;-2.13516;
18.0248;-0.93084;-21.5557;-1.56696;-2.10682;
17.922;-1.02782;-21.7268;-1.71166;-2.11157;
17.8107;-1.1131;-21.9029;-1.76049;-2.1346;
17.7058;-1.0494;-22.0712;-1.68328;-2.12826;
17.5949;-1.10881;-22.2366;-1.65418;-2.16132;
17.4779;-1.16962;-22.3888;-1.52152;-2.22617;
17.3778;-1.00089;-22.5336;-1.44807;-2.17558;
17.2637;-1.14178;-22.7035;-1.69925;-2.16243;
17.1522;-1.11436;-22.8744;-1.70873;-2.14869;
17.042;-1.10247;-23.0378;-1.63449;-2.16421;
16.9372;-1.04817;-23.1964;-1.58622;-2.15472;
16.8437;-0.934569;-23.3639;-1.67428;-2.07991;
16.7536;-0.900968;-23.5316;-1.67763;-2.06364;
16.6589;-0.947314;-23.6729;-1.41282;-2.16146;
16.5612;-0.977042;-23.8307;-1.57828;-2.12511;
16.4609;-1.00281;-24.0029;-1.72111;-2.09836;
16.3629;-0.97978;-24.1727;-1.69809;-2.09413;
16.2637;-0.992517;-24.3457;-1.73005;-2.09165;
16.171;-0.927047;-24.5104;-1.64691;-2.08349;
16.073;-0.979672;-24.691;-1.80677;-2.06765;
15.9776;-0.953545;-24.8666;-1.75561;-2.06836;
15.8859;-0.917325;-25.046;-1.79358;-2.04356;
15.7887;-0.971628;-25.2209;-1.74947;-2.07776;
15.7058;-0.829078;-25.4105;-1.89575;-1.98307;
15.6263;-0.795007;-25.5962;-1.85746;-1.97521;
15.5557;-0.706389;-25.7831;-1.86837;-1.93226;
15.4891;-0.665944;-25.9628;-1.79765;-1.92557;
15.4242;-0.649431;-26.1711;-2.08252;-1.87309;
15.3814;-0.427892;-26.3665;-1.95465;-1.78631;
15.3386;-0.427663;-26.5616;-1.95014;-1.78668;
15.3047;-0.338725;-26.7539;-1.92298;-1.74515;
15.263;-0.417623;-26.9497;-1.95876;-1.78086;
15.2322;-0.307722;-27.1408;-1.91083;-1.73047;
15.2014;-0.308365;-27.3372;-1.96419;-1.72652;
15.1463;-0.551023;-27.5428;-2.05541;-1.83272;
15.0926;-0.536303;-27.7353;-1.92555;-1.84243;
15.0435;-0.490916;-27.9246;-1.89232;-1.82463;
14.9895;-0.54061;-28.1261;-2.01542;-1.83286;
14.9289;-0.605545;-28.3124;-1.86323;-1.88503;
14.8722;-0.567666;-28.5036;-1.91214;-1.85938;
14.8081;-0.640837;-28.703;-1.99361;-1.88181;
14.7496;-0.584913;-28.9024;-1.994;-1.85613;
14.7091;-0.404627;-29.0985;-1.96052;-1.77433;
14.6743;-0.347737;-29.314;-2.15519;-1.73077;
14.6289;-0.454754;-29.5134;-1.99453;-1.79496;
14.5869;-0.419951;-29.7097;-1.96279;-1.78158;
14.5447;-0.421457;-29.9177;-2.07969;-1.77074;

14.4993;-0.454536;29.8781;-2.04248;-1.78977;
14.456;-0.432371;29.6804;-1.97654;-1.78616;
14.4113;-0.447598;29.4966;-1.83798;-1.80967;
14.3542;-0.57026;29.3065;-1.90129;-1.86219;
14.2995;-0.547471;29.1163;-1.90226;-1.85102;
14.2363;-0.631698;28.9229;-1.93351;-1.88658;
14.1737;-0.625819;28.7281;-1.94798;-1.88165;
14.1064;-0.673632;28.5354;-1.92677;-1.90713;
14.0051;-1.01298;28.3373;-1.98142;-2.0434;
13.9193;-0.858198;28.1469;-1.90383;-1.99429;
13.8481;-0.712161;27.9768;-1.70079;-1.96734;
13.7571;-0.909839;27.7755;-2.01335;-1.99523;
13.6787;-0.783843;27.5931;-1.8241;-1.97665;
13.5955;-0.832179;27.4435;-1.49602;-2.07843;
13.4995;-0.959832;27.2713;-1.72207;-2.07928;
13.3944;-1.05051;27.1024;-1.68854;-2.12734;
13.286;-1.08471;26.9302;-1.72224;-2.13286;
13.1836;-1.02336;26.7435;-1.86756;-2.07208;
13.0723;-1.11284;26.5626;-1.80827;-2.12248;
12.9679;-1.04444;26.3955;-1.67075;-2.12949;
12.8712;-0.966857;26.2331;-1.62418;-2.10775;
12.7599;-1.11279;26.0699;-1.63193;-2.16926;
12.6474;-1.12503;25.9155;-1.54399;-2.2005;
12.5372;-1.10263;25.7372;-1.78354;-2.12451;
12.4431;-0.940345;25.5519;-1.85308;-2.04039;
12.3567;-0.863991;25.3666;-1.8528;-2.00714;
12.2706;-0.861768;25.1791;-1.87522;-2.00157;
12.1894;-0.811174;24.9925;-1.86592;-1.98088;
12.101;-0.884279;24.8175;-1.75001;-2.03867;
12.0142;-0.868479;24.654;-1.63518;-2.05903;
11.9191;-0.950361;24.475;-1.78924;-2.05906;
11.8436;-0.755675;24.2642;-2.10827;-1.91496;
11.7789;-0.64618;24.0717;-1.92537;-1.8946;
11.711;-0.679235;23.8814;-1.903;-1.91363;
11.6476;-0.633979;23.6918;-1.89561;-1.89355;
11.5734;-0.741668;23.4876;-2.04174;-1.91923;
11.5058;-0.67652;23.3009;-1.86739;-1.91837;
11.4383;-0.675361;23.111;-1.89946;-1.91241;
11.3893;-0.490086;22.9354;-1.75571;-1.84301;
11.3418;-0.474063;22.7492;-1.86194;-1.82011;
11.3072;-0.346669;22.5606;-1.88604;-1.75257;
11.2839;-0.233264;22.3649;-1.95732;-1.68941;
11.2758;-0.08052;22.1641;-2.00739;-1.61089;
11.2673;-0.0849438;21.9598;-2.04279;-1.61235;
11.2269;-0.40385;21.7624;-1.97461;-1.77254;
11.1968;-0.301008;21.5646;-1.97772;-1.72184;
11.1747;-0.221544;21.3771;-1.8754;-1.68838;
11.1429;-0.317707;21.1862;-1.90829;-1.73577;
11.1266;-0.162842;20.9916;-1.94646;-1.65426;
11.1019;-0.247471;20.7911;-2.00447;-1.69363;
11.0632;-0.387061;20.5938;-1.973;-1.76452;
11.0259;-0.372931;20.4064;-1.87412;-1.76722;
10.9825;-0.433297;20.2041;-2.02315;-1.78178;
10.9568;-0.257236;19.9882;-2.15941;-1.68936;
10.9384;-0.184115;19.7807;-2.07501;-1.65929;
10.9242;-0.142308;19.594;-1.86693;-1.64687;
10.9171;-0.0703701;19.4014;-1.92537;-1.60733;
10.9186;0.0145208;19.2101;-1.91344;-1.56321;
10.9316;0.129816;19.021;-1.89095;-1.50225;
10.9265;-0.0504575;18.8219;-1.99144;-1.59613;
10.9364;0.0991003;18.6275;-1.94312;-1.51984;
10.9422;0.0575061;18.4159;-2.11676;-1.54364;
10.9451;0.029668;18.2182;-1.97698;-1.55579;
10.9482;0.0302625;18.0128;-2.05381;-1.55606;
10.9438;-0.0438079;17.8269;-1.85937;-1.59435;
10.9389;-0.0491215;17.6301;-1.96784;-1.59575;
10.927;-0.119276;17.4208;-2.09259;-1.62773;
10.925;-0.0194238;17.2015;-2.19297;-1.57965;
10.9041;-0.209358;17.0277;-1.73832;-1.69066;
10.8757;-0.283808;16.8236;-2.04117;-1.70895;
10.8485;-0.2722;16.6261;-1.97447;-1.70779;
10.811;-0.37519;16.4524;-1.73691;-1.78354;
10.7777;-0.332193;16.2675;-1.84903;-1.74856;
10.7512;-0.265567;16.0692;-1.98321;-1.70391;
10.724;-0.271585;15.8717;-1.97542;-1.70742;
10.7018;-0.222058;15.6815;-1.90213;-1.68701;
10.6566;-0.451972;15.4828;-1.98668;-1.79449;
10.6215;-0.351197;15.2932;-1.89593;-1.75396;
10.587;-0.344571;15.0941;-1.99113;-1.74215;
10.5502;-0.368304;14.8974;-1.96638;-1.75595;
10.512;-0.38251;14.7016;-1.95842;-1.76368;
10.4889;-0.230154;14.521;-1.80636;-1.69753;
10.4337;-0.552698;14.329;-1.91916;-1.8512;
10.3847;-0.489507;14.1399;-1.89194;-1.82398;
10.3121;-0.726477;13.9582;-1.81677;-1.95119;
10.2386;-0.735267;13.7854;-1.72809;-1.97307;
10.1554;-0.831924;13.6001;-1.85271;-1.99284;
10.0926;-0.627348;13.4045;-1.95604;-1.88116;
10.022;-0.705786;13.2179;-1.86586;-1.93243;
9.94167;-0.803754;13.0214;-1.96525;-1.95902;
9.86389;-0.77781;12.8362;-1.85187;-1.96844;
9.7716;-0.922905;12.6224;-2.13761;-1.97837;
9.68823;-0.833645;12.4386;-1.8387;-1.99646;
9.60734;-0.808957;12.2635;-1.75093;-2.0036;
9.5118;-0.955356;12.073;-1.90464;-2.03572;
9.44852;-0.632833;11.8952;-1.77828;-1.91269;
9.38342;-0.651028;11.7015;-1.93659;-1.8951;
9.30868;-0.747379;11.5172;-1.84322;-1.95601;
9.24062;-0.680529;11.3255;-1.91715;-1.91189;
9.17143;-0.691946;11.1273;-1.98136;-1.90678;
9.09926;-0.721719;10.9251;-2.02274;-1.91352;
9.03328;-0.659801;10.7433;-1.81731;-1.91906;
8.95565;-0.776233;10.5626;-1.80746;-1.97644;
8.87267;-0.829841;10.3535;-2.09058;-1.94866;
8.80545;-0.672234;10.1761;-1.77437;-1.93294;
8.75292;-0.525246;9.99107;-1.85033;-1.84739;
8.70305;-0.498698;9.80504;-1.86025;-1.83272;
8.63719;-0.658666;9.56371;-2.41334;-1.83723;
8.58841;-0.487774;9.35996;-2.03746;-1.80578;
8.53586;-0.525533;9.1482;-2.11762;-1.81405;
8.46283;-0.730272;8.96186;-1.86336;-1.94431;
8.37387;-0.889572;8.78376;-1.78103;-2.03402;
8.28514;-0.887301;8.60606;-1.77704;-2.03389;
8.18936;-0.95778;8.4405;-1.65554;-2.09528;
8.09234;-0.97023;8.26609;-1.74412;-2.07845;
7.98398;-1.0836;8.0868;-1.79293;-2.11442;
7.87326;-1.10722;7.90199;-1.8481;-2.11056;
7.75351;-1.19746;7.72955;-1.7244;-2.17777;
7.65274;-1.00774;7.56353;-1.66016;-2.11636;
7.54961;-1.03128;7.39179;-1.71737;-2.11158;
