#1 AntPos X;#2 AntPos Y;#3 Distance form nest;#4 Total Distance;#5 Total Y Distance
-8.39678;-5.40412;9.98552;0.196938;-0.143797
-8.5501;-5.55808;10.1979;0.414162;-0.297754
-8.69241;-5.70902;10.3996;0.621602;-0.448694
-8.82566;-5.8569;10.5922;0.820588;-0.596576
-8.95614;-6.00953;10.7855;1.02119;-0.749199
-9.08669;-6.16022;10.978;1.22047;-0.89989
-9.20289;-6.33433;11.1722;1.42771;-1.07401
-9.27959;-6.52851;11.346;1.62583;-1.26818
-9.39139;-6.7031;11.5382;1.83211;-1.44277
-9.49802;-6.87097;11.7227;2.03012;-1.61064
-9.62143;-7.03333;11.918;2.23405;-1.773
-9.75276;-7.19512;12.1197;2.44236;-1.93479
-9.89986;-7.34381;12.3263;2.65005;-2.08348
-10.0398;-7.48149;12.5208;2.84491;-2.22117
-10.1802;-7.6217;12.7172;3.04216;-2.36137
-10.3264;-7.76869;12.9224;3.24853;-2.50837
-10.4667;-7.91141;13.1203;3.44787;-2.65109
-10.6055;-8.05749;13.3192;3.649;-2.79716
-10.7431;-8.20235;13.5164;3.8484;-2.94202
-10.8874;-8.36049;13.7271;4.06232;-3.10016
-11.0099;-8.49147;13.9041;4.24149;-3.23115
-11.143;-8.63489;14.0971;4.43694;-3.37456
-11.2772;-8.78531;14.2954;4.63852;-3.52498
-11.4124;-8.93721;14.4954;4.8418;-3.67689
-11.5423;-9.08192;14.687;5.03625;-3.8216
-11.6782;-9.25626;14.9016;5.25701;-3.99593
-11.7894;-9.38538;15.0691;5.42746;-4.12506
-11.9397;-9.53295;15.2785;5.63727;-4.27262
-12.0774;-9.66546;15.4688;5.8276;-4.40514
-12.2218;-9.79033;15.6596;6.01658;-4.53
-12.3804;-9.93219;15.8721;6.22785;-4.67187
-12.5434;-10.0728;16.0872;6.44118;-4.81248
-12.6944;-10.2034;16.2867;6.63916;-4.94306
-12.8449;-10.3373;16.4879;6.83937;-5.07701
-13.0141;-10.4867;16.7134;7.06369;-5.2264
-13.178;-10.6288;16.9301;7.27906;-5.36845
-13.3243;-10.7607;17.1269;7.47523;-5.50042
-13.474;-10.8902;17.3247;7.67187;-5.62983
-13.6307;-11.0291;17.5338;7.88026;-5.76873
-13.7803;-11.162;17.7338;8.07951;-5.90165
-13.9304;-11.2965;17.9351;8.28034;-6.03618
-14.0796;-11.4355;18.1385;8.4838;-6.17517
-14.2259;-11.57;18.3369;8.68203;-6.30965
-14.3747;-11.7021;18.5357;8.88024;-6.44173
-14.5144;-11.8408;18.7316;9.07703;-6.58045
-14.6572;-11.9825;18.9318;9.27807;-6.72216
-14.7939;-12.1038;19.1144;9.46021;-6.84345
-14.9368;-12.2316;19.306;9.65138;-6.97132
-15.0866;-12.3574;19.5015;9.84584;-7.09711
-15.2379;-12.4869;19.7007;10.0441;-7.22653
-15.4033;-12.6094;19.9062;10.2471;-7.34908
-15.5673;-12.7128;20.0987;10.4357;-7.4525
-15.7371;-12.8193;20.2975;10.6307;-7.55896
-15.9048;-12.926;20.495;10.8246;-7.66564
-16.0744;-13.0248;20.6889;11.0144;-7.76447
-16.2473;-13.1257;20.8868;11.2083;-7.86533
-16.4208;-13.2282;21.0862;11.4039;-7.96784
-16.5758;-13.3058;21.2557;11.5692;-8.04548
-16.7768;-13.4125;21.4792;11.7879;-8.15214
-16.944;-13.518;21.6757;11.9817;-8.2577
-17.0886;-13.6201;21.8524;12.1569;-8.35974
-17.258;-13.7416;22.0607;12.3636;-8.48132
-17.4244;-13.8631;22.2665;12.568;-8.60278
-17.5905;-13.9772;22.4674;12.7671;-8.71686
-17.7486;-14.0865;22.6593;12.9573;-8.82613
-17.9101;-14.1927;22.8518;13.148;-8.93236
-18.1026;-14.2839;23.0594;13.3513;-9.02356
-18.2941;-14.3723;23.2645;13.5523;-9.11199
-18.4782;-14.4541;23.4598;13.7438;-9.19374
-18.6626;-14.5407;23.6585;13.9389;-9.28039
-18.8374;-14.6248;23.8481;14.1254;-9.36443
-19.0127;-14.7569;24.0676;14.3443;-9.49661
-19.1906;-14.8766;24.2816;14.5569;-9.6163
-19.3865;-14.9924;24.5073;14.7805;-9.73206
-19.5732;-15.0841;24.7112;14.9815;-9.82381
-19.7507;-15.1716;24.9051;15.1729;-9.91124
-19.9641;-15.2724;25.1358;15.4005;-10.0121
-20.1315;-15.3631;25.324;15.5867;-10.1028
-20.3098;-15.457;25.5226;15.7834;-10.1966
-20.4837;-15.5598;25.7233;15.9826;-10.2995
-20.6547;-15.6586;25.9193;16.1771;-10.3983
-20.8289;-15.761;26.1199;16.3764;-10.5007
-21.0084;-15.8877;26.3395;16.5954;-10.6274
-21.1725;-16.0043;26.5407;16.7961;-10.744
-21.3355;-16.1088;26.7338;16.9882;-10.8485
-21.5085;-16.218;26.9377;17.1911;-10.9577
-21.6803;-16.3273;27.1407;17.3932;-11.067
-21.8597;-16.4465;27.3557;17.6074;-11.1862
-22.0291;-16.5577;27.5579;17.8089;-11.2973
-22.2187;-16.663;27.7727;18.0223;-11.4026
-22.3873;-16.7632;27.9678;18.2163;-11.5029
-22.5497;-16.8737;28.164;18.412;-11.6134
-22.7061;-17.0006;28.3653;18.6135;-11.7403
-22.8495;-17.1356;28.561;18.8099;-11.8753
-22.996;-17.2743;28.7614;19.011;-12.014
-23.1305;-17.4083;28.9494;19.1999;-12.1479
-23.2611;-17.5593;29.1446;19.3967;-12.299
-23.3896;-17.7066;29.3359;19.5894;-12.4463
-23.5255;-17.8518;29.5319;19.7867;-12.5915
-23.6812;-17.9901;29.7396;19.9949;-12.7298
-23.8286;-18.1246;29.9383;20.1941;-12.8643
-23.9722;-18.2461;30.1262;20.3822;-12.9858
-24.131;-18.3763;30.3314;20.5875;-13.116
-24.296;-18.5147;30.5465;20.8029;-13.2543
-24.4385;-18.6837;30.7623;21.0205;-13.4234
-24.569;-18.8363;30.9588;21.2184;-13.576
-24.6836;-18.9881;31.142;21.4035;-13.7277
-24.7947;-19.1524;31.3303;21.5943;-13.8921
-24.9019;-19.3204;31.518;21.7846;-14.0601
-25.0207;-19.489;31.7152;21.9841;-14.2287
-25.1554;-19.6445;31.9171;22.1875;-14.3842
-25.2847;-19.7896;32.1083;22.38;-14.5293
-25.4178;-19.9403;32.306;22.5791;-14.6799
-25.5557;-20.0901;32.507;22.7812;-14.8297
-25.6869;-20.2443;32.7055;22.9813;-14.984
-25.7744;-20.4174;32.8814;23.1605;-15.157
-25.8755;-20.5927;33.0697;23.3519;-15.3324
-25.9578;-20.7527;33.2337;23.5191;-15.4924
-26.0492;-20.9309;33.4165;23.7054;-15.6706
-26.1415;-21.1221;33.6083;23.9011;-15.8617
-26.2108;-21.3008;33.7747;24.0718;-16.0405
-26.2698;-21.4827;33.9354;24.2371;-16.2224
-26.3099;-21.671;34.0858;24.3932;-16.4107
-26.3524;-21.8615;34.2399;24.553;-16.6011
-26.3994;-22.0472;34.3949;24.7135;-16.7869
-26.4409;-22.2573;34.5617;24.887;-16.997
-26.4851;-22.4681;34.7315;25.0635;-17.2078
-26.5225;-22.6642;34.8871;25.2256;-17.4038
-26.5532;-22.8513;35.0322;25.3772;-17.591
-26.5958;-23.037;35.1858;25.5369;-17.7767
-26.6343;-23.2263;35.339;25.6965;-17.9659
-26.6862;-23.417;35.5036;25.8671;-18.1566
-26.7331;-23.6068;35.6643;26.034;-18.3465
-26.7825;-23.7981;35.8281;26.204;-18.5378
-26.8265;-23.9754;35.9789;26.3607;-18.7151
-26.8491;-24.1671;36.1237;26.513;-18.9068
-26.8925;-24.3553;36.2821;26.6778;-19.095
-26.9505;-24.5583;36.4615;26.8638;-19.2979
-27.0049;-24.7449;36.6276;27.0359;-19.4846
-27.0596;-24.9614;36.8143;27.23;-19.7011
-27.1075;-25.1603;36.9846;27.4072;-19.9
-27.1586;-25.3522;37.1526;27.5818;-20.0918
-27.2269;-25.5817;37.3595;27.796;-20.3214
-27.294;-25.7953;37.5547;27.9981;-20.535
-27.3543;-25.9661;37.716;28.1645;-20.7058
-27.4251;-26.1475;37.8923;28.3459;-20.8871
-27.5051;-26.343;38.0852;28.5441;-21.0826
-27.5847;-26.5191;38.2646;28.7279;-21.2588
-27.6834;-26.7008;38.4617;28.9288;-21.4404
-27.8006;-26.8635;38.6591;29.1281;-21.6032
-27.9247;-27.0319;38.8653;29.3363;-21.7716
-28.0156;-27.1981;39.0463;29.5205;-21.9377
-28.1117;-27.3717;39.2362;29.7139;-22.1114
-28.2234;-27.5428;39.4356;29.9158;-22.2824
-28.3303;-27.7119;39.6302;30.1131;-22.4516
-28.4336;-27.8916;39.8298;30.316;-22.6313
-28.5384;-28.067;40.0274;30.5167;-22.8067
-28.6366;-28.231;40.2125;30.7045;-22.9707
-28.7208;-28.3913;40.385;30.8803;-23.1309
-28.8145;-28.579;40.5837;31.083;-23.3187
-28.9048;-28.753;40.7704;31.2733;-23.4927
-29.0007;-28.9276;40.9615;31.4678;-23.6673
-29.1172;-29.0945;41.1619;31.6702;-23.8342
-29.233;-29.2715;41.3689;31.8796;-24.0112
-29.3429;-29.424;41.5545;32.0668;-24.1637
-29.4604;-29.589;41.7543;32.2684;-24.3287
-29.5925;-29.7781;41.9816;32.4977;-24.5178
-29.7338;-29.9231;42.184;32.6999;-24.6627

-29.8644;29.922;42.2754;32.9024;-24.8177

29.9996;29.7565;42.2543;33.1166;-24.9832
29.8645;29.6009;42.0488;33.3226;-25.1388
29.7177;29.4575;41.8436;33.5272;-25.2821
29.5754;29.3168;41.6435;33.7267;-25.4229
29.4336;29.1803;41.4466;33.9229;-25.5594
29.2939;29.037;41.2466;34.1226;-25.7026
29.1673;28.8597;41.0319;34.3395;-25.88
29.0723;28.7176;40.8644;34.509;-26.0221
28.9705;28.5466;40.6719;34.7048;-26.1931
28.8618;28.3706;40.4709;34.909;-26.3691
28.7541;28.1956;40.2714;35.1118;-26.5441
28.6661;28.0405;40.1001;35.2866;-26.6991
28.5655;27.8667;39.9066;35.484;-26.873
28.4658;27.6939;39.7147;35.6799;-27.0458
28.3639;27.5209;39.5211;35.8775;-27.2187
28.2604;27.347;39.3257;36.0769;-27.3926
28.1543;27.1713;39.1273;36.2794;-27.5683
28.0663;26.9825;38.9329;36.4801;-27.7572
27.9653;26.8014;38.7346;36.6835;-27.9382
27.8633;26.6361;38.5467;36.8755;-28.1036
27.7902;26.483;38.3881;37.0395;-28.2567
27.6971;26.3032;38.1967;37.2369;-28.4365
27.5976;26.1473;38.0172;37.4202;-28.5924
27.4877;25.9779;37.8209;37.6206;-28.7618
27.3904;25.8206;37.6422;37.8036;-28.9191
27.2772;25.6625;37.4514;37.9974;-29.0772
27.1498;25.4974;37.2455;38.2058;-29.2423
27.0374;25.337;37.0538;38.4009;-29.4027
26.9239;25.1797;36.8635;38.5943;-29.5599
26.7927;24.9988;36.6441;38.8172;-29.7409
26.6779;24.8233;36.4405;39.0254;-29.9164
26.5552;24.655;36.236;39.2333;-30.0847
26.4394;24.46;36.0186;39.4571;-30.2797
26.3374;24.2951;35.8317;39.6491;-30.4446
26.2329;24.1255;35.64;39.8463;-30.6142
26.1296;23.9522;35.4467;40.0455;-30.7874
26.0243;23.7632;35.2414;40.2582;-30.9765
25.957;23.5779;35.0668;40.4439;-31.1618
25.8908;23.3887;34.8908;40.6318;-31.3509
25.8253;23.1996;34.7155;40.8196;-31.5401
25.7687;23.0207;34.554;40.9937;-31.7189
25.6821;22.8222;34.3573;41.2022;-31.9174
25.6043;22.6552;34.1883;41.3808;-32.0845
25.503;22.4793;33.9959;41.5812;-32.2604
25.4157;22.309;33.8179;41.7684;-32.4307
25.3229;22.1321;33.6315;41.9643;-32.6076
25.2507;21.9446;33.4539;42.1555;-32.7951
25.1375;21.7632;33.2495;42.3677;-32.9765
25.0152;21.6;33.0503;42.5715;-33.1397
24.9003;21.4414;32.8597;42.7671;-33.2983
24.7796;21.2658;32.6536;42.9796;-33.4739
24.6646;21.1045;32.4614;43.1773;-33.6352
24.5585;20.9381;32.2726;43.3735;-33.8016
24.451;20.7578;32.0739;43.5814;-33.9819
24.3495;20.5849;31.8848;43.7797;-34.1547
24.238;20.4324;31.7012;43.9684;-34.3073
24.0971;20.269;31.4881;44.1841;-34.4707
23.951;20.1215;31.2814;44.3906;-34.6182
23.8035;19.9887;31.083;44.5865;-34.751
23.6753;19.8634;30.9043;44.7644;-34.8763
23.5394;19.7384;30.7199;44.947;-35.0012
23.3936;19.6008;30.5197;45.1456;-35.1388
23.2365;19.4736;30.3176;45.3433;-35.2661
23.0795;19.3484;30.1168;45.5394;-35.3913
22.9321;19.2221;29.9228;45.7303;-35.5176
22.7795;19.0863;29.7185;45.932;-35.6534
22.6337;18.9475;29.5176;46.1316;-35.7922
22.4974;18.8236;29.3336;46.3138;-35.9161
22.3192;18.6767;29.1027;46.5402;-36.063
22.1722;18.5431;28.9042;46.7367;-36.1966
22.03;18.4234;28.7183;46.9193;-36.3163
21.872;18.3004;28.5183;47.1146;-36.4392
21.7087;18.186;28.3195;47.3067;-36.5537
21.558;18.0806;28.1364;47.4837;-36.6591
21.3918;17.9872;27.949;47.6616;-36.7525
21.208;17.8729;27.7348;47.8668;-36.8667
21.0403;17.77;27.5402;48.0531;-36.9697
20.8776;17.6641;27.3477;48.2385;-37.0756
20.7081;17.5552;27.148;48.4306;-37.1845
20.5406;17.4425;26.9473;48.6245;-37.2971
20.3644;17.3368;26.7446;48.8187;-37.4029
20.1867;17.2467;26.5509;49.002;-37.493
20.0017;17.1725;26.3621;49.178;-37.5672
19.8163;17.0979;26.173;49.3547;-37.6418
19.6161;17.0395;25.9834;49.5289;-37.7002
19.4158;16.9791;25.7927;49.7049;-37.7606
19.2517;16.9219;25.6316;49.8551;-37.8178
19.0482;16.8324;25.4197;50.0557;-37.9072
18.8614;16.7539;25.2279;50.2372;-37.9858
18.6781;16.6769;25.0398;50.4155;-38.0628
18.4997;16.603;24.8576;50.5883;-38.1367
18.3421;16.5315;24.6926;50.7458;-38.2082
18.1507;16.4569;24.5006;50.928;-38.2828
17.9695;16.3924;24.3231;51.0961;-38.3473
17.7828;16.3167;24.1343;51.2764;-38.423
17.5926;16.2397;23.9421;51.4601;-38.5
17.3906;16.171;23.7473;51.6456;-38.5687
17.2026;16.1063;23.5657;51.819;-38.6334
16.9963;16.0607;23.3842;51.9907;-38.679
16.7914;16.0254;23.2113;52.1541;-38.7143
16.5974;16.0009;23.0543;52.3024;-38.7387
16.3966;15.9884;22.9015;52.4467;-38.7513
16.1961;15.9784;22.7513;52.5894;-38.7613
15.9942;15.9622;22.5966;52.738;-38.7775
15.8014;15.9364;22.4422;52.8878;-38.8033
15.5839;15.9039;22.2664;53.0596;-38.8358
15.3939;15.8756;22.1135;53.2099;-38.8641
15.206;15.8619;21.9732;53.3484;-38.8777
14.9993;15.847;21.8199;53.501;-38.8927
14.7902;15.8339;21.6671;53.6543;-38.9058
14.5746;15.8291;21.517;53.8064;-38.9105
14.3835;15.8276;21.3868;53.9397;-38.9121
14.1833;15.8261;21.2516;54.0796;-38.9136
13.9964;15.8038;21.1107;54.2255;-38.9358
13.8016;15.7855;20.9682;54.3744;-38.9542
13.6131;15.7654;20.8294;54.5205;-38.9743
13.4116;15.7485;20.6855;54.6736;-38.9911
13.2093;15.7323;20.5425;54.8271;-39.0073
13.0192;15.7234;20.4139;54.9672;-39.0163
12.8226;15.6983;20.2696;55.1236;-39.0413
12.6117;15.6992;20.1375;55.2722;-39.0405
12.4233;15.6795;20.0047;55.4195;-39.0602
12.239;15.6644;19.8788;55.561;-39.0752
12.0719;15.6417;19.7584;55.6959;-39.098
11.8589;15.6059;19.6005;55.8728;-39.1337
11.6636;15.575;19.4582;56.034;-39.1647
11.4614;15.5381;19.3079;56.2045;-39.2016
11.2648;15.5111;19.17;56.3644;-39.2286
11.0543;15.459;19.0047;56.5519;-39.2806
10.8399;15.3874;18.8222;56.756;-39.3522
10.6397;15.3286;18.6593;56.9411;-39.4111
10.4505;15.2615;18.4966;57.1242;-39.4782
10.2511;15.1881;18.3239;57.319;-39.5515
10.0542;15.0966;18.1382;57.5247;-39.6431
9.88436;15.0227;17.9828;57.6988;-39.717
9.70626;14.9441;17.8196;57.8821;-39.7956
9.5259;14.8577;17.6492;58.0725;-39.882
9.33724;14.7563;17.4623;58.2793;-39.9834
9.15576;14.6543;17.2794;58.4813;-40.0854
8.99159;14.5485;17.1029;58.6734;-40.1912
8.81747;14.4709;16.9456;58.8535;-40.2688
8.63657;14.383;16.7768;59.0455;-40.3567
8.44403;14.3103;16.6158;59.2359;-40.4294
8.25927;14.238;16.4602;59.4202;-40.5017
8.07587;14.1635;16.3042;59.6052;-40.5761
7.90059;14.1027;16.1649;59.7751;-40.637
7.7372;14.0433;16.0337;59.9353;-40.6964
7.52718;13.9625;15.8622;60.1444;-40.7772
7.34463;13.8922;15.7142;60.3264;-40.8475
7.15545;13.8207;15.5631;60.514;-40.919
6.96507;13.749;15.4125;60.7028;-40.9907
6.77107;13.6878;15.271;60.8873;-41.0519
6.56599;13.6216;15.1215;61.0835;-41.1181
6.37008;13.582;15.0017;61.255;-41.1576
6.15504;13.5533;14.8855;61.4337;-41.1863
5.95908;13.5299;14.7841;61.5949;-41.2098
5.76251;13.4995;14.678;61.7614;-41.2401
5.56888;13.4899;14.5942;61.9121;-41.2498
5.34505;13.4967;14.5166;62.0747;-41.243
5.14425;13.5028;14.4496;62.2209;-41.2368
4.94847;13.5092;14.387;62.3634;-41.2305
4.74809;13.4992;14.3099;62.5204;-41.2405
4.58329;13.4782;14.2361;62.6583;-41.2615
4.3897;13.4364;14.1353;62.8315;-41.3033
4.21089;13.421;14.0661;62.9765;-41.3187
4.01413;13.3987;13.9871;63.1397;-41.3409
3.81871;13.3906;13.9245;63.2928;-41.349
3.60292;13.3826;13.8591;63.4616;-41.3571
3.40772;13.3652;13.7928;63.6211;-41.3744
3.19054;13.3631;13.7387;63.7876;-41.3766
2.96329;13.3861;13.7101;63.9459;-41.3536
2.76905;13.4035;13.6865;64.0829;-41.3362
2.57445;13.4229;13.6676;64.2192;-41.3167
2.37881;13.4415;13.6503;64.3572;-41.2982
2.18935;13.4662;13.643;64.4868;-41.2735
1.99213;13.4799;13.6264;64.6297;-41.2597
1.79361;13.504;13.6226;64.7673;-41.2357
1.58178;13.5398;13.6319;64.908;-41.1998
1.38483;13.5674;13.6379;65.0429;-41.1723
1.21036;13.5932;13.647;65.1617;-41.1464
1.00337;13.6225;13.6594;65.3039;-41.1171
0.804795;13.6583;13.682;65.4359;-41.0814
0.627555;13.6992;13.7135;65.5483;-41.0405
0.43817;13.7319;13.7389;65.6756;-41.0078
0.249949;13.7651;13.7673;65.8021;-40.9746
0.0373033;13.7967;13.7968;65.949;-40.943
-0.155654;13.8498;13.8507;66.0674;-40.8898
-0.350545;13.9077;13.9121;66.1849;-40.832
-0.559068;13.9526;13.9638;66.3215;-40.787
-0.763172;13.9731;13.9939;66.47;-40.7666
-0.974668;13.9999;14.0338;66.6208;-40.7398
-1.19712;14.0107;14.0618;66.7903;-40.7289
-1.39256;14.031;14.0999;66.933;-40.7087
-1.5931;14.0454;14.1355;67.0836;-40.6943
-1.79557;14.05;14.1643;67.2419;-40.6897
-2.00644;14.0613;14.2037;67.403;-40.6784
-2.20988;14.0809;14.2532;67.5536;-40.6588
-2.39691;14.1047;14.3069;67.6887;-40.635
-2.58783;14.138;14.3729;67.8216;-40.6016
-2.77627;14.1741;14.4434;67.9511;-40.5656
-2.96352;14.2057;14.5115;68.0825;-40.534
-3.16182;14.239;14.5858;68.2222;-40.5007
-3.36003;14.2963;14.6858;68.3479;-40.4434
-3.55949;14.3471;14.782;68.4788;-40.3926
-3.75298;14.3962;14.8774;68.6062;-40.3434
-3.94718;14.4623;14.9913;68.7247;-40.2773
-4.12281;14.525;15.0987;68.8304;-40.2147
-4.28037;14.5891;15.204;68.921;-40.1506
-4.4801;14.6452;15.3152;69.0508;-40.0944
-4.67626;14.6974;15.4233;69.1804;-40.0423
-4.87237;14.7479;15.5319;69.3113;-39.9918
-5.06523;14.7986;15.6415;69.4397;-39.941
-5.24555;14.8622;15.7608;69.5508;-39.8774
-5.43214;14.9285;15.8861;69.6658;-39.8112
-5.61698;14.9964;16.0138;69.7789;-39.7433
-5.81027;15.0709;16.1522;69.8955;-39.6687
-6.00046;15.1531;16.2979;70.0057;-39.5866
-6.18168;15.2375;16.4437;70.1077;-39.5021
-6.35598;15.3229;16.5889;70.2037;-39.4168
-6.54431;15.4411;16.7706;70.2935;-39.2986
-6.71639;15.5472;16.9359;70.3771;-39.1925
-6.88645;15.6526;17.1005;70.4599;-39.0871
-7.06766;15.781;17.2913;70.5398;-38.9587
-7.23106;15.8753;17.4446;70.6241;-38.8643
-7.41745;15.972;17.6103;70.7268;-38.7677
-7.60395;16.0607;17.7698;70.8344;-38.679
-7.77549;16.1327;17.9087;70.9389;-38.607
-7.95981;16.2094;18.0583;71.052;-38.5303
-8.15266;16.3012;18.2262;71.1645;-38.4385
-8.33321;16.386;18.3833;71.2708;-38.3537
-8.50571;16.4801;18.5457;71.3658;-38.2595
-8.68121;16.5748;18.7106;71.4634;-38.1649
-8.86192;16.6829;18.8906;71.5586;-38.0567
-9.03805;16.7903;19.0683;71.651;-37.9494
-9.20734;16.8841;19.2314;71.7451;-37.8556
-9.38757;16.9877;19.4089;71.8437;-37.752
-9.56525;17.0874;19.5825;71.9427;-37.6523
-9.74316;17.1934;19.7622;72.0391;-37.5463
-9.93254;17.284;19.9347;72.1537;-37.4557
-10.09;17.3679;20.0861;72.2449;-37.3718
-10.2631;17.4658;20.2579;72.3426;-37.2739
-10.4188;17.5723;20.4288;72.4214;-37.1674
-10.5753;17.6868;20.6073;72.4971;-37.0529
-10.7381;17.8246;20.8092;72.5669;-36.9151
-10.888;17.9507;20.9946;72.6321;-36.789
-11.0316;18.079;21.1789;72.6911;-36.6607
-11.1748;18.2105;21.3659;72.7487;-36.5292
-11.3339;18.3588;21.5755;72.8121;-36.3809
-11.4738;18.4879;21.7589;72.8691;-36.2518
-11.6099;18.6257;21.9478;72.9188;-36.114
-11.7515;18.7667;22.1424;72.9722;-35.973
-11.8925;18.9082;22.3372;73.0254;-35.8315
-12.0305;19.057;22.5367;73.0728;-35.6827
-12.16;19.2025;22.7289;73.1151;-35.5372
-12.2815;19.3352;22.9061;73.157;-35.4044
-12.4215;19.4846;23.1072;73.2074;-35.2551
-12.5642;19.6415;23.3163;73.2573;-35.0981
-12.7182;19.785;23.5201;73.3239;-34.9547
-12.8754;19.9244;23.7225;73.3959;-34.8153
-13.019;20.0516;23.9074;73.4623;-34.6881
-13.1848;20.1774;24.1032;73.5492;-34.5623
-13.3386;20.3013;24.2912;73.627;-34.4383
-13.4879;20.426;24.4774;73.7009;-34.3137
-13.6338;20.5533;24.6641;73.771;-34.1864
-13.7843;20.6796;24.8527;73.846;-34.06
-13.9414;20.8013;25.0411;73.9294;-33.9384
-14.1046;20.9111;25.2233;74.0243;-33.8286
-14.2701;21.0195;25.4058;74.1221;-33.7201
-14.4333;21.1222;25.5826;74.2209;-33.6174
-14.5877;21.2066;25.7395;74.3205;-33.533
-14.7624;21.3189;25.9311;74.426;-33.4208
-14.9229;21.434;26.1172;74.5178;-33.3057
-15.0842;21.5491;26.3039;74.611;-33.1906
-15.2349;21.6686;26.4883;74.693;-33.0711
-15.3955;21.7937;26.6831;74.7818;-32.946
-15.5516;21.9175;26.8743;74.8676;-32.8221
-15.7123;22.0706;27.0922;74.9452;-32.6691
-15.8572;22.2085;27.2886;75.0157;-32.5312
-15.9978;22.3665;27.4989;75.0742;-32.3732
-16.1562;22.514;27.7111;75.1538;-32.2257
-16.2947;22.6558;27.907;75.2183;-32.0839
-16.4346;22.7987;28.1048;75.2842;-31.941
-16.5724;22.9435;28.3028;75.3477;-31.7961
-16.7173;23.1046;28.5182;75.4114;-31.6351
-16.8559;23.2535;28.7201;75.475;-31.4862
-17.0087;23.3896;28.9201;75.5573;-31.35
-17.1651;23.5155;29.1138;75.6476;-31.2242
-17.3143;23.6415;29.3036;75.7316;-31.0982
-17.4677;23.7668;29.4954;75.8202;-30.9728
-17.6176;23.8981;29.6901;75.9037;-30.8416
-17.7682;24.03;29.8856;75.988;-30.7097
-17.9053;24.1758;30.0843;76.0546;-30.5639
-18.0567;24.3291;30.2977;76.132;-30.4106
-18.1983;24.4825;30.5053;76.2007;-30.2571
-18.3484;24.6274;30.7111;76.2812;-30.1123
-18.4898;24.7726;30.9121;76.3541;-29.9671
-18.628;24.9159;31.1096;76.4251;-29.8238
-18.7647;25.0643;31.3102;76.4933;-29.6754
-18.9026;25.2145;31.5131;76.5624;-29.5252
-19.0436;25.3471;31.7038;76.6415;-29.3926
-19.1828;25.4817;31.8951;76.7187;-29.258
-19.321;25.62;32.0887;76.794;-29.1197
-19.4624;25.7628;32.2879;76.8708;-28.9768
-19.6004;25.8983;32.4792;76.9478;-28.8414
-19.7469;26.0253;32.6689;77.0362;-28.7143
-19.9123;26.1581;32.8747;77.1404;-28.5816
-20.0675;26.2533;33.0445;77.2494;-28.4864
-20.238;26.358;33.2313;77.3694;-28.3817
-20.418;26.4537;33.417;77.5019;-28.286
-20.5822;26.5205;33.5703;77.6306;-28.2192
-20.7595;26.5863;33.7311;77.7719;-28.1534
-20.962;26.6744;33.9254;77.9289;-28.0653
-21.1466;26.7544;34.1024;78.0725;-27.9853
-21.3269;26.8365;34.2788;78.2114;-27.9031
-21.5073;26.9182;34.4551;78.351;-27.8215
-21.6756;27.0011;34.625;78.479;-27.7386
-21.8524;27.0891;34.8044;78.6134;-27.6506
-22.0495;27.1863;35.0039;78.7639;-27.5534
-22.2296;27.2744;35.1859;78.9019;-27.4653
-22.4178;27.347;35.3612;79.0532;-27.3927
-22.597;27.4105;35.5241;79.1994;-27.3292
-22.7691;27.4774;35.6853;79.3379;-27.2623
-22.9465;27.5558;35.859;79.4777;-27.1838
-23.1295;27.6321;36.0348;79.6237;-27.1075
-23.3159;27.7075;36.2124;79.7734;-27.0322
-23.5065;27.7776;36.3888;79.929;-26.9621
-23.6975;27.8514;36.5688;80.0841;-26.8883
-23.8865;27.9322;36.7529;80.2351;-26.8074
-24.0627;28.0124;36.9284;80.3745;-26.7273
-24.2477;28.0949;37.1116;80.5217;-26.6448
-24.4133;28.1893;37.2914;80.6468;-26.5504
-24.5887;28.2885;37.4812;80.78;-26.4512
-24.7804;28.3992;37.6906;80.925;-26.3405
-24.9571;28.5032;37.8852;81.0583;-26.2365
-25.1165;28.6059;38.0675;81.1761;-26.1338
-25.298;28.7143;38.2688;81.3132;-26.0254
-25.4608;28.8268;38.4608;81.4316;-25.9129
-25.6555;28.9216;38.6609;81.5861;-25.8181
-25.8097;29.0314;38.8454;81.6978;-25.7082
-25.9834;29.1541;39.0525;81.8243;-25.5856
-26.1491;29.2717;39.2506;81.945;-25.4679
-26.3191;29.3989;39.4588;82.0673;-25.3408
-26.4746;29.5235;39.6553;82.1769;-25.2162
-26.6365;29.6589;39.8642;82.2896;-25.0808
-26.7835;29.7794;40.0521;82.393;-24.9603
-26.9389;29.9065;40.2505;82.5028;-24.8331

-27.1093;-29.9752;40.4157;82.6298;-24.7149
-27.2508;-29.8535;40.4207;82.7286;-24.5931
-27.3999;-29.7215;40.4243;82.8319;-24.4611
-27.5499;-29.5885;40.4286;82.9361;-24.3282
-27.7092;-29.4597;40.4434;83.0507;-24.1994
-27.865;-29.3343;40.4594;83.1635;-24.074
-28.0247;-29.2239;40.4898;83.2845;-23.9636
-28.1754;-29.1071;40.5102;83.3953;-23.8468
-28.3338;-28.9846;40.5329;83.5123;-23.7243
-28.5062;-28.8674;40.5701;83.6444;-23.6071
-28.6711;-28.7266;40.5863;83.7631;-23.4662
-28.812;-28.6002;40.5968;83.8631;-23.3399
-28.9555;-28.4683;40.6062;83.9644;-23.208
-29.1034;-28.3444;40.6252;84.0724;-23.084
-29.257;-28.2591;40.6762;84.1968;-22.9988
-29.4367;-28.1521;40.7315;84.3405;-22.8917
-29.6091;-28.0502;40.7861;84.4789;-22.7899
-29.7915;-27.9506;40.8506;84.6278;-22.6903
-29.96;-27.8404;40.8985;84.7608;-22.5801

29.8656;-27.7369;40.7589;84.9015;-22.4766
29.7099;-27.6364;40.5765;85.0251;-22.3761
29.5332;-27.5243;40.3707;85.1662;-22.264
29.3579;-27.4051;40.1612;85.3044;-22.1447
29.1645;-27.2894;39.941;85.4612;-22.0291
28.9822;-27.1802;39.7333;85.6094;-21.9199
28.7818;-27.07;39.5118;85.775;-21.8097
28.6051;-26.9742;39.3174;85.9217;-21.7138
28.4199;-26.8633;39.1066;86.073;-21.603
28.2676;-26.7427;38.913;86.1903;-21.4823
28.1131;-26.6217;38.7177;86.3099;-21.3614
27.9528;-26.4987;38.5167;86.4349;-21.2384
27.7896;-26.3805;38.317;86.5642;-21.1202
27.6427;-26.268;38.133;86.6793;-21.0077
27.5055;-26.1326;37.9403;86.7798;-20.8723
27.3752;-26.0034;37.7569;86.8753;-20.7431
27.24;-25.8613;37.561;86.9728;-20.601
27.0913;-25.716;37.353;87.0831;-20.4556
26.9457;-25.5753;37.1506;87.1917;-20.315
26.801;-25.4404;36.9528;87.3012;-20.1801
26.6682;-25.301;36.7605;87.3983;-20.0407
26.5514;-25.153;36.5739;87.4782;-19.8927
26.4143;-24.9989;36.3684;87.5769;-19.7386
26.2853;-24.8482;36.1711;87.6687;-19.5878
26.1491;-24.6789;35.9558;87.7639;-19.4186
26.0245;-24.5179;35.7547;87.85;-19.2575
25.912;-24.3576;35.5629;87.9248;-19.0972
25.7966;-24.1935;35.3665;88.002;-18.9332
25.6821;-24.0287;35.1702;88.0786;-18.7683
25.5641;-23.8686;34.9747;88.1599;-18.6082
25.4698;-23.7194;34.804;88.2208;-18.459
25.365;-23.5711;34.6262;88.2924;-18.3107
25.2655;-23.416;34.4478;88.3577;-18.1557
25.1557;-23.2471;34.2525;88.4306;-17.9867
25.0478;-23.0718;34.0544;88.5009;-17.8115
24.9509;-22.9033;33.8689;88.5621;-17.6429
24.8348;-22.7183;33.6584;88.6392;-17.458
24.7176;-22.547;33.4563;88.7206;-17.2867
24.6061;-22.3828;33.2634;88.7981;-17.1225
24.4944;-22.2169;33.0691;88.8759;-16.9566
24.366;-22.0444;32.8581;88.9693;-16.784
24.242;-21.8843;32.6588;89.0611;-16.624
24.1061;-21.7335;32.4569;89.1665;-16.4731
23.9689;-21.6047;32.2688;89.2777;-16.3444
23.8246;-21.4899;32.0847;89.3987;-16.2296
23.6582;-21.3655;31.8778;89.5399;-16.1051
23.5023;-21.2453;31.6816;89.6717;-15.985
23.3325;-21.1302;31.4784;89.8184;-15.8699
23.1719;-21.0059;31.276;89.9546;-15.7456
22.998;-20.8665;31.0535;90.1016;-15.6062
22.8547;-20.7289;30.8549;90.2191;-15.4686
22.7145;-20.5878;30.6562;90.3332;-15.3274
22.5688;-20.4546;30.4588;90.4542;-15.1942
22.4259;-20.3473;30.2809;90.5772;-15.087
22.2688;-20.2242;30.0819;90.7117;-14.9639
22.1183;-20.1246;29.9035;90.8438;-14.8643
21.9586;-20.0198;29.7148;90.9843;-14.7595
21.8004;-19.8908;29.511;91.1197;-14.6305
21.6387;-19.733;29.2853;91.254;-14.4727
21.5198;-19.5804;29.0946;91.3474;-14.3201
21.3884;-19.425;28.8929;91.4529;-14.1647
21.2583;-19.2724;28.6939;91.5581;-14.012
21.1253;-19.1148;28.4896;91.6655;-13.8545
20.9903;-18.9502;28.279;91.7743;-13.6898
20.8478;-18.7899;28.0659;91.8914;-13.5296
20.7137;-18.6396;27.8656;92.0021;-13.3793
20.6024;-18.5015;27.6905;92.0922;-13.2412
20.4712;-18.3516;27.4928;92.2007;-13.0913
20.3525;-18.2099;27.3098;92.2982;-12.9496
20.2266;-18.0444;27.1056;92.3998;-12.784
20.1008;-17.9164;26.9266;92.5068;-12.6561
19.9533;-17.7989;26.7383;92.637;-12.5386
19.7996;-17.701;26.5584;92.776;-12.4406
19.6233;-17.6071;26.3645;92.9382;-12.3468
19.448;-17.5141;26.1719;93.0997;-12.2538
19.2375;-17.4359;25.9633;93.2982;-12.1756
19.0514;-17.3663;25.7787;93.4736;-12.1059
18.8573;-17.3036;25.5932;93.658;-12.0432
18.6771;-17.2308;25.4113;93.8274;-11.9705
18.503;-17.1447;25.2251;93.9891;-11.8844
18.2996;-17.0529;25.0135;94.1794;-11.7926
18.1086;-16.9865;24.8286;94.3606;-11.7261
17.9227;-16.9305;24.6549;94.5382;-11.6702
17.7328;-16.8856;24.4862;94.7211;-11.6252
17.5374;-16.8374;24.3117;94.9091;-11.5771
17.3304;-16.7726;24.1177;95.1067;-11.5122
17.1141;-16.7086;23.918;95.3137;-11.4483
16.9506;-16.6616;23.7683;95.4704;-11.4013
16.7526;-16.6102;23.5912;95.6609;-11.3498
16.5541;-16.5585;23.4141;95.8519;-11.2982
16.3531;-16.5057;23.2349;96.0453;-11.2454
16.1585;-16.4529;23.0607;96.2324;-11.1926
15.9735;-16.4067;22.8983;96.4108;-11.1464
15.7794;-16.3577;22.728;96.5979;-11.0974
15.5915;-16.3408;22.5858;96.7827;-11.0805
15.3897;-16.3231;22.4341;96.9811;-11.0628
15.1876;-16.3022;22.2806;97.1795;-11.0419
14.9717;-16.2461;22.0927;97.3877;-10.9858
14.7733;-16.1923;21.919;97.5788;-10.932
14.5763;-16.1479;21.7536;97.7696;-10.8875
14.3602;-16.1008;21.5743;97.9791;-10.8405
14.1813;-16.0193;21.3946;98.148;-10.759
13.9953;-15.9669;21.2323;98.3271;-10.7066
13.8012;-15.9012;21.0552;98.5129;-10.6408
13.596;-15.8311;20.868;98.7094;-10.5707
13.3989;-15.7774;20.6992;98.8997;-10.517
13.2067;-15.7243;20.5346;99.0852;-10.464
13.0185;-15.6712;20.3732;99.2667;-10.4108
12.8235;-15.6152;20.2059;99.4548;-10.3549
12.6378;-15.5593;20.0451;99.6337;-10.299
12.4719;-15.5011;19.8955;99.7928;-10.2407
12.2844;-15.4375;19.7287;99.9728;-10.1772
12.0955;-15.3692;19.558;100.154;-10.1089
11.9332;-15.298;19.4018;100.308;-10.0377
11.7492;-15.2172;19.2251;100.483;-9.95685
11.5821;-15.1375;19.0602;100.642;-9.87722
11.4155;-15.0635;18.9004;100.8;-9.8032
11.2472;-14.9964;18.7454;100.961;-9.73603
11.0585;-14.9324;18.5813;101.143;-9.67204
10.8853;-14.8734;18.4312;101.31;-9.61307
10.6893;-14.8095;18.2642;101.499;-9.54913
10.5061;-14.7454;18.1054;101.675;-9.48512
10.3136;-14.6874;17.9469;101.861;-9.4271
10.1249;-14.6403;17.8004;102.045;-9.37997
9.91777;-14.5793;17.6328;102.246;-9.31893
9.72973;-14.5289;17.4859;102.428;-9.26856
9.53754;-14.4718;17.332;102.615;-9.21145
9.33032;-14.4276;17.1817;102.817;-9.16724
9.13529;-14.3897;17.0446;103.008;-9.12941
8.94998;-14.3503;16.9126;103.189;-9.09002
8.75436;-14.3091;16.7747;103.38;-9.04882
8.57694;-14.2567;16.6378;103.552;-8.99633
8.40228;-14.2104;16.5086;103.722;-8.95008
8.22517;-14.1638;16.3789;103.895;-8.90352
8.01244;-14.1198;16.2348;104.103;-8.85952
7.81356;-14.073;16.0966;104.297;-8.81263
7.63845;-14.0238;15.9692;104.468;-8.76352
7.44919;-13.9731;15.8347;104.652;-8.71274
7.25348;-13.9316;15.7067;104.843;-8.67124
7.05757;-13.9086;15.5968;105.037;-8.64828
6.85967;-13.8743;15.4774;105.231;-8.61393
6.66791;-13.843;15.3652;105.42;-8.58268
6.48314;-13.8041;15.2507;105.601;-8.54379
6.28451;-13.7637;15.1305;105.796;-8.50334
6.09785;-13.7326;15.0256;105.979;-8.47228
5.92584;-13.7195;14.9446;106.15;-8.45918
5.7266;-13.7043;14.8527;106.347;-8.44398
5.51088;-13.6725;14.7413;106.559;-8.41217
5.28945;-13.6432;14.6327;106.778;-8.38287
5.08483;-13.6122;14.5309;106.979;-8.3519
4.88289;-13.5815;14.4326;107.178;-8.32113
4.68633;-13.5523;14.3397;107.372;-8.29196
4.49333;-13.5174;14.2446;107.562;-8.25706
4.29832;-13.4771;14.146;107.753;-8.2168
4.10316;-13.4515;14.0634;107.946;-8.19122
3.89166;-13.4254;13.9781;108.155;-8.1651
3.70116;-13.4037;13.9053;108.343;-8.14337
3.52689;-13.3779;13.835;108.515;-8.11759
3.32879;-13.3462;13.755;108.71;-8.08584
3.13069;-13.315;13.6781;108.905;-8.05471
2.93829;-13.3141;13.6345;109.097;-8.05376
2.74228;-13.2966;13.5765;109.291;-8.0363
2.53763;-13.2546;13.4953;109.492;-7.99424
2.34303;-13.2093;13.4155;109.683;-7.94899
2.16004;-13.1717;13.3476;109.863;-7.91137
1.96226;-13.1255;13.2713;110.057;-7.86513
1.76462;-13.0811;13.1995;110.251;-7.82073
1.56904;-13.0359;13.13;110.443;-7.77556
1.37571;-12.987;13.0596;110.632;-7.72665
1.18412;-12.9457;12.9997;110.82;-7.68534
0.98771;-12.9031;12.9408;111.013;-7.64277
0.769098;-12.8624;12.8854;111.229;-7.60209
0.572035;-12.8256;12.8384;111.423;-7.56528
0.361438;-12.7972;12.8023;111.631;-7.53692
0.165541;-12.7697;12.7708;111.825;-7.5094
-0.0263385;-12.7324;12.7324;112.014;-7.47209
-0.207242;-12.6921;12.6938;112.191;-7.43175
-0.400806;-12.6478;12.6542;112.382;-7.38752
-0.588558;-12.5922;12.606;112.565;-7.33191
-0.76989;-12.538;12.5616;112.743;-7.27769
-0.959603;-12.4814;12.5182;112.928;-7.22103
-1.16343;-12.4209;12.4753;113.128;-7.16056
-1.36443;-12.3506;12.4258;113.324;-7.0903
-1.55711;-12.292;12.3902;113.513;-7.03169
-1.7638;-12.2292;12.3557;113.715;-6.96887
-1.94521;-12.1993;12.3534;113.895;-6.93899
-2.14352;-12.1752;12.3624;114.091;-6.91482
-2.33094;-12.1286;12.3506;114.275;-6.86828
-2.54144;-12.1068;12.3706;114.484;-6.84645
-2.72747;-12.0819;12.3859;114.668;-6.82155
-2.92008;-12.064;12.4123;114.86;-6.80363
-3.11509;-12.0586;12.4545;115.054;-6.79831
-3.3208;-12.0706;12.519;115.26;-6.81023
-3.53401;-12.1007;12.6062;115.475;-6.84038
-3.73274;-12.1292;12.6906;115.675;-6.86884
-3.92985;-12.1596;12.7789;115.873;-6.89925
-4.13581;-12.1802;12.8633;116.08;-6.91992
-4.33901;-12.1956;12.9444;116.284;-6.93523
-4.53198;-12.2099;13.0238;116.477;-6.94955
-4.73437;-12.2163;13.1016;116.68;-6.95595
-4.93893;-12.233;13.1924;116.885;-6.97263
-5.14324;-12.254;13.2896;117.09;-6.99371
-5.34968;-12.2732;13.3884;117.297;-7.01284
-5.54778;-12.2946;13.4883;117.496;-7.03424
-5.76002;-12.3123;13.5931;117.709;-7.05201
-5.95537;-12.3349;13.6973;117.906;-7.07455
-6.15167;-12.3469;13.7945;118.102;-7.08654
-6.35086;-12.3522;13.8892;118.301;-7.09185
-6.55084;-12.3575;13.9864;118.501;-7.09713
-6.743;-12.3898;14.1059;118.695;-7.12947
-6.94979;-12.4481;14.2568;118.905;-7.18782
-7.15438;-12.511;14.4121;119.113;-7.25063
-7.34901;-12.5705;14.5611;119.311;-7.31019
-7.53465;-12.6031;14.6836;119.498;-7.34275
-7.70317;-12.6418;14.8038;119.669;-7.38144
-7.90336;-12.6926;14.9521;119.872;-7.43225
-8.09226;-12.7281;15.0828;120.063;-7.4678
-8.25619;-12.7673;15.2042;120.229;-7.50699
-8.45149;-12.7834;15.3246;120.424;-7.52306
-8.6506;-12.8012;15.45;120.624;-7.54087
-8.83073;-12.8404;15.5839;120.807;-7.58005
-9.01922;-12.891;15.7329;120.998;-7.63064
-9.21455;-12.975;15.9141;121.198;-7.71468
-9.39091;-13.0547;16.0815;121.379;-7.79433
-9.56223;-13.1493;16.2586;121.556;-7.88902
-9.73312;-13.2422;16.4344;121.733;-7.98184
-9.91631;-13.3355;16.6183;121.922;-8.07517
-10.1012;-13.4327;16.8069;122.113;-8.17239
-10.2904;-13.5226;16.9928;122.308;-8.2623
-10.4863;-13.6193;17.1886;122.51;-8.359
-10.6498;-13.6985;17.3513;122.678;-8.43822
-10.8509;-13.7767;17.5368;122.884;-8.51642
-11.042;-13.8534;17.7156;123.08;-8.59303
-11.2258;-13.9291;17.8896;123.269;-8.6688
-11.4251;-14.0085;18.0768;123.473;-8.74817
-11.608;-14.0641;18.2358;123.66;-8.80379
-11.7969;-14.1236;18.4022;123.852;-8.86329
-11.9831;-14.1559;18.5469;124.04;-8.89562
-12.1915;-14.2022;18.7173;124.251;-8.94188
-12.3895;-14.2462;18.88;124.452;-8.98586
-12.5931;-14.323;19.0719;124.661;-9.06268
-12.7835;-14.3942;19.2512;124.856;-9.13387
-12.9805;-14.4731;19.4413;125.058;-9.21275
-13.1639;-14.5476;19.6194;125.246;-9.2873
-13.3322;-14.6163;19.7834;125.419;-9.35593
-13.5098;-14.6932;19.9601;125.602;-9.43284
-13.6849;-14.7517;20.1219;125.781;-9.49141
-13.8862;-14.8088;20.3009;125.986;-9.54843
-14.0797;-14.8625;20.4727;126.183;-9.60215
-14.2787;-14.9156;20.6484;126.386;-9.6553
-14.4886;-14.9587;20.825;126.598;-9.69833
-14.6826;-15.007;20.9949;126.796;-9.74666
-14.8623;-15.0669;21.1637;126.979;-9.80657
-15.0626;-15.1308;21.35;127.184;-9.8705
-15.2565;-15.1934;21.5314;127.382;-9.93309
-15.4553;-15.2583;21.7182;127.585;-9.99796
-15.6378;-15.3085;21.8836;127.771;-10.0482
-15.8332;-15.3566;22.0571;127.97;-10.0963
-16.0267;-15.4037;22.229;128.166;-10.1434
-16.2259;-15.4494;22.4045;128.369;-10.1891
-16.4141;-15.4717;22.5565;128.558;-10.2113
-16.6062;-15.4719;22.6968;128.75;-10.2115
-16.8035;-15.4651;22.8369;128.946;-10.2047
-16.9988;-15.4543;22.9738;129.14;-10.194
-17.2137;-15.4191;23.1097;129.351;-10.1588
-17.392;-15.3739;23.2129;129.525;-10.1136
-17.5832;-15.3264;23.3253;129.712;-10.0661
-17.7757;-15.2769;23.4384;129.9;-10.0166
-17.9678;-15.2161;23.5451;130.087;-9.95575
-18.1603;-15.1359;23.6409;130.273;-9.87554
-18.3524;-15.0449;23.731;130.458;-9.78458
-18.5347;-14.9457;23.8099;130.632;-9.68534
-18.7123;-14.8511;23.8895;130.802;-9.59082
-18.8893;-14.7564;23.9699;130.972;-9.49607
-19.0639;-14.6572;24.0471;131.139;-9.39683
-19.2391;-14.5583;24.1265;131.306;-9.29799
-19.4186;-14.4763;24.2208;131.48;-9.21596
-19.6017;-14.3789;24.3101;131.656;-9.11861
-19.7871;-14.292;24.4088;131.835;-9.03167
-19.973;-14.1995;24.5061;132.014;-8.93918
-20.1399;-14.1132;24.5927;132.175;-8.85283
-20.3176;-14.0222;24.6866;132.346;-8.76188
-20.4954;-13.9311;24.7818;132.517;-8.67075
-20.6679;-13.8411;24.8745;132.683;-8.58079
-20.8426;-13.7499;24.9695;132.852;-8.48958
-21.0248;-13.6795;25.0832;133.029;-8.41914
-21.2195;-13.6171;25.2129;133.22;-8.35674
-21.4007;-13.5606;25.3354;133.397;-8.30024
-21.5955;-13.4862;25.4606;133.587;-8.2259
-21.7797;-13.4174;25.5809;133.766;-8.15707
-21.9364;-13.3673;25.6883;133.92;-8.10693
-22.1214;-13.3084;25.8161;134.101;-8.04811
-22.3151;-13.2483;25.9515;134.291;-7.98794
-22.4797;-13.2143;26.0759;134.453;-7.95401
-22.6637;-13.1696;26.2122;134.634;-7.90925
-22.8624;-13.1255;26.3622;134.83;-7.86514
-23.0583;-13.0903;26.5149;135.023;-7.82993
-23.2596;-13.0607;26.6756;135.223;-7.80036
-23.4558;-13.0422;26.8379;135.417;-7.78185
-23.6534;-13.0429;27.0111;135.615;-7.78253
-23.8396;-13.04;27.1729;135.8;-7.77969
-24.0432;-13.0371;27.3503;136.003;-7.77673
-24.2354;-13.0301;27.5162;136.195;-7.76976
-24.4367;-13.0114;27.6848;136.395;-7.75108
-24.6331;-12.9918;27.8492;136.59;-7.73143
-24.8337;-12.9772;28.02;136.789;-7.71684
-25.0407;-12.953;28.1925;136.995;-7.69267
-25.2376;-12.927;28.3557;137.19;-7.66671
-25.4358;-12.896;28.5182;137.386;-7.63567
-25.6242;-12.8723;28.6757;137.573;-7.61195
-25.8312;-12.8429;28.8477;137.778;-7.58256
-26.0189;-12.8157;29.0039;137.964;-7.55542
-26.2095;-12.7935;29.1653;138.153;-7.5332
-26.4078;-12.7469;29.3233;138.348;-7.48662
-26.6099;-12.714;29.4912;138.548;-7.45365
-26.7998;-12.6787;29.6475;138.736;-7.41834
-26.9981;-12.6346;29.8082;138.932;-7.37425
-27.1846;-12.5897;29.9584;139.116;-7.32936
-27.3778;-12.5386;30.1124;139.306;-7.27824
-27.5927;-12.5057;30.2944;139.519;-7.24537
-27.8028;-12.4729;30.4725;139.727;-7.21254
-27.9909;-12.4576;30.6379;139.914;-7.1973
-28.1848;-12.4405;30.8083;140.107;-7.18022
-28.3976;-12.4133;30.9921;140.318;-7.15298
-28.5915;-12.3978;31.1638;140.511;-7.13752
-28.7917;-12.3766;31.3391;140.71;-7.1163
-28.9919;-12.3423;31.5098;140.908;-7.08199
-29.1816;-12.289;31.6636;141.095;-7.02868
-29.3687;-12.2676;31.8279;141.28;-7.0073
-29.5672;-12.2467;32.0032;141.478;-6.98638
-29.7627;-12.2315;32.1781;141.672;-6.97115
-29.9739;-12.2163;32.3677;141.882;-6.95594

29.837;-12.1797;32.2272;142.069;-6.9194
29.6386;-12.1406;32.0287;142.266;-6.8803
29.4441;-12.1072;31.8361;142.458;-6.84683
29.2429;-12.0759;31.6382;142.658;-6.81558
29.0514;-12.0235;31.4412;142.847;-6.76321
28.8529;-11.9753;31.2394;143.043;-6.71496
28.6532;-11.9213;31.0342;143.24;-6.66096
28.4599;-11.8692;30.8358;143.43;-6.60888
28.2776;-11.8346;30.6542;143.611;-6.5743
28.075;-11.7954;30.4522;143.811;-6.53508
27.8866;-11.7554;30.263;143.998;-6.49508
27.6945;-11.7186;30.0718;144.188;-6.45829
27.4821;-11.6917;29.8658;144.399;-6.43139
27.2745;-11.6594;29.6621;144.605;-6.39904
27.0614;-11.6328;29.4557;144.817;-6.37246
26.8601;-11.617;29.2646;145.017;-6.35667
26.6818;-11.6134;29.0996;145.195;-6.35303
26.4695;-11.6043;28.9014;145.407;-6.34394
26.2754;-11.603;28.7233;145.601;-6.34266
26.0754;-11.5993;28.539;145.8;-6.33902
25.8722;-11.589;28.3491;146.003;-6.3287
25.6644;-11.5818;28.1567;146.21;-6.3215
25.4971;-11.5928;28.0089;146.378;-6.33248
25.2895;-11.6002;27.8231;146.585;-6.33983
25.0868;-11.6024;27.6399;146.788;-6.3421
24.8844;-11.6006;27.4556;146.99;-6.34031
24.6797;-11.5999;27.2698;147.195;-6.33958
24.4778;-11.6021;27.0882;147.396;-6.34175
24.2802;-11.6053;26.9112;147.594;-6.34496
24.1114;-11.6007;26.757;147.762;-6.34039
23.9077;-11.5941;26.5707;147.966;-6.33377
23.6732;-11.6105;26.3671;148.201;-6.35014
23.4732;-11.6249;26.1941;148.401;-6.36457
23.271;-11.6461;26.0225;148.604;-6.38579
23.065;-11.6782;25.853;148.811;-6.4179
22.8611;-11.7109;25.6861;149.016;-6.45059
22.6558;-11.7474;25.5204;149.223;-6.48712
22.4598;-11.7808;25.362;149.42;-6.52045
22.2518;-11.8069;25.1901;149.629;-6.54653
22.0519;-11.8331;25.0262;149.83;-6.57278
21.8538;-11.8609;24.865;150.029;-6.60053
21.6537;-11.8854;24.7011;150.23;-6.62511
21.4412;-11.8999;24.522;150.443;-6.63952
21.2681;-11.9112;24.3763;150.617;-6.65084
21.071;-11.9335;24.2156;150.814;-6.67314
20.8864;-11.9641;24.0704;151;-6.7038
20.7036;-12.0099;23.9349;151.185;-6.7496
20.5043;-12.0643;23.7902;151.386;-6.80395
20.3101;-12.1167;23.6498;151.583;-6.85636
20.0999;-12.1581;23.491;151.795;-6.89779
19.882;-12.1947;23.324;152.014;-6.93441
19.6876;-12.241;23.1828;152.21;-6.98064
19.4901;-12.2781;23.0351;152.409;-7.01775
19.2997;-12.3268;22.9004;152.602;-7.06645
19.0969;-12.3684;22.7523;152.806;-7.10803
18.902;-12.4066;22.61;153.003;-7.14631
18.694;-12.4405;22.4551;153.212;-7.18017
18.5044;-12.465;22.3112;153.403;-7.2047
18.3085;-12.4926;22.1645;153.6;-7.23227
18.1121;-12.5208;22.0186;153.797;-7.26049
17.9247;-12.5472;21.8798;153.986;-7.28683
17.7266;-12.5718;21.732;154.185;-7.31144
17.532;-12.5997;21.5899;154.38;-7.3394
17.3292;-12.6241;21.4399;154.584;-7.36374
17.1194;-12.6426;21.2817;154.794;-7.38223
16.9194;-12.6606;21.1319;154.995;-7.40032
16.7615;-12.6859;21.0209;155.154;-7.42556
16.5807;-12.7391;20.9094;155.337;-7.47879
16.4022;-12.8012;20.8063;155.519;-7.54084
16.2065;-12.8559;20.6864;155.717;-7.59562
16.0122;-12.9132;20.5704;155.914;-7.65288
15.8033;-12.9762;20.4481;156.125;-7.71586
15.602;-13.0267;20.3253;156.329;-7.7664
15.4136;-13.0765;20.2132;156.519;-7.81616
15.2108;-13.1335;20.0962;156.725;-7.87318
15.0421;-13.1919;20.0073;156.896;-7.93162
14.8511;-13.2643;19.9122;157.091;-8.004
14.6747;-13.3328;19.827;157.27;-8.07249
14.4847;-13.4065;19.7368;157.464;-8.1462
14.2963;-13.4951;19.6596;157.657;-8.23476
14.1184;-13.5712;19.5833;157.838;-8.31088
13.9606;-13.6443;19.5209;158;-8.38397
13.764;-13.7561;19.4596;158.202;-8.49578
13.6118;-13.8544;19.4223;158.359;-8.59408
13.4496;-13.9688;19.3913;158.528;-8.70851
13.2906;-14.0701;19.3548;158.692;-8.80979
13.1277;-14.1913;19.332;158.861;-8.93094
12.9676;-14.309;19.3108;159.028;-9.0487
12.8257;-14.424;19.3015;159.176;-9.16362
12.6706;-14.5498;19.2936;159.338;-9.28952
12.5142;-14.6797;19.2898;159.502;-9.41932
12.3675;-14.8104;19.2952;159.656;-9.55012
12.223;-14.9467;19.3081;159.809;-9.68638
12.0745;-15.0951;19.3301;159.966;-9.83474
11.9242;-15.2374;19.3485;160.125;-9.97709
11.7713;-15.3804;19.368;160.286;-10.12
11.6367;-15.5107;19.3906;160.429;-10.2503
11.4888;-15.6498;19.4142;160.585;-10.3895
11.329;-15.7855;19.4301;160.754;-10.5252
11.1761;-15.9221;19.453;160.915;-10.6618
11.0444;-16.0523;19.4848;161.055;-10.792
10.8942;-16.1865;19.5111;161.214;-10.9261
10.7357;-16.3291;19.5421;161.382;-11.0687
10.5728;-16.461;19.564;161.554;-11.2007
10.4351;-16.584;19.5938;161.7;-11.3236
10.2768;-16.7254;19.6304;161.868;-11.4651
10.1495;-16.8641;19.6828;162.004;-11.6038
10.0135;-17.0213;19.7482;162.151;-11.7609
9.87309;-17.1724;19.8083;162.302;-11.9121
9.74442;-17.3297;19.8815;162.442;-12.0694
9.62807;-17.4841;19.9598;162.57;-12.2237
9.50751;-17.632;20.032;162.701;-12.3717
9.38021;-17.7855;20.1075;162.84;-12.5251
9.25941;-17.9262;20.1763;162.971;-12.6659
9.12752;-18.0756;20.2495;163.114;-12.8153
8.98907;-18.2186;20.3155;163.264;-12.9583
8.85123;-18.3603;20.3824;163.412;-13.0999
8.71129;-18.505;20.4529;163.564;-13.2447
8.58536;-18.6402;20.5223;163.7;-13.3798
8.43063;-18.7922;20.5966;163.867;-13.5319
8.29525;-18.9321;20.6697;164.013;-13.6718
8.15771;-19.0728;20.7442;164.162;-13.8125
8.02087;-19.216;20.8228;164.311;-13.9557
7.88502;-19.3632;20.9071;164.459;-14.1028
7.76024;-19.5068;20.9937;164.595;-14.2464
7.62375;-19.6627;21.089;164.745;-14.4024
7.50808;-19.836;21.2094;164.875;-14.5756
7.3966;-20.0011;21.3249;165.001;-14.7408
7.27476;-20.1683;21.4402;165.137;-14.908
7.14854;-20.3333;21.5533;165.278;-15.073
7.04781;-20.4972;21.675;165.393;-15.2369
6.96048;-20.657;21.7981;165.495;-15.3966
6.85661;-20.836;21.9352;165.615;-15.5757
6.77973;-20.9988;22.0661;165.707;-15.7385
6.69629;-21.1806;22.2139;165.808;-15.9202
6.61807;-21.3625;22.3642;165.903;-16.1022
6.53817;-21.5423;22.5126;166;-16.282
6.45135;-21.7215;22.6593;166.104;-16.4612
6.35798;-21.9067;22.8107;166.215;-16.6463
6.27384;-22.0917;22.9652;166.318;-16.8313
6.19032;-22.2744;23.1186;166.419;-17.0141
6.12836;-22.4511;23.2725;166.499;-17.1907
6.06275;-22.6489;23.4463;166.585;-17.3886
5.99957;-22.8299;23.605;166.667;-17.5695
5.93385;-23.0061;23.759;166.751;-17.7458
5.86987;-23.1876;23.919;166.834;-17.9273
5.80452;-23.3709;24.081;166.919;-18.1106
5.74439;-23.5533;24.2437;166.998;-18.2929
5.69155;-23.7378;24.4106;167.071;-18.4775
5.63848;-23.9617;24.6162;167.149;-18.7014
5.58664;-24.1659;24.8032;167.223;-18.9056
5.52207;-24.3518;24.97;167.309;-19.0914
5.4499;-24.5374;25.1354;167.402;-19.2771
5.37727;-24.7286;25.3065;167.496;-19.4683
5.31036;-24.9159;25.4755;167.584;-19.6556
5.23731;-25.1076;25.648;167.679;-19.8472
5.16934;-25.2985;25.8213;167.769;-20.0382
5.10791;-25.498;26.0046;167.854;-20.2377
5.04602;-25.6829;26.174;167.938;-20.4226
4.9909;-25.8752;26.3521;168.016;-20.6149
4.9208;-26.0511;26.5117;168.108;-20.7907
4.83287;-26.2274;26.6689;168.217;-20.9671
4.74394;-26.4029;26.8257;168.327;-21.1426
4.64564;-26.5843;26.9871;168.447;-21.3239
4.54963;-26.7615;27.1455;168.565;-21.5012
4.46277;-26.925;27.2924;168.672;-21.6647
4.37443;-27.112;27.4627;168.784;-21.8517
4.28286;-27.2909;27.625;168.898;-22.0306
4.18961;-27.473;27.7906;169.014;-22.2127
4.08648;-27.6491;27.9495;169.14;-22.3888
4.00373;-27.8286;28.1151;169.245;-22.5682
3.91968;-28.0145;28.2873;169.354;-22.7541
3.82646;-28.2219;28.4801;169.474;-22.9616
3.7447;-28.4039;28.6497;169.58;-23.1436
3.66163;-28.5937;28.8272;169.688;-23.3334
3.58539;-28.7851;29.0075;169.79;-23.5247
3.52372;-28.9782;29.1917;169.878;-23.7179
3.46248;-29.1616;29.3665;169.964;-23.9013
3.40892;-29.3506;29.5479;170.044;-24.0903
3.34042;-29.5554;29.7436;170.141;-24.2951
3.27832;-29.7365;29.9167;170.228;-24.4762
3.21359;-29.9202;30.0923;170.319;-24.6599

3.14603;29.8926;30.0577;170.413;-24.8471
3.0777;29.7017;29.8607;170.508;-25.038
3.01233;29.4914;29.6448;170.604;-25.2483
2.95801;29.2997;29.4487;170.686;-25.4399
2.91444;29.1122;29.2577;170.757;-25.6275
2.86989;28.9177;29.0598;170.831;-25.822
2.82374;28.7237;28.8622;170.906;-26.016
2.79226;28.5128;28.6492;170.969;-26.2269
2.76312;28.322;28.4564;171.027;-26.4177
2.71807;28.127;28.2581;171.102;-26.6126
2.67407;27.956;28.0836;171.172;-26.7837
2.6312;27.7613;27.8857;171.245;-26.9784
2.59222;27.5737;27.6953;171.313;-27.166
2.55154;27.3779;27.4965;171.385;-27.3618
2.51022;27.1808;27.2965;171.457;-27.5588
2.47487;26.9876;27.1008;171.523;-27.7521
2.43679;26.7874;26.8981;171.593;-27.9522
2.38443;26.5845;26.6913;171.678;-28.1551
2.31843;26.4111;26.5127;171.771;-28.3286
2.27124;26.2145;26.3127;171.85;-28.5252
2.2049;26.004;26.0973;171.951;-28.7357
2.14072;25.8294;25.9179;172.044;-28.9103
2.07388;25.6235;25.7073;172.144;-29.1161
2.03492;25.4163;25.4977;172.218;-29.3234
2.00479;25.203;25.2826;172.284;-29.5367
1.98234;25.0079;25.0864;172.339;-29.7318
1.95096;24.8222;24.8988;172.402;-29.9175
1.91422;24.6365;24.7108;172.471;-30.1032
1.88049;24.4319;24.5041;172.54;-30.3078
1.84744;24.2286;24.299;172.608;-30.511
1.8154;24.049;24.1174;172.672;-30.6906
1.78136;23.8557;23.9221;172.74;-30.884
1.74842;23.6539;23.7184;172.808;-31.0858
1.71557;23.4574;23.5201;172.876;-31.2822
1.68885;23.249;23.3102;172.94;-31.4907
1.66299;23.0519;23.1118;173.002;-31.6878
1.63901;22.8573;22.916;173.061;-31.8824
1.61534;22.6576;22.7151;173.121;-32.082
1.58848;22.457;22.5131;173.185;-32.2827
1.56404;22.2562;22.3111;173.246;-32.4834
1.54062;22.0588;22.1125;173.306;-32.6809
1.53607;21.8676;21.9215;173.347;-32.8721
1.54205;21.6494;21.7042;173.383;-33.0903
1.54769;21.4567;21.5124;173.414;-33.283
1.55296;21.2543;21.3109;173.448;-33.4854
1.57421;21.0883;21.147;173.459;-33.6513
1.60867;20.8945;20.9564;173.463;-33.8451
1.66757;20.6971;20.7642;173.444;-34.0426
1.70794;20.5366;20.6075;173.436;-34.2031
1.74682;20.3426;20.4175;173.436;-34.397
1.77942;20.1671;20.2454;173.439;-34.5726
1.81799;19.9677;20.0503;173.441;-34.772
1.88788;19.7699;19.8599;173.412;-34.9697
1.96617;19.5734;19.6719;173.376;-35.1663
2.04552;19.3845;19.4921;173.336;-35.3552
2.1312;19.193;19.311;173.292;-35.5467
2.21991;19.0142;19.1433;173.242;-35.7255
2.30598;18.8205;18.9613;173.197;-35.9192
2.39171;18.6593;18.812;173.147;-36.0804
2.50969;18.511;18.6804;173.063;-36.2287
2.63206;18.3555;18.5433;172.976;-36.3841
2.76017;18.198;18.4062;172.884;-36.5416
2.88309;18.0483;18.2771;172.795;-36.6914
3.01424;17.894;18.1461;172.7;-36.8457
3.14398;17.7158;17.9926;172.611;-37.0239
3.24746;17.5544;17.8522;172.545;-37.1853
3.34865;17.3668;17.6867;172.487;-37.3729
3.4355;17.1791;17.5193;172.443;-37.5605
3.51791;16.9961;17.3564;172.402;-37.7436
3.59343;16.8183;17.1979;172.367;-37.9214
3.67165;16.634;17.0344;172.332;-38.1057
3.75638;16.4543;16.8777;172.289;-38.2853
3.8399;16.2727;16.7196;172.248;-38.467
3.90922;16.0975;16.5654;172.22;-38.6422
3.9875;15.9073;16.3994;172.186;-38.8324
4.07124;15.7423;16.2603;172.142;-38.9973
4.15735;15.5773;16.1225;172.096;-39.1624
4.24707;15.3963;15.9713;172.05;-39.3434
4.33256;15.2323;15.8365;172.004;-39.5073
4.40283;15.0812;15.7108;171.97;-39.6584
4.47806;14.8937;15.5523;171.94;-39.846
4.55752;14.7164;15.4059;171.904;-40.0233
4.63487;14.5346;15.2557;171.872;-40.2051
4.69936;14.3472;15.0972;171.853;-40.3925
4.77601;14.1699;14.9532;171.82;-40.5698
4.85485;13.9862;14.8049;171.787;-40.7534
4.93168;13.811;14.6651;171.754;-40.9287
5.00771;13.605;14.4973;171.729;-41.1347
5.10485;13.4121;14.3508;171.681;-41.3275
5.19742;13.2356;14.2195;171.634;-41.504
5.28305;13.0685;14.0959;171.592;-41.6712
5.37175;12.9065;13.9798;171.545;-41.8332
5.46799;12.7308;13.8554;171.495;-42.0089
5.53829;12.5743;13.7399;171.465;-42.1654
5.60708;12.3884;13.5982;171.444;-42.3513
5.68859;12.2003;13.4613;171.412;-42.5394
5.77423;12.0077;13.324;171.377;-42.7319
5.85262;11.8107;13.1813;171.35;-42.929
5.9319;11.6144;13.0416;171.322;-43.1253
5.99505;11.4209;12.8988;171.31;-43.3188
6.06292;11.2364;12.7677;171.291;-43.5033
6.13311;11.045;12.6336;171.272;-43.6946
6.19641;10.8637;12.5066;171.257;-43.8759
6.24808;10.6542;12.3511;171.261;-44.0855
6.3003;10.4791;12.2272;171.256;-44.2606
6.35407;10.2814;12.0864;171.255;-44.4582
6.4125;10.0963;11.9606;171.247;-44.6434
6.47046;9.90203;11.8286;171.242;-44.8376
6.52773;9.71507;11.7044;171.235;-45.0246
6.5846;9.5233;11.578;171.231;-45.2164
6.64579;9.33451;11.4586;171.222;-45.4052
6.70247;9.14951;11.3418;171.217;-45.5902
6.7753;8.97148;11.2424;171.194;-45.7682
6.85421;8.78518;11.1427;171.168;-45.9545
6.91588;8.59913;11.0351;171.158;-46.1405
6.97188;8.42016;10.9319;171.153;-46.3195
7.01442;8.22709;10.8114;171.164;-46.5126
7.05349;8.02288;10.6826;171.182;-46.7168
7.07751;7.84017;10.5622;171.209;-46.8995
7.10661;7.62659;10.4244;171.24;-47.1131
7.13246;7.43028;10.2996;171.269;-47.3094
7.15828;7.23182;10.1755;171.299;-47.5079
7.18606;7.03403;10.0557;171.327;-47.7056
7.21987;6.83594;9.94267;171.35;-47.9037
7.26058;6.64113;9.83974;171.366;-48.0985
7.3026;6.43695;9.73459;171.383;-48.3027
7.33421;6.25739;9.64083;171.403;-48.4823
7.36642;6.06846;9.54413;171.426;-48.6712
7.42614;5.89253;9.47995;171.419;-48.8471
7.49192;5.69912;9.41322;171.411;-49.0406
7.56302;5.49878;9.35072;171.4;-49.2409
7.63122;5.29132;9.2862;171.395;-49.4483
7.70181;5.09963;9.2371;171.382;-49.64
7.78039;4.90174;9.19573;171.365;-49.8379
7.85791;4.7108;9.16178;171.346;-50.0289
7.91731;4.52913;9.12123;171.342;-50.2105
7.97764;4.34765;9.08542;171.338;-50.392
8.05302;4.1648;9.06624;171.32;-50.5749
8.13086;3.9827;9.05388;171.299;-50.757
8.19992;3.8056;9.03998;171.286;-50.9341
8.276;3.64312;9.04237;171.262;-51.0966
8.37393;3.46654;9.0631;171.221;-51.2731
8.47417;3.28931;9.09016;171.179;-51.4504
8.56779;3.12203;9.11888;171.14;-51.6176
8.65717;2.96015;9.14927;171.103;-51.7795
8.7607;2.78941;9.19405;171.057;-51.9503
8.87189;2.59359;9.24323;171.01;-52.1461
8.98214;2.42208;9.30297;170.958;-52.3176
9.08856;2.25519;9.36418;170.908;-52.4845
9.20333;2.07655;9.43469;170.853;-52.6631
9.30365;1.90178;9.49604;170.812;-52.8379
9.4186;1.74027;9.57803;170.753;-52.9994
9.53553;1.5801;9.66556;170.691;-53.1596
9.64901;1.4229;9.75336;170.632;-53.3168
9.75939;1.26399;9.8409;170.577;-53.4757
9.89176;1.10084;9.95283;170.503;-53.6388
10.0193;0.944829;10.0637;170.431;-53.7948
10.1523;0.789371;10.1829;170.354;-53.9503
10.2755;0.642653;10.2956;170.284;-54.097
10.404;0.488265;10.4154;170.211;-54.2514
10.5344;0.345999;10.5401;170.133;-54.3937
10.6797;0.202791;10.6817;170.041;-54.5369
10.8139;0.0695026;10.8141;169.957;-54.6702
10.9569;-0.0428185;10.957;169.858;-54.7825
11.1204;-0.183247;11.1219;169.748;-54.9229
11.2702;-0.303788;11.2743;169.646;-55.0435
11.404;-0.415853;11.4116;169.555;-55.1555
11.5556;-0.54753;11.5686;169.455;-55.2872
11.7076;-0.680637;11.7273;169.355;-55.4203
11.836;-0.792094;11.8625;169.27;-55.5318
11.9869;-0.917699;12.022;169.169;-55.6574
12.1376;-1.04818;12.1828;169.07;-55.7879
12.297;-1.19351;12.3548;168.967;-55.9332
12.4384;-1.32843;12.5091;168.878;-56.0681
12.5899;-1.48042;12.6767;168.786;-56.2201
12.7362;-1.63193;12.8403;168.699;-56.3716
12.879;-1.7752;13.0008;168.612;-56.5149
13.0119;-1.90707;13.151;168.531;-56.6467
13.1608;-2.05224;13.3198;168.44;-56.7919
13.3053;-2.19945;13.4859;168.353;-56.9391
13.4436;-2.32688;13.6435;168.267;-57.0666
13.5943;-2.46191;13.8154;168.171;-57.2016
13.7588;-2.57133;13.997;168.053;-57.311
13.9267;-2.67682;14.1816;167.932;-57.4165
14.0901;-2.79679;14.3649;167.819;-57.5365
14.2482;-2.89152;14.5386;167.703;-57.6312
14.4165;-2.97505;14.7203;167.574;-57.7147
14.6067;-3.07271;14.9264;167.429;-57.8124
14.7962;-3.17494;15.133;167.286;-57.9146
14.9537;-3.29041;15.3114;167.179;-58.0301
15.1112;-3.41215;15.4916;167.073;-58.1518
15.2557;-3.53234;15.6593;166.98;-58.272
15.3973;-3.63936;15.8216;166.885;-58.379
15.552;-3.75973;16;166.782;-58.4994
15.7325;-3.86183;16.1996;166.649;-58.6015
15.9011;-3.97541;16.3905;166.531;-58.7151
16.0809;-4.09558;16.5942;166.405;-58.8353
16.2375;-4.20837;16.774;166.299;-58.948
16.3986;-4.32201;16.9586;166.188;-59.0617
16.5669;-4.44115;17.1518;166.073;-59.1808
16.7308;-4.55746;17.3404;165.962;-59.2971
16.8957;-4.67238;17.5298;165.849;-59.412
17.072;-4.77757;17.7279;165.722;-59.5172
17.2469;-4.88508;17.9254;165.598;-59.6248
17.4151;-4.99427;18.117;165.48;-59.7339
17.5805;-5.11834;18.3104;165.371;-59.858
17.7185;-5.24447;18.4784;165.288;-59.9841
17.8832;-5.36416;18.6704;165.178;-60.1038
18.044;-5.4788;18.8574;165.07;-60.2185
18.2211;-5.59991;19.0622;164.949;-60.3396
18.3842;-5.7145;19.2519;164.839;-60.4542
18.5541;-5.83067;19.4487;164.724;-60.5703
18.7301;-5.95964;19.6554;164.608;-60.6993
18.8956;-6.08003;19.8497;164.499;-60.8197
19.0603;-6.1996;20.0432;164.39;-60.9393
19.2277;-6.31522;20.2383;164.277;-61.0549
19.4003;-6.42594;20.4369;164.158;-61.1656
19.5611;-6.52696;20.6213;164.047;-61.2666
19.7391;-6.63292;20.8237;163.921;-61.3726
19.9106;-6.70233;21.0084;163.788;-61.442
20.089;-6.73783;21.1889;163.636;-61.4775
20.2911;-6.75559;21.3862;163.456;-61.4953
20.4896;-6.77421;21.5804;163.279;-61.5139
20.6967;-6.81617;21.7902;163.103;-61.5558
20.9042;-6.86589;22.0029;162.929;-61.6056
21.105;-6.90619;22.2062;162.759;-61.6459
21.3019;-6.94828;22.4064;162.593;-61.6879
21.5067;-6.97019;22.608;162.411;-61.7099
21.7141;-6.98292;22.8093;162.224;-61.7226
21.904;-6.98407;22.9905;162.049;-61.7237
22.1194;-6.99112;23.1979;161.853;-61.7308
22.3209;-7.01842;23.3983;161.677;-61.7581
22.5189;-7.04221;23.5944;161.503;-61.7819
22.6975;-7.05234;23.7678;161.342;-61.792
22.9163;-7.05968;23.9791;161.143;-61.7994
23.1155;-7.06399;24.1708;160.96;-61.8037
23.3147;-7.06924;24.3629;160.779;-61.8089
23.5241;-7.07387;24.5647;160.587;-61.8135
23.7275;-7.07715;24.7605;160.401;-61.8168
23.9253;-7.08368;24.9519;160.221;-61.8234
24.1178;-7.08925;25.1381;160.045;-61.8289
24.346;-7.07459;25.3531;159.829;-61.8143
24.5444;-7.06492;25.5409;159.642;-61.8046
24.7758;-7.03148;25.7543;159.416;-61.7711
24.9782;-7.00223;25.9411;159.218;-61.7419
25.1701;-6.97657;26.1191;159.031;-61.7162
25.3694;-6.95313;26.305;158.839;-61.6928
25.5772;-6.92075;26.497;158.635;-61.6604
25.7589;-6.88729;26.6638;158.454;-61.627
25.9472;-6.86964;26.8412;158.274;-61.6093
26.1308;-6.84947;27.0135;158.097;-61.5891
26.3317;-6.83216;27.2037;157.905;-61.5718
26.5407;-6.81071;27.4006;157.704;-61.5504
26.7626;-6.78258;27.6087;157.489;-61.5223
26.9549;-6.76173;27.79;157.304;-61.5014
27.1518;-6.73392;27.9743;157.112;-61.4736
27.3449;-6.70493;28.155;156.923;-61.4446
27.5449;-6.6767;28.3426;156.728;-61.4164
27.7454;-6.64838;28.5308;156.532;-61.3881
27.9396;-6.621;28.7134;156.343;-61.3607
28.1378;-6.60127;28.9018;156.153;-61.3409
28.3384;-6.58044;29.0924;155.96;-61.3201
28.5425;-6.5622;29.2871;155.765;-61.3019
28.7383;-6.56175;29.4779;155.585;-61.3014
28.928;-6.55224;29.6608;155.407;-61.2919
29.1275;-6.54285;29.8533;155.22;-61.2825
29.3403;-6.53874;30.0601;155.023;-61.2784
29.5466;-6.53299;30.2602;154.831;-61.2727
29.7697;-6.54221;30.4801;154.63;-61.2819
29.9643;-6.54619;30.671;154.453;-61.2859

-29.8324;-6.55613;30.5443;154.27;-61.2958
-29.6317;-6.58451;30.3544;154.097;-61.3242
-29.4277;-6.61683;30.1624;153.923;-61.3565
-29.2232;-6.61214;29.9619;153.734;-61.3518
-29.0109;-6.60876;29.7542;153.538;-61.3484
-28.8124;-6.60502;29.5597;153.354;-61.3447
-28.6015;-6.60504;29.3543;153.161;-61.3447
-28.403;-6.60581;29.161;152.979;-61.3455
-28.2037;-6.60108;28.9659;152.795;-61.3408
-28.0287;-6.59217;28.7935;152.631;-61.3318
-27.8393;-6.58216;28.6068;152.454;-61.3218
-27.6376;-6.56723;28.4071;152.263;-61.3069
-27.4378;-6.55707;28.2104;152.076;-61.2967
-27.2557;-6.57077;28.0365;151.915;-61.3104
-27.0558;-6.56035;27.8398;151.728;-61.3
-26.8886;-6.53817;27.6721;151.566;-61.2778
-26.6833;-6.52082;27.4685;151.371;-61.2605
-26.4916;-6.49127;27.2753;151.184;-61.2309
-26.2981;-6.45977;27.0799;150.994;-61.1994
-26.0914;-6.43143;26.8724;150.794;-61.1711
-25.9032;-6.40928;26.6844;150.613;-61.149
-25.7021;-6.39013;26.4845;150.421;-61.1298
-25.5043;-6.37506;26.289;150.235;-61.1147
-25.3161;-6.38265;26.1083;150.066;-61.1223
-25.1115;-6.382;25.9098;149.879;-61.1217
-24.9225;-6.37744;25.7255;149.704;-61.1171
-24.7295;-6.37025;25.5368;149.525;-61.1099
-24.5231;-6.35953;25.3343;149.332;-61.0992
-24.3004;-6.35918;25.1187;149.129;-61.0989
-24.1005;-6.35913;24.9253;148.947;-61.0988
-23.9005;-6.35664;24.7313;148.763;-61.0963
-23.7003;-6.35422;24.5373;148.58;-61.0939
-23.4873;-6.34154;24.3283;148.38;-61.0812
-23.2898;-6.32533;24.1335;148.194;-61.065
-23.1177;-6.29877;23.9604;148.026;-61.0384
-22.9149;-6.26502;23.7559;147.827;-61.0047
-22.7116;-6.22734;23.5499;147.627;-60.967
-22.5164;-6.18866;23.3514;147.433;-60.9283
-22.3365;-6.15148;23.1681;147.254;-60.8912
-22.1538;-6.13141;22.9866;147.079;-60.8711
-21.9516;-6.12048;22.7889;146.89;-60.8602
-21.7571;-6.0988;22.5958;146.704;-60.8385
-21.574;-6.09322;22.418;146.536;-60.8329
-21.3963;-6.09174;22.2466;146.373;-60.8314
-21.1904;-6.09536;22.0496;146.188;-60.835
-21.0077;-6.08991;21.8726;146.019;-60.8296
-20.7984;-6.08939;21.6715;145.829;-60.8291
-20.5891;-6.08443;21.4693;145.636;-60.8241
-20.4082;-6.07682;21.2937;145.469;-60.8165
-20.2196;-6.07233;21.1118;145.296;-60.812
-20.0133;-6.08545;20.918;145.114;-60.8251
-19.8094;-6.13394;20.7374;144.949;-60.8736
-19.6037;-6.18041;20.5549;144.782;-60.9201
-19.4076;-6.23365;20.3842;144.627;-60.9733
-19.2192;-6.27185;20.2166;144.472;-61.0115
-19.0304;-6.31956;20.0522;144.321;-61.0592
-18.8444;-6.37149;19.8924;144.174;-61.1112
-18.6542;-6.42556;19.7299;144.025;-61.1652
-18.4658;-6.47816;19.5692;143.877;-61.2178
-18.2733;-6.53185;19.4056;143.726;-61.2715
-18.0976;-6.58912;19.2598;143.591;-61.3288
-17.9069;-6.652;19.1025;143.446;-61.3917
-17.7092;-6.71311;18.9389;143.293;-61.4528
-17.5057;-6.76695;18.7681;143.133;-61.5066
-17.2984;-6.81088;18.5909;142.964;-61.5506
-17.1105;-6.85467;18.4325;142.814;-61.5943
-16.9112;-6.89795;18.2639;142.653;-61.6376
-16.7301;-6.95627;18.1187;142.515;-61.6959
-16.5461;-7.02265;17.9747;142.377;-61.7623
-16.3544;-7.09025;17.8252;142.234;-61.8299
-16.1769;-7.15704;17.6894;142.103;-61.8967
-15.9948;-7.24131;17.5576;141.976;-61.981
-15.836;-7.32265;17.4471;141.869;-62.0623
-15.6922;-7.37945;17.3408;141.765;-62.1191
-15.5073;-7.4674;17.2116;141.637;-62.2071
-15.329;-7.54996;17.0874;141.513;-62.2896
-15.135;-7.63212;16.9505;141.375;-62.3718
-14.9253;-7.71518;16.8015;141.224;-62.4549
-14.7373;-7.7891;16.6691;141.088;-62.5288
-14.5354;-7.86568;16.5271;140.941;-62.6054
-14.3453;-7.93715;16.3947;140.802;-62.6768
-14.167;-8.01236;16.2758;140.676;-62.752
-13.9796;-8.10757;16.1605;140.551;-62.8472
-13.8032;-8.21375;16.0622;140.441;-62.9534
-13.6313;-8.31547;15.9675;140.333;-63.0551
-13.45;-8.41982;15.8681;140.218;-63.1595
-13.2708;-8.51155;15.7658;140.1;-63.2512
-13.1305;-8.5927;15.6922;140.011;-63.3324
-12.9528;-8.7117;15.6099;139.906;-63.4514
-12.7873;-8.8194;15.5337;139.808;-63.5591
-12.6189;-8.93424;15.4615;139.71;-63.6739
-12.4509;-9.02835;15.3798;139.604;-63.768
-12.2626;-9.11346;15.2783;139.475;-63.8531
-12.0838;-9.19087;15.1819;139.352;-63.9305
-11.9024;-9.2666;15.0843;139.225;-64.0063
-11.7354;-9.3366;14.9964;139.109;-64.0763
-11.5444;-9.40405;14.8899;138.971;-64.1437
-11.3703;-9.47839;14.8028;138.851;-64.2181
-11.1806;-9.55206;14.7054;138.717;-64.2917
-10.9982;-9.61363;14.6076;138.584;-64.3533
-10.8177;-9.67258;14.5114;138.451;-64.4122
-10.6303;-9.73599;14.415;138.315;-64.4757
-10.4547;-9.81044;14.3368;138.194;-64.5501
-10.2766;-9.90295;14.2715;138.08;-64.6426
-10.1007;-9.99495;14.2099;137.968;-64.7346
-9.90354;-10.096;14.1425;137.841;-64.8357
-9.73581;-10.1785;14.085;137.732;-64.9181
-9.57973;-10.2649;14.0406;137.635;-65.0045
-9.40869;-10.356;13.9918;137.528;-65.0957
-9.26149;-10.4453;13.9599;137.441;-65.1849
-9.07473;-10.5556;13.9202;137.329;-65.2953
-8.90144;-10.6515;13.8813;137.222;-65.3912
-8.69851;-10.7401;13.8208;137.086;-65.4797
-8.51681;-10.8209;13.7706;136.965;-65.5606
-8.3312;-10.9032;13.7218;136.841;-65.6428
-8.14838;-10.9829;13.6756;136.719;-65.7226
-7.96673;-11.06;13.6306;136.597;-65.7997
-7.79169;-11.1461;13.5995;136.485;-65.8858
-7.60997;-11.2369;13.5713;136.37;-65.9766
-7.43863;-11.314;13.5403;136.257;-66.0536
-7.25921;-11.3995;13.5146;136.142;-66.1392
-7.10292;-11.5046;13.5206;136.057;-66.2443
-6.93717;-11.619;13.5324;135.968;-66.3587
-6.76609;-11.7356;13.5464;135.875;-66.4753
-6.58724;-11.8492;13.5571;135.775;-66.5889
-6.43964;-11.9626;13.5858;135.702;-66.7023
-6.26498;-12.0888;13.6158;135.612;-66.8285
-6.10226;-12.2052;13.6456;135.528;-66.9448
-5.96376;-12.3021;13.6715;135.456;-67.0418
-5.81238;-12.4142;13.7075;135.38;-67.1539
-5.63988;-12.5376;13.7477;135.291;-67.2773
-5.47452;-12.6496;13.7834;135.204;-67.3893
-5.31008;-12.762;13.8227;135.117;-67.5017
-5.14374;-12.8775;13.8668;135.031;-67.6172
-4.98694;-13.0043;13.9277;134.959;-67.7439
-4.83259;-13.1289;13.9901;134.888;-67.8686
-4.67981;-13.2522;14.0543;134.818;-67.9919
-4.5189;-13.3668;14.11;134.737;-68.1065
-4.3626;-13.4748;14.1634;134.657;-68.2144
-4.19763;-13.5942;14.2275;134.575;-68.3338
-4.07241;-13.7177;14.3094;134.53;-68.4574
-3.93121;-13.8573;14.4041;134.48;-68.597
-3.77887;-14.0069;14.5076;134.425;-68.7465
-3.63742;-14.1503;14.6103;134.377;-68.89
-3.49702;-14.3023;14.7236;134.335;-69.042
-3.36676;-14.4588;14.8456;134.304;-69.1985
-3.22183;-14.6134;14.9643;134.259;-69.3531
-3.0838;-14.7578;15.0765;134.216;-69.4974
-2.93592;-14.8945;15.1811;134.16;-69.6342
-2.78606;-15.0464;15.3021;134.111;-69.786
-2.64678;-15.179;15.4081;134.061;-69.9187
-2.48872;-15.3128;15.5138;133.996;-70.0525
-2.32223;-15.4627;15.6361;133.933;-70.2024
-2.17274;-15.5962;15.7468;133.876;-70.3359
-2.00116;-15.746;15.8726;133.809;-70.4857
-1.84719;-15.8492;15.9564;133.732;-70.5888
-1.68198;-15.9595;16.0479;133.65;-70.6991
-1.50303;-16.0736;16.1437;133.559;-70.8132
-1.3348;-16.1811;16.2361;133.473;-70.9208
-1.17532;-16.3036;16.3459;133.404;-71.0432
-1.01933;-16.4273;16.4589;133.338;-71.167
-0.860977;-16.5618;16.5842;133.276;-71.3015
-0.708613;-16.6913;16.7063;133.216;-71.4309
-0.555527;-16.8215;16.8306;133.157;-71.5611
-0.400191;-16.9509;16.9556;133.096;-71.6906
-0.254958;-17.0917;17.0936;133.049;-71.8314
-0.109944;-17.2216;17.222;132.998;-71.9613
0.0499248;-17.3469;17.3469;132.931;-72.0865
0.222881;-17.464;17.4654;132.849;-72.2036
0.384652;-17.6059;17.6101;132.791;-72.3455
0.548456;-17.7355;17.7439;132.724;-72.4751
0.717441;-17.859;17.8734;132.65;-72.5987
0.871528;-17.9621;17.9832;132.578;-72.7017
1.04667;-18.0759;18.1062;132.494;-72.8156
1.20711;-18.1812;18.2212;132.418;-72.9209
1.37967;-18.2908;18.3427;132.334;-73.0304
1.5527;-18.3963;18.4617;132.248;-73.136
1.73638;-18.5164;18.5976;132.162;-73.256
1.89226;-18.6294;18.7252;132.095;-73.369
2.0539;-18.7499;18.8621;132.028;-73.4896
2.2121;-18.8717;19.0009;131.964;-73.6114
2.36984;-18.9938;19.1411;131.901;-73.7335
