#1 AntPos X;#2 AntPos Y;#3 Distance form nest;#4 Total Distance;#5 Total Y Distance
6.36678;-2.74136;6.93188;0.205203;0.0478491
6.17236;-2.69661;6.7357;0.40471;0.0925979
5.98929;-2.6429;6.54649;0.595302;0.146313
5.79456;-2.57918;6.34264;0.79984;0.21003
5.61771;-2.50896;6.15253;0.989151;0.280244
5.4181;-2.42977;5.93798;1.20318;0.359438
5.21299;-2.37231;5.7274;1.4161;0.4169
5.01966;-2.31822;5.52911;1.6168;0.470985
4.81498;-2.23393;5.30796;1.83727;0.555281
4.62868;-2.16303;5.10915;2.03631;0.626177
4.43798;-2.08792;4.9046;2.24091;0.701287
4.23918;-2.00484;4.68935;2.45578;0.784373
4.04088;-1.94854;4.48615;2.66169;0.840665
3.84777;-1.89382;4.28858;2.86222;0.895394
3.67645;-1.84155;4.11188;3.04129;0.947659
3.48291;-1.78816;3.91512;3.24185;1.00104
3.27847;-1.75586;3.71906;3.44643;1.03335
3.09636;-1.73259;3.54814;3.62728;1.05662
2.8987;-1.69742;3.35912;3.82669;1.09178
2.70543;-1.65095;3.16938;4.02519;1.13826
2.51124;-1.60383;2.97969;4.2248;1.18538
2.32845;-1.56891;2.8077;4.41007;1.22029
2.11625;-1.52929;2.61098;4.625;1.25992
1.92673;-1.4932;2.43761;4.81721;1.29601
1.73302;-1.44019;2.25333;5.01804;1.34902
1.54326;-1.39959;2.08339;5.21175;1.38962
1.34873;-1.37216;1.92404;5.4066;1.41705
1.14009;-1.34286;1.76155;5.6157;1.44635
0.945016;-1.31567;1.61989;5.81124;1.47354
0.725298;-1.30417;1.49229;6.02686;1.48504
0.521309;-1.27222;1.37488;6.23246;1.51699
0.331168;-1.24655;1.28979;6.42317;1.54266
0.13871;-1.21715;1.22502;6.61708;1.57206
-0.0578023;-1.18646;1.18786;6.81527;1.60275
-0.248486;-1.15944;1.18576;7.00699;1.62977
-0.446913;-1.16288;1.24581;7.19934;1.62632
-0.642878;-1.16917;1.33426;7.38899;1.62004
-0.85292;-1.1726;1.44998;7.59333;1.61661
-1.06765;-1.16634;1.58121;7.80458;1.62287
-1.27725;-1.17392;1.73478;8.00818;1.61529
-1.46933;-1.17503;1.88139;8.19619;1.61418
-1.68196;-1.18079;2.05506;8.40365;1.60842
-1.87889;-1.18381;2.22073;8.59646;1.6054
-2.07894;-1.18968;2.39527;8.792;1.59953
-2.29096;-1.20108;2.58672;8.99855;1.58813
-2.46778;-1.20785;2.74752;9.17147;1.58136
-2.66818;-1.24123;2.94276;9.36335;1.54798
-2.86978;-1.27646;3.14086;9.5566;1.51275
-3.06972;-1.30464;3.33546;9.74974;1.48457
-3.26774;-1.33243;3.52895;9.94138;1.45678
-3.46599;-1.35873;3.7228;10.1338;1.43048
-3.65934;-1.37961;3.91077;10.3224;1.4096
-3.84772;-1.37829;4.08713;10.5092;1.41092
-4.0262;-1.37073;4.25314;10.6871;1.41847
-4.2246;-1.36215;4.43877;10.8849;1.42706
-4.4343;-1.35499;4.6367;11.0937;1.43422
-4.63179;-1.34108;4.82203;11.2914;1.44813
-4.8295;-1.3291;5.00905;11.489;1.46011
-4.99771;-1.31845;5.1687;11.6572;1.47076
-5.18491;-1.29317;5.34374;11.8461;1.49604
-5.38312;-1.2748;5.532;12.045;1.51441
-5.55079;-1.23028;5.6855;12.217;1.55893
-5.71442;-1.16689;5.83235;12.3874;1.62232
-5.91639;-1.10899;6.01943;12.5953;1.68021
-6.11954;-1.08026;6.21416;12.8005;1.70895
-6.30799;-1.07478;6.39889;12.988;1.71443
-6.50931;-1.06931;6.59655;13.1883;1.7199
-6.69181;-1.06385;6.77585;13.3699;1.72536
-6.89446;-1.05668;6.97496;13.5718;1.73253
-7.08256;-1.06828;7.16267;13.757;1.72093
-7.28584;-1.0932;7.3674;13.9556;1.69601
-7.47433;-1.13523;7.56005;14.1377;1.65397
-7.65893;-1.1746;7.74847;14.3166;1.61461
-7.84321;-1.22717;7.93863;14.494;1.56204
-8.03886;-1.28415;8.14078;14.6825;1.50506
-8.23692;-1.35412;8.34748;14.8726;1.43509
-8.40759;-1.43669;8.52946;15.0349;1.35252
-8.57111;-1.54527;8.70929;15.1885;1.24394
-8.73811;-1.63655;8.89004;15.3478;1.15266
-8.90628;-1.73781;9.07424;15.5083;1.0514
-9.08127;-1.84407;9.26661;15.6761;0.945142
-9.27053;-1.96593;9.47669;15.8582;0.823274
-9.45768;-2.08952;9.68575;16.0393;0.699686
-9.63562;-2.19474;9.88241;16.2129;0.59447
-9.82011;-2.31146;10.0885;16.3934;0.477746
-9.97186;-2.40743;10.2583;16.5426;0.381775
-10.1404;-2.51467;10.4475;16.709;0.274537
-10.3055;-2.61473;10.6321;16.8728;0.174479
-10.4749;-2.71841;10.8219;17.0414;0.0708018
-10.645;-2.82033;11.0123;17.2114;-0.0311235
-10.8088;-2.89955;11.191;17.3755;-0.110337
-10.9914;-2.97692;11.3874;17.5587;-0.187713
-11.1837;-3.04231;11.5901;17.7519;-0.253099
-11.3763;-3.11791;11.7958;17.9456;-0.328706
-11.5641;-3.18166;11.9938;18.1346;-0.392448
-11.7612;-3.23844;12.199;18.3331;-0.449236
-11.9489;-3.28731;12.3929;18.522;-0.498098
-12.1507;-3.33019;12.5988;18.7249;-0.540983
-12.3598;-3.36902;12.8107;18.935;-0.579807
-12.5572;-3.40991;13.0119;19.1336;-0.6207
-12.7519;-3.44895;13.2101;19.3295;-0.659744
-12.9421;-3.48618;13.4034;19.5209;-0.696973
-13.1179;-3.54718;13.5891;19.6989;-0.757974
-13.2971;-3.61248;13.779;19.8804;-0.823272
-13.478;-3.66554;13.9675;20.0634;-0.876335
-13.6925;-3.72595;14.1904;20.2805;-0.936745
-13.8884;-3.77514;14.3924;20.4785;-0.985935
-14.0699;-3.83425;14.583;20.6627;-1.04504
-14.2555;-3.88132;14.7744;20.8504;-1.09211
-14.4636;-3.94941;14.9931;21.0619;-1.1602
-14.6496;-4.00432;15.187;21.2507;-1.21511
-14.8437;-4.06153;15.3893;21.4478;-1.27232
-15.0524;-4.12473;15.6073;21.6599;-1.33552
-15.2347;-4.16016;15.7925;21.8441;-1.37095
-15.4296;-4.19444;15.9895;22.0407;-1.40524
-15.6426;-4.2363;16.2061;22.256;-1.4471
-15.838;-4.27404;16.4046;22.4535;-1.48483
-16.0364;-4.3113;16.6058;22.6539;-1.52209
-16.2285;-4.34673;16.8006;22.848;-1.55752
-16.4255;-4.38072;16.9996;23.0468;-1.59151
-16.6222;-4.41413;17.1983;23.2454;-1.62492
-16.8184;-4.44718;17.3965;23.4435;-1.65797
-17.0198;-4.46927;17.5968;23.6459;-1.68006
-17.2183;-4.49744;17.796;23.8459;-1.70823
-17.3965;-4.52825;17.9762;24.0259;-1.73904
-17.5786;-4.57405;18.1639;24.2108;-1.78484
-17.7761;-4.61644;18.3658;24.4109;-1.82723
-17.9662;-4.65517;18.5595;24.6034;-1.86596
-18.1614;-4.69615;18.7587;24.8012;-1.90694
-18.3526;-4.74645;18.9565;24.9957;-1.95724
-18.5469;-4.79846;19.1576;25.1935;-2.00925
-18.7438;-4.85489;19.3624;25.3943;-2.06568
-18.9229;-4.92149;19.5524;25.5782;-2.13228
-19.1114;-4.99126;19.7524;25.772;-2.20205
-19.296;-5.06207;19.9489;25.962;-2.27286
-19.4876;-5.1406;20.1542;26.1598;-2.35139
-19.6748;-5.21448;20.3541;26.3529;-2.42527
-19.8737;-5.28393;20.5642;26.5575;-2.49473
-20.0616;-5.34864;20.7624;26.7507;-2.55943
-20.2515;-5.41498;20.963;26.9461;-2.62577
-20.4408;-5.48013;21.1626;27.1408;-2.69092
-20.6312;-5.54446;21.3633;27.3368;-2.75525
-20.8204;-5.60822;21.5625;27.5314;-2.81901
-21.0113;-5.67168;21.7634;27.7279;-2.88247
-21.1866;-5.72574;21.9467;27.9079;-2.93653
-21.3547;-5.77764;22.1225;28.0805;-2.98844
-21.5359;-5.8624;22.3195;28.2697;-3.07319
-21.7043;-5.95823;22.5073;28.4477;-3.16902
-21.8822;-6.05454;22.7044;28.6353;-3.26533
-22.0676;-6.14692;22.9077;28.8301;-3.35771
-22.2503;-6.24126;23.109;29.0226;-3.45205
-22.4329;-6.32186;23.3066;29.2136;-3.53265
-22.6078;-6.39432;23.4947;29.396;-3.60511
-22.7807;-6.4376;23.6729;29.573;-3.64839
-22.9755;-6.48556;23.8733;29.7721;-3.69635
-23.1716;-6.54706;24.0788;29.9744;-3.75785
-23.3644;-6.58541;24.2747;30.1705;-3.7962
-23.5683;-6.61099;24.4779;30.376;-3.82178
-23.7697;-6.63426;24.6782;30.5788;-3.84505
-23.9415;-6.64571;24.8468;30.7506;-3.8565
-24.1521;-6.64747;25.0502;30.9598;-3.85826
-24.3567;-6.64844;25.2478;31.1629;-3.85923
-24.5756;-6.64399;25.4578;31.3796;-3.85478
-24.7794;-6.62469;25.6496;31.5795;-3.83548
-24.9702;-6.6301;25.8354;31.7696;-3.8409
-25.1695;-6.63645;26.0297;31.9682;-3.84724
-25.3575;-6.64116;26.2128;32.1554;-3.85195
-25.5495;-6.65361;26.4017;32.3475;-3.8644
-25.7487;-6.66191;26.5965;32.5462;-3.8727
-25.9602;-6.66408;26.8019;32.7565;-3.87487
-26.19;-6.6871;27.0302;32.9874;-3.89789
-26.3866;-6.70567;27.2253;33.1848;-3.91646
-26.5804;-6.70919;27.4141;33.3777;-3.91998
-26.7999;-6.70148;27.6251;33.5948;-3.91227
-26.9621;-6.67051;27.775;33.7523;-3.8813
-27.1575;-6.63299;27.9558;33.9422;-3.84378
-27.3531;-6.59643;28.1373;34.1325;-3.80722
-27.5649;-6.56696;28.3363;34.3397;-3.77775
-27.7787;-6.5547;28.5416;34.5509;-3.76549
-27.9811;-6.54053;28.7353;34.7505;-3.75132
-28.177;-6.51787;28.921;34.9429;-3.72866
-28.3777;-6.47294;29.1066;35.1376;-3.68373
-28.5712;-6.43239;29.2863;35.3259;-3.64318
-28.7621;-6.39551;29.4645;35.512;-3.60631
-28.9587;-6.34514;29.6457;35.7026;-3.55594
-29.1466;-6.28508;29.8165;35.8836;-3.49587
-29.3196;-6.2348;29.9752;36.051;-3.44559
-29.4971;-6.18143;30.1378;36.2226;-3.39222
-29.6787;-6.1239;30.3039;36.3981;-3.33469
-29.8685;-6.07076;30.4792;36.5824;-3.28155

29.9324;-6.01728;30.5312;36.7759;-3.22807
29.7433;-5.98026;30.3385;36.9611;-3.19105
29.5472;-5.94187;30.1387;37.1531;-3.15266
29.3414;-5.90501;29.9297;37.3551;-3.1158
29.1422;-5.86867;29.7273;37.5506;-3.07946
28.9436;-5.83278;29.5255;37.7456;-3.04357
28.7439;-5.798;29.3228;37.942;-3.0088
28.5273;-5.75904;29.1028;38.1548;-2.96983
28.3417;-5.72165;28.9134;38.337;-2.93244
28.1494;-5.67353;28.7155;38.5251;-2.88433
27.9557;-5.62319;28.5156;38.7145;-2.83399
27.7596;-5.57139;28.3132;38.9063;-2.78218
27.5669;-5.51958;28.1141;39.0949;-2.73037
27.3732;-5.46718;27.9138;39.2845;-2.67797
27.1817;-5.41957;27.7167;39.4724;-2.63036
26.9885;-5.36493;27.5166;39.6615;-2.57572
26.8089;-5.3179;27.3312;39.8378;-2.52869
26.6248;-5.2727;27.1419;40.0187;-2.48349
26.4391;-5.24808;26.955;40.2025;-2.45887
26.254;-5.21784;26.7675;40.3854;-2.42864
26.063;-5.18207;26.5732;40.5739;-2.39286
25.8541;-5.15722;26.3634;40.7811;-2.36801
25.6477;-5.13744;26.1572;40.9859;-2.34823
25.4496;-5.11947;25.9595;41.1827;-2.33026
25.2602;-5.1029;25.7705;41.3709;-2.31369
25.0373;-5.07956;25.5474;41.5922;-2.29035
24.8487;-5.05562;25.3578;41.7791;-2.26641
24.6591;-5.03422;25.1678;41.9673;-2.24501
24.4417;-5.0235;24.9526;42.1838;-2.23429
24.2623;-5.01478;24.7751;42.3625;-2.22558
24.0388;-5.00817;24.555;42.5854;-2.21896
23.8444;-5.00216;24.3635;42.7792;-2.21295
23.6773;-4.98453;24.1963;42.9452;-2.19532
23.479;-4.95476;23.9962;43.1417;-2.16555
23.2886;-4.91805;23.8022;43.3301;-2.12884
23.0841;-4.89453;23.5973;43.5331;-2.10532
22.872;-4.88582;23.388;43.7446;-2.09661
22.6678;-4.8759;23.1862;43.9481;-2.08669
22.4677;-4.86407;22.9882;44.1474;-2.07486
22.2678;-4.8503;22.7899;44.3465;-2.06109
22.0679;-4.84283;22.593;44.5458;-2.05362
21.8651;-4.84384;22.3952;44.7485;-2.05463
21.6737;-4.83861;22.2072;44.9394;-2.0494
21.4767;-4.82474;22.012;45.1356;-2.03553
21.279;-4.79661;21.8129;45.3318;-2.0074
21.0814;-4.76919;21.6141;45.5281;-1.97999
20.8936;-4.75053;21.4269;45.7148;-1.96133
20.6953;-4.71606;21.2258;45.9115;-1.92685
20.5112;-4.67116;21.0364;46.0935;-1.88195
20.3103;-4.62713;20.8307;46.2925;-1.83793
20.0963;-4.58263;20.6122;46.5046;-1.79342
19.9036;-4.53887;20.4146;46.6955;-1.74966
19.7083;-4.49521;20.2144;46.8891;-1.706
19.4969;-4.43832;19.9957;47.0983;-1.64911
19.3068;-4.37021;19.7952;47.286;-1.581
19.1128;-4.30139;19.5909;47.4776;-1.51218
18.9283;-4.24839;19.3992;47.6603;-1.45918
18.7353;-4.19774;19.1998;47.8518;-1.40853
18.5396;-4.14315;18.9969;48.0458;-1.35394
18.3488;-4.0887;18.7988;48.235;-1.29949
18.1549;-4.02822;18.5964;48.4273;-1.23901
17.9341;-3.97697;18.3698;48.6467;-1.18776
17.7339;-3.92184;18.1624;48.8456;-1.13263
17.5426;-3.86739;17.9638;49.0356;-1.07819
17.3519;-3.80709;17.7647;49.2249;-1.01788
17.1619;-3.7513;17.5671;49.4138;-0.962096
16.9744;-3.68408;17.3695;49.6001;-0.894872
16.7878;-3.61736;17.1731;49.7855;-0.828155
16.5989;-3.54071;16.9723;49.9731;-0.7515
16.4148;-3.46147;16.7758;50.156;-0.672262
16.2336;-3.37832;16.5814;50.3361;-0.589108
16.0583;-3.29177;16.3922;50.5105;-0.50256
15.8826;-3.2161;16.2049;50.6856;-0.426891
15.6754;-3.14765;15.9883;50.8922;-0.35844
15.4876;-3.08255;15.7914;51.0796;-0.293337
15.2907;-3.0234;15.5867;51.2762;-0.23419
15.1028;-2.9598;15.3901;51.4638;-0.170592
14.9096;-2.89903;15.1888;51.6569;-0.109824
14.7141;-2.84074;14.9859;51.8522;-0.0515333
14.5245;-2.80935;14.7937;52.0418;-0.020145
14.3177;-2.78861;14.5867;52.2486;0.00059453
14.1448;-2.75462;14.4105;52.4216;0.0345921
13.9548;-2.72959;14.2192;52.6116;0.0596194
13.7621;-2.70952;14.0263;52.8043;0.0796867
13.5659;-2.68345;13.8288;53.0005;0.105761
13.3691;-2.65294;13.6298;53.1974;0.136267
13.1746;-2.62439;13.4334;53.392;0.164815
12.9864;-2.58649;13.2414;53.5804;0.20272
12.8073;-2.53424;13.0556;53.7596;0.254969
12.6007;-2.45897;12.8384;53.9666;0.33024
12.3874;-2.37959;12.6139;54.1804;0.40962
12.2027;-2.32906;12.423;54.3656;0.460146
12.0101;-2.27997;12.2246;54.5586;0.509237
11.8146;-2.22632;12.0225;54.7546;0.562888
11.6273;-2.19631;11.8329;54.9423;0.5929
11.4286;-2.16416;11.6317;55.1413;0.625054
11.2243;-2.12594;11.4239;55.346;0.66327
11.0422;-2.09815;11.2398;55.5284;0.691061
10.8501;-2.06465;11.0448;55.721;0.724554
10.6504;-2.02687;10.8415;55.9212;0.762338
10.4628;-1.99313;10.651;56.1092;0.796079
10.2447;-1.95786;10.4302;56.3277;0.831346
10.0672;-1.93568;10.2516;56.5056;0.853532
9.85408;-1.92036;10.0395;56.7189;0.868846
9.65542;-1.89745;9.8401;56.9179;0.891759
9.46243;-1.90789;9.65285;57.1107;0.881322
9.26762;-1.91496;9.46339;57.3054;0.874248
9.08379;-1.9234;9.28519;57.4891;0.865805
8.89377;-1.93143;9.10108;57.6789;0.857781
8.70019;-1.94949;8.91593;57.8722;0.839723
8.49013;-1.9768;8.71723;58.0819;0.812411
8.29451;-1.98256;8.52816;58.2774;0.806651
8.0982;-1.99194;8.33959;58.4736;0.797268
7.89863;-2.00174;8.14833;58.673;0.787465
7.69754;-2.00647;7.95475;58.874;0.782742
7.50876;-1.98115;7.76572;59.0631;0.808061
7.29849;-1.95667;7.55623;59.2737;0.832542
7.10542;-1.93692;7.36469;59.467;0.85229
6.92843;-1.884;7.18001;59.6448;0.905207
6.73324;-1.82366;6.97583;59.8409;0.965549
6.54005;-1.76263;6.77341;60.0351;1.02658
6.33985;-1.70092;6.56405;60.2363;1.08828
6.14224;-1.63827;6.35697;60.4351;1.15094
5.94038;-1.60122;6.1524;60.6376;1.18799
5.74995;-1.56298;5.95859;60.8287;1.22623
5.56231;-1.52408;5.76733;61.0171;1.26513
5.36899;-1.47849;5.56884;61.2114;1.31072
5.1476;-1.42701;5.34174;61.4338;1.3622
4.93852;-1.38676;5.12953;61.6438;1.40245
4.7419;-1.35128;4.93068;61.8411;1.43793
4.54544;-1.31304;4.73129;62.0385;1.47617
4.36414;-1.26036;4.54249;62.221;1.52885
4.17112;-1.21414;4.34423;62.4151;1.57507
3.97836;-1.15581;4.14285;62.6093;1.6334
3.7883;-1.0989;3.94446;62.8008;1.69031
3.59363;-1.03536;3.7398;62.9971;1.75384
3.41251;-0.976991;3.54961;63.1798;1.81222
3.21185;-0.924336;3.34221;63.3819;1.86487
3.02173;-0.872757;3.14524;63.5735;1.91645
2.8218;-0.813507;2.93672;63.7751;1.9757
2.62015;-0.761237;2.72849;63.9783;2.02797
2.43819;-0.71227;2.5401;64.1618;2.07694
2.24337;-0.660618;2.33861;64.3582;2.12859
2.05556;-0.576759;2.13494;64.5487;2.21245
1.87641;-0.506091;1.94347;64.7302;2.28312
1.68483;-0.450401;1.744;64.9236;2.33881
1.49173;-0.379956;1.53936;65.1192;2.40925
1.30915;-0.300402;1.34317;65.3046;2.48881
1.12022;-0.208861;1.13953;65.497;2.58035
0.953535;-0.105051;0.959304;65.6677;2.68416
0.783916;0.00069334;0.783916;65.8416;2.7899
0.611743;0.102848;0.620328;66.018;2.89206
0.440925;0.207049;0.487118;66.1933;2.99626
0.273607;0.31169;0.414742;66.3652;3.1009
0.112264;0.402212;0.417585;66.5307;3.19142
-0.0855402;0.498773;0.506055;66.7329;3.28798
-0.268193;0.588277;0.646527;66.9198;3.37749
-0.443958;0.681433;0.813296;67.1001;3.47064
-0.607377;0.759283;0.972325;67.2674;3.54849
-0.8118;0.832255;1.16261;67.4754;3.62146
-1.0204;0.912136;1.36865;67.688;3.70134
-1.21138;0.982451;1.5597;67.8826;3.77166
-1.39501;1.06959;1.75786;68.0708;3.8588
-1.57949;1.15348;1.95584;68.2598;3.94269
-1.7607;1.23995;2.1535;68.4457;4.02916
-1.93081;1.34389;2.35246;68.6217;4.1331
-2.09574;1.44638;2.5464;68.7926;4.23559
-2.26764;1.5511;2.74738;68.9707;4.34031
-2.43789;1.6635;2.95136;69.1477;4.45271
-2.60845;1.77412;3.1546;69.3251;4.56332
-2.77988;1.91859;3.37768;69.5058;4.7078
-2.91813;2.04502;3.56337;69.6524;4.83423
-3.06247;2.18543;3.76229;69.8063;4.97464
-3.19037;2.29997;3.93298;69.9421;5.08918
-3.33409;2.42686;4.12381;70.0948;5.21607
-3.49931;2.55047;4.33013;70.2688;5.33968
-3.6523;2.67274;4.5258;70.4307;5.46195
-3.79285;2.78341;4.70458;70.5795;5.57262
-3.94905;2.91137;4.90623;70.7454;5.70058
-4.1019;3.03871;5.10483;70.9081;5.82791
-4.25617;3.15608;5.29866;71.0716;5.94528
-4.41911;3.29244;5.51077;71.2455;6.08165
-4.55789;3.41253;5.69384;71.3941;6.20174
-4.69943;3.5228;5.87322;71.5447;6.312
-4.85669;3.63716;6.06765;71.7115;6.42637
-5.03342;3.79194;6.30192;71.9016;6.58115
-5.1803;3.92301;6.49811;72.0599;6.71221
-5.32131;4.0535;6.68933;72.2126;6.84271
-5.47215;4.19286;6.8938;72.376;6.98207
-5.61664;4.33066;7.09234;72.5333;7.11987
-5.74515;4.47599;7.28294;72.6755;7.26519
-5.90267;4.62872;7.5011;72.8477;7.41792
-6.03679;4.76373;7.68999;72.9949;7.55294
-6.17821;4.90594;7.88914;73.1504;7.69515
-6.32093;5.04956;8.09026;73.3076;7.83877
-6.45956;5.16603;8.27126;73.4579;7.95524
-6.6074;5.3145;8.47948;73.6211;8.10371
-6.73866;5.47173;8.6804;73.769;8.26094
-6.86258;5.60928;8.86335;73.9076;8.39849
-6.9938;5.76405;9.06298;74.0557;8.55325
-7.13785;5.92968;9.27954;74.2181;8.71888
-7.25734;6.0717;9.46227;74.3536;8.86091
-7.38907;6.22704;9.66305;74.503;9.01625
-7.51116;6.36101;9.84277;74.6405;9.15022
-7.65133;6.50962;10.0458;74.7979;9.29883
-7.78734;6.65042;10.2406;74.9505;9.43962
-7.92719;6.81221;10.4521;75.1097;9.60142
-8.0716;6.97962;10.6708;75.2745;9.76883
-8.22375;7.13336;10.8865;75.4454;9.92257
-8.36181;7.25573;11.0709;75.5985;10.0449
-8.50944;7.38619;11.2679;75.7622;10.1754
-8.6619;7.52486;11.474;75.932;10.3141
-8.80773;7.65642;11.6703;76.0944;10.4456
-8.95224;7.79966;11.8734;76.2573;10.5889
-9.09465;7.93963;12.0727;76.4179;10.7288
-9.22358;8.07915;12.2616;76.5652;10.8684
-9.35652;8.2148;12.451;76.7161;11.004
-9.5055;8.35689;12.6567;76.8841;11.1461
-9.65478;8.49668;12.8611;77.0521;11.2859
-9.79898;8.62476;13.054;77.2136;11.414
-9.96287;8.76208;13.2677;77.3961;11.5513
-10.1417;8.88529;13.4834;77.5913;11.6745
-10.3116;9.0054;13.6904;77.7774;11.7946
-10.4866;9.13072;13.9046;77.9694;11.9199
-10.6479;9.23977;14.0979;78.1456;12.029
-10.8206;9.34948;14.3003;78.3331;12.1387
-10.9799;9.45534;14.49;78.5069;12.2445
-11.1438;9.56239;14.6842;78.6857;12.3516
-11.3031;9.66779;14.8737;78.8595;12.457
-11.4667;9.75931;15.0575;79.0355;12.5485
-11.6317;9.85446;15.2449;79.2136;12.6437
-11.7959;9.94189;15.4267;79.3897;12.7311
-11.9731;10.0366;15.6233;79.5798;12.8258
-12.1435;10.1315;15.8149;79.7633;12.9207
-12.3271;10.2283;16.0179;79.9601;13.0175
-12.5063;10.3195;16.2142;80.1519;13.1087
-12.6803;10.4326;16.4204;80.342;13.2218
-12.8402;10.5578;16.6234;80.5204;13.347
-13.0102;10.6914;16.8396;80.7103;13.4806
-13.1677;10.8159;17.0403;80.8865;13.6051
-13.3071;10.9418;17.228;81.0451;13.7311
-13.4335;11.0832;17.4154;81.1937;13.8724
-13.5714;11.2338;17.6176;81.3554;14.023
-13.7065;11.3814;17.8158;81.514;14.1706
-13.842;11.5325;18.0166;81.6738;14.3217
-13.9902;11.6899;18.2313;81.8474;14.4791
-14.1254;11.8396;18.431;82.0071;14.6288
-14.2532;11.988;18.6244;82.1594;14.7772
-14.3836;12.1396;18.8217;82.315;14.9288
-14.5138;12.2852;19.0152;82.4695;15.0745
-14.645;12.4264;19.2066;82.6245;15.2156
-14.7685;12.5736;19.396;82.773;15.3629
-14.877;12.718;19.5722;82.9065;15.5072
-15.0009;12.8753;19.7687;83.0577;15.6645
-15.1235;13.0235;19.9582;83.2061;15.8127
-15.2512;13.1793;20.1567;83.3613;15.9685
-15.3783;13.3294;20.3511;83.5148;16.1187
-15.5054;13.4797;20.5456;83.6686;16.269
-15.6279;13.6409;20.7438;83.8203;16.4301
-15.7509;13.8019;20.9424;83.9726;16.5911
-15.8741;13.9582;21.1381;84.1244;16.7474
-15.9785;14.1013;21.311;84.2552;16.8905
-16.0958;14.2853;21.5208;84.4072;17.0745
-16.2052;14.4512;21.7128;84.5479;17.2404
-16.3105;14.603;21.8925;84.6821;17.3922
-16.4349;14.7668;22.0945;84.8376;17.556
-16.5444;14.9395;22.2914;84.9806;17.7287
-16.6371;15.1225;22.483;85.1096;17.9117
-16.7235;15.3017;22.6675;85.2319;18.0909
-16.8118;15.4706;22.8468;85.3542;18.2598
-16.9164;15.6419;23.0398;85.4931;18.4311
-17.0329;15.8231;23.2485;85.6461;18.6123
-17.129;16.0128;23.4481;85.7813;18.802
-17.2168;16.19;23.6334;85.9059;18.9792
-17.3003;16.3821;23.8259;86.03;19.1713
-17.3998;16.5646;24.0237;86.1678;19.3538
-17.4976;16.7363;24.213;86.3017;19.5255
-17.5834;16.8935;24.3837;86.421;19.6827
-17.646;17.0555;24.5412;86.5189;19.8447
-17.7413;17.2434;24.7405;86.655;20.0326
-17.8222;17.3998;24.9075;86.7699;20.189
-17.9148;17.5906;25.1072;86.9045;20.3798
-18.0007;17.7809;25.3019;87.0329;20.5702
-18.0881;17.9667;25.4947;87.1618;20.7559
-18.1365;18.1497;25.6582;87.2526;20.9389
-18.1894;18.3442;25.8334;87.3508;21.1334
-18.2359;18.5296;25.998;87.4409;21.3188
-18.2791;18.7365;26.176;87.5334;21.5257
-18.318;18.9195;26.3344;87.6163;21.7088
-18.3596;19.1039;26.4959;87.7024;21.8931
-18.4113;19.2942;26.6691;87.8002;22.0834
-18.481;19.482;26.8532;87.915;22.2712
-18.551;19.6639;27.0334;88.029;22.4531
-18.6206;19.8774;27.2367;88.151;22.6666
-18.6921;20.0566;27.4165;88.2663;22.8458
-18.7241;20.2508;27.5806;88.3476;23.04
-18.7515;20.4366;27.7358;88.4227;23.2259
-18.7696;20.6401;27.8983;88.4939;23.4293
-18.7887;20.847;28.0645;88.5672;23.6362
-18.8157;21.0529;28.2357;88.6484;23.8421
-18.8412;21.2509;28.4006;88.7264;24.0401
-18.8661;21.4595;28.5734;88.8071;24.2487
-18.8822;21.6606;28.7354;88.8777;24.4498
-18.8841;21.8666;28.8921;88.9364;24.6558
-18.9009;22.044;29.0376;89.0019;24.8332
-18.9194;22.2418;29.2;89.075;25.031
-18.9218;22.4435;29.3555;89.1342;25.2327
-18.9208;22.6495;29.5126;89.1918;25.4387
-18.9179;22.8621;29.6743;89.2499;25.6513
-18.928;23.0669;29.8388;89.3186;25.8561
-18.9409;23.284;30.015;89.394;26.0732
-18.9485;23.482;30.1737;89.4593;26.2713
-18.9511;23.6656;30.3184;89.5159;26.4548
-18.9444;23.8659;30.4708;89.5689;26.6551
-18.9397;24.0601;30.6203;89.6223;26.8493
-18.9348;24.2572;30.7724;89.6769;27.0464
-18.9379;24.4478;30.9248;89.7375;27.2371
-18.9434;24.6472;31.0859;89.8035;27.4364
-18.948;24.8464;31.2469;89.8689;27.6356
-18.9541;25.0504;31.4131;89.9377;27.8396
-18.9434;25.2608;31.5747;89.9929;28.05
-18.9471;25.4727;31.7467;90.0627;28.2619
-18.933;25.6995;31.9205;90.1207;28.4887
-18.9205;25.8991;32.0741;90.1722;28.6883
-18.9088;26.0916;32.2229;90.2225;28.8808
-18.8798;26.2917;32.3682;90.2593;29.0809
-18.847;26.4901;32.5105;90.2923;29.2793
-18.796;26.7106;32.6611;90.3159;29.4998
-18.7533;26.9046;32.7955;90.3392;29.6938
-18.7234;27.0915;32.9319;90.3725;29.8807
-18.695;27.2886;33.0782;90.4111;30.0778
-18.6661;27.5003;33.2369;90.4546;30.2895
-18.6445;27.7154;33.403;90.5064;30.5047
-18.6304;27.9055;33.5531;90.5574;30.6947
-18.6139;28.1081;33.7127;90.6108;30.8974
-18.5932;28.2897;33.8529;90.6535;31.0789
-18.5666;28.4817;33.9989;90.6945;31.2709
-18.5322;28.6798;34.1464;90.7307;31.4691
-18.5052;28.8649;34.2873;90.7697;31.6541
-18.4689;29.0538;34.4271;90.8018;31.843
-18.4289;29.2619;34.5815;90.8376;32.0511
-18.407;29.4663;34.7431;90.8894;32.2555
-18.3834;29.6527;34.8888;90.9337;32.4419
-18.3293;29.8555;35.0331;90.9558;32.6447

-18.2716;-29.9609;35.0929;90.968;32.8283
-18.2033;-29.7849;34.907;90.968;33.0043
-18.1308;-29.6145;34.7238;90.9624;33.1748
-18.0493;-29.4379;34.5307;90.9511;33.3513
-17.9519;-29.2523;34.3215;90.9289;33.5369
-17.8559;-29.0724;34.118;90.9062;33.7168
-17.7539;-28.8993;33.9171;90.8759;33.8899
-17.6869;-28.7236;33.7324;90.8795;34.0656
-17.6173;-28.5476;33.546;90.8811;34.2416
-17.5516;-28.3719;33.362;90.8866;34.4173
-17.4772;-28.1954;33.1728;90.8848;34.5938
-17.3966;-28.0305;32.9901;90.8733;34.7588
-17.3098;-27.8535;32.794;90.861;34.9357
-17.2539;-27.6936;32.6287;90.8709;35.0956
-17.1938;-27.5115;32.4425;90.8861;35.2777
-17.1238;-27.312;32.2362;90.8992;35.4772
-17.0455;-27.1276;32.0383;90.8993;35.6617
-16.9619;-26.9419;31.8366;90.8956;35.8473
-16.8825;-26.7809;31.6581;90.8862;36.0083
-16.8193;-26.6033;31.4742;90.8987;36.1859
-16.7576;-26.4278;31.2929;90.9123;36.3614
-16.6848;-26.2499;31.1037;90.9168;36.5393
-16.6199;-26.0523;30.9022;90.937;36.7369
-16.5651;-25.8598;30.7104;90.9649;36.9294
-16.5153;-25.6703;30.524;90.9965;37.1189
-16.4577;-25.4911;30.3423;91.0173;37.2981
-16.3949;-25.3289;30.172;91.0266;37.4603
-16.3154;-25.1285;29.9606;91.0368;37.6607
-16.2428;-24.9456;29.7676;91.0466;37.8436
-16.1879;-24.7558;29.5786;91.0758;38.0334
-16.1551;-24.5697;29.4051;91.1239;38.2195
-16.1368;-24.3776;29.2346;91.1881;38.4116
-16.0899;-24.1723;29.0377;91.2323;38.6169
-16.02;-23.9578;28.8204;91.26;38.8315
-15.9586;-23.7676;28.6283;91.2856;39.0216
-15.9013;-23.581;28.4414;91.3137;39.2082
-15.8409;-23.3777;28.2391;91.3467;39.4115
-15.7828;-23.1783;28.0416;91.3806;39.6109
-15.7257;-22.9975;27.8601;91.4076;39.7917
-15.6602;-22.8088;27.6673;91.431;39.9805
-15.6013;-22.6272;27.4843;91.4577;40.162
-15.5512;-22.4337;27.2968;91.4978;40.3555
-15.5034;-22.2458;27.1152;91.538;40.5434
-15.457;-22.0518;26.9295;91.5826;40.7375
-15.4376;-21.8688;26.7687;91.6467;40.9204
-15.4172;-21.6705;26.5951;91.7172;41.1187
-15.4041;-21.4761;26.4293;91.7929;41.3131
-15.3881;-21.2817;26.2623;91.8662;41.5075
-15.3595;-21.0872;26.088;91.9288;41.702
-15.3284;-20.8923;25.9123;91.9897;41.897
-15.2977;-20.6963;25.7363;92.0518;42.0929
-15.2706;-20.4967;25.5599;92.1192;42.2925
-15.2364;-20.3108;25.3904;92.1743;42.4784
-15.1755;-20.1122;25.1952;92.212;42.677
-15.1149;-19.9194;25.0049;92.2477;42.8698
-15.0441;-19.73;24.8112;92.2733;43.0592
-14.9689;-19.5439;24.6177;92.2938;43.2453
-14.8798;-19.3294;24.3934;92.3159;43.4598
-14.804;-19.1465;24.2022;92.3354;43.6428
-14.7112;-18.9589;23.9971;92.3424;43.8303
-14.6283;-18.7644;23.7927;92.3621;44.0248
-14.5139;-18.6008;23.5933;92.3397;44.1884
-14.4011;-18.4322;23.391;92.3216;44.357
-14.287;-18.2523;23.179;92.3082;44.5369
-14.1863;-18.0712;22.9743;92.3076;44.7181
-14.0874;-17.8838;22.7659;92.3121;44.9054
-13.9932;-17.7051;22.5673;92.3169;45.0841
-13.8933;-17.5301;22.3681;92.3154;45.2591
-13.7951;-17.3573;22.1716;92.3147;45.4319
-13.6948;-17.184;21.9735;92.313;45.6053
-13.6128;-17.0055;21.7829;92.33;45.7837
-13.5356;-16.8337;21.6006;92.3484;45.9555
-13.4503;-16.6607;21.4123;92.3607;46.1285
-13.3651;-16.4715;21.2117;92.3816;46.3177
-13.2817;-16.287;21.016;92.4021;46.5022
-13.185;-16.1192;20.8248;92.4033;46.67
-13.0893;-15.9473;20.6312;92.4078;46.842
-12.9884;-15.7533;20.4173;92.4193;47.0359
-12.8973;-15.5748;20.2216;92.432;47.2144
-12.8084;-15.3731;20.0096;92.4588;47.4161
-12.7291;-15.1794;19.8102;92.4903;47.6098
-12.6461;-15.0027;19.6215;92.5103;47.7865
-12.5398;-14.7905;19.3909;92.5292;47.9987
-12.42;-14.6523;19.208;92.4987;48.1369
-12.2836;-14.511;19.012;92.4559;48.2782
-12.1501;-14.3432;18.7976;92.4299;48.446
-12.0248;-14.1842;18.5954;92.4068;48.605
-11.8988;-14.0557;18.4159;92.3674;48.7335
-11.7608;-13.9407;18.2389;92.311;48.8486
-11.5988;-13.8141;18.0378;92.2407;48.9751
-11.4399;-13.6817;17.8343;92.1766;49.1075
-11.2795;-13.5524;17.6322;92.1099;49.2368
-11.1419;-13.4197;17.4421;92.0647;49.3695
-10.9729;-13.2541;17.2068;92.0112;49.5351
-10.8179;-13.1256;17.0091;91.95;49.6636
-10.6896;-12.997;16.8282;91.9116;49.7922
-10.5154;-12.8558;16.6086;91.8419;49.9334
-10.3639;-12.7369;16.4207;91.7796;50.0523
-10.2058;-12.5931;16.2094;91.7257;50.1961
-10.0548;-12.4608;16.0115;91.6719;50.3284
-9.92503;-12.3177;15.8188;91.6422;50.4715
-9.78265;-12.1703;15.6146;91.6048;50.6189
-9.631;-12.0175;15.4006;91.5631;50.7717
-9.48824;-11.8805;15.2044;91.5205;50.9087
-9.3459;-11.7485;15.0124;91.4758;51.0407
-9.19487;-11.6004;14.8025;91.4334;51.1889
-9.04892;-11.4642;14.6052;91.3888;51.325
-8.91172;-11.3214;14.4081;91.3557;51.4678
-8.77459;-11.1805;14.2126;91.322;51.6087
-8.64976;-11.0292;14.0165;91.3047;51.76
-8.5188;-10.8736;13.8132;91.2853;51.9156
-8.39436;-10.726;13.6203;91.2671;52.0633
-8.27578;-10.5793;13.4317;91.2536;52.2099
-8.12756;-10.4049;13.203;91.2321;52.3843
-7.99542;-10.25;12.9996;91.2131;52.5392
-7.85475;-10.0925;12.7889;91.1891;52.6968
-7.7291;-9.93058;12.5839;91.1803;52.8586
-7.60405;-9.77749;12.3863;91.1674;53.0117
-7.46619;-9.62029;12.1776;91.1469;53.1689
-7.35068;-9.45111;11.9731;91.1519;53.3381
-7.22408;-9.29754;11.7742;91.1394;53.4917
-7.06044;-9.14999;11.5573;91.0937;53.6392
-6.91212;-9.01683;11.3614;91.0525;53.7724
-6.75831;-8.87132;11.1524;91.0145;53.9179
-6.61243;-8.73418;10.9549;90.9784;54.055
-6.46925;-8.59663;10.7589;90.9452;54.1926
-6.32688;-8.46446;10.5677;90.9098;54.3248
-6.16423;-8.32749;10.3607;90.8615;54.4617
-6.00966;-8.20228;10.1683;90.813;54.5869
-5.87049;-8.06503;9.97534;90.7845;54.7242
-5.73943;-7.93173;9.79047;90.7605;54.8575
-5.60898;-7.81027;9.61566;90.7301;54.9789
-5.45088;-7.67237;9.41155;90.6882;55.1168
-5.29625;-7.56959;9.23845;90.628;55.2196
-5.12509;-7.46096;9.05166;90.5587;55.3282
-4.93377;-7.37172;8.87042;90.4619;55.4175
-4.75176;-7.28751;8.69983;90.3698;55.5017
-4.57325;-7.20894;8.53718;90.2774;55.5803
-4.39504;-7.11878;8.36621;90.1926;55.6704
-4.2163;-7.0287;8.19633;90.1078;55.7605
-4.05309;-6.92887;8.02725;90.0415;55.8603
-3.87559;-6.82734;7.85066;89.9655;55.9619
-3.71105;-6.71244;7.66999;89.9084;56.0768
-3.55875;-6.61202;7.50889;89.8521;56.1772
-3.38706;-6.48933;7.32008;89.7951;56.2999
-3.22791;-6.37015;7.14131;89.746;56.4191
-3.05906;-6.20246;6.91581;89.7204;56.5867
-2.91365;-6.07343;6.73617;89.6892;56.7158
-2.7574;-5.93572;6.54493;89.6554;56.8535
-2.60912;-5.80273;6.36232;89.6253;56.9865
-2.45809;-5.66619;6.1764;89.5958;57.123
-2.3173;-5.53153;5.9973;89.5734;57.2577
-2.16351;-5.39756;5.81502;89.541;57.3916
-2.00708;-5.26437;5.634;89.5065;57.5248
-1.84055;-5.12348;5.44405;89.4698;57.6657
-1.69889;-4.99365;5.27473;89.4453;57.7956
-1.5506;-4.86626;5.10733;89.4147;57.9229
-1.41398;-4.75094;4.95689;89.3855;58.0383
-1.26376;-4.60214;4.77251;89.3681;58.1871
-1.1311;-4.47414;4.61491;89.3509;58.3151
-0.991922;-4.31953;4.43195;89.3466;58.4697
-0.869007;-4.16125;4.25102;89.3575;58.628
-0.75489;-4.00855;4.07901;89.3718;58.7807
-0.639011;-3.84296;3.89572;89.3936;58.9463
-0.525193;-3.66799;3.7054;89.4237;59.1212
-0.416734;-3.50011;3.52483;89.4535;59.2891
-0.31588;-3.31593;3.33094;89.5003;59.4733
-0.219648;-3.13962;3.14729;89.5457;59.6496
-0.128878;-2.95703;2.95983;89.5999;59.8322
-0.0319904;-2.78509;2.78527;89.6428;60.0041
0.0634071;-2.61317;2.61394;89.6872;60.176
0.172765;-2.43601;2.44212;89.7252;60.3532
0.267578;-2.27466;2.29034;89.7638;60.5146
0.350734;-2.10561;2.13462;89.8165;60.6836
0.446957;-1.92948;1.98057;89.8648;60.8597
0.559343;-1.73048;1.81863;89.9171;61.0587
0.637912;-1.56691;1.69179;89.9707;61.2223
0.724462;-1.37801;1.55684;90.036;61.4112
0.818865;-1.19503;1.44867;90.092;61.5942
0.912192;-1.0097;1.36073;90.1508;61.7795
1.0012;-0.816092;1.29167;90.2189;61.9731
1.09703;-0.629762;1.26494;90.2775;62.1594
1.18905;-0.450762;1.27163;90.3342;62.3384
1.27751;-0.270085;1.30575;90.3951;62.5191
1.3591;-0.0956064;1.36246;90.457;62.6936
1.44907;0.0882703;1.45176;90.5198;62.8775
1.53005;0.266766;1.55313;90.5857;63.056
1.60098;0.459695;1.66567;90.6693;63.2489
1.67015;0.647443;1.79125;90.7509;63.4367
1.73462;0.825148;1.92088;90.8292;63.6144
1.80619;1.01817;2.0734;90.9135;63.8074
1.87447;1.2097;2.23092;90.9994;63.9989
1.93827;1.40126;2.39174;91.089;64.1905
2.00803;1.59089;2.56186;91.1733;64.3801
2.05906;1.78444;2.72469;91.274;64.5736
2.13442;1.96922;2.90407;91.3517;64.7584
2.22646;2.15106;3.09584;91.4158;64.9403
2.29136;2.32479;3.2642;91.4937;65.114
2.37212;2.52291;3.46295;91.5782;65.3121
2.45573;2.71496;3.66082;91.6568;65.5042
2.53638;2.90222;3.85436;91.7344;65.6914
2.61505;3.11419;4.06654;91.8315;65.9034
2.6723;3.30247;4.24823;91.9269;66.0917
2.72731;3.50704;4.4427;92.0359;66.2962
2.78827;3.68276;4.61922;92.1204;66.472
2.877;3.88807;4.83676;92.2073;66.6773
2.95694;4.06932;5.03019;92.2834;66.8585
3.04559;4.23037;5.21265;92.3391;67.0196
3.15369;4.39977;5.41329;92.3879;67.189
3.24458;4.54668;5.58566;92.4325;67.3359
3.33354;4.73473;5.79052;92.5087;67.5239
3.41792;4.9141;5.98586;92.5822;67.7033
3.50663;5.08971;6.18075;92.6503;67.8789
3.59171;5.26963;6.37725;92.7244;68.0588
3.67683;5.45047;6.57471;92.7995;68.2397
3.76317;5.63556;6.7765;92.8773;68.4248
3.85185;5.81757;6.97716;92.9516;68.6068
3.93544;6.02011;7.19231;93.0449;68.8093
4.04553;6.20817;7.40998;93.1101;68.9974
4.1472;6.35996;7.59265;93.1545;69.1492
4.24889;6.56104;7.81667;93.2358;69.3503
4.33886;6.73775;8.01393;93.3073;69.527
4.47139;6.90448;8.22589;93.3434;69.6937
4.59184;7.06592;8.42687;93.384;69.8551
4.70928;7.21574;8.61651;93.4183;70.0049
4.83888;7.38495;8.82906;93.4596;70.1742
4.97463;7.55579;9.04637;93.4984;70.345
5.09758;7.69606;9.23118;93.5232;70.4853
5.23091;7.84945;9.43273;93.5513;70.6387
5.34756;7.9953;9.6188;93.5852;70.7845
5.45113;8.14768;9.80304;93.6328;70.9369
5.56934;8.30374;9.99848;93.6741;71.0929
5.68498;8.48126;10.2103;93.7338;71.2705
5.76039;8.64385;10.3874;93.8085;71.4331
5.84191;8.82559;10.5839;93.8943;71.6148
5.94091;9.0103;10.7926;93.9713;71.7995
6.02691;9.18647;10.987;94.0506;71.9757
6.11196;9.37451;11.191;94.14;72.1637
6.21437;9.56823;11.4092;94.2229;72.3574
6.31724;9.75356;11.6206;94.2996;72.5428
6.4144;9.92744;11.8194;94.3714;72.7166
6.5092;10.1053;12.0203;94.4482;72.8945
6.60386;10.2853;12.2228;94.5271;73.0745
6.69737;10.4673;12.4266;94.6087;73.2565
6.78775;10.644;12.6241;94.6885;73.4332
6.85918;10.8175;12.8088;94.7781;73.6067
6.92637;11.0068;13.0048;94.8829;73.796
6.99889;11.1957;13.2034;94.9845;73.9849
7.09362;11.3804;13.4102;95.0691;74.1696
7.18374;11.5506;13.6023;95.1457;74.3398
7.28192;11.7207;13.7986;95.2175;74.5099
7.36874;11.8731;13.9739;95.2828;74.6623
7.48041;12.0527;14.1853;95.3544;74.8419
7.61311;12.2447;14.4185;95.4231;75.0339
7.72718;12.4071;14.6166;95.4805;75.1963
7.83224;12.5772;14.8166;95.55;75.3664
7.91605;12.7504;15.0079;95.6352;75.5396
8.00897;12.9327;15.2117;95.7223;75.7219
8.10208;13.1076;15.4095;95.8039;75.8968
8.18625;13.3003;15.6177;95.9054;76.0895
8.26529;13.4673;15.8014;95.9899;76.2565
8.3533;13.6538;16.0064;96.0848;76.443
8.44654;13.8022;16.1816;96.1465;76.5914
8.54883;13.9587;16.3685;96.2095;76.7479
8.65679;14.1096;16.5536;96.265;76.8988
8.76794;14.2658;16.7448;96.323;77.055
8.87626;14.4268;16.9388;96.387;77.2161
8.98885;14.5937;17.1399;96.4535;77.3829
9.11145;14.7557;17.3421;96.5105;77.5449
9.2298;14.9151;17.5399;96.5683;77.7043
9.35035;15.0556;17.7229;96.61;77.8448
9.4679;15.2014;17.9087;96.6579;77.9906
9.5892;15.3507;18.0997;96.707;78.1399
9.71117;15.5146;18.3032;96.7677;78.3038
9.82231;15.6755;18.4986;96.8328;78.4647
9.91488;15.8257;18.6751;96.9004;78.6149
10.0235;15.9955;18.8766;96.9748;78.7847
10.1265;16.1737;19.0823;97.0597;78.9629
10.2252;16.353;19.2867;97.1484;79.1422
10.3205;16.5323;19.4892;97.2394;79.3215
10.4174;16.7084;19.6899;97.3271;79.4976
10.4973;16.8943;19.89;97.433;79.6835
10.5809;17.0875;20.0982;97.5431;79.8767
10.6617;17.2726;20.2981;97.6485;80.0618
10.7323;17.4623;20.4967;97.7637;80.2515
10.781;17.6478;20.6803;97.8883;80.437
10.8316;17.827;20.8597;98.0068;80.6162
10.8769;18.0257;21.0531;98.1446;80.8149
10.9301;18.2123;21.2404;98.2682;81.0015
10.9902;18.4004;21.4326;98.3894;81.1896
11.0562;18.5896;21.629;98.5084;81.3789
11.1046;18.764;21.8037;98.6252;81.5532
11.1759;18.9425;21.9936;98.7328;81.7317
11.2464;19.1449;22.2038;98.861;81.9342
11.3052;19.3316;22.3946;98.9829;82.1208
11.3655;19.5212;22.5887;99.1067;82.3104
11.4255;19.7005;22.774;99.2223;82.4897
11.491;19.8978;22.9775;99.3501;82.6871
11.5497;20.0833;23.1676;99.4721;82.8726
11.5998;20.2701;23.3545;99.6001;83.0593
11.6632;20.4292;23.5241;99.6978;83.2185
11.7363;20.6147;23.7214;99.8125;83.4039
11.8207;20.7832;23.9096;99.9071;83.5724
11.9284;20.9568;24.1138;99.9935;83.7461
12.0015;21.1132;24.2858;100.085;83.9024
12.0712;21.3238;24.5034;100.223;84.113
12.1338;21.5149;24.7006;100.35;84.3041
12.1986;21.7056;24.8986;100.475;84.4948
12.2695;21.9039;25.1062;100.604;84.6931
12.3193;22.1049;25.306;100.746;84.8941
12.389;22.3069;25.5164;100.879;85.0961
12.4488;22.4995;25.7138;101.009;85.2887
12.507;22.6833;25.9028;101.133;85.4725
12.5945;22.8765;26.1142;101.25;85.6657
12.6704;23.0432;26.2969;101.351;85.8325
12.7661;23.2141;26.4927;101.445;86.0033
12.8805;23.3978;26.7089;101.54;86.187
12.9834;23.5612;26.9017;101.624;86.3504
13.0887;23.7372;27.1066;101.719;86.5264
13.1886;23.8901;27.2887;101.796;86.6793
13.2887;24.0446;27.4724;101.876;86.8338
13.4038;24.2201;27.6817;101.965;87.0093
13.5127;24.4042;27.8955;102.066;87.1934
13.6183;24.5693;28.0911;102.152;87.3585
13.7285;24.7297;28.2848;102.232;87.5189
13.844;24.8857;28.4773;102.306;87.675
13.9625;25.0716;28.6973;102.405;87.8608
14.0696;25.2392;28.8959;102.493;88.0284
14.186;25.3977;29.091;102.57;88.1869
14.3057;25.5551;29.2868;102.645;88.3444
14.4204;25.7258;29.4918;102.733;88.515
14.5473;25.8848;29.6925;102.806;88.674
14.6556;26.0559;29.8948;102.899;88.8452
14.7388;26.2041;30.0647;102.985;88.9933
14.8333;26.3675;30.2534;103.079;89.1567
14.9417;26.5362;30.4536;103.17;89.3254
15.0455;26.7148;30.6602;103.273;89.504
15.147;26.8878;30.8608;103.373;89.677
15.2463;27.0579;31.0577;103.471;89.8471
15.3502;27.2269;31.2559;103.566;90.0161
15.457;27.4304;31.4857;103.691;90.2196
15.5484;27.6257;31.7007;103.816;90.4149
15.6244;27.8162;31.904;103.944;90.6054
15.6888;27.998;32.094;104.071;90.7872
15.7684;28.1861;32.297;104.197;90.9753
15.8463;28.37;32.4956;104.319;91.1592
15.8978;28.5609;32.6874;104.461;91.3501
15.9646;28.7566;32.8909;104.6;91.5458
16.0305;28.9455;33.088;104.734;91.7347
16.0853;29.1379;33.283;104.876;91.9271
16.138;29.33;33.4766;105.019;92.1192
16.1559;29.5284;33.6591;105.184;92.3176
16.1744;29.726;33.8415;105.349;92.5152
16.1833;29.9509;34.0434;105.542;92.7401

16.2003;-29.8463;33.9596;105.712;92.9429
16.2171;-29.622;33.7707;105.902;93.1672
16.2604;-29.4223;33.6166;106.057;93.3669
16.3053;-29.2252;33.466;106.209;93.564
16.366;-29.029;33.3246;106.353;93.7602
16.4048;-28.8443;33.183;106.498;93.9449
16.4636;-28.6526;33.0458;106.639;94.1366
16.5167;-28.4579;32.9037;106.786;94.3313
16.5947;-28.2527;32.7658;106.931;94.5365
16.6598;-28.0569;32.6304;107.074;94.7323
16.7216;-27.8616;32.4943;107.218;94.9276
16.8026;-27.6534;32.358;107.365;95.1358
16.8478;-27.4565;32.2134;107.519;95.3327
16.8917;-27.2737;32.0809;107.661;95.5155
16.9663;-27.0713;31.9486;107.806;95.7179
17.0343;-26.8795;31.8226;107.945;95.9097
17.0941;-26.6954;31.6994;108.081;96.0938
17.1602;-26.4841;31.5576;108.239;96.3051
17.2188;-26.2939;31.4302;108.381;96.4953
17.2804;-26.1095;31.31;108.518;96.6797
17.3419;-25.8971;31.1673;108.679;96.8921
17.3953;-25.6919;31.0269;108.838;97.0973
17.4335;-25.4955;30.8861;108.996;97.2937
17.4658;-25.2793;30.7262;109.174;97.5099
17.4979;-25.0804;30.5811;109.338;97.7088
17.5288;-24.8745;30.4303;109.508;97.9147
17.5603;-24.6821;30.2914;109.666;98.1072
17.6189;-24.4867;30.1666;109.815;98.3025
17.6716;-24.2955;30.0426;109.962;98.4937
17.7244;-24.1051;29.9201;110.109;98.6841
17.7795;-23.9148;29.7998;110.256;98.8744
17.8152;-23.7394;29.6806;110.397;99.0498
17.861;-23.5437;29.552;110.553;99.2455
17.909;-23.3503;29.4274;110.705;99.4389
17.9494;-23.1521;29.2951;110.866;99.6371
17.9679;-22.944;29.1423;111.044;99.8452
17.9981;-22.7457;29.0051;111.21;100.044
18.0375;-22.5281;28.8594;111.388;100.261
18.045;-22.3441;28.7207;111.551;100.445
18.0447;-22.1689;28.5845;111.709;100.62
18.0437;-21.9517;28.4157;111.905;100.838
18.0393;-21.744;28.2527;112.094;101.045
18.0629;-21.535;28.1074;112.272;101.254
18.0878;-21.3347;27.9703;112.442;101.455
18.1157;-21.135;27.8365;112.61;101.654
18.1441;-20.938;27.7057;112.776;101.851
18.1762;-20.7275;27.5682;112.952;102.062
18.2009;-20.5393;27.4433;113.112;102.25
18.213;-20.3215;27.2887;113.303;102.468
18.2377;-20.104;27.1438;113.49;102.685
18.2428;-19.8978;26.9948;113.674;102.891
18.2837;-19.7081;26.8831;113.828;103.081
18.3304;-19.5117;26.7714;113.987;103.278
18.3706;-19.3183;26.6585;114.145;103.471
18.4169;-19.1342;26.5575;114.292;103.655
18.4599;-18.9381;26.4466;114.452;103.851
18.5;-18.7461;26.3375;114.61;104.043
18.5292;-18.5337;26.2074;114.79;104.256
18.5594;-18.3404;26.0925;114.953;104.449
18.5887;-18.1453;25.9768;115.118;104.644
18.6268;-17.9496;25.8678;115.28;104.84
18.6711;-17.7572;25.7668;115.437;105.032
18.7184;-17.5495;25.6586;115.606;105.24
18.765;-17.3468;25.5546;115.772;105.442
18.8296;-17.1627;25.4777;115.913;105.627
18.8952;-16.9738;25.3996;116.058;105.815
18.9748;-16.7875;25.335;116.195;106.002
19.0427;-16.6068;25.2668;116.332;106.182
19.104;-16.4377;25.2024;116.462;106.352
19.1704;-16.2491;25.1304;116.607;106.54
19.2443;-16.0642;25.068;116.746;106.725
19.2949;-15.9084;25.0074;116.868;106.881
19.3555;-15.7155;24.9322;117.02;107.074
19.4278;-15.5332;24.8741;117.158;107.256
19.5002;-15.3453;24.814;117.301;107.444
19.5721;-15.1583;24.7556;117.443;107.631
19.6566;-14.9883;24.719;117.565;107.801
19.7414;-14.8176;24.6837;117.688;107.972
19.8589;-14.6202;24.6602;117.822;108.169
19.9581;-14.4521;24.6412;117.938;108.337
20.061;-14.2803;24.6246;118.055;108.509
20.1581;-14.1127;24.6072;118.171;108.677
20.2516;-13.9382;24.5846;118.295;108.851
20.3392;-13.7674;24.5606;118.418;109.022
20.4299;-13.5885;24.5362;118.547;109.201
20.5213;-13.4138;24.5164;118.672;109.375
20.618;-13.2441;24.5053;118.791;109.545
20.7363;-13.0686;24.5108;118.908;109.721
20.8516;-12.892;24.5151;119.026;109.897
20.9649;-12.7231;24.5236;119.139;110.066
21.1068;-12.5621;24.5622;119.233;110.227
21.2415;-12.4216;24.6068;119.312;110.368
21.3885;-12.2825;24.6643;119.385;110.507
21.537;-12.1435;24.7246;119.458;110.646
21.667;-12.0001;24.7681;119.542;110.789
21.7974;-11.8678;24.8188;119.615;110.921
21.9439;-11.7144;24.8749;119.703;111.075
22.0667;-11.5649;24.9136;119.796;111.224
22.1937;-11.4033;24.9519;119.899;111.386
22.3169;-11.2477;24.9911;119.998;111.542
22.4377;-11.0939;25.0305;120.097;111.695
22.5727;-10.9384;25.0834;120.192;111.851
22.7042;-10.7882;25.137;120.283;112.001
22.8392;-10.6368;25.1947;120.375;112.152
22.9628;-10.4837;25.2427;120.473;112.306
23.0833;-10.3143;25.2828;120.588;112.475
23.1939;-10.1772;25.3285;120.676;112.612
23.3163;-10.0129;25.3753;120.785;112.776
23.447;-9.84863;25.4314;120.892;112.941
23.5602;-9.69026;25.4752;121;113.099
23.6738;-9.54541;25.5257;121.095;113.244
23.7971;-9.3878;25.5819;121.199;113.401
23.9266;-9.21092;25.6383;121.318;113.578
24.0444;-9.04865;25.6907;121.429;113.741
24.1554;-8.88067;25.7362;121.548;113.909
24.2674;-8.71463;25.7847;121.664;114.075
24.3841;-8.54957;25.8395;121.779;114.24
24.5008;-8.38626;25.8963;121.892;114.403
24.6171;-8.18955;25.9436;122.036;114.6
24.7109;-8.02351;25.9809;122.16;114.766
24.8136;-7.87554;26.0334;122.264;114.914
24.9299;-7.70663;26.0939;122.383;115.083
25.0395;-7.53394;26.1483;122.508;115.255
25.1417;-7.36795;26.1991;122.63;115.421
25.2237;-7.19778;26.2306;122.762;115.591
25.3074;-7.01138;26.2606;122.91;115.778
25.3869;-6.82429;26.2882;123.059;115.965
25.4622;-6.64487;26.3149;123.203;116.144
25.5388;-6.46023;26.3432;123.352;116.329
25.6023;-6.2732;26.3597;123.507;116.516
25.6807;-6.10129;26.3955;123.643;116.688
25.7673;-5.9177;26.4381;123.788;116.872
25.8643;-5.74763;26.4952;123.917;117.042
25.9627;-5.5698;26.5534;124.053;117.219
26.0621;-5.40699;26.6171;124.174;117.382
26.1887;-5.21222;26.7023;124.317;117.577
26.2974;-5.04526;26.777;124.44;117.744
26.4097;-4.88429;26.8576;124.556;117.905
26.524;-4.70463;26.938;124.689;118.085
26.6363;-4.53459;27.0196;124.814;118.255
26.7318;-4.35618;27.0845;124.953;118.433
26.8503;-4.17955;27.1736;125.082;118.61
26.9543;-4.03636;27.2548;125.185;118.753
27.0722;-3.87462;27.3481;125.301;118.915
27.1864;-3.71765;27.4394;125.415;119.072
27.2853;-3.54117;27.5141;125.551;119.248
27.3814;-3.3662;27.5876;125.687;119.423
27.4943;-3.19555;27.6794;125.814;119.594
27.5956;-3.03048;27.7615;125.94;119.759
27.7024;-2.85989;27.8497;126.069;119.929
27.8053;-2.7023;27.9363;126.187;120.087
27.9171;-2.53357;28.0318;126.314;120.256
28.0342;-2.36212;28.1336;126.441;120.427
28.1523;-2.2144;28.2392;126.546;120.575
28.2747;-2.03467;28.3478;126.68;120.755
28.3904;-1.88635;28.453;126.787;120.903
28.5025;-1.73687;28.5553;126.896;121.052
28.6058;-1.58253;28.6496;127.012;121.207
28.7232;-1.41952;28.7583;127.133;121.37
28.8339;-1.23912;28.8605;127.272;121.55
28.9146;-1.0619;28.9341;127.417;121.727
28.9975;-0.87787;29.0108;127.569;121.911
29.0836;-0.701655;29.0921;127.712;122.088
29.1734;-0.517472;29.178;127.862;122.272
29.2619;-0.335859;29.2638;128.01;122.453
29.3445;-0.160576;29.3449;128.153;122.629
29.4294;0.0410406;29.4294;128.322;122.83
29.5108;0.219005;29.5116;128.468;123.008
29.5978;0.396669;29.6005;128.613;123.186
29.6745;0.56503;29.6798;128.753;123.354
29.7698;0.725758;29.7786;128.88;123.515
29.8757;0.882964;29.8887;129;123.672
29.9915;1.04167;30.0096;129.119;123.831

-29.8817;1.21438;29.9064;129.249;124.004
-29.7377;1.38147;29.7698;129.369;124.171
-29.6171;1.52263;29.6563;129.471;124.312
-29.4909;1.67206;29.5382;129.579;124.461
-29.3594;1.8285;29.4163;129.693;124.618
-29.2493;1.94894;29.3142;129.778;124.738
-29.1145;2.09572;29.1898;129.882;124.885
-28.9628;2.24796;29.0499;129.987;125.037
-28.8337;2.39719;28.9332;130.095;125.186
-28.6917;2.56107;28.8058;130.215;125.35
-28.5473;2.69065;28.6739;130.3;125.48
-28.3985;2.82416;28.5386;130.389;125.613
-28.2472;2.97446;28.4034;130.493;125.764
-28.1045;3.1068;28.2757;130.583;125.896
-27.9543;3.22572;28.1398;130.658;126.015
-27.8013;3.34596;28.0019;130.733;126.135
-27.6711;3.46821;27.8876;130.817;126.257
-27.5289;3.61136;27.7647;130.918;126.401
-27.361;3.76172;27.6184;131.02;126.551
-27.2006;3.88913;27.4772;131.102;126.678
-27.0474;3.99675;27.3411;131.166;126.786
-26.9045;4.1226;27.2185;131.251;126.912
-26.7453;4.2596;27.0824;131.343;127.049
-26.5811;4.41104;26.9446;131.448;127.2
-26.4377;4.53321;26.8236;131.53;127.322
-26.2852;4.66525;26.696;131.62;127.454
-26.1292;4.79573;26.5657;131.708;127.585
-25.9749;4.92306;26.4373;131.793;127.712
-25.8192;5.04716;26.3079;131.875;127.836
-25.6628;5.17189;26.1788;131.957;127.961
-25.5094;5.30046;26.0543;132.045;128.09
-25.3524;5.42381;25.9261;132.126;128.213
-25.1972;5.5553;25.8023;132.217;128.345
-25.0373;5.68562;25.6747;132.305;128.475
-24.8784;5.80427;25.5465;132.382;128.593
-24.7225;5.92278;25.4221;132.46;128.712
-24.5634;6.04383;25.296;132.541;128.833
-24.4316;6.16665;25.1978;132.629;128.956
-24.2836;6.30133;25.0879;132.726;129.091
-24.1352;6.43676;24.9788;132.823;129.226
-23.9885;6.56204;24.8698;132.911;129.351
-23.8396;6.69879;24.7629;133.01;129.488
-23.6922;6.8341;24.6582;133.108;129.623
-23.5488;6.96638;24.5576;133.204;129.756
-23.3906;7.08761;24.4409;133.287;129.877
-23.2341;7.22353;24.3311;133.384;130.013
-23.0738;7.35249;24.2169;133.474;130.142
-22.9167;7.50507;24.1144;133.588;130.294
-22.7752;7.64568;24.0243;133.694;130.435
-22.6535;7.79529;23.9572;133.814;130.584
-22.5373;7.96224;23.9025;133.951;130.751
-22.4232;8.12795;23.8508;134.088;130.917
-22.3084;8.29702;23.8014;134.229;131.086
-22.2132;8.45913;23.7694;134.367;131.248
-22.1135;8.63265;23.7388;134.515;131.422
-22.0235;8.81445;23.7219;134.673;131.604
-21.944;8.99;23.7141;134.828;131.779
-21.8668;9.16568;23.71;134.983;131.955
-21.7813;9.34525;23.7015;135.141;132.134
-21.6905;9.52528;23.6898;135.298;132.314
-21.6058;9.74091;23.7002;135.491;132.53
-21.5288;9.92174;23.705;135.652;132.711
-21.4499;10.1182;23.7166;135.828;132.907
-21.378;10.3396;23.7471;136.03;133.129
-21.3255;10.5187;23.7786;136.195;133.308
-21.2723;10.7099;23.8162;136.371;133.499
-21.2154;10.9017;23.8525;136.547;133.691
-21.1602;11.0888;23.8897;136.719;133.878
-21.1183;11.262;23.9336;136.88;134.051
-21.0705;11.4534;23.9822;137.058;134.243
-21.0191;11.6457;24.0297;137.236;134.435
-20.9686;11.8388;24.0798;137.415;134.628
-20.9199;12.0369;24.1357;137.599;134.826
-20.8722;12.2312;24.1919;137.78;135.02
-20.8342;12.4413;24.2662;137.979;135.231
-20.8062;12.6401;24.3448;138.168;135.429
-20.7786;12.8375;24.4244;138.356;135.627
-20.7484;13.0487;24.5105;138.557;135.838
-20.7289;13.2574;24.6058;138.758;136.047
-20.6871;13.4604;24.6807;138.949;136.25
-20.6567;13.6503;24.7594;139.129;136.439
-20.624;13.8353;24.8347;139.304;136.624
-20.592;14.032;24.9184;139.491;136.821
-20.5504;14.2197;24.9904;139.667;137.009
-20.5101;14.4089;25.0655;139.844;137.198
-20.4656;14.6088;25.1447;140.032;137.398
-20.4239;14.8045;25.2251;140.216;137.594
-20.3587;15.0229;25.3015;140.418;137.812
-20.311;15.2267;25.3848;140.609;138.016
-20.2791;15.4255;25.4792;140.798;138.215
-20.2482;15.627;25.5772;140.99;138.416
-20.2297;15.836;25.6909;141.191;138.625
-20.2241;16.0266;25.8044;141.377;138.816
-20.2413;16.2323;25.946;141.583;139.021
-20.2606;16.4382;26.0903;141.788;139.227
-20.2969;16.6378;26.2446;141.991;139.427
-20.2984;16.8303;26.3682;142.181;139.619
-20.3057;17.0388;26.5074;142.387;139.828
-20.3386;17.2338;26.6582;142.584;140.023
-20.3723;17.4337;26.8136;142.787;140.223
-20.3816;17.6257;26.9458;142.977;140.415
-20.3908;17.8186;27.0792;143.169;140.608
-20.3966;18.0262;27.2207;143.374;140.815
-20.4205;18.2208;27.3678;143.569;141.01
-20.4611;18.4087;27.5234;143.761;141.198
-20.5001;18.6059;27.6845;143.962;141.395
-20.5312;18.8172;27.8499;144.176;141.606
-20.5581;19.011;28.001;144.371;141.8
-20.5966;19.2059;28.1618;144.57;141.995
-20.6359;19.4047;28.3264;144.773;142.194
-20.6757;19.6014;28.4903;144.973;142.391
-20.7281;19.7922;28.6598;145.17;142.581
-20.7865;19.984;28.8347;145.37;142.773
-20.8453;20.165;29.0027;145.559;142.954
-20.9074;20.3552;29.1797;145.757;143.144
-20.9691;20.5457;29.3569;145.956;143.335
-21.0422;20.7324;29.5399;146.153;143.522
-21.1;20.947;29.7319;146.375;143.736
-21.1436;21.1337;29.8945;146.566;143.923
-21.1916;21.3281;30.0661;146.766;144.117
-21.2402;21.522;30.2382;146.966;144.311
-21.2721;21.7411;30.4167;147.187;144.53
-21.3003;21.9379;30.5773;147.385;144.727
-21.3344;22.1293;30.7386;147.58;144.918
-21.3673;22.313;30.8938;147.766;145.102
-21.3915;22.4832;31.0337;147.938;145.272
-21.403;22.6796;31.1842;148.133;145.469
-21.4126;22.8681;31.3281;148.32;145.657
-21.4234;23.0614;31.4769;148.512;145.851
-21.4437;23.2595;31.636;148.71;146.049
-21.4681;23.4545;31.7961;148.906;146.244
-21.5114;23.6763;31.9891;149.132;146.465
-21.5578;23.8757;32.1681;149.337;146.665
-21.6237;24.0864;32.3688;149.556;146.876
-21.6802;24.2824;32.5525;149.76;147.072
-21.7199;24.4879;32.7324;149.969;147.277
-21.7579;24.6843;32.9047;150.169;147.474
-21.7889;24.8769;33.0699;150.364;147.666
-21.8176;25.074;33.2373;150.563;147.863
-21.8484;25.2753;33.4095;150.766;148.065
-21.8886;25.466;33.5802;150.961;148.255
-21.9275;25.6471;33.743;151.146;148.436
-21.9557;25.8368;33.9056;151.338;148.626
-21.9899;26.0412;34.0837;151.545;148.83
-22.0206;26.2395;34.2552;151.746;149.029
-22.0518;26.4499;34.4366;151.958;149.239
-22.0878;26.6483;34.6122;152.16;149.438
-22.1235;26.8451;34.7866;152.36;149.634
-22.1576;27.0435;34.9615;152.561;149.833
-22.189;27.2548;35.145;152.775;150.044
-22.2355;27.45;35.3259;152.975;150.239
-22.2765;27.6774;35.5286;153.206;150.467
-22.3124;27.8735;35.704;153.405;150.663
-22.3617;28.0612;35.8814;153.599;150.85
-22.4234;28.2284;36.0507;153.775;151.018
-22.4741;28.4228;36.2345;153.975;151.212
-22.5193;28.6207;36.4179;154.178;151.41
-22.5639;28.8157;36.5988;154.378;151.605
-22.6105;29.0089;36.7798;154.577;151.798
-22.6597;29.2049;36.9647;154.778;151.994
-22.7092;29.397;37.1469;154.976;152.186
-22.7702;29.5931;37.3394;155.181;152.382
-22.8453;29.7856;37.5379;155.384;152.575
-22.9089;29.961;37.7158;155.568;152.75

-22.9724;-29.8446;37.6621;155.771;152.945
-23.0569;-29.6786;37.5824;155.95;153.111
-23.1514;-29.5197;37.5153;156.124;153.27
-23.2343;-29.3498;37.4331;156.307;153.439
-23.3348;-29.1731;37.3575;156.499;153.616
-23.4337;-28.9997;37.2843;156.688;153.79
-23.525;-28.8555;37.2299;156.847;153.934
-23.6364;-28.6805;37.1652;157.04;154.109
-23.7567;-28.5243;37.1216;157.217;154.265
-23.8696;-28.3682;37.0744;157.392;154.421
-24.0037;-28.2284;37.0543;157.555;154.561
-24.1562;-28.0857;37.0449;157.725;154.704
-24.2868;-27.9538;37.0306;157.879;154.835
-24.4308;-27.7992;37.0089;158.059;154.99
-24.5366;-27.6583;36.9733;158.218;155.131
-24.6571;-27.4976;36.9336;158.4;155.292
-24.7823;-27.3434;36.903;158.575;155.446
-24.9067;-27.1922;36.8749;158.748;155.597
-25.0339;-27.0376;36.8473;158.925;155.752
-25.1584;-26.8806;36.8172;159.104;155.909
-25.2832;-26.7289;36.7923;159.277;156.06
-25.4018;-26.5628;36.7537;159.464;156.226
-25.5202;-26.3951;36.7149;159.652;156.394
-25.6354;-26.2338;36.6796;159.833;156.555
-25.7502;-26.0686;36.6421;160.018;156.721
-25.8542;-25.8971;36.5937;160.207;156.892
-25.9579;-25.7268;36.547;160.395;157.062
-26.0626;-25.5581;36.5031;160.581;157.231
-26.1698;-25.3853;36.4592;160.772;157.404
-26.2495;-25.2182;36.4004;160.952;157.571
-26.3435;-25.0262;36.3358;161.159;157.763
-26.4442;-24.8434;36.2834;161.359;157.946
-26.5396;-24.6829;36.2436;161.535;158.106
-26.6476;-24.5106;36.2058;161.726;158.279
-26.7501;-24.3341;36.1624;161.92;158.455
-26.8587;-24.1656;36.1298;162.107;158.624
-26.9702;-23.9973;36.1007;162.295;158.792
-27.0826;-23.8274;36.0723;162.484;158.962
-27.211;-23.6728;36.0672;162.662;159.116
-27.3428;-23.5187;36.066;162.84;159.271
-27.4765;-23.3597;36.0643;163.024;159.43
-27.5911;-23.224;36.0641;163.18;159.565
-27.7243;-23.0658;36.0648;163.363;159.723
-27.8647;-22.8776;36.0531;163.576;159.912
-27.9779;-22.7277;36.046;163.747;160.062
-28.0892;-22.5749;36.0365;163.92;160.214
-28.2058;-22.4208;36.0314;164.095;160.368
-28.3288;-22.2563;36.0259;164.282;160.533
-28.4768;-22.1222;36.0599;164.444;160.667
-28.6334;-21.9834;36.099;164.613;160.806
-28.7787;-21.8442;36.13;164.78;160.945
-28.9215;-21.6964;36.1551;164.955;161.093
-29.0595;-21.5402;36.1723;165.138;161.249
-29.1883;-21.3753;36.1782;165.326;161.414
-29.3164;-21.2292;36.1957;165.497;161.56
-29.4608;-21.083;36.2275;165.671;161.706
-29.5843;-20.9264;36.2373;165.851;161.863
-29.6942;-20.7685;36.2364;166.029;162.021
-29.8086;-20.6045;36.2367;166.214;162.185
-29.9328;-20.4489;36.251;166.393;162.34

29.9478;-20.2761;36.1662;166.588;162.513
29.8342;-20.0794;35.9619;166.804;162.71
29.7187;-19.9032;35.7679;167.002;162.886
29.62;-19.7501;35.6007;167.173;163.039
29.5231;-19.5806;35.4262;167.36;163.209
29.4296;-19.4107;35.2545;167.546;163.378
29.3324;-19.2241;35.0707;167.75;163.565
29.2399;-19.047;34.8964;167.943;163.742
29.1472;-18.8702;34.7224;168.136;163.919
29.0524;-18.7039;34.5525;168.319;164.085
28.9397;-18.5164;34.3564;168.527;164.273
28.8471;-18.3386;34.1828;168.721;164.451
28.7538;-18.1616;34.0092;168.914;164.628
28.6596;-17.985;33.8354;169.107;164.804
28.5503;-17.8103;33.6501;169.302;164.979
28.4537;-17.6458;33.4812;169.484;165.143
28.3423;-17.4655;33.2916;169.685;165.324
28.2329;-17.2939;33.1086;169.877;165.495
28.1244;-17.1248;32.9278;170.066;165.664
27.9927;-16.9547;32.7269;170.262;165.834
27.8624;-16.8149;32.5431;170.427;165.974
27.7345;-16.6732;32.3605;170.594;166.116
27.6029;-16.5244;32.1711;170.769;166.265
27.4756;-16.3664;31.9808;170.952;166.423
27.3512;-16.2272;31.8027;171.116;166.562
27.2166;-16.0789;31.6113;171.291;166.71
27.0879;-15.9255;31.4225;171.47;166.864
26.9614;-15.7791;31.2394;171.642;167.01
26.8326;-15.6297;31.0528;171.817;167.16
26.6932;-15.4576;30.8458;172.017;167.332
26.5751;-15.3019;30.6657;172.195;167.487
26.4606;-15.1697;30.5005;172.351;167.619
26.3295;-15.0469;30.3258;172.501;167.742
26.193;-14.9089;30.1388;172.667;167.88
26.046;-14.7673;29.9411;172.839;168.022
25.8925;-14.6042;29.7272;173.033;168.185
25.7513;-14.4531;29.5301;173.213;168.336
25.6022;-14.2953;29.3229;173.402;168.494
25.4747;-14.1185;29.1254;173.604;168.671
25.3357;-13.9521;28.9233;173.799;168.837
25.2088;-13.7952;28.7366;173.981;168.994
25.086;-13.6388;28.5539;174.162;169.15
24.9574;-13.482;28.3661;174.345;169.307
24.8319;-13.3264;28.1818;174.526;169.463
24.7061;-13.1684;27.9963;174.71;169.621
24.5819;-13.0119;27.8133;174.891;169.777
24.4683;-12.8418;27.6335;175.084;169.947
24.3579;-12.6755;27.4586;175.272;170.114
24.2619;-12.5112;27.2978;175.454;170.278
24.1469;-12.3082;27.1029;175.679;170.481
24.0519;-12.135;26.9398;175.87;170.654
23.9635;-11.9741;26.7886;176.048;170.815
23.8615;-11.7964;26.6181;176.245;170.993
23.7742;-11.6243;26.4639;176.433;171.165
23.6904;-11.4488;26.3118;176.624;171.34
23.6077;-11.2646;26.1575;176.822;171.525
23.5152;-11.0939;26.0008;177.01;171.695
23.4316;-10.9106;25.8473;177.209;171.879
23.3491;-10.7288;25.696;177.405;172.06
23.2671;-10.5398;25.5431;177.608;172.249
23.2026;-10.3715;25.4151;177.787;172.418
23.1316;-10.1804;25.2727;177.99;172.609
23.0645;-9.98143;25.1316;178.199;172.808
22.9951;-9.79127;24.9929;178.4;172.998
22.9346;-9.61589;24.8689;178.585;173.173
22.8516;-9.43859;24.7241;178.778;173.351
22.7607;-9.24872;24.568;178.984;173.54
22.6861;-9.08148;24.4363;179.164;173.708
22.6182;-8.92204;24.3143;179.336;173.867
22.5356;-8.73748;24.1701;179.535;174.052
22.4693;-8.57409;24.0496;179.709;174.215
22.3896;-8.38548;23.9084;179.912;174.404
22.324;-8.2052;23.7842;180.103;174.584
22.2599;-8.00924;23.6569;180.308;174.78
22.2014;-7.81151;23.5356;180.514;174.978
22.1324;-7.59253;23.3985;180.744;175.197
22.0859;-7.41664;23.2979;180.926;175.373
22.0487;-7.21403;23.1989;181.131;175.575
22.0143;-7.0187;23.1061;181.329;175.771
21.9805;-6.82111;23.0146;181.529;175.968
21.9513;-6.63058;22.9308;181.721;176.159
21.9265;-6.42807;22.8494;181.923;176.361
21.8999;-6.23677;22.7707;182.115;176.552
21.8717;-6.05693;22.6949;182.296;176.732
21.8417;-5.86054;22.6143;182.494;176.929
21.8093;-5.65162;22.5297;182.704;177.138
21.7803;-5.45405;22.4528;182.903;177.335
21.7575;-5.24247;22.3802;183.114;177.547
21.7446;-5.04289;22.3217;183.31;177.746
21.7481;-4.85508;22.2834;183.492;177.934
21.7516;-4.65133;22.2433;183.689;178.138
21.7515;-4.45797;22.2036;183.876;178.331
21.7625;-4.27154;22.1777;184.054;178.518
21.7746;-4.09367;22.1561;184.224;178.696
21.8039;-3.91442;22.1525;184.391;178.875
21.8447;-3.71405;22.1582;184.575;179.075
21.8875;-3.5205;22.1688;184.752;179.269
21.936;-3.33181;22.1876;184.924;179.457
21.9846;-3.14043;22.2078;185.098;179.649
22.0269;-2.96563;22.2257;185.257;179.824
22.0758;-2.76998;22.2489;185.436;180.019
22.1034;-2.57028;22.2524;185.623;180.219
22.1327;-2.37609;22.2599;185.804;180.413
22.1689;-2.18025;22.2759;185.986;180.609
22.2281;-1.98054;22.3161;186.166;180.809
22.2777;-1.77035;22.348;186.358;181.019
22.3356;-1.5782;22.3913;186.531;181.211
22.3892;-1.38672;22.4321;186.704;181.402
22.4433;-1.20884;22.4759;186.864;181.58
22.4938;-1.01475;22.5167;187.041;181.774
22.5428;-0.825944;22.5579;187.213;181.963
22.6001;-0.646798;22.6094;187.374;182.142
22.6255;-0.452959;22.63;187.556;182.336
22.6529;-0.267154;22.6545;187.73;182.522
22.6784;-0.0634975;22.6785;187.922;182.726
22.7244;0.110717;22.7247;188.081;182.9
22.7908;0.293118;22.7927;188.243;183.082
22.8605;0.47602;22.8654;188.405;183.265
22.9288;0.656387;22.9382;188.564;183.446
22.9961;0.834842;23.0113;188.722;183.624
23.0562;1.0448;23.0798;188.913;183.834
23.1083;1.23934;23.1415;189.09;184.029
23.1638;1.45341;23.2094;189.286;184.243
23.2309;1.69139;23.2924;189.502;184.481
23.2861;1.88015;23.3618;189.673;184.669
23.3566;2.07265;23.4483;189.845;184.862
23.4338;2.23677;23.5403;189.987;185.026
23.5218;2.41739;23.6457;190.143;185.207
23.6042;2.61814;23.749;190.32;185.407
23.6711;2.8018;23.8363;190.484;185.591
23.7623;2.98393;23.9489;190.641;185.773
23.8565;3.17607;24.0669;190.807;185.965
23.9417;3.3619;24.1766;190.969;186.151
24.0251;3.54439;24.2852;191.128;186.334
24.1114;3.72585;24.3976;191.286;186.515
24.2199;3.90318;24.5324;191.435;186.692
24.3074;4.08729;24.6486;191.595;186.877
24.368;4.25746;24.7372;191.748;187.047
24.442;4.44399;24.8427;191.913;187.233
24.4901;4.63103;24.9241;192.085;187.42
24.5406;4.81811;25.0091;192.257;187.607
24.5722;5.00843;25.0774;192.436;187.798
24.6141;5.20865;25.1591;192.622;187.998
24.6633;5.42804;25.2535;192.825;188.217
24.7202;5.6502;25.3577;193.03;188.439
24.7659;5.82851;25.4425;193.194;188.618
24.8149;6.02231;25.5352;193.373;188.812
24.866;6.20521;25.6286;193.54;188.994
24.9146;6.40404;25.7245;193.724;189.193
24.9526;6.60157;25.8111;193.909;189.391
24.99;6.80275;25.8994;194.097;189.592
25.0342;6.9709;25.9866;194.252;189.76
25.0699;7.1819;26.0783;194.45;189.971
25.1006;7.37263;26.161;194.63;190.162
25.1394;7.57327;26.2554;194.818;190.362
25.1806;7.78125;26.3554;195.013;190.57
25.2196;7.97586;26.4508;195.194;190.765
25.2546;8.15334;26.5381;195.36;190.943
25.2893;8.32928;26.6256;195.525;191.118
25.3168;8.53047;26.7154;195.716;191.32
25.3529;8.74031;26.8172;195.914;191.53
25.3826;8.93832;26.9104;196.101;191.728
25.425;9.15058;27.0215;196.3;191.94
25.4919;9.33759;27.1482;196.468;192.127
25.5561;9.52159;27.2723;196.635;192.311
25.6247;9.72707;27.4088;196.822;192.516
25.6921;9.92421;27.5422;197;192.713
25.7793;10.1177;27.6937;197.172;192.907
25.8609;10.3224;27.8449;197.355;193.112
25.936;10.5098;27.9845;197.523;193.299
25.9928;10.7062;28.1114;197.704;193.495
26.0484;10.8987;28.2365;197.881;193.688
26.0788;11.0884;28.3382;198.06;193.878
26.11;11.2855;28.4446;198.247;194.075
26.1515;11.4785;28.5598;198.427;194.268
26.2004;11.678;28.6851;198.612;194.467
26.245;11.87;28.8045;198.791;194.659
26.2928;12.0482;28.9218;198.956;194.837
26.3542;12.2411;29.0583;199.133;195.03
26.4148;12.4312;29.1937;199.307;195.22
26.4715;12.62;29.3258;199.48;195.409
26.5447;12.7985;29.4691;199.64;195.588
26.5946;12.9976;29.6009;199.825;195.787
26.6275;13.1724;29.7075;199.99;195.962
26.6749;13.3883;29.8462;200.192;196.178
26.7109;13.5866;29.9678;200.379;196.376
26.74;13.7831;30.0833;200.566;196.572
26.7701;14;30.2099;200.773;196.789
26.7909;14.1967;30.3199;200.961;196.986
26.8352;14.4013;30.4553;201.153;197.19
26.8724;14.5984;30.5817;201.339;197.388
26.9245;14.8058;30.7269;201.532;197.595
26.9798;14.9956;30.8671;201.708;197.785
27.043;15.1871;31.0156;201.883;197.976
27.1292;15.3368;31.1643;202.013;198.126
27.2293;15.5132;31.3383;202.166;198.302
27.3288;15.6867;31.5109;202.317;198.476
27.4145;15.8543;31.6688;202.465;198.643
27.4849;16.0152;31.8105;202.609;198.804
27.563;16.1907;31.9665;202.767;198.98
27.6438;16.3795;32.132;202.936;199.169
27.728;16.5612;32.2973;203.099;199.35
27.8122;16.7424;32.4627;203.26;199.532
27.8915;16.9196;32.6222;203.419;199.709
27.9769;17.1028;32.7904;203.583;199.892
28.0489;17.2963;32.953;203.759;200.085
28.1195;17.4841;33.112;203.93;200.273
28.1577;17.6799;33.2481;204.115;200.469
28.2005;17.8854;33.3939;204.309;200.675
28.2458;18.0866;33.5403;204.498;200.876
28.2946;18.2707;33.6809;204.67;201.06
28.3401;18.4671;33.826;204.854;201.256
28.3835;18.6601;33.9679;205.036;201.449
28.4252;18.8733;34.1203;205.238;201.663
28.4879;19.0719;34.2826;205.421;201.861
