#1 AntPos X	#2 AntVel X	#3 AntPos Y	#4 AntVel Y	#5 AntAngle	
-9.30758;-0.755221;5.77631;1.80703;1.96667;
-9.39886;-0.912794;5.97556;1.99247;2.00038;
-9.46814;-0.692752;6.16933;1.93774;1.91414;
-9.54538;-0.772451;6.33183;1.62502;2.01453;
-9.63642;-0.910379;6.49493;1.63097;2.0799;
-9.71344;-0.77022;6.67671;1.81777;1.97158;
-9.80276;-0.893149;6.86805;1.91344;2.00751;
-9.90272;-0.999606;7.04504;1.76988;2.08492;
-10.0118;-1.09094;7.2039;1.58857;2.17257;
-10.1324;-1.20593;7.37299;1.69093;2.19031;
-10.2476;-1.1515;7.53524;1.62252;2.188;
-10.3627;-1.15114;7.6955;1.60261;2.19369;
-10.4914;-1.28732;7.84517;1.49663;2.28115;
-10.6219;-1.30482;8.00649;1.61323;2.2509;
-10.7397;-1.17861;8.16853;1.62044;2.19964;
-10.8585;-1.18718;8.33183;1.633;2.19941;
-10.9782;-1.1971;8.48861;1.56781;2.22291;
-11.1059;-1.27752;8.63972;1.51104;2.27264;
-11.2241;-1.18196;8.79838;1.58666;2.21105;
-11.3281;-1.03937;8.96459;1.66205;2.12965;
-11.4292;-1.0117;9.1382;1.73611;2.09843;
-11.5281;-0.988923;9.309;1.70804;2.09562;
-11.6206;-0.924921;9.48495;1.75942;2.05479;
-11.7274;-1.06769;9.65059;1.65645;2.14334;
-11.8365;-1.09143;9.81531;1.64717;2.15598;
-11.9575;-1.2098;9.98101;1.65705;2.20144;
-12.0766;-1.1909;10.1371;1.56093;2.22253;
-12.2065;-1.29868;10.3069;1.6975;2.22386;
-12.3118;-1.053;10.467;1.60128;2.15249;
-12.4219;-1.10156;10.6322;1.65179;2.15895;
-12.5348;-1.12927;10.8272;1.9501;2.09569;
-12.6338;-0.989769;11.0002;1.72983;2.09051;
-12.7364;-1.02621;11.1715;1.71335;2.11044;
-12.8377;-1.01231;11.3424;1.7095;2.10544;
-12.9377;-1.00031;11.5197;1.77301;2.08446;
-13.03;-0.922771;11.6943;1.74577;2.05704;
-13.1202;-0.90253;11.8675;1.73175;2.05123;
-13.2082;-0.879223;12.0525;1.85038;2.01437;
-13.2868;-0.786906;12.2289;1.76321;1.99056;
-13.3478;-0.609917;12.4233;1.94419;1.87479;
-13.42;-0.721181;12.6236;2.00358;1.9163;
-13.4832;-0.632195;12.8223;1.98661;1.87889;
-13.551;-0.678739;13.0023;1.79977;1.93143;
-13.6108;-0.597564;13.2095;2.07212;1.85156;
-13.6567;-0.45899;13.4042;1.94742;1.80226;
-13.6977;-0.409503;13.6047;2.00503;1.77226;
-13.7384;-0.407452;13.8226;2.17847;1.7557;
-13.7749;-0.364911;14.019;1.96461;1.75445;
-13.819;-0.441079;14.2197;2.00687;1.78714;
-13.8581;-0.391332;14.4144;1.94691;1.76915;
-13.8988;-0.406231;14.6066;1.92162;1.77913;
-13.9367;-0.379789;14.8083;2.01723;1.75689;
-13.9762;-0.394667;14.9957;1.87442;1.77832;
-14.011;-0.347934;15.2033;2.07518;1.73692;
-14.0172;-0.0621863;15.3786;1.75393;1.60624;
-14.0295;-0.122953;15.5748;1.96197;1.63338;
-14.0388;-0.0925184;15.7878;2.12907;1.61422;
-14.0464;-0.0768871;15.9892;2.01419;1.60895;
-14.0726;-0.261592;16.179;1.89802;1.70776;
-14.0906;-0.179686;16.3666;1.87599;1.66629;
-14.1069;-0.163162;16.5964;2.29805;1.64168;
-14.1192;-0.123151;16.7874;1.90981;1.63519;
-14.159;-0.398432;17.011;2.2364;1.7471;
-14.214;-0.54955;17.2032;1.92196;1.8493;
-14.2531;-0.39114;17.3964;1.93229;1.77052;
-14.2891;-0.359534;17.6039;2.07486;1.74237;
-14.3408;-0.517173;17.8292;2.25289;1.79645;
-14.4334;-0.926382;18.0081;1.78867;2.04867;
-14.5238;-0.904083;18.1861;1.78066;2.0406;
-14.6191;-0.952441;18.3545;1.684;2.08553;
-14.7057;-0.866523;18.5297;1.75203;2.0301;
-14.7928;-0.870438;18.7037;1.73995;2.03466;
-14.8808;-0.88038;18.8846;1.8083;2.02387;
-14.9746;-0.938109;19.0748;1.90268;2.02886;
-15.0586;-0.84013;19.2711;1.96303;1.97519;
-15.154;-0.953522;19.4262;1.55075;2.12209;
-15.2346;-0.80625;19.6034;1.7721;1.99777;
-15.3136;-0.789801;19.7934;1.90026;1.9647;
-15.4083;-0.947214;19.9591;1.65682;2.09015;
-15.4906;-0.823247;20.1177;1.58559;2.04969;
-15.5941;-1.03469;20.2583;1.40623;2.20514;
-15.716;-1.21888;20.4205;1.62147;2.21539;
-15.8304;-1.14426;20.5839;1.63474;2.1815;
-15.9205;-0.900723;20.7429;1.58994;2.08623;
-16.0156;-0.950542;20.9219;1.79002;2.05895;
-16.1233;-1.07796;21.1054;1.83439;2.10208;
-16.2262;-1.02859;21.2757;1.70313;2.11411;
-16.3496;-1.23345;21.4246;1.48883;2.26266;
-16.489;-1.3941;21.5696;1.45011;2.33651;
-16.6116;-1.22594;21.7212;1.51668;2.25058;
-16.7329;-1.21359;21.8682;1.46949;2.26111;
-16.8687;-1.35753;22.0458;1.77609;2.22341;
-16.9906;-1.21945;22.2059;1.60145;2.2216;
-17.1114;-1.20741;22.3652;1.59312;2.21933;
-17.2388;-1.27472;22.5215;1.5627;2.25505;
-17.3443;-1.05436;22.6669;1.45402;2.19819;
-17.4584;-1.1415;22.8262;1.59245;2.19272;
-17.5774;-1.19023;22.9936;1.67398;2.18888;
-17.6888;-1.1137;23.1466;1.53081;2.19976;
-17.8108;-1.21944;23.323;1.76358;2.17576;
-17.9087;-0.979725;23.4865;1.63497;2.11065;
-18.0098;-1.01123;23.6581;1.71614;2.10327;
-18.0919;-0.820881;23.8071;1.4894;2.07452;
-18.1824;-0.904889;23.9812;1.74097;2.05013;
-18.2773;-0.948335;24.1585;1.7736;2.06181;
-18.3738;-0.965896;24.3416;1.83076;2.05627;
-18.4688;-0.949276;24.5182;1.76591;2.06404;
-18.5631;-0.943348;24.6842;1.66032;2.08748;
-18.6642;-1.01065;24.858;1.7383;2.09743;
-18.764;-0.998366;25.0321;1.74081;2.09151;
-18.8672;-1.03229;25.2156;1.8349;2.08325;
-18.9657;-0.985019;25.3962;1.80636;2.07003;
-19.0457;-0.79944;25.5835;1.87229;1.97435;
-19.1161;-0.704462;25.7905;2.07054;1.89874;
-19.1782;-0.620636;25.9935;2.02934;1.86759;
-19.215;-0.36818;26.1791;1.85586;1.76664;
-19.2494;-0.343789;26.3526;1.73581;1.76632;
-19.3118;-0.623579;26.5321;1.79477;1.90519;
-19.3753;-0.6351;26.7255;1.93391;1.8881;
-19.4342;-0.589326;26.9139;1.88427;1.87392;
-19.5082;-0.740128;27.1007;1.86725;1.94817;
-19.582;-0.738395;27.3074;2.06699;1.9139;
-19.6421;-0.600247;27.4958;1.88475;1.87912;
-19.7011;-0.590237;27.6816;1.85786;1.87841;
-19.7628;-0.616886;27.8734;1.91792;1.88199;
-19.8233;-0.605607;28.062;1.88589;1.88152;
-19.8937;-0.703598;28.228;1.66054;1.97158;
-19.9776;-0.839323;28.41;1.81939;2.00302;
-20.0568;-0.791927;28.5803;1.70286;2.0061;
-20.1489;-0.920989;28.7599;1.79584;2.04467;
-20.2402;-0.91264;28.9382;1.78331;2.04381;
-20.331;-0.908243;29.118;1.7982;2.0385;
-20.4525;-1.21481;29.3077;1.89691;2.14041;
-20.5614;-1.08898;29.477;1.69341;2.14229;
-20.6637;-1.02296;29.6323;1.55307;2.15324;
-20.7743;-1.10624;29.8017;1.69317;2.14953;
-20.8863;-1.11993;29.9676;1.65971;2.16439;

-20.9982;-1.11849;-29.864;1.68339;2.15725;
-21.1075;-1.09341;-29.7044;1.5964;2.17133;
-21.2141;-1.06593;-29.5453;1.59064;2.16119;
-21.3264;-1.1234;-29.381;1.64291;2.17056;
-21.4306;-1.04151;-29.2082;1.72803;2.11321;
-21.5321;-1.015;-29.0403;1.67887;2.11457;
-21.627;-0.94923;-28.8658;1.74536;2.06891;
-21.7468;-1.1977;-28.681;1.84793;2.14586;
-21.8581;-1.11313;-28.5093;1.71742;2.14587;
-21.9505;-0.923876;-28.3563;1.52942;2.1142;
-22.0275;-0.76984;-28.1815;1.74877;1.98549;
-22.1143;-0.868306;-27.9951;1.86362;2.00681;
-22.1902;-0.75905;-27.8054;1.89688;1.95144;
-22.2659;-0.757261;-27.6201;1.85307;1.95874;
-22.3413;-0.753685;-27.4436;1.76493;1.97439;
-22.3981;-0.568526;-27.2576;1.86038;1.86738;
-22.4673;-0.691157;-27.05;2.0758;1.89221;
-22.5307;-0.633945;-26.86;1.89958;1.8929;
-22.6011;-0.704356;-26.6654;1.94599;1.91808;
-22.6651;-0.639773;-26.483;1.82473;1.90802;
-22.7247;-0.596014;-26.2763;2.06682;1.85155;
-22.7671;-0.42465;-26.0987;1.7758;1.80552;
-22.8173;-0.501584;-25.8949;2.03785;1.81213;
-22.8638;-0.464908;-25.6922;2.02756;1.79619;
-22.9158;-0.519939;-25.496;1.96124;1.82994;
-22.9623;-0.464944;-25.3001;1.9595;1.80376;
-22.9995;-0.372153;-25.0877;2.12375;1.74427;
-23.0364;-0.368815;-24.8865;2.01171;1.75212;
-23.0664;-0.30037;-24.7015;1.85013;1.73174;
-23.1086;-0.421518;-24.5083;1.93215;1.78559;
-23.1408;-0.32244;-24.3131;1.95234;1.73447;
-23.1912;-0.504185;-24.1087;2.04376;1.81266;
-23.2422;-0.51012;-23.9153;1.93413;1.82867;
-23.2816;-0.393888;-23.7236;1.91648;1.7735;
-23.3211;-0.394929;-23.5275;1.96159;1.76947;
-23.3642;-0.43075;-23.3297;1.9778;1.78524;
-23.408;-0.43839;-23.1413;1.88444;1.79937;
-23.4451;-0.370461;-22.9609;1.80318;1.77343;
-23.4802;-0.350995;-22.7535;2.07473;1.73839;
-23.5042;-0.240668;-22.5733;1.80199;1.70357;
-23.5343;-0.300213;-22.3622;2.11055;1.71209;
-23.5523;-0.180835;-22.1765;1.85757;1.66784;
-23.573;-0.20687;-21.9698;2.06648;1.67057;
-23.5917;-0.186386;-21.7451;2.24743;1.65354;
-23.6033;-0.115986;-21.5368;2.08255;1.62643;
-23.5922;0.110182;-21.3186;2.18255;1.52036;
-23.603;-0.107446;-21.1276;1.90941;1.62701;
-23.6033;-0.00287599;-20.929;1.9856;1.57224;
-23.5944;0.0889539;-20.7264;2.0266;1.52693;
-23.5725;0.218595;-20.5327;1.93729;1.45844;
-23.5571;0.154564;-20.3339;1.98806;1.49321;
-23.5347;0.223519;-20.1427;1.9113;1.45438;
-23.509;0.257546;-19.9606;1.82146;1.43033;
-23.4823;0.266265;-19.7696;1.91004;1.43229;
-23.4687;0.136474;-19.5717;1.97876;1.50194;
-23.448;0.20731;-19.3514;2.20312;1.47697;
-23.4326;0.153566;-19.1614;1.8994;1.49012;
-23.4137;0.189252;-18.961;2.00489;1.47668;
-23.3882;0.255084;-18.7594;2.01556;1.44491;
-23.3735;0.14666;-18.5714;1.88021;1.49295;
-23.3503;0.232005;-18.3766;1.94825;1.45227;
-23.3357;0.145533;-18.1709;2.05694;1.50016;
-23.2929;0.428374;-17.9804;1.90441;1.34954;
-23.2328;0.601239;-17.7809;1.9948;1.27805;
-23.1719;0.608629;-17.5852;1.95696;1.26927;
-23.1139;0.580619;-17.3931;1.92139;1.27733;
-23.0518;0.620354;-17.1931;2.00044;1.27009;
-22.9782;0.736143;-17.0036;1.89416;1.20012;
-22.9036;0.746455;-16.8228;1.80885;1.17942;
-22.8187;0.848623;-16.6487;1.74039;1.11711;
-22.7157;1.0297;-16.4691;1.79634;1.0503;
-22.6217;0.940021;-16.2694;1.9967;1.13079;
-22.4994;1.22319;-16.0982;1.71205;0.950431;
-22.3774;1.22035;-15.9234;1.74861;0.961481;
-22.2437;1.33663;-15.7719;1.51436;0.847656;
-22.1106;1.33155;-15.6182;1.53712;0.856934;
-21.9597;1.50894;-15.4504;1.67764;0.838287;
-21.8337;1.25992;-15.2885;1.61937;0.909593;
-21.7073;1.26341;-15.135;1.53461;0.882019;
-21.5938;1.13557;-14.9765;1.58589;0.949383;
-21.4755;1.18231;-14.8135;1.62917;0.94302;
-21.3698;1.05728;-14.6464;1.67182;1.00688;
-21.2765;0.933237;-14.4747;1.71634;1.07278;
-21.1586;1.17844;-14.2989;1.75868;0.980442;
-21.0447;1.13941;-14.1297;1.69174;0.97807;
-20.9534;0.91291;-13.9616;1.68074;1.07322;
-20.8699;0.835137;-13.7887;1.72909;1.12085;
-20.7798;0.900603;-13.6315;1.57191;1.05052;
-20.6656;1.14288;-13.4897;1.41844;0.892571;
-20.5415;1.24095;-13.3349;1.54786;0.895007;
-20.4181;1.23393;-13.1794;1.55453;0.899871;
-20.2871;1.30954;-13.0297;1.49748;0.85225;
-20.1568;1.30342;-12.8722;1.57483;0.879416;
-20.0228;1.33954;-12.7313;1.40878;0.810589;
-19.8821;1.40716;-12.5876;1.43741;0.796031;
-19.7414;1.4074;-12.4291;1.58468;0.84458;
-19.6082;1.33158;-12.273;1.5612;0.864609;
-19.494;1.14192;-12.1007;1.72251;0.985378;
-19.3865;1.07498;-11.9328;1.67952;1.00145;
-19.2941;0.924094;-11.7395;1.93324;1.1249;
-19.2215;0.725618;-11.5757;1.63741;1.15365;
-19.1955;0.260327;-11.3861;1.89583;1.43433;
-19.201;-0.0549238;-11.1736;2.12506;1.59664;
-19.2335;-0.325233;-10.9512;2.22444;1.71598;
-19.2516;-0.180772;-10.7779;1.73306;1.67473;
-19.2839;-0.323243;-10.571;2.06925;1.72576;
-19.315;-0.310299;-10.3731;1.97845;1.72637;
-19.3405;-0.255499;-10.1744;1.98714;1.69867;
-19.3647;-0.241478;-10.0031;1.71263;1.71087;
-19.3875;-0.228057;-9.80379;1.99338;1.68471;
-19.4446;-0.571376;-9.60391;1.99883;1.84923;
-19.494;-0.493656;-9.40391;1.99994;1.81279;
-19.5515;-0.575419;-9.21024;1.93676;1.85959;
-19.6088;-0.573283;-9.01819;1.92044;1.86089;
-19.6677;-0.588821;-8.80875;2.09446;1.84485;
-19.7199;-0.521891;-8.63857;1.70178;1.86836;
-19.7835;-0.635831;-8.4425;1.96073;1.88438;
-19.8415;-0.580351;-8.24341;1.99086;1.85444;
-19.8861;-0.445503;-8.06864;1.74768;1.82039;
-19.938;-0.519251;-7.86302;2.05626;1.81815;
-19.9982;-0.602304;-7.661;2.02013;1.86056;
-20.0336;-0.35384;-7.45828;2.02722;1.7436;
-20.0702;-0.365609;-7.26243;1.95854;1.75535;
-20.1192;-0.490718;-7.09098;1.71452;1.84956;
-20.1744;-0.551457;-6.89821;1.92769;1.84943;
-20.2226;-0.481733;-6.69928;1.9893;1.80838;
-20.2663;-0.437677;-6.5029;1.96378;1.79009;
-20.3068;-0.404768;-6.30702;1.95878;1.77457;
-20.3373;-0.304579;-6.1078;1.99221;1.72251;
-20.3862;-0.489484;-5.92189;1.85908;1.82825;
-20.4194;-0.332098;-5.72319;1.98701;1.7364;
-20.4555;-0.360977;-5.51488;2.08308;1.74238;
-20.4838;-0.283162;-5.30899;2.05892;1.70747;
-20.5203;-0.364912;-5.10809;2.00898;1.75048;
-20.5619;-0.415546;-4.91578;1.92316;1.7836;
-20.6023;-0.404645;-4.71734;1.98436;1.77196;
-20.6462;-0.438899;-4.50501;2.12326;1.77464;
-20.6903;-0.440956;-4.30722;1.97798;1.79014;
-20.7339;-0.435459;-4.11016;1.97057;1.78828;
-20.7681;-0.342054;-3.90703;2.03128;1.73762;
-20.8103;-0.422158;-3.70234;2.04693;1.77418;
-20.835;-0.246801;-3.53086;1.71481;1.71374;
-20.8625;-0.274855;-3.32522;2.05639;1.70367;
-20.8776;-0.151342;-3.13216;1.93063;1.64903;
-20.8912;-0.136086;-2.93285;1.99309;1.63897;
-20.9142;-0.230379;-2.73114;2.01702;1.68452;
-20.9461;-0.318502;-2.51585;2.15298;1.71767;
-20.99;-0.438823;-2.33268;1.83164;1.80594;
-21.0532;-0.632684;-2.15451;1.78176;1.912;
-21.1238;-0.705293;-1.96304;1.91468;1.92373;
-21.1779;-0.540859;-1.78709;1.75946;1.86903;
-21.2276;-0.497186;-1.59271;1.94387;1.8212;
-21.2855;-0.579629;-1.38337;2.09335;1.84092;
-21.3069;-0.213846;-1.21124;1.72127;1.6944;
-21.3335;-0.265407;-0.998514;2.1273;1.69492;
-21.3536;-0.201161;-0.807937;1.90577;1.67596;
-21.3494;0.0421954;-0.641619;1.66317;1.54543;
-21.358;-0.0864417;-0.446756;1.94864;1.61513;
-21.3469;0.110728;-0.238086;2.08669;1.51778;
-21.3402;0.0671853;-0.0331301;2.04956;1.53803;
-21.3451;-0.0490114;0.161716;1.94846;1.59594;
-21.3447;0.00378785;0.363355;2.0164;1.56892;
-21.3424;0.0230551;0.55937;1.96014;1.55903;
-21.3298;0.126721;0.757951;1.98582;1.50707;
-21.3178;0.119336;0.929503;1.71552;1.50135;
-21.3043;0.135039;1.12893;1.99425;1.50319;
-21.293;0.112951;1.33056;2.01629;1.51484;
-21.2784;0.146123;1.52735;1.96795;1.49668;
-21.259;0.19421;1.71536;1.88008;1.46786;
-21.2477;0.113261;1.90987;1.94507;1.51263;
-21.2381;0.0961633;2.10739;1.97527;1.52215;
-21.2285;0.0954277;2.30717;1.99778;1.52307;
-21.2125;0.160529;2.50343;1.9626;1.48918;
-21.1838;0.286501;2.70821;2.04776;1.43179;
-21.1621;0.216653;2.89365;1.85442;1.45449;
-21.1453;0.168474;3.09392;2.00272;1.48687;
-21.1172;0.28147;3.28272;1.888;1.4228;
-21.0866;0.30583;3.47591;1.93185;1.41379;
-21.0573;0.292313;3.65984;1.83931;1.41319;
-21.0385;0.187985;3.84535;1.85513;1.46981;
-21.01;0.28495;4.04539;2.00041;1.4293;
-20.9907;0.193306;4.25305;2.07659;1.47798;
-20.9798;0.108807;4.46387;2.10816;1.51923;
-20.97;0.0978403;4.66289;1.99021;1.52168;
-20.9907;-0.20654;4.84368;1.80793;1.68454;
-20.9932;-0.0246534;5.0215;1.77822;1.58466;
-20.9993;-0.0618122;5.22114;1.99636;1.60175;
-20.9978;0.0152168;5.4228;2.0166;1.56325;
-20.9917;0.0613044;5.63021;2.07413;1.54125;
-20.9822;0.0946544;5.85137;2.21155;1.52802;
-20.9762;0.0605641;6.05169;2.00327;1.54057;
-20.9653;0.10918;6.24352;1.91823;1.51394;
-20.9758;-0.10569;6.45018;2.06664;1.62189;
-20.9884;-0.126111;6.6565;2.06322;1.63184;
-21.001;-0.125881;6.86503;2.08529;1.63109;
-21.0046;-0.0358873;7.07544;2.10408;1.58785;
-20.9975;0.0708001;7.27563;2.00186;1.53544;
-20.9829;0.146198;7.47225;1.96622;1.49658;
-20.9494;0.33463;7.66862;1.96368;1.40201;
-20.9162;0.332094;7.86433;1.95718;1.40272;
-20.8963;0.199202;8.05956;1.95229;1.46911;
-20.8747;0.215973;8.26665;2.07084;1.46688;
-20.8599;0.148297;8.46803;2.01382;1.49729;
-20.864;-0.041535;8.64884;1.80813;1.59376;
-20.8666;-0.0255411;8.8403;1.91458;1.58414;
-20.8642;0.0243524;9.03943;1.99127;1.55857;
-20.8679;-0.0371198;9.23537;1.95941;1.58974;
-20.8588;0.0909469;9.42231;1.86941;1.52218;
-20.8438;0.149491;9.62446;2.02154;1.49698;
-20.8029;0.408984;9.81489;1.90422;1.35923;
-20.7444;0.585207;9.99688;1.81994;1.25969;
-20.6771;0.673538;10.1925;1.95638;1.23923;
-20.6221;0.549287;10.3683;1.7577;1.26791;
-20.5533;0.688632;10.5436;1.75292;1.19647;
-20.4728;0.80455;10.734;1.90405;1.17101;
-20.3978;0.750455;10.9204;1.86452;1.18814;
-20.3218;0.759526;11.1125;1.92091;1.19426;
-20.2255;0.962661;11.3043;1.91791;1.1056;
-20.1466;0.789839;11.4798;1.75466;1.14783;
-20.0602;0.863239;11.6628;1.83045;1.13013;
-19.9856;0.746906;11.8311;1.68256;1.15302;
-19.9078;0.777947;12.0103;1.7925;1.16133;
-19.8157;0.921032;12.2042;1.93867;1.12728;
-19.7342;0.814069;12.3881;1.83858;1.15397;
-19.6541;0.801649;12.557;1.68954;1.12777;
-19.5566;0.974567;12.7311;1.7404;1.06033;
-19.4565;1.00152;12.8804;1.49358;0.98011;
-19.3558;1.00681;13.0425;1.62089;1.01497;
-19.2433;1.1245;13.2264;1.83914;1.02202;
-19.1526;0.907262;13.4246;1.98176;1.14147;
-19.0766;0.760105;13.588;1.6341;1.13541;
-18.995;0.815556;13.769;1.81009;1.14748;
-18.9078;0.872591;13.9537;1.84737;1.12952;
-18.8351;0.726893;14.1419;1.88194;1.2022;
-18.7639;0.712403;14.3325;1.90597;1.2131;
-18.6925;0.713331;14.515;1.82488;1.19817;
-18.5823;1.10229;14.6982;1.83194;1.02912;
-18.4763;1.05949;14.8653;1.67034;1.00554;
-18.3681;1.08262;15.0217;1.56475;0.965541;
-18.2565;1.11595;15.1797;1.57945;0.955692;
-18.1423;1.14203;15.3411;1.6145;0.95515;
-18.0077;1.34566;15.4914;1.50323;0.840652;
-17.879;1.28688;15.6531;1.61634;0.898395;
-17.7536;1.25391;15.8016;1.48483;0.869516;
-17.6353;1.18337;15.9667;1.65092;0.948887;
-17.5191;1.16193;16.1288;1.62173;0.949097;
-17.3949;1.24182;16.3028;1.73928;0.950746;
-17.2826;1.123;16.4582;1.55454;0.945193;
-17.1905;0.920949;16.5841;1.25906;0.939269;
-17.0618;1.28708;16.7418;1.57662;0.886162;
-16.9446;1.17207;16.9011;1.59358;0.936643;
-16.8258;1.18849;17.0601;1.58931;0.928703;
-16.7128;1.12972;17.2221;1.62036;0.961949;
-16.6051;1.07651;17.3838;1.61685;0.98339;
-16.4879;1.17205;17.552;1.68209;0.962232;
-16.3544;1.33536;17.7162;1.64177;0.887956;
-16.2273;1.2714;17.8769;1.60739;0.901582;
-16.1019;1.25369;18.0426;1.65654;0.922951;
-15.9747;1.27193;18.2058;1.63185;0.908716;
-15.84;1.34755;18.3704;1.64693;0.885046;
-15.7038;1.36113;18.5149;1.4442;0.815001;
-15.5724;1.31392;18.6631;1.48269;0.845674;
-15.4338;1.3862;18.8096;1.46434;0.812803;
-15.2964;1.37396;18.9524;1.42786;0.804632;
-15.1477;1.48702;19.0857;1.33308;0.730866;
-14.9979;1.49781;19.2229;1.37249;0.741765;
-14.8591;1.38806;19.3778;1.54914;0.840184;
-14.7302;1.28903;19.5263;1.48461;0.855795;
-14.5988;1.31432;19.6773;1.51063;0.854777;
-14.4718;1.26997;19.8321;1.54792;0.883716;
-14.3356;1.36183;20.0141;1.81989;0.928382;
-14.2133;1.22296;20.1823;1.68151;0.941982;
-14.1056;1.07755;20.3426;1.60297;0.978958;
-13.9936;1.11997;20.5081;1.65524;0.975932;
-13.8854;1.08206;20.6748;1.66668;0.994961;
-13.776;1.09415;20.8411;1.66359;0.989022;
-13.6443;1.31657;21.0025;1.61399;0.886539;
-13.5408;1.0354;21.1378;1.35264;0.917473;
-13.415;1.2577;21.2697;1.31947;0.809363;
-13.278;1.36954;21.422;1.52236;0.838193;
-13.1443;1.33705;21.5706;1.48624;0.838195;
-13.0168;1.27568;21.7259;1.55293;0.883103;
-12.8905;1.26268;21.8889;1.63042;0.911828;
-12.7678;1.22674;22.0468;1.5788;0.910232;
-12.6453;1.225;22.2049;1.58048;0.911434;
-12.5226;1.2274;22.3625;1.57658;0.90929;
-12.4235;0.990369;22.5124;1.49929;0.987035;
-12.3019;1.21646;22.6861;1.73639;0.959688;
-12.2103;0.916442;22.8524;1.6633;1.0672;
-12.0976;1.12658;23.0281;1.75682;1.00059;
-11.9898;1.07835;23.1979;1.69774;1.00492;
-11.8899;0.999075;23.37;1.721;1.04482;
-11.7923;0.975358;23.5437;1.73737;1.05924;
-11.6791;1.13194;23.7076;1.63849;0.966242;
-11.5521;1.26983;23.8521;1.4458;0.850107;
-11.4234;1.28691;23.9995;1.47348;0.852883;
-11.2916;1.31801;24.1487;1.49226;0.847325;
-11.159;1.32683;24.2981;1.49366;0.844478;
-11.0191;1.39852;24.4178;1.19717;0.707983;
-10.861;1.58063;24.5515;1.33698;0.702083;
-10.6934;1.67658;24.6894;1.37901;0.688317;
-10.54;1.53349;24.8164;1.26981;0.691613;
-10.3884;1.516;24.9405;1.24097;0.685968;
-10.2464;1.42084;25.069;1.28486;0.735182;
-10.0918;1.54593;25.2113;1.42306;0.744035;
-9.93232;1.59446;25.3351;1.23864;0.660457;
-9.76862;1.63698;25.4658;1.30688;0.673731;
-9.61206;1.56564;25.5911;1.25307;0.67496;
-9.44974;1.62311;25.7108;1.19705;0.635457;
-9.2912;1.58546;25.8182;1.07359;0.595226;
-9.12293;1.68272;25.9335;1.1536;0.600966;
-8.96576;1.57172;26.0663;1.3273;0.701287;
-8.78778;1.77977;26.1934;1.27146;0.620323;
-8.62218;1.65594;26.321;1.27595;0.656514;
-8.45989;1.62297;26.4407;1.19729;0.635592;
-8.30317;1.5672;26.5539;1.13152;0.625342;
-8.11008;1.93093;26.6833;1.2936;0.590265;
-7.94444;1.65638;26.7834;1.00154;0.543838;
-7.77049;1.73948;26.8936;1.10194;0.56468;
-7.59893;1.71564;27.018;1.24351;0.627179;
-7.43765;1.61276;27.1361;1.18092;0.632034;
-7.25268;1.84974;27.257;1.20964;0.579147;
-7.08946;1.63218;27.3682;1.11178;0.597972;
-6.93058;1.58874;27.4747;1.06481;0.590459;
-6.75077;1.79813;27.5757;1.01042;0.511956;
-6.57978;1.7099;27.6556;0.798642;0.436958;
-6.39302;1.86764;27.726;0.704013;0.360482;
-6.22129;1.71726;27.8038;0.778031;0.425401;
-6.03666;1.84633;27.8882;0.844051;0.428785;
-5.83474;2.01919;27.9659;0.777527;0.367569;
-5.6504;1.84337;28.0191;0.531616;0.280775;
-5.45441;1.95995;28.0435;0.244302;0.124008;
-5.26224;1.92165;28.0693;0.25786;0.13339;
-5.06429;1.97951;28.097;0.276366;0.138716;
-4.86873;1.95566;28.1143;0.173143;0.088304;
-4.67385;1.94876;28.1381;0.238321;0.121689;
-4.48759;1.86261;28.1672;0.290629;0.154785;
-4.29626;1.91327;28.2116;0.444514;0.228283;
-4.09748;1.98787;28.2552;0.436155;0.215986;
-3.87513;2.22349;28.2774;0.221509;0.0992949;
-3.68381;1.91316;28.309;0.316061;0.163724;
-3.47945;2.04357;28.342;0.330591;0.160382;
-3.2774;2.02054;28.3896;0.475427;0.231093;
-3.08079;1.96606;28.4604;0.708303;0.34579;
-2.89705;1.83748;28.5272;0.667653;0.348521;
-2.72481;1.72231;28.623;0.958252;0.507726;
-2.51708;2.07733;28.7103;0.873319;0.397971;
-2.3386;1.78478;28.7798;0.694413;0.371054;
-2.15081;1.87791;28.8584;0.786415;0.396583;
-1.966;1.84808;28.9369;0.78464;0.401506;
-1.77889;1.87113;29.02;0.83114;0.418013;
-1.5765;2.02395;29.1036;0.83626;0.391819;
-1.41362;1.62877;29.1884;0.848082;0.480061;
-1.25532;1.58295;29.2807;0.922543;0.527677;
-1.05752;1.97801;29.3927;1.12053;0.515415;
-0.874726;1.82797;29.4814;0.88625;0.451436;
-0.693947;1.80779;29.5665;0.851618;0.440247;
-0.502731;1.91216;29.6737;1.07174;0.510856;
-0.317474;1.85257;29.7761;1.02377;0.504855;
-0.121422;1.96051;29.904;1.27918;0.578111;

0.0467803;1.68203;-29.9846;1.11363;0.584819;
0.20884;1.6206;-29.8768;1.07867;0.587264;
0.379817;1.70977;-29.7704;1.06345;0.556429;
0.565956;1.86139;-29.6745;0.959035;0.475754;
0.728651;1.62695;-29.5808;0.937065;0.522559;
0.898455;1.69804;-29.4768;1.03983;0.549467;
1.06944;1.70986;-29.3801;0.966938;0.514671;
1.22473;1.55294;-29.2892;0.908909;0.529529;
1.40456;1.79828;-29.1528;1.36416;0.648975;
1.56997;1.65405;-29.0489;1.03935;0.561018;
1.74283;1.72863;-28.9412;1.07706;0.557212;
1.91558;1.72751;-28.8281;1.13084;0.579606;
2.07234;1.56759;-28.7161;1.11982;0.620298;
2.24829;1.75949;-28.6044;1.11707;0.565673;
2.41384;1.65546;-28.5041;1.00297;0.544712;
2.58359;1.69754;-28.3974;1.0671;0.561194;
2.74232;1.5873;-28.264;1.3336;0.69876;
2.88449;1.42167;-28.1398;1.2424;0.718207;
3.04013;1.55642;-28.0094;1.3043;0.697492;
3.17975;1.39619;-27.8876;1.21754;0.717153;
3.34753;1.67783;-27.7592;1.28383;0.653141;
3.49883;1.51303;-27.6312;1.28032;0.702284;
3.64641;1.4758;-27.4978;1.33399;0.73497;
3.79138;1.44966;-27.364;1.33793;0.745339;
3.94053;1.49148;-27.2292;1.34794;0.734891;
4.09426;1.53735;-27.0973;1.31941;0.709256;
4.24735;1.53092;-26.9502;1.47101;0.765444;
4.38697;1.39613;-26.8114;1.38759;0.78233;
4.52942;1.42452;-26.6709;1.40511;0.778539;
4.66786;1.38442;-26.5157;1.55167;0.842301;
4.80528;1.37419;-26.3766;1.39162;0.791701;
4.96075;1.55473;-26.2463;1.30313;0.697585;
5.08543;1.24679;-26.112;1.34285;0.822475;
5.22302;1.37592;-25.9707;1.41262;0.798559;
5.34469;1.21668;-25.8349;1.35816;0.840292;
5.47841;1.3372;-25.6851;1.49758;0.841912;
5.61175;1.33338;-25.5291;1.56032;0.863665;
5.74161;1.29863;-25.3741;1.5497;0.873317;
5.89201;1.50397;-25.2095;1.64682;0.830706;
6.02598;1.33975;-25.0628;1.46672;0.83061;
6.16126;1.3528;-24.9172;1.45593;0.822099;
6.27616;1.14899;-24.7674;1.4979;0.91646;
6.41071;1.34547;-24.6188;1.48582;0.834928;
6.54549;1.34777;-24.4704;1.4842;0.833537;
6.67905;1.33563;-24.3144;1.56004;0.86274;
6.80959;1.30539;-24.1542;1.60244;0.887201;
6.91331;1.03723;-24.0061;1.48079;0.959761;
7.01609;1.02777;-23.8141;1.92011;1.07934;
7.12953;1.1344;-23.652;1.62073;0.960118;
7.25075;1.21221;-23.4883;1.63677;0.933333;
7.3703;1.19546;-23.3289;1.59404;0.927323;
7.49263;1.22333;-23.1607;1.68203;0.941984;
7.6154;1.22772;-23.0061;1.54623;0.899718;
7.73836;1.22958;-22.8595;1.46543;0.872687;
7.88476;1.46398;-22.7123;1.47276;0.788387;
8.02382;1.39064;-22.5661;1.46177;0.810329;
8.16478;1.40954;-22.4175;1.48596;0.811786;
8.30522;1.4044;-22.2816;1.35853;0.768797;
8.45263;1.47413;-22.1424;1.39218;0.756815;
8.60552;1.52889;-21.9925;1.49893;0.775504;
8.76336;1.57838;-21.8543;1.38272;0.719419;
8.91305;1.49689;-21.7206;1.33622;0.728746;
9.07066;1.5761;-21.5848;1.35801;0.711206;
9.22322;1.5256;-21.4596;1.25261;0.687451;
9.37935;1.56135;-21.3338;1.25806;0.678237;
9.5493;1.69951;-21.1964;1.37376;0.679797;
9.70046;1.51158;-21.0692;1.27189;0.699499;
9.84937;1.48912;-20.9272;1.41976;0.761559;
9.99017;1.40799;-20.8053;1.21904;0.713596;
10.1406;1.50448;-20.6736;1.31699;0.719045;
10.2737;1.33062;-20.5171;1.56496;0.866152;
10.3913;1.17636;-20.3714;1.45716;0.89162;
10.5188;1.27453;-20.2055;1.65957;0.915883;
10.6395;1.20767;-20.052;1.53495;0.904166;
10.7621;1.22568;-19.8858;1.6618;0.935302;
10.8761;1.1402;-19.743;1.42742;0.896798;
10.9996;1.23438;-19.589;1.54079;0.895365;
11.1266;1.27067;-19.4283;1.60668;0.901649;
11.2504;1.23787;-19.2825;1.45755;0.866722;
11.3818;1.31353;-19.1231;1.59455;0.881732;
11.4916;1.09827;-18.9541;1.6894;0.994355;
11.593;1.0145;-18.7847;1.69463;1.03137;
11.6891;0.960289;-18.6135;1.71164;1.05952;
11.7883;0.992627;-18.4468;1.66749;1.03385;
11.8869;0.985204;-18.2701;1.76672;1.0621;
11.9504;0.635824;-18.0902;1.799;1.23107;
12.0172;0.667668;-17.8995;1.90709;1.23403;
12.0823;0.650797;-17.7122;1.8729;1.23637;
12.1259;0.436325;-17.5238;1.88359;1.34317;
12.1887;0.628276;-17.3156;2.08228;1.27776;
12.2466;0.578471;-17.11;2.05632;1.29657;
12.3032;0.566461;-16.9259;1.84115;1.27232;
12.3618;0.585524;-16.7384;1.87469;1.26807;
12.4081;0.463331;-16.5487;1.89685;1.33122;
12.4532;0.450904;-16.3494;1.99354;1.34836;
12.494;0.40783;-16.1408;2.08592;1.37772;
12.5184;0.244198;-15.9617;1.79086;1.43527;
12.5349;0.164695;-15.7619;1.99801;1.48855;
12.5575;0.226467;-15.5656;1.96317;1.45595;
12.5758;0.182977;-15.3715;1.94018;1.47677;
12.5892;0.133389;-15.1798;1.91718;1.50133;
12.5801;-0.0908733;-14.9725;2.07304;1.6146;
12.5709;-0.091483;-14.7728;1.99683;1.61658;
12.569;-0.0192021;-14.5766;1.9619;1.58058;
12.5716;0.0261202;-14.3858;1.90883;1.55711;
12.5667;-0.0495873;-14.1864;1.99346;1.59567;
12.5214;-0.452471;-14.005;1.81444;1.81518;
12.4766;-0.447878;-13.822;1.83005;1.81081;
12.4292;-0.47408;-13.6221;1.99836;1.80372;
12.3951;-0.34145;-13.4303;1.91799;1.74698;
12.3502;-0.448857;-13.228;2.02316;1.78912;
12.3136;-0.366105;-13.0436;1.84455;1.76673;
12.2675;-0.460665;-12.8529;1.90688;1.80784;
12.2079;-0.596038;-12.6452;2.07699;1.85026;
12.153;-0.549578;-12.4535;1.91721;1.84997;
12.0967;-0.562775;-12.2554;1.98025;1.84769;
12.0366;-0.601041;-12.0648;1.90588;1.87629;
11.967;-0.695706;-11.8663;1.98581;1.90777;
11.9103;-0.56757;-11.6892;1.77102;1.88093;
11.8323;-0.779203;-11.4841;2.05014;1.93401;
11.7618;-0.705789;-11.2973;1.86837;1.93198;
11.7153;-0.464479;-11.0725;2.24816;1.77453;
11.6621;-0.532487;-10.8621;2.10413;1.81866;
11.6114;-0.506352;-10.6691;1.93022;1.82734;
11.5592;-0.522466;-10.465;2.04077;1.82143;
11.5079;-0.512434;-10.2846;1.80416;1.84754;
11.4649;-0.430195;-10.0968;1.87793;1.79599;
11.4158;-0.491556;-9.90227;1.94505;1.81833;
11.3618;-0.539156;-9.70413;1.98135;1.83648;
11.3109;-0.509533;-9.50091;2.03221;1.81646;
11.2445;-0.663524;-9.29844;2.02472;1.88748;
11.1841;-0.604493;-9.10552;1.92915;1.87445;
11.136;-0.481188;-8.89719;2.08337;1.79778;
11.1013;-0.346519;-8.69574;2.01442;1.74115;
11.0731;-0.282096;-8.48133;2.14419;1.70161;
11.072;-0.011022;-8.28184;1.99488;1.57632;
11.0829;0.108565;-8.08634;1.95494;1.51532;
11.0909;0.080063;-7.8843;2.02045;1.53119;
11.0928;0.0191184;-7.71463;1.69664;1.55953;
11.0743;-0.184676;-7.49759;2.17041;1.65568;
11.0569;-0.173997;-7.31101;1.86581;1.66378;
11.0373;-0.196526;-7.10547;2.05543;1.66612;
11.0081;-0.291247;-6.92243;1.83034;1.7286;
10.9995;-0.0858799;-6.73039;1.92042;1.61549;
10.9914;-0.080982;-6.53844;1.91951;1.61296;
10.9971;0.0564107;-6.32929;2.09153;1.54383;
10.9845;-0.126148;-6.11395;2.15337;1.62931;
10.9621;-0.223797;-5.90551;2.08439;1.67775;
10.9385;-0.235929;-5.70222;2.03289;1.68634;
10.9078;-0.306953;-5.50185;2.0037;1.72281;
10.8784;-0.29405;-5.31272;1.89137;1.72503;
10.8726;-0.0578489;-5.13569;1.77029;1.60346;
10.8694;-0.0321761;-4.9462;1.89488;1.58778;
10.8697;0.00330985;-4.7453;2.00893;1.56915;
10.8553;-0.144745;-4.54678;1.98529;1.64358;
10.8576;0.0239579;-4.36542;1.81353;1.55759;
10.8663;0.0860981;-4.16304;2.02382;1.52828;
10.871;0.0476037;-3.95561;2.07429;1.54785;
10.8705;-0.00542739;-3.75531;2.00301;1.57351;
10.8628;-0.0770684;-3.54756;2.07749;1.60788;
10.8507;-0.120696;-3.37433;1.73229;1.64036;
10.8339;-0.168436;-3.18316;1.91172;1.65868;
10.8233;-0.105222;-2.99203;1.91134;1.62579;
10.8075;-0.158212;-2.79626;1.95765;1.65144;
10.7842;-0.232996;-2.61351;1.82753;1.6976;
10.7593;-0.248661;-2.41638;1.97129;1.69627;
10.7363;-0.230948;-2.20207;2.14305;1.67815;
10.7147;-0.215585;-2.00243;1.99641;1.67837;
10.6921;-0.225715;-1.80691;1.95524;1.68573;
10.6795;-0.126654;-1.612;1.94906;1.63569;
10.6652;-0.142636;-1.41382;1.9818;1.64265;
10.6412;-0.240211;-1.21646;1.97359;1.69191;
10.6202;-0.209548;-1.01802;1.98448;1.676;
10.5623;-0.579304;-0.826745;1.91272;1.86488;
10.5006;-0.617007;-0.623317;2.03428;1.86528;
10.4421;-0.584695;-0.441843;1.81474;1.88249;
10.3902;-0.518979;-0.257647;1.84196;1.84543;
10.3531;-0.371108;-0.0349136;2.22734;1.73589;
10.3196;-0.335425;0.172505;2.07418;1.73112;
10.2802;-0.393315;0.371314;1.98809;1.76611;
10.2281;-0.521026;0.555342;1.84028;1.8467;
10.189;-0.391591;0.767791;2.12449;1.75307;
10.1548;-0.341572;0.948732;1.80941;1.75738;
10.1015;-0.533483;1.15399;2.05258;1.82508;
10.0501;-0.5136;1.36138;2.07392;1.81356;
10.0047;-0.453722;1.55741;1.96026;1.79825;
9.95641;-0.483286;1.7504;1.92991;1.81617;
9.90175;-0.546596;1.9454;1.95005;1.84408;
9.84682;-0.549226;2.13599;1.90582;1.85138;
9.79874;-0.480835;2.32185;1.85866;1.82395;
9.75111;-0.476267;2.51149;1.89634;1.81686;
9.70711;-0.440046;2.71974;2.08257;1.77903;
9.67945;-0.276574;2.92159;2.01844;1.70697;
9.65;-0.294498;3.12018;1.9859;1.71802;
9.62397;-0.260286;3.32206;2.01882;1.69902;
9.62659;0.0262073;3.51339;1.91335;1.5571;
9.63218;0.0558509;3.70933;1.9593;1.5423;
9.63506;0.0287914;3.92391;2.14586;1.55738;
9.63357;-0.0148542;4.13223;2.08323;1.57793;
9.63236;-0.0121709;4.33218;1.99951;1.57688;
9.62776;-0.0459503;4.53687;2.04684;1.59324;
9.63015;0.0238574;4.72973;1.92862;1.55843;
9.62838;-0.0176744;4.92793;1.98204;1.57971;
9.60013;-0.282528;5.1402;2.12262;1.70312;
9.59088;-0.0924702;5.3173;1.77099;1.62296;
9.59439;0.0350684;5.51662;1.99326;1.5532;
9.58093;-0.134587;5.73711;2.20483;1.63176;
9.57157;-0.0935516;5.94369;2.06583;1.61605;
9.57251;0.00942151;6.14798;2.0429;1.56618;
9.56478;-0.077362;6.34862;2.00638;1.60934;
9.5617;-0.0308151;6.54893;2.0031;1.58618;
9.55886;-0.0283247;6.74881;1.99884;1.58497;
9.54932;-0.0954207;6.94769;1.98877;1.61874;
9.52417;-0.251543;7.15869;2.11005;1.68945;
9.49795;-0.262177;7.36353;2.04839;1.6981;
9.48853;-0.0942221;7.56102;1.9749;1.61847;
9.47946;-0.0907245;7.76025;1.99234;1.6163;
9.4735;-0.0595888;7.95043;1.90173;1.60212;
9.46821;-0.0528451;8.16309;2.12663;1.59564;
9.46495;-0.0326341;8.35356;1.90465;1.58793;
9.48651;0.215589;8.56664;2.13084;1.46996;
9.50797;0.214641;8.771;2.0436;1.46615;
9.52627;0.182969;8.97057;1.99572;1.47937;
9.55349;0.272236;9.17366;2.03089;1.43754;
9.57803;0.245412;9.36843;1.94769;1.44545;
9.60725;0.292183;9.57523;2.06805;1.43044;
9.64381;0.36563;9.77708;2.01846;1.3916;
9.68121;0.373934;9.97329;1.96211;1.38248;
9.71303;0.31823;10.1815;2.08184;1.41911;
9.75218;0.39145;10.381;1.9954;1.37708;
9.79975;0.475776;10.5902;2.09227;1.3472;
9.85638;0.566303;10.7844;1.9412;1.28695;
9.91457;0.58186;10.9624;1.78064;1.25496;
9.9751;0.60528;11.162;1.9955;1.27629;
10.0304;0.553523;11.3531;1.91116;1.28888;
10.087;0.565333;11.5488;1.95713;1.28959;
10.1502;0.631783;11.743;1.94184;1.25625;
10.2164;0.662255;11.9379;1.94947;1.24332;
10.2728;0.563822;12.1336;1.95647;1.29022;
10.3394;0.666207;12.3321;1.98501;1.24699;
10.4111;0.717441;12.5316;1.99523;1.22561;
10.5072;0.960364;12.7284;1.96785;1.11677;
10.6166;1.09406;12.9132;1.84849;1.03638;
10.7283;1.11773;13.0876;1.74367;1.00076;
10.8287;1.00339;13.254;1.66351;1.02804;
10.9114;0.827316;13.4367;1.82774;1.14575;
11.0001;0.886971;13.6083;1.71583;1.09369;
11.0842;0.840899;13.7824;1.74041;1.12071;
11.1957;1.11465;13.9298;1.47399;0.92333;
11.3171;1.21434;14.0861;1.56336;0.910394;
11.448;1.30929;14.2243;1.38221;0.812484;
11.5915;1.43457;14.3731;1.48792;0.803653;
11.7244;1.32902;14.5021;1.2901;0.770541;
11.8692;1.44761;14.6468;1.44686;0.78514;
12.0091;1.39943;14.7911;1.44319;0.800789;
12.1533;1.44171;14.9221;1.3099;0.737531;
12.3014;1.48165;15.062;1.39874;0.75662;
12.459;1.57589;15.2008;1.38771;0.721983;
12.6113;1.52253;15.3305;1.29784;0.705902;
12.7667;1.55468;15.4516;1.21072;0.661654;
12.9198;1.53043;15.5758;1.24236;0.681878;
13.0756;1.55846;15.7036;1.27734;0.686588;
13.2307;1.55029;15.8307;1.27125;0.686823;
13.385;1.54323;15.9584;1.27651;0.691086;
13.5327;1.47736;16.0802;1.21841;0.689635;
13.693;1.60255;16.2159;1.35667;0.702499;
13.8468;1.53806;16.3466;1.30757;0.704577;
13.988;1.41216;16.4531;1.06454;0.645953;
14.1468;1.58755;16.5915;1.38449;0.717178;
14.3108;1.63997;16.725;1.33527;0.683343;
14.4462;1.35476;16.8792;1.54136;0.849738;
14.5853;1.39026;17.0356;1.56462;0.844335;
14.7164;1.31135;17.19;1.54384;0.866648;
14.8412;1.24812;17.3524;1.62405;0.915546;
14.9658;1.24637;17.5038;1.51411;0.882087;
15.1026;1.36755;17.6526;1.48754;0.827403;
15.2257;1.23141;17.7845;1.31922;0.819809;
15.3709;1.45183;17.893;1.08471;0.641664;
15.5354;1.64488;17.9989;1.05935;0.572168;
15.6903;1.54938;18.109;1.10043;0.617566;
15.8578;1.67498;18.2284;1.19445;0.619474;
16.0238;1.66008;18.3468;1.18348;0.619333;
16.1794;1.55595;18.4498;1.03015;0.584814;
16.3522;1.72732;18.5525;1.02738;0.536574;
16.518;1.65872;18.6665;1.13946;0.601915;
16.6862;1.68192;18.7854;1.18897;0.615351;
16.8662;1.79921;18.9311;1.45751;0.68086;
17.0458;1.79664;19.0433;1.12235;0.558379;
17.2002;1.54414;19.153;1.09611;0.617308;
17.3677;1.67506;19.2746;1.21626;0.628028;
17.5325;1.64797;19.4073;1.32697;0.677914;
17.6866;1.54046;19.5331;1.25817;0.684873;
17.8367;1.50076;19.6774;1.4427;0.765676;
17.9905;1.538;19.8216;1.44229;0.753296;
18.122;1.31554;19.949;1.27374;0.769257;
18.2657;1.43656;20.0839;1.34925;0.754067;
18.4063;1.40605;20.2143;1.30364;0.747624;
18.5526;1.46303;20.3501;1.35807;0.748212;
18.6909;1.3827;20.4839;1.33836;0.769107;
18.8358;1.44968;20.6274;1.43444;0.780115;
18.9575;1.21715;20.7671;1.39734;0.854209;
19.0898;1.32277;20.9197;1.52661;0.856815;
19.2214;1.31545;21.0879;1.6814;0.90691;
19.3407;1.19364;21.2226;1.34711;0.845728;
19.4721;1.31341;21.3794;1.56836;0.873638;
19.6055;1.33442;21.5298;1.50391;0.845041;
19.7371;1.31606;21.6892;1.59354;0.880479;
19.8696;1.32518;21.8753;1.86088;0.951979;
19.9855;1.15912;22.0403;1.65049;0.958537;
20.0985;1.12969;22.2212;1.80842;1.01243;
20.1819;0.83403;22.3786;1.57417;1.08358;
20.268;0.860641;22.5439;1.65277;1.0907;
20.3707;1.02725;22.7187;1.74842;1.0396;
20.4659;0.951749;22.8905;1.71767;1.06482;
20.5717;1.05778;23.0711;1.80688;1.04117;
20.6738;1.02189;23.242;1.7084;1.03173;
20.7786;1.04795;23.4212;1.79253;1.04176;
20.8844;1.05805;23.5846;1.63366;0.996071;
20.9953;1.10893;23.757;1.72366;0.999105;
21.0901;0.947811;23.9069;1.49922;1.00703;
21.2156;1.25468;24.0605;1.53589;0.88583;
21.31;0.944623;24.233;1.72519;1.06984;
21.4064;0.963691;24.4061;1.73103;1.06281;
21.5036;0.97204;24.581;1.74896;1.06352;
21.6082;1.04545;24.7471;1.66123;1.0091;
21.7123;1.04155;24.919;1.71861;1.02594;
21.8408;1.28438;25.0724;1.5345;0.873898;
21.9678;1.27061;25.2276;1.55134;0.884553;
22.1071;1.39299;25.3849;1.57353;0.846182;
22.2412;1.34092;25.5251;1.40146;0.807471;
22.3702;1.29015;25.6775;1.52396;0.868294;
22.4983;1.28091;25.8316;1.54112;0.877345;
22.6287;1.30427;25.9836;1.52044;0.861775;
22.7666;1.37845;26.1396;1.5594;0.846914;
22.9202;1.53655;26.2912;1.51628;0.77876;
23.0609;1.40698;26.4245;1.33337;0.758544;
23.206;1.4501;26.5583;1.3378;0.745138;
23.3538;1.47897;26.6898;1.31465;0.726647;
23.5324;1.78575;26.8039;1.14122;0.568653;
23.696;1.63595;26.9057;1.01852;0.556862;
23.8612;1.65162;27.0276;1.21803;0.635437;
24.0216;1.60454;27.141;1.13466;0.615512;
24.191;1.69324;27.252;1.10945;0.580036;
24.366;1.75007;27.3528;1.00878;0.522902;
24.5505;1.8451;27.4474;0.945965;0.473749;
24.7389;1.88412;27.5286;0.811247;0.40658;
24.9271;1.88198;27.6062;0.776151;0.391161;
25.1351;2.08009;27.6752;0.690118;0.320346;
25.3273;1.9222;27.739;0.638374;0.320645;
25.5092;1.81857;27.7986;0.595777;0.316589;
25.6962;1.87059;27.8814;0.828263;0.416835;
25.8646;1.68419;27.9578;0.764066;0.425901;
26.0391;1.74477;28.0055;0.476157;0.266417;
26.2522;2.13042;28.0509;0.454341;0.210116;
26.4323;1.80097;28.0876;0.367234;0.201151;
26.6295;1.97208;28.1287;0.411362;0.205644;
26.8267;1.9722;28.1732;0.44481;0.221828;
27.0274;2.00664;28.223;0.497688;0.243115;
27.2274;2.00086;28.2711;0.481059;0.235947;
27.4222;1.94754;28.3304;0.59342;0.295765;
27.6242;2.0202;28.3837;0.532373;0.257668;
27.827;2.02736;28.4336;0.499359;0.241502;
28.0181;1.91179;28.485;0.514015;0.262655;
28.208;1.89833;28.5303;0.452647;0.234074;
28.402;1.94045;28.5641;0.338183;0.172548;
28.6096;2.07604;28.5963;0.321765;0.153766;
28.8071;1.97533;28.6269;0.306073;0.153725;
28.9928;1.85669;28.6757;0.488093;0.257067;
29.1862;1.93427;28.7265;0.508297;0.256975;
29.3729;1.86651;28.7599;0.334037;0.177089;
29.5738;2.00866;28.7995;0.395482;0.194402;
29.7705;1.967;28.8405;0.410423;0.205703;
29.9658;1.95367;28.8826;0.420978;0.212236;

-29.8269;2.07258;28.9333;0.507227;0.240014;
-29.6328;1.94083;28.9887;0.553603;0.277861;
-29.4455;1.87355;29.0411;0.523792;0.272612;
-29.2463;1.99207;29.0752;0.340798;0.169437;
-29.0496;1.96722;29.0976;0.224763;0.113761;
-28.8504;1.99179;29.1198;0.22133;0.110667;
-28.6511;1.99263;29.1418;0.220078;0.11;
-28.4693;1.81822;29.1762;0.344263;0.187126;
-28.2729;1.9638;29.2134;0.372133;0.187276;
-28.0777;1.95174;29.2489;0.354696;0.179771;
-27.8816;1.96143;29.2835;0.346296;0.174752;
-27.6742;2.07396;29.3135;0.300291;0.143792;
-27.4854;1.88784;29.3429;0.293215;0.154087;
-27.2901;1.95284;29.3771;0.342288;0.173514;
-27.1087;1.81385;29.3888;0.117405;0.0646368;
-26.9001;2.0865;29.3941;0.0529848;0.0253886;
-26.7019;1.98142;29.399;0.0483318;0.0243876;
-26.5104;1.91593;29.4266;0.276107;0.143126;
-26.3198;1.90558;29.4549;0.283163;0.147518;
-26.1143;2.0551;29.4874;0.32505;0.156868;
-25.9273;1.87009;29.5233;0.35896;0.189641;
-25.7412;1.86058;29.5496;0.262713;0.140273;
-25.5359;2.05357;29.589;0.393908;0.189514;
-25.3491;1.8679;29.6293;0.403114;0.212552;
-25.1565;1.92596;29.6724;0.431527;0.220418;
-24.9613;1.95175;29.7161;0.43727;0.2204;
-24.7843;1.77021;29.7701;0.539792;0.295975;
-24.5892;1.95115;29.8249;0.547394;0.273518;
-24.3847;2.04468;29.8795;0.546453;0.261152;
-24.1901;1.94637;29.931;0.514875;0.258608;
-23.9947;1.95347;29.984;0.530252;0.265055;

-23.801;1.93692;-29.9758;0.40155;0.204418;
-23.6272;1.73837;-29.9435;0.323285;0.18387;
-23.4461;1.81067;-29.9017;0.418306;0.22704;
-23.2541;1.9204;-29.8572;0.444888;0.227648;
-23.0802;1.73868;-29.8148;0.42371;0.239037;
-22.8955;1.84699;-29.7645;0.503081;0.265927;
-22.6975;1.97997;-29.7153;0.491653;0.243391;
-22.5191;1.78416;-29.6656;0.497783;0.272083;
-22.3321;1.8698;-29.6005;0.650359;0.334734;
-22.1267;2.05441;-29.5298;0.7071;0.331486;
-21.9377;1.88965;-29.4672;0.625872;0.319839;
-21.7586;1.79073;-29.4012;0.660521;0.353373;
-21.5751;1.83558;-29.3117;0.894405;0.453403;
-21.3875;1.87584;-29.2136;0.981099;0.481892;
-21.2099;1.7764;-29.121;0.926416;0.480709;
-21.0299;1.79915;-29.0216;0.994007;0.504752;
-20.8459;1.84086;-28.9166;1.04977;0.518264;
-20.6605;1.85379;-28.8322;0.844453;0.427442;
-20.4822;1.78303;-28.7531;0.790157;0.417147;
-20.3121;1.70089;-28.6751;0.780779;0.430348;
-20.1547;1.57344;-28.578;0.970914;0.552872;
-19.9755;1.79246;-28.4857;0.922978;0.475514;
-19.8006;1.74881;-28.3957;0.899379;0.475005;
-19.6296;1.71049;-28.279;1.16692;0.598687;
-19.4814;1.48124;-28.1661;1.12951;0.65148;
-19.3308;1.50634;-28.0483;1.17812;0.663733;
-19.1734;1.57427;-27.9322;1.16048;0.63523;
-18.9992;1.74133;-27.8265;1.05718;0.545633;
-18.8328;1.66452;-27.7238;1.0271;0.552865;
-18.6714;1.61367;-27.6276;0.961691;0.537448;
-18.4935;1.77939;-27.5354;0.922441;0.478262;
-18.3169;1.7663;-27.4503;0.851356;0.449145;
-18.1381;1.78786;-27.3624;0.878411;0.45668;
-17.9622;1.75851;-27.2787;0.83669;0.444097;
-17.7909;1.71288;-27.1974;0.813656;0.443467;
-17.6005;1.90476;-27.0787;1.18722;0.557372;
-17.4517;1.48734;-26.9684;1.1024;0.63784;
-17.2904;1.6131;-26.8599;1.08478;0.592019;
-17.1217;1.68736;-26.7467;1.13197;0.590895;
-16.951;1.707;-26.6342;1.12491;0.582676;
-16.7875;1.63525;-26.539;0.952674;0.527518;
-16.6314;1.56078;-26.4168;1.22203;0.664264;
-16.4883;1.4305;-26.2835;1.33271;0.750024;
-16.327;1.613;-26.1319;1.51566;0.754294;
-16.1932;1.33807;-26.0169;1.15037;0.71011;
-16.0389;1.54313;-25.8844;1.32465;0.709363;
-15.8904;1.48463;-25.744;1.40458;0.757699;
-15.7446;1.4581;-25.6079;1.36078;0.75089;
-15.5942;1.50447;-25.4892;1.18701;0.66799;
-15.4521;1.4212;-25.3602;1.28983;0.736975;
-15.3012;1.50903;-25.2043;1.55945;0.801828;
-15.1656;1.35602;-25.0465;1.57816;0.86096;
-15.0314;1.34125;-24.896;1.50454;0.842715;
-14.9007;1.30724;-24.7592;1.36765;0.807981;
-14.7722;1.28517;-24.6185;1.40721;0.830698;
-14.6321;1.40072;-24.4616;1.56905;0.842019;
-14.5004;1.31754;-24.3268;1.34835;0.796956;
-14.3615;1.38892;-24.1788;1.47989;0.817098;
-14.2211;1.40374;-24.0288;1.50033;0.818647;
-14.0826;1.38455;-23.8797;1.49006;0.822088;
-13.9537;1.28929;-23.734;1.4572;0.846459;
-13.8121;1.4158;-23.5941;1.39881;0.779362;
-13.67;1.42165;-23.4426;1.51553;0.817351;
-13.5445;1.25425;-23.2951;1.47474;0.866016;
-13.423;1.2152;-23.1585;1.36611;0.843793;
-13.2519;1.71112;-23.0422;1.16337;0.597101;
-13.0805;1.71398;-22.9221;1.20077;0.61111;
-12.9199;1.6061;-22.8048;1.17271;0.630681;
-12.7543;1.65639;-22.693;1.11821;0.593813;
-12.589;1.65305;-22.5831;1.09941;0.586903;
-12.4136;1.75398;-22.4516;1.3144;0.643106;
-12.2628;1.50728;-22.3279;1.23727;0.687334;
-12.1133;1.49563;-22.2038;1.24136;0.692763;
-11.9776;1.35721;-22.0694;1.34403;0.780519;
-11.8195;1.58055;-21.9287;1.40681;0.727306;
-11.6603;1.59229;-21.8148;1.1386;0.620771;
-11.498;1.62301;-21.7115;1.03302;0.566814;
-11.3294;1.68532;-21.6052;1.06341;0.562894;
-11.1393;1.90113;-21.5249;0.80257;0.399457;
-10.9517;1.87587;-21.4744;0.504803;0.262876;
-10.7566;1.9518;-21.4199;0.545812;0.27268;
-10.558;1.98555;-21.3685;0.51332;0.252989;
-10.3757;1.82291;-21.3074;0.611202;0.32351;
-10.1817;1.93995;-21.245;0.6238;0.311113;
-10.0231;1.58665;-21.1812;0.63777;0.382195;
-9.82975;1.93299;-21.1156;0.656669;0.327484;
-9.66747;1.62289;-21.0498;0.657598;0.384984;
-9.47319;1.94271;-20.9799;0.699141;0.345449;
-9.27183;2.01365;-20.9076;0.723387;0.344884;
-9.06423;2.07596;-20.8754;0.321738;0.153759;
-8.86917;1.95067;-20.8453;0.300875;0.153036;
-8.67016;1.99009;-20.8145;0.30789;0.153494;
-8.50622;1.63938;-20.8075;0.0696208;0.0424421;
-8.32157;1.84649;-20.7989;0.0867213;0.0469309;
-8.12908;1.92489;-20.786;0.12924;0.0670408;
-7.9077;2.21386;-20.7449;0.410773;0.18346;
-7.71436;1.9334;-20.7089;0.36019;0.184187;
-7.52653;1.87828;-20.6684;0.404119;0.211923;
-7.32946;1.97072;-20.6054;0.630604;0.309691;
-7.14449;1.84969;-20.55;0.554211;0.291112;
-6.95358;1.90906;-20.4964;0.535312;0.273385;
-6.78108;1.725;-20.4366;0.597991;0.333698;
-6.56225;2.18832;-20.3639;0.727543;0.32097;
-6.37318;1.89064;-20.3046;0.592294;0.303592;
-6.18025;1.92931;-20.2453;0.593106;0.298249;
-5.97909;2.01161;-20.2018;0.435826;0.213358;
-5.76816;2.10934;-20.1678;0.339826;0.159733;
-5.54552;2.22633;-20.1536;0.141634;0.0635318;
-5.37028;1.75247;-20.15;0.0360193;0.0205505;
-5.18771;1.8257;-20.1472;0.0280516;0.0153636;
-4.98926;1.98451;-20.1428;0.043576;0.0219546;
-4.79602;1.93233;-20.139;0.0389382;0.0201481;
-4.59488;2.01144;-20.1479;-0.0890266;-0.0442312;
-4.39488;1.99995;-20.1586;-0.10701;-0.0534552;
-4.19417;2.0071;-20.168;-0.0941464;-0.0468724;
-3.99581;1.98359;-20.1801;-0.121382;-0.0611169;
-3.81697;1.78842;-20.1957;-0.155477;-0.0867175;
-3.61298;2.03995;-20.2082;-0.125069;-0.0612329;
-3.42133;1.91642;-20.2276;-0.193911;-0.100841;
-3.20537;2.15969;-20.247;-0.194536;-0.0898335;
-3.0079;1.97469;-20.2642;-0.171913;-0.0868391;
-2.81122;1.96678;-20.2948;-0.305949;-0.154322;
-2.6131;1.98122;-20.3241;-0.293311;-0.146978;
-2.41182;2.01278;-20.354;-0.298681;-0.147317;
-2.20934;2.02473;-20.3976;-0.435917;-0.212059;
-2.01372;1.95623;-20.4397;-0.420774;-0.211866;
-1.8234;1.90317;-20.4853;-0.456792;-0.235561;
-1.64454;1.78864;-20.5344;-0.490384;-0.26759;
-1.43258;2.11959;-20.6129;-0.785472;-0.354887;
-1.27056;1.62017;-20.6736;-0.60654;-0.358216;
-1.0452;2.25361;-20.7469;-0.733662;-0.314729;
-0.873332;1.71871;-20.8178;-0.708419;-0.390962;
-0.696077;1.77255;-20.8901;-0.723508;-0.387532;
-0.522791;1.73285;-20.9641;-0.73947;-0.40334;
-0.34158;1.81211;-21.0265;-0.623864;-0.331565;
-0.156247;1.85333;-21.0815;-0.550057;-0.288513;
0.0516128;2.0786;-21.1302;-0.487105;-0.230189;
0.240982;1.8937;-21.1854;-0.552083;-0.283675;
0.433644;1.92661;-21.2414;-0.560447;-0.283085;
0.619613;1.85969;-21.3007;-0.592762;-0.308561;
0.8065;1.86887;-21.3591;-0.583486;-0.302623;
0.965118;1.58617;-21.4266;-0.675326;-0.402513;
1.15327;1.88156;-21.517;-0.904155;-0.447954;
1.31933;1.66058;-21.6074;-0.903532;-0.498306;
1.49579;1.76454;-21.7029;-0.95526;-0.49619;
1.67228;1.76496;-21.7925;-0.896186;-0.469842;
1.82864;1.56357;-21.8581;-0.656087;-0.397294;
2.00067;1.72028;-21.9557;-0.976264;-0.516182;
2.16595;1.6528;-22.0539;-0.981323;-0.535798;
2.33243;1.66485;-22.1504;-0.965013;-0.525314;
2.50455;1.72119;-22.2479;-0.975132;-0.515458;
2.65188;1.47332;-22.3088;-0.608607;-0.391737;
2.80296;1.51079;-22.3664;-0.57668;-0.364638;
2.96472;1.61761;-22.4366;-0.701294;-0.40908;
3.13952;1.74796;-22.5028;-0.662333;-0.362201;
3.32825;1.88733;-22.5821;-0.79333;-0.397921;
3.52031;1.92062;-22.6488;-0.666986;-0.334246;
3.71696;1.96642;-22.7085;-0.597119;-0.294809;
3.90416;1.872;-22.7713;-0.62768;-0.323519;
4.0994;1.95244;-22.8333;-0.6196;-0.307295;
4.27404;1.74637;-22.9015;-0.682456;-0.372538;
4.47922;2.05185;-22.9848;-0.833142;-0.385706;
4.68002;2.00799;-23.0637;-0.789274;-0.374514;
4.84755;1.67531;-23.1509;-0.871212;-0.479544;
5.0222;1.74651;-23.2457;-0.948639;-0.497578;
5.22348;2.0128;-23.3382;-0.924291;-0.430483;
5.43337;2.09891;-23.3997;-0.615616;-0.285301;
5.62553;1.92158;-23.4542;-0.54487;-0.2763;
5.81192;1.86392;-23.5087;-0.545078;-0.284504;
5.99214;1.80219;-23.5587;-0.500205;-0.270739;
6.17408;1.81938;-23.6405;-0.817693;-0.422384;
6.35669;1.82606;-23.7221;-0.81587;-0.420184;
6.52948;1.72798;-23.8037;-0.816294;-0.441323;
6.7111;1.81618;-23.8916;-0.87848;-0.450519;
6.89702;1.85919;-23.9783;-0.867386;-0.436524;
7.07318;1.76161;-24.0807;-1.02411;-0.526592;
7.24645;1.73266;-24.1825;-1.01817;-0.531278;
7.41566;1.6921;-24.3069;-1.24404;-0.633963;
7.58406;1.68398;-24.4158;-1.08839;-0.573786;
7.73997;1.55908;-24.5369;-1.21075;-0.660297;
7.89429;1.54323;-24.6603;-1.2341;-0.674548;
8.04485;1.50558;-24.791;-1.30707;-0.714938;
8.20028;1.55434;-24.916;-1.25072;-0.677579;
8.36574;1.65461;-25.0343;-1.18273;-0.620597;
8.52723;1.61485;-25.1613;-1.26979;-0.666344;
8.68593;1.58706;-25.2868;-1.25459;-0.668932;
8.83739;1.51464;-25.4129;-1.26156;-0.69449;
8.99215;1.5475;-25.5458;-1.32935;-0.709713;
9.14575;1.53609;-25.675;-1.29162;-0.699156;
9.28816;1.42405;-25.7887;-1.13721;-0.673873;
9.44581;1.57651;-25.914;-1.25232;-0.671293;
9.58879;1.42979;-26.0495;-1.35562;-0.758776;
9.74479;1.56004;-26.2116;-1.62076;-0.804486;
9.90071;1.55914;-26.3651;-1.53473;-0.777508;
10.0427;1.4198;-26.505;-1.39952;-0.778205;
10.1835;1.40825;-26.6477;-1.4267;-0.791907;
10.3219;1.38395;-26.7992;-1.51529;-0.830669;
10.4678;1.4588;-26.9515;-1.52291;-0.806898;
10.6003;1.32559;-27.092;-1.40478;-0.814392;
10.7366;1.36274;-27.2437;-1.51668;-0.838808;
10.874;1.37399;-27.3932;-1.49563;-0.827764;
10.988;1.13932;-27.5441;-1.50855;-0.923948;
11.098;1.10004;-27.721;-1.7692;-1.01452;
11.2211;1.23104;-27.8758;-1.54839;-0.899085;
11.3514;1.30319;-28.0235;-1.47665;-0.847718;
11.5078;1.56391;-28.1838;-1.60331;-0.797838;
11.6544;1.46622;-28.3229;-1.39083;-0.759017;
11.7934;1.38972;-28.4396;-1.16723;-0.698603;
11.9516;1.58276;-28.5826;-1.42914;-0.73444;
12.1119;1.60271;-28.7074;-1.248;-0.661608;
12.2824;1.70449;-28.8011;-0.937676;-0.502936;
12.4524;1.70053;-28.8946;-0.934725;-0.502588;
12.609;1.56588;-28.9966;-1.01986;-0.577289;
12.7865;1.77541;-29.103;-1.06386;-0.539846;
12.9588;1.72291;-29.2108;-1.07833;-0.559232;
13.128;1.69177;-29.3205;-1.09719;-0.575352;
13.296;1.67944;-29.4438;-1.23307;-0.633321;
13.4908;1.94832;-29.5595;-1.15697;-0.535869;
13.6628;1.71979;-29.6621;-1.02607;-0.537935;
13.8141;1.51302;-29.7721;-1.09964;-0.628476;
13.9742;1.60123;-29.9269;-1.54806;-0.768516;

14.109;1.34772;29.9112;-1.61891;-0.876558;
14.222;1.13068;29.7672;-1.44004;-0.905162;
14.3521;1.30049;29.6182;-1.49033;-0.853315;
14.4578;1.05697;29.4579;-1.6031;-0.987889;
14.5444;0.866714;29.2779;-1.80003;-1.12206;
14.6297;0.852555;29.0962;-1.81674;-1.13203;
14.729;0.992531;28.9055;-1.9065;-1.0908;
14.8388;1.09836;28.719;-1.8655;-1.03867;
14.9561;1.17345;28.5393;-1.7967;-0.992238;
15.0815;1.25343;28.3535;-1.85782;-0.977266;
15.2205;1.38985;28.1864;-1.67144;-0.877124;
15.3432;1.22735;28.0239;-1.62486;-0.923875;
15.4729;1.29675;27.8759;-1.48014;-0.851343;
15.6086;1.3569;27.7289;-1.46957;-0.825241;
15.7366;1.28008;27.5814;-1.475;-0.856032;
15.8748;1.3822;27.4243;-1.57152;-0.849405;
16.0006;1.25805;27.2794;-1.44891;-0.85579;
16.1268;1.26207;27.1309;-1.48465;-0.866255;
16.2557;1.2889;26.9805;-1.50444;-0.862408;
16.3768;1.21098;26.81;-1.70483;-0.953175;
16.5041;1.27281;26.6449;-1.65148;-0.914171;
16.6228;1.18714;26.4846;-1.60266;-0.933253;
16.7439;1.21148;26.3401;-1.44473;-0.872985;
16.8774;1.3349;26.1847;-1.55416;-0.861147;
17.0058;1.28377;26.0324;-1.5233;-0.870525;
17.1356;1.29772;25.8794;-1.52926;-0.86712;
17.2629;1.27312;25.7243;-1.55158;-0.883659;
17.3879;1.25012;25.5693;-1.55023;-0.892159;
17.5017;1.1383;25.4165;-1.52799;-0.930528;
17.6214;1.197;25.2653;-1.51135;-0.900946;
17.7491;1.27654;25.1084;-1.56877;-0.887747;
17.8935;1.44466;24.961;-1.4742;-0.795517;
18.0289;1.35368;24.8231;-1.379;-0.794661;
18.1589;1.30018;24.6844;-1.38721;-0.817771;
18.2941;1.35142;24.5467;-1.37712;-0.794818;
18.4227;1.2867;24.3997;-1.46986;-0.851746;
18.5441;1.2131;24.2674;-1.32302;-0.828711;
18.6591;1.15026;24.0957;-1.71732;-0.980626;
18.7703;1.1119;23.9297;-1.65966;-0.980522;
18.8675;0.971814;23.7502;-1.79556;-1.07471;
18.9823;1.14888;23.5548;-1.95354;-1.03917;
19.0805;0.981404;23.3954;-1.59411;-1.01895;
19.1819;1.01385;23.2196;-1.7579;-1.04766;
19.2677;0.858551;23.048;-1.71636;-1.10697;
19.3571;0.894116;22.869;-1.78989;-1.10752;
19.4418;0.846742;22.6701;-1.98851;-1.16823;
19.4918;0.499893;22.5053;-1.64857;-1.27638;
19.5519;0.601259;22.3272;-1.78108;-1.24523;
19.6065;0.545591;22.1552;-1.71909;-1.26348;
19.6451;0.386368;21.9557;-1.99542;-1.37954;
19.6898;0.446926;21.7511;-2.04654;-1.35579;
19.7322;0.423855;21.5424;-2.0863;-1.37036;
19.7738;0.415891;21.3509;-1.91494;-1.35693;
19.8163;0.425026;21.1554;-1.95574;-1.3568;
19.8831;0.667613;20.9437;-2.11643;-1.26523;
19.9509;0.678161;20.7681;-1.75658;-1.20236;
20.0256;0.747786;20.5805;-1.87503;-1.19131;
20.1038;0.781238;20.4113;-1.69286;-1.13843;
20.1869;0.831609;20.2307;-1.80534;-1.13913;
20.2875;1.00546;20.0413;-1.89414;-1.08279;
20.3749;0.874219;19.86;-1.81335;-1.12157;
20.4694;0.945486;19.6742;-1.85792;-1.10006;
20.5649;0.954802;19.467;-2.07221;-1.13903;
20.6441;0.791954;19.3042;-1.62725;-1.11786;
20.7224;0.783083;19.1131;-1.91178;-1.18203;
20.7986;0.761532;18.9231;-1.89951;-1.18951;
20.8746;0.759773;18.7414;-1.81745;-1.17483;
20.9515;0.769735;18.5564;-1.8495;-1.17642;
21.006;0.544536;18.3633;-1.93106;-1.29594;
21.0742;0.68183;18.1624;-2.00916;-1.24363;
21.1205;0.46301;17.966;-1.96437;-1.33932;
21.1686;0.481065;17.7721;-1.93909;-1.32762;
21.2128;0.442674;17.6117;-1.60363;-1.30146;
21.2592;0.46331;17.4202;-1.91503;-1.33342;
21.2878;0.286266;17.2349;-1.85308;-1.41753;
21.3223;0.344634;17.0214;-2.13457;-1.41072;
21.3253;0.0307845;16.8263;-1.95158;-1.55502;
21.3293;0.0393464;16.6226;-2.03642;-1.55148;
21.3325;0.032605;16.4227;-1.99913;-1.55449;
21.3171;-0.154084;16.2271;-1.95628;-1.6494;
21.3008;-0.163618;16.0282;-1.98883;-1.65288;
21.2878;-0.129648;15.8522;-1.75993;-1.64433;
21.2804;-0.0736611;15.6472;-2.05;-1.60671;
21.2719;-0.0850449;15.447;-2.00243;-1.61324;
21.2884;0.164209;15.2447;-2.02219;-1.48977;
21.3075;0.191638;15.0444;-2.00373;-1.47545;
21.3224;0.148458;14.8521;-1.92253;-1.49373;
21.3394;0.170681;14.6536;-1.9852;-1.48503;
21.39;0.505204;14.4615;-1.92051;-1.31357;
21.4045;0.145925;14.2606;-2.00897;-1.49829;
21.44;0.354149;14.0721;-1.88571;-1.38515;
21.4784;0.38433;13.8721;-1.99941;-1.38089;
21.5188;0.404324;13.6732;-1.9895;-1.3703;
21.5602;0.413721;13.4806;-1.92582;-1.35918;
21.6023;0.421296;13.2857;-1.94937;-1.35795;
21.6397;0.373364;13.0731;-2.12533;-1.3969;
21.6601;0.203925;12.8689;-2.04265;-1.47129;
21.6817;0.216203;12.6663;-2.02558;-1.46446;
21.6942;0.125477;12.4691;-1.97251;-1.50727;
21.705;0.107818;12.2681;-2.00972;-1.5172;
21.7065;0.0152445;12.072;-1.96045;-1.56302;
21.6947;-0.117973;11.8646;-2.07422;-1.62761;
21.6803;-0.14467;11.6694;-1.95215;-1.64477;
21.6803;0.000134622;11.4571;-2.12252;-1.57073;
21.6908;0.105644;11.2609;-1.96235;-1.51701;
21.7054;0.145188;11.0632;-1.97708;-1.49749;
21.7202;0.148796;10.8642;-1.9903;-1.49617;
21.7437;0.234409;10.6561;-2.08098;-1.45863;
21.7652;0.215503;10.4532;-2.02832;-1.46495;
21.7844;0.192069;10.2519;-2.01337;-1.47569;
21.8008;0.163691;10.0623;-1.89591;-1.48467;
21.8108;0.0994038;9.85832;-2.03997;-1.52211;
21.8374;0.266709;9.65387;-2.04451;-1.44108;
21.8593;0.219226;9.46309;-1.90784;-1.45639;
21.8794;0.200474;9.2636;-1.9949;-1.47064;
21.8999;0.204608;9.06448;-1.99115;-1.4684;
21.9182;0.183385;8.84688;-2.17595;-1.48672;
21.9371;0.188823;8.64661;-2.00277;-1.47679;
21.9499;0.128728;8.44395;-2.02657;-1.50736;
21.969;0.190733;8.23851;-2.05444;-1.47822;
21.9877;0.187129;8.02935;-2.09153;-1.48156;
22.0092;0.215128;7.83089;-1.98465;-1.46282;
22.0434;0.341536;7.63389;-1.96999;-1.39913;
22.1015;0.580868;7.44572;-1.88174;-1.27139;
22.1559;0.544407;7.25214;-1.9358;-1.29665;
22.2005;0.445528;7.05735;-1.94783;-1.34593;
22.2407;0.401773;6.87891;-1.78447;-1.34934;
22.3114;0.707692;6.71957;-1.59333;-1.15281;
22.3891;0.776837;6.52938;-1.90189;-1.18302;
22.4634;0.742799;6.33816;-1.91222;-1.20029;
22.5425;0.791563;6.15401;-1.84155;-1.16484;
22.6211;0.785687;5.98818;-1.65827;-1.12833;
22.7084;0.872893;5.80757;-1.80611;-1.1206;
22.7871;0.787212;5.6263;-1.81272;-1.1611;
22.8715;0.844107;5.4458;-1.80495;-1.13335;
22.9315;0.599671;5.28265;-1.63151;-1.21857;
22.9987;0.672273;5.11249;-1.70164;-1.19454;
23.05;0.512708;4.9426;-1.69887;-1.2777;
23.1114;0.614419;4.75243;-1.90174;-1.2583;
23.1878;0.763424;4.55926;-1.93163;-1.19441;
23.259;0.712261;4.37569;-1.8357;-1.20067;
23.328;0.690185;4.19105;-1.84646;-1.21309;
23.4096;0.81561;4.003;-1.88041;-1.16155;
23.4903;0.80672;3.82245;-1.80558;-1.15061;
23.5667;0.76437;3.62708;-1.95366;-1.19786;
23.6404;0.736808;3.43693;-1.90151;-1.20112;
23.6941;0.53708;3.24509;-1.91841;-1.29782;
23.7411;0.470389;3.07628;-1.68813;-1.29904;
23.7983;0.571331;2.8789;-1.97373;-1.28903;
23.8513;0.530045;2.6806;-1.98302;-1.30961;
23.9303;0.790591;2.49811;-1.82496;-1.16199;
23.9983;0.680125;2.30939;-1.88712;-1.22488;
24.0604;0.620302;2.11608;-1.93318;-1.2603;
24.1464;0.860576;1.91875;-1.97322;-1.15954;
24.2207;0.742664;1.75182;-1.66936;-1.15221;
24.2972;0.764827;1.56811;-1.83712;-1.1763;
24.3516;0.543813;1.36724;-2.00862;-1.3064;
24.4204;0.688196;1.18513;-1.8211;-1.20949;
24.4867;0.663283;1.02096;-1.64176;-1.18684;
24.5546;0.678681;0.829543;-1.91413;-1.23006;
24.6205;0.659277;0.644281;-1.85262;-1.22891;
24.6912;0.707165;0.449543;-1.94737;-1.22247;
24.7587;0.674723;0.259802;-1.89742;-1.22914;
24.8181;0.59413;0.0866551;-1.73147;-1.24025;
24.8775;0.594099;-0.0998151;-1.8647;-1.26236;
24.9506;0.731367;-0.286698;-1.86883;-1.19777;
25.04;0.893741;-0.484948;-1.9825;-1.14726;
25.1203;0.80254;-0.659674;-1.74726;-1.14022;
25.2055;0.85242;-0.846095;-1.86422;-1.14193;
25.2929;0.873782;-1.01946;-1.7336;-1.10393;
25.381;0.880736;-1.20264;-1.83185;-1.12263;
25.4725;0.915244;-1.39713;-1.94492;-1.13096;
25.5479;0.753563;-1.56947;-1.72333;-1.15858;
25.6233;0.754858;-1.75883;-1.89367;-1.19148;
25.7007;0.773146;-1.94015;-1.81318;-1.16774;
25.7796;0.789698;-2.1242;-1.84049;-1.16548;
25.8606;0.810185;-2.30907;-1.84873;-1.15777;
25.9377;0.770993;-2.49109;-1.82022;-1.17014;
26.0109;0.731751;-2.67447;-1.8338;-1.19112;
26.0869;0.759527;-2.86174;-1.87265;-1.18548;
26.1679;0.810565;-3.03848;-1.76737;-1.14079;
26.255;0.870909;-3.22071;-1.82232;-1.12497;
26.3358;0.807501;-3.40306;-1.82355;-1.15393;
26.4185;0.827513;-3.58723;-1.84169;-1.14851;
26.4856;0.67072;-3.77091;-1.83676;-1.22068;
26.5552;0.695907;-3.95825;-1.87345;-1.21514;
26.6268;0.715722;-4.1399;-1.81651;-1.19547;
26.6977;0.709051;-4.33006;-1.90157;-1.21389;
26.7675;0.698197;-4.52293;-1.92865;-1.22346;
26.8219;0.543879;-4.71381;-1.90886;-1.29323;
26.8724;0.505366;-4.88688;-1.73068;-1.28669;
26.9327;0.602864;-5.08314;-1.96264;-1.27278;
26.9923;0.596402;-5.27346;-1.90312;-1.26711;
27.0606;0.682381;-5.46187;-1.88417;-1.22332;
27.1212;0.605955;-5.6491;-1.8723;-1.25779;
27.1846;0.633987;-5.81222;-1.63119;-1.2001;
27.2478;0.632014;-5.99524;-1.83015;-1.23828;
27.3575;1.09764;-6.1814;-1.86163;-1.03805;
27.4612;1.03668;-6.35185;-1.70452;-1.02438;
27.5649;1.03698;-6.52302;-1.7117;-1.02611;
27.6797;1.14787;-6.7118;-1.88782;-1.02449;
27.7828;1.03087;-6.88283;-1.71032;-1.02837;
27.8865;1.03697;-7.07245;-1.89619;-1.07036;
27.9874;1.00979;-7.25081;-1.78356;-1.05563;
28.0695;0.820988;-7.45474;-2.03934;-1.18807;
28.1369;0.673953;-7.64144;-1.86694;-1.22436;
28.2145;0.776116;-7.82064;-1.79207;-1.1621;
28.296;0.81494;-8.01624;-1.95595;-1.17602;
28.3824;0.863562;-8.2171;-2.00861;-1.16476;
28.4651;0.827107;-8.40443;-1.87327;-1.15501;
28.5686;1.03534;-8.56632;-1.61892;-1.00182;
28.6797;1.11023;-8.72643;-1.60111;-0.964505;
28.806;1.26288;-8.88085;-1.54417;-0.885273;
28.9084;1.02413;-9.02789;-1.47041;-0.962429;
29.0188;1.10442;-9.19813;-1.70243;-0.995314;
29.1449;1.26049;-9.3676;-1.69472;-0.931289;
29.2622;1.17377;-9.53012;-1.62512;-0.94528;
29.3769;1.14631;-9.6876;-1.57485;-0.9416;
29.5033;1.26479;-9.84607;-1.58467;-0.897191;
29.6308;1.27438;-10.0051;-1.58993;-0.895121;
29.7503;1.1954;-10.163;-1.57981;-0.92304;
29.8733;1.2293;-10.3279;-1.64863;-0.930085;
29.9756;1.02343;-10.4817;-1.5377;-0.983563;

-29.9165;1.07925;-10.6459;-1.64182;-0.989272;
-29.8073;1.09158;-10.815;-1.69149;-0.997706;
-29.6931;1.14211;-10.9762;-1.61225;-0.954456;
-29.5711;1.22025;-11.1396;-1.63384;-0.929307;
-29.4473;1.23806;-11.3144;-1.74758;-0.954428;
-29.3314;1.15911;-11.4703;-1.55938;-0.931587;
-29.2121;1.19317;-11.6312;-1.60894;-0.932699;
-29.0823;1.29801;-11.7957;-1.6448;-0.902698;
-28.9363;1.45962;-11.9594;-1.63752;-0.842775;
-28.8315;1.04818;-12.0942;-1.3473;-0.909623;
-28.7136;1.17862;-12.2472;-1.53021;-0.914468;
-28.6187;0.949237;-12.3841;-1.36875;-0.964441;
-28.4933;1.25362;-12.552;-1.67977;-0.929666;
-28.3703;1.22983;-12.716;-1.64008;-0.927385;
-28.2476;1.22791;-12.8614;-1.4531;-0.869197;
-28.1242;1.23348;-13.0274;-1.66088;-0.932007;
-28.0029;1.21315;-13.1868;-1.59313;-0.919983;
-27.885;1.17892;-13.3522;-1.65417;-0.951602;
-27.7635;1.21504;-13.4876;-1.35412;-0.839477;
-27.6301;1.33426;-13.6449;-1.57318;-0.867389;
-27.5077;1.22335;-13.7833;-1.38361;-0.846797;
-27.3678;1.39961;-13.9317;-1.48475;-0.814908;
-27.225;1.42754;-14.0723;-1.4061;-0.777832;
-27.0836;1.41417;-14.2101;-1.37738;-0.772219;
-26.9268;1.56818;-14.34;-1.29898;-0.691783;
-26.7813;1.45497;-14.4611;-1.21108;-0.694174;
-26.6256;1.5571;-14.589;-1.2791;-0.687692;
-26.4488;1.76771;-14.751;-1.62034;-0.741931;
-26.2969;1.51934;-14.8928;-1.41774;-0.750819;
-26.1411;1.5578;-15.0175;-1.2467;-0.674922;
-25.9813;1.59815;-15.1427;-1.25194;-0.664515;
-25.8215;1.59779;-15.2587;-1.1604;-0.628128;
-25.6809;1.40586;-15.3828;-1.24064;-0.723051;
-25.5413;1.39609;-15.5043;-1.21522;-0.716245;
-25.3961;1.45175;-15.6464;-1.4205;-0.774519;
-25.255;1.41166;-15.7577;-1.11335;-0.667801;
-25.0747;1.80303;-15.8899;-1.32183;-0.632607;
-24.9113;1.6335;-16.0171;-1.27278;-0.661912;
-24.7512;1.60075;-16.1426;-1.25437;-0.66467;
-24.5956;1.55639;-16.2678;-1.25215;-0.677493;
-24.45;1.45576;-16.382;-1.14159;-0.665024;
-24.2978;1.522;-16.5072;-1.25251;-0.688574;
-24.1378;1.60051;-16.6475;-1.4025;-0.719556;
-23.9904;1.47387;-16.7836;-1.36135;-0.745733;
-23.8416;1.4877;-16.9385;-1.54876;-0.805504;
-23.6972;1.44433;-17.0496;-1.11145;-0.655885;
-23.546;1.51134;-17.1978;-1.48204;-0.77561;
-23.4031;1.42946;-17.3333;-1.35491;-0.75863;
-23.2627;1.40443;-17.467;-1.33685;-0.760749;
-23.1257;1.36989;-17.5989;-1.31931;-0.766594;
-23.0027;1.22957;-17.7523;-1.53409;-0.895145;
-22.9057;0.969779;-17.9049;-1.52609;-1.00471;
-22.8028;1.02976;-18.068;-1.6308;-1.00758;
-22.6961;1.06636;-18.2465;-1.78498;-1.03228;
-22.5941;1.02041;-18.418;-1.71488;-1.03404;
-22.4936;1.00434;-18.5823;-1.64319;-1.02217;
-22.3968;0.968796;-18.7493;-1.66948;-1.04499;
-22.2997;0.971113;-18.9409;-1.91614;-1.10172;
-22.214;0.856706;-19.1212;-1.80287;-1.12719;
-22.1245;0.894819;-19.2998;-1.78662;-1.10647;
-22.0495;0.750136;-19.5041;-2.04244;-1.21882;
-21.9828;0.667306;-19.6895;-1.8542;-1.22534;
-21.9477;0.350162;-19.8697;-1.80208;-1.37888;
-21.9091;0.38633;-20.0725;-2.02813;-1.38257;
-21.8947;0.143811;-20.2693;-1.96742;-1.49783;
-21.8772;0.174865;-20.47;-2.00766;-1.48392;
-21.8756;0.016153;-20.6767;-2.06636;-1.56298;
-21.873;0.0263548;-20.8693;-1.92673;-1.55712;
-21.8597;0.132926;-21.0812;-2.11839;-1.50813;
-21.8472;0.125289;-21.2808;-1.99624;-1.50812;
-21.8283;0.188744;-21.4834;-2.02634;-1.47792;
-21.7812;0.471279;-21.671;-1.87595;-1.32467;
-21.7325;0.486795;-21.8651;-1.94092;-1.32506;
-21.6761;0.563374;-22.0799;-2.14732;-1.31422;
-21.6378;0.38325;-22.2583;-1.78396;-1.35918;
-21.5862;0.516168;-22.4452;-1.86926;-1.30138;
-21.5258;0.604008;-22.6344;-1.89242;-1.26184;
-21.4689;0.568602;-22.8486;-2.1414;-1.31126;
-21.4145;0.544863;-23.0441;-1.95518;-1.29902;
-21.346;0.684762;-23.2461;-2.01981;-1.24393;
-21.2744;0.715692;-23.4401;-1.9406;-1.21747;
-21.195;0.79455;-23.6399;-1.99783;-1.19227;
-21.1076;0.873133;-23.8051;-1.65167;-1.0845;
-21.0175;0.901685;-23.9969;-1.91797;-1.13133;
-20.9238;0.937239;-24.157;-1.60161;-1.04134;
-20.8242;0.995923;-24.3427;-1.85621;-1.07835;
-20.7317;0.924275;-24.5157;-1.73073;-1.08029;
-20.615;1.16688;-24.7109;-1.95145;-1.03188;
-20.5131;1.01941;-24.8783;-1.67388;-1.02378;
-20.4117;1.01408;-25.0468;-1.68577;-1.02924;
-20.3152;0.965367;-25.2241;-1.77216;-1.072;
-20.219;0.961248;-25.393;-1.68988;-1.05361;
-20.1215;0.975571;-25.5515;-1.58425;-1.01884;
-20.0257;0.95775;-25.7366;-1.85152;-1.09342;
-19.9419;0.838402;-25.9088;-1.72137;-1.11756;
-19.8547;0.871404;-26.0813;-1.7257;-1.10319;
-19.7558;0.989164;-26.2705;-1.89136;-1.08893;
-19.6434;1.12419;-26.4234;-1.52912;-0.93684;
-19.5388;1.04619;-26.6052;-1.81783;-1.04858;
-19.4425;0.962595;-26.7728;-1.6765;-1.04959;
-19.3364;1.0614;-26.9464;-1.73558;-1.02192;
-19.2461;0.902503;-27.1073;-1.6092;-1.05967;
-19.152;0.941104;-27.2806;-1.73334;-1.07339;
-19.0438;1.08244;-27.4485;-1.67878;-0.9981;
-18.9602;0.836069;-27.6029;-1.54359;-1.07439;
-18.8578;1.02356;-27.7727;-1.69801;-1.02832;
-18.7561;1.01746;-27.949;-1.7634;-1.04747;
-18.6572;0.9882;-28.1165;-1.67455;-1.03767;
-18.557;1.00258;-28.2903;-1.73834;-1.04765;
-18.4587;0.982681;-28.4584;-1.68126;-1.04186;
-18.3571;1.01608;-28.6317;-1.73273;-1.04043;
-18.2571;1.00003;-28.8077;-1.75998;-1.05408;
-18.1721;0.850197;-28.9833;-1.75573;-1.11983;
-18.0787;0.933532;-29.1651;-1.81808;-1.09643;
-17.9759;1.02856;-29.3286;-1.63524;-1.00933;
-17.8621;1.13754;-29.4918;-1.63242;-0.962193;
-17.7455;1.16587;-29.6543;-1.62447;-0.948294;
-17.6539;0.916502;-29.8194;-1.65076;-1.06397;
-17.558;0.958545;-29.9941;-1.74769;-1.06913;

-17.4588;0.992338;29.811;-1.94924;-1.0999;
-17.3669;0.918578;29.6334;-1.77511;-1.09326;
-17.2771;0.898193;29.4753;-1.58171;-1.05434;
-17.1752;1.01928;29.2981;-1.77166;-1.04872;
-17.0742;1.00991;29.1328;-1.6532;-1.02241;
-16.9718;1.02395;28.9409;-1.91922;-1.08069;
-16.8642;1.07598;28.7658;-1.75054;-1.01967;
-16.7594;1.04794;28.5959;-1.69953;-1.01826;
-16.6554;1.04045;28.4303;-1.65585;-1.00979;
-16.564;0.913292;28.2907;-1.39578;-0.991389;
-16.4529;1.1109;28.122;-1.68727;-0.988536;
-16.3465;1.06485;27.9493;-1.72687;-1.01824;
-16.243;1.03433;27.7845;-1.64784;-1.01027;
-16.131;1.12051;27.6154;-1.69055;-0.985471;
-16.0173;1.13653;27.4259;-1.89591;-1.03077;
-15.9264;0.909006;27.248;-1.77894;-1.0984;
-15.8381;0.883331;27.0668;-1.81149;-1.1171;
-15.7435;0.945763;26.8916;-1.75231;-1.07588;
-15.6709;0.725762;26.7389;-1.5269;-1.12709;
-15.5856;0.853257;26.5588;-1.80045;-1.12824;
-15.5024;0.832382;26.3976;-1.61262;-1.0943;
-15.4112;0.911395;26.225;-1.7259;-1.08495;
-15.3058;1.05406;26.0595;-1.65448;-1.00355;
-15.1888;1.17009;25.9082;-1.51326;-0.912597;
-15.0665;1.22359;25.75;-1.58239;-0.912578;
-14.9637;1.02761;25.5646;-1.85422;-1.06473;
-14.8729;0.907814;25.3849;-1.79638;-1.10287;
-14.7829;0.900567;25.2172;-1.67687;-1.07795;
-14.6908;0.920107;25.0433;-1.7389;-1.08412;
-14.5897;1.01172;24.8724;-1.70931;-1.03636;
-14.4745;1.1522;24.706;-1.66411;-0.965199;
-14.3595;1.14933;24.5487;-1.57252;-0.939643;
-14.239;1.205;24.3759;-1.72818;-0.961906;
-14.131;1.07978;24.196;-1.79969;-1.03039;
-14.0257;1.05378;24.0212;-1.74744;-1.02814;
-13.9164;1.09313;23.8466;-1.74656;-1.01157;
