#1 AntPos X;#2 AntPos Y;#3 Distance form nest;#4 Total Distance;#5 Total Y Distance
-11.4788;13.427;17.6648;0.198933;-0.183179
-11.4023;13.2548;17.4844;0.387283;-0.355338
-11.3372;13.0786;17.3085;0.574929;-0.531521
-11.2692;12.8929;17.1237;0.77265;-0.717282
-11.2028;12.7149;16.9462;0.9625;-0.895216
-11.1048;12.5308;16.7433;1.17;-1.07932
-11.0143;12.3537;16.5508;1.36834;-1.25639
-10.9229;12.176;16.3574;1.56785;-1.43417
-10.8391;11.9956;16.1672;1.76673;-1.61456
-10.7428;11.8208;15.9731;1.96558;-1.78932
-10.6508;11.6403;15.7777;2.168;-1.96981
-10.5655;11.4593;15.5867;2.3681;-2.15085
-10.4765;11.2893;15.4015;2.55979;-2.32087
-10.3778;11.1249;15.2139;2.75051;-2.48522
-10.26;10.9367;14.996;2.97118;-2.67346
-10.1609;10.7727;14.8087;3.16199;-2.83742
-10.0464;10.6164;14.6164;3.35291;-2.99369
-9.92341;10.4509;14.4116;3.5563;-3.15923
-9.80707;10.2928;14.2169;3.75034;-3.31738
-9.69954;10.1186;14.0167;3.95456;-3.49152
-9.59511;9.95094;13.8234;4.15165;-3.65919
-9.49087;9.77963;13.6278;4.3519;-3.8305
-9.36219;9.60483;13.4128;4.56693;-4.0053
-9.23303;9.45202;13.2132;4.76318;-4.15811
-9.10187;9.28533;13.0024;4.97278;-4.32481
-8.98144;9.12297;12.8021;5.17348;-4.48716
-8.84679;8.96326;12.5939;5.37915;-4.64687
-8.7265;8.80284;12.3952;5.57838;-4.8073
-8.6066;8.65918;12.2088;5.76308;-4.95096
-8.48561;8.5088;12.0169;5.95426;-5.10134
-8.35759;8.37473;11.8315;6.13528;-5.23541
-8.21871;8.2359;11.6352;6.32632;-5.37423
-8.07709;8.09325;11.4342;6.52238;-5.51688
-7.93077;7.95379;11.2321;6.71858;-5.65635
-7.76697;7.79352;11.0029;6.94208;-5.81661
-7.63095;7.62425;10.7871;7.15819;-5.98588
-7.48792;7.45326;10.565;7.37966;-6.15688
-7.37384;7.29387;10.3718;7.57554;-6.31627
-7.25773;7.13086;10.1747;7.77556;-6.47927
-7.12825;6.9927;9.98548;7.96233;-6.61743
-6.99185;6.84534;9.78492;8.16072;-6.7648
-6.83952;6.69526;9.57108;8.37043;-6.91488
-6.69586;6.55164;9.36795;8.57012;-7.0585
-6.55711;6.41342;9.17211;8.76272;-7.19671
-6.40972;6.28223;8.97502;8.95468;-7.32791
-6.2606;6.12365;8.75753;9.1702;-7.48648
-6.11851;5.97429;8.55151;9.37425;-7.63585
-5.99616;5.84735;8.37529;9.54865;-7.76279
-5.85522;5.68485;8.16095;9.76285;-7.92528
-5.7322;5.55735;7.98387;9.93823;-8.05279
-5.59177;5.41707;7.78541;10.1342;-8.19306
-5.45065;5.27448;7.58483;10.3326;-8.33566
-5.31339;5.13669;7.39037;10.5249;-8.47345
-5.16814;4.99875;7.19008;10.7222;-8.61138
-5.022;4.86775;6.99396;10.9145;-8.74238
-4.86753;4.72403;6.78301;11.1222;-8.88611
-4.70892;4.58906;6.57521;11.3255;-9.02108
-4.56247;4.46557;6.38416;11.5125;-9.14456
-4.4058;4.29725;6.15447;11.7414;-9.31288
-4.27594;4.17447;5.97577;11.9179;-9.43566
-4.13917;4.00886;5.76227;12.1326;-9.60127
-4.00968;3.84118;5.55267;12.3444;-9.76895
-3.8796;3.69669;5.35881;12.5383;-9.91344
-3.73843;3.55036;5.15566;12.7405;-10.0598
-3.59817;3.41358;4.95978;12.9346;-10.1966
-3.45622;3.26111;4.75187;13.1421;-10.349
-3.33187;3.11207;4.5592;13.3361;-10.4981
-3.21839;2.9521;4.36726;13.532;-10.658
-3.10033;2.78889;4.17013;13.7333;-10.8212
-2.98303;2.62739;3.97513;13.9328;-10.9827
-2.86476;2.45379;3.77199;14.1424;-11.1563
-2.76292;2.29107;3.58926;14.3334;-11.3191
-2.6776;2.11491;3.41209;14.5249;-11.4952
-2.58692;1.91496;3.21858;14.7387;-11.6952
-2.50363;1.73739;3.0474;14.9303;-11.8727
-2.42917;1.54422;2.87845;15.1292;-12.0659
-2.35745;1.358;2.72061;15.3211;-12.2521
-2.28572;1.18452;2.57442;15.5029;-12.4256
-2.20423;0.999174;2.42012;15.7003;-12.611
-2.12614;0.822729;2.27977;15.8886;-12.7874
-2.04187;0.629391;2.13667;16.0943;-12.9807
-1.95983;0.442019;2.00905;16.294;-13.1681
-1.87655;0.265207;1.8952;16.4859;-13.3449
-1.79527;0.0890253;1.79748;16.6763;-13.5211
-1.71269;-0.0821401;1.71466;16.8635;-13.6923
-1.62044;-0.266587;1.64222;17.0671;-13.8767
-1.54157;-0.467487;1.61089;17.2765;-14.0776
-1.47333;-0.630726;1.60266;17.4491;-14.2409
-1.3912;-0.830109;1.62004;17.6593;-14.4402
-1.31465;-1.03239;1.67157;17.8689;-14.6425
-1.24308;-1.22003;1.74176;18.0637;-14.8302
-1.17148;-1.41023;1.83333;18.2608;-15.0204
-1.0987;-1.59358;1.93562;18.4531;-15.2037
-1.02402;-1.77138;2.04607;18.6419;-15.3815
-0.926368;-1.96204;2.16973;18.8544;-15.5722
-0.819331;-2.13921;2.29075;19.0611;-15.7493
-0.712341;-2.29188;2.40003;19.2475;-15.902
-0.595133;-2.44871;2.52;19.4431;-16.0588
-0.498367;-2.59741;2.64479;19.6205;-16.2075
-0.406822;-2.76258;2.79238;19.8085;-16.3727
-0.312793;-2.93433;2.95095;20.0034;-16.5445
-0.213309;-3.10266;3.10998;20.1986;-16.7128
-0.0973399;-3.2607;3.26215;20.3945;-16.8708
0.0194716;-3.4401;3.44016;20.6085;-17.0502
0.117852;-3.59517;3.5971;20.7921;-17.2053
0.223241;-3.76696;3.77357;20.9934;-17.3771
0.323781;-3.9504;3.96365;21.2017;-17.5605
0.401398;-4.1264;4.14588;21.391;-17.7365
0.47835;-4.31147;4.33793;21.5875;-17.9216
0.561409;-4.49992;4.5348;21.7902;-18.11
0.640684;-4.67441;4.71811;21.9794;-18.2845
0.712547;-4.85833;4.9103;22.1723;-18.4685
0.807569;-5.05101;5.11516;22.3854;-18.6611
0.896119;-5.22924;5.30547;22.5829;-18.8394
0.981348;-5.40081;5.48924;22.773;-19.0109
1.04751;-5.57719;5.67471;22.9567;-19.1873
1.11853;-5.79749;5.90441;23.1799;-19.4076
1.17624;-5.9884;6.10283;23.3714;-19.5985
1.23144;-6.17929;6.3008;23.5616;-19.7894
1.28941;-6.36616;6.49543;23.7501;-19.9763
1.37288;-6.53057;6.67332;23.9335;-20.1407
1.46325;-6.73996;6.89697;24.1586;-20.3501
1.54247;-6.92335;7.09309;24.3558;-20.5335
1.63151;-7.09144;7.2767;24.5454;-20.7016
1.7254;-7.2833;7.48488;24.7576;-20.8934
1.80493;-7.46797;7.68299;24.9562;-21.0781
1.88694;-7.64658;7.87596;25.151;-21.2567
1.96898;-7.82951;8.07329;25.3494;-21.4396
2.04801;-7.99771;8.25576;25.5339;-21.6078
2.11926;-8.18325;8.45322;25.7289;-21.7934
2.18276;-8.36479;8.64489;25.9164;-21.9749
2.24452;-8.54716;8.83696;26.1038;-22.1573
2.32995;-8.73351;9.03896;26.3072;-22.3436
2.44183;-8.90913;9.2377;26.5154;-22.5193
2.54277;-9.07765;9.42706;26.7118;-22.6878
2.64553;-9.24626;9.61728;26.9093;-22.8564
2.75261;-9.41598;9.81008;27.1099;-23.0261
2.85841;-9.5875;10.0045;27.3115;-23.1976
2.93245;-9.7612;10.1922;27.4981;-23.3713
3.0128;-9.94426;10.3906;27.696;-23.5544
3.08635;-10.1309;10.5906;27.8935;-23.7411
3.17953;-10.3151;10.794;28.0992;-23.9252
3.27847;-10.5086;11.0082;28.3158;-24.1188
3.36946;-10.6859;11.2045;28.5145;-24.296
3.45728;-10.8583;11.3954;28.7074;-24.4684
3.53591;-11.033;11.5858;28.8974;-24.6432
3.61084;-11.2101;11.7773;29.0876;-24.8202
3.68985;-11.3856;11.9686;29.2785;-24.9957
3.77414;-11.5663;12.1665;29.4767;-25.1764
3.85801;-11.7517;12.3687;29.6787;-25.3618
3.94801;-11.9129;12.55;29.8632;-25.523
4.03166;-12.0728;12.7281;30.0433;-25.6829
4.12388;-12.2681;12.9427;30.2581;-25.8783
4.19681;-12.4428;13.1315;30.4453;-26.0529
4.27728;-12.631;13.3355;30.648;-26.2411
4.35001;-12.8198;13.5377;30.8473;-26.4299
4.42241;-13.0069;13.7381;31.0449;-26.617
4.48646;-13.1761;13.919;31.223;-26.7863
4.56297;-13.3587;14.1165;31.4189;-26.9688
4.64271;-13.5375;14.3115;31.6134;-27.1477
4.72873;-13.7179;14.51;31.8123;-27.328
4.8063;-13.8986;14.7062;32.0073;-27.5087
4.88697;-14.0839;14.9077;32.2078;-27.694
4.94935;-14.2732;15.1069;32.4024;-27.8833
5.00866;-14.4757;15.3177;32.6069;-28.0858
5.07295;-14.6692;15.5216;32.8063;-28.2793
5.13818;-14.8591;15.7224;33.0031;-28.4692
5.19846;-15.039;15.9121;33.1888;-28.6491
5.27663;-15.239;16.1267;33.4009;-28.8491
5.35123;-15.4335;16.3349;33.6065;-29.0436
5.4467;-15.6292;16.5511;33.8237;-29.2393
5.53816;-15.8238;16.7649;34.0379;-29.4339
5.62837;-15.9873;16.9491;34.2246;-29.5974
5.71502;-16.1499;17.1312;34.4087;-29.76
5.80329;-16.3392;17.3392;34.6167;-29.9493
5.88097;-16.509;17.5252;34.8027;-30.1192
5.96114;-16.6927;17.7252;35.0018;-30.3028
6.03486;-16.8632;17.9105;35.1863;-30.4733
6.13418;-17.0381;18.1087;35.3875;-30.6483
6.24352;-17.213;18.3103;35.5936;-30.8231
6.34818;-17.383;18.5059;35.7931;-30.9931
6.46374;-17.5539;18.7061;35.9989;-31.164
6.58055;-17.7137;18.8966;36.1958;-31.3239
6.71783;-17.8627;19.0842;36.3935;-31.4729
6.85049;-17.997;19.2568;36.5763;-31.6072
6.98953;-18.1393;19.4394;36.7693;-31.7495
7.1155;-18.2658;19.6028;36.9421;-31.876
7.26098;-18.4138;19.7937;37.1433;-32.0239
7.41253;-18.5324;19.9599;37.3224;-32.1426
7.57797;-18.644;20.1252;37.5027;-32.2541
7.75084;-18.7402;20.2798;37.6738;-32.3503
7.91164;-18.8308;20.4253;37.8341;-32.441
8.08775;-18.9299;20.5852;38.0098;-32.54
8.26693;-19.0384;20.7558;38.1954;-32.6486
8.43744;-19.1384;20.9158;38.3695;-32.7485
8.61735;-19.2372;21.0791;38.5477;-32.8474
8.79233;-19.3283;21.2341;38.7171;-32.9384
8.96692;-19.4312;21.4004;38.8965;-33.0413
9.14637;-19.5271;21.563;39.0728;-33.1373
9.32712;-19.6223;21.7263;39.2494;-33.2325
9.48836;-19.7204;21.8843;39.4183;-33.3306
9.66358;-19.8238;22.0538;39.5995;-33.434
9.83637;-19.9204;22.2166;39.7737;-33.5305
10.0109;-20.0144;22.3784;39.9469;-33.6245
10.1708;-20.1088;22.5346;40.1127;-33.7189
10.3364;-20.2168;22.706;40.2934;-33.827
10.508;-20.3257;22.8813;40.4781;-33.9359
10.6509;-20.4229;23.0334;40.6375;-34.033
10.8072;-20.5541;23.2221;40.8329;-34.1642
10.9591;-20.6766;23.4014;41.0186;-34.2867
11.1411;-20.8123;23.6067;41.232;-34.4225
11.3239;-20.9264;23.7938;41.428;-34.5365
11.4932;-21.0192;23.9562;41.599;-34.6293
11.6738;-21.1226;24.1339;41.7852;-34.7327
11.8499;-21.2236;24.3076;41.9672;-34.8337
12.0179;-21.3169;24.4712;42.1384;-34.927
12.1583;-21.4263;24.6355;42.3076;-35.0364
12.3171;-21.5585;24.829;42.5062;-35.1687
12.4658;-21.6957;25.022;42.7033;-35.3059
12.6186;-21.832;25.2164;42.902;-35.4422
12.7584;-21.9703;25.4061;43.095;-35.5804
12.8857;-22.1063;25.5876;43.279;-35.7164
13.0284;-22.2568;25.7896;43.4839;-35.8669
13.1666;-22.4013;25.9842;43.6812;-36.0114
13.3074;-22.5585;26.1911;43.8905;-36.1686
13.4365;-22.7084;26.3858;44.0872;-36.3185
13.569;-22.8659;26.5889;44.2921;-36.4761
13.6939;-23.025;26.7895;44.494;-36.6351
13.8238;-23.173;26.983;44.6895;-36.7831
13.9663;-23.3203;27.1826;44.8917;-36.9304
14.1014;-23.4693;27.3799;45.0911;-37.0794
14.2362;-23.6178;27.5766;45.2899;-37.2279
14.3458;-23.7492;27.7457;45.4603;-37.3594
14.4915;-23.915;27.963;45.6796;-37.5251
14.6353;-24.0719;28.1718;45.8906;-37.6821
14.7787;-24.22;28.3728;46.0939;-37.8301
14.909;-24.3679;28.567;46.2898;-37.978
15.0556;-24.5158;28.7697;46.4949;-38.1259
15.2046;-24.6666;28.9762;46.704;-38.2767
15.3448;-24.8059;29.1684;46.8985;-38.416
15.4894;-24.9469;29.3644;47.0969;-38.557
15.6325;-25.0757;29.5494;47.2846;-38.6859
15.7833;-25.2011;29.7357;47.4739;-38.8112
15.9068;-25.3202;29.9021;47.6424;-38.9303
16.0938;-25.4869;30.1429;47.8864;-39.0971
16.2351;-25.6131;30.3251;48.0711;-39.2233
16.386;-25.7432;30.5158;48.2645;-39.3533
16.5199;-25.8587;30.6852;48.4362;-39.4688
16.6558;-25.9862;30.8658;48.6189;-39.5963
16.8275;-26.1085;31.0615;48.8182;-39.7186
16.9762;-26.2327;31.2465;49.0057;-39.8428
17.1157;-26.3467;31.4181;49.1797;-39.9569
17.2637;-26.477;31.608;49.3718;-40.0871
17.408;-26.6167;31.8039;49.5695;-40.2269
17.5431;-26.7481;31.9878;49.755;-40.3582
17.6831;-26.9043;32.1953;49.9637;-40.5145
17.8159;-27.0524;32.392;50.1615;-40.6625
17.944;-27.1978;32.5839;50.3543;-40.8079
18.0793;-27.3469;32.7828;50.5544;-40.957
18.2086;-27.4832;32.9679;50.7407;-41.0933
18.3431;-27.6238;33.1594;50.9334;-41.2339
18.4699;-27.7746;33.3551;51.13;-41.3847
18.5987;-27.9276;33.5538;51.3294;-41.5377
18.7293;-28.0851;33.7574;51.5336;-41.6953
18.8608;-28.2438;33.9624;51.7393;-41.8539
18.9895;-28.4035;34.1666;51.9441;-42.0136
19.1277;-28.5604;34.3739;52.1523;-42.1705
19.2585;-28.7118;34.5725;52.3517;-42.3219
19.3903;-28.8739;34.7805;52.5603;-42.484
19.5201;-29.0286;34.9813;52.7618;-42.6387
19.6487;-29.1812;35.1797;52.9609;-42.7913
19.7873;-29.3184;35.371;53.1534;-42.9286
19.9322;-29.4637;35.5725;53.3563;-43.0739
20.0554;-29.6182;35.7695;53.5536;-43.2283
20.1952;-29.7795;35.9814;53.7663;-43.3896
20.3318;-29.9231;36.177;53.9629;-43.5333

20.4844;29.923;36.2629;54.1772;-43.6871
20.6315;29.7803;36.2288;54.3793;-43.8298
20.7581;29.6385;36.1847;54.5686;-43.9717
20.8946;29.4922;36.1438;54.7673;-44.1179
21.0425;29.3378;36.104;54.9793;-44.2723
21.1827;29.2129;36.0846;55.163;-44.3973
21.332;29.0805;36.0656;55.3583;-44.5297
21.4814;28.9487;36.0483;55.553;-44.6614
21.6375;28.8033;36.0251;55.7628;-44.8069
21.7944;28.6609;36.0061;55.9706;-44.9493
21.9436;28.5218;35.9863;56.1713;-45.0883
22.0831;28.4022;35.9771;56.3504;-45.2079
22.2226;28.2695;35.9584;56.5402;-45.3406
22.3629;28.1359;35.9406;56.7312;-45.4743
22.4904;28.002;35.9156;56.9147;-45.6081
22.624;27.8383;35.8722;57.1259;-45.7719
22.7185;27.6868;35.8146;57.3038;-45.9234
22.8421;27.5171;35.7624;57.5137;-46.0931
22.9555;27.3243;35.6871;57.736;-46.2858
23.0657;27.1504;35.6255;57.9413;-46.4597
23.1703;26.9815;35.5649;58.1392;-46.6286
23.2922;26.8097;35.5146;58.3498;-46.8004
23.4087;26.6431;35.4658;58.553;-46.967
23.5206;26.4815;35.4188;58.7495;-47.1286
23.6231;26.3088;35.3582;58.9492;-47.3013
23.7276;26.15;35.3104;59.139;-47.4601
23.842;25.9916;35.2704;59.3344;-47.6185
23.9476;25.8171;35.2138;59.5374;-47.793
24.0438;25.6353;35.1465;59.7408;-47.9749
24.1629;25.4407;35.0867;59.968;-48.1695
24.2445;25.2326;34.9926;60.1838;-48.3775
24.3259;25.0458;34.9148;60.3823;-48.5643
24.3965;24.8565;34.8286;60.5766;-48.7537
24.4731;24.7012;34.7718;60.7471;-48.909
24.5541;24.5209;34.7013;60.9403;-49.0892
24.6438;24.3309;34.631;61.1465;-49.2792
24.7301;24.1495;34.5655;61.3438;-49.4606
24.8206;23.9809;34.513;61.5332;-49.6292
24.9139;23.8102;34.462;61.7261;-49.7999
24.9992;23.6304;34.4;61.9216;-49.9797
25.0928;23.4486;34.3437;62.1236;-50.1615
25.1879;23.2767;34.2963;62.3185;-50.3334
25.2903;23.0971;34.2502;62.5239;-50.513
25.3901;22.9181;34.2037;62.7274;-50.6921
25.4951;22.7513;34.1705;62.924;-50.8588
25.5598;22.582;34.1065;63.099;-51.0281
25.6246;22.396;34.0324;63.2876;-51.2142
25.6931;22.2035;33.9578;63.4836;-51.4066
25.7557;22.0245;33.8886;63.6653;-51.5856
25.8362;21.8424;33.8319;63.8601;-51.7678
25.932;21.6452;33.7784;64.076;-51.9649
26.0047;21.474;33.725;64.2574;-52.1361
26.0682;21.2864;33.6551;64.4467;-52.3237
26.1346;21.1017;33.5901;64.6355;-52.5085
26.1857;20.9184;33.5153;64.8142;-52.6917
26.2403;20.7244;33.4373;65.0038;-52.8858
26.3146;20.5487;33.3872;65.19;-53.0615
26.3855;20.3545;33.3242;65.3892;-53.2556
26.4521;20.1658;33.2622;65.5815;-53.4443
26.5222;19.9779;33.2046;65.7753;-53.6322
26.588;19.7912;33.1453;65.9657;-53.819
26.6498;19.6207;33.0936;66.1406;-53.9894
26.7218;19.4704;33.0628;66.3048;-54.1398
26.8094;19.2891;33.0275;66.5035;-54.321
26.9002;19.0861;32.9833;66.7217;-54.524
26.9667;18.9032;32.9323;66.9095;-54.707
27.0416;18.7008;32.878;67.1181;-54.9094
27.1105;18.5151;32.8297;67.3097;-55.0951
27.1861;18.3346;32.7909;67.5008;-55.2755
27.2606;18.1458;32.7477;67.6982;-55.4643
27.3325;17.9608;32.7056;67.8911;-55.6494
27.3927;17.7762;32.655;68.0769;-55.834
27.4519;17.5849;32.6012;68.2676;-56.0252
27.5118;17.3926;32.5485;68.4598;-56.2176
27.5706;17.2035;32.4976;68.6485;-56.4066
27.6263;17.0122;32.4442;68.8376;-56.598
27.6764;16.8134;32.3832;69.0296;-56.7968
27.7284;16.6202;32.3279;69.2182;-56.99
27.7775;16.4253;32.2705;69.4065;-57.1848
27.8221;16.2019;32.1958;69.6159;-57.4082
27.8611;16.0051;32.131;69.8002;-57.605
27.8987;15.8047;32.0644;69.9869;-57.8054
27.9106;15.6189;31.9836;70.1471;-57.9912
27.9176;15.4109;31.8886;70.3232;-58.1993
27.9045;15.2128;31.782;70.4798;-58.3973
27.8921;15.007;31.673;70.6435;-58.6031
27.8792;14.8008;31.5644;70.8075;-58.8094
27.8674;14.6005;31.4606;70.9674;-59.0096
27.8663;14.4162;31.3745;71.1201;-59.1939
27.8688;14.227;31.2902;71.279;-59.3831
27.8794;14.0357;31.2131;71.4443;-59.5744
27.8876;13.8371;31.1317;71.6146;-59.7731
27.9039;13.6417;31.06;71.7866;-59.9684
27.9134;13.4428;30.9817;71.9581;-60.1674
27.9254;13.256;30.9119;72.121;-60.3542
27.9441;13.0502;30.8412;72.3035;-60.56
27.9598;12.8444;30.7689;72.4845;-60.7658
27.9775;12.6437;30.7019;72.6625;-60.9664
27.9916;12.4361;30.6298;72.8444;-61.174
28.0049;12.2359;30.5613;73.0198;-61.3742
27.9948;12.0486;30.4775;73.1718;-61.5615
27.979;11.8381;30.3803;73.3405;-61.772
27.9739;11.642;30.2997;73.503;-61.9681
27.9677;11.4573;30.2235;73.6554;-62.1528
27.9549;11.2667;30.1399;73.8095;-62.3434
27.9436;11.0642;30.0543;73.9746;-62.546
27.9363;10.8641;29.9744;74.14;-62.746
27.9195;10.6588;29.8849;74.3048;-62.9513
27.92;10.4567;29.8139;74.4764;-63.1535
27.9222;10.2549;29.7458;74.6488;-63.3553
27.9212;10.0765;29.6838;74.7998;-63.5337
27.955;9.86962;29.6461;74.9933;-63.7405
27.9855;9.67842;29.6119;75.172;-63.9317
28.0232;9.49108;29.5868;75.3512;-64.1191
28.063;9.29533;29.5624;75.5387;-64.3148
28.1047;9.10183;29.5418;75.7253;-64.5083
28.1608;8.88743;29.5299;75.9374;-64.7227
28.2138;8.71084;29.5279;76.1156;-64.8993
28.264;8.51521;29.5189;76.3087;-65.0949
28.2842;8.33849;29.4877;76.47;-65.2716
28.2891;8.13586;29.4358;76.6456;-65.4743
28.2944;7.9136;29.3802;76.8382;-65.6965
28.2992;7.71404;29.3317;77.0114;-65.8961
28.2868;7.51967;29.2693;77.1714;-66.0905
28.28;7.31543;29.2108;77.3429;-66.2947
28.2745;7.11169;29.1552;77.5148;-66.4984
28.2697;6.91184;29.1024;77.6838;-66.6983
28.2639;6.70394;29.048;77.8594;-66.9062
28.2712;6.51237;29.0116;78.0279;-67.0978
28.2687;6.32442;28.9675;78.1882;-67.2857
28.2666;6.12443;28.9225;78.3594;-67.4857
28.2658;5.91984;28.879;78.5352;-67.6903
28.2707;5.7225;28.8441;78.7079;-67.8876
28.2776;5.52402;28.8122;78.8826;-68.0861
28.2919;5.31978;28.7877;79.0661;-68.2903
28.3053;5.14132;28.7684;79.2271;-68.4688
28.3335;4.94245;28.7613;79.4132;-68.6677
28.3575;4.73643;28.7504;79.6034;-68.8737
28.3733;4.53393;28.7333;79.7866;-69.0762
28.3943;4.33315;28.723;79.971;-69.277
28.4275;4.145;28.7281;80.1506;-69.4651
28.4961;3.96901;28.7712;80.3373;-69.6411
28.5784;3.79532;28.8294;80.5289;-69.8148
28.6644;3.61444;28.8914;80.7286;-69.9957
28.7357;3.41474;28.9379;80.9373;-70.1954
28.8094;3.23143;28.99;81.1329;-70.3787
28.8853;3.06181;29.0471;81.3179;-70.5483
28.9704;2.86878;29.1121;81.5277;-70.7414
29.0376;2.66276;29.1594;81.7398;-70.9474
29.1011;2.47562;29.2062;81.9338;-71.1345
29.1724;2.27338;29.2609;82.1448;-71.3368
29.239;2.08516;29.3132;82.3413;-71.525
29.3052;1.89347;29.3663;82.5406;-71.7167
29.3775;1.70627;29.427;82.739;-71.9039
29.4497;1.51991;29.4889;82.9367;-72.0902
29.5201;1.33748;29.5504;83.1301;-72.2727
29.6109;1.15101;29.6332;83.3371;-72.4591
29.6817;0.980678;29.6979;83.5201;-72.6295
29.7577;0.794347;29.7683;83.7197;-72.8158
29.8212;0.627867;29.8279;83.8959;-72.9823
29.8844;0.433359;29.8876;84.0963;-73.1768
29.9533;0.264567;29.9544;84.2771;-73.3456

-29.9689;0.0970732;29.969;84.4612;-73.5131
-29.8839;-0.0843454;29.884;84.6609;-73.6945
-29.8207;-0.256934;29.8219;84.8422;-73.8671
-29.7514;-0.443912;29.7547;85.0391;-74.054
-29.671;-0.636322;29.6779;85.2462;-74.2465
-29.6072;-0.812822;29.6183;85.4313;-74.423
-29.5383;-0.995647;29.5551;85.6244;-74.6058
-29.472;-1.18273;29.4957;85.82;-74.7929
-29.4451;-1.35154;29.4761;85.9803;-74.9617
-29.4328;-1.54684;29.4734;86.1566;-75.157
-29.4199;-1.74558;29.4716;86.3364;-75.3557
-29.4189;-1.94391;29.4831;86.51;-75.554
-29.4247;-2.15105;29.5032;86.6882;-75.7612
-29.4288;-2.34879;29.5224;86.859;-75.9589
-29.4428;-2.54616;29.5527;87.0249;-76.1563
-29.4579;-2.76633;29.5875;87.2104;-76.3765
-29.467;-2.96363;29.6157;87.3788;-76.5738
-29.4861;-3.15886;29.6549;87.5407;-76.769
-29.5327;-3.37248;29.7246;87.7058;-76.9826
-29.5777;-3.55781;29.7909;87.847;-77.1679
-29.6255;-3.75063;29.8619;87.9937;-77.3608
-29.6674;-3.95703;29.9302;88.1552;-77.5672
-29.7113;-4.12863;29.9968;88.2855;-77.7388
-29.778;-4.33351;30.0917;88.4344;-77.9436
-29.8212;-4.50403;30.1595;88.5643;-78.1142
-29.8794;-4.7186;30.2497;88.7263;-78.3287
-29.9287;-4.90525;30.328;88.8681;-78.5154
-29.9887;-5.09094;30.4177;89.0041;-78.7011

29.9648;-5.29028;30.4283;89.1588;-78.9004
29.9185;-5.48126;30.4164;89.3063;-79.0914
29.8599;-5.6868;30.3966;89.4612;-79.2969
29.8021;-5.88584;30.3778;89.611;-79.496
29.7259;-6.06681;30.3387;89.7365;-79.6769
29.6431;-6.24446;30.2937;89.8563;-79.8546
29.5806;-6.41371;30.2679;89.9781;-80.0238
29.5016;-6.60276;30.2315;90.1103;-80.2129
29.427;-6.78283;30.1986;90.2367;-80.393
29.3651;-6.952;30.1768;90.3594;-80.5621
29.303;-7.1244;30.1566;90.4851;-80.7345
29.2321;-7.31567;30.1336;90.6239;-80.9258
29.1589;-7.50321;30.1088;90.7585;-81.1133
29.0855;-7.69103;30.0852;90.8936;-81.3012
29.0157;-7.87445;30.0652;91.0265;-81.4846
28.9477;-8.05453;30.0474;91.1576;-81.6647
28.8698;-8.21304;30.0153;91.265;-81.8232
28.7757;-8.39245;29.9746;91.3844;-82.0026
28.6971;-8.56146;29.947;91.5014;-82.1716
28.6097;-8.75538;29.9194;91.6373;-82.3655
28.5435;-8.9469;29.9129;91.7805;-82.557
28.4785;-9.13874;29.9089;91.9248;-82.7489
28.4237;-9.31499;29.9111;92.0597;-82.9251
28.3499;-9.52968;29.9087;92.2212;-83.1398
28.3028;-9.7103;29.9222;92.3637;-83.3204
28.2599;-9.90634;29.946;92.5221;-83.5165
28.2179;-10.1071;29.9734;92.6853;-83.7172
28.1828;-10.2978;30.0052;92.8426;-83.908
28.1407;-10.4918;30.0329;92.9999;-84.1019
28.1151;-10.6838;30.0767;93.1628;-84.294
28.0892;-10.8839;30.1241;93.3328;-84.494
28.0383;-11.0936;30.1532;93.5011;-84.7037
27.9882;-11.2749;30.1739;93.6443;-84.885
27.9271;-11.4822;30.1954;93.8065;-85.0924
27.8666;-11.6655;30.2098;93.9474;-85.2757
27.8049;-11.8544;30.2265;94.093;-85.4645
27.742;-12.0633;30.2513;94.2565;-85.6734
27.674;-12.2439;30.2616;94.3925;-85.8541
27.623;-12.4314;30.2914;94.5419;-86.0415
27.5808;-12.6413;30.3398;94.7155;-86.2514
27.5359;-12.8427;30.3836;94.8804;-86.4528
27.4843;-13.0415;30.4215;95.0404;-86.6516
27.4297;-13.2278;30.4526;95.1879;-86.8379
27.3624;-13.4154;30.4741;95.3315;-87.0255
27.2938;-13.6125;30.5;95.4836;-87.2226
27.2275;-13.8005;30.5253;95.6285;-87.4106
27.1677;-13.9934;30.5598;95.7807;-87.6035
27.0961;-14.175;30.5799;95.9179;-87.7851
27.0117;-14.3294;30.5772;96.0253;-87.9395
26.9216;-14.4972;30.5768;96.1429;-88.1073
26.8269;-14.6735;30.5777;96.2667;-88.2836
26.715;-14.8376;30.5589;96.3727;-88.4477
26.5997;-14.9965;30.5359;96.4729;-88.6067
26.4794;-15.1342;30.4992;96.5519;-88.7443
26.3586;-15.3007;30.4777;96.6575;-88.9108
26.2664;-15.4647;30.4808;96.7724;-89.0748
26.1705;-15.6473;30.4915;96.9031;-89.2574
26.06;-15.8244;30.4883;97.0233;-89.4345
25.9564;-15.9969;30.4899;97.1423;-89.607
25.8289;-16.1958;30.4866;97.2767;-89.806
25.7445;-16.3762;30.5116;97.411;-89.9863
25.6397;-16.5883;30.5379;97.567;-90.1985
25.5516;-16.7752;30.5662;97.7062;-90.3853
25.4926;-16.9742;30.6267;97.868;-90.5844
25.4573;-17.1991;30.7227;98.0629;-90.8093
25.4252;-17.4205;30.8207;98.2559;-91.0306
25.3987;-17.616;30.9098;98.4271;-91.2261
25.3644;-17.8214;30.9993;98.6046;-91.4315
25.351;-18.0254;31.1061;98.7888;-91.6355
25.3385;-18.2247;31.2118;98.969;-91.8348
25.3253;-18.4259;31.3191;99.1509;-92.036
25.3093;-18.6176;31.4194;99.3229;-92.2278
25.282;-18.8281;31.5226;99.5082;-92.4382
25.257;-19.0273;31.622;99.6841;-92.6374
25.2372;-19.2217;31.7237;99.8575;-92.8319
25.2208;-19.4142;31.8277;100.03;-93.0243
25.2184;-19.6123;31.9469;100.214;-93.2224
25.2187;-19.8235;32.0773;100.41;-93.4337
25.2115;-20.0277;32.1983;100.598;-93.6378
25.1923;-20.2176;32.3018;100.768;-93.8278
25.1611;-20.447;32.4216;100.97;-94.0571
25.1387;-20.6404;32.5266;101.142;-94.2505
25.1256;-20.8503;32.6502;101.333;-94.4605
25.1269;-21.0435;32.7748;101.513;-94.6536
25.1242;-21.2417;32.9004;101.697;-94.8519
25.1158;-21.4412;33.0232;101.88;-95.0513
25.0865;-21.6414;33.1313;102.057;-95.2516
25.0565;-21.838;33.2375;102.229;-95.4482
25.0298;-22.0348;33.347;102.404;-95.6449
25.0026;-22.235;33.4593;102.581;-95.8451
24.959;-22.4586;33.5759;102.774;-96.0687
24.9276;-22.648;33.6796;102.94;-96.2581
24.8962;-22.8555;33.7964;103.123;-96.4657
24.88;-23.0603;33.9233;103.309;-96.6705
24.8713;-23.2553;34.0498;103.489;-96.8654
24.8636;-23.4201;34.157;103.64;-97.0303
24.8482;-23.6292;34.2896;103.831;-97.2393
24.8242;-23.8304;34.4112;104.011;-97.4405
24.8017;-24.0308;34.5341;104.19;-97.6409
24.7666;-24.2439;34.6576;104.378;-97.8541
24.721;-24.4369;34.7604;104.543;-98.047
24.6757;-24.6228;34.8593;104.702;-98.2329
24.6236;-24.8174;34.9603;104.866;-98.4275
24.5734;-24.9997;35.0548;105.02;-98.6098
24.5188;-25.2057;35.1638;105.195;-98.8158
24.4585;-25.4066;35.2663;105.363;-99.0167
24.4252;-25.6122;35.3917;105.545;-99.2223
24.3996;-25.8148;35.521;105.727;-99.4249
24.3728;-26.0082;35.6435;105.9;-99.6183
24.3572;-26.2321;35.7966;106.105;-99.8422
24.3396;-26.4294;35.9295;106.285;-100.039
24.31;-26.658;36.0781;106.49;-100.268
24.2999;-26.8494;36.2129;106.667;-100.46
24.2747;-27.0573;36.3505;106.854;-100.667
24.2493;-27.2526;36.4792;107.03;-100.863
24.2035;-27.4765;36.6165;107.225;-101.087
24.1434;-27.6748;36.7259;107.392;-101.285
24.0793;-27.8982;36.8527;107.582;-101.508
24.0275;-28.085;36.9606;107.741;-101.695
23.9601;-28.2829;37.0676;107.906;-101.893
23.8901;-28.47;37.1656;108.059;-102.08
23.8119;-28.6422;37.2476;108.196;-102.252
23.729;-28.8253;37.3358;108.342;-102.435
23.6454;-29.0072;37.4235;108.487;-102.617
23.5613;-29.1839;37.5078;108.627;-102.794
23.471;-29.357;37.5862;108.762;-102.967
23.3796;-29.524;37.66;108.891;-103.134
23.2798;-29.7027;37.7385;109.028;-103.313
23.1843;-29.873;37.8141;109.159;-103.483

23.0844;29.9608;37.8225;109.285;-103.649
22.9731;29.7844;37.6148;109.417;-103.826
22.8423;29.6131;37.3993;109.538;-103.997
22.7203;29.453;37.198;109.652;-104.157
22.5986;29.2936;36.9974;109.766;-104.317
22.4808;29.1508;36.8125;109.865;-104.459
22.3516;28.9959;36.6109;109.972;-104.614
22.2502;28.8316;36.4188;110.097;-104.779
22.1433;28.6602;36.2178;110.228;-104.95
22.0346;28.487;36.0143;110.36;-105.123
21.9423;28.3241;35.829;110.487;-105.286
21.8315;28.1642;35.6348;110.606;-105.446
21.72;28.0079;35.443;110.721;-105.602
21.6054;27.8412;35.241;110.846;-105.769
21.494;27.6765;35.0426;110.97;-105.934
21.3987;27.5053;34.8489;111.105;-106.105
21.2987;27.3275;34.6472;111.245;-106.283
21.2082;27.1434;34.4464;111.394;-106.467
21.1268;26.955;34.2479;111.55;-106.655
21.0467;26.7768;34.0582;111.697;-106.833
20.9555;26.5986;33.8618;111.841;-107.011
20.857;26.4393;33.6757;111.965;-107.171
20.742;26.2732;33.4741;112.091;-107.337
20.6233;26.1112;33.2734;112.212;-107.499
20.4676;25.9606;33.0587;112.312;-107.65
20.3288;25.8366;32.8754;112.391;-107.773
20.1789;25.7092;32.6826;112.471;-107.901
20.0293;25.5937;32.4993;112.54;-108.016
19.8894;25.467;32.3134;112.622;-108.143
19.7336;25.3435;32.1202;112.698;-108.267
19.5917;25.2179;31.934;112.779;-108.392
19.4384;25.0795;31.7306;112.87;-108.531
19.2917;24.994;31.5732;112.912;-108.616
19.1021;24.9125;31.393;112.939;-108.698
18.917;24.8347;31.2188;112.963;-108.775
18.7303;24.7592;31.0458;112.986;-108.851
18.5447;24.684;30.874;113.009;-108.926
18.3733;24.6109;30.7128;113.034;-108.999
18.191;24.5118;30.5244;113.081;-109.098
17.994;24.3979;30.3157;113.139;-109.212
17.8208;24.2993;30.1337;113.19;-109.311
17.6268;24.2038;29.9421;113.232;-109.406
17.4457;24.1219;29.7694;113.264;-109.488
17.263;24.039;29.5953;113.298;-109.571
17.0815;23.9559;29.4221;113.332;-109.654
16.8953;23.8768;29.2498;113.362;-109.733
16.6966;23.7879;29.0627;113.398;-109.822
16.5231;23.6812;28.8758;113.458;-109.929
16.3508;23.5855;28.6989;113.509;-110.025
16.1649;23.4993;28.5223;113.547;-110.111
15.986;23.4242;28.3592;113.576;-110.186
15.8008;23.3504;28.1941;113.603;-110.26
15.6149;23.2819;28.0334;113.625;-110.328
15.4432;23.2015;27.8712;113.662;-110.409
15.2722;23.119;27.7079;113.702;-110.491
15.0799;23.0372;27.5339;113.736;-110.573
14.9085;22.9552;27.3716;113.776;-110.655
14.7414;22.8678;27.2075;113.822;-110.742
14.5683;22.7752;27.036;113.872;-110.835
14.3942;22.6842;26.8657;113.921;-110.926
14.2305;22.5747;26.6857;113.99;-111.035
14.0582;22.4639;26.5002;114.06;-111.146
13.8865;22.3546;26.3166;114.128;-111.256
13.7135;22.2442;26.1316;114.197;-111.366
13.5269;22.1388;25.9443;114.259;-111.471
13.3539;22.0411;25.7709;114.316;-111.569
13.1765;21.9423;25.5946;114.374;-111.668
12.997;21.8398;25.4146;114.435;-111.77
12.8211;21.7189;25.2209;114.516;-111.891
12.6688;21.5958;25.0375;114.604;-112.014
12.5144;21.4585;24.841;114.706;-112.152
12.3642;21.3235;24.6489;114.806;-112.287
12.2407;21.1723;24.4561;114.929;-112.438
12.1237;21.0309;24.2752;115.043;-112.579
11.9909;20.8577;24.0588;115.185;-112.752
11.8679;20.7009;23.8616;115.313;-112.909
11.7489;20.545;23.6671;115.442;-113.065
11.6287;20.4093;23.4897;115.551;-113.201
11.4828;20.2436;23.2736;115.684;-113.367
11.3466;20.0953;23.0774;115.802;-113.515
11.2168;19.9483;22.8856;115.921;-113.662
11.0934;19.8064;22.7015;116.036;-113.804
10.9623;19.6583;22.5082;116.156;-113.952
10.8282;19.5122;22.3154;116.273;-114.098
10.6949;19.3662;22.1231;116.391;-114.244
10.5504;19.2333;21.937;116.494;-114.377
10.4025;19.0977;21.7471;116.599;-114.512
10.2519;18.9572;21.5517;116.709;-114.653
10.104;18.8244;21.3647;116.812;-114.786
9.96713;18.7018;21.192;116.907;-114.908
9.80365;18.5702;20.9991;117.006;-115.04
9.64788;18.4442;20.8151;117.102;-115.166
9.48558;18.314;20.6247;117.201;-115.296
9.33207;18.1885;20.4428;117.297;-115.422
9.18467;18.0586;20.2601;117.398;-115.552
9.01997;17.9136;20.0563;117.512;-115.697
8.87375;17.7846;19.8755;117.614;-115.826
8.72741;17.6532;19.6927;117.718;-115.957
8.59656;17.5169;19.5126;117.829;-116.093
8.44587;17.3749;19.3189;117.944;-116.235
8.28807;17.2494;19.1373;118.041;-116.361
8.12783;17.113;18.9451;118.148;-116.497
7.98422;16.9802;18.7636;118.256;-116.63
7.83794;16.8433;18.5777;118.367;-116.767
7.71516;16.7036;18.3993;118.484;-116.906
7.574;16.5449;18.1961;118.618;-117.065
7.4303;16.3942;17.9994;118.744;-117.216
7.29028;16.2647;17.8238;118.849;-117.345
7.14682;16.1286;17.6411;118.961;-117.482
7.00005;15.994;17.4588;119.071;-117.616
6.85798;15.8768;17.2947;119.165;-117.733
6.70356;15.7449;17.1126;119.271;-117.865
6.53531;15.5971;16.9109;119.392;-118.013
6.39166;15.4717;16.7399;119.494;-118.138
6.24618;15.3404;16.5633;119.602;-118.27
6.09636;15.2144;16.3903;119.705;-118.396
5.94147;15.0877;16.2154;119.807;-118.522
5.79165;14.97;16.0513;119.902;-118.64
5.63123;14.8533;15.8849;119.994;-118.757
5.46487;14.7407;15.7211;120.082;-118.869
5.31962;14.638;15.5747;120.163;-118.972
5.15525;14.5297;15.4172;120.247;-119.08
4.99916;14.4116;15.254;120.343;-119.199
4.83841;14.288;15.085;120.443;-119.322
4.67692;14.1491;14.902;120.559;-119.461
4.52132;14.0123;14.7237;120.674;-119.598
4.38346;13.8748;14.5508;120.792;-119.735
4.25302;13.7312;14.3747;120.917;-119.879
4.11867;13.5832;14.1939;121.046;-120.027
3.98071;13.4364;14.0137;121.174;-120.174
3.83515;13.2857;13.8282;121.305;-120.324
3.69573;13.1382;13.6481;121.434;-120.472
3.56431;12.9894;13.4695;121.565;-120.621
3.44324;12.8396;13.2933;121.698;-120.771
3.31936;12.6833;13.1105;121.838;-120.927
3.21089;12.5151;12.9205;121.992;-121.095
3.11103;12.3449;12.7309;122.149;-121.265
3.0019;12.1761;12.5407;122.304;-121.434
2.89331;12.0081;12.3518;122.458;-121.602
2.7816;11.8373;12.1597;122.614;-121.773
2.66787;11.6688;11.9699;122.768;-121.941
2.55947;11.4835;11.7653;122.94;-122.127
2.48247;11.318;11.587;123.095;-122.292
2.39755;11.1379;11.3931;123.265;-122.472
2.31371;10.9842;11.2252;123.408;-122.626
2.21781;10.8086;11.0338;123.572;-122.802
2.12428;10.6209;10.8313;123.748;-122.989
2.04124;10.4508;10.6483;123.908;-123.159
1.9535;10.271;10.4552;124.077;-123.339
1.88027;10.0917;10.2654;124.247;-123.518
1.81663;9.93013;10.0949;124.401;-123.68
1.74667;9.75042;9.90563;124.572;-123.86
1.70497;9.56125;9.71208;124.756;-124.049
1.66191;9.36928;9.51553;124.942;-124.241
1.60272;9.17605;9.31497;125.128;-124.434
1.5451;8.98649;9.11835;125.31;-124.624
1.49296;8.81811;8.9436;125.472;-124.792
1.42614;8.62477;8.74188;125.658;-124.985
1.36102;8.43658;8.54566;125.838;-125.174
1.28736;8.26637;8.36601;126;-125.344
1.2228;8.10704;8.19874;126.152;-125.503
1.15983;7.91683;8.00134;126.335;-125.693
1.05916;7.72026;7.79258;126.52;-125.89
0.969919;7.55538;7.61738;126.676;-126.055
0.875374;7.38384;7.43555;126.837;-126.226
0.787209;7.21145;7.25429;127;-126.399
0.705771;7.03555;7.07086;127.167;-126.575
0.633141;6.84559;6.87481;127.349;-126.765
0.577065;6.64351;6.66852;127.545;-126.967
0.501974;6.45819;6.47767;127.722;-127.152
0.422277;6.26496;6.27917;127.907;-127.345
0.342566;6.07349;6.08314;128.091;-127.537
0.272194;5.88789;5.89417;128.269;-127.722
0.213395;5.68902;5.69302;128.461;-127.921
0.158741;5.50246;5.50474;128.642;-128.108
0.0947355;5.30604;5.30688;128.832;-128.304
0.0195708;5.12496;5.125;129.006;-128.485
-0.0594391;4.93975;4.94011;129.183;-128.67
-0.140942;4.75483;4.75692;129.36;-128.855
-0.216989;4.58445;4.58959;129.523;-129.026
-0.299573;4.39952;4.40971;129.7;-129.211
-0.369257;4.21448;4.23063;129.878;-129.396
-0.464963;4.0525;4.07908;130.032;-129.558
-0.565985;3.87938;3.92045;130.195;-129.731
-0.665323;3.71072;3.76989;130.355;-129.899
-0.752701;3.52862;3.60801;130.529;-130.082
-0.849032;3.34371;3.44982;130.706;-130.266
-0.938071;3.16177;3.29799;130.88;-130.448
-1.04293;2.9799;3.15714;131.053;-130.63
-1.15991;2.8006;3.0313;131.222;-130.81
-1.25636;2.6363;2.92036;131.378;-130.974
-1.36305;2.44592;2.80007;131.56;-131.164
-1.45976;2.27541;2.7034;131.722;-131.335
-1.55954;2.10193;2.6173;131.888;-131.508
-1.64376;1.93167;2.5364;132.051;-131.678
-1.73336;1.75105;2.46388;132.224;-131.859
-1.81813;1.56677;2.40008;132.402;-132.043
-1.90908;1.38511;2.35863;132.576;-132.225
-1.99197;1.20988;2.33061;132.745;-132.4
-2.08424;1.01033;2.3162;132.938;-132.6
-2.16125;0.834674;2.31683;133.107;-132.775
-2.23443;0.642562;2.32499;133.294;-132.968
-2.30957;0.461677;2.35526;133.469;-133.148
-2.36549;0.274469;2.38136;133.652;-133.336
-2.43815;0.0718989;2.43921;133.849;-133.538
-2.53039;-0.122058;2.53333;134.036;-133.732
-2.61794;-0.309654;2.63619;134.218;-133.92
-2.68943;-0.483924;2.73262;134.387;-134.094
-2.7659;-0.668008;2.84542;134.566;-134.278
-2.84975;-0.852793;2.97461;134.745;-134.463
-2.92142;-1.05449;3.1059;134.941;-134.665
-2.9881;-1.24961;3.23887;135.132;-134.86
-3.05292;-1.43716;3.37428;135.315;-135.047
-3.13857;-1.62067;3.53231;135.493;-135.231
-3.23192;-1.79695;3.69788;135.663;-135.407
-3.31913;-1.98888;3.8694;135.849;-135.599
-3.3972;-2.16831;4.0302;136.023;-135.778
-3.47328;-2.36795;4.20367;136.218;-135.978
-3.53879;-2.56507;4.37065;136.411;-136.175
-3.61143;-2.74597;4.53682;136.587;-136.356
-3.6843;-2.9357;4.71088;136.773;-136.546
-3.74613;-3.10914;4.86829;136.942;-136.719
-3.81702;-3.29476;5.04233;137.123;-136.905
-3.88626;-3.47993;5.2166;137.304;-137.09
-3.95875;-3.64743;5.38289;137.468;-137.258
-4.03928;-3.80922;5.55211;137.625;-137.419
-4.11974;-3.98784;5.73369;137.799;-137.598
-4.1983;-4.17337;5.91969;137.98;-137.784
-4.25404;-4.35612;6.08873;138.159;-137.966
-4.31123;-4.51878;6.24549;138.319;-138.129
-4.36646;-4.69354;6.41056;138.49;-138.304
-4.42283;-4.88363;6.58872;138.677;-138.494
-4.47819;-5.05902;6.75632;138.85;-138.669
-4.53692;-5.2454;6.93526;139.033;-138.856
-4.59001;-5.42675;7.10759;139.211;-139.037
-4.65259;-5.62042;7.29628;139.402;-139.231
-4.71681;-5.79949;7.47545;139.577;-139.41
-4.78306;-5.97396;7.65284;139.748;-139.584
-4.85961;-6.14482;7.83419;139.915;-139.755
-4.93353;-6.36626;8.05413;140.133;-139.976
-5.00117;-6.54229;8.23489;140.306;-140.152
-5.07387;-6.72022;8.42054;140.48;-140.33
-5.14855;-6.91341;8.61991;140.67;-140.524
-5.20577;-7.12369;8.82309;140.877;-140.734
-5.26446;-7.3172;9.01421;141.068;-140.927
-5.33112;-7.50948;9.2094;141.257;-141.12
-5.40187;-7.71002;9.41407;141.454;-141.32
-5.47055;-7.88288;9.59514;141.624;-141.493
-5.5444;-8.07484;9.79507;141.812;-141.685
-5.61837;-8.25725;9.9874;141.992;-141.867
-5.72048;-8.44381;10.1991;142.174;-142.054
-5.8164;-8.61017;10.3906;142.336;-142.22
-5.91992;-8.78888;10.5967;142.511;-142.399
-6.01232;-8.96347;10.7931;142.681;-142.574
-6.13253;-9.13773;11.0048;142.851;-142.748
-6.25529;-9.30773;11.2144;143.016;-142.918
-6.36432;-9.48428;11.4217;143.189;-143.094
-6.47318;-9.65291;11.6224;143.353;-143.263
-6.57995;-9.81896;11.8198;143.515;-143.429
-6.69778;-9.98683;12.0249;143.679;-143.597
-6.8143;-10.1466;12.2224;143.835;-143.757
-6.92336;-10.293;12.4048;143.978;-143.903
-7.04442;-10.4575;12.6088;144.138;-144.068
-7.16908;-10.6341;12.825;144.311;-144.244
-7.28131;-10.8119;13.0352;144.485;-144.422
-7.39757;-10.9999;13.256;144.67;-144.61
-7.49278;-11.1636;13.445;144.831;-144.774
-7.56345;-11.3363;13.6278;145.001;-144.946
-7.61773;-11.5168;13.8082;145.18;-145.127
-7.68906;-11.7331;14.0281;145.395;-145.343
-7.75268;-11.9161;14.2161;145.576;-145.526
-7.78667;-12.1028;14.3913;145.762;-145.713
-7.82794;-12.329;14.6041;145.987;-145.939
-7.86068;-12.5306;14.7921;146.188;-146.141
-7.88852;-12.7221;14.9694;146.378;-146.332
-7.91601;-12.9205;15.1526;146.576;-146.531
-7.943;-13.1185;15.3358;146.773;-146.729
-7.96996;-13.3212;15.5234;146.975;-146.931
-7.99355;-13.5241;15.7098;147.177;-147.134
-8.02574;-13.7122;15.8883;147.365;-147.322
-8.05709;-13.9209;16.0844;147.572;-147.531
-8.08997;-14.1412;16.2918;147.792;-147.751
-8.09034;-14.3473;16.4712;147.998;-147.957
-8.07845;-14.5387;16.6324;148.19;-148.149
-8.06419;-14.7367;16.7989;148.388;-148.347
-8.04958;-14.931;16.9626;148.583;-148.541
-8.03402;-15.1307;17.1313;148.782;-148.741
-8.01555;-15.3323;17.3011;148.985;-148.942
-8.00113;-15.5312;17.471;149.184;-149.141
-7.97889;-15.7346;17.642;149.388;-149.345
-7.97519;-15.9339;17.8183;149.587;-149.544
-7.97182;-16.1364;17.9981;149.789;-149.747
-7.96714;-16.3342;18.1736;149.987;-149.944
-7.96495;-16.5325;18.3511;150.186;-150.143
-7.96495;-16.7107;18.5118;150.364;-150.321
-7.97266;-16.9168;18.7014;150.57;-150.527
-7.97549;-17.1206;18.8871;150.773;-150.731
-7.98443;-17.3159;19.0681;150.968;-150.926
-8.00006;-17.5282;19.2676;151.18;-151.138
-8.00896;-17.7281;19.4533;151.38;-151.338
-8.01498;-17.9478;19.6562;151.599;-151.558
-8.01792;-18.1473;19.8397;151.799;-151.757
-8.01723;-18.3422;20.0178;151.994;-151.952
-8.00924;-18.5453;20.2009;152.197;-152.155
-8.00962;-18.7525;20.3914;152.404;-152.363
-7.9792;-18.9474;20.559;152.6;-152.558
-7.94967;-19.1483;20.7329;152.801;-152.758
-7.9313;-19.3441;20.9069;152.997;-152.954
-7.92124;-19.5313;21.0765;153.185;-153.141
-7.89333;-19.7261;21.2468;153.38;-153.336
-7.84547;-19.926;21.4149;153.581;-153.536
-7.79424;-20.1152;21.5724;153.771;-153.725
-7.74073;-20.3001;21.7259;153.958;-153.91
-7.68267;-20.4933;21.8861;154.152;-154.103
-7.61541;-20.6764;22.0342;154.337;-154.287
-7.5434;-20.8656;22.1873;154.528;-154.476
-7.49573;-21.0391;22.3345;154.703;-154.649
-7.45728;-21.2283;22.5;154.893;-154.838
-7.3984;-21.4394;22.68;155.105;-155.05
-7.35394;-21.6271;22.8432;155.294;-155.237
-7.29105;-21.7844;22.9721;155.453;-155.394
-7.21784;-21.971;23.1263;155.642;-155.581
-7.12109;-22.166;23.2818;155.839;-155.776
-7.03898;-22.3339;23.4169;156.009;-155.944
-6.97216;-22.5274;23.5816;156.205;-156.138
-6.91013;-22.7239;23.7514;156.403;-156.334
-6.84946;-22.8909;23.8937;156.572;-156.501
-6.78078;-23.0792;24.0547;156.762;-156.689
-6.69741;-23.2728;24.2173;156.958;-156.883
-6.6039;-23.4582;24.3701;157.146;-157.068
-6.51245;-23.6371;24.5178;157.328;-157.247
-6.41504;-23.8197;24.6685;157.514;-157.43
-6.31716;-23.9743;24.7926;157.671;-157.584
-6.18791;-24.135;24.9156;157.836;-157.745
-6.07476;-24.301;25.0488;158.006;-157.911
-5.96241;-24.4665;25.1825;158.176;-158.077
-5.84468;-24.6261;25.3101;158.339;-158.236
-5.70889;-24.8255;25.4734;158.543;-158.436
-5.59646;-24.9917;25.6107;158.714;-158.602
-5.49496;-25.1639;25.7568;158.89;-158.774
-5.39069;-25.3388;25.9058;159.068;-158.949
-5.29591;-25.5067;26.0507;159.24;-159.117
-5.19859;-25.6766;26.1976;159.414;-159.287
-5.09129;-25.8724;26.3686;159.613;-159.483
-5.01699;-26.0424;26.5213;159.786;-159.653
-4.94968;-26.2171;26.6803;159.964;-159.827
-4.87655;-26.407;26.8535;160.156;-160.017
-4.80383;-26.5947;27.0251;160.347;-160.205
-4.73082;-26.7729;27.1877;160.528;-160.383
-4.65245;-26.9551;27.3537;160.714;-160.565
-4.56294;-27.1371;27.518;160.899;-160.747
-4.47447;-27.3171;27.6811;161.083;-160.927
-4.41366;-27.5085;27.8603;161.277;-161.119
-4.35243;-27.6992;28.0391;161.47;-161.309
-4.28641;-27.8896;28.2171;161.663;-161.5
-4.21746;-28.0713;28.3864;161.848;-161.681
-4.14942;-28.2421;28.5453;162.022;-161.852
-4.06845;-28.4332;28.7228;162.216;-162.043
-3.99097;-28.6193;28.8963;162.406;-162.229
-3.91182;-28.8136;29.078;162.604;-162.424
-3.83566;-28.9992;29.2518;162.793;-162.609
-3.72794;-29.1775;29.4147;162.976;-162.788
-3.61788;-29.3325;29.5548;163.136;-162.943
-3.48975;-29.5054;29.711;163.315;-163.116
-3.37677;-29.6651;29.8567;163.48;-163.275
-3.26327;-29.8243;30.0023;163.645;-163.434

-3.14799;29.9774;30.1423;163.849;-163.633
-3.05921;29.7968;29.9535;164.034;-163.813
-2.97068;29.6174;29.7661;164.217;-163.993
-2.86303;29.425;29.5639;164.415;-164.185
-2.77078;29.2546;29.3855;164.59;-164.356
-2.6742;29.0769;29.1996;164.773;-164.533
-2.58166;28.9337;29.0487;164.921;-164.676
-2.46882;28.7615;28.8673;165.099;-164.849
-2.36712;28.5918;28.6896;165.274;-165.018
-2.27012;28.4232;28.5137;165.448;-165.187
-2.16629;28.2429;28.3259;165.634;-165.367
-2.06848;28.0726;28.1487;165.809;-165.538
-1.96538;27.8933;27.9625;165.994;-165.717
-1.86541;27.7233;27.786;166.17;-165.887
-1.7658;27.5377;27.5942;166.361;-166.072
-1.68941;27.3497;27.4018;166.553;-166.26
-1.61235;27.1671;27.2149;166.74;-166.443
-1.53439;26.9835;27.0271;166.928;-166.627
-1.44365;26.8014;26.8403;167.115;-166.809
-1.35785;26.6262;26.6608;167.295;-166.984
-1.26402;26.4498;26.4799;167.477;-167.16
-1.17132;26.2749;26.301;167.657;-167.335
-1.06228;26.1105;26.1321;167.828;-167.5
-0.962446;25.9506;25.9684;167.994;-167.66
-0.857683;25.7777;25.7919;168.173;-167.832
-0.753519;25.6075;25.6186;168.35;-168.003
-0.64728;25.4344;25.4427;168.529;-168.176
-0.54719;25.2512;25.2571;168.719;-168.359
-0.448017;25.0853;25.0893;168.891;-168.525
-0.335346;24.8708;24.8731;169.112;-168.739
-0.239142;24.7015;24.7026;169.287;-168.909
-0.13868;24.5249;24.5253;169.47;-169.085
-0.0492554;24.3521;24.3522;169.649;-169.258
0.0548734;24.1658;24.1658;169.842;-169.444
0.146892;23.9881;23.9886;170.025;-169.622
0.232585;23.8146;23.8158;170.204;-169.796
0.311492;23.6362;23.6382;170.388;-169.974
0.397704;23.4512;23.4545;170.578;-170.159
0.480662;23.2747;23.2796;170.76;-170.335
0.599851;23.0571;23.0649;170.986;-170.553
0.686567;22.909;22.9193;171.14;-170.701
0.798302;22.7281;22.7421;171.328;-170.882
0.926527;22.5738;22.5928;171.491;-171.036
1.05888;22.4059;22.4309;171.668;-171.204
1.18125;22.2476;22.2789;171.835;-171.363
1.30221;22.0889;22.1273;172.003;-171.521
1.42782;21.9303;21.9768;172.17;-171.68
1.55157;21.7736;21.8288;172.336;-171.837
1.6767;21.6151;21.6801;172.503;-171.995
1.80666;21.4471;21.523;172.681;-172.163
1.92066;21.2917;21.3782;172.845;-172.318
2.03643;21.1474;21.2452;172.998;-172.463
2.15463;20.9951;21.1054;173.159;-172.615
2.29737;20.835;20.9613;173.33;-172.775
2.42968;20.6761;20.8183;173.499;-172.934
2.55923;20.5207;20.6797;173.664;-173.089
2.67161;20.3534;20.528;173.84;-173.257
2.76979;20.1737;20.3629;174.027;-173.436
2.86193;19.9963;20.2001;174.211;-173.614
2.95851;19.8267;20.0462;174.389;-173.783
3.0552;19.6463;19.8824;174.576;-173.964
3.15812;19.465;19.7195;174.766;-174.145
3.2588;19.2831;19.5566;174.955;-174.327
3.36565;19.0845;19.379;175.162;-174.526
3.4642;18.9118;19.2264;175.343;-174.698
3.5622;18.7328;19.0685;175.53;-174.877
3.65135;18.5945;18.9496;175.675;-175.016
3.7859;18.4375;18.8222;175.843;-175.173
3.91115;18.3036;18.7168;175.988;-175.307
4.05715;18.151;18.5989;176.153;-175.459
4.19151;18.0062;18.4876;176.309;-175.604
4.32787;17.8602;18.377;176.466;-175.75
4.46966;17.7376;18.2921;176.601;-175.873
4.6245;17.5696;18.168;176.783;-176.041
4.75773;17.4459;18.083;176.918;-176.164
4.90641;17.3096;17.9915;177.067;-176.301
5.05379;17.1712;17.8994;177.219;-176.439
5.21557;17.0221;17.8032;177.383;-176.588
5.35455;16.8935;17.7218;177.524;-176.717
5.48372;16.7626;17.6368;177.667;-176.848
5.60366;16.634;17.5525;177.806;-176.976
5.75334;16.4988;17.4732;177.955;-177.111
5.89477;16.3617;17.3912;178.105;-177.248
6.04766;16.2217;17.3123;178.26;-177.388
6.17706;16.0862;17.2314;178.407;-177.524
6.29427;15.9328;17.131;178.572;-177.677
6.43715;15.776;17.0387;178.742;-177.834
6.57034;15.6322;16.9568;178.899;-177.978
6.70226;15.4846;16.8728;179.059;-178.126
6.82082;15.3395;16.7876;179.215;-178.271
6.94701;15.186;16.6995;179.381;-178.424
7.06606;15.0348;16.6125;179.544;-178.575
7.17983;14.8635;16.5068;179.726;-178.747
7.29155;14.72;16.4269;179.88;-178.89
7.41009;14.5613;16.3384;180.051;-179.049
7.52688;14.4022;16.2504;180.221;-179.208
7.67226;14.2534;16.1871;180.385;-179.357
7.80858;14.1135;16.1296;180.538;-179.497
7.96111;13.9715;16.0805;180.696;-179.639
8.10749;13.8352;16.0357;180.847;-179.775
8.25378;13.6985;15.9929;180.999;-179.912
8.39719;13.566;15.9546;181.146;-180.044
8.54672;13.4246;15.9144;181.303;-180.185
8.69224;13.285;15.8759;181.458;-180.325
8.83958;13.1436;15.8396;181.615;-180.466
8.98295;12.9946;15.7973;181.78;-180.616
9.12161;12.8413;15.7513;181.948;-180.769
9.25262;12.7024;15.715;182.101;-180.908
9.37949;12.5493;15.6672;182.267;-181.061
9.50694;12.3961;15.6219;182.434;-181.214
9.62713;12.2428;15.5746;182.6;-181.367
9.76311;12.0892;15.5392;182.769;-181.521
9.89482;11.9434;15.5098;182.929;-181.667
10.0364;11.786;15.4803;183.102;-181.824
10.152;11.6285;15.4365;183.272;-181.982
10.2391;11.4531;15.3627;183.456;-182.157
10.3199;11.2746;15.2845;183.643;-182.336
10.3994;11.0951;15.2068;183.831;-182.515
10.4931;10.9074;15.1352;184.028;-182.703
10.581;10.7316;15.0706;184.214;-182.879
10.681;10.5521;15.0144;184.404;-183.058
10.7739;10.3823;14.9622;184.584;-183.228
10.8591;10.2032;14.9005;184.772;-183.407
10.9366;10.0246;14.8358;184.958;-183.585
11.0108;9.84349;14.7693;185.147;-183.767
11.0828;9.67136;14.7093;185.327;-183.939
11.1597;9.48949;14.6489;185.517;-184.121
11.2322;9.30564;14.5862;185.708;-184.304
11.3064;9.11925;14.5257;185.902;-184.491
11.3871;8.93615;14.4748;186.094;-184.674
11.4622;8.73209;14.4094;186.306;-184.878
11.5243;8.53153;14.3386;186.512;-185.079
11.5888;8.34104;14.2785;186.709;-185.269
11.6417;8.14617;14.2088;186.909;-185.464
11.6968;7.94663;14.1408;187.114;-185.664
11.7449;7.759;14.0764;187.306;-185.851
11.7957;7.56414;14.0127;187.506;-186.046
11.8449;7.36567;13.9483;187.709;-186.244
11.8828;7.15908;13.8728;187.919;-186.451
11.9278;6.9532;13.8065;188.128;-186.657
11.9641;6.75623;13.74;188.328;-186.854
12.0055;6.57037;13.6858;188.518;-187.04
12.038;6.37561;13.6221;188.715;-187.235
12.0725;6.17803;13.5615;188.916;-187.432
12.1002;5.98672;13.5002;189.109;-187.623
12.1336;5.79298;13.4455;189.305;-187.817
12.1664;5.59489;13.3912;189.506;-188.015
12.2037;5.40038;13.3452;189.704;-188.21
12.2339;5.21161;13.2977;189.895;-188.399
12.2373;5.03866;13.234;190.067;-188.571
12.2413;4.83523;13.1617;190.269;-188.775
12.2457;4.62534;13.0901;190.478;-188.985
12.2271;4.42717;13.0039;190.672;-189.183
12.2029;4.22413;12.9133;190.871;-189.386
12.1926;4.04631;12.8464;191.046;-189.564
12.1911;3.82277;12.7764;191.267;-189.787
12.1751;3.58456;12.6918;191.502;-190.026
12.1722;3.39491;12.6368;191.69;-190.215
12.1686;3.19462;12.5809;191.888;-190.416
12.1704;2.99482;12.5335;192.086;-190.615
12.1673;2.79281;12.4837;192.286;-190.817
12.1877;2.59745;12.4615;192.483;-191.013
12.2198;2.42055;12.4572;192.662;-191.19
12.2567;2.22315;12.4567;192.863;-191.387
12.2921;2.02908;12.4585;193.06;-191.581
12.3314;1.83338;12.4669;193.259;-191.777
12.3737;1.65144;12.4834;193.445;-191.959
12.4188;1.46797;12.5053;193.632;-192.142
12.462;1.26683;12.5262;193.837;-192.343
12.5013;1.05661;12.5459;194.051;-192.554
12.5425;0.844211;12.5708;194.266;-192.766
12.5837;0.64108;12.6;194.473;-192.969
12.6131;0.452489;12.6212;194.664;-193.158
12.632;0.240755;12.6343;194.876;-193.369
12.6571;0.0493015;12.6572;195.069;-193.561
12.6971;-0.151567;12.698;195.274;-193.762
12.7236;-0.374095;12.7291;195.498;-193.984
12.7235;-0.576728;12.7365;195.699;-194.187
12.7222;-0.779136;12.7461;195.9;-194.389
12.7215;-0.979432;12.7591;196.098;-194.59
12.7451;-1.19364;12.8009;196.314;-194.804
12.7596;-1.37929;12.8339;196.5;-194.989
12.7757;-1.57974;12.873;196.701;-195.19
12.821;-1.77652;12.9435;196.902;-195.387
12.8848;-1.97162;13.0347;197.103;-195.582
12.9457;-2.15984;13.1246;197.297;-195.77
13.0028;-2.34978;13.2134;197.493;-195.96
13.0806;-2.54164;13.3252;197.693;-196.152
13.1588;-2.71145;13.4352;197.871;-196.322
13.237;-2.91048;13.5532;198.078;-196.521
13.3098;-3.09106;13.664;198.267;-196.701
13.3813;-3.27691;13.7767;198.46;-196.887
13.4495;-3.45407;13.886;198.644;-197.064
13.5207;-3.64527;14.0035;198.843;-197.255
13.592;-3.80304;14.114;199.009;-197.413
13.6885;-3.97378;14.2537;199.19;-197.584
13.7568;-4.12935;14.3632;199.353;-197.739
13.8555;-4.32067;14.5135;199.555;-197.931
13.952;-4.46813;14.65;199.714;-198.078
14.0746;-4.62371;14.8146;199.884;-198.234
14.1916;-4.77061;14.972;200.045;-198.381
14.3156;-4.92712;15.1398;200.216;-198.537
14.4338;-5.09377;15.3062;200.396;-198.704
14.5504;-5.25606;15.4706;200.572;-198.866
14.6548;-5.41954;15.6248;200.748;-199.03
14.7621;-5.57964;15.7814;200.921;-199.19
14.8814;-5.73706;15.949;201.093;-199.347
15.0027;-5.89883;16.1207;201.269;-199.509
15.1257;-6.06238;16.2954;201.447;-199.673
15.2436;-6.23579;16.4698;201.635;-199.846
15.3369;-6.4042;16.6203;201.814;-200.014
15.4324;-6.57806;16.7759;201.999;-200.188
15.5135;-6.73688;16.9131;202.168;-200.347
15.605;-6.91957;17.0703;202.361;-200.53
15.6963;-7.09774;17.2265;202.55;-200.708
15.7835;-7.27431;17.3791;202.736;-200.884
15.8679;-7.45457;17.5317;202.926;-201.065
15.9571;-7.64277;17.693;203.125;-201.253
16.0416;-7.81605;17.8444;203.308;-201.426
16.1172;-8.00461;17.9955;203.505;-201.615
16.1966;-8.18036;18.1452;203.69;-201.79
16.28;-8.36116;18.3016;203.881;-201.971
16.3822;-8.53623;18.4728;204.068;-202.146
16.5034;-8.69728;18.6549;204.244;-202.307
16.6107;-8.82126;18.8077;204.382;-202.431
16.7408;-8.95266;18.9843;204.53;-202.563
16.8906;-9.10014;19.1861;204.697;-202.71
17.0382;-9.2293;19.3773;204.845;-202.839
17.1853;-9.36995;19.5737;205.005;-202.98
17.3366;-9.49457;19.7663;205.15;-203.105
17.4761;-9.61432;19.9461;205.288;-203.224
17.6231;-9.72046;20.1262;205.414;-203.331
17.7865;-9.83671;20.3254;205.552;-203.447
17.943;-9.96282;20.5233;205.699;-203.573
18.113;-10.0916;20.7346;205.851;-203.702
18.2719;-10.2119;20.9319;205.993;-203.822
18.4588;-10.347;21.161;206.154;-203.957
18.6441;-10.4906;21.3929;206.323;-204.101
18.8043;-10.6097;21.591;206.464;-204.22
18.9676;-10.7192;21.7869;206.597;-204.329
19.1337;-10.8305;21.9864;206.731;-204.441
19.272;-10.9225;22.152;206.843;-204.533
19.4348;-11.0309;22.3471;206.974;-204.641
19.6065;-11.1393;22.5499;207.107;-204.749
19.7829;-11.2596;22.7627;207.253;-204.87
19.9518;-11.3725;22.9654;207.39;-204.983
20.123;-11.4669;23.1609;207.509;-205.077
20.3008;-11.5552;23.3591;207.624;-205.165
20.4861;-11.6588;23.5713;207.755;-205.269
20.6723;-11.7509;23.7787;207.875;-205.361
20.8394;-11.8383;23.9671;207.987;-205.448
21.0211;-11.9356;24.1733;208.111;-205.546
21.1998;-12.0165;24.3685;208.219;-205.627
21.3833;-12.0886;24.5638;208.319;-205.699
21.569;-12.1632;24.7622;208.423;-205.773
21.7388;-12.2289;24.9423;208.514;-205.839
21.9279;-12.2935;25.1389;208.608;-205.904
22.1216;-12.3607;25.3407;208.706;-205.971
22.3007;-12.4248;25.5284;208.798;-206.035
22.4901;-12.4869;25.7241;208.89;-206.097
22.6803;-12.5507;25.9213;208.984;-206.161
22.8753;-12.6088;26.1201;209.074;-206.219
23.0911;-12.6679;26.3377;209.168;-206.278
23.2811;-12.7315;26.5349;209.262;-206.342
23.4664;-12.7844;26.7228;209.345;-206.395
23.6581;-12.8313;26.9137;209.423;-206.441
23.8608;-12.8831;27.1166;209.509;-206.493
24.0579;-12.9301;27.3125;209.588;-206.54
24.2533;-12.9723;27.5046;209.663;-206.582
24.4521;-13.0136;27.6995;209.738;-206.624
24.668;-13.0569;27.9104;209.818;-206.667
24.8723;-13.0863;28.1048;209.882;-206.696
25.0622;-13.1075;28.2829;209.936;-206.718
25.2624;-13.1075;28.4604;209.971;-206.718
25.4657;-13.1335;28.653;210.032;-206.744
25.6621;-13.1591;28.8393;210.092;-206.769
25.8449;-13.1804;29.0117;210.146;-206.79
26.0465;-13.2213;29.21;210.222;-206.831
26.2495;-13.2654;29.411;210.302;-206.876
26.4418;-13.3046;29.6004;210.375;-206.915
26.6385;-13.3185;29.7824;210.424;-206.929
26.8523;-13.3356;29.9814;210.48;-206.946
27.0458;-13.358;30.1648;210.537;-206.968
27.2369;-13.3769;30.3446;210.591;-206.987
27.4349;-13.3962;30.5308;210.646;-207.006
27.6297;-13.4121;30.7129;210.698;-207.022
27.8418;-13.4294;30.9114;210.755;-207.04
28.0445;-13.4447;31.1007;210.808;-207.055
28.239;-13.4491;31.2781;210.849;-207.059
28.453;-13.4403;31.4677;210.881;-207.05
28.656;-13.4274;31.6458;210.907;-207.038
28.8551;-13.4154;31.8212;210.933;-207.026
29.0533;-13.4049;31.9967;210.961;-207.015
29.2392;-13.3823;32.1561;210.974;-206.992
29.4427;-13.3501;32.328;210.982;-206.96
29.6565;-13.3124;32.5073;210.987;-206.922
29.8469;-13.2758;32.6663;210.988;-206.886

-29.9562;-13.2368;32.7504;210.989;-206.847
-29.7668;-13.2076;32.5654;210.997;-206.818
-29.5698;-13.1744;32.3719;211.004;-206.785
-29.3734;-13.1418;32.1792;211.011;-206.752
-29.1817;-13.1102;31.9914;211.019;-206.72
-28.9849;-13.0774;31.7984;211.026;-206.688
-28.7801;-13.0645;31.6066;211.055;-206.675
-28.5816;-13.0519;31.4207;211.083;-206.662
-28.374;-13.0434;31.2284;211.117;-206.654
-28.1745;-13.0369;31.0445;211.152;-206.647
-27.9823;-13.0267;30.8658;211.181;-206.637
-27.7978;-13.0153;30.6939;211.208;-206.625
-27.6016;-12.9986;30.5092;211.233;-206.609
-27.4058;-12.9829;30.3254;211.258;-206.593
-27.2102;-12.9667;30.1418;211.283;-206.577
-27.0109;-12.9502;29.9549;211.309;-206.56
-26.8122;-12.9494;29.7755;211.35;-206.56
-26.6019;-12.9393;29.5818;211.385;-206.549
-26.395;-12.9182;29.3867;211.408;-206.528
-26.1841;-12.8809;29.1809;211.417;-206.491
-25.9759;-12.8244;28.9692;211.407;-206.435
-25.7797;-12.7749;28.7714;211.401;-206.385
-25.5868;-12.7259;28.5767;211.395;-206.336
-25.3885;-12.676;28.377;211.389;-206.286
-25.1795;-12.6499;28.1785;211.41;-206.26
-24.9825;-12.6332;27.9951;211.437;-206.243
-24.7771;-12.6136;27.803;211.463;-206.224
-24.5867;-12.5928;27.624;211.485;-206.203
-24.395;-12.5688;27.4425;211.504;-206.179
-24.1993;-12.5416;27.2561;211.521;-206.152
-24.001;-12.5092;27.0653;211.534;-206.119
-23.7795;-12.482;26.8564;211.558;-206.092
-23.5923;-12.4639;26.6823;211.582;-206.074
-23.3893;-12.4295;26.4868;211.595;-206.04
-23.2013;-12.4086;26.3111;211.617;-206.019
-23.0025;-12.3866;26.1255;211.641;-205.997
-22.7942;-12.365;25.932;211.668;-205.975
-22.5878;-12.3328;25.7353;211.685;-205.943
-22.3726;-12.3118;25.5365;211.714;-205.922
-22.1848;-12.311;25.3717;211.757;-205.921
-21.9713;-12.3166;25.188;211.812;-205.927
-21.7756;-12.3186;25.0185;211.86;-205.929
-21.5753;-12.318;24.844;211.907;-205.928
-21.3678;-12.3171;24.6636;211.955;-205.927
-21.1704;-12.3147;24.4916;212;-205.925
-20.9652;-12.3186;24.3164;212.052;-205.929
-20.7696;-12.3247;24.1511;212.105;-205.935
-20.5693;-12.3303;23.982;212.158;-205.94
-20.3638;-12.3415;23.8116;212.219;-205.952
-20.1918;-12.3793;23.6845;212.297;-205.989
-19.9851;-12.4094;23.5244;212.376;-206.02
-19.7592;-12.4371;23.3475;212.458;-206.047
-19.5794;-12.4587;23.2071;212.523;-206.069
-19.4165;-12.4913;23.0876;212.594;-206.101
-19.2311;-12.5215;22.9483;212.669;-206.132
-19.0306;-12.556;22.7995;212.752;-206.166
-18.8357;-12.5911;22.6565;212.834;-206.201
-18.6496;-12.6336;22.5259;212.922;-206.244
-18.4397;-12.6915;22.3852;213.03;-206.302
-18.2434;-12.7399;22.2514;213.126;-206.35
-18.0414;-12.7841;22.1117;213.219;-206.394
-17.8425;-12.8266;21.9745;213.31;-206.437
-17.6666;-12.8643;21.854;213.391;-206.474
-17.4713;-12.9029;21.7194;213.478;-206.513
-17.2786;-12.9366;21.5849;213.559;-206.547
-17.0686;-12.9761;21.441;213.651;-206.586
-16.8737;-13.0027;21.3023;213.727;-206.613
-16.6639;-13.0275;21.1519;213.804;-206.638
-16.4568;-13.0349;20.9937;213.865;-206.645
-16.2803;-13.0379;20.8575;213.913;-206.648
-16.0774;-13.0348;20.6975;213.963;-206.645
-15.9169;-13.0154;20.5608;213.986;-206.626
-15.7421;-12.9943;20.4123;214.011;-206.604
-15.5424;-12.9701;20.2433;214.04;-206.58
-15.3474;-12.9488;20.0802;214.07;-206.559
-15.1734;-12.9264;19.933;214.094;-206.537
-14.9768;-12.8957;19.7637;214.117;-206.506
-14.785;-12.8642;19.5981;214.137;-206.474
-14.6052;-12.8185;19.4326;214.141;-206.429
-14.3929;-12.7691;19.2407;214.15;-206.379
-14.1994;-12.7227;19.0655;214.157;-206.333
-13.997;-12.685;18.8898;214.175;-206.295
-13.7916;-12.6541;18.7173;214.2;-206.264
-13.5742;-12.6082;18.5264;214.215;-206.218
-13.3729;-12.578;18.3587;214.24;-206.188
-13.1689;-12.5482;18.19;214.267;-206.158
-12.971;-12.5251;18.0312;214.299;-206.135
-12.7709;-12.5239;17.887;214.352;-206.134
-12.5776;-12.5184;17.7455;214.4;-206.128
-12.3806;-12.516;17.6048;214.452;-206.126
-12.1817;-12.5125;17.463;214.504;-206.123
-11.9896;-12.4858;17.3103;214.531;-206.096
-11.7892;-12.4572;17.1513;214.56;-206.067
-11.5895;-12.4409;17.0027;214.6;-206.051
-11.3931;-12.4156;16.8508;214.63;-206.026
-11.2093;-12.3996;16.7152;214.667;-206.01
-11.0003;-12.3782;16.5598;214.705;-205.988
-10.8142;-12.3584;16.4218;214.739;-205.969
-10.5917;-12.343;16.2645;214.787;-205.953
-10.392;-12.3264;16.1225;214.828;-205.937
-10.1904;-12.32;15.9883;214.879;-205.93
-9.99965;-12.3462;15.8878;214.959;-205.956
-9.7926;-12.349;15.7605;215.021;-205.959
-9.58962;-12.352;15.6376;215.082;-205.962
-9.39013;-12.3563;15.5194;215.144;-205.966
-9.16986;-12.3633;15.3928;215.214;-205.973
-8.97249;-12.3707;15.282;215.279;-205.981
-8.75631;-12.3816;15.165;215.352;-205.992
-8.56956;-12.3879;15.0631;215.412;-205.998
-8.35864;-12.4002;14.9543;215.486;-206.01
-8.15773;-12.4159;14.856;215.56;-206.026
-7.9595;-12.4248;14.7556;215.627;-206.035
-7.76512;-12.4346;14.6601;215.694;-206.045
-7.55547;-12.4274;14.5439;215.749;-206.038
-7.36049;-12.4191;14.4365;215.799;-206.029
-7.16025;-12.4107;14.3281;215.851;-206.021
-6.95914;-12.4032;14.2221;215.903;-206.013
-6.76531;-12.377;14.1053;215.937;-205.987
-6.56736;-12.3524;13.9897;215.973;-205.963
-6.3699;-12.3274;13.8759;216.008;-205.938
-6.16713;-12.2918;13.7521;216.036;-205.902
-5.97235;-12.2568;13.6345;216.061;-205.867
-5.78065;-12.2341;13.531;216.098;-205.844
-5.57256;-12.1989;13.4114;216.128;-205.809
-5.37437;-12.1682;13.3022;216.159;-205.778
-5.17101;-12.1418;13.1971;216.196;-205.752
-4.97343;-12.1159;13.0969;216.232;-205.726
-4.7949;-12.1092;13.0239;216.281;-205.719
-4.58064;-12.0928;12.9313;216.332;-205.703
-4.37157;-12.0853;12.8516;216.389;-205.695
-4.16197;-12.0768;12.7739;216.447;-205.687
-3.96764;-12.0623;12.6981;216.493;-205.672
-3.7688;-12.0472;12.623;216.541;-205.657
-3.56135;-12.0353;12.5511;216.595;-205.645
-3.36201;-12.0204;12.4817;216.643;-205.631
-3.1718;-12.031;12.442;216.713;-205.641
-2.9718;-12.042;12.4033;216.787;-205.652
-2.77347;-12.0502;12.3652;216.858;-205.66
-2.5823;-12.0614;12.3347;216.929;-205.672
-2.40127;-12.0689;12.3055;216.994;-205.679
-2.20611;-12.0638;12.2638;217.051;-205.674
-2.00655;-12.0686;12.2343;217.12;-205.679
-1.8043;-12.077;12.211;217.192;-205.687
-1.60143;-12.0856;12.1912;217.266;-205.696
-1.38769;-12.114;12.1932;217.362;-205.724
-1.18318;-12.1441;12.2016;217.456;-205.754
-0.990504;-12.1632;12.2034;217.537;-205.773
-0.770642;-12.1987;12.2231;217.642;-205.809
-0.540957;-12.226;12.238;217.742;-205.836
-0.342502;-12.2627;12.2675;217.842;-205.873
-0.159118;-12.2939;12.2949;217.931;-205.904
0.0493043;-12.319;12.3191;218.023;-205.929
0.24859;-12.3391;12.3417;218.108;-205.949
0.441262;-12.3533;12.3612;218.185;-205.963
0.63379;-12.3692;12.3854;218.263;-205.979
0.832418;-12.3866;12.4145;218.346;-205.997
1.02927;-12.4046;12.4473;218.428;-206.015
1.22711;-12.4278;12.4882;218.516;-206.038
1.42618;-12.4521;12.5335;218.605;-206.062
1.63292;-12.4827;12.5891;218.703;-206.093
1.80468;-12.5262;12.6555;218.801;-206.136
2.0177;-12.571;12.7319;218.915;-206.181
2.20817;-12.6096;12.8014;219.015;-206.22
2.40504;-12.664;12.8904;219.133;-206.274
2.6133;-12.7107;12.9766;219.247;-206.321
2.80451;-12.7329;13.0381;219.333;-206.343
3.00482;-12.7586;13.1077;219.425;-206.369
3.20355;-12.7997;13.1945;219.531;-206.41
3.40215;-12.8402;13.2833;219.637;-206.45
3.59508;-12.8785;13.3708;219.739;-206.489
3.78655;-12.9091;13.453;219.833;-206.519
3.99595;-12.9378;13.5408;219.932;-206.548
4.19774;-12.9453;13.6089;220.009;-206.555
4.39277;-12.9924;13.715;220.12;-206.603
4.57627;-13.0484;13.8276;220.236;-206.658
4.76472;-13.1097;13.9487;220.359;-206.72
4.95966;-13.1679;14.0709;220.481;-206.778
5.14775;-13.2279;14.1943;220.603;-206.838
5.34168;-13.2796;14.3137;220.719;-206.89
5.53676;-13.3258;14.4303;220.83;-206.936
5.73126;-13.3737;14.55;220.943;-206.984
5.92216;-13.4191;14.6678;221.052;-207.029
6.10736;-13.4747;14.7942;221.169;-207.085
6.28579;-13.5307;14.9195;221.284;-207.141
6.4671;-13.6163;15.074;221.428;-207.226
6.6419;-13.712;15.2359;221.579;-207.322
6.8164;-13.8103;15.4009;221.733;-207.42
6.99179;-13.9078;15.5664;221.886;-207.518
7.16913;-14.0041;15.7325;222.039;-207.614
7.35042;-14.1019;15.9026;222.195;-207.712
7.51336;-14.1997;16.0649;222.344;-207.81
7.67003;-14.2959;16.2235;222.49;-207.906
7.85057;-14.3914;16.3934;222.643;-208.002
8.02128;-14.4847;16.5574;222.792;-208.095
8.19025;-14.5799;16.7229;222.941;-208.19
8.35329;-14.665;16.8772;223.079;-208.275
8.53066;-14.757;17.0452;223.228;-208.367
8.70321;-14.8548;17.2166;223.381;-208.465
8.89262;-14.9655;17.4082;223.553;-208.576
9.07979;-15.0786;17.6013;223.726;-208.689
9.25294;-15.1719;17.7708;223.875;-208.782
9.42897;-15.2689;17.9456;224.029;-208.879
9.59226;-15.3684;18.1162;224.181;-208.978
9.77763;-15.4727;18.3032;224.345;-209.083
9.94918;-15.5714;18.4785;224.5;-209.182
10.1326;-15.6711;18.6616;224.659;-209.281
10.307;-15.7465;18.8198;224.793;-209.357
10.4831;-15.8078;18.9679;224.914;-209.418
10.6764;-15.8914;19.1448;225.062;-209.502
10.8603;-15.9709;19.3136;225.204;-209.581
11.0374;-16.0475;19.4769;225.34;-209.658
11.2325;-16.1308;19.6564;225.489;-209.741
11.4164;-16.2073;19.8245;225.628;-209.817
11.5994;-16.2872;19.9955;225.769;-209.897
11.7842;-16.3689;20.1695;225.913;-209.979
11.9667;-16.4492;20.3415;226.055;-210.059
12.1309;-16.5342;20.5071;226.195;-210.144
12.3047;-16.6154;20.6755;226.335;-210.225
12.489;-16.6924;20.8473;226.475;-210.302
12.6832;-16.7901;21.0421;226.637;-210.4
12.8614;-16.8773;21.2193;226.785;-210.487
13.0212;-16.9657;21.3866;226.926;-210.576
13.1867;-17.0579;21.5606;227.074;-210.668
13.3707;-17.1766;21.7672;227.252;-210.787
13.545;-17.293;21.9662;227.426;-210.903
13.7162;-17.4048;22.1599;227.593;-211.015
13.8766;-17.5135;22.3447;227.754;-211.124
14.05;-17.6317;22.5451;227.929;-211.242
14.217;-17.7475;22.7398;228.099;-211.358
14.3737;-17.8459;22.9146;228.249;-211.456
14.5366;-17.9407;23.0907;228.398;-211.551
14.6986;-18.0184;23.2532;228.531;-211.629
14.8849;-18.1074;23.4401;228.684;-211.718
15.0514;-18.1984;23.6163;228.831;-211.809
15.2225;-18.2827;23.7904;228.974;-211.893
15.4098;-18.3756;23.9817;229.131;-211.986
15.5925;-18.4749;24.1754;229.292;-212.085
15.7741;-18.5592;24.357;229.439;-212.169
15.9523;-18.6394;24.5337;229.581;-212.25
16.1351;-18.7425;24.731;229.746;-212.353
16.3136;-18.8435;24.9241;229.908;-212.454
16.4792;-18.9371;25.1033;230.058;-212.547
