#1 AntPos X	#2 AntVel X	#3 AntPos Y	#4 AntVel Y	#5 AntAngle	
-9.45995;-2.08827;-12.6248;0.296055;3.00076;
-9.65377;-1.93821;-12.5886;0.362728;2.95659;
-9.85677;-2.03003;-12.5275;0.610136;2.84963;
-10.0467;-1.89968;-12.47;0.57564;2.84737;
-10.2443;-1.97547;-12.4076;0.623541;2.83585;
-10.4415;-1.97193;-12.3455;0.621514;2.83627;
-10.6476;-2.06163;-12.2962;0.492828;2.90695;
-10.8435;-1.95875;-12.2498;0.46367;2.90915;
-11.044;-2.0047;-12.2032;0.466544;2.91294;
-11.2427;-1.9868;-12.1503;0.52852;2.8816;
-11.4406;-1.97958;-12.1165;0.33776;2.9726;
-11.6371;-1.96437;-12.1094;0.0710399;3.10544;
-11.8407;-2.03673;-12.1097;-0.00253076;-3.14035;
-12.0417;-2.00981;-12.1247;-0.150374;-3.06691;
-12.2381;-1.96384;-12.139;-0.143017;-3.0689;
-12.4342;-1.96124;-12.147;-0.0797405;-3.10096;
-12.6226;-1.88344;-12.1726;-0.255691;-3.00666;
-12.8191;-1.96529;-12.1962;-0.236121;-3.02202;
-13.0208;-2.01733;-12.2201;-0.239608;-3.02337;
-13.2134;-1.9252;-12.2417;-0.215375;-3.03018;
-13.4397;-2.26302;-12.2688;-0.271617;-3.02214;
-13.6406;-2.00895;-12.2739;-0.050406;-3.11651;
-13.8422;-2.01696;-12.3014;-0.275359;-3.00591;
-14.0322;-1.89914;-12.3263;-0.248872;-3.01129;
-14.2192;-1.87043;-12.3308;-0.0450027;-3.11754;
-14.4081;-1.88904;-12.3325;-0.0164287;-3.1329;
-14.62;-2.11942;-12.3214;0.110991;3.08927;
-14.8113;-1.91227;-12.3156;0.057997;3.11127;
-14.9902;-1.78948;-12.3087;0.0689229;3.1031;
-15.192;-2.01747;-12.3032;0.0541948;3.11474;
-15.3809;-1.88959;-12.3;0.0324878;3.1244;
-15.5785;-1.97549;-12.3016;-0.0156959;-3.13365;
-15.7869;-2.08391;-12.3102;-0.0865251;-3.1001;
-15.9809;-1.94055;-12.3014;0.0884031;3.09607;
-16.1777;-1.96784;-12.2802;0.212226;3.03416;
-16.363;-1.85324;-12.2545;0.256809;3.0039;
-16.5493;-1.86258;-12.2086;0.458436;2.90026;
-16.7438;-1.94524;-12.1626;0.460439;2.90917;
-16.9351;-1.91237;-12.087;0.75574;2.76524;
-17.123;-1.87914;-12.0104;0.766239;2.75441;
-17.3071;-1.84119;-11.9197;0.906521;2.68408;
-17.4852;-1.78138;-11.8284;0.913593;2.66771;
-17.6635;-1.78321;-11.7379;0.904312;2.67226;
-17.8324;-1.68897;-11.6656;0.723602;2.73682;
-18.0141;-1.81624;-11.6016;0.639659;2.80297;
-18.1867;-1.72647;-11.5333;0.683319;2.76472;
-18.3918;-2.05051;-11.4616;0.717294;2.80508;
-18.6086;-2.16823;-11.398;0.635579;2.85645;
-18.802;-1.93459;-11.3373;0.607276;2.83743;
-18.9902;-1.88166;-11.2841;0.532042;2.86603;
-19.1914;-2.01168;-11.2202;0.639006;2.83403;
-19.3795;-1.88161;-11.169;0.511355;2.87624;
-19.5675;-1.87919;-11.1567;0.122878;3.0763;
-19.7861;-2.1866;-11.146;0.107509;3.09247;
-19.968;-1.81848;-11.1494;-0.0338611;-3.12297;
-20.1769;-2.08941;-11.1562;-0.0678357;-3.10914;
-20.3481;-1.71186;-11.1469;0.0925361;3.08759;
-20.5322;-1.8408;-11.1545;-0.0762626;-3.10019;
-20.7299;-1.97736;-11.1789;-0.243583;-3.01902;
-20.9397;-2.09824;-11.2002;-0.213081;-3.04039;
-21.1414;-2.01705;-11.2203;-0.200545;-3.04249;
-21.342;-2.00561;-11.242;-0.217112;-3.03376;
-21.5511;-2.09053;-11.2518;-0.0988281;-3.09435;
-21.759;-2.07946;-11.2603;-0.0846119;-3.10093;
-21.9886;-2.29606;-11.2395;0.207968;3.05126;
-22.1952;-2.06586;-11.2192;0.202953;3.04367;
-22.4005;-2.05349;-11.2086;0.106003;3.09002;
-22.6286;-2.28051;-11.1799;0.287024;3.01639;
-22.8342;-2.0556;-11.1495;0.304164;2.99469;
-23.0395;-2.05361;-11.1006;0.488889;2.90788;
-23.2373;-1.97817;-11.0559;0.447211;2.91926;
-23.4316;-1.94311;-11.0174;0.385241;2.94587;
-23.6234;-1.91709;-10.9814;0.359688;2.95613;
-23.809;-1.85602;-10.9542;0.271911;2.99613;
-24.0068;-1.97801;-10.9259;0.282652;2.99966;
-24.2116;-2.04876;-10.8955;0.304034;2.99427;
-24.4072;-1.95578;-10.8706;0.249313;3.0148;
-24.6114;-2.04197;-10.8739;-0.0333032;-3.12528;
-24.8132;-2.01785;-10.8771;-0.0320379;-3.12572;
-25.0354;-2.22191;-10.8848;-0.0770911;-3.10691;
-25.2388;-2.03392;-10.8798;0.050138;3.11695;
-25.4286;-1.89816;-10.8653;0.145383;3.06515;
-25.6168;-1.8821;-10.8512;0.141447;3.06658;
-25.8123;-1.95495;-10.8562;-0.0504038;-3.11582;
-26.0096;-1.97259;-10.8611;-0.0494923;-3.11651;
-26.1974;-1.87871;-10.8938;-0.326368;-2.96959;
-26.3665;-1.69065;-10.8992;-0.0538365;-3.10976;
-26.5648;-1.98354;-10.9045;-0.0532858;-3.11474;
-26.782;-2.17204;-10.8933;0.112023;3.09006;
-26.9845;-2.02489;-10.8864;0.0687302;3.10766;
-27.1511;-1.66587;-10.8911;-0.0472998;-3.11321;
-27.347;-1.9588;-10.8989;-0.0770759;-3.10226;
-27.5337;-1.86657;-10.8985;0.00360144;3.13966;
-27.7231;-1.89436;-10.8887;0.0978462;3.08999;
-27.9367;-2.13614;-10.8772;0.114827;3.08789;
-28.1313;-1.9455;-10.8759;0.013706;3.13455;
-28.3299;-1.98632;-10.8731;0.0277655;3.12762;
-28.5346;-2.04714;-10.871;0.0205428;3.13156;
-28.741;-2.06348;-10.8472;0.238049;3.02674;
-28.928;-1.87002;-10.8265;0.20749;3.03109;
-29.1299;-2.01947;-10.8037;0.228097;3.02912;
-29.3331;-2.03236;-10.777;0.266663;3.01113;
-29.5341;-2.00981;-10.7566;0.203444;3.04071;
-29.7177;-1.83556;-10.7266;0.300882;2.97912;
-29.942;-2.24358;-10.6911;0.354212;2.98501;

29.8621;-1.95856;-10.6579;0.332673;2.97334;
29.664;-1.98085;-10.6424;0.154939;3.06353;
29.4814;-1.82665;-10.6378;0.0456855;3.11659;
29.2813;-2.00034;-10.6331;0.0470538;3.11807;
29.1015;-1.79806;-10.6225;0.106143;3.08263;
28.894;-2.07482;-10.614;0.0851879;3.10056;
28.6942;-1.9986;-10.6056;0.0837201;3.09973;
28.4964;-1.97752;-10.6055;0.000794084;3.14119;
28.2958;-2.00619;-10.6055;-0.000227618;-3.14148;
28.0876;-2.08239;-10.6233;-0.177589;-3.05652;
27.8808;-2.06804;-10.6365;-0.131575;-3.07806;
27.6853;-1.95493;-10.6558;-0.193328;-3.04302;
27.4914;-1.93895;-10.6977;-0.41888;-2.92883;
27.291;-2.00393;-10.7196;-0.219047;-3.03272;
27.0926;-1.98353;-10.7409;-0.213209;-3.03451;
26.8954;-1.97179;-10.7614;-0.205313;-3.03784;
26.6922;-2.03233;-10.7777;-0.16258;-3.06177;
26.4699;-2.22364;-10.7938;-0.161239;-3.06921;
26.2629;-2.06939;-10.8376;-0.438177;-2.93293;
26.0604;-2.02551;-10.8887;-0.510974;-2.89448;
25.8559;-2.04501;-10.9305;-0.418167;-2.93989;
25.646;-2.09894;-10.9625;-0.319124;-2.99071;
25.4444;-2.01518;-10.9884;-0.25944;-3.01355;
25.2554;-1.89047;-11.0068;-0.183701;-3.04472;
25.0526;-2.02797;-11.0231;-0.162973;-3.0614;
24.8615;-1.91139;-11.0555;-0.324664;-2.97334;
24.6612;-2.00279;-11.0879;-0.323664;-2.98137;
24.4667;-1.94441;-11.1216;-0.336898;-2.97003;
24.2691;-1.97678;-11.1526;-0.309734;-2.98617;
24.0709;-1.98127;-11.1805;-0.279618;-3.00139;
23.8645;-2.06453;-11.2034;-0.228582;-3.03132;
23.6681;-1.9642;-11.2205;-0.17078;-3.05486;
23.4714;-1.96676;-11.2433;-0.228654;-3.02585;
23.2715;-1.99927;-11.277;-0.336624;-2.97478;
23.0502;-2.21308;-11.3049;-0.279015;-3.01618;
22.8625;-1.87683;-11.3311;-0.261984;-3.0029;
22.6424;-2.2011;-11.3708;-0.39719;-2.96306;
22.4469;-1.95439;-11.4058;-0.349872;-2.96445;
22.2627;-1.84203;-11.4514;-0.455849;-2.899;
22.0659;-1.96818;-11.5032;-0.517899;-2.88429;
21.8733;-1.92585;-11.5604;-0.571935;-2.85291;
21.6857;-1.87635;-11.6289;-0.684851;-2.79163;
21.5016;-1.84077;-11.6919;-0.630739;-2.81148;
21.3138;-1.87787;-11.7575;-0.655455;-2.80577;
21.1233;-1.90563;-11.8261;-0.686145;-2.79598;
20.9332;-1.90053;-11.8895;-0.63401;-2.8196;
20.7313;-2.0194;-11.9651;-0.756571;-2.78313;
20.5309;-2.00371;-12.0384;-0.732831;-2.79097;
20.33;-2.00881;-12.1083;-0.698947;-2.80675;
20.1538;-1.76195;-12.1584;-0.500606;-2.86477;
19.9256;-2.28174;-12.2069;-0.485239;-2.93205;
19.7479;-1.77751;-12.2311;-0.241555;-3.00652;
19.5534;-1.94486;-12.2501;-0.190452;-3.04398;
19.3715;-1.81925;-12.2445;0.0564297;3.11058;
19.17;-2.01483;-12.2329;0.115995;3.08409;
18.9845;-1.85542;-12.2272;0.0562959;3.11126;
18.7927;-1.91744;-12.2112;0.160016;3.05833;
18.5809;-2.11819;-12.21;0.0128361;3.13553;
18.384;-1.96894;-12.2002;0.0972992;3.09222;
18.1864;-1.97594;-12.1899;0.103177;3.08942;
17.9926;-1.93779;-12.1905;-0.00593519;-3.13853;
17.7786;-2.13998;-12.1692;0.21254;3.0426;
17.577;-2.01662;-12.1588;0.104137;3.09;
17.3741;-2.02824;-12.1487;0.101568;3.09156;
17.1669;-2.07213;-12.1242;0.24499;3.02391;
16.9615;-2.05402;-12.0982;0.259759;3.0158;
16.7463;-2.15206;-12.0802;0.179977;3.05816;
16.5516;-1.94709;-12.0804;-0.0024039;-3.14036;
16.3222;-2.29401;-12.0733;0.0712711;3.11053;
16.1212;-2.00961;-12.0735;-0.00230605;-3.14045;
15.9025;-2.18748;-12.074;-0.00476548;-3.13941;
15.71;-1.9252;-12.0669;0.0713367;3.10456;
15.5124;-1.9754;-12.0531;0.138107;3.07179;
15.2947;-2.17702;-12.067;-0.139531;-3.07759;
15.0975;-1.97212;-12.076;-0.0897858;-3.0961;
14.8961;-2.0146;-12.0946;-0.18623;-3.04941;
14.6993;-1.96806;-12.1136;-0.189354;-3.04567;
14.4809;-2.18394;-12.1231;-0.0957169;-3.09779;
14.2726;-2.08255;-12.146;-0.228624;-3.03225;
14.0898;-1.82812;-12.146;-0.000463481;-3.14134;
13.8932;-1.96582;-12.1434;0.0262075;3.12826;
13.6947;-1.98481;-12.1439;-0.00502129;-3.13906;
13.4963;-1.9846;-12.1438;0.00130081;3.14094;
13.2987;-1.97619;-12.121;0.2282;3.02663;
13.1029;-1.9577;-12.0978;0.232256;3.02351;
12.9024;-2.005;-12.0725;0.252674;3.01623;
12.7012;-2.01149;-12.0465;0.259882;3.01311;
12.5061;-1.95156;-12.0301;0.163831;3.05784;
12.307;-1.99084;-12.0135;0.166014;3.0584;
12.0937;-2.13301;-11.9878;0.256692;3.02183;
11.8946;-1.99103;-11.9814;0.0645741;3.10917;
11.7168;-1.7783;-12.0003;-0.189206;-3.03559;
11.4836;-2.33119;-11.9974;0.0285902;3.12933;
11.2875;-1.96108;-11.9742;0.232271;3.0237;
11.092;-1.95543;-11.956;0.182377;3.04859;
10.8759;-2.16063;-11.9153;0.406957;2.95542;
10.6794;-1.96521;-11.8746;0.406548;2.9376;
10.4894;-1.89986;-11.8174;0.57238;2.84897;
10.2988;-1.90659;-11.7604;0.56974;2.85121;
10.1158;-1.82937;-11.7059;0.544759;2.85217;
9.92295;-1.92876;-11.6557;0.502687;2.88664;
9.72849;-1.94465;-11.6068;0.488756;2.89536;
9.53264;-1.95845;-11.5588;0.479666;2.9014;
9.33834;-1.94298;-11.5112;0.47654;2.90108;
9.14769;-1.90656;-11.4594;0.517461;2.87657;
8.97354;-1.74148;-11.402;0.574117;2.82314;
8.76806;-2.05483;-11.3345;0.675517;2.82398;
8.54963;-2.1843;-11.3116;0.228276;3.03746;
8.36809;-1.8154;-11.2996;0.119994;3.07559;
8.15256;-2.15528;-11.2703;0.293765;3.00613;
7.97172;-1.80843;-11.2523;0.179339;3.04275;
7.74784;-2.23879;-11.2185;0.338548;2.99151;
7.54919;-1.98649;-11.1874;0.310703;2.98644;
7.35303;-1.96159;-11.1568;0.306081;2.9868;
7.14865;-2.04375;-11.1324;0.244424;3.02256;
6.96294;-1.85715;-11.0955;0.368572;2.94568;
6.77005;-1.92887;-11.045;0.505124;2.88547;
6.54067;-2.29379;-10.972;0.729944;2.8335;
6.34657;-1.94102;-10.9284;0.43563;2.92082;
6.15364;-1.92934;-10.8759;0.524976;2.87592;
5.95373;-1.99907;-10.8603;0.156221;3.0636;
5.74649;-2.0724;-10.8246;0.357225;2.9709;
5.53384;-2.12647;-10.8177;0.068788;3.10926;
5.32301;-2.10836;-10.8258;-0.0805071;-3.10343;
5.14171;-1.81293;-10.8423;-0.165683;-3.05046;
4.93791;-2.03801;-10.846;-0.0362179;-3.12382;
4.7319;-2.06015;-10.8701;-0.241853;-3.02473;
4.53313;-1.98769;-10.8936;-0.234308;-3.02425;
4.31586;-2.17269;-10.9194;-0.258631;-3.02311;
4.12851;-1.87349;-10.9171;0.0234978;3.12905;
3.94672;-1.81785;-10.9162;0.00891035;3.13669;
3.74403;-2.02695;-10.9024;0.13769;3.07377;
3.52582;-2.18213;-10.886;0.163857;3.06664;
3.34644;-1.79378;-10.8526;0.334165;2.95741;
3.16973;-1.76709;-10.803;0.496039;2.86793;
2.99741;-1.72315;-10.7718;0.312357;2.96227;
2.80226;-1.9515;-10.7262;0.456281;2.91191;
2.59205;-2.10212;-10.6808;0.453339;2.92919;
2.39801;-1.94043;-10.6401;0.407182;2.93475;
2.21263;-1.8538;-10.5943;0.457718;2.89953;
2.0225;-1.90127;-10.5385;0.558357;2.85595;
1.83731;-1.8519;-10.4727;0.657989;2.8002;
1.67994;-1.57375;-10.4212;0.514461;2.82564;
1.4891;-1.90832;-10.365;0.562699;2.85485;
1.29431;-1.94789;-10.3063;0.586792;2.84899;
1.11637;-1.77942;-10.2625;0.437865;2.90031;
0.941185;-1.75188;-10.2132;0.492811;2.86737;
0.736005;-2.0518;-10.1635;0.497645;2.90365;
0.546189;-1.89816;-10.1043;0.591554;2.83949;
0.359441;-1.86747;-10.0446;0.596957;2.8322;
0.176092;-1.83349;-9.97799;0.66624;2.79306;
-0.0372238;-2.13316;-9.89342;0.84572;2.76414;
-0.219713;-1.82489;-9.83578;0.576389;2.83566;
-0.408518;-1.88805;-9.77487;0.609131;2.82951;
-0.595829;-1.87311;-9.72998;0.448888;2.90638;
-0.7907;-1.94871;-9.67041;0.595626;2.84496;
-0.973326;-1.82626;-9.61792;0.524953;2.86169;
-1.16566;-1.92331;-9.56342;0.544986;2.86547;
-1.35491;-1.89252;-9.51405;0.493687;2.88642;
-1.54888;-1.93968;-9.46513;0.489258;2.89451;
-1.74035;-1.9147;-9.42955;0.355772;2.95788;
-1.93737;-1.97021;-9.37752;0.520269;2.88342;
-2.12333;-1.85958;-9.30828;0.692379;2.78516;
-2.30602;-1.82694;-9.23889;0.693906;2.7786;
-2.47545;-1.69433;-9.16414;0.747572;2.72606;
-2.66208;-1.86633;-9.08462;0.795176;2.73882;
-2.84291;-1.80821;-9.00594;0.786747;2.7312;
-3.02262;-1.79717;-8.93208;0.738678;2.75162;
-3.19696;-1.74339;-8.84724;0.848318;2.68873;
-3.39289;-1.95931;-8.76668;0.805636;2.75148;
-3.56489;-1.71999;-8.67886;0.878191;2.66952;
-3.74059;-1.75697;-8.59367;0.851889;2.69013;
-3.92294;-1.82356;-8.50555;0.881179;2.69146;
-4.09789;-1.74941;-8.42245;0.831039;2.69811;
-4.27337;-1.75482;-8.34825;0.742056;2.74153;
-4.45575;-1.82378;-8.26624;0.82004;2.71904;
-4.64658;-1.90833;-8.183;0.832382;2.73029;
-4.8172;-1.70624;-8.1141;0.688998;2.75781;
-5.00913;-1.91928;-8.03062;0.834843;2.7313;
-5.18763;-1.78499;-7.94463;0.859867;2.69268;
-5.36353;-1.759;-7.8498;0.948359;2.64712;
-5.5482;-1.84668;-7.75443;0.953625;2.66491;
-5.73673;-1.88531;-7.66604;0.883937;2.70317;
-5.91891;-1.8218;-7.58203;0.840081;2.70952;
-6.08088;-1.61976;-7.49459;0.874444;2.64657;
-6.25526;-1.74376;-7.38379;1.10798;2.57555;
-6.4358;-1.80536;-7.29315;0.906421;2.67629;
-6.61632;-1.80528;-7.2063;0.868502;2.69319;
-6.79925;-1.82922;-7.10775;0.985497;2.64743;
-6.97617;-1.76924;-7.00911;0.986349;2.63301;
-7.14656;-1.7039;-6.90504;1.04069;2.59329;
-7.31164;-1.65079;-6.80548;0.995658;2.59887;
-7.48065;-1.69014;-6.70652;0.989604;2.61189;
-7.66308;-1.82427;-6.61842;0.881011;2.69169;
-7.84441;-1.81332;-6.53067;0.877448;2.69091;
-8.0307;-1.86292;-6.44565;0.850243;2.71343;
-8.21225;-1.81542;-6.37301;0.726386;2.76098;
-8.3928;-1.80549;-6.29923;0.737749;2.75368;
-8.58352;-1.90727;-6.23134;0.678947;2.7996;
-8.77673;-1.93204;-6.16316;0.681773;2.80236;
-8.9709;-1.94176;-6.11505;0.481142;2.8987;
-9.16639;-1.95491;-6.06652;0.485236;2.8983;
-9.37136;-2.04964;-6.02006;0.464664;2.91866;
-9.57512;-2.03765;-6.02867;-0.0861077;-3.09936;
-9.76766;-1.92534;-6.02789;0.00776745;3.13756;
-9.9612;-1.93541;-6.02927;-0.0137813;-3.13447;
-10.1687;-2.0748;-6.03411;-0.048424;-3.11826;
-10.3528;-1.8413;-6.02935;0.0475775;3.11576;
-10.5491;-1.96277;-6.01886;0.104928;3.08818;
-10.7481;-1.99032;-5.99565;0.232136;3.02548;
-10.9635;-2.15358;-5.95852;0.371245;2.97089;
-11.1621;-1.98649;-5.92827;0.302572;2.99044;
-11.336;-1.73922;-5.92783;0.00437893;3.13907;
-11.5235;-1.87443;-5.92199;0.0584276;3.11043;
-11.7302;-2.06689;-5.90868;0.133059;3.0773;
-11.9371;-2.06923;-5.8919;0.167841;3.06066;
-12.1448;-2.07746;-5.87061;0.212839;3.0395;
-12.3253;-1.80434;-5.83954;0.310701;2.97107;
-12.5113;-1.86023;-5.81383;0.257076;3.00427;
-12.7266;-2.15332;-5.793;0.208304;3.04516;
-12.9248;-1.9818;-5.77032;0.226836;3.02763;
-13.1204;-1.95615;-5.74693;0.23395;3.02256;
-13.3115;-1.91032;-5.72074;0.261814;3.00539;
-13.5194;-2.07955;-5.6782;0.425479;2.93978;
-13.7084;-1.88975;-5.63526;0.429349;2.91819;
-13.9013;-1.92942;-5.59541;0.398493;2.93792;
-14.0976;-1.9625;-5.55214;0.4327;2.92458;
-14.2846;-1.87046;-5.50451;0.476324;2.89224;
-14.4838;-1.99142;-5.44491;0.596007;2.85079;
-14.6689;-1.85143;-5.38124;0.636722;2.81036;
-14.8351;-1.6615;-5.33826;0.429792;2.88846;
-15.0479;-2.12871;-5.28287;0.55385;2.88706;
-15.2456;-1.97626;-5.21119;0.716829;2.79363;
-15.4434;-1.97856;-5.12807;0.831161;2.74389;
-15.6325;-1.89118;-5.04951;0.785648;2.74786;
-15.815;-1.82484;-4.97538;0.741324;2.75572;
-16.0001;-1.85086;-4.89974;0.756402;2.75363;
-16.1855;-1.85364;-4.83142;0.6832;2.78847;
-16.3471;-1.61656;-4.77137;0.600435;2.78596;
-16.5041;-1.56958;-4.70517;0.662054;2.74243;
-16.6873;-1.83197;-4.64735;0.578144;2.8359;
-16.8799;-1.92587;-4.59031;0.570466;2.85361;
-17.0733;-1.93406;-4.52766;0.626417;2.82837;
-17.2463;-1.73029;-4.45676;0.709027;2.75269;
-17.432;-1.85741;-4.38405;0.727101;2.76847;
-17.6035;-1.71481;-4.30819;0.7586;2.72509;
-17.7772;-1.73711;-4.22853;0.796641;2.71161;
-17.9684;-1.91176;-4.15121;0.773134;2.75729;
-18.1508;-1.82374;-4.07569;0.755208;2.74899;
-18.3406;-1.89821;-3.99959;0.761042;2.76029;
-18.5206;-1.79987;-3.92654;0.730532;2.75603;
-18.7075;-1.86928;-3.85223;0.743051;2.76324;
-18.8985;-1.9093;-3.76969;0.825358;2.73357;
-19.0792;-1.80708;-3.69671;0.729866;2.75773;
-19.2668;-1.87625;-3.62745;0.692614;2.78796;
-19.4565;-1.89725;-3.56155;0.658977;2.8073;
-19.6365;-1.79943;-3.51022;0.5133;2.86372;
-19.83;-1.93509;-3.44391;0.663066;2.81148;
-20.0243;-1.94312;-3.37957;0.643465;2.82181;
-20.2085;-1.84216;-3.32449;0.550724;2.8511;
-20.4085;-2.00022;-3.27466;0.498379;2.8974;
-20.6161;-2.07555;-3.25915;0.15501;3.06705;
-20.8431;-2.27054;-3.25878;0.00378227;3.13993;
-21.0428;-1.99682;-3.26047;-0.0169249;-3.13312;
-21.2416;-1.98842;-3.25606;0.0441107;3.11941;
-21.4511;-2.09487;-3.24611;0.0994913;3.09414;
-21.6422;-1.9105;-3.22732;0.187883;3.04357;
-21.8484;-2.06207;-3.21614;0.111783;3.08744;
-22.0463;-1.97937;-3.20597;0.101697;3.09026;
-22.2261;-1.79749;-3.19983;0.0614704;3.10741;
-22.4074;-1.81351;-3.18498;0.148467;3.05991;
-22.6153;-2.07834;-3.14644;0.385358;2.95826;
-22.8133;-1.97987;-3.10935;0.370928;2.95639;
-23.0084;-1.95143;-3.07366;0.356948;2.96068;
-23.2047;-1.96305;-3.02967;0.439854;2.92117;
-23.4035;-1.98845;-2.99301;0.366628;2.95926;
-23.5938;-1.90276;-2.95904;0.339716;2.96492;
-23.8152;-2.2139;-2.90967;0.493696;2.92218;
-24.0101;-1.94872;-2.86601;0.436582;2.9212;
-24.2017;-1.91583;-2.82248;0.435272;2.91819;
-24.3968;-1.95179;-2.7968;0.256766;3.01079;
-24.5971;-2.00307;-2.77107;0.257371;3.0138;
-24.7945;-1.97386;-2.73891;0.321535;2.98011;
-24.9806;-1.86091;-2.69021;0.487017;2.88562;
-25.1721;-1.91517;-2.6473;0.429155;2.92115;
-25.3668;-1.94698;-2.60197;0.453307;2.91284;
-25.5616;-1.94754;-2.5549;0.470623;2.90449;
-25.7409;-1.79315;-2.50301;0.518908;2.8599;
-25.9147;-1.73756;-2.44335;0.596593;2.81085;
-26.1039;-1.89266;-2.38399;0.593579;2.83769;
-26.2975;-1.93602;-2.34003;0.439603;2.91831;
-26.4921;-1.94552;-2.29582;0.442123;2.91814;
-26.6647;-1.72615;-2.24417;0.516498;2.85085;
-26.8675;-2.02758;-2.22808;0.160932;3.06239;
-27.0691;-2.01629;-2.20324;0.24838;3.01902;
-27.2783;-2.09201;-2.16299;0.402527;2.9515;
-27.4644;-1.86083;-2.12871;0.342804;2.95941;
-27.6587;-1.94368;-2.09376;0.349516;2.96367;
-27.8557;-1.96997;-2.05849;0.352685;2.96444;
-28.0589;-2.03192;-2.0406;0.178925;3.05376;
-28.2609;-2.0195;-2.022;0.185937;3.04978;
-28.4505;-1.89616;-2.0005;0.215029;3.02867;
-28.6727;-2.2223;-1.96005;0.404485;2.96155;
-28.8528;-1.80036;-1.93216;0.278873;2.98792;
-29.0482;-1.95454;-1.91373;0.184298;3.04758;
-29.2347;-1.86442;-1.9083;0.0543578;3.11245;
-29.4389;-2.04217;-1.89346;0.148417;3.06904;
-29.6386;-1.99742;-1.87907;0.143816;3.06972;
-29.8382;-1.99611;-1.86476;0.143164;3.06999;

29.9495;-2.12273;-1.85663;0.0812763;3.10332;
29.7552;-1.94256;-1.8627;-0.0606743;-3.11037;
29.5691;-1.86185;-1.90873;-0.460362;-2.89919;
29.3691;-1.99945;-1.95353;-0.44796;-2.92119;
29.1696;-1.99504;-1.99452;-0.409862;-2.93897;
28.9834;-1.86232;-2.05952;-0.65006;-2.80576;
28.8049;-1.78489;-2.11981;-0.602844;-2.81587;
28.6222;-1.82643;-2.17296;-0.53153;-2.85839;
28.4313;-1.90919;-2.22182;-0.488623;-2.89104;
28.2472;-1.84126;-2.28246;-0.606365;-2.82346;
28.052;-1.95191;-2.34637;-0.639155;-2.82515;
27.8658;-1.86232;-2.41644;-0.700691;-2.78173;
27.6816;-1.84167;-2.48675;-0.703099;-2.7769;
27.5045;-1.77072;-2.5467;-0.59944;-2.81517;
27.3234;-1.81139;-2.60332;-0.566232;-2.83862;
27.1366;-1.86786;-2.66619;-0.628702;-2.81691;
26.9383;-1.98298;-2.72501;-0.588246;-2.85321;
26.7452;-1.93132;-2.78147;-0.564518;-2.85722;
26.5555;-1.89636;-2.83421;-0.527421;-2.87033;
26.3555;-2.00027;-2.87758;-0.433765;-2.92805;
26.158;-1.975;-2.90637;-0.287804;-2.99689;
25.9306;-2.27395;-2.93891;-0.325436;-2.99944;
25.7337;-1.96899;-2.95634;-0.174316;-3.05329;
25.528;-2.05752;-2.97701;-0.206654;-3.04149;
25.3311;-1.96858;-2.98775;-0.107421;-3.08708;
25.134;-1.97107;-2.99246;-0.0470768;-3.11771;
24.9564;-1.77613;-2.96315;0.293027;2.97808;
24.7623;-1.94102;-2.93765;0.25501;3.01096;
24.5508;-2.11488;-2.91532;0.223325;3.03639;
24.3345;-2.16293;-2.91671;-0.0139413;-3.13515;
24.1423;-1.92209;-2.91373;0.0298373;3.12607;
23.9395;-2.02789;-2.91285;0.00884795;3.13723;
23.7304;-2.09071;-2.90759;0.0525373;3.11647;
23.5216;-2.08832;-2.91028;-0.0268995;-3.12871;
23.3195;-2.0209;-2.92051;-0.102251;-3.09104;
23.1167;-2.02876;-2.92672;-0.0621078;-3.11099;
22.9226;-1.94096;-2.95464;-0.279228;-2.99871;
22.7226;-1.99935;-2.98263;-0.279904;-3.0025;
22.5413;-1.81347;-3.00174;-0.191128;-3.03659;
22.316;-2.2528;-3.03971;-0.379701;-2.97462;
22.1281;-1.87845;-3.0717;-0.319906;-2.97291;
21.9323;-1.95888;-3.10149;-0.297853;-2.9907;
21.7424;-1.89848;-3.13494;-0.334496;-2.96719;
21.5312;-2.11254;-3.1671;-0.321592;-2.99052;
21.3248;-2.06376;-3.19708;-0.29986;-2.9973;
21.1279;-1.96878;-3.2243;-0.272179;-3.00422;
20.9265;-2.01422;-3.24304;-0.187399;-3.04882;
20.7285;-1.97949;-3.26;-0.169618;-3.05611;
20.5334;-1.95159;-3.28377;-0.237663;-3.02041;
20.3335;-1.99855;-3.31101;-0.272399;-3.00613;
20.1266;-2.06908;-3.34624;-0.352276;-2.97295;
19.9264;-2.00199;-3.37663;-0.303974;-2.99091;
19.7279;-1.98511;-3.40002;-0.233848;-3.02433;
19.5201;-2.07789;-3.44482;-0.448007;-2.92924;
19.3208;-1.99312;-3.49419;-0.493653;-2.8988;
19.1108;-2.1003;-3.54539;-0.512025;-2.90247;
18.9334;-1.77354;-3.60872;-0.633312;-2.79862;
18.7552;-1.78191;-3.68071;-0.719941;-2.75762;
18.5668;-1.88463;-3.77689;-0.961766;-2.66972;
18.3894;-1.77407;-3.85885;-0.819601;-2.70881;
18.213;-1.76331;-3.94593;-0.870813;-2.68288;
18.0236;-1.89452;-4.03056;-0.846317;-2.72147;
17.8392;-1.84344;-4.11452;-0.839545;-2.71424;
17.6689;-1.70365;-4.20907;-0.945502;-2.63493;
17.4767;-1.9215;-4.28065;-0.715874;-2.78496;
17.2956;-1.81132;-4.33919;-0.585367;-2.82902;
17.1094;-1.86149;-4.41206;-0.728692;-2.76847;
16.9387;-1.70712;-4.46399;-0.519327;-2.84628;
16.7465;-1.92253;-4.52013;-0.561404;-2.85748;
16.5616;-1.84889;-4.58825;-0.681208;-2.78858;
16.4001;-1.61526;-4.66553;-0.772795;-2.69535;
16.2154;-1.8462;-4.75118;-0.856422;-2.70725;
16.0359;-1.79539;-4.83576;-0.845884;-2.7013;
15.8544;-1.81521;-4.92098;-0.85212;-2.7027;
15.6683;-1.86082;-4.98594;-0.649628;-2.80571;
15.4565;-2.1183;-5.05302;-0.670777;-2.83492;
15.2665;-1.90005;-5.11305;-0.600359;-2.83555;
15.0644;-2.02063;-5.17009;-0.570332;-2.86649;
14.8738;-1.90583;-5.22046;-0.503734;-2.88319;
14.6563;-2.17497;-5.26144;-0.409831;-2.95535;
14.4468;-2.09541;-5.29053;-0.290908;-3.00364;
14.2427;-2.04106;-5.32014;-0.296109;-2.99752;
14.0461;-1.96538;-5.32503;-0.0488301;-3.11675;
13.8549;-1.91208;-5.31349;0.115335;3.08135;
13.6644;-1.90487;-5.31254;0.00951025;3.1366;
13.4743;-1.90113;-5.29909;0.134517;3.07095;
13.2728;-2.01562;-5.28732;0.117707;3.08326;
13.0809;-1.9181;-5.26435;0.229733;3.02239;
12.8884;-1.92543;-5.24255;0.217954;3.02888;
12.6897;-1.9868;-5.22026;0.222907;3.02987;
12.4864;-2.03367;-5.19738;0.228845;3.02954;
12.2784;-2.07955;-5.1758;0.21572;3.03823;
12.0802;-1.98247;-5.15569;0.201162;3.04047;
11.863;-2.17165;-5.11753;0.381596;2.96765;
11.6751;-1.87893;-5.0663;0.512257;2.87543;
11.4817;-1.93434;-5.0141;0.522062;2.87798;
11.2945;-1.87162;-4.94574;0.683619;2.79139;
11.0979;-1.96568;-4.8722;0.735347;2.78362;
10.939;-1.58926;-4.80257;0.69633;2.72864;
10.7579;-1.81118;-4.72931;0.732575;2.75724;
10.5825;-1.75378;-4.67629;0.530193;2.84801;
10.399;-1.83561;-4.59876;0.775305;2.74195;
10.2171;-1.81851;-4.51558;0.831771;2.71261;
10.0188;-1.98315;-4.43905;0.765304;2.7733;
9.82158;-1.97203;-4.41229;0.267633;3.0067;
9.62293;-1.98649;-4.38413;0.281604;3.00077;
9.42868;-1.94248;-4.34975;0.34383;2.9664;
9.22488;-2.03804;-4.31378;0.359707;2.9669;
9.04167;-1.83214;-4.24852;0.652545;2.79944;
8.87076;-1.70907;-4.18503;0.634916;2.7859;
8.68538;-1.85384;-4.10316;0.81869;2.72573;
8.50347;-1.8191;-4.01598;0.871787;2.69469;
8.31154;-1.91923;-3.92547;0.905069;2.70094;
8.12901;-1.82528;-3.84122;0.84253;2.70914;
7.95685;-1.72168;-3.76546;0.75764;2.72704;
7.77388;-1.82969;-3.68463;0.808233;2.72564;
7.57083;-2.03053;-3.58865;0.959828;2.70002;
7.39222;-1.78601;-3.5054;0.832491;2.70542;
7.20983;-1.82396;-3.43887;0.665336;2.79182;
7.02743;-1.82398;-3.38908;0.497878;2.87512;
6.83029;-1.97135;-3.33706;0.52024;2.88357;
6.62242;-2.07875;-3.2992;0.378525;2.96147;
6.43066;-1.91757;-3.26962;0.295805;2.98854;
6.23198;-1.98678;-3.23659;0.330375;2.97681;
6.04544;-1.86549;-3.20498;0.316023;2.97378;
5.85327;-1.92167;-3.1663;0.386815;2.94296;
5.64346;-2.09806;-3.14734;0.189622;3.05146;
5.44482;-1.98643;-3.12945;0.17893;3.05176;
5.24474;-2.00082;-3.11049;0.18953;3.04715;
5.04514;-1.99593;-3.09474;0.157581;3.06281;
4.84204;-2.03106;-3.07399;0.207438;3.03981;
4.63243;-2.09612;-3.07658;-0.025824;-3.12927;
4.41915;-2.13277;-3.08683;-0.102512;-3.09356;
4.20791;-2.11234;-3.11342;-0.265941;-3.01635;
4.0026;-2.05312;-3.13308;-0.196639;-3.04611;
3.8068;-1.95803;-3.15213;-0.190427;-3.04464;
3.61185;-1.94949;-3.16894;-0.168168;-3.05554;
3.42108;-1.90772;-3.17458;-0.0563437;-3.11207;
3.223;-1.98085;-3.1776;-0.0301914;-3.12635;
3.02078;-2.02215;-3.16518;0.124139;3.08028;
2.81682;-2.0396;-3.15996;0.0522449;3.11598;
2.61551;-2.01311;-3.15555;0.0440467;3.11972;
2.41318;-2.0233;-3.14993;0.0562678;3.11379;
2.17805;-2.35126;-3.16813;-0.181996;-3.06434;
1.97968;-1.98371;-3.15575;0.123781;3.07927;
1.77933;-2.00347;-3.14114;0.146085;3.06881;
1.56978;-2.09551;-3.13856;0.025809;3.12928;
1.38479;-1.84991;-3.1386;-0.000441063;-3.14135;
1.18405;-2.00747;-3.13201;0.065927;3.10876;
0.976766;-2.0728;-3.12877;0.0324062;3.12596;
0.795577;-1.8119;-3.16289;-0.341239;-2.95544;
0.619902;-1.75674;-3.21581;-0.5292;-2.849;
0.432547;-1.87355;-3.26623;-0.504158;-2.87873;
0.244146;-1.88401;-3.30386;-0.376281;-2.94446;
0.048471;-1.95675;-3.34425;-0.403951;-2.93801;
-0.132418;-1.80889;-3.38958;-0.453302;-2.89605;
-0.333511;-2.01092;-3.43637;-0.467821;-2.91302;
-0.540118;-2.06608;-3.48771;-0.513458;-2.89801;
-0.729929;-1.89811;-3.54404;-0.563322;-2.85309;
-0.940263;-2.10334;-3.61863;-0.745819;-2.80084;
-1.13348;-1.93214;-3.68541;-0.667804;-2.80882;
-1.30157;-1.68089;-3.7711;-0.856984;-2.6701;
-1.47976;-1.78192;-3.86205;-0.909506;-2.66965;
-1.66452;-1.8476;-3.95373;-0.916743;-2.68101;
-1.82959;-1.6507;-4.053;-0.99271;-2.60015;
-2.0004;-1.70817;-4.16078;-1.07782;-2.57871;
-2.17214;-1.71737;-4.27363;-1.12849;-2.56024;
-2.34332;-1.71179;-4.3806;-1.06967;-2.58308;
-2.51336;-1.70042;-4.48224;-1.01641;-2.60283;
-2.69666;-1.83294;-4.5749;-0.926612;-2.67353;
-2.88084;-1.84183;-4.67822;-1.03317;-2.63038;
-3.05756;-1.76717;-4.76662;-0.884055;-2.67773;
-3.24379;-1.86229;-4.85854;-0.919176;-2.6831;
-3.42429;-1.80508;-4.94718;-0.886357;-2.68514;
-3.60362;-1.7933;-5.03571;-0.885329;-2.68301;
-3.76979;-1.66164;-5.13202;-0.963144;-2.61628;
-3.93473;-1.64945;-5.22546;-0.934408;-2.62617;
-4.11767;-1.82942;-5.31649;-0.910267;-2.67989;
-4.28331;-1.65638;-5.4048;-0.883066;-2.65179;
-4.46211;-1.78795;-5.49955;-0.947528;-2.65427;
-4.63017;-1.68059;-5.60578;-1.06229;-2.57791;
-4.81359;-1.83421;-5.71516;-1.09386;-2.60385;
-4.98536;-1.71776;-5.81763;-1.02462;-2.60376;
-5.17307;-1.87701;-5.94269;-1.25065;-2.55385;
-5.33608;-1.63016;-6.05257;-1.09883;-2.54849;
-5.50475;-1.68666;-6.16038;-1.07809;-2.57286;
-5.67317;-1.68425;-6.26737;-1.06984;-2.57569;
-5.82066;-1.47489;-6.39551;-1.28147;-2.42625;
-5.97544;-1.5478;-6.52529;-1.29772;-2.44386;
-6.12915;-1.53714;-6.66058;-1.35296;-2.41984;
-6.27934;-1.50188;-6.79341;-1.32824;-2.41747;
-6.42252;-1.43181;-6.9333;-1.39897;-2.36779;
-6.5526;-1.30075;-7.0864;-1.53097;-2.27507;
-6.68284;-1.30244;-7.24099;-1.54592;-2.27092;
-6.81077;-1.27923;-7.39277;-1.5178;-2.2711;
-6.92342;-1.12655;-7.5268;-1.34023;-2.26979;
-7.05998;-1.36558;-7.67219;-1.45398;-2.32485;
-7.19302;-1.33039;-7.83048;-1.58288;-2.26974;
-7.32977;-1.36753;-7.9773;-1.4682;-2.32071;
-7.4638;-1.34031;-8.11859;-1.41284;-2.32986;
-7.60258;-1.38779;-8.24911;-1.30523;-2.38684;
-7.74768;-1.45099;-8.38328;-1.34172;-2.3953;
-7.89253;-1.44844;-8.52167;-1.38385;-2.379;
-8.01445;-1.2192;-8.64972;-1.28051;-2.33167;
-8.15206;-1.3761;-8.79023;-1.40515;-2.34575;
-8.30032;-1.48266;-8.93515;-1.44923;-2.36759;
-8.43904;-1.38718;-9.0537;-1.18543;-2.43446;
-8.58499;-1.45951;-9.16648;-1.12781;-2.4837;
-8.73077;-1.4578;-9.28876;-1.22285;-2.44362;
-8.87646;-1.4569;-9.4223;-1.33542;-2.39967;
-9.02384;-1.47379;-9.55779;-1.35485;-2.39822;
-9.17153;-1.47695;-9.69321;-1.35424;-2.39951;
-9.32088;-1.49345;-9.82641;-1.332;-2.41327;
-9.48417;-1.63295;-9.94027;-1.13857;-2.53272;
-9.62586;-1.41682;-10.047;-1.06701;-2.49611;
-9.77723;-1.51373;-10.1667;-1.19762;-2.47226;
-9.93707;-1.59845;-10.31;-1.4324;-2.41093;
-10.0852;-1.48127;-10.4373;-1.27299;-2.43167;
-10.2215;-1.36253;-10.5539;-1.16601;-2.43376;
-10.3772;-1.55789;-10.6853;-1.31428;-2.44081;
-10.53;-1.52777;-10.8143;-1.29021;-2.44029;
-10.689;-1.58989;-10.9504;-1.36117;-2.43354;
-10.8478;-1.58761;-11.0753;-1.24874;-2.47511;
-11.0035;-1.55698;-11.2049;-1.29601;-2.44741;
-11.1617;-1.58218;-11.3283;-1.23365;-2.47934;
-11.2938;-1.32083;-11.4446;-1.16329;-2.41953;
-11.4408;-1.46994;-11.5768;-1.322;-2.40913;
-11.5739;-1.33177;-11.7116;-1.34784;-2.3502;
-11.7084;-1.3446;-11.8548;-1.4316;-2.32487;
-11.8416;-1.33237;-11.9989;-1.4416;-2.31684;
-11.9783;-1.36707;-12.1455;-1.46565;-2.32141;
-12.1083;-1.29924;-12.284;-1.38541;-2.32411;
-12.2582;-1.49941;-12.4487;-1.64706;-2.3093;
-12.396;-1.37784;-12.5928;-1.44064;-2.33392;
-12.539;-1.42979;-12.7319;-1.3916;-2.36973;
-12.6771;-1.3808;-12.8815;-1.49519;-2.31644;
-12.8121;-1.35066;-13.0276;-1.46118;-2.31691;
-12.9494;-1.37312;-13.1753;-1.47745;-2.31961;
-13.0804;-1.30967;-13.3139;-1.38534;-2.32812;
-13.2118;-1.31365;-13.4575;-1.43636;-2.3116;
-13.3479;-1.36144;-13.6015;-1.44021;-2.32809;
-13.485;-1.37075;-13.7505;-1.48981;-2.3146;
-13.6304;-1.45468;-13.8973;-1.4677;-2.35174;
-13.7683;-1.37887;-14.0417;-1.44418;-2.33306;
-13.8885;-1.20214;-14.1695;-1.27805;-2.3256;
-14.0424;-1.53806;-14.309;-1.39475;-2.40502;
-14.1607;-1.18347;-14.4726;-1.63646;-2.19692;
-14.3001;-1.39351;-14.6384;-1.65784;-2.26978;
-14.4379;-1.37871;-14.7949;-1.56469;-2.29309;
-14.569;-1.31083;-14.9526;-1.57712;-2.26425;
-14.6839;-1.1485;-15.1198;-1.67176;-2.17275;
-14.7937;-1.09852;-15.275;-1.5528;-2.1865;
-14.9074;-1.13698;-15.4615;-1.86461;-2.11837;
-15.0114;-1.04015;-15.6312;-1.69704;-2.12066;
-15.1071;-0.95681;-15.7906;-1.59401;-2.1114;
-15.2144;-1.07303;-15.9604;-1.69766;-2.13446;
-15.3112;-0.967887;-16.1246;-1.6428;-2.10321;
-15.4128;-1.01649;-16.2957;-1.71081;-2.10691;
-15.5086;-0.957536;-16.4662;-1.70446;-2.08264;
-15.624;-1.15409;-16.6293;-1.63115;-2.18656;
-15.7416;-1.17598;-16.7893;-1.60011;-2.20459;
-15.8579;-1.16283;-16.9455;-1.56181;-2.21079;
-15.9764;-1.18516;-17.1051;-1.59628;-2.20945;
-16.1173;-1.40862;-17.2628;-1.57733;-2.29975;
-16.2482;-1.30953;-17.4312;-1.68345;-2.23191;
-16.3803;-1.32112;-17.6031;-1.71869;-2.22614;
-16.4999;-1.19534;-17.7638;-1.60769;-2.21013;
-16.6149;-1.1501;-17.9279;-1.6407;-2.18218;
-16.7432;-1.28315;-18.0838;-1.55926;-2.25936;
-16.8658;-1.22641;-18.245;-1.61131;-2.22138;
-16.9852;-1.19413;-18.4057;-1.60705;-2.20984;
-17.1049;-1.19708;-18.5546;-1.48966;-2.24773;
-17.2287;-1.23762;-18.6951;-1.40501;-2.29294;
-17.3539;-1.25173;-18.8414;-1.46228;-2.27877;
-17.4854;-1.31496;-18.9949;-1.53552;-2.27897;
-17.604;-1.18621;-19.139;-1.44107;-2.25949;
-17.7338;-1.29752;-19.2963;-1.57304;-2.26051;
-17.8623;-1.28552;-19.4333;-1.36939;-2.32462;
-17.9997;-1.37383;-19.5891;-1.55813;-2.29342;
-18.1471;-1.47362;-19.731;-1.41924;-2.37499;
-18.29;-1.42958;-19.8699;-1.38949;-2.37042;
-18.4372;-1.47148;-19.991;-1.21054;-2.45318;
-18.591;-1.53881;-20.1173;-1.26337;-2.45418;
-18.7527;-1.61702;-20.2343;-1.1701;-2.51519;
-18.909;-1.56285;-20.3468;-1.12498;-2.51769;
-19.0718;-1.62776;-20.4706;-1.23737;-2.49162;
-19.2317;-1.59863;-20.5855;-1.14883;-2.51847;
-19.4008;-1.69177;-20.6866;-1.01174;-2.60262;
-19.5761;-1.75278;-20.7817;-0.950669;-2.64462;
-19.7573;-1.81189;-20.8814;-0.997456;-2.63836;
-19.9366;-1.79299;-21.0146;-1.33171;-2.50276;
-20.0986;-1.61999;-21.1348;-1.20212;-2.5032;
-20.262;-1.634;-21.2525;-1.17684;-2.51743;
-20.4446;-1.8259;-21.3883;-1.35791;-2.50214;
-20.6195;-1.74923;-21.5096;-1.21327;-2.53517;
-20.7791;-1.59568;-21.6257;-1.16099;-2.51259;
-20.9394;-1.60312;-21.7451;-1.19378;-2.50152;
-21.1016;-1.62248;-21.8631;-1.18;-2.51279;
-21.2638;-1.62142;-21.9799;-1.16792;-2.51737;
-21.441;-1.77197;-22.1005;-1.20609;-2.54397;
-21.5931;-1.52128;-22.2231;-1.22634;-2.46313;
-21.7445;-1.5142;-22.3355;-1.12395;-2.50305;
-21.8953;-1.50732;-22.4617;-1.26163;-2.44469;
-22.0471;-1.51875;-22.5669;-1.05246;-2.53559;
-22.2153;-1.68116;-22.6871;-1.20165;-2.52102;
-22.3804;-1.65166;-22.8046;-1.17526;-2.52315;
-22.5421;-1.61726;-22.9263;-1.21665;-2.49663;
-22.7074;-1.65215;-23.0326;-1.06275;-2.56997;
-22.8757;-1.68342;-23.1417;-1.09073;-2.56668;
-23.0518;-1.76086;-23.2569;-1.15288;-2.5619;
-23.2208;-1.6899;-23.3856;-1.28696;-2.49073;
-23.3584;-1.37635;-23.5274;-1.41788;-2.34133;
-23.4913;-1.32921;-23.6713;-1.43845;-2.31675;
-23.6178;-1.26432;-23.8305;-1.59254;-2.24181;
-23.7475;-1.29687;-24.0074;-1.76871;-2.20348;
-23.8679;-1.20433;-24.177;-1.69603;-2.18826;
-23.989;-1.21106;-24.3468;-1.69829;-2.19026;
-24.0912;-1.02175;-24.5181;-1.71312;-2.10859;
-24.2007;-1.09574;-24.6583;-1.40149;-2.23437;
-24.3198;-1.19069;-24.8133;-1.54997;-2.22585;
-24.4429;-1.23108;-24.9788;-1.65505;-2.21034;
-24.5652;-1.22241;-25.1234;-1.44609;-2.27257;
-24.7048;-1.39629;-25.2739;-1.50458;-2.31888;
-24.8572;-1.524;-25.4155;-1.41672;-2.39266;
-25.0037;-1.46514;-25.5516;-1.3607;-2.39314;
-25.1328;-1.29113;-25.6803;-1.28737;-2.35765;
-25.3032;-1.70368;-25.8137;-1.33322;-2.47758;
-25.4751;-1.71901;-25.9275;-1.13796;-2.55684;
-25.6347;-1.59591;-26.0515;-1.24083;-2.48072;
-25.8079;-1.7323;-26.1646;-1.13041;-2.56343;
-25.9674;-1.59531;-26.2696;-1.05002;-2.55948;
-26.1385;-1.71016;-26.3829;-1.1333;-2.55635;
-26.3127;-1.74263;-26.495;-1.12126;-2.56985;
-26.5055;-1.92766;-26.6036;-1.08596;-2.62855;
-26.6815;-1.76044;-26.7154;-1.11768;-2.57592;
-26.8402;-1.58698;-26.8035;-0.881257;-2.63469;
-27.0085;-1.68235;-26.9238;-1.20298;-2.52083;
-27.1732;-1.6474;-27.0372;-1.13399;-2.53873;
-27.3408;-1.67625;-27.1477;-1.10513;-2.55871;
-27.5074;-1.6653;-27.2575;-1.09765;-2.55883;
-27.6717;-1.64337;-27.375;-1.17492;-2.52091;
-27.822;-1.50259;-27.4779;-1.02916;-2.54106;
-27.9849;-1.62992;-27.5911;-1.13236;-2.53441;
-28.1456;-1.60605;-27.713;-1.21856;-2.49252;
-28.3104;-1.64827;-27.8297;-1.16655;-2.52569;
-28.4703;-1.59918;-27.9457;-1.16035;-2.5139;
-28.6174;-1.47078;-28.0699;-1.24228;-2.44022;
-28.7713;-1.53877;-28.2105;-1.40548;-2.40143;
-28.927;-1.55791;-28.3617;-1.51199;-2.37115;
-29.1047;-1.77683;-28.5069;-1.45193;-2.45648;
-29.2639;-1.59203;-28.6393;-1.32402;-2.44785;
-29.41;-1.46069;-28.7693;-1.3002;-2.41426;
-29.5679;-1.57935;-28.9061;-1.36856;-2.42758;
-29.7377;-1.69812;-29.0391;-1.3298;-2.47724;
-29.8959;-1.5816;-29.1627;-1.23555;-2.47842;

29.9394;-1.64742;-29.2573;-0.94604;-2.62032;
29.7712;-1.68159;-29.3589;-1.0166;-2.59783;
29.6215;-1.49734;-29.4749;-1.15942;-2.48271;
29.4617;-1.59801;-29.5897;-1.14837;-2.51848;
29.2908;-1.70824;-29.7191;-1.29373;-2.49341;
29.132;-1.58795;-29.8574;-1.38309;-2.42504;
28.9808;-1.51254;-29.9673;-1.0994;-2.51307;

28.8231;-1.5766;29.9023;-1.30377;-2.45063;
28.6671;-1.56063;29.7642;-1.38124;-2.4171;
28.5178;-1.49301;29.6369;-1.27286;-2.43562;
28.3684;-1.49375;29.5099;-1.27009;-2.43694;
28.2145;-1.5387;29.3742;-1.35672;-2.41896;
28.0646;-1.49882;29.2408;-1.33355;-2.41448;
27.92;-1.44649;29.1099;-1.30907;-2.40602;
27.7949;-1.25121;28.9576;-1.52308;-2.25851;
27.6746;-1.20274;28.8038;-1.53805;-2.23446;
27.5564;-1.18223;28.6337;-1.70093;-2.17819;
27.4445;-1.11841;28.4755;-1.5826;-2.186;
27.3332;-1.11333;28.3061;-1.69334;-2.15241;
27.228;-1.0524;28.1425;-1.63663;-2.14226;
27.1085;-1.19442;27.9613;-1.81164;-2.15368;
27.0028;-1.05724;27.7906;-1.70744;-2.12521;
26.9053;-0.974921;27.6185;-1.72039;-2.08636;
26.8073;-0.979946;27.4409;-1.77669;-2.07484;
26.7065;-1.00824;27.2582;-1.82661;-2.07515;
26.6049;-1.01612;27.0716;-1.86559;-2.06953;
26.5323;-0.72529;26.9147;-1.5694;-2.0037;
26.4485;-0.837931;26.7332;-1.81491;-2.00333;
26.3659;-0.826128;26.5449;-1.88265;-1.98431;
26.2903;-0.75675;26.3628;-1.8217;-1.96451;
26.2049;-0.854016;26.185;-1.77763;-2.01866;
26.1356;-0.692185;26.012;-1.73048;-1.9513;
26.0556;-0.800268;25.8264;-1.85526;-1.97803;
25.9719;-0.837272;25.6432;-1.83221;-1.99943;
25.8838;-0.881019;25.4513;-1.91926;-2.00114;
25.8231;-0.607287;25.2277;-2.23535;-1.83607;
25.7636;-0.594264;25.039;-1.88731;-1.87584;
25.7054;-0.582655;24.8416;-1.97418;-1.85779;
25.6561;-0.492582;24.6465;-1.95061;-1.81815;
25.617;-0.390773;24.4477;-1.98804;-1.76488;
25.5783;-0.387089;24.251;-1.96714;-1.76509;
25.5408;-0.375221;24.0716;-1.79374;-1.77701;
25.4956;-0.4522;23.8762;-1.95449;-1.79816;
25.4704;-0.251992;23.68;-1.96181;-1.69855;
25.4484;-0.219667;23.4793;-2.00763;-1.67978;
25.4245;-0.238859;23.2791;-2.00108;-1.6896;
25.3916;-0.329675;23.0558;-2.23382;-1.71732;
25.3511;-0.404594;22.8745;-1.81219;-1.79046;
25.3148;-0.363235;22.6861;-1.88443;-1.76122;
25.2839;-0.308428;22.4946;-1.91482;-1.7305;
25.2501;-0.33846;22.2975;-1.97164;-1.7408;
25.2094;-0.4073;22.1105;-1.86957;-1.7853;
25.1519;-0.574062;21.9126;-1.97898;-1.85313;
25.0958;-0.561747;21.7427;-1.69888;-1.89014;
25.0391;-0.567042;21.5456;-1.97151;-1.85086;
25.0049;-0.341524;21.3545;-1.91093;-1.74765;
24.9427;-0.622576;21.1554;-1.99105;-1.87385;
24.8674;-0.752498;20.958;-1.97388;-1.93502;
24.7791;-0.882822;20.7553;-2.02677;-1.9816;
24.6997;-0.794581;20.5706;-1.84716;-1.97703;
24.6386;-0.610234;20.3952;-1.75333;-1.90573;
24.5544;-0.842029;20.2048;-1.90408;-1.98716;
24.4805;-0.739722;20.0168;-1.87997;-1.94566;
24.403;-0.774676;19.8185;-1.98366;-1.94311;
24.3261;-0.768547;19.6365;-1.81958;-1.97044;
24.2537;-0.72437;19.4671;-1.69441;-1.97479;
24.174;-0.797107;19.2818;-1.85325;-1.97699;
24.0823;-0.916766;19.1084;-1.73384;-2.05718;
24.0049;-0.774469;18.9252;-1.8312;-1.97091;
23.9392;-0.656601;18.7362;-1.89084;-1.90502;
23.8848;-0.544442;18.5591;-1.77017;-1.86918;
23.831;-0.537334;18.3668;-1.9234;-1.84322;
23.7898;-0.412014;18.1807;-1.86092;-1.78868;
23.7579;-0.318931;17.9961;-1.84628;-1.74185;
23.7239;-0.340053;17.8012;-1.94877;-1.74355;
23.6803;-0.436785;17.5725;-2.28734;-1.75948;
23.6247;-0.555503;17.3937;-1.78733;-1.87213;
23.5459;-0.788146;17.2035;-1.90247;-1.96355;
23.4748;-0.711404;17.0324;-1.7109;-1.96485;
23.3984;-0.763068;16.8481;-1.8433;-1.96329;
23.3163;-0.821443;16.6659;-1.82153;-1.99445;
23.2376;-0.78731;16.4893;-1.76649;-1.99006;
23.1604;-0.77149;16.3171;-1.72193;-1.99202;
23.0847;-0.757588;16.1344;-1.82726;-1.96383;
23.0243;-0.603959;15.9392;-1.95108;-1.87099;
22.9699;-0.543667;15.7446;-1.94635;-1.84318;
22.9184;-0.515103;15.5416;-2.03041;-1.81925;
22.8623;-0.560894;15.3535;-1.88054;-1.86066;
22.7929;-0.693677;15.1579;-1.95598;-1.9116;
22.7225;-0.7044;14.9729;-1.85051;-1.93451;
22.6654;-0.571328;14.7849;-1.87924;-1.86594;
22.6063;-0.590873;14.5937;-1.91244;-1.87046;
22.5538;-0.52427;14.397;-1.9673;-1.83124;
22.4856;-0.682242;14.1943;-2.02704;-1.89546;
22.4218;-0.638376;14.0048;-1.89511;-1.89571;
22.358;-0.638006;13.8146;-1.90157;-1.89451;
22.3124;-0.455678;13.6401;-1.74534;-1.82618;
22.2619;-0.505488;13.4465;-1.93606;-1.82619;
22.2059;-0.559873;13.2464;-2.00051;-1.84368;
22.1564;-0.494862;13.0532;-1.93238;-1.8215;
22.142;-0.143557;12.8462;-2.06992;-1.64004;
22.138;-0.0398921;12.6612;-1.84981;-1.59236;
22.1319;-0.0610115;12.4585;-2.02714;-1.60088;
22.1075;-0.244213;12.2506;-2.07835;-1.68776;
22.0856;-0.219428;12.0562;-1.94414;-1.68319;
22.0678;-0.177825;11.8567;-1.99499;-1.6597;
22.0552;-0.126026;11.669;-1.87711;-1.63783;
22.0406;-0.145999;11.4711;-1.97906;-1.64443;
22.0229;-0.176525;11.2689;-2.02213;-1.65787;
21.9985;-0.244264;11.0616;-2.07342;-1.68806;
21.9886;-0.0987505;10.8602;-2.01317;-1.61981;
21.9808;-0.0785732;10.6594;-2.00869;-1.60989;
21.9604;-0.204312;10.4408;-2.18529;-1.66402;
21.9452;-0.151794;10.2487;-1.92189;-1.64961;
21.9305;-0.146357;10.0374;-2.11227;-1.63997;
21.9238;-0.0671449;9.83644;-2.00991;-1.60419;
21.9141;-0.0969334;9.62522;-2.11222;-1.61666;
21.9035;-0.105978;9.42288;-2.02335;-1.62313;
21.8827;-0.208389;9.23589;-1.86995;-1.68178;
21.8547;-0.279544;9.0447;-1.91187;-1.71598;
21.829;-0.257821;8.8469;-1.97796;-1.70041;
21.7974;-0.315858;8.66215;-1.84758;-1.74012;
21.7816;-0.157673;8.47197;-1.90173;-1.65352;
21.7745;-0.0712118;8.30092;-1.71056;-1.6124;
21.7591;-0.154013;8.11075;-1.90165;-1.65161;
21.7487;-0.103952;7.91279;-1.97958;-1.62326;
21.7384;-0.103144;7.71321;-1.99579;-1.62243;
21.7297;-0.0862707;7.53359;-1.79627;-1.61879;
21.7166;-0.131771;7.32836;-2.05225;-1.63492;
21.7301;0.135504;7.12596;-2.02399;-1.50395;
21.7313;0.0122645;6.91378;-2.12179;-1.56502;
21.7333;0.0197209;6.71321;-2.00579;-1.56096;
21.7316;-0.0172591;6.50546;-2.07749;-1.5791;
21.7301;-0.0151555;6.30625;-1.99212;-1.5784;
21.7371;0.0699482;6.1378;-1.6845;-1.5293;
21.7688;0.317083;5.92057;-2.17229;-1.42585;
21.7972;0.284537;5.71802;-2.02546;-1.43123;
21.8237;0.264883;5.5195;-1.98525;-1.43815;
21.866;0.422892;5.33424;-1.85258;-1.34637;
21.9282;0.621467;5.11512;-2.19115;-1.29443;
21.9871;0.588971;4.93551;-1.79613;-1.25393;
22.0533;0.662878;4.76545;-1.70055;-1.19911;
22.1358;0.824153;4.60476;-1.60699;-1.09692;
22.2174;0.816883;4.40457;-2.00183;-1.18335;
22.2819;0.644549;4.21743;-1.87139;-1.2391;
22.3475;0.656156;4.02709;-1.90346;-1.23883;
22.4085;0.609551;3.84577;-1.81321;-1.24649;
22.4714;0.629478;3.64985;-1.95919;-1.25992;
22.5378;0.663873;3.46469;-1.85164;-1.22654;
22.5992;0.613952;3.25956;-2.05128;-1.27998;
22.6738;0.746051;3.04862;-2.10934;-1.23084;
22.7567;0.829345;2.86676;-1.81867;-1.14295;
22.8395;0.827659;2.68507;-1.81687;-1.14334;
22.9234;0.83935;2.50665;-1.78416;-1.13107;
23.0078;0.843337;2.32895;-1.77701;-1.12769;
23.0932;0.854402;2.15082;-1.78134;-1.12357;
23.1856;0.923594;1.98789;-1.62926;-1.05509;
23.2935;1.07962;1.79822;-1.89668;-1.05332;
23.3963;1.02729;1.63952;-1.58706;-0.996327;
23.4997;1.03457;1.48706;-1.52455;-0.97457;
23.6042;1.04468;1.32197;-1.65092;-1.00662;
23.7153;1.11091;1.1548;-1.67167;-0.98426;
23.8204;1.05119;0.982131;-1.72673;-1.02395;
23.9308;1.10355;0.811239;-1.70892;-0.997408;
24.0225;0.916969;0.639164;-1.72075;-1.08118;
24.1136;0.911148;0.461926;-1.77238;-1.09595;
24.2096;0.960098;0.264478;-1.97448;-1.11821;
24.313;1.03426;0.0743277;-1.90151;-1.07263;
24.408;0.949625;-0.095538;-1.69866;-1.06104;
24.5006;0.926085;-0.291865;-1.96327;-1.13004;
24.5854;0.848156;-0.472909;-1.81044;-1.13268;
24.6769;0.915074;-0.650696;-1.77787;-1.09546;
24.7762;0.993341;-0.825744;-1.75048;-1.05464;
24.8844;1.08134;-1.0022;-1.76455;-1.02101;
24.9852;1.00799;-1.19012;-1.87919;-1.07846;
25.098;1.12871;-1.39482;-2.04697;-1.06687;
25.1977;0.996761;-1.57421;-1.79393;-1.06364;
25.2799;0.821637;-1.76525;-1.9104;-1.16462;
25.353;0.731032;-1.96064;-1.95391;-1.21278;
25.4004;0.474404;-2.14448;-1.83836;-1.31825;
25.4503;0.498706;-2.34341;-1.98934;-1.32517;
25.5004;0.501423;-2.53745;-1.94037;-1.31791;
25.5556;0.551521;-2.72549;-1.88047;-1.28551;
25.6125;0.569157;-2.91886;-1.93363;-1.28453;
25.6813;0.687986;-3.09291;-1.7405;-1.19436;
25.7538;0.724646;-3.26754;-1.7463;-1.17746;
25.8215;0.677343;-3.46032;-1.92785;-1.23292;
25.8884;0.668585;-3.6505;-1.90183;-1.23274;
25.9522;0.638486;-3.83943;-1.8893;-1.2449;
26.0222;0.699713;-4.02339;-1.83953;-1.20732;
26.0803;0.580737;-4.20049;-1.77098;-1.25393;
26.1552;0.749221;-4.38045;-1.79966;-1.17631;
26.2309;0.75678;-4.56493;-1.84476;-1.1815;
26.303;0.72109;-4.74967;-1.84747;-1.19867;
26.3708;0.678223;-4.93147;-1.81791;-1.21371;
26.4373;0.665206;-5.14063;-2.09161;-1.26288;
26.4893;0.519577;-5.32855;-1.87928;-1.30106;
26.5289;0.396485;-5.54;-2.11443;-1.38543;
26.5543;0.253425;-5.74431;-2.04316;-1.44739;
26.5835;0.292299;-5.93484;-1.9053;-1.41857;
26.6378;0.543514;-6.12559;-1.90746;-1.29321;
26.6936;0.557967;-6.31123;-1.85637;-1.27882;
26.7527;0.590902;-6.50188;-1.90652;-1.27025;
26.791;0.382275;-6.71146;-2.09582;-1.39038;
26.8355;0.44512;-6.91377;-2.02314;-1.35423;
26.8774;0.419693;-7.11055;-1.9677;-1.36065;
26.9492;0.718176;-7.30971;-1.99164;-1.22471;
27.0168;0.67505;-7.51975;-2.10041;-1.25983;
27.0653;0.485939;-7.69963;-1.79875;-1.30694;
27.1166;0.51286;-7.88675;-1.87127;-1.30329;
27.1582;0.415768;-8.07569;-1.88941;-1.3542;
27.2114;0.532223;-8.26373;-1.8804;-1.29497;
27.2616;0.50169;-8.4477;-1.83963;-1.30456;
27.3044;0.427899;-8.6344;-1.86698;-1.34549;
27.3557;0.51277;-8.82125;-1.86858;-1.30297;
27.4095;0.538216;-9.02211;-2.00854;-1.30898;
27.4473;0.377725;-9.24265;-2.20541;-1.40117;
27.4772;0.29984;-9.44712;-2.04475;-1.4252;
27.5065;0.292415;-9.64572;-1.98601;-1.42461;
27.5354;0.288617;-9.84347;-1.97745;-1.42587;
27.5793;0.439173;-10.0347;-1.91225;-1.34505;
27.6156;0.363005;-10.257;-2.22339;-1.40896;
27.654;0.384818;-10.4459;-1.88841;-1.36977;
27.7019;0.478763;-10.6485;-2.02672;-1.33882;
27.7545;0.525527;-10.8336;-1.85032;-1.29406;
27.8064;0.519397;-11.0101;-1.76551;-1.28468;
27.858;0.51546;-11.1924;-1.82282;-1.29521;
27.9168;0.588833;-11.3773;-1.84845;-1.2624;
27.9751;0.582177;-11.5883;-2.11002;-1.30158;
28.0516;0.765403;-11.779;-1.90791;-1.18928;
28.1242;0.725726;-11.9672;-1.88114;-1.2026;
28.1955;0.713504;-12.1597;-1.92545;-1.21592;
28.2881;0.925408;-12.3387;-1.78946;-1.09353;
28.3834;0.953327;-12.5246;-1.85927;-1.09701;
28.4835;1.00093;-12.7057;-1.81152;-1.06601;
28.5812;0.97741;-12.8895;-1.83736;-1.08191;
28.6772;0.959877;-13.0716;-1.82086;-1.08566;
28.7781;1.00906;-13.25;-1.78494;-1.05627;
28.8788;1.00643;-13.4173;-1.67244;-1.02907;
28.9858;1.06994;-13.5825;-1.65183;-0.996018;
29.1214;1.35655;-13.7359;-1.53442;-0.846848;
29.2722;1.50753;-13.9109;-1.74986;-0.859657;
29.4209;1.48745;-14.0688;-1.57916;-0.815296;
29.5649;1.43964;-14.2161;-1.4724;-0.796649;
29.7063;1.41367;-14.355;-1.38904;-0.77661;
29.8157;1.09484;-14.5102;-1.55264;-0.956624;
29.921;1.05297;-14.6879;-1.77719;-1.03592;

-29.9726;1.06373;-14.8514;-1.63454;-0.993868;
-29.8553;1.17325;-15.0088;-1.57446;-0.930392;
-29.7273;1.27937;-15.1662;-1.57399;-0.888286;
-29.5911;1.36205;-15.3299;-1.63671;-0.876737;
-29.4401;1.51043;-15.5083;-1.78422;-0.868309;
-29.3071;1.32994;-15.664;-1.55632;-0.86367;
-29.1838;1.2325;-15.8124;-1.48408;-0.877745;
-29.0453;1.38538;-15.9579;-1.45492;-0.809877;
-28.9091;1.36198;-16.1027;-1.44855;-0.816188;
-28.7556;1.53508;-16.2458;-1.43111;-0.750362;
-28.6042;1.51402;-16.393;-1.47123;-0.771066;
-28.4603;1.43897;-16.5335;-1.4051;-0.773489;
-28.3214;1.38904;-16.6746;-1.41153;-0.793427;
-28.1812;1.40197;-16.8195;-1.44886;-0.801846;
-28.0385;1.42721;-16.9407;-1.2116;-0.703875;
-27.8998;1.38726;-17.084;-1.43363;-0.801836;
-27.7622;1.37545;-17.2209;-1.36837;-0.782816;
-27.6318;1.30405;-17.369;-1.48146;-0.849003;
-27.497;1.3484;-17.5223;-1.53296;-0.849364;
-27.3728;1.24123;-17.6751;-1.52755;-0.888442;
-27.244;1.28829;-17.8316;-1.56564;-0.882276;
-27.1171;1.26897;-17.9869;-1.55278;-0.885641;
-26.9851;1.3203;-18.1422;-1.55307;-0.866232;
-26.8518;1.33313;-18.2941;-1.51865;-0.850363;
-26.6933;1.58515;-18.4605;-1.66428;-0.809745;
-26.5545;1.38725;-18.6089;-1.48364;-0.818958;
-26.4057;1.48813;-18.7542;-1.45364;-0.773674;
-26.2657;1.4002;-18.8949;-1.40689;-0.787783;
-26.1247;1.40951;-19.0383;-1.43331;-0.793769;
-26.0118;1.12978;-19.1862;-1.47905;-0.918484;
-25.8951;1.16646;-19.3498;-1.63648;-0.95154;
-25.7881;1.07034;-19.5071;-1.57316;-0.973362;
-25.6848;1.03305;-19.6852;-1.78051;-1.04506;
-25.5864;0.984177;-19.8571;-1.71939;-1.05092;
-25.4761;1.10233;-20.0308;-1.737;-1.00531;
-25.3795;0.96615;-20.2011;-1.70293;-1.05473;
-25.2834;0.961339;-20.3807;-1.79602;-1.07934;
-25.1983;0.850723;-20.5569;-1.76233;-1.12106;
-25.1135;0.847956;-20.74;-1.83012;-1.13691;
-25.0451;0.68435;-20.933;-1.93002;-1.23005;
-24.9881;0.569352;-21.0994;-1.66418;-1.24116;
-24.9163;0.71875;-21.2781;-1.78715;-1.18841;
-24.8414;0.748256;-21.4529;-1.74855;-1.16645;
-24.7628;0.786728;-21.6404;-1.87412;-1.17335;
-24.6834;0.79366;-21.823;-1.8266;-1.16091;
-24.6015;0.819111;-22.0147;-1.91675;-1.16694;
-24.5183;0.831466;-22.188;-1.7332;-1.1235;
-24.4343;0.840738;-22.3595;-1.71519;-1.11504;
-24.3342;1.00042;-22.5268;-1.67317;-1.03191;
-24.2295;1.04779;-22.7062;-1.79343;-1.04205;
-24.1279;1.01558;-22.8758;-1.69625;-1.03132;
-24.022;1.05916;-23.0461;-1.7032;-1.01445;
-23.9232;0.987844;-23.2235;-1.77334;-1.06255;
-23.818;1.05207;-23.3948;-1.71323;-1.02008;
-23.7191;0.988945;-23.5704;-1.75611;-1.05792;
-23.613;1.06115;-23.7556;-1.85235;-1.05057;
-23.52;0.930008;-23.9307;-1.75059;-1.08246;
-23.4257;0.942334;-24.1109;-1.8017;-1.0889;
-23.3345;0.911986;-24.2749;-1.64004;-1.0633;
-23.2284;1.06186;-24.4489;-1.74028;-1.02293;
-23.1264;1.01942;-24.6074;-1.58535;-0.999339;
-23.024;1.02429;-24.7766;-1.69218;-1.02648;
-22.9093;1.14661;-24.9419;-1.65279;-0.964284;
-22.7869;1.22425;-25.1086;-1.6664;-0.937179;
-22.6572;1.29658;-25.3037;-1.95122;-0.984297;
-22.527;1.30243;-25.4874;-1.8373;-0.954135;
-22.4264;1.00564;-25.6484;-1.60967;-1.01238;
-22.3218;1.04615;-25.8188;-1.7045;-1.02032;
-22.2234;0.984033;-25.9908;-1.71927;-1.05095;
-22.1265;0.969501;-26.1443;-1.53579;-1.0077;
-22.0235;1.02939;-26.3147;-1.70346;-1.02722;
-21.9365;0.869955;-26.4862;-1.71476;-1.1013;
-21.8364;1.00136;-26.669;-1.82828;-1.06972;
-21.7321;1.04286;-26.8355;-1.66513;-1.01127;
-21.6221;1.10028;-27.0083;-1.72752;-1.00367;
-21.5007;1.21389;-27.1822;-1.73931;-0.961472;
-21.3756;1.25135;-27.3414;-1.59241;-0.90476;
-21.2381;1.37483;-27.4963;-1.54898;-0.844893;
-21.1104;1.27677;-27.6453;-1.48974;-0.862228;
-20.9795;1.30938;-27.7694;-1.24078;-0.758505;
-20.8305;1.48986;-27.9052;-1.35795;-0.739114;
-20.6827;1.47809;-28.0399;-1.34727;-0.739128;
-20.5318;1.50903;-28.1683;-1.28351;-0.704816;
-20.3919;1.3991;-28.2902;-1.21913;-0.716769;
-20.2385;1.53316;-28.4258;-1.356;-0.724158;
-20.0811;1.57476;-28.5387;-1.12916;-0.622068;
-19.9196;1.61469;-28.6516;-1.12959;-0.610438;
-19.7692;1.50358;-28.7666;-1.14911;-0.65256;
-19.6213;1.47961;-28.864;-0.974232;-0.582284;
-19.4538;1.67501;-29.0041;-1.4016;-0.696761;
-19.3005;1.53228;-29.1339;-1.29721;-0.702509;
-19.1506;1.49938;-29.2508;-1.16976;-0.662526;
-18.9869;1.63748;-29.3622;-1.11323;-0.597071;
-18.8186;1.68275;-29.4785;-1.16371;-0.605034;
-18.6638;1.54822;-29.5955;-1.16948;-0.646928;
-18.5086;1.55143;-29.7085;-1.12989;-0.629461;
-18.3571;1.51529;-29.8462;-1.37709;-0.737655;
-18.2272;1.29843;-29.9702;-1.24055;-0.762608;

-18.0948;1.32434;29.9;-1.29728;-0.775076;
-17.9524;1.4245;29.7729;-1.27162;-0.728753;
-17.7869;1.65477;29.6101;-1.62816;-0.777294;
-17.6619;1.25013;29.4558;-1.54232;-0.889651;
-17.5377;1.24191;29.287;-1.68851;-0.936636;
-17.4245;1.1321;29.1313;-1.5565;-0.941957;
-17.3066;1.17903;28.9688;-1.62561;-0.943301;
-17.1832;1.23388;28.811;-1.57797;-0.907164;
-17.0497;1.33532;28.639;-1.71984;-0.9106;
-16.9127;1.36994;28.4751;-1.63882;-0.874527;
-16.7893;1.2339;28.3447;-1.30398;-0.813006;
-16.653;1.36294;28.2007;-1.43977;-0.812805;
-16.5131;1.39873;28.0623;-1.38389;-0.780066;
-16.3678;1.45298;27.9251;-1.3725;-0.756921;
-16.2202;1.47633;27.7889;-1.36206;-0.745159;
-16.0714;1.48763;27.6612;-1.27645;-0.709145;
-15.9151;1.56297;27.5295;-1.31777;-0.700488;
-15.7694;1.45698;27.3889;-1.40526;-0.76733;
-15.6247;1.4469;27.2491;-1.39846;-0.768377;
-15.487;1.37752;27.1252;-1.23932;-0.732635;
-15.3391;1.47829;26.9917;-1.33498;-0.734504;
-15.2068;1.3234;26.8918;-0.998737;-0.646485;
-15.0489;1.57949;26.7626;-1.29202;-0.685621;
-14.8717;1.77154;26.6425;-1.20095;-0.59575;
-14.7039;1.67842;26.5376;-1.04876;-0.558493;
-14.53;1.73849;26.4274;-1.10212;-0.56501;
-14.3591;1.70864;26.3226;-1.04788;-0.550128;
-14.1882;1.709;26.2218;-1.0082;-0.532988;
-14.0139;1.74369;26.1177;-1.04062;-0.538057;
-13.8416;1.72311;26.0159;-1.01849;-0.533831;
-13.628;2.13587;25.9167;-0.991528;-0.434621;
-13.4554;1.7258;25.8384;-0.783772;-0.426299;
-13.265;1.90394;25.7484;-0.899421;-0.441325;
-13.0905;1.74463;25.6592;-0.891688;-0.472492;
-12.9001;1.90398;25.5834;-0.758939;-0.379304;
-12.7069;1.93242;25.5038;-0.795626;-0.390572;
-12.5264;1.80448;25.4237;-0.800965;-0.417748;
-12.3306;1.95813;25.3494;-0.742752;-0.36255;
-12.1411;1.8955;25.2858;-0.636634;-0.324028;
-11.9588;1.82331;25.209;-0.767537;-0.398443;
-11.7897;1.69104;25.1203;-0.886682;-0.48293;
-11.6184;1.71257;25.0276;-0.927344;-0.496289;
-11.4361;1.82305;24.9192;-1.08411;-0.536489;
-11.2592;1.7686;24.8134;-1.05828;-0.53922;
-11.0876;1.71657;24.7107;-1.02695;-0.539135;
-10.918;1.69564;24.5997;-1.10978;-0.579525;
-10.7418;1.76177;24.4963;-1.0336;-0.53057;
-10.5693;1.72515;24.3951;-1.01199;-0.530513;
-10.3941;1.75237;24.2897;-1.05447;-0.541697;
-10.2142;1.79896;24.1917;-0.979952;-0.498791;
-10.0312;1.82988;24.0853;-1.06348;-0.526461;
-9.85499;1.76208;23.9903;-0.949904;-0.494421;
-9.67905;1.75935;23.8988;-0.915604;-0.479852;
-9.51601;1.63046;23.8012;-0.975591;-0.539208;
-9.34148;1.74525;23.6967;-1.04531;-0.539646;
-9.14598;1.95497;23.5967;-1.00046;-0.473005;
-8.97184;1.7414;23.4985;-0.981159;-0.513097;
-8.79839;1.7345;23.401;-0.975382;-0.512269;
-8.62407;1.74323;23.3037;-0.972874;-0.50903;
-8.44976;1.74315;23.2035;-1.00239;-0.521868;
-8.26963;1.80129;23.0853;-1.18128;-0.58044;
-8.10495;1.64677;22.9724;-1.12984;-0.601331;
-7.9391;1.6585;22.8622;-1.10164;-0.586319;
-7.78009;1.59013;22.7474;-1.14803;-0.625319;
-7.5895;1.90584;22.6133;-1.34064;-0.613031;
-7.43185;1.57653;22.5121;-1.01267;-0.570974;
-7.25536;1.76485;22.3976;-1.14439;-0.575276;
-7.0728;1.82563;22.2901;-1.07545;-0.532354;
-6.89546;1.77343;22.1756;-1.14429;-0.573023;
-6.72695;1.68513;22.0668;-1.08845;-0.573498;
-6.5587;1.68247;21.9584;-1.0836;-0.572182;
-6.38897;1.69726;21.8451;-1.13321;-0.588699;
-6.22282;1.66153;21.7362;-1.08947;-0.580372;
-6.06446;1.58356;21.6257;-1.10489;-0.609196;
-5.89693;1.67529;21.5058;-1.19935;-0.62132;
-5.73335;1.63583;21.3898;-1.15919;-0.616491;
-5.57415;1.59203;21.2588;-1.31033;-0.688641;
-5.41673;1.57414;21.1293;-1.2955;-0.688604;
-5.23689;1.79844;20.9913;-1.37987;-0.654455;
-5.07667;1.60216;20.8678;-1.23463;-0.656558;
-4.92702;1.49659;20.7416;-1.26197;-0.700553;
-4.7684;1.58611;20.6012;-1.40365;-0.724443;
-4.61834;1.50063;20.4678;-1.33459;-0.726901;
-4.46608;1.52259;20.3386;-1.29145;-0.703445;
-4.31088;1.55199;20.2072;-1.31412;-0.702593;
-4.15947;1.51416;20.0723;-1.34897;-0.727767;
-4.00944;1.50032;19.9458;-1.2651;-0.700543;
-3.84668;1.62752;19.7913;-1.54504;-0.759405;
-3.69498;1.51707;19.652;-1.39336;-0.742916;
-3.54605;1.48923;19.5012;-1.50782;-0.791602;
-3.40027;1.45781;19.3729;-1.28274;-0.721603;
-3.25633;1.43942;19.2382;-1.34701;-0.752244;
-3.10536;1.50968;19.0882;-1.49991;-0.782154;
-2.94587;1.59489;18.9433;-1.44939;-0.73764;
-2.8024;1.43472;18.8171;-1.26172;-0.721328;
-2.66479;1.37609;18.6864;-1.30758;-0.759878;
-2.52473;1.40061;18.5871;-0.992945;-0.616701;
-2.35524;1.6949;18.4833;-1.03806;-0.549531;
-2.1818;1.7344;18.3784;-1.04879;-0.543867;
-2.01676;1.65043;18.2666;-1.11735;-0.595128;
-1.85059;1.66166;18.1507;-1.15962;-0.609296;
-1.68545;1.65146;18.0382;-1.12468;-0.597875;
-1.54107;1.4438;17.9214;-1.16815;-0.680255;
-1.36776;1.73306;17.7784;-1.43023;-0.689957;
-1.19978;1.67985;17.6904;-0.879954;-0.482529;
-1.02359;1.7619;17.6032;-0.871652;-0.459417;
-0.845047;1.78539;17.5159;-0.873495;-0.455006;
-0.671232;1.73815;17.4117;-1.04146;-0.539812;
-0.486503;1.84728;17.2802;-1.3147;-0.618532;
-0.323018;1.63486;17.1633;-1.16912;-0.620802;
-0.153877;1.69141;17.0463;-1.17008;-0.605188;
0.00187882;1.55756;16.9257;-1.20606;-0.658888;
0.159768;1.5789;16.8082;-1.17553;-0.639987;
0.328122;1.68354;16.6833;-1.24879;-0.638209;
0.490873;1.62751;16.5638;-1.19516;-0.633411;
0.666629;1.75756;16.4333;-1.30428;-0.638424;
0.827608;1.60978;16.314;-1.19383;-0.638112;
0.994752;1.67144;16.2156;-0.983148;-0.5317;
1.19535;2.00599;16.1174;-0.98294;-0.455618;
1.3662;1.70847;16.0244;-0.929931;-0.49846;
1.54794;1.81743;15.9223;-1.02057;-0.511666;
1.705;1.57062;15.8451;-0.772121;-0.456907;
1.88703;1.82024;15.7721;-0.729528;-0.381185;
2.07721;1.90182;15.6969;-0.752659;-0.376843;
2.25459;1.77377;15.6413;-0.555983;-0.303747;
2.44521;1.90626;15.5587;-0.826185;-0.40897;
2.62316;1.77947;15.4869;-0.717653;-0.383344;
2.84446;2.21297;15.4039;-0.829527;-0.358637;
3.03212;1.87667;15.3338;-0.701551;-0.357743;
3.2205;1.88372;15.263;-0.707603;-0.359333;
3.416;1.95509;15.1939;-0.691564;-0.339989;
3.60758;1.91578;15.1058;-0.880772;-0.430928;
3.78939;1.81808;15.0227;-0.830862;-0.42866;
3.96379;1.74397;14.9425;-0.802482;-0.431259;
4.14666;1.82877;14.8593;-0.831367;-0.426676;
4.33395;1.87281;14.7994;-0.599255;-0.309682;
4.52006;1.86111;14.7356;-0.638176;-0.330337;
4.70073;1.80677;14.6788;-0.567581;-0.304379;
4.89976;1.99031;14.6157;-0.630974;-0.307;
5.0946;1.94838;14.544;-0.7169;-0.352574;
5.26679;1.72185;14.4641;-0.799688;-0.434794;
5.44307;1.76288;14.3907;-0.733682;-0.39438;
5.63496;1.91884;14.3171;-0.735972;-0.366245;
5.8218;1.86845;14.2453;-0.717931;-0.366846;
5.99604;1.7424;14.1688;-0.765331;-0.41387;
6.17736;1.8132;14.0975;-0.712234;-0.374288;
6.3665;1.89136;14.0227;-0.748753;-0.37695;
6.55432;1.87818;13.9425;-0.802028;-0.403584;
6.75444;2.00124;13.8558;-0.866244;-0.408503;
6.94274;1.88299;13.7903;-0.655346;-0.334923;
7.1217;1.78958;13.7361;-0.541931;-0.294048;
7.33133;2.09632;13.6792;-0.568942;-0.265017;
7.52313;1.91803;13.621;-0.582507;-0.294849;
7.72303;1.999;13.5647;-0.562342;-0.274224;
7.90381;1.80776;13.5159;-0.488155;-0.263742;
8.07456;1.70751;13.4509;-0.64992;-0.363692;
8.26743;1.92871;13.3701;-0.808529;-0.396954;
8.44992;1.82489;13.294;-0.760659;-0.394926;
8.63709;1.87172;13.2223;-0.716731;-0.365702;
8.82814;1.91048;13.1486;-0.737866;-0.36857;
9.01365;1.85509;13.0762;-0.723297;-0.371767;
9.20429;1.90634;13.0067;-0.69507;-0.34963;
9.39005;1.85766;12.9518;-0.549518;-0.28761;
9.56886;1.78805;12.9014;-0.50347;-0.274468;
9.7541;1.85242;12.84;-0.6139;-0.320014;
9.9442;1.90105;12.7736;-0.663781;-0.335931;
10.1354;1.91179;12.7126;-0.610799;-0.309241;
10.2995;1.64166;12.6444;-0.681484;-0.393472;
10.4754;1.75846;12.5692;-0.752271;-0.404241;
10.658;1.82573;12.4878;-0.814408;-0.419583;
10.8388;1.80859;12.4075;-0.802203;-0.417478;
11.0334;1.94619;12.3198;-0.87756;-0.423612;
11.231;1.97569;12.2299;-0.899075;-0.427061;
11.4122;1.81197;12.1491;-0.807481;-0.41922;
11.6004;1.88173;12.0699;-0.792538;-0.398627;
11.7808;1.80365;11.9869;-0.829821;-0.431203;
11.9557;1.74972;11.8962;-0.906822;-0.478155;
12.1331;1.77398;11.8038;-0.924138;-0.480259;
12.3131;1.80018;11.7135;-0.902826;-0.464863;
12.4981;1.85007;11.6282;-0.853215;-0.432112;
12.6935;1.95336;11.5442;-0.840306;-0.406255;
12.8774;1.83908;11.4604;-0.837581;-0.427365;
13.0717;1.94343;11.3613;-0.990698;-0.471432;
13.2503;1.78536;11.2707;-0.906048;-0.469619;
13.4345;1.8419;11.1868;-0.839543;-0.427668;
13.6121;1.77592;11.0864;-1.0036;-0.514372;
13.7768;1.64763;10.9986;-0.878227;-0.489718;
13.945;1.68177;10.8818;-1.16741;-0.606793;
14.1081;1.63118;10.7639;-1.17959;-0.626095;
14.2791;1.71011;10.6436;-1.20328;-0.613158;
14.4391;1.59944;10.5281;-1.15423;-0.625106;
14.6188;1.79717;10.4006;-1.27501;-0.617042;
14.7967;1.77936;10.2852;-1.15456;-0.575577;
14.9647;1.68032;10.1742;-1.10968;-0.58365;
15.1392;1.74474;10.0529;-1.21306;-0.607544;
15.3075;1.68315;9.92743;-1.25469;-0.640575;
15.4698;1.62271;9.80313;-1.24305;-0.653683;
15.63;1.60211;9.67622;-1.26913;-0.669943;
15.7911;1.61071;9.5649;-1.11318;-0.604735;
15.9474;1.56311;9.45189;-1.13006;-0.625969;
16.11;1.62639;9.33493;-1.16964;-0.623472;
16.2773;1.67236;9.22253;-1.12396;-0.59174;
16.4486;1.71333;9.09766;-1.2487;-0.629803;
16.6053;1.56665;8.98781;-1.09855;-0.611536;
16.7638;1.58545;8.87732;-1.10482;-0.608605;
16.9371;1.73243;8.7675;-1.09829;-0.565017;
17.1098;1.72772;8.64944;-1.18055;-0.599428;
17.2762;1.66342;8.53442;-1.15021;-0.604982;
17.4326;1.56459;8.4246;-1.09823;-0.612017;
17.6047;1.72016;8.30749;-1.17102;-0.597696;
17.7726;1.67936;8.18744;-1.20051;-0.62063;
17.9411;1.68484;8.08515;-1.02289;-0.545635;
18.1083;1.67271;7.97594;-1.09218;-0.578439;
18.2943;1.86002;7.85653;-1.19405;-0.570701;
18.4616;1.67303;7.74984;-1.06691;-0.567687;
18.6305;1.68873;7.64237;-1.07471;-0.566755;
18.8028;1.7232;7.5356;-1.06767;-0.554698;
18.9758;1.72968;7.42799;-1.07617;-0.556569;
19.1458;1.70007;7.32301;-1.04977;-0.553176;
19.3041;1.58257;7.20669;-1.16323;-0.63385;
19.4692;1.65126;7.09263;-1.14053;-0.604458;
19.6337;1.64481;6.97772;-1.1491;-0.609799;
19.794;1.6033;6.86591;-1.11816;-0.608985;
19.9625;1.6846;6.7567;-1.0921;-0.57517;
20.1379;1.75382;6.63644;-1.20257;-0.601054;
20.2936;1.5575;6.52242;-1.14023;-0.631941;
20.4709;1.77301;6.40556;-1.1686;-0.582752;
20.6551;1.84172;6.31171;-0.938442;-0.471256;
20.8448;1.89735;6.23472;-0.769944;-0.385496;
21.031;1.86229;6.15863;-0.76088;-0.387875;
21.2168;1.85744;6.08183;-0.767965;-0.392051;
21.4032;1.86424;6.0043;-0.775337;-0.394138;
21.5939;1.90687;5.9513;-0.530029;-0.271114;
21.7825;1.88628;5.89306;-0.582378;-0.29946;
21.9886;2.06053;5.81679;-0.762729;-0.354521;
22.1644;1.75872;5.77393;-0.428563;-0.239021;
22.354;1.89589;5.7134;-0.605261;-0.309021;
22.5454;1.9139;5.65401;-0.59392;-0.300897;
22.7387;1.93313;5.58357;-0.704432;-0.349445;
22.9465;2.07794;5.51067;-0.728975;-0.337401;
23.1242;1.77709;5.44319;-0.674844;-0.362926;
23.2953;1.71058;5.3863;-0.568853;-0.321046;
23.4799;1.84552;5.32651;-0.597908;-0.313307;
23.6712;1.91326;5.2623;-0.64206;-0.323776;
23.8513;1.80144;5.18647;-0.758318;-0.398435;
24.0357;1.84392;5.11694;-0.695297;-0.360589;
24.216;1.80295;5.044;-0.729409;-0.384436;
24.396;1.79995;4.95969;-0.843109;-0.438055;
24.5468;1.50814;4.86924;-0.904542;-0.540253;
24.7367;1.89862;4.77827;-0.909674;-0.446808;
24.8889;1.52247;4.67949;-0.98776;-0.575524;
25.0576;1.6872;4.5732;-1.0629;-0.56217;
25.226;1.68375;4.45761;-1.1559;-0.60161;
25.3905;1.64431;4.34458;-1.13034;-0.602237;
25.5453;1.54824;4.23677;-1.07814;-0.608282;
25.7083;1.63019;4.12281;-1.13955;-0.610073;
25.8747;1.66456;3.9905;-1.32315;-0.671621;
26.0313;1.56565;3.86635;-1.24144;-0.670412;
26.1731;1.41799;3.74134;-1.25012;-0.722562;
26.3119;1.38774;3.62606;-1.15278;-0.693178;
26.46;1.48089;3.50492;-1.2114;-0.685632;
26.6164;1.56451;3.37783;-1.27087;-0.682203;
26.7724;1.55929;3.24711;-1.30726;-0.697706;
26.8971;1.24775;3.1036;-1.43503;-0.855093;
27.0109;1.13816;2.94585;-1.57757;-0.945813;
27.1351;1.2416;2.783;-1.62845;-0.919377;
27.255;1.19847;2.64803;-1.34974;-0.844691;
27.3885;1.33573;2.50001;-1.48014;-0.836637;
27.5143;1.25759;2.34026;-1.59755;-0.903909;
27.6346;1.20279;2.19913;-1.41132;-0.864998;
27.7635;1.28937;2.04635;-1.52774;-0.869815;
27.8866;1.23128;1.90564;-1.40716;-0.851962;
28.0181;1.31496;1.75191;-1.53723;-0.863171;
28.139;1.20837;1.59585;-1.56066;-0.911942;
28.2513;1.12313;1.43673;-1.59117;-0.956154;
28.3679;1.16604;1.26999;-1.66743;-0.960535;
28.4882;1.20352;1.10783;-1.62159;-0.932318;
28.6078;1.19539;0.946832;-1.60997;-0.932117;
28.7091;1.01326;0.780309;-1.66524;-1.02417;
28.8095;1.00424;0.59761;-1.82699;-1.06821;
28.9099;1.00333;0.428583;-1.69026;-1.0351;
29.0149;1.04996;0.243021;-1.85562;-1.05588;
29.1082;0.933483;0.0621737;-1.80848;-1.0943;
29.2004;0.92203;-0.114226;-1.76399;-1.08916;
29.3017;1.01254;-0.290467;-1.76242;-1.04933;
29.4026;1.00955;-0.463821;-1.73354;-1.04345;
29.5032;1.00546;-0.636225;-1.72403;-1.04282;
29.6261;1.22916;-0.800355;-1.6413;-0.928005;
29.7503;1.24244;-0.97369;-1.73335;-0.948893;
29.8347;0.84339;-1.13135;-1.57658;-1.07958;
29.9256;0.909922;-1.28871;-1.57365;-1.04654;

-29.9797;0.946749;-1.45875;-1.70041;-1.06277;
-29.8864;0.932258;-1.62743;-1.6868;-1.0659;
-29.768;1.18477;-1.82209;-1.9466;-1.02405;
-29.6645;1.03493;-1.99279;-1.70696;-1.02576;
-29.5544;1.10105;-2.17339;-1.806;-1.0233;
-29.4671;0.873236;-2.32824;-1.54853;-1.05733;
-29.3567;1.10382;-2.52848;-2.0024;-1.067;
-29.2536;1.03028;-2.68962;-1.61141;-1.00194;
-29.1345;1.19128;-2.8393;-1.49678;-0.898565;
-28.9991;1.35417;-2.99411;-1.54807;-0.852109;
-28.8705;1.28582;-3.13614;-1.42034;-0.835066;
-28.7453;1.2517;-3.27196;-1.35813;-0.826154;
-28.6124;1.32959;-3.42801;-1.56053;-0.865134;
-28.4859;1.2653;-3.57229;-1.44278;-0.850841;
-28.3527;1.33193;-3.72399;-1.51702;-0.850275;
-28.201;1.51675;-3.85799;-1.34001;-0.723609;
-28.0451;1.55877;-3.98486;-1.26866;-0.683148;
-27.8773;1.67852;-4.11414;-1.29285;-0.656323;
-27.7134;1.63887;-4.24185;-1.27707;-0.661951;
-27.5569;1.56505;-4.36409;-1.22246;-0.66311;
-27.3966;1.60305;-4.48633;-1.22241;-0.651488;
-27.2491;1.47501;-4.61314;-1.2681;-0.710111;
-27.1055;1.43511;-4.74466;-1.31514;-0.741804;
-26.9606;1.44989;-4.87114;-1.26484;-0.717337;
-26.7798;1.80729;-4.99577;-1.24623;-0.603683;
-26.6132;1.66639;-5.13644;-1.40677;-0.701117;
-26.4509;1.6225;-5.26698;-1.30534;-0.677495;
-26.313;1.37891;-5.39359;-1.26612;-0.742781;
-26.163;1.50055;-5.53349;-1.39905;-0.750407;
-26.0225;1.40454;-5.65732;-1.23826;-0.722561;
-25.8809;1.4165;-5.78645;-1.29133;-0.739209;
-25.7393;1.41613;-5.91037;-1.23913;-0.718836;
-25.5938;1.45466;-6.0599;-1.49535;-0.799191;
-25.4605;1.33303;-6.20529;-1.45392;-0.828749;
-25.326;1.3446;-6.3513;-1.46002;-0.826526;
-25.1864;1.39654;-6.49827;-1.46977;-0.810942;
-25.0434;1.42976;-6.62438;-1.26112;-0.722809;
-24.9063;1.3713;-6.75718;-1.32793;-0.769335;
-24.762;1.44334;-6.89049;-1.33315;-0.745734;
-24.6094;1.52559;-7.02248;-1.31985;-0.713216;
-24.4618;1.47608;-7.14921;-1.2673;-0.709443;
-24.3197;1.42108;-7.26994;-1.20729;-0.704237;
-24.1836;1.36038;-7.40284;-1.32906;-0.773754;
-24.047;1.36596;-7.53669;-1.33847;-0.775234;
-23.9031;1.43943;-7.65342;-1.1673;-0.681378;
-23.7387;1.64434;-7.77301;-1.19593;-0.628817;
-23.5479;1.90777;-7.89054;-1.17527;-0.552133;
-23.3745;1.73439;-7.99396;-1.0342;-0.537689;
-23.1999;1.74587;-8.09456;-1.00599;-0.522746;
-23.0191;1.80786;-8.19715;-1.02586;-0.516138;
-22.843;1.76085;-8.29423;-0.970828;-0.503871;
-22.6697;1.73306;-8.39235;-0.981191;-0.515166;
-22.4978;1.71927;-8.4948;-1.02456;-0.53742;
-22.3157;1.82045;-8.59355;-0.987494;-0.497024;
-22.1493;1.66445;-8.69281;-0.992611;-0.537739;
-21.9817;1.6758;-8.80034;-1.07521;-0.570455;
-21.8064;1.75264;-8.91386;-1.13521;-0.574767;
-21.6444;1.62041;-9.01818;-1.04324;-0.572013;
-21.4766;1.67794;-9.12177;-1.03593;-0.553102;
-21.3096;1.67007;-9.21992;-0.981444;-0.5313;
-21.1402;1.69344;-9.30675;-0.86835;-0.473814;
-20.9592;1.81041;-9.40305;-0.962963;-0.488843;
-20.7847;1.74495;-9.49922;-0.961657;-0.503693;
-20.5991;1.85641;-9.61286;-1.13648;-0.549335;
-20.4203;1.78726;-9.71902;-1.06156;-0.535968;
-20.2554;1.64953;-9.82417;-1.05145;-0.567485;
-20.0872;1.6823;-9.93072;-1.0656;-0.564629;
-19.9197;1.67451;-10.035;-1.04318;-0.557145;
-19.7651;1.54619;-10.1211;-0.860542;-0.507864;
-19.5868;1.78303;-10.2179;-0.967606;-0.497202;
-19.4174;1.69355;-10.3048;-0.869335;-0.474247;
-19.1907;2.26681;-10.3877;-0.828986;-0.350597;
-18.9805;2.10292;-10.4644;-0.767061;-0.349764;
-18.762;2.18419;-10.4951;-0.307409;-0.139824;
-18.5592;2.02828;-10.514;-0.188828;-0.0928297;
-18.349;2.10209;-10.5294;-0.153866;-0.0730666;
-18.147;2.0196;-10.5497;-0.202651;-0.100008;
-17.9559;1.91155;-10.5698;-0.201311;-0.104927;
-17.7424;2.13486;-10.5897;-0.199194;-0.0930358;
-17.5384;2.04;-10.6149;-0.25147;-0.122651;
-17.3368;2.01563;-10.638;-0.231685;-0.114442;
-17.1215;2.1534;-10.641;-0.0291665;-0.0135436;
-16.9267;1.94779;-10.6482;-0.0728141;-0.0373655;
-16.7278;1.98937;-10.6448;0.0341778;0.0171785;
-16.5285;1.99304;-10.643;0.0184759;0.00926995;
-16.3241;2.04389;-10.6341;0.0882343;0.0431431;
-16.1262;1.97877;-10.6126;0.215805;0.108631;
-15.9274;1.98804;-10.591;0.216091;0.108271;
-15.7502;1.7719;-10.5575;0.334408;0.186535;
-15.5491;2.01091;-10.5029;0.546297;0.265265;
-15.3563;1.92799;-10.4583;0.446025;0.227343;
-15.1636;1.9268;-10.4137;0.445465;0.227203;
-14.958;2.056;-10.3742;0.395331;0.189963;
-14.7597;1.98358;-10.3307;0.43526;0.216008;
-14.5707;1.88968;-10.2811;0.49602;0.256698;
