#1 AntPos X	#2 AntVel X	#3 AntPos Y	#4 AntVel Y	#5 AntAngle	
4.82822;-1.66764;-13.514;1.08456;2.56497;
4.64344;-1.84789;-13.4026;1.1134;2.59932;
4.46854;-1.74897;-13.2919;1.10702;2.57729;
4.28098;-1.87562;-13.192;0.999719;2.65189;
4.12596;-1.55015;-13.0935;0.985043;2.57551;
3.95543;-1.70535;-12.9778;1.15639;2.54572;
3.77493;-1.80492;-12.8609;1.16937;2.56671;
3.60248;-1.72453;-12.7387;1.22202;2.52511;
3.43305;-1.6943;-12.6225;1.16177;2.54053;
3.26863;-1.64426;-12.51;1.12497;2.54156;
3.09637;-1.72251;-12.3916;1.1839;2.53943;
2.9271;-1.69277;-12.2809;1.10729;2.56232;
2.76545;-1.61644;-12.172;1.08936;2.54858;
2.59525;-1.70202;-12.0564;1.15583;2.54504;
2.42958;-1.65674;-11.9443;1.12043;2.54696;
2.264;-1.65574;-11.8178;1.26563;2.48895;
2.10687;-1.57131;-11.699;1.18813;2.49417;
1.94824;-1.58632;-11.5829;1.16048;2.51;
1.79258;-1.55664;-11.4667;1.16218;2.50027;
1.64317;-1.49405;-11.3564;1.10291;2.50568;
1.49218;-1.50996;-11.2764;0.800215;2.65427;
1.30977;-1.82406;-11.1895;0.868738;2.69711;
1.13282;-1.76954;-11.0995;0.899959;2.6711;
0.973913;-1.58903;-11.0006;0.989304;2.58473;
0.805335;-1.68578;-10.8931;1.07501;2.57392;
0.636859;-1.68475;-10.7854;1.07669;2.57293;
0.500516;-1.36343;-10.6818;1.03576;2.49193;
0.332161;-1.68355;-10.5586;1.23213;2.5098;
0.167034;-1.65126;-10.4377;1.20913;2.50955;
0.00389275;-1.63142;-10.3164;1.21303;2.50224;
-0.152527;-1.5642;-10.2103;1.06087;2.54564;
-0.310935;-1.58408;-10.0863;1.23985;2.47749;
-0.463674;-1.52739;-9.95471;1.31625;2.43031;
-0.621749;-1.58075;-9.82551;1.29203;2.45636;
-0.776622;-1.54873;-9.69905;1.26465;2.45683;
-0.932509;-1.55887;-9.57207;1.26973;2.45806;
-1.08594;-1.53431;-9.44764;1.24434;2.46018;
-1.24126;-1.55316;-9.32484;1.22801;2.47258;
-1.39781;-1.56551;-9.20835;1.16488;2.50189;
-1.56345;-1.65644;-9.08784;1.20512;2.51262;
-1.70684;-1.43393;-8.97096;1.16882;2.4577;
-1.85469;-1.47847;-8.83761;1.33343;2.40773;
-2.01681;-1.62115;-8.70874;1.28874;2.46994;
-2.16352;-1.46713;-8.59615;1.12593;2.48703;
-2.31691;-1.53396;-8.47811;1.1804;2.48572;
-2.47314;-1.56227;-8.35678;1.21326;2.48128;
-2.62988;-1.56738;-8.2374;1.19383;2.49066;
-2.78402;-1.54145;-8.12461;1.12792;2.50989;
-2.94863;-1.64607;-8.01188;1.1273;2.54111;
-3.11218;-1.63551;-7.89823;1.13648;2.53431;
-3.27899;-1.66812;-7.77987;1.18356;2.52451;
-3.44142;-1.62423;-7.66352;1.16349;2.51999;
-3.6116;-1.70179;-7.54744;1.16084;2.54296;
-3.7751;-1.635;-7.43377;1.13671;2.53407;
-3.92003;-1.44936;-7.31131;1.22457;2.44006;
-4.09584;-1.7581;-7.17983;1.31481;2.49946;
-4.25542;-1.59579;-7.06037;1.19457;2.49901;
-4.40634;-1.50922;-6.94384;1.1653;2.48408;
-4.54865;-1.42302;-6.79835;1.45491;2.34511;
-4.68427;-1.35625;-6.65302;1.45328;2.32167;
-4.82339;-1.39114;-6.48794;1.65084;2.27103;
-4.95488;-1.31497;-6.3241;1.63843;2.24711;
-5.08425;-1.29362;-6.18276;1.41339;2.31198;
-5.22097;-1.36725;-6.03163;1.51128;2.3062;
-5.35482;-1.3385;-5.88434;1.47292;2.30842;
-5.50442;-1.49596;-5.72804;1.56299;2.33428;
-5.63621;-1.31791;-5.57163;1.56411;2.27097;
-5.77575;-1.39539;-5.41309;1.58538;2.29254;
-5.91676;-1.41012;-5.23396;1.79129;2.23769;
-6.03597;-1.19213;-5.09719;1.36771;2.28771;
-6.18155;-1.45581;-4.93926;1.57925;2.31555;
-6.32061;-1.39059;-4.82735;1.11915;2.46393;
-6.46224;-1.41626;-4.70423;1.23115;2.426;
-6.58479;-1.22552;-4.56327;1.40964;2.28644;
-6.71985;-1.3506;-4.4013;1.61973;2.26583;
-6.82735;-1.07498;-4.24357;1.57724;2.16904;
-6.93796;-1.10616;-4.07916;1.64414;2.16302;
-7.05222;-1.14252;-3.91417;1.64987;2.17647;
-7.18237;-1.30152;-3.74736;1.6681;2.23337;
-7.28686;-1.04492;-3.56723;1.80129;2.09645;
-7.38074;-0.938786;-3.39338;1.73848;2.06593;
-7.45432;-0.735871;-3.21976;1.73623;1.97168;
-7.52145;-0.67123;-3.05551;1.64249;1.95875;
-7.58106;-0.596155;-2.86785;1.87667;1.87838;
-7.64749;-0.664312;-2.69627;1.7158;1.9402;
-7.71656;-0.690672;-2.50981;1.86461;1.92554;
-7.80167;-0.851139;-2.31169;1.98117;1.97657;
-7.89212;-0.904448;-2.10835;2.03335;1.98932;
-7.97298;-0.808584;-1.93622;1.72138;2.00994;
-8.03996;-0.66978;-1.74603;1.90185;1.90941;
-8.12116;-0.812036;-1.56521;1.80817;1.9929;
-8.19777;-0.766128;-1.38208;1.83134;1.96701;
-8.29352;-0.957457;-1.18685;1.9523;2.02676;
-8.38213;-0.886075;-1.01638;1.70473;2.05014;
-8.46814;-0.860154;-0.85935;1.57027;2.07193;
-8.55459;-0.864535;-0.691635;1.67715;2.04675;
-8.65986;-1.05262;-0.522866;1.68769;2.12847;
-8.74858;-0.887236;-0.366418;1.56448;2.08668;
-8.84565;-0.970667;-0.186803;1.79615;2.06625;
-8.93945;-0.938064;-0.0126665;1.74137;2.06492;
-9.03693;-0.974752;0.173325;1.85992;2.05352;
-9.11705;-0.801254;0.354624;1.81299;1.98694;
-9.20899;-0.919398;0.568746;2.14121;1.97637;
-9.28649;-0.774923;0.756071;1.87325;1.96304;
-9.34314;-0.566544;0.94571;1.8964;1.8611;
-9.42187;-0.787297;1.13254;1.8683;1.96961;
-9.49557;-0.736991;1.31843;1.85886;1.94826;
-9.56588;-0.703118;1.50071;1.82287;1.93893;
-9.63185;-0.6597;1.68567;1.84956;1.91341;
-9.69911;-0.672565;1.8729;1.87229;1.91566;
-9.75592;-0.568097;2.04304;1.70143;1.89305;
-9.82262;-0.667021;2.2458;2.02756;1.88862;
-9.89919;-0.765702;2.44122;1.95423;1.94423;
-9.95482;-0.556287;2.63071;1.89486;1.85635;
-10.0013;-0.46443;2.81802;1.8731;1.81384;
-10.0584;-0.570959;3.01957;2.01557;1.84684;
-10.1212;-0.628712;3.21733;1.97758;1.87861;
-10.1799;-0.587054;3.41772;2.0039;1.85578;
-10.2354;-0.555113;3.61848;2.0076;1.84056;
-10.2876;-0.521132;3.81412;1.95638;1.83113;
-10.3425;-0.549736;4.00204;1.87919;1.85539;
-10.4149;-0.724064;4.21636;2.14319;1.8966;
-10.4802;-0.652774;4.41074;1.94383;1.89478;
-10.5309;-0.506954;4.59807;1.87328;1.83509;
-10.5666;-0.357106;4.79875;2.00684;1.7469;
-10.6124;-0.457857;4.99341;1.94663;1.8018;
-10.666;-0.535849;5.16864;1.75225;1.86757;
-10.7235;-0.575458;5.3651;1.96459;1.85574;
-10.794;-0.705023;5.57716;2.12063;1.89176;
-10.8482;-0.541783;5.76153;1.84366;1.85661;
-10.9047;-0.564794;5.94546;1.83936;1.86872;
-10.9729;-0.681862;6.13499;1.89527;1.91615;
-11.067;-0.941201;6.31493;1.79945;2.05271;
-11.1578;-0.908148;6.4937;1.78762;2.04084;
-11.2454;-0.875691;6.6599;1.66202;2.05572;
-11.3474;-1.02028;6.84056;1.80663;2.08489;
-11.442;-0.945721;7.02846;1.87903;2.03708;
-11.5234;-0.813862;7.20256;1.74096;2.00809;
-11.6026;-0.792553;7.40196;1.99396;1.94913;
-11.6725;-0.698233;7.57063;1.68676;1.96327;
-11.7458;-0.733309;7.78582;2.15185;1.89923;
-11.8147;-0.68938;7.96132;1.75503;1.94508;
-11.8875;-0.727824;8.14445;1.83133;1.94909;
-11.9783;-0.907524;8.35352;2.09063;1.98034;
-12.0455;-0.672169;8.52431;1.70794;1.94574;
-12.1182;-0.727356;8.7107;1.8639;1.94286;
-12.1946;-0.764353;8.87462;1.63917;2.00713;
-12.2866;-0.919166;9.06627;1.91656;2.01798;
-12.3665;-0.799188;9.21835;1.52076;2.05465;
-12.457;-0.905602;9.39814;1.79788;2.0374;
-12.5473;-0.902786;9.57731;1.79179;2.03752;
-12.6229;-0.755869;9.75006;1.72747;1.98326;
-12.7022;-0.792903;9.9354;1.85337;1.97505;
-12.7679;-0.656731;10.1217;1.86346;1.90963;
-12.8396;-0.717191;10.3162;1.945;1.92406;
-12.9076;-0.680368;10.5062;1.8993;1.91478;
-12.9726;-0.649891;10.6837;1.77511;1.92175;
-13.0368;-0.642255;10.8678;1.84119;1.90642;
-13.1054;-0.685326;11.0547;1.86916;1.92223;
-13.1745;-0.691537;11.2447;1.90016;1.91983;
-13.2438;-0.692404;11.429;1.8428;1.93021;
-13.2962;-0.524021;11.6153;1.86245;1.84507;
-13.354;-0.577879;11.8058;1.90515;1.8653;
-13.4063;-0.522967;11.9994;1.93615;1.83461;
-13.442;-0.357768;12.1959;1.96533;1.75086;
-13.4568;-0.148096;12.4056;2.09699;1.6413;
-13.4688;-0.119494;12.6119;2.06266;1.62866;
-13.4907;-0.218641;12.8092;1.97307;1.68116;
-13.5026;-0.119176;13.0186;2.09365;1.62766;
-13.5142;-0.116084;13.2181;1.99521;1.62891;
-13.53;-0.158643;13.4209;2.0286;1.64884;
-13.5461;-0.161016;13.6202;1.99227;1.65144;
-13.5515;-0.0540048;13.8325;2.12284;1.59623;
-13.5526;-0.0102809;14.0261;1.93612;1.57611;
-13.5494;0.0320554;14.2319;2.05874;1.55523;
-13.5382;0.111348;14.4308;1.98856;1.51486;
-13.5162;0.220519;14.6246;1.93801;1.4575;
-13.4788;0.3737;14.8184;1.93778;1.38029;
-13.4616;0.172358;15.023;2.0459;1.48675;
-13.4428;0.187591;15.2212;1.98208;1.47643;
-13.4245;0.183214;15.4088;1.87673;1.47348;
-13.4169;0.0758033;15.596;1.87189;1.53032;
-13.4064;0.104981;15.7974;2.01319;1.5187;
-13.395;0.114569;15.9794;1.82008;1.50793;
-13.3819;0.130276;16.1779;1.98587;1.50529;
-13.3748;0.0715932;16.3658;1.87862;1.53271;
-13.3746;0.00216729;16.5693;2.03494;1.56973;
-13.4102;-0.356241;16.7596;1.90322;1.75583;
-13.4554;-0.451868;16.9537;1.94058;1.79957;
-13.5136;-0.582591;17.1619;2.08223;1.84361;
-13.5677;-0.541173;17.3555;1.93622;1.84334;
-13.6172;-0.494858;17.5448;1.89253;1.82655;
-13.6591;-0.419073;17.7185;1.73703;1.80753;
-13.6981;-0.389936;17.9205;2.02038;1.76145;
-13.7103;-0.121462;18.0879;1.67412;1.64322;
-13.7078;0.0243953;18.3005;2.1261;1.55932;
-13.7059;0.0194185;18.4969;1.96327;1.56091;
-13.7062;-0.00297529;18.699;2.02081;1.57227;
-13.7052;0.00991346;18.884;1.85014;1.56544;
-13.6971;0.0809785;19.0916;2.07623;1.53181;
-13.6724;0.247404;19.2973;2.05738;1.45112;
-13.6504;0.219269;19.5008;2.03477;1.46345;
-13.6401;0.102907;19.6949;1.94054;1.51782;
-13.6345;0.056796;19.8976;2.02775;1.54279;
-13.6323;0.0212643;20.1075;2.09837;1.56066;
-13.5989;0.334115;20.31;2.02562;1.40732;
-13.5761;0.228209;20.5031;1.93112;1.45317;
-13.5603;0.158472;20.7036;2.00431;1.49189;
-13.5363;0.239435;20.9102;2.06609;1.45542;
-13.5244;0.118689;21.0977;1.87488;1.50758;
-13.5104;0.14058;21.2916;1.93893;1.49842;
-13.4818;0.285826;21.5129;2.21301;1.44235;
-13.4577;0.241378;21.7194;2.06505;1.45444;
-13.419;0.386518;21.9362;2.1681;1.39437;
-13.3969;0.220761;22.1452;2.0906;1.46559;
-13.3822;0.147168;22.3435;1.9821;1.49668;
-13.3755;0.0669824;22.518;1.7455;1.53244;
-13.3695;0.0598585;22.7147;1.9672;1.54038;
-13.3637;0.0587059;22.9144;1.9965;1.5414;
-13.3762;-0.125578;23.1248;2.10383;1.63042;
-13.3841;-0.0789238;23.3278;2.03089;1.60964;
-13.3998;-0.15633;23.5469;2.19042;1.64205;
-13.399;0.00703896;23.7489;2.02061;1.56731;
-13.3853;0.137259;23.9289;1.79985;1.49468;
-13.3596;0.256977;24.1219;1.9294;1.43839;
-13.353;0.0662815;24.316;1.94159;1.53667;
-13.3439;0.0909597;24.5219;2.05833;1.52663;
-13.3354;0.0851887;24.7211;1.99218;1.52806;
-13.3461;-0.107498;24.9344;2.13332;1.62114;
-13.3521;-0.0593954;25.1347;2.00274;1.60044;
-13.3557;-0.0358151;25.3299;1.95201;1.58914;
-13.3649;-0.0925307;25.5262;1.96357;1.61789;
-13.3726;-0.0772028;25.7281;2.01853;1.60902;
-13.3789;-0.0630735;25.927;1.98905;1.6025;
-13.3847;-0.0572929;26.1271;2.001;1.59942;
-13.3923;-0.0762868;26.328;2.00884;1.60875;
-13.4073;-0.150351;26.5222;1.94203;1.64806;
-13.4358;-0.284547;26.6949;1.72664;1.73413;
-13.4585;-0.227687;26.8788;1.83965;1.69394;
-13.4612;-0.0267583;27.066;1.87221;1.58509;
-13.4867;-0.254518;27.2769;2.10904;1.6909;
-13.5209;-0.341783;27.4482;1.7125;1.76779;
-13.5587;-0.378908;27.6359;1.87718;1.76997;
-13.6158;-0.57059;27.8416;2.05651;1.84144;
-13.6512;-0.35416;28.0523;2.10743;1.73729;
-13.7084;-0.572246;28.2543;2.02028;1.84682;
-13.7387;-0.302179;28.4298;1.75453;1.74135;
-13.7714;-0.326929;28.6372;2.07385;1.72715;
-13.8047;-0.333385;28.8153;1.78165;1.75578;
-13.847;-0.423363;29.0155;2.0017;1.77923;
-13.8715;-0.244218;29.206;1.90463;1.69832;
-13.8983;-0.268704;29.4071;2.01083;1.70364;
-13.934;-0.356857;29.6109;2.03864;1.74409;
-13.9777;-0.43704;29.8157;2.04775;1.78107;

-14.0182;-0.405189;-29.9877;1.96625;1.77402;
-14.0543;-0.360756;-29.7817;2.06004;1.74416;
-14.0907;-0.364233;-29.5849;1.96809;1.7538;
-14.1223;-0.316154;-29.3964;1.88435;1.73703;
-14.1637;-0.413899;-29.2029;1.93546;1.78147;
-14.2045;-0.407602;-29.0037;1.99236;1.77259;
-14.241;-0.364942;-28.8039;1.99721;1.75153;
-14.2676;-0.266492;-28.6069;1.97051;1.70522;
-14.2947;-0.2707;-28.4083;1.98623;1.70625;
-14.3311;-0.363479;-28.1957;2.12509;1.7402;
-14.3652;-0.341109;-27.9899;2.05804;1.73505;
-14.4059;-0.407463;-27.7985;1.91464;1.78048;
-14.4505;-0.445415;-27.6043;1.9413;1.79633;
-14.4526;-0.0215876;-27.3983;2.06075;1.58127;
-14.4681;-0.154548;-27.2209;1.77383;1.6577;
-14.4895;-0.213886;-27.0246;1.96322;1.67932;
-14.5103;-0.208063;-26.8266;1.98003;1.67549;
-14.5328;-0.224933;-26.6233;2.03224;1.68103;
-14.5547;-0.21976;-26.4259;1.97485;1.68162;
-14.5744;-0.196713;-26.2312;1.94647;1.67152;
-14.5608;0.136112;-26.0239;2.0726;1.50522;
-14.5573;0.0344813;-25.8172;2.06747;1.55412;
-14.5534;0.0396762;-25.6178;1.99395;1.5509;
-14.5487;0.0471061;-25.4171;2.00725;1.54733;
-14.5518;-0.0311286;-25.219;1.98108;1.58651;
-14.5552;-0.0341325;-25.0041;2.14884;1.58668;
-14.562;-0.0677733;-24.8203;1.83776;1.60766;
-14.5777;-0.15777;-24.6238;1.96469;1.65093;
-14.5941;-0.163206;-24.4253;1.98542;1.65281;
-14.6053;-0.112551;-24.2203;2.04958;1.62566;
-14.6159;-0.105274;-24.0292;1.91106;1.62583;
-14.6359;-0.200225;-23.842;1.87217;1.67734;
-14.6617;-0.258468;-23.6396;2.02441;1.69778;
-14.6916;-0.298351;-23.423;2.16619;1.70767;
-14.7377;-0.461188;-23.2204;2.02522;1.7947;
-14.7796;-0.418825;-23.0448;1.75612;1.80492;
-14.8237;-0.441427;-22.8532;1.91648;1.79718;
-14.8744;-0.506774;-22.6576;1.95535;1.82439;
-14.9253;-0.508961;-22.4604;1.97201;1.82338;
-14.9823;-0.570221;-22.2599;2.00544;1.84782;
-15.0388;-0.564666;-22.0651;1.948;1.85293;
-15.1045;-0.657329;-21.87;1.9514;1.89571;
-15.1677;-0.632233;-21.682;1.87984;1.89524;
-15.2313;-0.635996;-21.4932;1.88812;1.8957;
-15.3024;-0.710688;-21.308;1.85141;1.93732;
-15.3817;-0.792844;-21.1284;1.79614;1.98649;
-15.4464;-0.647008;-20.9384;1.89968;1.89906;
-15.5195;-0.731229;-20.7577;1.80712;1.95529;
-15.5991;-0.796094;-20.5796;1.78145;1.99105;
-15.6881;-0.890132;-20.3914;1.88197;2.01259;
-15.7655;-0.773941;-20.2037;1.87687;1.96191;
-15.8425;-0.769988;-20.0188;1.84912;1.96537;
-15.9224;-0.798626;-19.8359;1.82908;1.98247;
-16.0043;-0.819516;-19.6801;1.55781;2.05508;
-16.1033;-0.989425;-19.5251;1.55037;2.13882;
-16.2008;-0.975735;-19.3607;1.64364;2.10653;
-16.3031;-1.02276;-19.1886;1.72108;2.10698;
-16.4206;-1.17524;-19.0121;1.76474;2.15831;
-16.5109;-0.902168;-18.8485;1.63632;2.07467;
-16.5962;-0.853055;-18.6846;1.63932;2.05061;
-16.6882;-0.920116;-18.5075;1.77015;2.05016;
-16.7814;-0.932596;-18.2991;2.08424;1.99153;
-16.8631;-0.816199;-18.1142;1.84898;1.9865;
-16.9416;-0.785402;-17.9361;1.78068;1.9862;
-17.0309;-0.892652;-17.7459;1.90275;2.00945;
-17.1173;-0.8649;-17.5703;1.75588;2.02848;
-17.1908;-0.734958;-17.3889;1.81403;1.95574;
-17.2637;-0.728845;-17.2056;1.83235;1.94938;
-17.3377;-0.739306;-17.0218;1.83879;1.95308;
-17.4125;-0.748734;-16.8332;1.88581;1.94874;
-17.4912;-0.786356;-16.6373;1.95901;1.95251;
-17.5597;-0.685592;-16.4471;1.902;1.91676;
-17.6326;-0.729172;-16.2543;1.92798;1.93237;
-17.6896;-0.569519;-16.079;1.7532;1.88489;
-17.7496;-0.600161;-15.8886;1.90342;1.87624;
-17.8098;-0.601563;-15.6979;1.90707;1.87636;
-17.88;-0.702398;-15.5023;1.95651;1.91547;
-17.9486;-0.685443;-15.3111;1.91135;1.91513;
-18.0373;-0.887329;-15.1309;1.80247;2.02825;
-18.1253;-0.880445;-14.9511;1.798;2.02615;
-18.2124;-0.870967;-14.7745;1.7657;2.02905;
-18.2841;-0.71626;-14.6107;1.63831;1.98295;
-18.3721;-0.880563;-14.428;1.8264;2.02005;
-18.4357;-0.636255;-14.2571;1.70935;1.92713;
-18.5061;-0.703569;-14.0699;1.87253;1.93021;
-18.5537;-0.476254;-13.8818;1.88106;1.81877;
-18.6157;-0.620121;-13.6871;1.94637;1.87923;
-18.7097;-0.939225;-13.475;2.12087;1.98769;
-18.7955;-0.858226;-13.304;1.71023;2.0359;
-18.8886;-0.930837;-13.1271;1.76896;2.05519;
-18.9957;-1.07172;-12.9233;2.03844;2.05484;
-19.0898;-0.940973;-12.7408;1.82484;2.04688;
-19.1899;-1.001;-12.5477;1.93061;2.04912;
-19.2884;-0.984842;-12.3749;1.72867;2.08865;
-19.3975;-1.09075;-12.2006;1.7422;2.13017;
-19.4999;-1.02419;-12.0438;1.56807;2.14939;
-19.5905;-0.905545;-11.8859;1.57969;2.09131;
-19.6899;-0.994606;-11.7122;1.73629;2.091;
-19.8134;-1.23489;-11.5267;1.85531;2.15806;
-19.9262;-1.12744;-11.3573;1.69387;2.15806;
-20.035;-1.08875;-11.1979;1.59452;2.16989;
-20.1481;-1.13048;-11.0374;1.60421;2.18467;
-20.2525;-1.04435;-10.8537;1.83741;2.08764;
-20.3504;-0.979296;-10.6978;1.55874;2.13174;
-20.4504;-0.999764;-10.5241;1.73695;2.09307;
-20.5499;-0.994765;-10.3767;1.47447;2.16431;
-20.6635;-1.13571;-10.2091;1.67545;2.1665;
-20.7805;-1.17072;-10.0382;1.70897;2.17142;
-20.9036;-1.23064;-9.87932;1.58918;2.22972;
-21.0105;-1.06924;-9.71904;1.6028;2.1591;
-21.1175;-1.06962;-9.55452;1.64518;2.14728;
-21.2087;-0.911667;-9.39252;1.62008;2.08336;
-21.308;-0.993425;-9.21873;1.73782;2.09011;
-21.4101;-1.02073;-9.04294;1.7579;2.09687;
-21.5095;-0.994578;-8.88439;1.58557;2.13103;
-21.5873;-0.777953;-8.7364;1.47985;2.05479;
-21.6662;-0.788359;-8.55927;1.77129;1.98955;
-21.7355;-0.693118;-8.35773;2.01543;1.90203;
-21.8038;-0.683176;-8.16842;1.89307;1.91713;
-21.8684;-0.645959;-7.99598;1.72441;1.92921;
-21.9394;-0.710197;-7.81011;1.85876;1.93576;
-22.0078;-0.683667;-7.61995;1.90156;1.91594;
-22.0839;-0.761294;-7.44853;1.71422;1.98874;
-22.1774;-0.934544;-7.25286;1.95665;2.01638;
-22.2601;-0.827474;-7.09779;1.55071;2.06097;
-22.354;-0.938516;-6.92109;1.76699;2.05904;
-22.4379;-0.839727;-6.74939;1.71706;2.02564;
-22.5372;-0.992829;-6.55884;1.90544;2.05114;
-22.6298;-0.925582;-6.38135;1.77495;2.05147;
-22.722;-0.922726;-6.20385;1.775;2.05019;
-22.819;-0.969992;-6.02367;1.80178;2.06465;
-22.9194;-1.00383;-5.84679;1.76876;2.087;
-22.9884;-0.689572;-5.68774;1.59057;1.97988;
-23.0692;-0.807968;-5.50886;1.78882;1.99504;
-23.1515;-0.823009;-5.32939;1.79468;2.00076;
-23.2352;-0.837091;-5.14724;1.82148;2.00158;
-23.3041;-0.689346;-4.97175;1.75488;1.94509;
-23.3912;-0.870829;-4.79214;1.79608;2.02225;
-23.4821;-0.909424;-4.61286;1.79285;2.04023;
-23.5744;-0.922561;-4.4152;1.97662;2.00748;
-23.6286;-0.541728;-4.2456;1.69594;1.87998;
-23.6747;-0.4617;-4.02942;2.16184;1.7812;
-23.7202;-0.454062;-3.82502;2.04396;1.7894;
-23.7639;-0.437691;-3.62903;1.95995;1.79051;
-23.8016;-0.376317;-3.4255;2.0353;1.75363;
-23.8367;-0.351556;-3.22919;1.96304;1.74801;
-23.8675;-0.307913;-3.02879;2.00404;1.72325;
-23.8685;-0.0100701;-2.80171;2.27081;1.57523;
-23.8851;-0.165584;-2.63036;1.71347;1.66713;
-23.9046;-0.195816;-2.4384;1.91959;1.67245;
-23.925;-0.203491;-2.23952;1.98881;1.67276;
-23.9508;-0.25837;-2.03781;2.01714;1.69819;
-23.9679;-0.170749;-1.84153;1.96274;1.65757;
-23.9906;-0.226746;-1.61807;2.23463;1.67192;
-24.0257;-0.351021;-1.42281;1.95257;1.74867;
-24.0681;-0.424128;-1.21837;2.04446;1.77535;
-24.1;-0.319494;-1.01271;2.05658;1.72492;
-24.1082;-0.0820218;-0.820178;1.9253;1.61337;
-24.1329;-0.246354;-0.620344;1.99834;1.69346;
-24.1616;-0.286811;-0.410692;2.09652;1.70676;
-24.1726;-0.110018;-0.222188;1.88505;1.62909;
-24.1801;-0.0748756;-0.0171206;2.05067;1.60729;
-24.1903;-0.102366;0.155024;1.72144;1.63019;
-24.1988;-0.0846336;0.371813;2.16789;1.60982;
-24.2184;-0.196025;0.561692;1.8988;1.67367;
-24.2396;-0.212886;0.761945;2.00253;1.67671;
-24.2608;-0.211713;0.962896;2.00951;1.67577;
-24.291;-0.301573;1.17102;2.08124;1.7147;
-24.3273;-0.363001;1.37755;2.06532;1.74478;
-24.3595;-0.321963;1.57053;1.92982;1.73611;
-24.4129;-0.534338;1.77311;2.02575;1.82869;
-24.4532;-0.403034;1.97161;1.98498;1.77111;
-24.4853;-0.320809;2.17095;1.99342;1.73036;
-24.5179;-0.325675;2.36772;1.96771;1.73482;
-24.5472;-0.293423;2.5409;1.73182;1.73863;
-24.5817;-0.345018;2.74742;2.0652;1.73633;
-24.6208;-0.391271;2.94186;1.94433;1.76938;
-24.6536;-0.3277;3.14152;1.99663;1.73347;
-24.7194;-0.657639;3.34367;2.0215;1.88532;
-24.802;-0.826222;3.55721;2.13543;1.93997;
-24.8759;-0.738691;3.75041;1.93203;1.93599;
-24.9502;-0.743586;3.93701;1.86597;1.95001;
-25.0249;-0.746525;4.12366;1.86646;1.95128;
-25.1038;-0.789037;4.30948;1.85818;1.97235;
-25.1803;-0.76497;4.49743;1.87956;1.95732;
-25.2594;-0.790957;4.6822;1.84768;1.97527;
-25.3392;-0.79811;4.87563;1.93426;1.96213;
-25.4101;-0.708844;5.06813;1.92506;1.92361;
-25.4868;-0.767321;5.24845;1.80316;1.97313;
-25.5773;-0.904798;5.44355;1.95107;2.00502;
-25.6394;-0.621627;5.62638;1.82827;1.89854;
-25.6976;-0.58132;5.82532;1.98943;1.85509;
-25.753;-0.55436;6.00827;1.82942;1.86503;
-25.8167;-0.636584;6.18002;1.71759;1.92573;
-25.8892;-0.725023;6.39766;2.17636;1.89237;
-25.9639;-0.747752;6.58166;1.84001;1.9568;
-26.0388;-0.748349;6.76772;1.86063;1.9532;
-26.1194;-0.806197;6.95768;1.89953;1.97218;
-26.1955;-0.761584;7.1404;1.82726;1.96569;
-26.2955;-0.999728;7.33519;1.94789;2.04498;
-26.3877;-0.921802;7.51444;1.79245;2.04579;
-26.4774;-0.897013;7.69245;1.78016;2.03755;
-26.5674;-0.900182;7.87102;1.7857;2.03772;
-26.6551;-0.877175;8.06581;1.94787;1.99392;
-26.7236;-0.68469;8.25157;1.85755;1.92394;
-26.7915;-0.679163;8.42221;1.70642;1.94958;
-26.8709;-0.793768;8.60454;1.8233;1.9814;
-26.9472;-0.762564;8.79131;1.86769;1.95843;
-26.9908;-0.436448;8.93504;1.43731;1.8656;
-27.0639;-0.730743;9.09539;1.60355;1.99838;
-27.1465;-0.825959;9.28154;1.86146;1.98841;
-27.2265;-0.800531;9.46353;1.81993;1.98519;
-27.3092;-0.826964;9.64452;1.8099;1.99938;
-27.3874;-0.781647;9.84923;2.04712;1.93554;
-27.4535;-0.661625;10.0342;1.84926;1.91438;
-27.5213;-0.677819;10.2234;1.89253;1.91472;
-27.5914;-0.700766;10.4112;1.87764;1.928;
-27.6582;-0.667567;10.5921;1.80886;1.92434;
-27.7126;-0.5448;10.7915;1.99448;1.83745;
-27.757;-0.443601;11.0072;2.15724;1.7736;
-27.7833;-0.263013;11.212;2.04717;1.69857;
-27.8157;-0.324347;11.4046;1.92681;1.73757;
-27.8487;-0.330078;11.6018;1.97198;1.73664;
-27.8693;-0.205384;11.7999;1.98023;1.67414;
-27.8921;-0.22816;12.0012;2.01315;1.68365;
-27.9162;-0.241271;12.1951;1.93964;1.69455;
-27.9377;-0.215081;12.3964;2.01265;1.67726;
-27.9597;-0.219874;12.5913;1.94894;1.68314;
-27.9828;-0.230412;12.7916;2.00319;1.68532;
-28.006;-0.23241;12.9917;2.00077;1.68644;
-28.0323;-0.263009;13.1845;1.92792;1.70638;
-28.0485;-0.161822;13.3781;1.93626;1.65418;
-28.0675;-0.190525;13.5878;2.09648;1.66143;
-28.0594;0.0810505;13.8341;2.46311;1.5379;
-28.046;0.134116;14.0318;1.97727;1.50307;
-28.0144;0.316429;14.2228;1.91052;1.40666;
-27.9786;0.357753;14.4026;1.79777;1.37436;
-27.9481;0.304989;14.5896;1.86938;1.40907;
-27.9145;0.336363;14.7845;1.94927;1.39992;
-27.8707;0.438188;14.9876;2.03069;1.35827;
-27.83;0.406327;15.186;1.98453;1.36884;
-27.7932;0.368615;15.3815;1.95495;1.38443;
-27.7639;0.292536;15.5693;1.87774;1.41625;
-27.7163;0.476405;15.7775;2.0824;1.34589;
-27.6723;0.439773;15.975;1.97472;1.35167;
-27.6365;0.358157;16.162;1.87026;1.38159;
-27.593;0.434465;16.3969;2.34875;1.38789;
-27.5518;0.411883;16.6144;2.17521;1.38366;
-27.4934;0.584003;16.8209;2.06456;1.29513;
-27.4469;0.465127;17.0166;1.95728;1.33748;
-27.3862;0.607221;17.1838;1.67234;1.2225;
-27.3162;0.699757;17.3596;1.75785;1.19195;
-27.2441;0.721497;17.5506;1.90951;1.20954;
-27.1739;0.701936;17.7474;1.96799;1.22819;
-27.116;0.578739;17.9159;1.68491;1.23994;
-27.0486;0.674323;18.0997;1.8385;1.21925;
-27.0083;0.40231;18.267;1.67247;1.33473;
-26.9605;0.478482;18.4595;1.92585;1.32727;
-26.8775;0.829643;18.5999;1.4032;1.03683;
-26.79;0.875063;18.7568;1.56893;1.06203;
-26.6928;0.972592;18.9314;1.74654;1.06269;
-26.5888;1.03996;19.1187;1.87304;1.06395;
-26.5081;0.806372;19.2835;1.64782;1.1157;
-26.4259;0.822157;19.4605;1.77016;1.13599;
-26.3151;1.10833;19.6277;1.67184;0.985378;
-26.2005;1.14553;19.7947;1.67037;0.969668;
-26.0873;1.13213;19.9597;1.64968;0.969343;
-25.9746;1.12764;20.1169;1.57212;0.948573;
-25.8525;1.22067;20.2849;1.67951;0.942308;
-25.7336;1.18911;20.4471;1.62288;0.93845;
-25.6016;1.31985;20.5992;1.52079;0.856018;
-25.4678;1.33831;20.7489;1.4972;0.841376;
-25.3305;1.37281;20.9034;1.54437;0.84414;
-25.1963;1.34132;21.065;1.61618;0.878068;
-25.0678;1.28545;21.2119;1.4688;0.85187;
-24.9241;1.43705;21.3611;1.49234;0.80427;
-24.7857;1.38377;21.5053;1.44153;0.805837;
-24.6475;1.38214;21.6488;1.43514;0.804207;
-24.5086;1.38862;21.7802;1.31395;0.757775;
-24.3686;1.4007;21.9231;1.42952;0.795581;
-24.23;1.38532;22.0667;1.43581;0.803294;
-24.0872;1.42883;22.1886;1.21915;0.706379;
-23.924;1.63139;22.3254;1.36764;0.697678;
-23.7613;1.62749;22.4392;1.13846;0.610406;
-23.6243;1.36972;22.5392;0.999855;0.630558;
-23.4571;1.67237;22.6577;1.18511;0.616501;
-23.2872;1.69902;22.7732;1.15505;0.597063;
-23.1293;1.57834;22.8759;1.02662;0.576683;
-22.9605;1.68876;22.9683;0.923747;0.500535;
-22.7798;1.80608;23.0337;0.654051;0.347447;
-22.5902;1.89617;23.1056;0.719152;0.362505;
-22.4154;1.7483;23.1697;0.641537;0.351694;
-22.2273;1.88104;23.2319;0.621945;0.319323;
-22.0387;1.88576;23.2976;0.656911;0.335207;
-21.8591;1.79598;23.3705;0.728486;0.385342;
-21.671;1.88132;23.4421;0.716266;0.363781;
-21.4928;1.78201;23.5219;0.798378;0.421206;
-21.3293;1.6352;23.5989;0.769865;0.440022;
-21.1376;1.91659;23.6824;0.835116;0.410924;
-20.9554;1.82157;23.765;0.825768;0.425617;
-20.7854;1.7007;23.8451;0.800859;0.440097;
-20.6039;1.81436;23.9521;1.06949;0.532631;
-20.4436;1.60335;24.0432;0.911165;0.516776;
-20.2665;1.77121;24.1438;1.00593;0.51651;
-20.1017;1.64781;24.2335;0.897824;0.498888;
-19.9326;1.6908;24.3159;0.823816;0.453383;
-19.759;1.73587;24.4036;0.876983;0.467809;
-19.6085;1.50588;24.4952;0.915305;0.546149;
-19.4486;1.59847;24.5924;0.972262;0.546461;
-19.2792;1.69354;24.7079;1.15478;0.598455;
-19.1145;1.64726;24.8214;1.13583;0.603664;
-18.9625;1.52048;24.9338;1.12388;0.636531;
-18.8245;1.3797;25.0506;1.16784;0.702425;
-18.6493;1.7518;25.1888;1.38152;0.667767;
-18.4939;1.55439;25.2944;1.05608;0.596778;
-18.3383;1.55546;25.3929;0.984996;0.56451;
-18.1611;1.77278;25.5065;1.13641;0.570045;
-17.9983;1.62768;25.6155;1.09009;0.590114;
-17.8138;1.84461;25.7307;1.15152;0.558066;
-17.6401;1.73767;25.834;1.0329;0.536303;
-17.4852;1.54901;25.9497;1.15753;0.641751;
-17.3295;1.55628;26.0712;1.21508;0.662895;
-17.1724;1.5716;26.1916;1.20395;0.653704;
-17.0077;1.64674;26.2999;1.08237;0.581478;
-16.8478;1.59897;26.4119;1.12007;0.611057;
-16.6873;1.60551;26.5256;1.13689;0.616153;
-16.5321;1.55182;26.6507;1.25152;0.678681;
-16.361;1.71066;26.7757;1.25032;0.631167;
-16.1937;1.6733;26.8913;1.15601;0.604564;
-16.0142;1.79458;27.0348;1.43489;0.674478;
-15.8592;1.55008;27.1627;1.27908;0.689901;
-15.6978;1.61366;27.3004;1.37704;0.706443;
-15.5491;1.48791;27.4428;1.42385;0.7634;
-15.3871;1.61918;27.5809;1.38035;0.705943;
-15.2311;1.56015;27.7106;1.29736;0.693693;
-15.0707;1.60466;27.8349;1.24266;0.658938;
-14.9189;1.51772;27.9563;1.21444;0.674849;
-14.7611;1.5777;28.0829;1.26608;0.676254;
-14.6156;1.45487;28.2068;1.23904;0.70545;
-14.4752;1.40456;28.3347;1.27877;0.738554;
-14.337;1.38143;28.4666;1.3192;0.76236;
-14.1844;1.52607;28.5972;1.30552;0.707665;
-14.0257;1.58729;28.7388;1.41647;0.728592;
-13.8903;1.3535;28.8816;1.42739;0.81196;
-13.7504;1.39986;29.0282;1.46596;0.808459;
-13.6124;1.37974;29.173;1.44809;0.809563;
-13.4731;1.39304;29.3191;1.46167;0.809438;
-13.3284;1.4468;29.4758;1.56694;0.82524;
-13.2096;1.18778;29.6077;1.31875;0.837604;
-13.0749;1.3474;29.7516;1.43873;0.818169;
-12.9347;1.40182;29.8801;1.28547;0.742129;

-12.7861;1.48561;-29.9834;1.3649;0.743075;
-12.6403;1.45827;-29.8138;1.69556;0.860496;
-12.5112;1.29115;-29.6618;1.51993;0.866602;
-12.3806;1.30628;-29.5326;1.2922;0.77998;
-12.2266;1.53933;-29.4018;1.30849;0.704518;
-12.0891;1.37498;-29.2506;1.51209;0.832854;
-11.9698;1.19326;-29.0984;1.52131;0.905664;
-11.8441;1.25751;-28.9353;1.63172;0.914199;
-11.7212;1.22825;-28.7627;1.72576;0.952252;
-11.6108;1.10473;-28.6099;1.52775;0.944727;
-11.4928;1.17971;-28.4525;1.57399;0.927612;
-11.3828;1.09987;-28.3095;1.43023;0.915237;
-11.2611;1.21696;-28.1537;1.55768;0.907585;
-11.1553;1.05792;-27.9901;1.63656;0.996936;
-11.0285;1.26802;-27.8194;1.7064;0.931727;
-10.9003;1.28198;-27.6544;1.65011;0.910295;
-10.7734;1.26881;-27.4901;1.64305;0.91322;
-10.6486;1.24869;-27.3305;1.59635;0.906992;
-10.5059;1.42673;-27.1761;1.54384;0.824802;
-10.3536;1.52251;-27.0143;1.6182;0.815856;
-10.209;1.44641;-26.8781;1.36148;0.755162;
-10.0574;1.51622;-26.7287;1.49416;0.77807;
-9.90488;1.52493;-26.586;1.42675;0.75215;
-9.75061;1.54275;-26.4537;1.32357;0.709077;
-9.60315;1.47454;-26.3298;1.23868;0.698687;
-9.46357;1.39578;-26.1602;1.6964;0.882314;
-9.34045;1.2312;-26.0019;1.58229;0.909542;
-9.2087;1.31751;-25.8541;1.47877;0.843004;
-9.08832;1.2038;-25.6972;1.56881;0.916295;
-8.96469;1.23633;-25.5398;1.57419;0.905035;
-8.84689;1.17796;-25.3848;1.54991;0.920912;
-8.71869;1.28203;-25.225;1.59741;0.894494;
-8.59391;1.24782;-25.069;1.5605;0.896281;
-8.45782;1.36088;-24.9088;1.60173;0.866517;
-8.32569;1.32132;-24.7554;1.53428;0.859836;
-8.20619;1.19505;-24.6094;1.45957;0.884714;
-8.08763;1.18559;-24.4721;1.37342;0.858667;
-7.95289;1.34732;-24.31;1.62042;0.877164;
-7.82164;1.31251;-24.181;1.29064;0.777;
-7.66228;1.59368;-24.0293;1.51627;0.760514;
-7.50652;1.55758;-23.884;1.45334;0.75079;
-7.36903;1.37489;-23.7527;1.31279;0.762297;
-7.23126;1.37765;-23.6305;1.2226;0.725839;
-7.11228;1.18987;-23.4915;1.38997;0.862809;
-6.97722;1.35058;-23.3371;1.54344;0.851939;
-6.84621;1.31005;-23.1874;1.49774;0.852143;
-6.6881;1.58114;-23.0306;1.56758;0.781089;
-6.5367;1.51396;-22.8922;1.38375;0.740492;
-6.37237;1.64332;-22.7518;1.40434;0.707143;
-6.21533;1.57039;-22.6251;1.26669;0.678759;
-6.06258;1.52755;-22.4973;1.27823;0.696772;
-5.91669;1.45884;-22.3683;1.29044;0.724225;
-5.7724;1.44292;-22.234;1.34244;0.749338;
-5.62609;1.46313;-22.098;1.36034;0.74901;
-5.49632;1.29772;-21.9707;1.27249;0.775582;
-5.35074;1.45581;-21.8417;1.29023;0.725173;
-5.20589;1.44851;-21.7071;1.34569;0.74862;
-5.06444;1.41446;-21.5568;1.50362;0.815944;
-4.93642;1.28025;-21.4085;1.48314;0.85869;
-4.80032;1.36093;-21.2688;1.3962;0.798189;
-4.66666;1.33667;-21.1384;1.30452;0.773226;
-4.51721;1.49446;-20.9972;1.41219;0.757102;
-4.37935;1.37857;-20.8727;1.24507;0.734559;
-4.23317;1.46178;-20.7408;1.31907;0.734124;
-4.09365;1.39523;-20.6087;1.32082;0.758007;
-3.948;1.45656;-20.471;1.37701;0.757331;
-3.80643;1.41565;-20.3369;1.3409;0.758286;
-3.66218;1.44253;-20.1948;1.42089;0.777843;
-3.54053;1.21652;-20.0346;1.60222;0.921389;
-3.40561;1.34916;-19.8609;1.73697;0.910406;
-3.29198;1.13629;-19.7283;1.32529;0.862025;
-3.15226;1.39726;-19.5855;1.42824;0.796362;
-3.01462;1.3764;-19.4501;1.35387;0.777149;
-2.86536;1.4926;-19.3188;1.31303;0.721481;
-2.72326;1.42092;-19.1911;1.27738;0.732251;
-2.56017;1.63098;-19.0503;1.40783;0.712095;
-2.40764;1.52523;-18.9218;1.28529;0.700233;
-2.26105;1.46592;-18.787;1.34821;0.743592;
-2.12193;1.39123;-18.6531;1.33871;0.766163;
-1.98238;1.39542;-18.5262;1.26875;0.737887;
-1.83907;1.43314;-18.3845;1.41669;0.779626;
-1.70035;1.3872;-18.2436;1.40971;0.793448;
-1.56907;1.31285;-18.1191;1.24473;0.758771;
-1.41697;1.52098;-17.9769;1.42184;0.751723;
-1.27224;1.4473;-17.841;1.35926;0.75404;
-1.119;1.53237;-17.6914;1.49551;0.773227;
-0.977601;1.41399;-17.5663;1.25126;0.724416;
-0.85771;1.19891;-17.4369;1.29376;0.82343;
-0.717951;1.39759;-17.2698;1.67181;0.874501;
-0.585959;1.31992;-17.11;1.59736;0.880215;
-0.460176;1.25782;-16.9527;1.57335;0.896389;
-0.353869;1.06307;-16.7935;1.59157;0.981912;
-0.248137;1.05732;-16.6268;1.6672;1.00562;
-0.14664;1.01497;-16.469;1.57758;0.999095;
-0.0276334;1.19007;-16.3068;1.6225;0.937954;
0.0854798;1.13113;-16.1529;1.53949;0.937131;
0.219606;1.34126;-15.9896;1.63282;0.88312;
0.351562;1.31956;-15.8308;1.58793;0.877441;
0.478532;1.26971;-15.6743;1.56472;0.889106;
0.611402;1.32869;-15.5219;1.52449;0.853914;
0.754793;1.43392;-15.3489;1.72993;0.878687;
0.913034;1.5824;-15.1614;1.87479;0.86977;
1.02828;1.15251;-15.0034;1.58029;0.940673;
1.16282;1.34539;-14.8497;1.53675;0.851697;
1.29378;1.3096;-14.6966;1.53073;0.863098;
1.42587;1.32085;-14.5415;1.55145;0.865508;
1.54557;1.19704;-14.397;1.44455;0.878822;
1.68566;1.40085;-14.2286;1.68424;0.876997;
1.80926;1.23599;-14.0457;1.8288;0.976462;
1.94786;1.386;-13.8542;1.91491;0.944279;
2.06787;1.2001;-13.6758;1.78408;0.978645;
2.1808;1.12931;-13.5261;1.4971;0.924528;
2.29955;1.18754;-13.3686;1.57526;0.924826;
2.41956;1.2001;-13.2104;1.58171;0.921727;
2.54584;1.26278;-13.081;1.29352;0.797425;
2.68497;1.39129;-12.945;1.36035;0.774157;
2.8453;1.60329;-12.8112;1.33817;0.69551;
3.00322;1.57919;-12.6846;1.26559;0.675604;
3.15953;1.56316;-12.5594;1.25192;0.675286;
3.31404;1.54505;-12.4275;1.3193;0.706748;
3.44885;1.34817;-12.2922;1.35313;0.787234;
3.59936;1.50507;-12.1499;1.42315;0.757431;
3.74073;1.41374;-12.0223;1.27537;0.733988;
3.91114;1.70408;-11.8758;1.46516;0.710152;
4.06832;1.57177;-11.7578;1.18048;0.644174;
4.24432;1.76;-11.6353;1.22473;0.607945;
4.39548;1.51159;-11.5257;1.0961;0.627396;
4.54981;1.54328;-11.4267;0.989657;0.570212;
4.71797;1.68163;-11.319;1.07727;0.569746;
4.87568;1.57714;-11.2081;1.10891;0.612813;
5.04914;1.73452;-11.085;1.2309;0.61717;
5.22235;1.73217;-10.9702;1.14783;0.585219;
5.37875;1.56398;-10.8675;1.02731;0.581178;
5.54924;1.70491;-10.7599;1.07627;0.563103;
5.71482;1.65577;-10.6489;1.11024;0.590669;
5.88321;1.68388;-10.5389;1.10003;0.578673;
6.06306;1.79855;-10.4167;1.22194;0.596768;
6.23339;1.70329;-10.3;1.16621;0.60037;
6.39793;1.6454;-10.1871;1.1299;0.601747;
6.55685;1.5892;-10.0612;1.25846;0.669771;
6.68992;1.33067;-9.93873;1.22483;0.744005;
6.83241;1.42488;-9.80547;1.33251;0.751913;
6.98752;1.55118;-9.6957;1.09778;0.615877;
7.12362;1.36095;-9.58977;1.0593;0.6614;
7.2965;1.72885;-9.47389;1.15873;0.590467;
7.46878;1.72274;-9.36913;1.04768;0.546388;
7.62892;1.60146;-9.24405;1.25079;0.663068;
7.79072;1.61798;-9.13062;1.13431;0.611441;
7.95367;1.62953;-9.01633;1.14282;0.611613;
8.11572;1.62043;-8.90526;1.11073;0.600897;
8.28137;1.65649;-8.78402;1.21239;0.631818;
8.43314;1.51777;-8.66055;1.23474;0.682934;
8.60385;1.70705;-8.52725;1.33296;0.662957;
8.74976;1.45909;-8.40684;1.20412;0.689952;
8.90384;1.54084;-8.28163;1.25207;0.68237;
9.06575;1.61905;-8.14231;1.39319;0.710557;
9.21755;1.51804;-8.01165;1.30665;0.710699;
9.36903;1.51478;-7.86694;1.44705;0.762535;
9.50684;1.37813;-7.7306;1.3634;0.780025;
9.65517;1.48325;-7.58253;1.48074;0.78455;
9.80873;1.53563;-7.44127;1.41263;0.743704;
9.95311;1.44383;-7.30479;1.36473;0.757241;
10.1056;1.52513;-7.17814;1.2665;0.693017;
10.2429;1.3723;-7.04834;1.29802;0.757589;
10.4099;1.67037;-6.90634;1.42;0.70456;
10.5659;1.56046;-6.78056;1.25785;0.678435;
10.7451;1.79206;-6.67178;1.08774;0.545535;
10.9011;1.55952;-6.58281;0.889713;0.51845;
11.1013;2.00213;-6.50799;0.748194;0.35763;
11.2989;1.97596;-6.44329;0.646997;0.316433;
11.4922;1.93301;-6.38049;0.627984;0.314118;
11.6813;1.89098;-6.31635;0.641413;0.327017;
11.8733;1.91999;-6.24959;0.667653;0.334658;
12.0712;1.97911;-6.17656;0.730238;0.353477;
12.2824;2.11187;-6.11811;0.584513;0.270016;
12.4676;1.85219;-6.06634;0.517714;0.272559;
12.6611;1.93436;-6.01362;0.527178;0.266072;
12.8581;1.97013;-5.96409;0.495354;0.246327;
13.0526;1.94564;-5.90694;0.571489;0.285693;
13.2485;1.95872;-5.86243;0.44511;0.22345;
13.4437;1.95201;-5.81809;0.443388;0.223354;
13.6356;1.91851;-5.75926;0.588248;0.297517;
13.8159;1.80325;-5.69849;0.607707;0.325053;
13.9914;1.75513;-5.62928;0.692097;0.375608;
14.1737;1.82299;-5.56712;0.621662;0.328645;
14.3452;1.71499;-5.50144;0.656816;0.365753;
14.5197;1.74463;-5.42341;0.780289;0.420567;
14.7038;1.84146;-5.34423;0.791766;0.40607;
14.9151;2.11254;-5.28247;0.61757;0.28441;
15.1071;1.92007;-5.24589;0.365812;0.188264;
15.3013;1.94288;-5.2098;0.360949;0.183686;
15.4837;1.82394;-5.1861;0.236987;0.129208;
15.6702;1.8646;-5.16848;0.176136;0.0941836;
15.8696;1.99367;-5.14882;0.196605;0.0982964;
16.0624;1.92838;-5.13443;0.143907;0.0744878;
16.2712;2.08745;-5.11283;0.216025;0.103121;
16.4701;1.98939;-5.09201;0.208238;0.104295;
16.6645;1.94407;-5.06272;0.292848;0.149513;
16.8509;1.86441;-5.0441;0.186208;0.0995449;
17.0485;1.97515;-5.02126;0.228377;0.115114;
17.2557;2.07204;-5.00175;0.195157;0.0939089;
17.4703;2.14596;-4.99738;0.0436521;0.0203387;
17.6226;1.52387;-4.97858;0.188026;0.122766;
17.8132;1.90588;-4.96545;0.131335;0.068802;
18.0028;1.89615;-4.96984;-0.0438995;-0.0231478;
18.2067;2.03867;-4.97461;-0.0477677;-0.0234266;
18.4031;1.96437;-4.96087;0.137442;0.0698537;
18.603;1.99879;-4.95835;0.0251404;0.0125771;
18.8116;2.08563;-4.9698;-0.114459;-0.0548246;
19.011;1.99392;-4.98043;-0.106279;-0.053251;
19.2183;2.07295;-4.9889;-0.0846934;-0.0408337;
19.3977;1.79381;-4.99189;-0.0299281;-0.0166825;
19.608;2.10366;-4.9795;0.123916;0.058837;
19.814;2.05934;-4.95744;0.220577;0.106704;
20.0119;1.97973;-4.93646;0.209782;0.105571;
20.204;1.92061;-4.9008;0.356643;0.183601;
20.4014;1.97452;-4.86591;0.348919;0.174905;
20.6024;2.00947;-4.82561;0.402937;0.197894;
20.827;2.24632;-4.79478;0.308366;0.136423;
21.0303;2.03309;-4.77309;0.216857;0.106262;
21.2393;2.08931;-4.75439;0.187041;0.0892846;
21.4552;2.15933;-4.74188;0.125051;0.0578474;
21.6533;1.98093;-4.72954;0.123416;0.0622218;
21.8677;2.14414;-4.71665;0.12895;0.060068;
22.0635;1.95764;-4.70224;0.144013;0.0734321;
22.2581;1.94592;-4.68042;0.218225;0.111678;
22.4423;1.84238;-4.6438;0.366263;0.19624;
22.6398;1.97537;-4.60378;0.400201;0.19989;
22.8613;2.21454;-4.56475;0.390211;0.174414;
23.0526;1.91339;-4.54323;0.215239;0.11202;
23.2496;1.96962;-4.51713;0.261019;0.131755;
23.4289;1.79317;-4.4991;0.180285;0.100203;
23.6385;2.09579;-4.47178;0.273236;0.129643;
23.8379;1.99374;-4.44762;0.241517;0.12055;
24.0458;2.07949;-4.41196;0.356695;0.169876;
24.2446;1.98763;-4.37631;0.356483;0.177464;
24.4426;1.9799;-4.3417;0.346024;0.173021;
24.6299;1.87334;-4.29288;0.488217;0.254942;
24.8234;1.93512;-4.23205;0.608348;0.30459;
25.0141;1.90654;-4.20061;0.314424;0.163447;
25.2123;1.98225;-4.16984;0.307695;0.153996;
25.4102;1.97873;-4.13609;0.337473;0.168925;
25.6018;1.91671;-4.08708;0.490064;0.250317;
25.8027;2.00913;-4.04407;0.430085;0.210883;
25.9953;1.92517;-4.01312;0.309558;0.15943;
26.194;1.98706;-3.98584;0.272804;0.136438;
26.3917;1.97692;-3.9563;0.295336;0.148295;
26.5714;1.79755;-3.91309;0.432161;0.235939;
26.7687;1.97295;-3.85586;0.572278;0.282315;
26.965;1.96311;-3.76676;0.891045;0.426088;
27.1618;1.96735;-3.68037;0.863871;0.413756;
27.3521;1.90311;-3.60126;0.791077;0.393946;
27.519;1.66889;-3.52421;0.770522;0.432539;
27.6976;1.78662;-3.42979;0.944184;0.486167;
27.8605;1.62861;-3.34424;0.85547;0.483663;
28.044;1.83481;-3.25359;0.906529;0.458893;
28.2231;1.79194;-3.17809;0.755038;0.398777;
28.4055;1.82331;-3.08531;0.927777;0.470696;
28.5843;1.78868;-2.99464;0.90671;0.469165;
28.7796;1.95207;-2.91327;0.813654;0.394918;
28.9652;1.85604;-2.84716;0.661148;0.342199;
29.1496;1.84399;-2.79457;0.525887;0.277814;
29.3323;1.82707;-2.73198;0.625925;0.330052;
29.5179;1.85608;-2.67551;0.564705;0.295348;
29.6836;1.65723;-2.62511;0.504009;0.295239;
29.8729;1.89268;-2.56622;0.588886;0.301644;

-29.9476;1.79511;-2.49843;0.677863;0.361063;
-29.7577;1.89946;-2.42721;0.712241;0.358744;
-29.5681;1.89573;-2.35317;0.740325;0.37231;
-29.3805;1.87627;-2.28226;0.709115;0.361344;
-29.1688;2.11725;-2.21929;0.629726;0.289094;
-28.9892;1.79532;-2.15555;0.637361;0.341133;
-28.7911;1.98136;-2.09754;0.580135;0.284835;
-28.5899;2.01189;-2.04114;0.56403;0.273331;
-28.3972;1.92719;-1.98701;0.541312;0.273826;
-28.1838;2.13351;-1.91928;0.67726;0.307379;
-28.0028;1.81036;-1.85569;0.635866;0.337776;
-27.8213;1.81474;-1.78541;0.70288;0.369525;
-27.6425;1.78785;-1.71765;0.677582;0.362267;
-27.4411;2.01477;-1.6517;0.659498;0.316339;
-27.2515;1.89599;-1.58866;0.630398;0.320991;
-27.0616;1.89897;-1.52651;0.621509;0.316299;
-26.8783;1.83257;-1.46348;0.630224;0.331232;
-26.6885;1.89818;-1.39898;0.645049;0.327581;
-26.5012;1.87255;-1.3357;0.632746;0.325861;
-26.321;1.80225;-1.28621;0.494967;0.26803;
-26.1363;1.84731;-1.24863;0.375829;0.200708;
-25.9151;2.21136;-1.20746;0.411639;0.184041;
-25.6925;2.22618;-1.16812;0.393436;0.174925;
-25.465;2.27483;-1.12296;0.451543;0.195948;
-25.2533;2.11763;-1.10506;0.17906;0.0843563;
-25.0389;2.14324;-1.08712;0.179354;0.083489;
-24.8396;1.99379;-1.07528;0.11845;0.0593397;
-24.6166;2.23011;-1.05442;0.208552;0.0932452;
-24.4262;1.90333;-1.03008;0.243409;0.127196;
-24.2335;1.92733;-0.998161;0.319194;0.164125;
-24.0251;2.08435;-0.955205;0.429567;0.203246;
-23.8326;1.92467;-0.887342;0.67863;0.338985;
-23.6424;1.90181;-0.801884;0.854578;0.422313;
-23.4681;1.74282;-0.713328;0.885554;0.470119;
-23.2906;1.77564;-0.621938;0.913904;0.47533;
-23.1289;1.61646;-0.542681;0.792571;0.455869;
-22.9558;1.73129;-0.443097;0.995834;0.521983;
-22.7825;1.73318;-0.343587;0.995103;0.521193;
-22.613;1.69487;-0.246972;0.966153;0.518102;
-22.4191;1.93922;-0.139535;1.07437;0.505925;
-22.2462;1.72818;-0.0464048;0.931303;0.494275;
-22.0739;1.72358;0.0278592;0.74264;0.406833;
-21.9044;1.69465;0.105711;0.77852;0.430642;
-21.717;1.87461;0.178882;0.731704;0.372137;
-21.534;1.83001;0.257781;0.788994;0.407062;
-21.3547;1.79236;0.336826;0.790451;0.415354;
-21.1719;1.82851;0.416583;0.797572;0.411308;
-20.9909;1.80957;0.499482;0.828985;0.429579;
-20.8018;1.89097;0.56494;0.654579;0.333251;
-20.5957;2.06154;0.636647;0.717068;0.334742;
-20.4115;1.84165;0.705744;0.690973;0.358939;
-20.2186;1.92855;0.771377;0.656337;0.328031;
-20.0175;2.01113;0.837238;0.658601;0.316472;
-19.8358;1.81747;0.909121;0.718838;0.376636;
-19.6454;1.90419;0.999291;0.901692;0.442249;
-19.4615;1.83827;1.06094;0.616537;0.323601;
-19.2878;1.73723;1.1301;0.691576;0.37886;
-19.0993;1.88561;1.20043;0.703282;0.356993;
-18.9207;1.78567;1.29652;0.960914;0.49368;
-18.7406;1.80093;1.39471;0.981925;0.499176;
-18.5635;1.77105;1.49552;1.00809;0.517465;
-18.3893;1.74192;1.5936;0.980815;0.51282;
-18.2141;1.75147;1.69251;0.989025;0.514046;
-18.0458;1.68399;1.79375;1.01243;0.54131;
-17.8726;1.73107;1.89665;1.02904;0.536328;
-17.6885;1.84106;2.01575;1.19094;0.574175;
-17.5204;1.68176;2.12395;1.08207;0.571731;
-17.3631;1.57211;2.23214;1.0819;0.602752;
-17.1997;1.63483;2.34557;1.13424;0.60655;
-17.0012;1.98444;2.45818;1.12609;0.516148;
-16.8254;1.7585;2.57001;1.11837;0.566458;
-16.6548;1.70622;2.6757;1.05688;0.554582;
-16.468;1.86739;2.78435;1.08651;0.526955;
-16.2771;1.90887;2.88719;1.02837;0.494151;
-16.1013;1.75798;2.97761;0.90424;0.475073;
-15.9323;1.69025;3.07321;0.955974;0.514726;
-15.7639;1.68391;3.17331;1.00095;0.536308;
-15.5918;1.72105;3.28281;1.09501;0.566643;
-15.4082;1.83649;3.39411;1.11299;0.544849;
-15.2354;1.72707;3.49842;1.04318;0.543368;
-15.0816;1.53856;3.60964;1.11216;0.625905;
-14.916;1.65611;3.72712;1.17482;0.616997;
-14.7535;1.62492;3.84089;1.13767;0.61082;
-14.5919;1.61585;3.96514;1.2425;0.655516;
-14.4308;1.61129;4.09537;1.30227;0.679732;
-14.2708;1.60024;4.22469;1.2932;0.679677;
-14.1069;1.63815;4.34686;1.2217;0.640798;
-13.9383;1.68657;4.48314;1.36283;0.67963;
-13.7791;1.59168;4.60798;1.24844;0.665129;
-13.6279;1.51229;4.71574;1.0775;0.619064;
-13.4641;1.6375;4.83281;1.17077;0.620706;
-13.296;1.68128;4.95448;1.21672;0.626446;
-13.145;1.50995;5.08726;1.32779;0.721296;
-12.9857;1.59333;5.21585;1.28586;0.679012;
-12.8271;1.58545;5.34104;1.25187;0.668366;
-12.6696;1.57566;5.4486;1.0756;0.598976;
-12.5181;1.5148;5.52537;0.767775;0.469113;
-12.3428;1.75271;5.60562;0.802445;0.429348;
-12.1645;1.7829;5.69895;0.933275;0.482239;
-11.9893;1.7525;5.79704;0.980964;0.510298;
-11.8013;1.87953;5.92273;1.25687;0.589419;
-11.6353;1.66035;6.03393;1.11204;0.590141;
-11.4545;1.80828;6.1469;1.12968;0.558403;
-11.278;1.76421;6.24565;0.987513;0.510298;
-11.0965;1.81501;6.38482;1.39165;0.654132;
-10.938;1.58505;6.50665;1.21829;0.655308;
-10.7758;1.62275;6.66116;1.54514;0.760902;
-10.6204;1.55375;6.79661;1.35449;0.716992;
-10.4696;1.5078;6.92804;1.31433;0.716951;
-10.3197;1.49861;7.05839;1.30343;0.715853;
-10.1729;1.46816;7.19609;1.37705;0.753386;
-10.0337;1.39209;7.32669;1.30602;0.75351;
-9.88689;1.46824;7.46077;1.34077;0.740053;
-9.7348;1.52092;7.59955;1.38776;0.739648;
-9.58703;1.47767;7.73427;1.34721;0.739248;
-9.42524;1.61795;7.88343;1.49166;0.74481;
-9.29164;1.33597;8.03247;1.49034;0.839962;
-9.14751;1.44128;8.18559;1.53119;0.815637;
-9.00036;1.47151;8.33295;1.47361;0.78611;
-8.86308;1.37283;8.47236;1.39418;0.79311;
-8.7354;1.27681;8.58768;1.15319;0.734569;
-8.5851;1.50297;8.7218;1.34112;0.728554;
-8.43644;1.48657;8.85699;1.35191;0.737993;
-8.28535;1.51096;8.9718;1.14812;0.649784;
-8.12821;1.57142;9.09179;1.1999;0.652134;
-7.97219;1.56016;9.21715;1.25364;0.676892;
-7.80577;1.66423;9.35058;1.33422;0.675779;
-7.66528;1.40486;9.49445;1.43873;0.797308;
-7.54063;1.2465;9.62563;1.31178;0.810912;
-7.40359;1.37038;9.77103;1.45404;0.815011;
-7.26806;1.35531;9.90948;1.38451;0.796053;
-7.1278;1.40262;10.0524;1.42874;0.794625;
-6.98274;1.45057;10.1962;1.43875;0.78131;
-6.84138;1.41362;10.3681;1.71916;0.882619;
-6.71993;1.21451;10.5231;1.54904;0.905861;
-6.5901;1.29828;10.6777;1.54615;0.872321;
-6.45933;1.30772;10.8456;1.67963;0.909254;
-6.33859;1.20737;11.0048;1.59171;0.921856;
-6.22056;1.18039;11.1834;1.78553;0.986669;
-6.10716;1.13399;11.3738;1.9045;1.03375;
-6.00449;1.02662;11.5409;1.67102;1.01988;
-5.90164;1.02854;11.7125;1.71646;1.03095;
-5.79407;1.07572;11.889;1.76463;1.02335;
-5.68392;1.10146;12.0499;1.60868;0.970415;
-5.57545;1.08468;12.2123;1.62433;0.982029;
-5.47334;1.02114;12.3752;1.62929;1.01095;
-5.37404;0.993033;12.5519;1.76631;1.05863;
-5.27277;1.01271;12.7228;1.70933;1.03594;
-5.17449;0.98273;12.8967;1.73893;1.05641;
-5.07295;1.01545;13.0756;1.78909;1.05456;
-4.98632;0.866239;13.2338;1.58211;1.06986;
-4.89552;0.908037;13.414;1.80223;1.10408;
-4.81373;0.817899;13.5939;1.79849;1.14398;
-4.73698;0.767559;13.776;1.82082;1.17186;
-4.67844;0.585348;13.9522;1.76261;1.25016;
-4.60618;0.722625;14.1258;1.73525;1.1762;
-4.53701;0.69165;14.2923;1.66517;1.17712;
-4.4614;0.756122;14.4735;1.81179;1.17544;
-4.36645;0.949472;14.6366;1.63104;1.04362;
-4.25491;1.11541;14.8127;1.76112;1.00621;
-4.14026;1.14657;15.0043;1.91617;1.03158;
-4.03488;1.0538;15.1775;1.73183;1.02416;
-3.93275;1.02123;15.3597;1.82208;1.05995;
-3.84094;0.918169;15.5342;1.74547;1.08654;
-3.7473;0.936325;15.7134;1.79182;1.08927;
-3.6457;1.01599;15.8865;1.73046;1.0399;
-3.5486;0.971043;16.0408;1.54339;1.00921;
-3.44771;1.00888;16.2149;1.74104;1.04561;
-3.34888;0.988359;16.3839;1.68956;1.0415;
-3.2639;0.849751;16.5451;1.61209;1.0857;
-3.15862;1.05276;16.7229;1.77865;1.03637;
-3.06265;0.959776;16.8936;1.70719;1.05864;
-2.96406;0.985872;17.0669;1.73299;1.05357;
-2.85254;1.11516;17.2422;1.75268;1.00414;
-2.75893;0.936089;17.4114;1.69203;1.06547;
-2.67286;0.860719;17.5983;1.86886;1.1392;
-2.59402;0.788435;17.7852;1.86919;1.17163;
-2.49767;0.963456;17.9714;1.8617;1.09324;
-2.4016;0.960779;18.1393;1.67948;1.05117;
-2.30226;0.993356;18.3123;1.72919;1.04937;
-2.20362;0.986384;18.4842;1.71925;1.04992;
-2.10101;1.02616;18.663;1.78808;1.0498;
-2.00263;0.983795;18.8401;1.77087;1.06371;
-1.92053;0.820957;19.0061;1.6603;1.11159;
-1.85452;0.660112;19.1585;1.52428;1.16211;
-1.77332;0.811978;19.3376;1.79014;1.14497;
-1.68895;0.843678;19.52;1.82458;1.13768;
-1.61933;0.696293;19.7205;2.00463;1.23649;
-1.54753;0.717969;19.9236;2.03083;1.23098;
-1.48403;0.635015;20.105;1.81488;1.23422;
-1.41719;0.668405;20.2943;1.89287;1.23135;
-1.35312;0.640648;20.491;1.96645;1.25585;
-1.29907;0.540498;20.7142;2.23176;1.33319;
-1.24989;0.491821;20.9117;1.97533;1.32678;
-1.18942;0.604646;21.0825;1.70841;1.23063;
-1.14277;0.466516;21.2662;1.8372;1.32212;
-1.09154;0.512295;21.4584;1.9212;1.31021;
-1.03953;0.520115;21.6478;1.89414;1.30281;
-0.989671;0.498615;21.8421;1.9437;1.31968;
-0.939543;0.501279;22.037;1.94856;1.319;
-0.898909;0.406341;22.2356;1.98601;1.36898;
-0.865821;0.330874;22.4465;2.10928;1.4152;
-0.838369;0.274527;22.6217;1.75201;1.41537;
-0.80406;0.343087;22.8156;1.93909;1.39568;
-0.770935;0.331245;23.0141;1.98497;1.40544;
-0.737234;0.337019;23.2007;1.86584;1.3921;
-0.70618;0.310538;23.3976;1.96847;1.41433;
-0.680165;0.260148;23.6108;2.13234;1.4494;
-0.651102;0.290626;23.8107;1.99906;1.42643;
-0.636162;0.149406;24.0164;2.05688;1.49829;
-0.606123;0.300384;24.2149;1.98544;1.42064;
-0.55667;0.494532;24.4006;1.85658;1.31047;
-0.505705;0.50965;24.5942;1.93631;1.31343;
-0.426427;0.792778;24.7999;2.05621;1.20281;
-0.346009;0.804184;24.9871;1.87267;1.16518;
-0.265948;0.800612;25.1677;1.80549;1.15342;
-0.184703;0.812453;25.3596;1.91946;1.17039;
-0.109341;0.753612;25.5388;1.79231;1.17277;
-0.031694;0.776474;25.7232;1.84337;1.17213;
0.0515319;0.832259;25.8876;1.64408;1.10219;
0.141412;0.898798;26.074;1.86372;1.12144;
0.224931;0.835196;26.253;1.79005;1.13424;
0.316321;0.9139;26.452;1.9903;1.14034;
0.398062;0.817412;26.6311;1.79108;1.14265;
0.474828;0.767655;26.8309;1.99788;1.20395;
0.5443;0.694723;27.0185;1.87577;1.21609;
0.61075;0.664496;27.2041;1.85661;1.22709;
0.686909;0.761592;27.3963;1.9215;1.19344;
0.762858;0.759489;27.5836;1.87295;1.18555;
0.83828;0.754219;27.7687;1.85139;1.18394;
0.944775;1.06495;27.9472;1.78472;1.0328;
1.05128;1.06507;28.1331;1.85903;1.05053;
1.14808;0.968025;28.3119;1.7885;1.0747;
1.24243;0.943491;28.4736;1.61656;1.04249;
1.35608;1.13647;28.6477;1.74073;0.992405;
1.48055;1.24466;28.8163;1.68605;0.934883;
1.58259;1.02039;28.9884;1.72149;1.03574;
1.69406;1.11473;29.1736;1.85129;1.02881;
1.7821;0.880438;29.3365;1.62954;1.07543;
1.87437;0.922679;29.513;1.76473;1.08904;
1.95929;0.849212;29.6953;1.82302;1.13486;
2.05666;0.973668;29.8847;1.89444;1.09604;

2.16467;1.08012;-29.9625;1.52785;0.955421;
2.27595;1.11275;-29.7922;1.70274;0.99196;
2.38492;1.08978;-29.6316;1.60628;0.974678;
2.49755;1.12623;-29.4582;1.7341;0.994799;
2.5865;0.889489;-29.2767;1.81489;1.1151;
2.6786;0.921022;-29.1095;1.67162;1.06721;
2.77855;0.999523;-28.9386;1.70873;1.04152;
2.88437;1.05816;-28.7656;1.73037;1.02195;
3.00256;1.18197;-28.591;1.74605;0.975715;
3.13737;1.34809;-28.4092;1.81821;0.932798;
3.26303;1.25659;-28.2461;1.63081;0.914284;
3.37718;1.14149;-28.0794;1.66665;0.970274;
3.48709;1.09906;-27.9168;1.62624;0.976477;
3.55758;0.704948;-27.7459;1.7088;1.17953;
3.64708;0.894989;-27.5485;1.97401;1.14513;
3.73057;0.834902;-27.3692;1.7938;1.13518;
3.81301;0.824382;-27.1685;2.0067;1.181;
3.91461;1.01603;-26.9868;1.81634;1.06078;
4.007;0.923864;-26.8128;1.74046;1.0828;
4.09771;0.907128;-26.6446;1.68252;1.07632;
4.20165;1.03937;-26.458;1.86512;1.06239;
4.30339;1.01744;-26.2917;1.66315;1.02178;
4.40985;1.06457;-26.1102;1.81524;1.04039;
4.50778;0.979334;-25.9362;1.73965;1.05807;
4.60855;1.00768;-25.7675;1.68779;1.03255;
4.71162;1.03067;-25.5944;1.73019;1.03355;
4.82281;1.11189;-25.4031;1.91356;1.04442;
4.92105;0.98243;-25.2056;1.97475;1.10915;
5.00157;0.805214;-25.0049;2.0071;1.18927;
5.08527;0.836961;-24.8264;1.7852;1.13239;
5.17302;0.877544;-24.6413;1.85049;1.12798;
5.2577;0.846816;-24.4592;1.8213;1.13558;
5.34172;0.840135;-24.2951;1.64139;1.09772;
5.4327;0.90987;-24.1122;1.82826;1.10901;
5.51903;0.863283;-23.9402;1.72004;1.10563;
5.6109;0.918685;-23.7587;1.8155;1.10234;
5.71325;1.02352;-23.5669;1.91813;1.08063;
5.80807;0.948171;-23.3721;1.94737;1.11768;
5.90393;0.958626;-23.1757;1.96385;1.11668;
5.99057;0.866359;-22.9989;1.76813;1.11519;
6.07477;0.842042;-22.8197;1.79219;1.13157;
6.16368;0.889116;-22.6466;1.73134;1.09637;
6.25496;0.912795;-22.4623;1.84265;1.11086;
6.32626;0.712947;-22.2718;1.90538;1.21275;
6.40533;0.790695;-22.0874;1.84366;1.16565;
6.47705;0.717192;-21.8908;1.96632;1.22105;
6.54484;0.677968;-21.7032;1.87547;1.22392;
6.60201;0.571623;-21.5127;1.90489;1.27927;
6.66248;0.604694;-21.3249;1.87859;1.25938;
6.71763;0.551511;-21.1392;1.85648;1.28203;
6.77274;0.551096;-20.9422;1.97078;1.29813;
6.83258;0.598398;-20.7499;1.92304;1.26912;
6.90361;0.710333;-20.5849;1.64931;1.16412;
6.97484;0.712304;-20.3968;1.88146;1.20888;
7.05754;0.827011;-20.1931;2.03631;1.18501;
7.10395;0.464124;-20.0019;1.91198;1.33266;
7.15229;0.483382;-19.7993;2.0264;1.33663;
7.1874;0.351099;-19.5953;2.04025;1.40038;
7.21997;0.325689;-19.3995;1.95783;1.40595;
7.251;0.310276;-19.2007;1.98844;1.416;
7.28074;0.29739;-19.0063;1.94327;1.41894;
7.31168;0.309458;-18.8086;1.97771;1.41558;
7.30131;-0.103709;-18.6111;1.97492;1.62326;
7.25533;-0.459861;-18.4263;1.84755;1.81474;
7.20477;-0.505605;-18.2194;2.0687;1.8105;
7.15743;-0.473337;-18.0254;1.93993;1.81012;
7.09878;-0.586536;-17.8299;1.95512;1.86225;
7.05072;-0.480629;-17.6439;1.86079;1.82357;
7.01643;-0.342812;-17.4534;1.90502;1.74884;
6.98261;-0.338194;-17.2531;2.00254;1.7381;
6.98747;0.0485685;-17.0475;2.05645;1.54718;
6.98996;0.0248615;-16.8599;1.87581;1.55754;
6.99019;0.00236604;-16.6677;1.92181;1.56957;
6.97283;-0.173658;-16.4583;2.09382;1.65355;
6.96028;-0.125458;-16.2625;1.95779;1.63479;
6.94964;-0.106454;-16.0669;1.95624;1.62516;
6.94166;-0.0797627;-15.8644;2.0253;1.61016;
6.93889;-0.0277092;-15.6838;1.80609;1.58614;
6.93379;-0.0509854;-15.484;1.99735;1.59632;
6.91327;-0.205167;-15.2898;1.94253;1.67602;
6.89417;-0.191047;-15.0817;2.0805;1.66237;
6.87985;-0.14316;-14.8779;2.03793;1.64093;
6.86162;-0.182332;-14.6754;2.02564;1.66057;
6.86388;0.0225896;-14.4767;1.98717;1.55943;
6.86675;0.0286671;-14.2801;1.96589;1.55622;
6.85892;-0.0782465;-14.077;2.03042;1.60931;
6.79914;-0.597828;-13.8866;1.90407;1.87502;
6.73658;-0.625608;-13.6887;1.97924;1.87694;
6.67827;-0.58307;-13.4926;1.96125;1.85977;
6.62127;-0.570004;-13.3009;1.91682;1.85984;
6.55329;-0.67978;-13.1154;1.85462;1.92212;
6.50886;-0.444321;-12.915;2.0047;1.78891;
6.45821;-0.50655;-12.6908;2.242;1.793;
6.3962;-0.620068;-12.4935;1.97282;1.87532;
6.33904;-0.571557;-12.3134;1.80026;1.87822;
6.27568;-0.633613;-12.1207;1.92779;1.88835;
6.21683;-0.588515;-11.9298;1.90839;1.86993;
6.15411;-0.627228;-11.738;1.91816;1.88683;
6.09824;-0.558681;-11.5516;1.86451;1.86192;
6.0376;-0.60638;-11.3626;1.89005;1.88125;
5.97544;-0.621625;-11.173;1.89602;1.88761;
5.91589;-0.595445;-10.9803;1.92669;1.87054;
5.85818;-0.577123;-10.7874;1.92909;1.86149;
5.79844;-0.59741;-10.5763;2.11099;1.84659;
5.74736;-0.510837;-10.3505;2.25825;1.79326;
5.70739;-0.39967;-10.1603;1.9019;1.77792;
5.65267;-0.547204;-9.93232;2.27945;1.8064;
5.60766;-0.450125;-9.73897;1.93353;1.79952;
5.56227;-0.453825;-9.54406;1.94907;1.79956;
5.5046;-0.576762;-9.35043;1.93625;1.8603;
5.44744;-0.5716;-9.1588;1.91629;1.86068;
5.38002;-0.674177;-8.97773;1.81075;1.92721;
5.31296;-0.67062;-8.78822;1.89507;1.91092;
5.2576;-0.553547;-8.58479;2.03433;1.83647;
5.18464;-0.729662;-8.40116;1.8363;1.94902;
5.10663;-0.780047;-8.20857;1.92594;1.95562;
5.03091;-0.75725;-8.02039;1.88175;1.95338;
4.96381;-0.670945;-7.84181;1.78584;1.93018;
4.8709;-0.929098;-7.65391;1.87895;2.03002;
4.79117;-0.797326;-7.46449;1.89427;1.9692;
4.71116;-0.800159;-7.27702;1.87468;1.97421;
4.64097;-0.701825;-7.09496;1.8206;1.93873;
4.56519;-0.757787;-6.90726;1.87694;1.95452;
4.48252;-0.82676;-6.72683;1.80432;2.00046;
4.39282;-0.896952;-6.53175;1.95085;2.00175;
4.3126;-0.802269;-6.31647;2.15273;1.92753;
4.2273;-0.852985;-6.11262;2.03854;1.96709;
4.14931;-0.779882;-5.92925;1.83367;1.97293;
4.07551;-0.738033;-5.74287;1.8638;1.94784;
3.99943;-0.76072;-5.55733;1.8554;1.9599;
3.92983;-0.696007;-5.3752;1.82137;1.93581;
3.87242;-0.574148;-5.1802;1.94992;1.85715;
3.82453;-0.47891;-4.99295;1.87255;1.82118;
3.77384;-0.506913;-4.79337;1.99576;1.81953;
3.71198;-0.61855;-4.61394;1.79436;1.90276;
3.63821;-0.73774;-4.43901;1.74932;1.96989;
3.56335;-0.748567;-4.25928;1.79727;1.96545;
3.48056;-0.827948;-4.07287;1.86405;1.98879;
3.39686;-0.837006;-3.89136;1.81519;2.00285;
3.28851;-1.08341;-3.71297;1.78389;2.11659;
3.18015;-1.08365;-3.52851;1.84452;2.10197;
3.08653;-0.936249;-3.35517;1.73348;2.066;
3.00753;-0.789941;-3.18381;1.7136;2.00275;
2.91118;-0.963515;-3.00269;1.81111;2.05972;
2.80612;-1.05056;-2.8003;2.02394;2.04958;
2.71318;-0.92947;-2.62846;1.7184;2.06662;
2.61871;-0.944704;-2.43965;1.88815;2.03471;
2.55901;-0.596968;-2.2663;1.73344;1.90246;
2.47486;-0.841449;-2.06436;2.01946;1.96559;
2.40473;-0.701338;-1.8781;1.86255;1.93092;
2.34507;-0.596657;-1.68736;1.90746;1.87396;
2.2897;-0.553675;-1.4954;1.9196;1.85161;
2.23947;-0.502252;-1.29586;1.99532;1.81739;
2.18813;-0.513436;-1.09605;1.99812;1.82231;
2.15022;-0.379138;-0.883424;2.12627;1.74725;
2.12277;-0.274435;-0.676975;2.06449;1.70295;
2.06652;-0.562515;-0.464042;2.12933;1.82907;
2.00132;-0.651967;-0.276513;1.87529;1.90539;
1.93548;-0.658476;-0.0871234;1.8939;1.90541;
1.85261;-0.828696;0.105062;1.92185;1.9779;
1.76643;-0.861751;0.300697;1.95635;1.98571;
1.68838;-0.780498;0.490384;1.89688;1.96115;
1.61346;-0.749227;0.648375;1.57991;2.01361;
1.51071;-1.02746;0.819903;1.71528;2.11048;
1.4073;-1.03413;0.995446;1.75543;2.10316;
1.29474;-1.1256;1.15621;1.60764;2.18163;
1.1672;-1.27537;1.33774;1.81529;2.18325;
1.05355;-1.13652;1.48061;1.4287;2.24278;
0.919222;-1.34328;1.63599;1.55381;2.28365;
0.788888;-1.30335;1.78729;1.51299;2.28189;
0.659572;-1.29315;1.93664;1.49347;2.28443;
0.527497;-1.32076;2.08945;1.52816;2.28352;
0.395165;-1.32331;2.23549;1.46042;2.30698;
0.251056;-1.4411;2.38319;1.47695;2.34391;
0.0990102;-1.52045;2.53783;1.54645;2.34772;
-0.0376822;-1.36692;2.71164;1.73804;2.23724;
-0.160508;-1.22826;2.86735;1.55714;2.23867;
-0.278738;-1.1823;3.01207;1.44716;2.2558;
-0.400242;-1.21504;3.16858;1.56517;2.23092;
-0.522603;-1.22361;3.31416;1.4558;2.26975;
-0.654438;-1.31835;3.46509;1.50929;2.28877;
-0.783053;-1.28615;3.60543;1.40335;2.31265;
-0.918645;-1.35592;3.7531;1.47672;2.31358;
-1.05197;-1.3332;3.89494;1.41836;2.32526;
-1.19178;-1.39817;4.03727;1.42337;2.34726;
-1.32778;-1.36003;4.17272;1.35449;2.35823;
-1.45991;-1.32124;4.3162;1.43475;2.31503;
-1.59666;-1.36749;4.45329;1.37096;2.35493;
-1.75351;-1.56851;4.59062;1.37331;2.42245;
-1.90542;-1.51906;4.72228;1.31651;2.4275;
-2.05667;-1.51255;4.85285;1.30573;2.42945;
-2.187;-1.30325;4.98076;1.27911;2.36554;
-2.32434;-1.37347;5.11567;1.34914;2.36513;
-2.467;-1.42656;5.25575;1.40075;2.36532;
-2.60234;-1.35344;5.38982;1.34067;2.36093;
-2.74277;-1.40425;5.53837;1.48556;2.32807;
-2.88272;-1.39949;5.68898;1.50613;2.31951;
-2.98355;-1.00837;5.86814;1.79152;2.08346;
-3.07752;-0.939693;6.0376;1.69465;2.07709;
-3.16881;-0.912887;6.20512;1.67518;2.06975;
-3.27984;-1.11025;6.36917;1.64046;2.16578;
-3.39197;-1.12129;6.53477;1.65601;2.16599;
-3.50743;-1.15464;6.69948;1.64717;2.18218;
-3.60306;-0.956313;6.86949;1.7001;2.08319;
-3.68444;-0.813836;7.05494;1.85447;1.98434;
-3.7702;-0.85758;7.25856;2.0362;1.96942;
-3.85032;-0.801182;7.47059;2.1203;1.93208;
-3.91631;-0.659852;7.66106;1.90475;1.90428;
-3.97282;-0.565159;7.85736;1.96298;1.85112;
-4.04493;-0.721126;8.03759;1.80225;1.95141;
-4.11901;-0.740748;8.23567;1.98084;1.92865;
-4.17295;-0.539424;8.42212;1.86454;1.85241;
-4.23258;-0.596245;8.6014;1.79276;1.89187;
-4.31078;-0.782018;8.78013;1.78734;1.98323;
-4.40472;-0.939429;8.95687;1.76733;2.05937;
-4.53245;-1.27729;9.16363;2.0676;2.12417;
-4.61594;-0.83488;9.35128;1.8765;1.98941;
-4.69235;-0.764077;9.53748;1.86197;1.9602;
-4.77649;-0.841449;9.7224;1.84922;1.99782;
-4.86016;-0.836693;9.90228;1.7988;2.00617;
-4.93464;-0.744755;10.0679;1.65591;1.99345;
-5.01634;-0.81703;10.2477;1.7981;1.99729;
-5.09408;-0.777391;10.4275;1.79856;1.97878;
-5.17485;-0.807722;10.6163;1.88742;1.97516;
-5.25217;-0.773176;10.7992;1.82943;1.97066;
-5.32954;-0.773729;10.9785;1.79311;1.97816;
-5.40754;-0.780043;11.1599;1.81359;1.97699;
-5.46899;-0.614492;11.3686;2.08747;1.85708;
-5.52386;-0.548681;11.5606;1.9193;1.84924;
-5.59499;-0.711255;11.749;1.88443;1.9317;
-5.68021;-0.85225;11.9229;1.73908;2.02646;
-5.74857;-0.683561;12.117;1.94075;1.90944;
-5.8103;-0.617271;12.2964;1.79393;1.9022;
-5.87509;-0.647911;12.4832;1.86816;1.90463;
-5.94294;-0.678546;12.6775;1.94277;1.90682;
-6.005;-0.620627;12.8731;1.95579;1.87807;
-6.06822;-0.632203;13.0655;1.92419;1.88824;
-6.12557;-0.573473;13.2444;1.78949;1.88092;
-6.19132;-0.657508;13.4253;1.80877;1.91946;
-6.25596;-0.646371;13.6139;1.8859;1.90099;
-6.31543;-0.594668;13.8097;1.95788;1.86567;
-6.3623;-0.468734;13.9909;1.81236;1.82388;
-6.42048;-0.581829;14.1791;1.88139;1.87072;
-6.4612;-0.407167;14.3684;1.89319;1.78264;
-6.50413;-0.429323;14.5635;1.95082;1.78742;
-6.54654;-0.424133;14.758;1.94524;1.78547;
-6.58394;-0.373911;14.9531;1.95156;1.7601;
-6.63821;-0.542696;15.1624;2.09227;1.82459;
-6.71152;-0.733126;15.3652;2.02832;1.91763;
-6.78308;-0.715627;15.5499;1.84702;1.94044;
-6.85048;-0.673955;15.7434;1.93508;1.90594;
-6.92241;-0.719374;15.939;1.95546;1.92331;
-6.99351;-0.711004;16.1443;2.05314;1.90417;
-7.05116;-0.576478;16.3337;1.89462;1.86617;
-7.10997;-0.588043;16.5266;1.92867;1.86674;
-7.16453;-0.545665;16.718;1.91384;1.84854;
-7.20506;-0.405308;16.8897;1.71713;1.80259;
-7.24963;-0.445696;17.0872;1.97463;1.79279;
-7.29027;-0.40633;17.2942;2.07039;1.76459;
-7.33516;-0.448971;17.4898;1.95657;1.79636;
-7.3748;-0.396361;17.6863;1.9642;1.76992;
-7.44308;-0.682835;17.8838;1.9752;1.90364;
-7.52013;-0.770454;18.0527;1.68893;1.99878;
-7.60353;-0.834018;18.2332;1.80553;2.00352;
-7.6617;-0.5817;18.3986;1.65369;1.90904;
-7.72761;-0.659102;18.585;1.86399;1.91067;
-7.80648;-0.788707;18.7736;1.88638;1.96681;
-7.88237;-0.758932;18.9584;1.84782;1.96051;
-7.94079;-0.584165;19.1598;2.01333;1.85319;
-7.99671;-0.559202;19.3493;1.89587;1.85762;
-8.04925;-0.525371;19.5366;1.87237;1.84435;
-8.0738;-0.245535;19.7385;2.01922;1.6918;
-8.09569;-0.21889;19.9338;1.95273;1.68242;
-8.11354;-0.178514;20.1265;1.92685;1.66318;
-8.11939;-0.0584785;20.3056;1.79162;1.60342;
-8.12047;-0.0107615;20.5064;2.00739;1.57616;
-8.12571;-0.0524155;20.7065;2.00164;1.59698;
-8.13042;-0.0471332;20.9036;1.9704;1.59471;
-8.13293;-0.0250438;21.0993;1.95781;1.58359;
-8.12814;0.0478657;21.3071;2.07767;1.54776;
-8.12427;0.0386653;21.5066;1.99445;1.55141;
-8.12032;0.0395074;21.7067;2.00101;1.55106;
-8.10326;0.17057;21.895;1.88355;1.48049;
-8.08561;0.176581;22.0922;1.97193;1.48149;
-8.06463;0.209759;22.2841;1.91899;1.46192;
-8.04276;0.218747;22.4829;1.9875;1.46118;
-8.0168;0.259598;22.6808;1.9792;1.44038;
-7.98108;0.357205;22.8875;2.06686;1.39966;
-7.95362;0.274529;23.0798;1.92386;1.42906;
-7.92476;0.288636;23.2703;1.9044;1.42038;
-7.88841;0.363526;23.4873;2.16973;1.40479;
-7.86491;0.234985;23.6757;1.88422;1.44673;
-7.84349;0.214151;23.8795;2.03789;1.4661;
-7.8257;0.17795;24.0687;1.8923;1.47703;
-7.80898;0.167143;24.2648;1.96089;1.48576;
-7.7772;0.317853;24.4755;2.10681;1.42106;
-7.74512;0.320819;24.6693;1.93816;1.40676;
-7.7396;0.0552073;24.84;1.7071;1.53847;
-7.73548;0.0411296;25.0378;1.97808;1.55001;
-7.73084;0.0464268;25.2321;1.94313;1.54691;
-7.71996;0.108832;25.4329;2.00827;1.51666;
-7.69438;0.255735;25.637;2.04024;1.4461;
-7.66281;0.315761;25.8524;2.1548;1.42529;
-7.63388;0.289291;26.0504;1.97915;1.42565;
-7.59548;0.383966;26.2411;1.90705;1.37211;
-7.55566;0.398184;26.4398;1.98754;1.37307;
-7.5215;0.341607;26.6267;1.86914;1.39003;
-7.46445;0.5705;26.8377;2.10971;1.3067;
-7.39953;0.649175;27.0266;1.889;1.23978;
-7.33506;0.644754;27.2121;1.85516;1.23631;
-7.28038;0.546774;27.4048;1.9265;1.29425;
-7.23173;0.486544;27.5881;1.83302;1.31135;
-7.17524;0.564844;27.7754;1.87331;1.27794;
-7.12167;0.535681;27.9698;1.94433;1.30196;
-7.06885;0.528242;28.1603;1.90474;1.30027;
-7.0117;0.571512;28.3523;1.9196;1.28143;
-6.95684;0.548556;28.5479;1.95587;1.29735;
-6.91149;0.45353;28.7417;1.93874;1.341;
-6.86142;0.50072;28.9385;1.96739;1.32158;
-6.81567;0.457482;29.1277;1.89258;1.33362;
-6.76151;0.541614;29.3259;1.9816;1.30399;
-6.68844;0.730731;29.5299;2.04015;1.22686;
-6.65365;0.347819;29.6978;1.6788;1.3665;
-6.61884;0.348141;29.8996;2.0184;1.39999;

-6.61988;-0.0103691;-29.9142;1.86174;1.57637;
-6.61636;0.0351635;-29.7096;2.04629;1.55361;
-6.61216;0.0420137;-29.5105;1.99092;1.5497;
-6.58902;0.231387;-29.3182;1.92299;1.45105;
-6.57907;0.0994648;-29.1091;2.09045;1.52325;
-6.5407;0.383781;-28.9117;1.97471;1.37884;
-6.50248;0.382132;-28.7169;1.94803;1.37709;
-6.46474;0.377412;-28.5198;1.97061;1.38157;
-6.44091;0.238314;-28.3175;2.02296;1.45353;
-6.40446;0.36448;-28.1245;1.9296;1.38411;
-6.36405;0.404165;-27.9411;1.83476;1.35398;
-6.31951;0.445381;-27.7478;1.9323;1.34426;
-6.28701;0.325016;-27.5358;2.12061;1.41871;
-6.29327;-0.0626885;-27.3456;1.90158;1.60375;
-6.31139;-0.181101;-27.1349;2.10766;1.65651;
-6.33463;-0.232458;-26.9354;1.99414;1.68684;
-6.33534;-0.00712552;-26.7501;1.85326;1.57464;
-6.33483;0.00510551;-26.5512;1.98895;1.56823;
-6.33291;0.0192414;-26.3363;2.14881;1.56184;
-6.33419;-0.0128215;-26.1291;2.07266;1.57698;
-6.32664;0.0755156;-25.9308;1.98278;1.53273;
-6.30263;0.240096;-25.7428;1.88022;1.44379;
-6.27221;0.304151;-25.5307;2.12101;1.42837;
-6.24523;0.269823;-25.3298;2.0085;1.43726;
-6.22077;0.24464;-25.1331;1.96728;1.44708;
-6.22869;-0.0792193;-24.9498;1.8326;1.614;
-6.23937;-0.10681;-24.7517;1.98089;1.62466;
-6.23489;0.0448193;-24.5332;2.18582;1.55029;
-6.24082;-0.0593124;-24.334;1.99155;1.60057;
-6.25481;-0.139876;-24.1217;2.12347;1.63657;
-6.26604;-0.11235;-23.9389;1.82807;1.63218;
-6.27948;-0.1344;-23.742;1.96886;1.63895;
-6.29329;-0.138049;-23.5364;2.05582;1.63785;
-6.29475;-0.0145718;-23.3241;2.12267;1.57766;
-6.28956;0.0518083;-23.1208;2.03369;1.54533;
-6.25707;0.324959;-22.9194;2.01332;1.41077;
-6.23818;0.188848;-22.7153;2.04129;1.47855;
-6.2346;0.0358202;-22.5203;1.95014;1.55243;
-6.21786;0.167463;-22.3132;2.07113;1.49012;
-6.20252;0.153371;-22.1152;1.97968;1.49348;
-6.1989;0.036161;-21.9117;2.03511;1.55303;
-6.19596;0.0293822;-21.7115;2.00152;1.55612;
-6.19542;0.00546347;-21.5107;2.00826;1.56808;
-6.18944;0.0597668;-21.3076;2.03142;1.54138;
-6.17384;0.156021;-21.1562;1.51371;1.46809;
-6.15339;0.204458;-20.9572;1.98951;1.46839;
-6.11921;0.341828;-20.7644;1.92827;1.39535;
-6.07394;0.452749;-20.5699;1.94555;1.34216;
-6.03663;0.373002;-20.3815;1.88317;1.37526;
-5.9956;0.410352;-20.1817;1.99879;1.36831;
-5.95393;0.416649;-19.9864;1.95277;1.36059;
-5.91777;0.36168;-19.7832;2.03191;1.39464;
-5.88354;0.342288;-19.562;2.21216;1.41728;
-5.84432;0.392229;-19.3695;1.92461;1.36975;
-5.80747;0.368454;-19.1863;1.8319;1.37231;
-5.73944;0.680321;-18.992;1.94362;1.2341;
-5.67195;0.674885;-18.8014;1.9058;1.23045;
-5.62073;0.51223;-18.6026;1.98784;1.3186;
-5.57306;0.476633;-18.4156;1.86988;1.32121;
-5.52621;0.468539;-18.223;1.92635;1.3322;
-5.46129;0.649169;-18.0207;2.02318;1.26031;
-5.41732;0.439701;-17.8244;1.96308;1.35045;
-5.37085;0.464703;-17.6286;1.9573;1.33769;
