#1 AntPos X;#2 AntPos Y;#3 Distance form nest;#4 Total Distance;#5 Total Y Distance
-9.45995;-12.6248;15.7758;0.210916;0.0296055
-9.65377;-12.5886;15.864;0.408002;0.0658784
-9.85677;-12.5275;15.9404;0.618802;0.126892
-10.0467;-12.47;16.0137;0.816723;0.184456
-10.2443;-12.4076;16.0902;1.02338;0.24681
-10.4415;-12.3455;16.169;1.2298;0.308961
-10.6476;-12.2962;16.2656;1.44174;0.358244
-10.8435;-12.2498;16.3597;1.643;0.404611
-11.044;-12.2032;16.4586;1.84879;0.451266
-11.2427;-12.1503;16.5538;2.05436;0.504118
-11.4406;-12.1165;16.6643;2.25461;0.537894
-11.6371;-12.1094;16.7946;2.4474;0.544998
-11.8407;-12.1097;16.9366;2.64629;0.544745
-12.0417;-12.1247;17.0884;2.84043;0.529707
-12.2381;-12.139;17.2374;3.03112;0.515405
-12.4342;-12.147;17.3827;3.2233;0.507431
-12.6226;-12.1726;17.5357;3.40571;0.481862
-12.8191;-12.1962;17.694;3.59729;0.45825
-13.0208;-12.2201;17.857;3.79465;0.434289
-13.2134;-12.2417;18.0125;3.98367;0.412752
-13.4397;-12.2688;18.1975;4.20625;0.38559
-13.6406;-12.2739;18.3497;4.40589;0.380549
-13.8422;-12.3014;18.5184;4.60468;0.353014
-14.0322;-12.3263;18.6772;4.79229;0.328126
-14.2192;-12.3308;18.8211;4.97861;0.323626
-14.4081;-12.3325;18.9653;5.16703;0.321983
-14.62;-12.3214;19.1197;5.37925;0.333082
-14.8113;-12.3156;19.2626;5.57047;0.338882
-14.9902;-12.3087;19.3961;5.74951;0.345774
-15.192;-12.3032;19.5491;5.95122;0.351194
-15.3809;-12.3;19.6942;6.14005;0.354442
-15.5785;-12.3016;19.8499;6.33719;0.352873
-15.7869;-12.3102;20.0192;6.54481;0.34422
-15.9809;-12.3014;20.1671;6.73906;0.353061
-16.1777;-12.2802;20.3106;6.93669;0.374283
-16.363;-12.2545;20.4431;7.12315;0.399964
-16.5493;-12.2086;20.5653;7.31177;0.445808
-16.7438;-12.1626;20.695;7.50882;0.491852
-16.9351;-12.087;20.8061;7.70485;0.567426
-17.123;-12.0104;20.9152;7.89815;0.64405
-17.3071;-11.9197;21.0146;8.0894;0.734702
-17.4852;-11.8284;21.1103;8.27543;0.826061
-17.6635;-11.7379;21.208;8.4622;0.916492
-17.8324;-11.6656;21.3092;8.63811;0.988852
-18.0141;-11.6016;21.4267;8.82596;1.05282
-18.1867;-11.5333;21.5354;9.00565;1.12115
-18.3918;-11.4616;21.6708;9.21815;1.19288
-18.6086;-11.398;21.8219;9.44144;1.25644
-18.802;-11.3373;21.9557;9.64132;1.31717
-18.9902;-11.2841;22.0898;9.83503;1.37037
-19.1914;-11.2202;22.2306;10.0432;1.43427
-19.3795;-11.169;22.3677;10.2368;1.48541
-19.5675;-11.1567;22.5246;10.4245;1.49769
-19.7861;-11.146;22.7095;10.6424;1.50844
-19.968;-11.1494;22.8698;10.822;1.50506
-20.1769;-11.1562;23.0557;11.028;1.49827
-20.3481;-11.1469;23.2013;11.1989;1.50753
-20.5322;-11.1545;23.3665;11.3803;1.4999
-20.7299;-11.1789;23.552;11.5732;1.47554
-20.9397;-11.2002;23.7469;11.7787;1.45424
-21.1414;-11.2203;23.9344;11.9765;1.43418
-21.342;-11.242;24.1218;12.1731;1.41247
-21.5511;-11.2518;24.3116;12.3796;1.40259
-21.759;-11.2603;24.5;12.5853;1.39413
-21.9886;-11.2395;24.6946;12.8158;1.41492
-22.1952;-11.2192;24.8696;13.0234;1.43522
-22.4005;-11.2086;25.0483;13.2287;1.44582
-22.6286;-11.1799;25.2397;13.4585;1.47452
-22.8342;-11.1495;25.4108;13.6661;1.50494
-23.0395;-11.1006;25.5743;13.8757;1.55383
-23.2373;-11.0559;25.7334;14.0773;1.59855
-23.4316;-11.0174;25.8925;14.2747;1.63707
-23.6234;-10.9814;26.051;14.4693;1.67304
-23.809;-10.9542;26.208;14.6568;1.70023
-24.0068;-10.9259;26.3761;14.8565;1.7285
-24.2116;-10.8955;26.5502;15.0636;1.7589
-24.4072;-10.8706;26.7186;15.2607;1.78383
-24.6114;-10.8739;26.9066;15.4631;1.7805
-24.8132;-10.8771;27.0926;15.6632;1.7773
-25.0354;-10.8848;27.2993;15.8831;1.76959
-25.2388;-10.8798;27.4839;16.0858;1.7746
-25.4286;-10.8653;27.6526;16.2761;1.78914
-25.6168;-10.8512;27.8203;16.4647;1.80328
-25.8123;-10.8562;28.0023;16.6585;1.79824
-26.0096;-10.8611;28.1862;16.8541;1.79329
-26.1974;-10.8938;28.3722;17.0375;1.76066
-26.3665;-10.8992;28.5304;17.2051;1.75527
-26.5648;-10.9045;28.7158;17.4019;1.74995
-26.782;-10.8933;28.9127;17.6192;1.76115
-26.9845;-10.8864;29.0978;17.8213;1.76802
-27.1511;-10.8911;29.2541;17.9866;1.76329
-27.347;-10.8989;29.4388;18.1808;1.75558
-27.5337;-10.8985;29.6122;18.3667;1.75594
-27.7231;-10.8887;29.7848;18.5562;1.76573
-27.9367;-10.8772;29.9796;18.7699;1.77721
-28.1313;-10.8759;30.1604;18.9637;1.77858
-28.3299;-10.8731;30.3448;19.1618;1.78136
-28.5346;-10.871;30.5353;19.3658;1.78341
-28.741;-10.8472;30.7198;19.5734;1.80722
-28.928;-10.8265;30.8875;19.7616;1.82797
-29.1299;-10.8037;31.0688;19.9648;1.85078
-29.3331;-10.777;31.2502;20.1696;1.87744
-29.5341;-10.7566;31.432;20.3716;1.89779
-29.7177;-10.7266;31.5943;20.5572;1.92787
-29.942;-10.6911;31.7935;20.7839;1.9633

29.8621;-10.6579;31.707;20.982;1.99656
29.664;-10.6424;31.5153;21.1806;2.01206
29.4814;-10.6378;31.3419;21.3629;2.01663
29.2813;-10.6331;31.1522;21.5625;2.02133
29.1015;-10.6225;30.9796;21.7425;2.03195
28.894;-10.614;30.7818;21.9499;2.04046
28.6942;-10.6056;30.5914;22.1497;2.04884
28.4964;-10.6055;30.406;22.3466;2.04892
28.2958;-10.6055;30.218;22.5464;2.04889
28.0876;-10.6233;30.0294;22.7522;2.03113
27.8808;-10.6365;29.8408;22.957;2.01798
27.6853;-10.6558;29.6651;23.15;1.99864
27.4914;-10.6977;29.4994;23.3397;1.95676
27.291;-10.7196;29.3208;23.5376;1.93485
27.0926;-10.7409;29.1441;23.7335;1.91353
26.8954;-10.7614;28.9685;23.9284;1.893
26.6922;-10.7777;28.786;24.1298;1.87674
26.4699;-10.7938;28.586;24.3502;1.86062
26.2629;-10.8376;28.4112;24.5533;1.8168
26.0604;-10.8887;28.2437;24.7516;1.7657
25.8559;-10.9305;28.0714;24.9526;1.72389
25.646;-10.9625;27.8907;25.1599;1.69197
25.4444;-10.9884;27.7158;25.3592;1.66603
25.2554;-11.0068;27.5497;25.5467;1.64766
25.0526;-11.0231;27.3704;25.748;1.63136
24.8615;-11.0555;27.2088;25.9367;1.5989
24.6612;-11.0879;27.0392;26.1347;1.56653
24.4667;-11.1216;26.8759;26.3268;1.53284
24.2691;-11.1526;26.7089;26.5224;1.50187
24.0709;-11.1805;26.5408;26.7186;1.4739
23.8645;-11.2034;26.3634;26.9235;1.45105
23.6681;-11.2205;26.1931;27.1188;1.43397
23.4714;-11.2433;26.0253;27.314;1.4111
23.2715;-11.277;25.8598;27.5119;1.37744
23.0502;-11.3049;25.6731;27.7316;1.34954
22.8625;-11.3311;25.5164;27.9178;1.32334
22.6424;-11.3708;25.3372;28.1358;1.28362
22.4469;-11.4058;25.1785;28.3295;1.24863
22.2627;-11.4514;25.0352;28.5116;1.20305
22.0659;-11.5032;24.8843;28.7061;1.15126
21.8733;-11.5604;24.7403;28.8963;1.09407
21.6857;-11.6289;24.6069;29.0813;1.02558
21.5016;-11.6919;24.4749;29.2631;0.962506
21.3138;-11.7575;24.3417;29.4487;0.896961
21.1233;-11.8261;24.2084;29.6372;0.828346
20.9332;-11.8895;24.074;29.8255;0.764945
20.7313;-11.9651;23.9364;30.0255;0.689288
20.5309;-12.0384;23.8;30.2243;0.616005
20.33;-12.1083;23.6626;30.4238;0.54611
20.1538;-12.1584;23.5373;30.5991;0.49605
19.9256;-12.2069;23.3675;30.8265;0.447526
19.7479;-12.2311;23.2288;31.0039;0.42337
19.5534;-12.2501;23.0738;31.1981;0.404325
19.3715;-12.2445;22.9168;31.3801;0.409968
19.17;-12.2329;22.7405;31.5817;0.421568
18.9845;-12.2272;22.5813;31.7673;0.427197
18.7927;-12.2112;22.4116;31.9592;0.443199
18.5809;-12.21;22.2336;32.1711;0.444483
18.384;-12.2002;22.0639;32.3681;0.454212
18.1864;-12.1899;21.8938;32.5658;0.46453
17.9926;-12.1905;21.7334;32.7595;0.463937
17.7786;-12.1692;21.5446;32.9738;0.485191
17.577;-12.1588;21.3726;33.1756;0.495604
17.3741;-12.1487;21.2003;33.3786;0.505761
17.1669;-12.1242;21.0166;33.5861;0.53026
16.9615;-12.0982;20.8341;33.7919;0.556236
16.7463;-12.0802;20.6487;34.0074;0.574234
16.5516;-12.0804;20.4913;34.2021;0.573993
16.3222;-12.0733;20.3022;34.4316;0.581121
16.1212;-12.0735;20.1411;34.6325;0.58089
15.9025;-12.074;19.9668;34.8512;0.580413
15.71;-12.0669;19.8094;35.0438;0.587547
15.5124;-12.0531;19.6447;35.2416;0.601358
15.2947;-12.067;19.4818;35.459;0.587405
15.0975;-12.076;19.333;35.656;0.578426
14.8961;-12.0946;19.1878;35.8572;0.559803
14.6993;-12.1136;19.0475;36.0537;0.540868
14.4809;-12.1231;18.8856;36.2719;0.531296
14.2726;-12.146;18.7412;36.4798;0.508433
14.0898;-12.146;18.6024;36.6626;0.508387
13.8932;-12.1434;18.4522;36.8592;0.511008
13.6947;-12.1439;18.3036;37.0577;0.510506
13.4963;-12.1438;18.1555;37.2561;0.510636
13.2987;-12.121;17.9937;37.454;0.533456
13.1029;-12.0978;17.8337;37.6501;0.556681
12.9024;-12.0725;17.6696;37.851;0.581949
12.7012;-12.0465;17.5054;38.0525;0.607937
12.5061;-12.0301;17.353;38.2479;0.62432
12.307;-12.0135;17.1985;38.4472;0.640921
12.0937;-11.9878;17.0284;38.6609;0.666591
11.8946;-11.9814;16.883;38.8601;0.673048
11.7168;-12.0003;16.7717;39.0376;0.654127
11.4836;-11.9974;16.6076;39.2707;0.656986
11.2875;-11.9742;16.4557;39.4672;0.680214
11.092;-11.956;16.3088;39.663;0.698451
10.8759;-11.9153;16.1326;39.8798;0.739147
10.6794;-11.8746;15.9705;40.0771;0.779802
10.4894;-11.8174;15.8012;40.2682;0.83704
10.2988;-11.7604;15.6324;40.46;0.894014
10.1158;-11.7059;15.4712;40.6441;0.94849
9.92295;-11.6557;15.3075;40.8381;0.998758
9.72849;-11.6068;15.1447;41.0338;1.04763
9.53264;-11.5588;14.9826;41.2308;1.0956
9.33834;-11.5112;14.8227;41.4263;1.14325
9.14769;-11.4594;14.6628;41.6184;1.195
8.97354;-11.402;14.5097;41.7941;1.25241
8.76806;-11.3345;14.33;42.0016;1.31996
8.54963;-11.3116;14.1792;42.2206;1.34279
8.36809;-11.2996;14.0608;42.4024;1.35479
8.15256;-11.2703;13.9098;42.6188;1.38417
7.97172;-11.2523;13.79;42.8001;1.4021
7.74784;-11.2185;13.6339;43.025;1.43596
7.54919;-11.1874;13.4962;43.2246;1.46703
7.35303;-11.1568;13.3619;43.4217;1.49763
7.14865;-11.1324;13.23;43.6268;1.52208
6.96294;-11.0955;13.0993;43.8137;1.55893
6.77005;-11.045;12.9547;44.0083;1.60945
6.54067;-10.972;12.7736;44.2402;1.68244
6.34657;-10.9284;12.6376;44.4358;1.726
6.15364;-10.8759;12.4961;44.6307;1.7785
5.95373;-10.8603;12.3852;44.8311;1.79412
5.74649;-10.8246;12.2554;45.0396;1.82985
5.53384;-10.8177;12.151;45.2523;1.83673
5.32301;-10.8258;12.0636;45.4627;1.82867
5.14171;-10.8423;11.9997;45.6432;1.81211
4.93791;-10.846;11.9171;45.8467;1.80848
4.7319;-10.8701;11.8554;46.0516;1.7843
4.53313;-10.8936;11.7991;46.2493;1.76087
4.31586;-10.9194;11.7414;46.4654;1.73501
4.12851;-10.9171;11.6716;46.6527;1.73735
3.94672;-10.9162;11.6077;46.8344;1.73825
3.74403;-10.9024;11.5274;47.0375;1.75201
3.52582;-10.886;11.4428;47.2562;1.7684
3.34644;-10.8526;11.3568;47.4367;1.80182
3.16973;-10.803;11.2584;47.6152;1.85142
2.99741;-10.7718;11.181;47.7886;1.88266
2.80226;-10.7262;11.0862;47.9854;1.92828
2.59205;-10.6808;10.9908;48.1973;1.97362
2.39801;-10.6401;10.907;48.3928;2.01434
2.21263;-10.5943;10.8229;48.58;2.06011
2.0225;-10.5385;10.7308;48.7723;2.11594
1.83731;-10.4727;10.6326;48.9602;2.18174
1.67994;-10.4212;10.5558;49.1197;2.23319
1.4891;-10.365;10.4714;49.313;2.28946
1.29431;-10.3063;10.3873;49.5103;2.34814
1.11637;-10.2625;10.3231;49.6901;2.39193
0.941185;-10.2132;10.2565;49.8675;2.44121
0.736005;-10.1635;10.1901;50.0749;2.49097
0.546189;-10.1043;10.1191;50.2674;2.55013
0.359441;-10.0446;10.051;50.457;2.60982
0.176092;-9.97799;9.97954;50.6436;2.67645
-0.0372238;-9.89342;9.89349;50.8611;2.76102
-0.219713;-9.83578;9.83823;51.0465;2.81866
-0.408518;-9.77487;9.7834;51.2384;2.87957
-0.595829;-9.72998;9.7482;51.4279;2.92446
-0.7907;-9.67041;9.70269;51.6259;2.98402
-0.973326;-9.61792;9.66704;51.8113;3.03652
-1.16566;-9.56342;9.6342;52.0065;3.09101
-1.35491;-9.51405;9.61004;52.1983;3.14038
-1.54888;-9.46513;9.59102;52.3949;3.18931
-1.74035;-9.42955;9.58881;52.5882;3.22489
-1.93737;-9.37752;9.57556;52.7881;3.27691
-2.12333;-9.30828;9.54739;52.978;3.34615
-2.30602;-9.23889;9.52234;53.1647;3.41554
-2.47545;-9.16414;9.49259;53.3386;3.4903
-2.66208;-9.08462;9.46662;53.5301;3.56982
-2.84291;-9.00594;9.444;53.7158;3.64849
-3.02262;-8.93208;9.42965;53.9002;3.72236
-3.19696;-8.84724;9.40714;54.08;3.80719
-3.39289;-8.76668;9.40034;54.2812;3.88775
-3.56489;-8.67886;9.38249;54.4591;3.97557
-3.74059;-8.59367;9.37247;54.6406;4.06076
-3.92294;-8.50555;9.36664;54.829;4.14888
-4.09789;-8.42245;9.36645;55.0098;4.23198
-4.27337;-8.34825;9.37843;55.1905;4.30619
-4.45575;-8.26624;9.39066;55.3788;4.38819
-4.64658;-8.183;9.41022;55.5756;4.47143
-4.8172;-8.1141;9.43632;55.7513;4.54033
-5.00913;-8.03062;9.46479;55.9494;4.62382
-5.18763;-7.94463;9.48834;56.1344;4.7098
-5.36353;-7.8498;9.50719;56.3177;4.80464
-5.5482;-7.75443;9.53487;56.5099;4.9
-5.73673;-7.66604;9.57487;56.7054;4.9884
-5.91891;-7.58203;9.61877;56.8944;5.0724
-6.08088;-7.49459;9.65122;57.0635;5.15985
-6.25526;-7.38379;9.67722;57.2473;5.27065
-6.4358;-7.29315;9.72674;57.4354;5.36129
-6.61632;-7.2063;9.78297;57.6233;5.44814
-6.79925;-7.10775;9.83615;57.8148;5.54669
-6.97617;-7.00911;9.88911;58.0004;5.64532
-7.14656;-6.90504;9.93745;58.1802;5.74939
-7.31164;-6.80548;9.98872;58.3544;5.84896
-7.48065;-6.70652;10.0468;58.5325;5.94792
-7.66308;-6.61842;10.1255;58.723;6.03602
-7.84441;-6.53067;10.2071;58.9124;6.12376
-8.0307;-6.44565;10.2975;59.1066;6.20879
-8.21225;-6.37301;10.395;59.2948;6.28143
-8.3928;-6.29923;10.4938;59.4822;6.3552
-8.58352;-6.23134;10.6069;59.6791;6.4231
-8.77673;-6.16316;10.7245;59.8785;6.49127
-8.9709;-6.11505;10.8568;60.0767;6.53939
-9.16639;-6.06652;10.9921;60.2764;6.58791
-9.37136;-6.02006;11.1384;60.4852;6.63438
-9.57512;-6.02867;11.3149;60.6868;6.62577
-9.76766;-6.02789;11.4779;60.8783;6.62654
-9.9612;-6.02927;11.6438;61.0705;6.62517
-10.1687;-6.03411;11.8242;61.2762;6.62032
-10.3528;-6.02935;11.9806;61.4598;6.62508
-10.5491;-6.01886;12.1454;61.6561;6.63557
-10.7481;-5.99565;12.3073;61.8564;6.65879
-10.9635;-5.95852;12.4781;62.0746;6.69591
-11.1621;-5.92827;12.6387;62.2753;6.72617
-11.336;-5.92783;12.7924;62.4483;6.72661
-11.5235;-5.92199;12.9561;62.6352;6.73245
-11.7302;-5.90868;13.1343;62.8422;6.74576
-11.9371;-5.8919;13.312;63.0497;6.76254
-12.1448;-5.87061;13.4893;63.2585;6.78382
-12.3253;-5.83954;13.6387;63.4413;6.81489
-12.5113;-5.81383;13.7961;63.629;6.8406
-12.7266;-5.793;13.9831;63.8453;6.86143
-12.9248;-5.77032;14.1544;64.0448;6.88412
-13.1204;-5.74693;14.3239;64.2417;6.90751
-13.3115;-5.72074;14.4887;64.4345;6.93369
-13.5194;-5.6782;14.6634;64.6458;6.97624
-13.7084;-5.63526;14.8215;64.8383;7.01917
-13.9013;-5.59541;14.9852;65.0345;7.05902
-14.0976;-5.55214;15.1515;65.2342;7.10229
-14.2846;-5.50451;15.3085;65.4254;7.14993
-14.4838;-5.44491;15.4734;65.6298;7.20953
-14.6689;-5.38124;15.6248;65.8209;7.2732
-14.8351;-5.33826;15.7663;65.9908;7.31618
-15.0479;-5.28287;15.9483;66.2085;7.37156
-15.2456;-5.21119;16.1116;66.4129;7.44325
-15.4434;-5.12807;16.2726;66.6188;7.52636
-15.6325;-5.04951;16.4278;66.8156;7.60493
-15.815;-4.97538;16.5792;67.0054;7.67906
-16.0001;-4.89974;16.7335;67.1979;7.7547
-16.1855;-4.83142;16.8912;67.39;7.82302
-16.3471;-4.77137;17.0292;67.5575;7.88306
-16.5041;-4.70517;17.1617;67.7211;7.94927
-16.6873;-4.64735;17.3223;67.9099;8.00708
-16.8799;-4.59031;17.4929;68.1078;8.06413
-17.0733;-4.52766;17.6634;68.3073;8.12677
-17.2463;-4.45676;17.8129;68.4876;8.19767
-17.432;-4.38405;17.9749;68.6807;8.27038
-17.6035;-4.30819;18.123;68.8601;8.34624
-17.7772;-4.22853;18.2732;69.0422;8.42591
-17.9684;-4.15121;18.4417;69.2414;8.50322
-18.1508;-4.07569;18.6028;69.4317;8.57874
-18.3406;-3.99959;18.7716;69.6295;8.65485
-18.5206;-3.92654;18.9323;69.8172;8.7279
-18.7075;-3.85223;19.1;70.0119;8.8022
-18.8985;-3.76969;19.2708;70.2117;8.88474
-19.0792;-3.69671;19.434;70.4003;8.95773
-19.2668;-3.62745;19.6053;70.5952;9.02699
-19.4565;-3.56155;19.7798;70.7918;9.09289
-19.6365;-3.51022;19.9477;70.9768;9.14422
-19.83;-3.44391;20.1268;71.1773;9.21052
-20.0243;-3.37957;20.3075;71.3783;9.27487
-20.2085;-3.32449;20.4801;71.5681;9.32994
-20.4085;-3.27466;20.6696;71.7729;9.37978
-20.6161;-3.25915;20.8721;71.9807;9.39528
-20.8431;-3.25878;21.0963;72.2059;9.39566
-21.0428;-3.26047;21.2939;72.4037;9.39397
-21.2416;-3.25606;21.4898;72.6014;9.39838
-21.4511;-3.24611;21.6954;72.8104;9.40833
-21.6422;-3.22732;21.8815;73.0023;9.42711
-21.8484;-3.21614;22.0838;73.2082;9.43829
-22.0463;-3.20597;22.2782;73.4058;9.44846
-22.2261;-3.19983;22.4552;73.5849;9.45461
-22.4074;-3.18498;22.6327;73.7666;9.46946
-22.6153;-3.14644;22.8331;73.9777;9.50799
-22.8133;-3.10935;23.0242;74.1788;9.54509
-23.0084;-3.07366;23.2128;74.3769;9.58078
-23.2047;-3.02967;23.4016;74.5773;9.62477
-23.4035;-2.99301;23.5941;74.7792;9.66143
-23.5938;-2.95904;23.7786;74.9722;9.6954
-23.8152;-2.90967;23.9923;75.1982;9.74477
-24.0101;-2.86601;24.1805;75.397;9.78843
-24.2017;-2.82248;24.3657;75.5927;9.83195
-24.3968;-2.7968;24.5566;75.7895;9.85763
-24.5971;-2.77107;24.7527;75.9915;9.88337
-24.7945;-2.73891;24.9454;76.1914;9.91552
-24.9806;-2.69021;25.1251;76.3822;9.96422
-25.1721;-2.6473;25.311;76.5777;10.0071
-25.3668;-2.60197;25.4999;76.7767;10.0525
-25.5616;-2.5549;25.689;76.9759;10.0995
-25.7409;-2.50301;25.8623;77.1605;10.1514
-25.9147;-2.44335;26.0296;77.3406;10.2111
-26.1039;-2.38399;26.2126;77.536;10.2704
-26.2975;-2.34003;26.4014;77.7338;10.3144
-26.4921;-2.29582;26.5914;77.9325;10.3586
-26.6647;-2.24417;26.759;78.1104;10.4103
-26.8675;-2.22808;26.9597;78.3135;10.4264
-27.0691;-2.20324;27.1586;78.5166;10.4512
-27.2783;-2.16299;27.3639;78.7293;10.4914
-27.4644;-2.12871;27.5467;78.9183;10.5257
-27.6587;-2.09376;27.7379;79.1156;10.5607
-27.8557;-2.05849;27.9317;79.3156;10.5959
-28.0589;-2.0406;28.133;79.5193;10.6138
-28.2609;-2.022;28.3331;79.722;10.6324
-28.4505;-2.0005;28.5207;79.9127;10.6539
-28.6727;-1.96005;28.7396;80.1384;10.6944
-28.8528;-1.93216;28.9174;80.3205;10.7223
-29.0482;-1.91373;29.1112;80.5167;10.7407
-29.2347;-1.9083;29.2969;80.7022;10.7461
-29.4389;-1.89346;29.4997;80.9066;10.761
-29.6386;-1.87907;29.6981;81.1065;10.7754
-29.8382;-1.86476;29.8964;81.3062;10.7897

29.9495;-1.85663;30.007;81.5177;10.7978
29.7552;-1.8627;29.8135;81.7094;10.7917
29.5691;-1.90873;29.6306;81.8879;10.7457
29.3691;-1.95353;29.434;82.0803;10.7009
29.1696;-1.99452;29.2377;82.2728;10.6599
28.9834;-2.05952;29.0565;82.4491;10.5949
28.8049;-2.11981;28.8828;82.6184;10.5346
28.6222;-2.17296;28.7046;82.7928;10.4815
28.4313;-2.22182;28.518;82.976;10.4326
28.2472;-2.28246;28.3393;83.1511;10.372
28.052;-2.34637;28.15;83.3368;10.3081
27.8658;-2.41644;27.9704;83.513;10.238
27.6816;-2.48675;27.7931;83.6872;10.1677
27.5045;-2.5467;27.6222;83.8557;10.1077
27.3234;-2.60332;27.4471;84.0288;10.0511
27.1366;-2.66619;27.2673;84.2067;9.98825
26.9383;-2.72501;27.0758;84.3967;9.92942
26.7452;-2.78147;26.8894;84.5819;9.87297
26.5555;-2.83421;26.7064;84.7641;9.82023
26.3555;-2.87758;26.5121;84.9578;9.77685
26.158;-2.90637;26.319;85.1507;9.74807
25.9306;-2.93891;26.0966;85.3729;9.71553
25.7337;-2.95634;25.903;85.5665;9.69809
25.528;-2.97701;25.701;85.7686;9.67743
25.3311;-2.98775;25.5067;85.963;9.66669
25.134;-2.99246;25.3115;86.1583;9.66198
24.9564;-2.96315;25.1317;86.3381;9.69128
24.7623;-2.93765;24.9359;86.5339;9.71678
24.5508;-2.91532;24.7233;86.7465;9.73912
24.3345;-2.91671;24.5087;86.9613;9.73772
24.1423;-2.91373;24.3175;87.1526;9.74071
23.9395;-2.91285;24.1161;87.3542;9.74159
23.7304;-2.90759;23.9079;87.5626;9.74684
23.5216;-2.91028;23.701;87.7698;9.74415
23.3195;-2.92051;23.5017;87.9695;9.73393
23.1167;-2.92672;23.3012;88.1705;9.72772
22.9226;-2.95464;23.1122;88.3603;9.6998
22.7226;-2.98263;22.9175;88.556;9.6718
22.5413;-3.00174;22.7403;88.7342;9.65269
22.316;-3.03971;22.5221;88.954;9.61472
22.1281;-3.0717;22.3403;89.1373;9.58273
21.9323;-3.10149;22.1505;89.3289;9.55295
21.7424;-3.13494;21.9673;89.5141;9.5195
21.5312;-3.1671;21.7628;89.7207;9.48734
21.3248;-3.19708;21.5631;89.9228;9.45735
21.1279;-3.2243;21.3725;90.1157;9.43013
20.9265;-3.24304;21.1763;90.3141;9.41139
20.7285;-3.26;20.9833;90.5092;9.39443
20.5334;-3.28377;20.7943;90.7009;9.37067
20.3335;-3.31101;20.6013;90.8968;9.34343
20.1266;-3.34624;20.4029;91.0991;9.3082
19.9264;-3.37663;20.2105;91.2951;9.2778
19.7279;-3.40002;20.0187;91.4902;9.25442
19.5201;-3.44482;19.8217;91.6924;9.20961
19.3208;-3.49419;19.6342;91.8858;9.16025
19.1108;-3.54539;19.4369;92.0897;9.10905
18.9334;-3.60872;19.2743;92.26;9.04572
18.7552;-3.68071;19.113;92.4303;8.97372
18.5668;-3.77689;18.947;92.6086;8.87755
18.3894;-3.85885;18.7899;92.7774;8.79559
18.213;-3.94593;18.6356;92.9447;8.7085
18.0236;-4.03056;18.4687;93.1255;8.62387
17.8392;-4.11452;18.3076;93.3013;8.53992
17.6689;-4.20907;18.1633;93.4624;8.44537
17.4767;-4.28065;17.9933;93.6473;8.37378
17.2956;-4.33919;17.8316;93.8225;8.31524
17.1094;-4.41206;17.6692;94.0015;8.24237
16.9387;-4.46399;17.5171;94.167;8.19044
16.7465;-4.52013;17.3458;94.3537;8.1343
16.5616;-4.58825;17.1854;94.5321;8.06618
16.4001;-4.66553;17.0508;94.6864;7.9889
16.2154;-4.75118;16.8972;94.8632;7.90326
16.0359;-4.83576;16.7492;95.0352;7.81867
15.8544;-4.92098;16.6005;95.2091;7.73346
15.6683;-4.98594;16.4425;95.3893;7.6685
15.4565;-5.05302;16.2615;95.5951;7.60142
15.2665;-5.11305;16.0999;95.7798;7.54138
15.0644;-5.17009;15.9269;95.9767;7.48435
14.8738;-5.22046;15.7634;96.1628;7.43398
14.6563;-5.26144;15.5721;96.3765;7.39299
14.4468;-5.29053;15.385;96.5832;7.3639
14.2427;-5.32014;15.2039;96.7845;7.33429
14.0461;-5.32503;15.0216;96.9801;7.32941
13.8549;-5.31349;14.8389;97.1716;7.34094
13.6644;-5.31254;14.6608;97.3617;7.34189
13.4743;-5.29909;14.4789;97.5522;7.35534
13.2728;-5.28732;14.2871;97.7541;7.36711
13.0809;-5.26435;14.1005;97.9471;7.39009
12.8884;-5.24255;13.9139;98.1408;7.41188
12.6897;-5.22026;13.7215;98.3406;7.43417
12.4864;-5.19738;13.5249;98.5451;7.45706
12.2784;-5.1758;13.3247;98.7541;7.47863
12.0802;-5.15569;13.1344;98.9533;7.49875
11.863;-5.11753;12.9197;99.1727;7.53691
11.6751;-5.0663;12.727;99.3639;7.58813
11.4817;-5.0141;12.5288;99.5608;7.64034
11.2945;-4.94574;12.3299;99.7527;7.7087
11.0979;-4.8722;12.1203;99.9544;7.78223
10.939;-4.80257;11.9468;100.118;7.85187
10.7579;-4.72931;11.7515;100.305;7.92513
10.5825;-4.67629;11.5697;100.484;7.97814
10.399;-4.59876;11.3704;100.673;8.05568
10.2171;-4.51558;11.1705;100.861;8.13885
10.0188;-4.43905;10.9582;101.065;8.21538
9.82158;-4.41229;10.7672;101.263;8.24215
9.62293;-4.38413;10.5746;101.464;8.27031
9.42868;-4.34975;10.3837;101.66;8.30469
9.22488;-4.31378;10.1837;101.866;8.34066
9.04167;-4.24852;9.99008;102.054;8.40591
8.87076;-4.18503;9.80841;102.23;8.46941
8.68538;-4.10316;9.60581;102.421;8.55127
8.50347;-4.01598;9.4041;102.61;8.63845
8.31154;-3.92547;9.1919;102.809;8.72896
8.12901;-3.84122;8.99088;102.998;8.81321
7.95685;-3.76546;8.80285;103.176;8.88898
7.77388;-3.68463;8.60289;103.365;8.9698
7.57083;-3.58865;8.37829;103.576;9.06578
7.39222;-3.5054;8.18125;103.761;9.14903
7.20983;-3.43887;7.98796;103.948;9.21557
7.02743;-3.38908;7.80196;104.134;9.26535
6.83029;-3.33706;7.6019;104.335;9.31738
6.62242;-3.2992;7.39873;104.546;9.35523
6.43066;-3.26962;7.21414;104.74;9.38481
6.23198;-3.23659;7.02233;104.94;9.41785
6.04544;-3.20498;6.84246;105.129;9.44945
5.85327;-3.1663;6.65479;105.324;9.48813
5.64346;-3.14734;6.46177;105.535;9.50709
5.44482;-3.12945;6.28009;105.734;9.52499
5.24474;-3.11049;6.09774;105.935;9.54394
5.04514;-3.09474;5.91869;106.135;9.5597
4.84204;-3.07399;5.7354;106.339;9.58044
4.63243;-3.07658;5.561;106.548;9.57786
4.41915;-3.08683;5.39049;106.759;9.56761
4.20791;-3.11342;5.23449;106.967;9.54101
4.0026;-3.13308;5.08302;107.17;9.52135
3.8068;-3.15213;4.94243;107.363;9.50231
3.61185;-3.16894;4.80496;107.556;9.48549
3.42108;-3.17458;4.66709;107.746;9.47986
3.223;-3.1776;4.52602;107.943;9.47684
3.02078;-3.16518;4.37533;108.145;9.48925
2.81682;-3.15996;4.23318;108.349;9.49448
2.61551;-3.15555;4.09859;108.55;9.49888
2.41318;-3.14993;3.96806;108.752;9.50451
2.17805;-3.16813;3.8446;108.984;9.48631
1.97968;-3.15575;3.7253;109.183;9.49869
1.77933;-3.14114;3.6101;109.384;9.51329
1.56978;-3.13856;3.50924;109.593;9.51588
1.38479;-3.1386;3.43052;109.777;9.51583
1.18405;-3.13201;3.34835;109.978;9.52242
0.976766;-3.12877;3.27769;110.185;9.52566
0.795577;-3.16289;3.26142;110.362;9.49154
0.619902;-3.21581;3.27502;110.533;9.43862
0.432547;-3.26623;3.29475;110.715;9.38821
0.244146;-3.30386;3.31287;110.9;9.35058
0.048471;-3.34425;3.3446;111.091;9.31018
-0.132418;-3.38958;3.39217;111.268;9.26485
-0.333511;-3.43637;3.45251;111.464;9.21807
-0.540118;-3.48771;3.52929;111.666;9.16672
-0.729929;-3.54404;3.61843;111.85;9.11039
-0.940263;-3.61863;3.73879;112.054;9.03581
-1.13348;-3.68541;3.85577;112.241;8.96903
-1.30157;-3.7711;3.9894;112.402;8.88333
-1.47976;-3.86205;4.13584;112.573;8.79238
-1.66452;-3.95373;4.28982;112.75;8.70071
-1.82959;-4.053;4.44682;112.907;8.60144
-2.0004;-4.16078;4.61668;113.069;8.49365
-2.17214;-4.27363;4.79397;113.232;8.3808
-2.34332;-4.3806;4.96798;113.394;8.27384
-2.51336;-4.48224;5.13882;113.557;8.1722
-2.69666;-4.5749;5.31052;113.733;8.07954
-2.88084;-4.67822;5.49408;113.909;7.97622
-3.05756;-4.76662;5.66298;114.079;7.88781
-3.24379;-4.85854;5.84188;114.259;7.7959
-3.42429;-4.94718;6.01667;114.433;7.70726
-3.60362;-5.03571;6.19229;114.606;7.61873
-3.76979;-5.13202;6.36781;114.765;7.52241
-3.93473;-5.22546;6.54122;114.924;7.42897
-4.11767;-5.31649;6.72461;115.101;7.33794
-4.28331;-5.4048;6.89627;115.26;7.24964
-4.46211;-5.49955;7.08205;115.433;7.15489
-4.63017;-5.60578;7.27071;115.594;7.04866
-4.81359;-5.71516;7.4722;115.771;6.93927
-4.98536;-5.81763;7.6615;115.936;6.83681
-5.17307;-5.94269;7.87884;116.116;6.71174
-5.33608;-6.05257;8.06892;116.273;6.60186
-5.50475;-6.16038;8.26151;116.435;6.49405
-5.67317;-6.26737;8.45368;116.597;6.38707
-5.82066;-6.39551;8.6477;116.737;6.25892
-5.97544;-6.52529;8.8479;116.885;6.12915
-6.12915;-6.66058;9.05151;117.032;5.99385
-6.27934;-6.79341;9.25097;117.175;5.86103
-6.42252;-6.9333;9.4509;117.311;5.72113
-6.5526;-7.0864;9.65161;117.434;5.56803
-6.68284;-7.24099;9.85355;117.556;5.41344
-6.81077;-7.39277;10.0518;117.677;5.26166
-6.92342;-7.5268;10.2268;117.784;5.12764
-7.05998;-7.67219;10.4262;117.914;4.98224
-7.19302;-7.83048;10.6328;118.041;4.82395
-7.32977;-7.9773;10.8334;118.171;4.67713
-7.4638;-8.11859;11.0281;118.3;4.53585
-7.60258;-8.24911;11.2182;118.433;4.40533
-7.74768;-8.38328;11.4152;118.574;4.27115
-7.89253;-8.52167;11.6151;118.713;4.13277
-8.01445;-8.64972;11.7919;118.831;4.00472
-8.15206;-8.79023;11.9885;118.964;3.8642
-8.30032;-8.93515;12.1956;119.107;3.71928
-8.43904;-9.0537;12.3769;119.242;3.60074
-8.58499;-9.16648;12.5589;119.385;3.48796
-8.73077;-9.28876;12.7478;119.527;3.36567
-8.87646;-9.4223;12.9449;119.669;3.23213
-9.02384;-9.55779;13.1446;119.813;3.09665
-9.17153;-9.69321;13.3445;119.957;2.96122
-9.32088;-9.82641;13.5439;120.103;2.82802
-9.48417;-9.94027;13.7389;120.264;2.71416
-9.62586;-10.047;13.914;120.403;2.60746
-9.77723;-10.1667;14.1052;120.552;2.4877
-9.93707;-10.31;14.3193;120.709;2.34446
-10.0852;-10.4373;14.5137;120.854;2.21716
-10.2215;-10.5539;14.6923;120.989;2.10056
-10.3772;-10.6853;14.8951;121.142;1.96914
-10.53;-10.8143;15.0941;121.293;1.84011
-10.689;-10.9504;15.3025;121.45;1.704
-10.8478;-11.0753;15.5028;121.607;1.57912
-11.0035;-11.2049;15.7043;121.761;1.44952
-11.1617;-11.3283;15.9032;121.918;1.32616
-11.2938;-11.4446;16.0788;122.049;1.20983
-11.4408;-11.5768;16.2762;122.194;1.07763
-11.5739;-11.7116;16.4656;122.326;0.942844
-11.7084;-11.8548;16.662;122.46;0.799684
-11.8416;-11.9989;16.8582;122.592;0.655524
-11.9783;-12.1455;17.0585;122.728;0.508959
-12.1083;-12.284;17.2484;122.858;0.370418
-12.2582;-12.4487;17.471;123.007;0.205712
-12.396;-12.5928;17.6703;123.145;0.0616476
-12.539;-12.7319;17.8698;123.288;-0.0775122
-12.6771;-12.8815;18.0732;123.426;-0.227031
-12.8121;-13.0276;18.2721;123.562;-0.373149
-12.9494;-13.1753;18.4737;123.699;-0.520894
-13.0804;-13.3139;18.6643;123.831;-0.659429
-13.2118;-13.4575;18.8588;123.963;-0.803065
-13.3479;-13.6015;19.057;124.1;-0.947085
-13.485;-13.7505;19.2593;124.239;-1.09607
-13.6304;-13.8973;19.466;124.386;-1.24284
-13.7683;-14.0417;19.6656;124.525;-1.38725
-13.8885;-14.1695;19.841;124.647;-1.51506
-14.0424;-14.309;20.0483;124.802;-1.65453
-14.1607;-14.4726;20.248;124.923;-1.81818
-14.3001;-14.6384;20.464;125.065;-1.98396
-14.4379;-14.7949;20.6722;125.205;-2.14043
-14.569;-14.9526;20.8767;125.339;-2.29815
-14.6839;-15.1198;21.0766;125.457;-2.46532
-14.7937;-15.275;21.2645;125.57;-2.6206
-14.9074;-15.4615;21.4776;125.688;-2.80706
-15.0114;-15.6312;21.672;125.796;-2.97677
-15.1071;-15.7906;21.8533;125.895;-3.13617
-15.2144;-15.9604;22.0502;126.007;-3.30593
-15.3112;-16.1246;22.2359;126.108;-3.47021
-15.4128;-16.2957;22.43;126.214;-3.6413
-15.5086;-16.4662;22.6197;126.315;-3.81174
-15.624;-16.6293;22.8176;126.435;-3.97486
-15.7416;-16.7893;23.0148;126.558;-4.13487
-15.8579;-16.9455;23.2082;126.679;-4.29105
-15.9764;-17.1051;23.4058;126.803;-4.45068
-16.1173;-17.2628;23.6172;126.95;-4.60841
-16.2482;-17.4312;23.8296;127.087;-4.77676
-16.3803;-17.6031;24.0454;127.225;-4.94862
-16.4999;-17.7638;24.2446;127.351;-5.10939
-16.6149;-17.9279;24.4431;127.473;-5.27346
-16.7432;-18.0838;24.6447;127.608;-5.42939
-16.8658;-18.245;24.8462;127.737;-5.59052
-16.9852;-18.4057;25.0453;127.864;-5.75123
-17.1049;-18.5546;25.236;127.99;-5.90019
-17.2287;-18.6951;25.4231;128.12;-6.04069
-17.3539;-18.8414;25.6155;128.252;-6.18692
-17.4854;-18.9949;25.8175;128.391;-6.34047
-17.604;-19.139;26.0039;128.517;-6.48458
-17.7338;-19.2963;26.2075;128.654;-6.64188
-17.8623;-19.4333;26.3953;128.79;-6.77882
-17.9997;-19.5891;26.603;128.935;-6.93463
-18.1471;-19.731;26.8072;129.09;-7.07656
-18.29;-19.8699;27.0063;129.24;-7.21551
-18.4372;-19.991;27.195;129.394;-7.33656
-18.591;-20.1173;27.3922;129.555;-7.4629
-18.7527;-20.2343;27.5879;129.723;-7.57991
-18.909;-20.3468;27.7767;129.886;-7.69241
-19.0718;-20.4706;27.9782;130.056;-7.81614
-19.2317;-20.5855;28.1712;130.222;-7.93103
-19.4008;-20.6866;28.3607;130.397;-8.0322
-19.5761;-20.7817;28.55;130.578;-8.12727
-19.7573;-20.8814;28.7469;130.765;-8.22701
-19.9366;-21.0146;28.9669;130.953;-8.36018
-20.0986;-21.1348;29.1656;131.122;-8.4804
-20.262;-21.2525;29.3636;131.293;-8.59808
-20.4446;-21.3883;29.5879;131.484;-8.73387
-20.6195;-21.5096;29.7965;131.667;-8.8552
-20.7791;-21.6257;29.9907;131.834;-8.9713
-20.9394;-21.7451;30.1879;132.002;-9.09068
-21.1016;-21.8631;30.3854;132.172;-9.20868
-21.2638;-21.9799;30.5821;132.342;-9.32547
-21.441;-22.1005;30.792;132.527;-9.44608
-21.5931;-22.2231;30.986;132.687;-9.56871
-21.7445;-22.3355;31.1721;132.847;-9.68111
-21.8953;-22.4617;31.3677;133.006;-9.80727
-22.0471;-22.5669;31.5491;133.165;-9.91251
-22.2153;-22.6871;31.7525;133.342;-10.0327
-22.3804;-22.8046;31.9521;133.516;-10.1502
-22.5421;-22.9263;32.1522;133.686;-10.2719
-22.7074;-23.0326;32.3438;133.859;-10.3781
-22.8757;-23.1417;32.5397;134.035;-10.4872
-23.0518;-23.2569;32.7455;134.22;-10.6025
-23.2208;-23.3856;32.9559;134.399;-10.7312
-23.3584;-23.5274;33.1535;134.547;-10.873
-23.4913;-23.6713;33.3492;134.692;-11.0168
-23.6178;-23.8305;33.5513;134.831;-11.1761
-23.7475;-24.0074;33.7683;134.975;-11.353
-23.8679;-24.177;33.9736;135.109;-11.5226
-23.989;-24.3468;34.1795;135.244;-11.6924
-24.0912;-24.5181;34.3733;135.361;-11.8637
-24.2007;-24.6583;34.5501;135.482;-12.0039
-24.3198;-24.8133;34.7441;135.615;-12.1588
-24.4429;-24.9788;34.9485;135.752;-12.3244
-24.5652;-25.1234;35.1373;135.887;-12.469
-24.7048;-25.2739;35.3425;136.04;-12.6194
-24.8572;-25.4155;35.5504;136.205;-12.7611
-25.0037;-25.5516;35.7501;136.364;-12.8972
-25.1328;-25.6803;35.9324;136.505;-13.0259
-25.3032;-25.8137;36.1469;136.687;-13.1592
-25.4751;-25.9275;36.3485;136.869;-13.273
-25.6347;-26.0515;36.5489;137.04;-13.3971
-25.8079;-26.1646;36.751;137.223;-13.5101
-25.9674;-26.2696;36.9378;137.393;-13.6151
-26.1385;-26.3829;37.1386;137.574;-13.7285
-26.3127;-26.495;37.3409;137.759;-13.8406
-26.5055;-26.6036;37.5539;137.961;-13.9492
-26.6815;-26.7154;37.7573;138.148;-14.061
-26.8402;-26.8035;37.9319;138.315;-14.1491
-27.0085;-26.9238;38.1359;138.494;-14.2694
-27.1732;-27.0372;38.3327;138.67;-14.3828
-27.3408;-27.1477;38.5295;138.848;-14.4933
-27.5074;-27.2575;38.725;139.025;-14.6031
-27.6717;-27.375;38.9245;139.201;-14.7206
-27.822;-27.4779;39.1037;139.361;-14.8235
-27.9849;-27.5911;39.2992;139.536;-14.9367
-28.1456;-27.713;39.4991;139.708;-15.0586
-28.3104;-27.8297;39.6985;139.885;-15.1752
-28.4703;-27.9457;39.8939;140.056;-15.2913
-28.6174;-28.0699;40.0858;140.216;-15.4155
-28.7713;-28.2105;40.2941;140.385;-15.556
-28.927;-28.3617;40.5112;140.556;-15.7072
-29.1047;-28.5069;40.7397;140.749;-15.8524
-29.2639;-28.6393;40.9461;140.922;-15.9848
-29.41;-28.7693;41.1415;141.082;-16.1148
-29.5679;-28.9061;41.3501;141.255;-16.2517
-29.7377;-29.0391;41.5645;141.439;-16.3847
-29.8959;-29.1627;41.7639;141.61;-16.5082

29.9394;-29.2573;41.8611;141.785;-16.6028
29.7712;-29.3589;41.8123;141.964;-16.7045
29.6215;-29.4749;41.7876;142.126;-16.8204
29.4617;-29.5897;41.7557;142.299;-16.9353
29.2908;-29.7191;41.7274;142.484;-17.0647
29.132;-29.8574;41.715;142.658;-17.203
28.9808;-29.9673;41.6885;142.821;-17.3129

28.8231;29.9023;41.5321;142.994;-17.4433
28.6671;29.7642;41.3244;143.165;-17.5814
28.5178;29.6369;41.1292;143.329;-17.7087
28.3684;29.5099;40.9341;143.493;-17.8357
28.2145;29.3742;40.7296;143.663;-17.9714
28.0646;29.2408;40.5296;143.828;-18.1047
27.92;29.1099;40.335;143.988;-18.2356
27.7949;28.9576;40.1385;144.132;-18.3879
27.6746;28.8038;39.9442;144.271;-18.5417
27.5564;28.6337;39.7397;144.41;-18.7118
27.4445;28.4755;39.5481;144.541;-18.8701
27.3332;28.3061;39.349;144.674;-19.0394
27.228;28.1425;39.1581;144.8;-19.2031
27.1085;27.9613;38.9449;144.942;-19.3843
27.0028;27.7906;38.7488;145.07;-19.555
26.9053;27.6185;38.5575;145.19;-19.727
26.8073;27.4409;38.3619;145.311;-19.9047
26.7065;27.2582;38.1608;145.436;-20.0874
26.6049;27.0716;37.9565;145.563;-20.2739
26.5323;26.9147;37.7937;145.657;-20.4309
26.4485;26.7332;37.6057;145.765;-20.6124
26.3659;26.5449;37.4138;145.874;-20.8006
26.2903;26.3628;37.2313;145.975;-20.9828
26.2049;26.185;37.0452;146.085;-21.1606
26.1356;26.012;36.874;146.178;-21.3336
26.0556;25.8264;36.6865;146.285;-21.5191
25.9719;25.6432;36.4981;146.395;-21.7024
25.8838;25.4513;36.3007;146.51;-21.8943
25.8231;25.2277;36.1008;146.604;-22.1178
25.7636;25.039;35.9265;146.691;-22.3065
25.7054;24.8416;35.7473;146.779;-22.504
25.6561;24.6465;35.5765;146.858;-22.699
25.617;24.4477;35.4108;146.927;-22.8978
25.5783;24.251;35.2472;146.996;-23.0945
25.5408;24.0716;35.0967;147.061;-23.2739
25.4956;23.8762;34.9299;147.137;-23.4694
25.4704;23.68;34.7776;147.193;-23.6655
25.4484;23.4793;34.6251;147.248;-23.8663
25.4245;23.2791;34.4721;147.304;-24.0664
25.3916;23.0558;34.2972;147.373;-24.2898
25.3511;22.8745;34.1456;147.443;-24.471
25.3148;22.6861;33.9926;147.51;-24.6595
25.2839;22.4946;33.8421;147.572;-24.8509
25.2501;22.2975;33.6859;147.639;-25.0481
25.2094;22.1105;33.5319;147.711;-25.2351
25.1519;21.9126;33.3584;147.802;-25.433
25.0958;21.7427;33.2046;147.886;-25.6029
25.0391;21.5456;33.0328;147.976;-25.8
25.0049;21.3545;32.8825;148.043;-25.9911
24.9427;21.1554;32.706;148.14;-26.1902
24.8674;20.958;32.5211;148.249;-26.3876
24.7791;20.7553;32.3232;148.372;-26.5903
24.6997;20.5706;32.1438;148.483;-26.775
24.6386;20.3952;31.9848;148.575;-26.9503
24.5544;20.2048;31.7987;148.692;-27.1407
24.4805;20.0168;31.6223;148.8;-27.3287
24.403;19.8185;31.4369;148.912;-27.5271
24.3261;19.6365;31.2627;149.022;-27.709
24.2537;19.4671;31.1;149.124;-27.8785
24.174;19.2818;30.922;149.237;-28.0638
24.0823;19.1084;30.7423;149.36;-28.2372
24.0049;18.9252;30.5679;149.471;-28.4203
23.9392;18.7362;30.3995;149.571;-28.6094
23.8848;18.5591;30.2477;149.659;-28.7864
23.831;18.3668;30.0875;149.749;-28.9788
23.7898;18.1807;29.9415;149.825;-29.1649
23.7579;17.9961;29.8043;149.892;-29.3495
23.7239;17.8012;29.6599;149.964;-29.5444
23.6803;17.5725;29.4881;150.052;-29.7731
23.6247;17.3937;29.3372;150.142;-29.9518
23.5459;17.2035;29.1611;150.257;-30.1421
23.4748;17.0324;29.0029;150.361;-30.3132
23.3984;16.8481;28.8331;150.473;-30.4975
23.3163;16.6659;28.6601;150.591;-30.6796
23.2376;16.4893;28.4935;150.704;-30.8563
23.1604;16.3171;28.3311;150.815;-31.0285
23.0847;16.1344;28.1641;150.927;-31.2112
23.0243;15.9392;28.0032;151.026;-31.4063
22.9699;15.7446;27.848;151.12;-31.601
22.9184;15.5416;27.691;151.213;-31.804
22.8623;15.3535;27.5393;151.307;-31.992
22.7929;15.1579;27.373;151.417;-32.1876
22.7225;14.9729;27.2121;151.525;-32.3727
22.6654;14.7849;27.0613;151.621;-32.5606
22.6063;14.5937;26.9076;151.72;-32.7519
22.5538;14.397;26.7572;151.814;-32.9486
22.4856;14.1943;26.591;151.924;-33.1513
22.4218;14.0048;26.4361;152.028;-33.3408
22.358;13.8146;26.2816;152.132;-33.531
22.3124;13.6401;26.1514;152.215;-33.7055
22.2619;13.4465;26.0077;152.307;-33.8991
22.2059;13.2464;25.8567;152.407;-34.0992
22.1564;13.0532;25.7156;152.498;-34.2924
22.142;12.8462;25.5987;152.559;-34.4994
22.138;12.6612;25.5029;152.605;-34.6844
22.1319;12.4585;25.3976;152.657;-34.8871
22.1075;12.2506;25.2749;152.728;-35.0949
22.0856;12.0562;25.162;152.794;-35.2893
22.0678;11.8567;25.0513;152.858;-35.4888
22.0552;11.669;24.9519;152.914;-35.6765
22.0406;11.4711;24.847;152.974;-35.8744
22.0229;11.2689;24.7386;153.039;-36.0767
21.9985;11.0616;24.623;153.112;-36.284
21.9886;10.8602;24.5244;153.169;-36.4853
21.9808;10.6594;24.429;153.225;-36.6862
21.9604;10.4408;24.316;153.297;-36.9047
21.9452;10.2487;24.2204;153.358;-37.0969
21.9305;10.0374;24.1184;153.424;-37.3081
21.9238;9.83644;24.0294;153.479;-37.5091
21.9141;9.62522;23.9348;153.54;-37.7203
21.9035;9.42288;23.8444;153.6;-37.9227
21.8827;9.23589;23.7519;153.667;-38.1097
21.8547;9.0447;23.6524;153.741;-38.3009
21.829;8.8469;23.5536;153.816;-38.4987
21.7974;8.66215;23.4555;153.893;-38.6834
21.7816;8.47197;23.3712;153.956;-38.8736
21.7745;8.30092;23.3031;154.006;-39.0446
21.7591;8.11075;23.2216;154.069;-39.2348
21.7487;7.91279;23.1434;154.13;-39.4328
21.7384;7.71321;23.0662;154.191;-39.6324
21.7297;7.53359;22.9986;154.246;-39.812
21.7166;7.32836;22.9197;154.311;-40.0172
21.7301;7.12596;22.8687;154.351;-40.2196
21.7313;6.91378;22.8046;154.405;-40.4318
21.7333;6.71321;22.7465;154.456;-40.6324
21.7316;6.50546;22.6844;154.512;-40.8401
21.7301;6.30625;22.6266;154.567;-41.0393
21.7371;6.1378;22.587;154.605;-41.2078
21.7688;5.92057;22.5595;154.632;-41.425
21.7972;5.71802;22.5348;154.659;-41.6275
21.8237;5.5195;22.5109;154.687;-41.8261
21.866;5.33424;22.5073;154.697;-42.0113
21.9282;5.11512;22.5169;154.697;-42.2304
21.9871;4.93551;22.5342;154.689;-42.4101
22.0533;4.76545;22.5623;154.672;-42.5801
22.1358;4.60476;22.6096;154.637;-42.7408
22.2174;4.40457;22.6498;154.614;-42.941
22.2819;4.21743;22.6775;154.604;-43.1281
22.3475;4.02709;22.7075;154.594;-43.3185
22.4085;3.84577;22.7361;154.587;-43.4998
22.4714;3.64985;22.7659;154.582;-43.6957
22.5378;3.46469;22.8026;154.571;-43.8809
22.5992;3.25956;22.8331;154.57;-44.086
22.6738;3.04862;22.8778;154.559;-44.2969
22.7567;2.86676;22.9366;154.532;-44.4788
22.8395;2.68507;22.9968;154.505;-44.6605
22.9234;2.50665;23.0601;154.476;-44.8389
23.0078;2.32895;23.1254;154.447;-45.0166
23.0932;2.15082;23.1932;154.417;-45.1947
23.1856;1.98789;23.2706;154.377;-45.3577
23.2935;1.79822;23.3628;154.33;-45.5473
23.3963;1.63952;23.4536;154.278;-45.706
23.4997;1.48706;23.5467;154.225;-45.8585
23.6042;1.32197;23.6412;154.174;-46.0236
23.7153;1.1548;23.7434;154.118;-46.1908
23.8204;0.982131;23.8406;154.07;-46.3634
23.9308;0.811239;23.9445;154.016;-46.5343
24.0225;0.639164;24.031;153.981;-46.7064
24.1136;0.461926;24.118;153.948;-46.8836
24.2096;0.264478;24.211;153.917;-47.0811
24.313;0.0743277;24.3131;153.877;-47.2712
24.408;-0.095538;24.4082;153.839;-47.4411
24.5006;-0.291865;24.5023;153.811;-47.6374
24.5854;-0.472909;24.5899;153.787;-47.8185
24.6769;-0.650696;24.6855;153.755;-47.9963
24.7762;-0.825744;24.79;153.716;-48.1713
24.8844;-1.0022;24.9045;153.668;-48.3478
24.9852;-1.19012;25.0135;153.632;-48.5357
25.098;-1.39482;25.1368;153.59;-48.7404
25.1977;-1.57421;25.2468;153.552;-48.9198
25.2799;-1.76525;25.3414;153.535;-49.1108
25.353;-1.96064;25.4287;153.529;-49.3062
25.4004;-2.14448;25.4908;153.543;-49.49
25.4503;-2.34341;25.558;153.56;-49.689
25.5004;-2.53745;25.6264;153.575;-49.883
25.5556;-2.72549;25.7005;153.585;-50.0711
25.6125;-2.91886;25.7783;153.594;-50.2644
25.6813;-3.09291;25.8669;153.586;-50.4385
25.7538;-3.26754;25.9602;153.575;-50.6131
25.8215;-3.46032;26.0523;153.575;-50.8059
25.8884;-3.6505;26.1445;153.575;-50.9961
25.9522;-3.83943;26.2347;153.577;-51.185
26.0222;-4.02339;26.3314;153.573;-51.369
26.0803;-4.20049;26.4164;153.577;-51.5461
26.1552;-4.38045;26.5195;153.567;-51.726
26.2309;-4.56493;26.6251;153.558;-51.9105
26.303;-4.74967;26.7284;153.553;-52.0952
26.3708;-4.93147;26.8279;153.551;-52.277
26.4373;-5.14063;26.9325;153.56;-52.4862
26.4893;-5.32855;27.0199;153.575;-52.6741
26.5289;-5.54;27.1012;153.611;-52.8856
26.5543;-5.74431;27.1685;153.657;-53.0899
26.5835;-5.93484;27.2379;153.696;-53.2804
26.6378;-6.12559;27.3331;153.711;-53.4712
26.6936;-6.31123;27.4296;153.724;-53.6568
26.7527;-6.50188;27.5315;153.735;-53.8474
26.791;-6.71146;27.6188;153.773;-54.057
26.8355;-6.91377;27.7118;153.802;-54.2593
26.8774;-7.11055;27.8021;153.833;-54.4561
26.9492;-7.30971;27.923;153.836;-54.6553
27.0168;-7.51975;28.0437;153.848;-54.8653
27.0653;-7.69963;28.1392;153.867;-55.0452
27.1166;-7.88675;28.2403;153.886;-55.2323
27.1582;-8.07569;28.3335;153.915;-55.4213
27.2114;-8.26373;28.4386;153.933;-55.6093
27.2616;-8.4477;28.5405;153.953;-55.7933
27.3044;-8.6344;28.6371;153.981;-55.98
27.3557;-8.82125;28.7428;154.001;-56.1668
27.4095;-9.02211;28.8562;154.024;-56.3677
27.4473;-9.24265;28.9617;154.07;-56.5882
27.4772;-9.44712;29.0559;154.117;-56.7927
27.5065;-9.64572;29.1487;154.164;-56.9913
27.5354;-9.84347;29.2419;154.21;-57.189
27.5793;-10.0347;29.3481;154.24;-57.3803
27.6156;-10.257;29.4589;154.289;-57.6026
27.654;-10.4459;29.5612;154.324;-57.7914
27.7019;-10.6485;29.6781;154.356;-57.9941
27.7545;-10.8336;29.7939;154.377;-58.1791
27.8064;-11.0101;29.9069;154.395;-58.3557
27.858;-11.1924;30.0223;154.417;-58.538
27.9168;-11.3773;30.1462;154.432;-58.7228
27.9751;-11.5883;30.2802;154.459;-58.9338
28.0516;-11.779;30.4243;154.461;-59.1246
28.1242;-11.9672;30.5644;154.466;-59.3127
28.1955;-12.1597;30.7058;154.474;-59.5053
28.2881;-12.3387;30.8619;154.458;-59.6842
28.3834;-12.5246;31.0239;154.442;-59.8701
28.4835;-12.7057;31.1889;154.42;-60.0513
28.5812;-12.8895;31.3532;154.402;-60.235
28.6772;-13.0716;31.5158;154.385;-60.4171
28.7781;-13.25;31.6819;154.362;-60.5956
28.8788;-13.4173;31.8435;154.335;-60.7629
28.9858;-13.5825;32.0103;154.302;-60.928
29.1214;-13.7359;32.1983;154.238;-61.0815
29.2722;-13.9109;32.4095;154.169;-61.2565
29.4209;-14.0688;32.6117;154.095;-61.4144
29.5649;-14.2161;32.8052;154.022;-61.5616
29.7063;-14.355;32.9928;153.948;-61.7005
29.8157;-14.5102;33.1591;153.91;-61.8558
29.921;-14.6879;33.3317;153.885;-62.0335

-29.9726;-14.8514;33.4503;153.854;-62.197
-29.8553;-15.0088;33.4156;153.81;-62.3544
-29.7273;-15.1662;33.3726;153.757;-62.5118
-29.5911;-15.3299;33.3263;153.699;-62.6755
-29.4401;-15.5083;33.275;153.634;-62.8539
-29.3071;-15.664;33.2305;153.577;-63.0095
-29.1838;-15.8124;33.1923;153.526;-63.1579
-29.0453;-15.9579;33.1404;153.459;-63.3034
-28.9091;-16.1027;33.0913;153.395;-63.4483
-28.7556;-16.2458;33.0274;153.315;-63.5914
-28.6042;-16.393;32.9686;153.238;-63.7385
-28.4603;-16.5335;32.9142;153.166;-63.879
-28.3214;-16.6746;32.8656;153.098;-64.0202
-28.1812;-16.8195;32.8188;153.032;-64.1651
-28.0385;-16.9407;32.7589;152.953;-64.2862
-27.8998;-17.084;32.7148;152.888;-64.4296
-27.7622;-17.2209;32.6695;152.821;-64.5664
-27.6318;-17.369;32.6374;152.765;-64.7146
-27.497;-17.5223;32.6054;152.708;-64.8679
-27.3728;-17.6751;32.5834;152.661;-65.0206
-27.244;-17.8316;32.5608;152.611;-65.1772
-27.1171;-17.9869;32.5402;152.563;-65.3325
-26.9851;-18.1422;32.5167;152.51;-65.4878
-26.8518;-18.2941;32.4914;152.455;-65.6396
-26.6933;-18.4605;32.4549;152.384;-65.8061
-26.5545;-18.6089;32.4258;152.323;-65.9544
-26.4057;-18.7542;32.388;152.252;-66.0998
-26.2657;-18.8949;32.3559;152.187;-66.2405
-26.1247;-19.0383;32.3258;152.122;-66.3838
-26.0118;-19.1862;32.3221;152.085;-66.5317
-25.8951;-19.3498;32.326;152.052;-66.6954
-25.7881;-19.5071;32.335;152.025;-66.8527
-25.6848;-19.6852;32.3607;152.011;-67.0307
-25.5864;-19.8571;32.3878;151.998;-67.2027
-25.4761;-20.0308;32.4078;151.976;-67.3764
-25.3795;-20.2011;32.4377;151.965;-67.5467
-25.2834;-20.3807;32.475;151.959;-67.7263
-25.1983;-20.5569;32.5199;151.962;-67.9025
-25.1135;-20.74;32.5705;151.968;-68.0855
-25.0451;-20.933;32.6411;151.993;-68.2785
-24.9881;-21.0994;32.7046;152.017;-68.4449
-24.9163;-21.2781;32.7655;152.034;-68.6237
-24.8414;-21.4529;32.8226;152.046;-68.7985
-24.7628;-21.6404;32.8862;152.061;-68.9859
-24.6834;-21.823;32.9471;152.073;-69.1686
-24.6015;-22.0147;33.0133;152.087;-69.3603
-24.5183;-22.188;33.0675;152.093;-69.5336
-24.4343;-22.3595;33.1207;152.096;-69.7051
-24.3342;-22.5268;33.1604;152.084;-69.8724
-24.2295;-22.7062;33.206;152.074;-70.0518
-24.1279;-22.8758;33.2484;152.062;-70.2214
-24.022;-23.0461;33.2893;152.047;-70.3917
-23.9232;-23.2235;33.3414;152.041;-70.569
-23.818;-23.3948;33.3858;152.028;-70.7404
-23.7191;-23.5704;33.4389;152.022;-70.916
-23.613;-23.7556;33.4948;152.015;-71.1012
-23.52;-23.9307;33.5539;152.015;-71.2763
-23.4257;-24.1109;33.6169;152.016;-71.4564
-23.3345;-24.2749;33.6715;152.013;-71.6204
-23.2284;-24.4489;33.724;152.001;-71.7945
-23.1264;-24.6074;33.7692;151.986;-71.953
-23.024;-24.7766;33.8229;151.976;-72.1222
-22.9093;-24.9419;33.8665;151.954;-72.2875
-22.7869;-25.1086;33.907;151.926;-72.4541
-22.6572;-25.3037;33.9651;151.905;-72.6493
-22.527;-25.4874;34.0158;151.879;-72.833
-22.4264;-25.6484;34.0703;151.868;-72.994
-22.3218;-25.8188;34.1303;151.858;-73.1644
-22.2234;-25.9908;34.1965;151.855;-73.3363
-22.1265;-26.1443;34.2507;151.844;-73.4899
-22.0235;-26.3147;34.3147;151.837;-73.6603
-21.9365;-26.4862;34.3908;151.844;-73.8317
-21.8364;-26.669;34.4683;151.845;-74.0146
-21.7321;-26.8355;34.5316;151.836;-74.1811
-21.6221;-27.0083;34.5971;151.824;-74.3538
-21.5007;-27.1822;34.6576;151.804;-74.5278
-21.3756;-27.3414;34.7055;151.773;-74.687
-21.2381;-27.4963;34.7434;151.73;-74.8419
-21.1104;-27.6453;34.7838;151.692;-74.9909
-20.9795;-27.7694;34.8034;151.64;-75.1149
-20.8305;-27.9052;34.8225;151.578;-75.2507
-20.6827;-28.0399;34.8426;151.516;-75.3855
-20.5318;-28.1683;34.8569;151.449;-75.5138
-20.3919;-28.2902;34.8735;151.389;-75.6357
-20.2385;-28.4258;34.8945;151.324;-75.7713
-20.0811;-28.5387;34.8956;151.244;-75.8842
-19.9196;-28.6516;34.8957;151.162;-75.9972
-19.7692;-28.7666;34.9047;151.089;-76.1121
-19.6213;-28.864;34.9016;151.011;-76.2095
-19.4538;-29.0041;34.924;150.937;-76.3497
-19.3005;-29.1339;34.947;150.871;-76.4794
-19.1506;-29.2508;34.9622;150.801;-76.5964
-18.9869;-29.3622;34.9662;150.716;-76.7077
-18.8186;-29.4785;34.9732;150.631;-76.8241
-18.6638;-29.5955;34.989;150.557;-76.941
-18.5086;-29.7085;35.0023;150.482;-77.054
-18.3571;-29.8462;35.0396;150.422;-77.1917
-18.2272;-29.9702;35.0777;150.375;-77.3158

-18.0948;29.9;34.949;150.328;-77.4455
-17.9524;29.7729;34.7665;150.272;-77.5727
-17.7869;29.6101;34.5417;150.214;-77.7355
-17.6619;29.4558;34.3451;150.187;-77.8897
-17.5377;29.287;34.1365;150.169;-78.0586
-17.4245;29.1313;33.9448;150.153;-78.2142
-17.3066;28.9688;33.7447;150.137;-78.3768
-17.1832;28.811;33.546;150.114;-78.5346
-17.0497;28.639;33.3299;150.091;-78.7066
-16.9127;28.4751;33.119;150.06;-78.8705
-16.7893;28.3447;32.9439;150.024;-79.0009
-16.653;28.2007;32.7506;149.984;-79.1448
-16.5131;28.0623;32.5604;149.938;-79.2832
-16.3678;27.9251;32.3684;149.887;-79.4205
-16.2202;27.7889;32.1763;149.835;-79.5567
-16.0714;27.6612;31.9912;149.776;-79.6843
-15.9151;27.5295;31.7988;149.714;-79.8161
-15.7694;27.3889;31.6042;149.666;-79.9566
-15.6247;27.2491;31.4109;149.619;-80.0965
-15.487;27.1252;31.2349;149.569;-80.2204
-15.3391;26.9917;31.0458;149.516;-80.3539
-15.2068;26.8918;30.8936;149.458;-80.4538
-15.0489;26.7626;30.7035;149.394;-80.583
-14.8717;26.6425;30.5121;149.31;-80.7031
-14.7039;26.5376;30.3389;149.226;-80.8079
-14.53;26.4274;30.1584;149.139;-80.9182
-14.3591;26.3226;29.9844;149.053;-81.0229
-14.1882;26.2218;29.8142;148.964;-81.1238
-14.0139;26.1177;29.6399;148.875;-81.2278
-13.8416;26.0159;29.4689;148.786;-81.3297
-13.628;25.9167;29.2814;148.662;-81.4288
-13.4554;25.8384;29.1319;148.56;-81.5072
-13.265;25.7484;28.9645;148.45;-81.5971
-13.0905;25.6592;28.8055;148.354;-81.6863
-12.9001;25.5834;28.6517;148.237;-81.7622
-12.7069;25.5038;28.494;148.12;-81.8418
-12.5264;25.4237;28.3421;148.014;-81.9219
-12.3306;25.3494;28.1893;147.892;-81.9961
-12.1411;25.2858;28.0495;147.769;-82.0598
-11.9588;25.209;27.9017;147.66;-82.1366
-11.7897;25.1203;27.7494;147.569;-82.2252
-11.6184;25.0276;27.5929;147.479;-82.318
-11.4361;24.9192;27.4181;147.388;-82.4264
-11.2592;24.8134;27.2484;147.301;-82.5322
-11.0876;24.7107;27.0842;147.216;-82.6349
-10.918;24.5997;26.9137;147.138;-82.7459
-10.7418;24.4963;26.748;147.051;-82.8492
-10.5693;24.3951;26.5863;146.966;-82.9504
-10.3941;24.2897;26.4202;146.881;-83.0559
-10.2142;24.1917;26.2596;146.788;-83.1539
-10.0312;24.0853;26.0908;146.697;-83.2602
-9.85499;23.9903;25.9356;146.606;-83.3552
-9.67905;23.8988;25.7844;146.514;-83.4468
-9.51601;23.8012;25.633;146.435;-83.5443
-9.34148;23.6967;25.4715;146.352;-83.6489
-9.14598;23.5967;25.3071;146.249;-83.7489
-8.97184;23.4985;25.153;146.162;-83.847
-8.79839;23.401;25.0004;146.076;-83.9446
-8.62407;23.3037;24.8483;145.99;-84.0419
-8.44976;23.2035;24.6941;145.905;-84.1421
-8.26963;23.0853;24.5218;145.826;-84.2602
-8.10495;22.9724;24.3602;145.757;-84.3732
-7.9391;22.8622;24.2014;145.686;-84.4834
-7.78009;22.7474;24.0411;145.623;-84.5982
-7.5895;22.6133;23.8529;145.546;-84.7322
-7.43185;22.5121;23.7071;145.476;-84.8335
-7.25536;22.3976;23.5434;145.4;-84.9479
-7.0728;22.2901;23.3853;145.315;-85.0555
-6.89546;22.1756;23.223;145.238;-85.1699
-6.72695;22.0668;23.0694;145.166;-85.2788
-6.5587;21.9584;22.917;145.093;-85.3871
-6.38897;21.8451;22.7602;145.023;-85.5004
-6.22282;21.7362;22.6094;144.953;-85.6094
-6.06446;21.6257;22.4599;144.89;-85.7199
-5.89693;21.5058;22.2996;144.827;-85.8398
-5.73335;21.3898;22.1449;144.764;-85.9557
-5.57415;21.2588;21.9774;144.713;-86.0868
-5.41673;21.1293;21.8125;144.664;-86.2163
-5.23689;20.9913;21.6347;144.602;-86.3543
-5.07667;20.8678;21.4764;144.547;-86.4778
-4.92702;20.7416;21.3188;144.503;-86.604
-4.7684;20.6012;21.1459;144.46;-86.7443
-4.61834;20.4678;20.9824;144.421;-86.8778
-4.46608;20.3386;20.8232;144.377;-87.0069
-4.31088;20.2072;20.6619;144.332;-87.1383
-4.15947;20.0723;20.4988;144.293;-87.2732
-4.00944;19.9458;20.3448;144.25;-87.3997
-3.84668;19.7913;20.1617;144.215;-87.5543
-3.69498;19.652;19.9963;144.179;-87.6936
-3.54605;19.5012;19.821;144.153;-87.8444
-3.40027;19.3729;19.6691;144.115;-87.9726
-3.25633;19.2382;19.5119;144.084;-88.1073
-3.10536;19.0882;19.3392;144.056;-88.2573
-2.94587;18.9433;19.171;144.019;-88.4023
-2.8024;18.8171;19.0247;143.983;-88.5284
-2.66479;18.6864;18.8754;143.955;-88.6592
-2.52473;18.5871;18.7578;143.906;-88.7585
-2.35524;18.4833;18.6327;143.837;-88.8623
-2.1818;18.3784;18.5074;143.765;-88.9672
-2.01676;18.2666;18.3776;143.705;-89.0789
-1.85059;18.1507;18.2448;143.647;-89.1949
-1.68545;18.0382;18.1168;143.587;-89.3074
-1.54107;17.9214;17.9875;143.547;-89.4242
-1.36776;17.7784;17.8309;143.501;-89.5672
-1.19978;17.6904;17.731;143.424;-89.6552
-1.02359;17.6032;17.6329;143.341;-89.7424
-0.845047;17.5159;17.5362;143.257;-89.8297
-0.671232;17.4117;17.4247;143.187;-89.9338
-0.486503;17.2802;17.2871;143.126;-90.0653
-0.323018;17.1633;17.1664;143.073;-90.1822
-0.153877;17.0463;17.047;143.015;-90.2992
0.00187882;16.9257;16.9257;142.971;-90.4198
0.159768;16.8082;16.8089;142.923;-90.5374
0.328122;16.6833;16.6865;142.872;-90.6623
0.490873;16.5638;16.571;142.822;-90.7818
0.666629;16.4333;16.4469;142.77;-90.9122
0.827608;16.314;16.3349;142.722;-91.0316
0.994752;16.2156;16.2461;142.656;-91.1299
1.19535;16.1174;16.1616;142.564;-91.2282
1.3662;16.0244;16.0825;142.493;-91.3212
1.54794;15.9223;15.9974;142.419;-91.4233
1.705;15.8451;15.9366;142.348;-91.5005
1.88703;15.7721;15.8846;142.255;-91.5734
2.07721;15.6969;15.8337;142.158;-91.6487
2.25459;15.6413;15.8029;142.059;-91.7043
2.44521;15.5587;15.7496;141.967;-91.7869
2.62316;15.4869;15.7075;141.877;-91.8587
2.84446;15.4039;15.6644;141.763;-91.9416
3.03212;15.3338;15.6307;141.665;-92.0118
3.2205;15.263;15.5991;141.568;-92.0825
3.416;15.1939;15.5731;141.465;-92.1517
3.60758;15.1058;15.5306;141.377;-92.2398
3.78939;15.0227;15.4933;141.293;-92.3229
3.96379;14.9425;15.4593;141.214;-92.4031
4.14666;14.8593;15.4271;141.13;-92.4862
4.33395;14.7994;15.4209;141.028;-92.5462
4.52006;14.7356;15.4132;140.93;-92.61
4.70073;14.6788;15.4131;140.831;-92.6667
4.89976;14.6157;15.4152;140.723;-92.7298
5.0946;14.544;15.4105;140.623;-92.8015
5.26679;14.4641;15.3931;140.547;-92.8815
5.44307;14.3907;15.3857;140.463;-92.9549
5.63496;14.3171;15.3861;140.368;-93.0285
5.8218;14.2453;15.389;140.276;-93.1003
5.99604;14.1688;15.3853;140.197;-93.1768
6.17736;14.0975;15.3916;140.109;-93.248
6.3665;14.0227;15.4002;140.017;-93.3229
6.55432;13.9425;15.4062;139.931;-93.4031
6.75444;13.8558;15.4145;139.84;-93.4897
6.94274;13.7903;15.4394;139.744;-93.5553
7.1217;13.7361;15.4725;139.647;-93.6094
7.33133;13.6792;15.52;139.53;-93.6663
7.52313;13.621;15.5605;139.427;-93.7246
7.72303;13.5647;15.6092;139.317;-93.7808
7.90381;13.5159;15.6573;139.216;-93.8296
8.07456;13.4509;15.6884;139.134;-93.8946
8.26743;13.3701;15.7197;139.046;-93.9755
8.44992;13.294;15.7522;138.963;-94.0516
8.63709;13.2223;15.7933;138.874;-94.1232
8.82814;13.1486;15.8373;138.784;-94.197
9.01365;13.0762;15.8819;138.697;-94.2693
9.20429;13.0067;15.934;138.604;-94.3389
9.39005;12.9518;15.9975;138.506;-94.3938
9.56886;12.9014;16.0627;138.409;-94.4441
9.7541;12.84;16.1248;138.316;-94.5055
9.9442;12.7736;16.1881;138.222;-94.5719
10.1354;12.7126;16.2584;138.125;-94.633
10.2995;12.6444;16.3083;138.052;-94.7011
10.4754;12.5692;16.3621;137.976;-94.7764
10.658;12.4878;16.4176;137.899;-94.8578
10.8388;12.4075;16.475;137.823;-94.938
11.0334;12.3198;16.5383;137.743;-95.0258
11.231;12.2299;16.6044;137.662;-95.1157
11.4122;12.1491;16.6685;137.587;-95.1964
11.6004;12.0699;16.7407;137.506;-95.2757
11.7808;11.9869;16.8069;137.434;-95.3587
11.9557;11.8962;16.8659;137.371;-95.4494
12.1331;11.8038;16.9276;137.307;-95.5418
12.3131;11.7135;16.9947;137.241;-95.6321
12.4981;11.6282;17.071;137.168;-95.7174
12.6935;11.5442;17.1579;137.087;-95.8014
12.8774;11.4604;17.2386;137.014;-95.8852
13.0717;11.3613;17.3191;136.945;-95.9842
13.2503;11.2707;17.3954;136.881;-96.0748
13.4345;11.1868;17.4822;136.809;-96.1588
13.6121;11.0864;17.5555;136.753;-96.2592
13.7768;10.9986;17.6287;136.698;-96.347
13.945;10.8818;17.6883;136.661;-96.4637
14.1081;10.7639;17.7454;136.629;-96.5817
14.2791;10.6436;17.8095;136.593;-96.702
14.4391;10.5281;17.8698;136.562;-96.8174
14.6188;10.4006;17.9411;136.526;-96.9449
14.7967;10.2852;18.0202;136.483;-97.0604
14.9647;10.1742;18.0958;136.444;-97.1714
15.1392;10.0529;18.173;136.408;-97.2927
15.3075;9.92743;18.2449;136.379;-97.4181
15.4698;9.80313;18.3144;136.355;-97.5424
15.63;9.67622;18.3828;136.334;-97.6693
15.7911;9.5649;18.462;136.301;-97.7807
15.9474;9.45189;18.538;136.274;-97.8937
16.11;9.33493;18.6192;136.245;-98.0106
16.2773;9.22253;18.7084;136.209;-98.123
16.4486;9.09766;18.7969;136.181;-98.2479
16.6053;8.98781;18.8816;136.152;-98.3578
16.7638;8.87732;18.9693;136.122;-98.4682
16.9371;8.7675;19.0718;136.082;-98.5781
17.1098;8.64944;19.1718;136.049;-98.6961
17.2762;8.53442;19.2692;136.018;-98.8111
17.4326;8.4246;19.3616;135.99;-98.921
17.6047;8.30749;19.4663;135.957;-99.0381
17.7726;8.18744;19.5678;135.93;-99.1581
17.9411;8.08515;19.6787;135.889;-99.2604
18.1083;7.97594;19.7871;135.855;-99.3696
18.2943;7.85653;19.91;135.816;-99.489
18.4616;7.74984;20.0223;135.78;-99.5957
18.6305;7.64237;20.1371;135.744;-99.7032
18.8028;7.5356;20.2567;135.706;-99.81
18.9758;7.42799;20.3778;135.668;-99.9176
19.1458;7.32301;20.4985;135.631;-100.023
19.3041;7.20669;20.6054;135.61;-100.139
19.4692;7.09263;20.7209;135.583;-100.253
19.6337;6.97772;20.8367;135.557;-100.368
19.794;6.86591;20.951;135.532;-100.48
19.9625;6.7567;21.0749;135.5;-100.589
20.1379;6.63644;21.2032;135.472;-100.709
20.2936;6.52242;21.316;135.453;-100.823
20.4709;6.40556;21.4497;135.422;-100.94
20.6551;6.31171;21.5979;135.369;-101.034
20.8448;6.23472;21.7572;135.3;-101.111
21.031;6.15863;21.9142;135.233;-101.187
21.2168;6.08183;22.0713;135.168;-101.264
21.4032;6.0043;22.2295;135.103;-101.341
21.5939;5.9513;22.399;135.016;-101.394
21.7825;5.89306;22.5656;134.936;-101.453
21.9886;5.81679;22.7449;134.857;-101.529
22.1644;5.77393;22.9042;134.774;-101.572
22.354;5.7134;23.0726;134.695;-101.632
22.5454;5.65401;23.2436;134.614;-101.692
22.7387;5.58357;23.4142;134.541;-101.762
22.9465;5.51067;23.599;134.46;-101.835
23.1242;5.44319;23.7562;134.396;-101.902
23.2953;5.3863;23.9099;134.327;-101.959
23.4799;5.32651;24.0764;134.253;-102.019
23.6712;5.2623;24.249;134.177;-102.083
23.8513;5.18647;24.4087;134.118;-102.159
24.0357;5.11694;24.5743;134.052;-102.229
24.216;5.044;24.7357;133.991;-102.302
24.396;4.95969;24.895;133.939;-102.386
24.5468;4.86924;25.0251;133.911;-102.476
24.7367;4.77827;25.1939;133.859;-102.567
24.8889;4.67949;25.325;133.837;-102.666
25.0576;4.5732;25.4715;133.81;-102.772
25.226;4.45761;25.6168;133.791;-102.888
25.3905;4.34458;25.7595;133.773;-103.001
25.5453;4.23677;25.8942;133.758;-103.109
25.7083;4.12281;26.0368;133.742;-103.223
25.8747;3.9905;26.1807;133.738;-103.355
26.0313;3.86635;26.3169;133.735;-103.479
26.1731;3.74134;26.4392;133.742;-103.604
26.3119;3.62606;26.5606;133.744;-103.72
26.46;3.50492;26.6911;133.744;-103.841
26.6164;3.37783;26.8299;133.744;-103.968
26.7724;3.24711;26.9686;133.748;-104.098
26.8971;3.1036;27.0756;133.782;-104.242
27.0109;2.94585;27.1711;133.833;-104.4
27.1351;2.783;27.2774;133.883;-104.563
27.255;2.64803;27.3833;133.913;-104.698
27.3885;2.50001;27.5024;133.946;-104.846
27.5143;2.34026;27.6136;133.993;-105.005
27.6346;2.19913;27.7219;134.029;-105.146
27.7635;2.04635;27.8388;134.069;-105.299
27.8866;1.90564;27.9517;134.103;-105.44
28.0181;1.75191;28.0728;134.143;-105.594
28.139;1.59585;28.1842;134.192;-105.75
28.2513;1.43673;28.2878;134.248;-105.909
28.3679;1.26999;28.3963;134.308;-106.076
28.4882;1.10783;28.5098;134.362;-106.238
28.6078;0.946832;28.6234;134.417;-106.399
28.7091;0.780309;28.7197;134.487;-106.565
28.8095;0.59761;28.8157;134.57;-106.748
28.9099;0.428583;28.913;134.643;-106.917
29.0149;0.243021;29.0159;134.727;-107.103
29.1082;0.0621737;29.1083;134.814;-107.283
29.2004;-0.114226;29.2006;134.899;-107.46
29.3017;-0.290467;29.3031;134.978;-107.636
29.4026;-0.463821;29.4063;135.056;-107.809
29.5032;-0.636225;29.51;135.133;-107.982
29.6261;-0.800355;29.6369;135.19;-108.146
29.7503;-0.97369;29.7662;135.255;-108.319
29.8347;-1.13135;29.8561;135.331;-108.477
29.9256;-1.28871;29.9534;135.402;-108.634

-29.9797;-1.45875;30.0151;135.482;-108.804
-29.8864;-1.62743;29.9307;135.562;-108.973
-29.768;-1.82209;29.8237;135.649;-109.168
-29.6645;-1.99279;29.7313;135.725;-109.338
-29.5544;-2.17339;29.6342;135.805;-109.519
-29.4671;-2.32824;29.5589;135.878;-109.674
-29.3567;-2.52848;29.4654;135.975;-109.874
-29.2536;-2.68962;29.377;136.045;-110.035
-29.1345;-2.8393;29.2725;136.096;-110.185
-28.9991;-2.99411;29.1533;136.142;-110.34
-28.8705;-3.13614;29.0404;136.182;-110.482
-28.7453;-3.27196;28.931;136.219;-110.618
-28.6124;-3.42801;28.817;136.268;-110.774
-28.4859;-3.57229;28.709;136.312;-110.918
-28.3527;-3.72399;28.5962;136.358;-111.07
-28.201;-3.85799;28.4637;136.379;-111.204
-28.0451;-3.98486;28.3268;136.393;-111.33
-27.8773;-4.11414;28.1792;136.401;-111.46
-27.7134;-4.24185;28.0361;136.411;-111.587
-27.5569;-4.36409;27.9003;136.422;-111.71
-27.3966;-4.48633;27.7615;136.43;-111.832
-27.2491;-4.61314;27.6368;136.449;-111.959
-27.1055;-4.74466;27.5177;136.475;-112.09
-26.9606;-4.87114;27.3971;136.497;-112.217
-26.7798;-4.99577;27.2418;136.496;-112.341
-26.6132;-5.13644;27.1043;136.518;-112.482
-26.4509;-5.26698;26.9702;136.533;-112.613
-26.313;-5.39359;26.8601;136.56;-112.739
-26.163;-5.53349;26.7418;136.591;-112.879
-26.0225;-5.65732;26.6304;136.614;-113.003
-25.8809;-5.78645;26.5199;136.642;-113.132
-25.7393;-5.91037;26.4091;136.665;-113.256
-25.5938;-6.0599;26.3014;136.708;-113.405
-25.4605;-6.20529;26.2058;136.754;-113.551
-25.326;-6.3513;26.1103;136.8;-113.697
-25.1864;-6.49827;26.0112;136.845;-113.844
-25.0434;-6.62438;25.9047;136.871;-113.97
-24.9063;-6.75718;25.8066;136.906;-114.103
-24.762;-6.89049;25.7028;136.937;-114.236
-24.6094;-7.02248;25.5917;136.963;-114.368
-24.4618;-7.14921;25.4851;136.988;-114.495
-24.3197;-7.26994;25.383;137.011;-114.616
-24.1836;-7.40284;25.2913;137.048;-114.748
-24.047;-7.53669;25.2004;137.085;-114.882
-23.9031;-7.65342;25.0985;137.105;-114.999
-23.7387;-7.77301;24.9789;137.116;-115.119
-23.5479;-7.89054;24.8347;137.111;-115.236
-23.3745;-7.99396;24.7036;137.104;-115.34
-23.1999;-8.09456;24.5714;137.094;-115.44
-23.0191;-8.19715;24.435;137.083;-115.543
-22.843;-8.29423;24.3022;137.071;-115.64
-22.6697;-8.39235;24.1733;137.06;-115.738
-22.4978;-8.4948;24.0481;137.055;-115.84
-22.3157;-8.59355;23.9132;137.041;-115.939
-22.1493;-8.69281;23.794;137.037;-116.038
-21.9817;-8.80034;23.6778;137.039;-116.146
-21.8064;-8.91386;23.558;137.042;-116.259
-21.6444;-9.01818;23.448;137.045;-116.364
-21.4766;-9.12177;23.3335;137.044;-116.467
-21.3096;-9.21992;23.2186;137.04;-116.565
-21.1402;-9.30675;23.0982;137.025;-116.652
-20.9592;-9.40305;22.9718;137.012;-116.749
-20.7847;-9.49922;22.8525;137.003;-116.845
-20.5991;-9.61286;22.7317;137.003;-116.958
-20.4203;-9.71902;22.6152;137.001;-117.065
-20.2554;-9.82417;22.5121;137.005;-117.17
-20.0872;-9.93072;22.4079;137.009;-117.276
-19.9197;-10.035;22.3046;137.012;-117.381
-19.7651;-10.1211;22.2057;137.006;-117.467
-19.5868;-10.2179;22.0918;136.997;-117.563
-19.4174;-10.3048;21.9824;136.985;-117.65
-19.1907;-10.3877;21.8217;136.94;-117.733
-18.9805;-10.4644;21.674;136.899;-117.81
-18.762;-10.4951;21.4979;136.814;-117.841
-18.5592;-10.514;21.3305;136.728;-117.86
-18.349;-10.5294;21.1555;136.635;-117.875
-18.147;-10.5497;20.9907;136.55;-117.895
-17.9559;-10.5698;20.8359;136.471;-117.915
-17.7424;-10.5897;20.6624;136.381;-117.935
-17.5384;-10.6149;20.5005;136.3;-117.96
-17.3368;-10.638;20.3404;136.22;-117.984
-17.1215;-10.641;20.1588;136.115;-117.987
-16.9267;-10.6482;19.9975;136.024;-117.994
-16.7278;-10.6448;19.8275;135.922;-117.99
-16.5285;-10.643;19.6587;135.822;-117.989
-16.3241;-10.6341;19.4823;135.713;-117.98
-16.1262;-10.6126;19.305;135.596;-117.958
-15.9274;-10.591;19.1272;135.48;-117.937
-15.7502;-10.5575;18.9613;135.363;-117.903
-15.5491;-10.5029;18.764;135.217;-117.848
-15.3563;-10.4583;18.5794;135.084;-117.804
-15.1636;-10.4137;18.3952;134.951;-117.759
-14.958;-10.3742;18.2035;134.816;-117.72
-14.7597;-10.3307;18.0159;134.681;-117.676
-14.5707;-10.2811;17.8327;134.546;-117.627
