#1 AntPos X;#2 AntPos Y;#3 Distance form nest;#4 Total Distance;#5 Total Y Distance
-18.1486;-10.5953;21.015;0.163595;-0.0721385
-18.3359;-10.6936;21.2263;0.37513;-0.170457
-18.5163;-10.7849;21.4282;0.577306;-0.261814
-18.6967;-10.8781;21.631;0.780405;-0.354962
-18.8806;-10.9699;21.8361;0.985908;-0.446736
-19.0811;-11.0693;22.0594;1.2097;-0.546172
-19.2534;-11.1567;22.2523;1.40284;-0.633552
-19.4446;-11.262;22.4706;1.6211;-0.738888
-19.6058;-11.3487;22.6534;1.80402;-0.825534
-19.7821;-11.4522;22.8579;2.00819;-0.929042
-19.961;-11.5361;23.0548;2.20565;-1.01299
-20.1418;-11.6222;23.2544;2.40577;-1.09903
-20.3162;-11.7256;23.4572;2.60823;-1.20244
-20.4818;-11.8016;23.6386;2.79019;-1.27845
-20.6582;-11.8687;23.825;2.97785;-1.34561
-20.8456;-11.9415;24.0237;3.17798;-1.41841
-21.0361;-12.004;24.2201;3.37644;-1.48087
-21.2113;-12.0539;24.3971;3.55595;-1.53073
-21.4061;-12.1056;24.592;3.75422;-1.58247
-21.6032;-12.1636;24.7921;3.95743;-1.64043
-21.7707;-12.2052;24.9586;4.12727;-1.68206
-21.9723;-12.2554;25.159;4.332;-1.73225
-22.1664;-12.3035;25.3521;4.5293;-1.78041
-22.3649;-12.378;25.5617;4.74107;-1.85485
-22.5439;-12.461;25.7586;4.93833;-1.9379
-22.7475;-12.5567;25.9831;5.16312;-2.0336
-22.938;-12.6452;26.1926;5.37307;-2.12207
-23.1351;-12.7416;26.4117;5.59221;-2.21844
-23.3171;-12.8321;26.6148;5.79518;-2.30894
-23.4971;-12.921;26.8154;5.99572;-2.39787
-23.6762;-13.0059;27.0133;6.19387;-2.48282
-23.8517;-13.0985;27.2117;6.39179;-2.5754
-24.0339;-13.2027;27.4215;6.60058;-2.67957
-24.2105;-13.3048;27.6254;6.80339;-2.78169
-24.3932;-13.4032;27.833;7.01042;-2.88006
-24.5591;-13.5029;28.0264;7.20267;-2.97975
-24.7275;-13.5882;28.2151;7.39128;-3.06505
-24.907;-13.6779;28.4156;7.59183;-3.15477
-25.0857;-13.7812;28.6219;7.79731;-3.2581
-25.2599;-13.8775;28.8209;7.99578;-3.35436
-25.4303;-13.9736;29.0166;8.19082;-3.45044
-25.5987;-14.0686;29.21;8.38362;-3.54553
-25.7733;-14.1691;29.4113;8.58432;-3.64594
-25.9363;-14.2623;29.5991;8.77151;-3.7392
-26.1287;-14.3576;29.8135;8.9861;-3.83445
-26.3264;-14.4467;30.0298;9.203;-3.92362
-26.5156;-14.5334;30.2373;9.41107;-4.01028
-26.6983;-14.6074;30.4331;9.60784;-4.08424
-26.875;-14.6795;30.6228;9.79849;-4.15641
-27.0721;-14.7779;30.8429;10.0187;-4.25479
-27.2708;-14.8717;31.0623;10.2385;-4.34857
-27.4744;-14.9433;31.2753;10.4532;-4.42016
-27.6579;-15.0057;31.4664;10.6459;-4.48255
-27.8526;-15.0697;31.668;10.8494;-4.54661
-28.0579;-15.1398;31.882;11.0653;-4.61664
-28.2429;-15.2016;32.0742;11.2592;-4.67847
-28.4296;-15.2774;32.2745;11.4606;-4.75432
-28.6158;-15.3533;32.4744;11.6615;-4.83018
-28.7957;-15.4324;32.6703;11.8579;-4.90924
-28.9623;-15.5031;32.8506;12.0389;-4.98002
-29.1418;-15.5885;33.0491;12.2376;-5.06538
-29.3421;-15.6861;33.2718;12.4604;-5.16299
-29.5249;-15.7762;33.4755;12.6641;-5.25309
-29.7066;-15.8615;33.676;12.8648;-5.33837
-29.9101;-15.9313;33.8883;13.0789;-5.40815

29.9195;-16.0076;33.9326;13.2657;-5.48451
29.7274;-16.0976;33.8061;13.4777;-5.5745
29.5283;-16.1587;33.6604;13.6843;-5.63557
29.3353;-16.2175;33.5197;13.8844;-5.69441
29.1348;-16.2885;33.379;14.0964;-5.7654
28.9498;-16.3577;33.2516;14.2935;-5.83461
28.7654;-16.4137;33.1188;14.4848;-5.89056
28.5658;-16.4838;32.9806;14.6956;-5.96066
28.3906;-16.5455;32.86;14.8807;-6.02236
28.1696;-16.5965;32.6951;15.1036;-6.07343
27.9793;-16.6425;32.5548;15.2964;-6.11942
27.7919;-16.6811;32.4137;15.4835;-6.15795
27.5759;-16.7208;32.2493;15.6976;-6.19766
27.4192;-16.7648;32.1383;15.8591;-6.24172
27.2262;-16.8211;32.0034;16.0586;-6.298
27.0426;-16.8838;31.8804;16.2521;-6.36065
26.8469;-16.9443;31.7469;16.4559;-6.42119
26.6662;-17.014;31.6317;16.6494;-6.49088
26.4635;-17.0758;31.4945;16.8602;-6.55268
26.285;-17.1378;31.3784;17.0488;-6.61469
26.0918;-17.1967;31.2491;17.2497;-6.67358
25.8856;-17.2555;31.1098;17.4626;-6.73238
25.6839;-17.328;30.9826;17.6767;-6.8049
25.4976;-17.3864;30.8612;17.8711;-6.86323
25.3063;-17.4471;30.7377;18.0711;-6.92396
25.1102;-17.5157;30.6157;18.2785;-6.99254
24.9215;-17.5818;30.4992;18.4781;-7.0587
24.7358;-17.673;30.4006;18.6845;-7.14983
24.5524;-17.7528;30.2982;18.8845;-7.22965
24.3779;-17.8381;30.2073;19.0784;-7.31494
24.2098;-17.9355;30.1297;19.271;-7.4124
24.0326;-18.0385;30.0492;19.4743;-7.51542
23.8593;-18.1379;29.9708;19.6724;-7.61475
23.6943;-18.2393;29.9013;19.8639;-7.71615
23.5304;-18.351;29.8402;20.0584;-7.82786
23.3879;-18.4711;29.8023;20.2365;-7.94801
23.2439;-18.6089;29.7754;20.4232;-8.08582
23.0959;-18.7446;29.7452;20.613;-8.22149
22.9363;-18.8842;29.7101;20.815;-8.36112
22.8052;-19.03;29.7022;20.9938;-8.50687
22.679;-19.2019;29.7162;21.1792;-8.67881
22.5638;-19.3662;29.7351;21.3517;-8.84307
22.4531;-19.5374;29.7633;21.5237;-9.01428
22.3599;-19.7155;29.8105;21.6833;-9.19238
22.2666;-19.8861;29.854;21.8405;-9.36302
22.1701;-20.0758;29.9091;22.0093;-9.55266
22.07;-20.2461;29.9497;22.1737;-9.72298
21.9789;-20.4192;30.0003;22.3317;-9.89608
21.8708;-20.5923;30.0396;22.5056;-10.0692
21.7599;-20.7617;30.0756;22.6808;-10.2386
21.6896;-20.9262;30.1388;22.8182;-10.4031
21.6142;-21.1301;30.2268;22.9786;-10.607
21.5414;-21.3176;30.3063;23.1302;-10.7945
21.4647;-21.5042;30.3836;23.2854;-10.9811
21.4027;-21.6934;30.4743;23.4297;-11.1703
21.3539;-21.8806;30.5736;23.5623;-11.3574
21.3009;-22.0637;30.6682;23.6974;-11.5406
21.2468;-22.2584;30.7711;23.8399;-11.7352
21.1867;-22.4675;30.8814;23.9956;-11.9443
21.1318;-22.667;30.9895;24.143;-12.1439
21.073;-22.8592;31.0904;24.2909;-12.3361
21.005;-23.0477;31.1834;24.4455;-12.5246
20.9468;-23.2349;31.283;24.5917;-12.7117
20.8876;-23.4159;31.3783;24.7364;-12.8928
20.8268;-23.6082;31.4818;24.8888;-13.0851
20.7664;-23.8011;31.587;25.0419;-13.278
20.6993;-23.9809;31.6787;25.1944;-13.4577
20.6345;-24.1752;31.784;25.3533;-13.6521
20.5726;-24.3699;31.8924;25.5107;-13.8468
20.5022;-24.563;31.995;25.6749;-14.0399
20.4455;-24.7758;32.1225;25.8391;-14.2526
20.3947;-24.9681;32.2389;25.9879;-14.4449
20.343;-25.1523;32.3493;26.1335;-14.6292
20.2832;-25.3432;32.4605;26.2903;-14.8201
20.2286;-25.5261;32.5696;26.4387;-15.0029
20.1591;-25.6956;32.6597;26.5924;-15.1725
20.0898;-25.883;32.7648;26.7564;-15.3599
20.0197;-26.0693;32.8694;26.921;-15.5461
19.9455;-26.255;32.9719;27.089;-15.7318
19.8707;-26.4516;33.0837;27.2644;-15.9285
19.8021;-26.6448;33.1974;27.4332;-16.1217
19.7378;-26.8301;33.3082;27.5943;-16.307
19.6649;-27.0204;33.4187;27.7658;-16.4973
19.5747;-27.1956;33.5077;27.9426;-16.6725
19.4841;-27.3636;33.5916;28.1157;-16.8405
19.3779;-27.5508;33.6831;28.313;-17.0277
19.278;-27.7271;33.7703;28.4989;-17.204
19.1791;-27.9052;33.8605;28.6854;-17.3821
19.0759;-28.0579;33.9284;28.8601;-17.5348
18.9637;-28.2275;34.0061;29.0523;-17.7043
18.834;-28.3629;34.0467;29.2377;-17.8398
18.6987;-28.4956;34.0828;29.4258;-17.9725
18.5599;-28.6399;34.1279;29.6239;-18.1168
18.4142;-28.7822;34.1687;29.8262;-18.2591
18.2526;-28.912;34.1915;30.0334;-18.3888
18.1077;-29.043;34.2255;30.2282;-18.5199
17.9501;-29.1648;34.2461;30.4274;-18.6417
17.798;-29.2797;34.2647;30.618;-18.7566
17.6368;-29.4093;34.2924;30.8248;-18.8862
17.482;-29.538;34.3236;31.026;-19.0148
17.3227;-29.6651;34.3525;31.2297;-19.142
17.1525;-29.7675;34.3557;31.4271;-19.2444
16.9853;-29.8783;34.3688;31.6271;-19.3552
16.819;-29.9909;34.3851;31.8276;-19.4678

16.6546;29.8986;34.2243;32.0251;-19.5783
16.477;29.7852;34.0389;32.2351;-19.6917
16.3042;29.6828;33.8658;32.4344;-19.7941
16.1436;29.5797;33.6983;32.6245;-19.8971
15.9732;29.4983;33.5454;32.8092;-19.9786
15.7836;29.4088;33.3766;33.0142;-20.0681
15.5913;29.3284;33.2151;33.2158;-20.1485
15.4104;29.254;33.0648;33.4048;-20.2228
15.2153;29.1747;32.9039;33.6081;-20.3022
15.0257;29.1119;32.7609;33.7972;-20.3649
14.8362;29.0509;32.62;33.9853;-20.426
14.63;29.0004;32.4817;34.1805;-20.4765
14.4325;28.9542;32.3519;34.3664;-20.5226
14.2182;28.9084;32.2157;34.5658;-20.5685
14.0292;28.8737;32.1015;34.7385;-20.6032
13.8463;28.8485;31.9993;34.9008;-20.6283
13.6303;28.8168;31.8778;35.0939;-20.6601
13.4253;28.7889;31.7653;35.2762;-20.688
13.2264;28.7622;31.6575;35.4531;-20.7147
13.0308;28.7387;31.555;35.6256;-20.7381
12.8473;28.721;31.4635;35.7853;-20.7559
12.6677;28.7054;31.3763;35.9407;-20.7715
12.466;28.6848;31.2765;36.1174;-20.7921
12.2354;28.6549;31.1578;36.3233;-20.822
12.0332;28.628;31.0542;36.5045;-20.8488
11.8379;28.5962;30.9496;36.6831;-20.8807
11.6425;28.5668;30.8482;36.8606;-20.9101
11.4489;28.5392;30.75;37.0358;-20.9377
11.249;28.5125;30.6513;37.2159;-20.9644
11.06;28.4734;30.546;37.3941;-21.0035
10.864;28.4322;30.4371;37.5796;-21.0447
10.6682;28.3941;30.332;37.7632;-21.0828
10.4818;28.372;30.2463;37.9303;-21.1049
10.2848;28.3532;30.1609;38.1045;-21.1237
10.0883;28.3347;30.0771;38.2784;-21.1422
9.89225;28.3263;30.0039;38.4466;-21.1506
9.68483;28.3254;29.9353;38.6205;-21.1515
9.48273;28.3231;29.8684;38.791;-21.1538
9.28726;28.3158;29.8;38.959;-21.161
9.09254;28.3072;29.7316;39.1273;-21.1697
8.89205;28.287;29.6517;39.3069;-21.1898
8.67895;28.2741;29.5761;39.4935;-21.2028
8.47169;28.2753;29.5172;39.6678;-21.2016
8.27589;28.2761;29.4623;39.8331;-21.2008
8.07511;28.2714;29.402;40.0057;-21.2055
7.87745;28.269;29.3461;40.1746;-21.2078
7.6594;28.2937;29.3121;40.3471;-21.1832
7.46134;28.3133;29.2799;40.5055;-21.1636
7.26254;28.3334;29.2494;40.6647;-21.1435
7.05118;28.3669;29.2301;40.8281;-21.11
6.85775;28.3986;29.2148;40.9775;-21.0783
6.65989;28.4148;29.1849;41.1389;-21.0621
6.45492;28.4241;29.1478;41.3104;-21.0528
6.23775;28.4253;29.1017;41.4968;-21.0515
6.0383;28.4269;29.0611;41.668;-21.05
5.82671;28.4379;29.0287;41.8452;-21.039
5.62926;28.444;28.9957;42.013;-21.0329
5.44834;28.4521;28.969;42.1656;-21.0248
5.24812;28.4622;28.942;42.3343;-21.0146
5.04673;28.4687;28.9125;42.506;-21.0082
4.84786;28.4726;28.8823;42.6771;-21.0043
4.65102;28.4715;28.8489;42.8491;-21.0054
4.44373;28.4712;28.8159;43.03;-21.0057
4.2316;28.4609;28.7737;43.2203;-21.016
4.02397;28.4552;28.7383;43.4046;-21.0217
3.82219;28.4504;28.706;43.5835;-21.0265
3.6219;28.4484;28.678;43.7601;-21.0285
3.42269;28.4364;28.6416;43.9406;-21.0405
3.20194;28.4375;28.6171;44.134;-21.0394
3.00775;28.4366;28.5952;44.3052;-21.0403
2.80732;28.454;28.5921;44.4735;-21.0229
2.62334;28.4856;28.6061;44.6209;-20.9913
2.42421;28.5185;28.6214;44.7812;-20.9584
2.23262;28.56;28.6471;44.9313;-20.9169
2.04251;28.619;28.6918;45.0723;-20.8579
1.85499;28.683;28.7429;45.2092;-20.7939
1.65881;28.7199;28.7678;45.3666;-20.757
1.45272;28.7619;28.7985;45.5308;-20.715
1.25446;28.8085;28.8358;45.6863;-20.6684
1.06344;28.8383;28.8579;45.8433;-20.6385
0.881762;28.8826;28.8961;45.9858;-20.5943
0.696496;28.9168;28.9251;46.1363;-20.5601
0.498521;28.9527;28.957;46.2976;-20.5241
0.297643;28.9837;28.9852;46.4641;-20.4932
0.104286;29.0165;29.0167;46.6233;-20.4604
-0.0897873;29.059;29.0591;46.7792;-20.4179
-0.28526;29.084;29.0854;46.9443;-20.3929
-0.469912;29.0823;29.0861;47.1114;-20.3946
-0.667953;29.0409;29.0485;47.3079;-20.436
-0.859777;29.0019;29.0146;47.4978;-20.475
-1.05021;28.9633;28.9823;47.6863;-20.5136
-1.25365;28.9293;28.9565;47.8846;-20.5476
-1.45696;28.9065;28.9432;48.078;-20.5704
-1.65098;28.887;28.9342;48.2618;-20.5898
-1.85142;28.8646;28.9239;48.4527;-20.6123
-2.04949;28.841;28.9138;48.642;-20.6358
-2.24902;28.809;28.8966;48.8363;-20.6679
-2.44613;28.7689;28.8727;49.0319;-20.708
-2.64261;28.7306;28.8519;49.2262;-20.7463
-2.83721;28.6964;28.8363;49.4171;-20.7805
-3.01432;28.671;28.829;49.5885;-20.8059
-3.21607;28.6361;28.8161;49.7863;-20.8408
-3.4118;28.6018;28.8046;49.9784;-20.8751
-3.59673;28.5702;28.7957;50.1597;-20.9067
-3.78533;28.5197;28.7698;50.3522;-20.9571
-3.97323;28.4593;28.7353;50.5482;-21.0176
-4.16547;28.3988;28.7027;50.7482;-21.0781
-4.34245;28.3346;28.6654;50.9358;-21.1423
-4.5269;28.2671;28.6273;51.1317;-21.2098
-4.70391;28.1926;28.5823;51.3236;-21.2843
-4.89972;28.1105;28.5343;51.5358;-21.3664
-5.07843;28.0333;28.4896;51.7305;-21.4435
-5.26288;27.9542;28.4453;51.9311;-21.5227
-5.45699;27.8744;28.4036;52.1408;-21.6024
-5.62531;27.8043;28.3677;52.3231;-21.6725
-5.80031;27.7147;28.3151;52.5195;-21.7622
-5.96748;27.6201;28.2574;52.7108;-21.8567
-6.13396;27.5283;28.2034;52.9004;-21.9486
-6.3094;27.4314;28.1477;53.1002;-22.0455
-6.50338;27.3232;28.0865;53.3216;-22.1537
-6.68453;27.2162;28.025;53.5309;-22.2607
-6.85747;27.1258;27.9791;53.7257;-22.3511
-7.02623;27.0238;27.9223;53.9216;-22.453
-7.20101;26.9295;27.8757;54.1198;-22.5473
-7.39298;26.8205;27.8208;54.3397;-22.6563
-7.5788;26.7212;27.7751;54.5501;-22.7557
-7.75327;26.6272;27.733;54.7478;-22.8497
-7.93015;26.533;27.6927;54.9479;-22.9439
-8.10938;26.4405;27.6562;55.1493;-23.0364
-8.29669;26.3257;27.6022;55.3675;-23.1511
-8.4386;26.2276;27.5517;55.5374;-23.2493
-8.60024;26.1118;27.4916;55.7327;-23.3651
-8.7663;25.9954;27.4337;55.9323;-23.4815
-8.93969;25.8765;27.3772;56.1396;-23.6004
-9.09717;25.7644;27.3233;56.3296;-23.7125
-9.23903;25.6421;27.2558;56.5098;-23.8347
-9.4109;25.5168;27.1969;56.7185;-23.9601
-9.57842;25.391;27.1376;56.9235;-24.0859
-9.7338;25.2677;27.0777;57.1165;-24.2092
-9.8877;25.1515;27.0253;57.3051;-24.3254
-10.056;25.0155;26.9611;57.5153;-24.4614
-10.2141;24.8832;26.898;57.7147;-24.5937
-10.3715;24.7616;26.846;57.9088;-24.7152
-10.5296;24.6579;26.812;58.0961;-24.819
-10.7127;24.5539;26.7891;58.3061;-24.923
-10.8829;24.4735;26.7841;58.4943;-25.0034
-11.0431;24.3727;26.7578;58.6822;-25.1041
-11.2185;24.271;26.7383;58.8843;-25.2059
-11.392;24.1689;26.7191;59.0848;-25.308
-11.5791;24.0864;26.7251;59.2892;-25.3905
-11.7869;24.0048;26.7425;59.512;-25.4721
-11.9756;23.9472;26.7747;59.7072;-25.5296
-12.1714;23.9009;26.8215;59.904;-25.576
-12.3325;23.8631;26.8615;60.0658;-25.6138
-12.5186;23.7936;26.8859;60.2638;-25.6833
-12.706;23.7304;26.9179;60.4602;-25.7465
-12.8746;23.6746;26.9489;60.6365;-25.8023
-13.0654;23.6083;26.9825;60.8374;-25.8686
-13.2616;23.5391;27.0178;61.0444;-25.9377
-13.4611;23.4624;27.0497;61.2576;-26.0145
-13.6476;23.3964;27.086;61.4545;-26.0804
-13.8235;23.3211;27.1102;61.6457;-26.1558
-13.9946;23.2378;27.1265;61.836;-26.2391
-14.1753;23.1507;27.1458;62.0366;-26.3261
-14.3332;23.0652;27.1559;62.2159;-26.4117
-14.5178;22.9894;27.1897;62.4151;-26.4874
-14.6928;22.925;27.2293;62.601;-26.5519
-14.8829;22.8581;27.2763;62.8015;-26.6188
-15.0702;22.7853;27.3181;63.002;-26.6916
-15.2499;22.7067;27.3524;63.1981;-26.7702
-15.4304;22.6225;27.3838;63.3973;-26.8544
-15.621;22.5551;27.4363;63.5984;-26.9217
-15.8128;22.4916;27.4939;63.7991;-26.9853
-15.9956;22.4161;27.538;63.9966;-27.0608
-16.1946;22.3369;27.5899;64.2105;-27.14
-16.3891;22.2498;27.6343;64.4236;-27.2271
-16.5933;22.1835;27.7028;64.6367;-27.2934
-16.7676;22.127;27.7625;64.8185;-27.3498
-16.9515;22.0513;27.8139;65.0172;-27.4256
-17.1421;21.9665;27.8636;65.2258;-27.5103
-17.3124;21.9121;27.9259;65.4031;-27.5648
-17.4981;21.841;27.986;65.6016;-27.6359
-17.6788;21.7586;28.0353;65.8001;-27.7182
-17.8565;21.6659;28.0761;66.0003;-27.811
-18.0365;21.5536;28.1047;66.2109;-27.9233
-18.1995;21.4489;28.1297;66.4028;-28.0279
-18.3432;21.3362;28.1373;66.5807;-28.1407
-18.507;21.2094;28.1487;66.7827;-28.2675
-18.6663;21.0882;28.1628;66.9784;-28.3887
-18.832;20.9782;28.1909;67.1751;-28.4987
-19.0001;20.8772;28.2287;67.3702;-28.5997
-19.1759;20.7913;28.2842;67.5658;-28.6856
-19.3426;20.7064;28.3353;67.7528;-28.7704
-19.5299;20.6169;28.3985;67.9604;-28.86
-19.7165;20.5314;28.4654;68.1657;-28.9455
-19.8949;20.4407;28.5242;68.3656;-29.0362
-20.055;20.3426;28.5662;68.5523;-29.1343
-20.2314;20.2426;28.6194;68.7544;-29.2343
-20.3996;20.1379;28.665;68.9512;-29.3389
-20.6157;20.0344;28.7468;69.1908;-29.4425
-20.7988;19.9554;28.8237;69.3901;-29.5215
-20.9815;19.8773;28.9021;69.5887;-29.5996
-21.1813;19.8075;28.9997;69.7992;-29.6694
-21.3699;19.7363;29.0894;70.0002;-29.7406
-21.5656;19.6555;29.179;70.2117;-29.8214
-21.7438;19.5781;29.2591;70.4059;-29.8988
-21.9259;19.495;29.3394;70.6061;-29.9819
-22.092;19.4139;29.4101;70.7909;-30.063
-22.2719;19.326;29.4878;70.9911;-30.1509
-22.4533;19.2399;29.569;71.1919;-30.237
-22.6386;19.1445;29.6482;71.4001;-30.3324
-22.8163;19.0561;29.7274;71.5985;-30.4208
-23.0049;18.9653;29.8146;71.8079;-30.5116
-23.1874;18.8814;29.9026;72.0087;-30.5955
-23.3707;18.8162;30.004;72.2024;-30.6607
-23.5616;18.7485;30.1107;72.4039;-30.7284
-23.752;18.6822;30.2189;72.6045;-30.7947
-23.9377;18.6101;30.3208;72.8032;-30.8667
-24.1195;18.5296;30.4154;73.002;-30.9473
-24.3292;18.4153;30.5129;73.2404;-31.0616
-24.5049;18.3197;30.5958;73.44;-31.1571
-24.6742;18.2292;30.6777;73.6318;-31.2477
-24.8535;18.1337;30.7657;73.8347;-31.3432
-25.0198;18.0133;30.8297;74.0363;-31.4635
-25.1914;17.8799;30.8917;74.2484;-31.597
-25.3504;17.7601;30.9526;74.4432;-31.7167
-25.5083;17.6205;31.0025;74.6456;-31.8564
-25.6622;17.4877;31.0543;74.8415;-31.9892
-25.8173;17.3691;31.1162;75.0324;-32.1078
-25.9759;17.2477;31.1807;75.2277;-32.2292
-26.1271;17.122;31.2376;75.4182;-32.3549
-26.2705;16.9949;31.2884;75.6022;-32.482
-26.4203;16.8621;31.3427;75.7946;-32.6147
-26.5697;16.7454;31.4063;75.9798;-32.7315
-26.7192;16.6262;31.4697;76.166;-32.8507
-26.8664;16.4989;31.528;76.3537;-32.978
-27.0174;16.3693;31.5895;76.5459;-33.1075
-27.1669;16.2491;31.6555;76.7327;-33.2278
-27.3216;16.1242;31.7247;76.9262;-33.3527
-27.4844;15.9968;31.8008;77.1282;-33.4801
-27.6473;15.8701;31.8784;77.3299;-33.6068
-27.827;15.7532;31.9766;77.5426;-33.7237
-27.9998;15.6374;32.0706;77.7486;-33.8394
-28.1584;15.525;32.1546;77.9402;-33.9518
-28.324;15.4162;32.2476;78.1367;-34.0607
-28.487;15.3068;32.339;78.3312;-34.1701
-28.6544;15.211;32.4415;78.5236;-34.2658
-28.8209;15.1101;32.5417;78.7174;-34.3668
-28.9726;15.0081;32.629;78.8984;-34.4688
-29.1598;14.8734;32.734;79.1257;-34.6035
-29.3244;14.7551;32.8273;79.3255;-34.7218
-29.4896;14.6625;32.9337;79.5145;-34.8143
-29.6654;14.5716;33.051;79.7124;-34.9053
-29.8398;14.4821;33.1684;79.9083;-34.9948

29.9773;14.4115;33.2616;80.1036;-35.0653
29.7882;14.3151;33.0493;80.3159;-35.1618
29.5982;14.2233;32.8383;80.5269;-35.2536
29.3996;14.132;32.6198;80.7454;-35.3449
29.2036;14.0706;32.4166;80.9485;-35.4063
29.0075;14.0179;32.2171;81.1479;-35.459
28.8124;13.9838;32.0265;81.3384;-35.4931
28.6134;13.9541;31.8346;81.5304;-35.5228
28.42;13.9424;31.6557;81.7097;-35.5345
28.2294;13.9368;31.4822;81.8838;-35.5401
28.0099;13.9528;31.2927;82.0746;-35.5241
27.8205;13.9784;31.1348;82.2343;-35.4985
27.6282;14.0268;30.985;82.387;-35.4501
27.4285;14.0944;30.8379;82.5382;-35.3824
27.2551;14.1512;30.7098;82.6707;-35.3257
27.0467;14.2016;30.5485;82.8377;-35.2753
26.8444;14.2424;30.3886;83.0035;-35.2345
26.6591;14.2585;30.2326;83.1644;-35.2184
26.4555;14.2747;30.061;83.3421;-35.2022
26.2561;14.2753;29.8859;83.5226;-35.2016
26.0836;14.3059;29.7492;83.6662;-35.1709
25.869;14.3467;29.5809;83.8439;-35.1301
25.6699;14.3848;29.4256;84.0088;-35.0921
25.4924;14.4097;29.2831;84.1597;-35.0672
25.3081;14.433;29.1344;84.3176;-35.0438
25.0947;14.4738;28.9695;84.4949;-35.0031
24.8987;14.5114;28.8188;84.6578;-34.9655
24.7121;14.5412;28.6729;84.8154;-34.9356
24.5132;14.5672;28.5149;84.986;-34.9097
24.3259;14.5909;28.3662;85.1471;-34.8859
24.1197;14.6027;28.1957;85.3304;-34.8741
23.8889;14.6198;28.0074;85.5342;-34.8571
23.6942;14.6279;27.8458;85.7087;-34.849
23.492;14.6428;27.6819;85.8874;-34.8341
23.2952;14.6602;27.5243;86.0603;-34.8167
23.0987;14.6787;27.3681;86.2326;-34.7982
22.9009;14.698;27.2118;86.4058;-34.7789
22.715;14.7119;27.0631;86.5704;-34.765
22.525;14.7221;26.9094;86.7404;-34.7547
22.3237;14.7336;26.7474;86.9203;-34.7433
22.1417;14.7429;26.6009;87.0834;-34.734
21.9404;14.7492;26.4371;87.2656;-34.7277
21.7604;14.7557;26.2915;87.4281;-34.7212
21.5616;14.7593;26.1293;87.6091;-34.7176
21.3683;14.7599;25.9703;87.7865;-34.7169
21.1861;14.7732;25.8283;87.9486;-34.7037
20.9736;14.7833;25.66;88.1399;-34.6936
20.7434;14.8015;25.4828;88.3444;-34.6753
20.5215;14.8317;25.3201;88.5368;-34.6452
20.3212;14.8581;25.1737;88.7108;-34.6188
20.1235;14.88;25.0274;88.8843;-34.5969
19.9232;14.9235;24.8926;89.052;-34.5534
19.7381;14.9748;24.7758;89.2027;-34.5021
19.5564;15.0346;24.6676;89.3473;-34.4423
19.3686;15.1098;24.5652;89.4916;-34.3671
19.1913;15.1618;24.4579;89.6354;-34.3151
19.0031;15.2242;24.3494;89.7856;-34.2527
18.8179;15.3065;24.257;89.9255;-34.1704
18.6254;15.3818;24.1559;90.075;-34.0951
18.455;15.4416;24.063;90.2102;-34.0353
18.2676;15.5056;23.9609;90.3597;-33.9713
18.09;15.5647;23.8644;90.5021;-33.9121
17.9077;15.6234;23.765;90.6492;-33.8535
17.7219;15.6785;23.6618;90.8011;-33.7984
17.5254;15.7155;23.5396;90.9698;-33.7614
17.329;15.7525;23.4187;91.1385;-33.7243
17.1328;15.7888;23.2985;91.3074;-33.6881
16.9249;15.8284;23.173;91.4861;-33.6485
16.7266;15.8629;23.0523;91.6579;-33.614
16.5292;15.8818;22.9226;91.8346;-33.595
16.3347;15.925;22.8129;91.9999;-33.5518
16.1386;15.9629;22.6995;92.1687;-33.514
15.9393;16.0029;22.5866;92.3399;-33.474
15.755;16.0306;22.4767;92.5016;-33.4462
15.556;16.0605;22.3591;92.6764;-33.4164
15.3509;16.1108;22.2533;92.8496;-33.3661
15.1559;16.1597;22.1548;93.0142;-33.3172
14.9637;16.2055;22.0575;93.1772;-33.2713
14.775;16.2436;21.958;93.34;-33.2333
14.5672;16.2796;21.8455;93.5214;-33.1973
14.3544;16.3246;21.738;93.7044;-33.1523
14.1653;16.3736;21.6507;93.864;-33.1033
13.9834;16.4143;21.5631;94.0199;-33.0625
13.7863;16.4586;21.4697;94.1889;-33.0183
13.5883;16.4813;21.3606;94.3664;-32.9956
13.4068;16.5099;21.2678;94.5266;-32.967
13.2096;16.5383;21.1662;94.7015;-32.9386
13.0181;16.5602;21.0645;94.8734;-32.9166
12.8279;16.5659;20.952;95.0499;-32.911
12.6273;16.5792;20.8403;95.2335;-32.8977
12.4345;16.586;20.7295;95.4122;-32.8909
12.2312;16.5897;20.6112;95.6018;-32.8872
12.0318;16.5926;20.4958;95.788;-32.8843
11.8225;16.5854;20.3678;95.9871;-32.8915
11.6213;16.5771;20.2449;96.1789;-32.8997
11.42;16.5623;20.1178;96.3732;-32.9146
11.2119;16.5546;19.9941;96.5714;-32.9222
11.0005;16.5526;19.8746;96.7709;-32.9243
10.8244;16.5493;19.7749;96.9376;-32.9276
10.6247;16.5448;19.6625;97.127;-32.9321
10.4254;16.5464;19.5569;97.3139;-32.9304
10.2127;16.5423;19.4409;97.5156;-32.9345
10.0208;16.5254;19.3263;97.7019;-32.9514
9.81383;16.504;19.2013;97.904;-32.9729
9.61732;16.4933;19.0925;98.0926;-32.9836
9.41656;16.4797;18.9803;98.2862;-32.9972
9.21339;16.4662;18.8686;98.4822;-33.0106
9.02346;16.4414;18.7548;98.6695;-33.0355
8.81941;16.4105;18.6303;98.8721;-33.0664
8.6638;16.3597;18.5122;99.0357;-33.1172
8.46827;16.2965;18.3654;99.2411;-33.1804
8.27653;16.235;18.2229;99.4424;-33.2419
8.09081;16.1701;18.0813;99.6391;-33.3068
7.89285;16.1022;17.9326;99.8484;-33.3747
7.69454;16.0412;17.7912;100.056;-33.4357
7.51055;15.9899;17.666;100.246;-33.4869
7.32011;15.9316;17.5328;100.445;-33.5453
7.10897;15.8808;17.3993;100.661;-33.5961
6.92202;15.8314;17.2785;100.854;-33.6455
6.72706;15.7834;17.1571;101.054;-33.6935
6.54922;15.7572;17.064;101.23;-33.7197
6.35524;15.7109;16.9476;101.428;-33.766
6.15048;15.6637;16.8279;101.637;-33.8132
5.95679;15.6216;16.7188;101.834;-33.8552
5.75686;15.5857;16.6149;102.034;-33.8912
5.56131;15.5495;16.514;102.231;-33.9274
5.35483;15.5236;16.4212;102.434;-33.9533
5.15002;15.5031;16.3361;102.634;-33.9738
4.94785;15.4845;16.2558;102.831;-33.9924
4.76429;15.4774;16.194;103.007;-33.9995
4.57037;15.4754;16.1362;103.191;-34.0014
4.38099;15.4846;16.0924;103.366;-33.9923
4.18133;15.4924;16.0468;103.552;-33.9844
3.97049;15.5049;16.0052;103.747;-33.972
3.77681;15.514;15.9671;103.928;-33.9629
3.5754;15.5233;15.9297;104.115;-33.9536
3.3709;15.5364;15.8979;104.304;-33.9405
3.17558;15.5536;15.8745;104.483;-33.9232
2.98095;15.5655;15.8483;104.663;-33.9114
2.79226;15.5792;15.8274;104.837;-33.8977
2.57999;15.5905;15.8025;105.035;-33.8864
2.35694;15.5964;15.7734;105.244;-33.8805
2.15093;15.6045;15.752;105.436;-33.8724
1.97422;15.6081;15.7324;105.603;-33.8688
1.76219;15.614;15.7131;105.802;-33.8629
1.53862;15.627;15.7026;106.009;-33.8499
1.33521;15.6464;15.7033;106.196;-33.8305
1.12354;15.6608;15.7011;106.392;-33.8161
0.918779;15.6731;15.7;106.582;-33.8038
0.722553;15.6955;15.7121;106.761;-33.7814
0.534281;15.7092;15.7183;106.935;-33.7677
0.325478;15.7239;15.7273;107.129;-33.753
0.160987;15.7487;15.7495;107.277;-33.7282
-0.057628;15.7671;15.7672;107.479;-33.7097
-0.276289;15.783;15.7854;107.682;-33.6939
-0.464634;15.7993;15.8062;107.856;-33.6775
-0.667494;15.7958;15.8099;108.049;-33.6811
-0.867467;15.7923;15.8161;108.241;-33.6846
-1.06707;15.7892;15.8252;108.431;-33.6877
-1.30312;15.7956;15.8493;108.654;-33.6813
-1.51307;15.7939;15.8662;108.854;-33.6829
-1.72325;15.8146;15.9083;109.047;-33.6622
-1.91393;15.8339;15.9491;109.223;-33.643
-2.13046;15.8816;16.0239;109.414;-33.5953
-2.3272;15.9132;16.0825;109.592;-33.5637
-2.52462;15.9294;16.1283;109.775;-33.5474
-2.7207;15.9441;16.1745;109.957;-33.5328
-2.92533;15.9542;16.2202;110.149;-33.5227
-3.1241;15.9703;16.273;110.333;-33.5066
-3.31618;15.9791;16.3196;110.513;-33.4977
-3.51489;15.9835;16.3654;110.702;-33.4934
-3.7087;15.9881;16.4126;110.885;-33.4888
-3.90757;15.9953;16.4657;111.072;-33.4816
-4.10497;15.993;16.5114;111.261;-33.4839
-4.29806;15.9823;16.5502;111.449;-33.4945
-4.44385;15.9698;16.5765;111.591;-33.5071
-4.64354;15.9514;16.6136;111.787;-33.5254
-4.84899;15.9333;16.6548;111.989;-33.5435
-5.04455;15.9262;16.7061;112.178;-33.5506
-5.24649;15.909;16.7518;112.375;-33.5679
-5.45944;15.9056;16.8165;112.58;-33.5713
-5.66041;15.904;16.8813;112.772;-33.5729
-5.86466;15.8802;16.9285;112.974;-33.5967
-6.06733;15.8637;16.9844;113.173;-33.6132
-6.2637;15.8295;17.0237;113.37;-33.6473
-6.44357;15.7989;17.0624;113.551;-33.6779
-6.66806;15.7845;17.1352;113.77;-33.6924
-6.88685;15.7501;17.1899;113.989;-33.7268
-7.08287;15.7251;17.2466;114.184;-33.7518
-7.28454;15.6984;17.3062;114.384;-33.7785
-7.49466;15.6798;17.3789;114.59;-33.797
-7.70866;15.6473;17.4431;114.804;-33.8296
-7.89946;15.5999;17.4859;115.001;-33.877
-8.09231;15.5524;17.5318;115.199;-33.9245
-8.2919;15.498;17.5768;115.406;-33.9788
-8.4796;15.4548;17.6282;115.598;-34.0221
-8.666;15.404;17.6743;115.791;-34.0729
-8.87549;15.3481;17.7296;116.008;-34.1288
-9.08942;15.2946;17.7916;116.228;-34.1823
-9.28752;15.2536;17.8586;116.429;-34.2233
-9.47986;15.217;17.9283;116.624;-34.2599
-9.6735;15.19;18.0087;116.817;-34.2869
-9.87675;15.1697;18.1017;117.017;-34.3072
-10.0447;15.1407;18.1696;117.186;-34.3362
-10.2588;15.1078;18.2617;117.401;-34.3691
-10.4631;15.0644;18.3415;117.609;-34.4125
-10.6579;15.0253;18.4215;117.806;-34.4516
-10.8539;14.986;18.5037;118.005;-34.4909
-11.0491;14.9458;18.5865;118.204;-34.5311
-11.2428;14.9016;18.667;118.402;-34.5752
-11.4378;14.8572;18.75;118.601;-34.6197
-11.6316;14.8129;18.8339;118.8;-34.664
-11.8292;14.7957;18.9432;118.994;-34.6811
-12.0254;14.78;19.0541;119.186;-34.6969
-12.2303;14.7497;19.1608;119.391;-34.7272
-12.4336;14.7229;19.2707;119.593;-34.7539
-12.6345;14.7009;19.3842;119.792;-34.776
-12.8295;14.6902;19.5038;119.981;-34.7867
-13.016;14.6732;19.6143;120.165;-34.8037
-13.2291;14.6447;19.7352;120.377;-34.8322
-13.4144;14.6278;19.8473;120.559;-34.8491
-13.6127;14.6083;19.9677;120.755;-34.8685
-13.7896;14.6098;20.0898;120.924;-34.8671
-13.9901;14.6095;20.2277;121.116;-34.8674
-14.2029;14.5962;20.3659;121.323;-34.8807
-14.3833;14.591;20.4884;121.498;-34.8859
-14.5776;14.5887;20.6236;121.684;-34.8882
-14.7673;14.5848;20.7555;121.867;-34.8921
-14.9598;14.5824;20.8912;122.052;-34.8945
-15.1778;14.5841;21.049;122.261;-34.8928
-15.3865;14.5819;21.1985;122.462;-34.895
-15.5817;14.5734;21.3348;122.651;-34.9035
-15.7717;14.5767;21.4762;122.832;-34.9002
-15.9862;14.5887;21.6423;123.035;-34.8881
-16.1853;14.587;21.7886;123.226;-34.8899
-16.384;14.5728;21.9272;123.421;-34.9041
-16.5846;14.5638;22.0716;123.616;-34.9131
-16.7824;14.5509;22.2121;123.809;-34.926
-16.9837;14.5585;22.3696;124;-34.9183
-17.185;14.5542;22.52;124.194;-34.9227
-17.3823;14.5458;22.6655;124.386;-34.9311
-17.5755;14.5315;22.8049;124.576;-34.9453
-17.7781;14.517;22.9522;124.774;-34.9599
-17.9665;14.4973;23.0861;124.96;-34.9795
-18.1638;14.4596;23.2165;125.16;-35.0173
-18.3623;14.4168;23.3456;125.363;-35.0601
-18.5565;14.3758;23.4735;125.561;-35.1011
-18.7707;14.3346;23.6182;125.778;-35.1423
-18.9673;14.3003;23.7541;125.976;-35.1766
-19.1604;14.2645;23.8872;126.172;-35.2123
-19.3712;14.2336;24.0383;126.383;-35.2433
-19.5695;14.1842;24.1693;126.587;-35.2927
-19.7636;14.1366;24.299;126.787;-35.3403
-19.9466;14.0837;24.4176;126.977;-35.3932
-20.1284;14.0102;24.5242;127.172;-35.4666
-20.3299;13.9305;24.6447;127.388;-35.5464
-20.4989;13.8352;24.7309;127.577;-35.6417
-20.6601;13.7407;24.8122;127.758;-35.7362
-20.8466;13.6312;24.9077;127.968;-35.8457
-21.0251;13.5144;24.9938;128.172;-35.9625
-21.1731;13.3944;25.0541;128.348;-36.0825
-21.3341;13.2771;25.1282;128.535;-36.1998
-21.493;13.1564;25.2;128.722;-36.3205
-21.6605;13.0132;25.2689;128.923;-36.4637
-21.8195;12.897;25.3461;129.108;-36.5799
-21.9732;12.7734;25.4161;129.291;-36.7035
-22.1257;12.6589;25.491;129.469;-36.818
-22.2856;12.539;25.571;129.657;-36.9379
-22.445;12.4125;25.6485;129.846;-37.0644
-22.5912;12.2655;25.7062;130.028;-37.2113
-22.7199;12.1051;25.7435;130.197;-37.3718
-22.8508;11.9559;25.7895;130.365;-37.521
-22.9794;11.8135;25.8382;130.529;-37.6633
-23.1057;11.6614;25.8817;130.694;-37.8155
-23.2257;11.5023;25.9179;130.855;-37.9746
-23.3258;11.3316;25.9326;131.001;-38.1453
-23.4224;11.1588;25.9447;131.143;-38.3181
-23.5164;10.9862;25.9561;131.284;-38.4907
-23.626;10.8036;25.9789;131.442;-38.6733
-23.7288;10.6323;26.002;131.591;-38.8446
-23.8097;10.4815;26.0146;131.713;-38.9954
-23.907;10.3022;26.0323;131.859;-39.1747
-23.9911;10.1157;26.0365;131.995;-39.3612
-24.0735;9.9336;26.0425;132.128;-39.5433
-24.1527;9.74898;26.046;132.259;-39.7279
-24.2269;9.55981;26.0448;132.386;-39.9171
-24.2945;9.37779;26.0416;132.506;-40.0991
-24.3602;9.19152;26.0366;132.625;-40.2854
-24.4181;8.99778;26.0231;132.739;-40.4791
-24.4676;8.80841;26.0048;132.844;-40.6685
-24.5157;8.61569;25.9856;132.949;-40.8612
-24.5599;8.42388;25.9644;133.05;-41.053
-24.6165;8.2394;25.9588;133.161;-41.2375
-24.6827;8.04956;25.9621;133.283;-41.4273
-24.7622;7.87067;25.9829;133.414;-41.6062
-24.8406;7.68361;26.0018;133.547;-41.7933
-24.9172;7.50043;26.0216;133.677;-41.9765
-24.9804;7.30563;26.0268;133.798;-42.1712
-25.0472;7.11361;26.0378;133.922;-42.3633
-25.1138;6.95707;26.0596;134.035;-42.5198
-25.1898;6.77274;26.0844;134.166;-42.7041
-25.2647;6.58661;26.1092;134.296;-42.8903
-25.3397;6.40533;26.1368;134.425;-43.0716
-25.4135;6.21237;26.1618;134.557;-43.2645
-25.4873;6.03148;26.1912;134.685;-43.4454
-25.583;5.85364;26.2441;134.833;-43.6232
-25.6762;5.66727;26.2942;134.982;-43.8096
-25.7759;5.48066;26.3521;135.137;-43.9962
-25.8537;5.27985;26.3874;135.276;-44.197
-25.9199;5.09277;26.4155;135.399;-44.3841
-25.9924;4.90485;26.4511;135.53;-44.572
-26.064;4.71861;26.4877;135.659;-44.7583
-26.1437;4.53565;26.5342;135.794;-44.9412
-26.2064;4.35355;26.5656;135.914;-45.1233
-26.2717;4.16445;26.5997;136.038;-45.3124
-26.3351;3.98209;26.6344;136.159;-45.4948
-26.391;3.79696;26.6628;136.274;-45.6799
-26.4465;3.60661;26.6913;136.39;-45.8703
-26.503;3.40226;26.7205;136.512;-46.0746
-26.5579;3.22239;26.7527;136.624;-46.2545
-26.625;3.02438;26.7962;136.754;-46.4525
-26.6774;2.83692;26.8278;136.868;-46.64
-26.7174;2.63348;26.8469;136.975;-46.8434
-26.7536;2.43321;26.864;137.077;-47.0437
-26.8209;2.20598;26.9115;137.218;-47.2709
-26.8871;2.02076;26.9629;137.345;-47.4561
-26.9591;1.82519;27.0208;137.48;-47.6517
-27.0273;1.62733;27.0762;137.612;-47.8495
-27.1046;1.43649;27.1427;137.751;-48.0404
-27.1993;1.2582;27.2284;137.902;-48.2187
-27.3043;1.07599;27.3255;138.064;-48.4009
-27.4108;0.889634;27.4252;138.23;-48.5872
-27.509;0.711276;27.5182;138.384;-48.7656
-27.5921;0.535777;27.5973;138.524;-48.9411
-27.6821;0.361679;27.6845;138.67;-49.1152
-27.7804;0.192026;27.7811;138.822;-49.2849
-27.883;0.0136738;27.883;138.981;-49.4632
-28.0075;-0.151306;28.0079;139.156;-49.6282
-28.1354;-0.312336;28.1372;139.333;-49.7892
-28.2645;-0.468162;28.2684;139.51;-49.945
-28.3939;-0.624918;28.4008;139.687;-50.1018
-28.521;-0.783834;28.5318;139.862;-50.2607
-28.648;-0.936905;28.6633;140.036;-50.4138
-28.781;-1.0937;28.8018;140.216;-50.5706
-28.9104;-1.24621;28.9372;140.392;-50.7231
-29.0374;-1.3999;29.0711;140.566;-50.8768
-29.1711;-1.55569;29.2126;140.747;-51.0326
-29.273;-1.70239;29.3224;140.895;-51.1793
-29.4057;-1.86802;29.4649;141.079;-51.3449
-29.5256;-2.01055;29.594;141.243;-51.4874
-29.6542;-2.16245;29.7329;141.418;-51.6393
-29.748;-2.34051;29.84;141.57;-51.8174
-29.842;-2.52058;29.9483;141.724;-51.9975
-29.9506;-2.70581;30.0725;141.893;-52.1827

29.9463;-2.87593;30.084;142.051;-52.3528
29.8523;-3.0545;30.0081;142.204;-52.5314
29.7567;-3.24461;29.9331;142.364;-52.7215
29.6632;-3.43324;29.8613;142.52;-52.9101
29.5691;-3.61738;29.7896;142.676;-53.0943
29.4784;-3.79604;29.7218;142.827;-53.2729
29.3965;-3.97668;29.6642;142.97;-53.4536
29.3189;-4.1966;29.6178;143.125;-53.6735
29.2498;-4.37475;29.5752;143.256;-53.8516
29.1668;-4.53721;29.5176;143.394;-54.0141
29.0745;-4.71599;29.4545;143.547;-54.1929
28.983;-4.89565;29.3936;143.699;-54.3725
28.8926;-5.0738;29.3347;143.85;-54.5507
28.8081;-5.25303;29.2831;143.996;-54.7299
28.7195;-5.44914;29.2319;144.153;-54.926
28.6463;-5.61462;29.1913;144.284;-55.0915
28.5679;-5.80296;29.1513;144.428;-55.2798
28.4759;-5.98761;29.0986;144.584;-55.4645
28.3852;-6.1601;29.0459;144.734;-55.637
28.2931;-6.33725;28.9941;144.887;-55.8141
28.2037;-6.52001;28.9475;145.04;-55.9969
28.1197;-6.70725;28.9086;145.19;-56.1841
28.0453;-6.88903;28.879;145.329;-56.3659
27.9738;-7.07639;28.8549;145.468;-56.5533
27.9086;-7.26978;28.8399;145.603;-56.7467
27.8301;-7.43846;28.807;145.741;-56.9153
27.7411;-7.62365;28.7696;145.895;-57.1005
27.6674;-7.81622;28.7503;146.039;-57.2931
27.6039;-7.99486;28.7384;146.167;-57.4717
27.5513;-8.19325;28.7438;146.294;-57.6701
27.4841;-8.3725;28.7311;146.426;-57.8494
27.4106;-8.56667;28.7181;146.57;-58.0435
27.3445;-8.74813;28.7098;146.703;-58.225
27.2503;-8.92794;28.6756;146.861;-58.4048
27.1504;-9.1155;28.6398;147.027;-58.5924
27.0515;-9.28687;28.6013;147.186;-58.7638
26.9412;-9.45454;28.552;147.354;-58.9314
26.8317;-9.60635;28.4995;147.516;-59.0832
26.7147;-9.76818;28.4446;147.688;-59.2451
26.599;-9.92806;28.3914;147.858;-59.4049
26.4874;-10.0947;28.3458;148.027;-59.5716
26.3753;-10.2632;28.3018;148.197;-59.7401
26.269;-10.4421;28.2683;148.367;-59.919
26.1715;-10.6059;28.2389;148.522;-60.0827
26.0794;-10.7775;28.2186;148.676;-60.2544
25.9677;-10.958;28.1851;148.851;-60.4349
25.8605;-11.1212;28.1505;149.015;-60.5981
25.7347;-11.27;28.0943;149.191;-60.7469
25.6064;-11.4259;28.0399;149.372;-60.9028
25.4731;-11.5935;27.9873;149.562;-61.0704
25.3423;-11.7314;27.9259;149.737;-61.2083
25.1848;-11.8846;27.8482;149.944;-61.3615
25.0433;-12.0265;27.7814;150.131;-61.5034
24.9023;-12.1687;27.7165;150.318;-61.6456
24.7563;-12.2982;27.6427;150.504;-61.775
24.6062;-12.4245;27.5651;150.693;-61.9014
24.4618;-12.5595;27.4977;150.88;-62.0364
24.3034;-12.6917;27.4178;151.079;-62.1686
24.1471;-12.8238;27.3411;151.276;-62.3007
24.0069;-12.9578;27.2807;151.459;-62.4347
23.862;-13.0933;27.2182;151.646;-62.5702
23.7158;-13.2309;27.1568;151.836;-62.7078
23.5874;-13.3493;27.1029;152.002;-62.8262
23.4442;-13.5177;27.0621;152.202;-62.9945
23.3273;-13.6665;27.0358;152.37;-63.1434
23.2034;-13.8249;27.0098;152.549;-63.3018
23.0552;-13.9967;26.9713;152.755;-63.4736
22.9298;-14.1658;26.9526;152.939;-63.6427
22.8094;-14.3307;26.9376;153.117;-63.8075
22.6927;-14.4875;26.923;153.289;-63.9644
22.5864;-14.6248;26.9079;153.443;-64.1017
22.4677;-14.776;26.891;153.614;-64.2528
22.346;-14.9501;26.8858;153.797;-64.4269
22.2416;-15.1195;26.894;153.963;-64.5964
22.1197;-15.2767;26.8823;154.14;-64.7536
21.9915;-15.4383;26.8695;154.324;-64.9152
21.869;-15.594;26.8594;154.501;-65.0709
21.762;-15.7364;26.8555;154.658;-65.2133
21.6369;-15.9213;26.8634;154.849;-65.3981
21.534;-16.0655;26.8666;155.003;-65.5423
21.4091;-16.2069;26.8517;155.176;-65.6838
21.2765;-16.3564;26.8369;155.36;-65.8332
21.1442;-16.5025;26.8218;155.542;-65.9794
21.0218;-16.6484;26.8157;155.714;-66.1253
20.9157;-16.8175;26.8383;155.882;-66.2944
20.8093;-16.987;26.8623;156.05;-66.4638
20.6972;-17.1426;26.8746;156.218;-66.6195
20.5803;-17.3048;26.8888;156.393;-66.7817
20.4691;-17.4781;26.9159;156.568;-66.955
20.3615;-17.6464;26.9441;156.737;-67.1233
20.2548;-17.8136;26.9737;156.905;-67.2905
20.1483;-18.0027;27.0194;157.082;-67.4796
20.0501;-18.1838;27.0676;157.249;-67.6607
19.9479;-18.3512;27.1051;157.413;-67.8281
19.8526;-18.5146;27.1462;157.57;-67.9915
19.738;-18.6663;27.1665;157.739;-68.1432
19.6205;-18.8267;27.1921;157.914;-68.3036
19.4809;-19.001;27.213;158.115;-68.4779
19.3531;-19.1493;27.2257;158.295;-68.6261
19.2137;-19.3255;27.2514;158.497;-68.8023
19.0933;-19.4763;27.2741;158.671;-68.9532
18.9696;-19.6326;27.2999;158.85;-69.1095
18.8664;-19.7907;27.3425;159.012;-69.2676
18.7324;-19.968;27.3793;159.21;-69.4448
18.5952;-20.134;27.4072;159.406;-69.6108
18.475;-20.2897;27.4407;159.582;-69.7665
18.3656;-20.4581;27.4924;159.754;-69.935
18.2672;-20.6158;27.5446;159.911;-70.0927
18.1689;-20.7859;27.6073;160.074;-70.2628
18.0436;-20.9709;27.665;160.268;-70.4478
17.9348;-21.1524;27.7323;160.446;-70.6292
17.8103;-21.3068;27.7703;160.625;-70.7837
17.6923;-21.4506;27.8055;160.795;-70.9275
17.5804;-21.6028;27.8523;160.962;-71.0797
17.4675;-21.7538;27.8988;161.13;-71.2307
17.3451;-21.9025;27.9387;161.306;-71.3794
17.233;-22.0168;27.9592;161.457;-71.4937
17.0878;-22.1454;27.9716;161.644;-71.6223
16.9385;-22.2778;27.9859;161.837;-71.7546
16.7885;-22.4075;27.9991;162.029;-71.8843
16.6466;-22.5035;27.9913;162.198;-71.9803
16.4969;-22.5702;27.9564;162.362;-72.047
16.2982;-22.6466;27.9016;162.574;-72.1235
16.1212;-22.7118;27.8518;162.762;-72.1887
15.9443;-22.7725;27.7995;162.947;-72.2494
15.7366;-22.832;27.7298;163.16;-72.3089
15.5384;-22.8888;27.6648;163.362;-72.3657
15.3529;-22.942;27.6052;163.552;-72.4189
15.1606;-22.9966;27.5442;163.749;-72.4735
14.9819;-23.0717;27.5093;163.942;-72.5486
14.8162;-23.1479;27.4836;164.125;-72.6248
14.6455;-23.2149;27.4486;164.307;-72.6918
14.4515;-23.2984;27.4164;164.518;-72.7752
14.2717;-23.3733;27.386;164.713;-72.8502
14.0815;-23.4675;27.3681;164.925;-72.9444
13.8954;-23.56;27.3524;165.133;-73.0369
13.6862;-23.6504;27.325;165.36;-73.1273
13.508;-23.7288;27.3042;165.555;-73.2056
13.3009;-23.8088;27.2721;165.776;-73.2856
13.1314;-23.8632;27.2376;165.952;-73.3401
12.9303;-23.9123;27.1844;166.154;-73.3892
12.7436;-23.9677;27.145;166.346;-73.4446
12.5488;-24.0236;27.1036;166.546;-73.5005
12.3445;-24.1033;27.0805;166.764;-73.5802
12.161;-24.1847;27.0701;166.965;-73.6616
11.9616;-24.2769;27.0638;167.184;-73.7538
11.7828;-24.3614;27.0613;167.382;-73.8383
11.6086;-24.4476;27.0637;167.577;-73.9245
11.4351;-24.532;27.0662;167.769;-74.0089
11.2569;-24.6199;27.0713;167.968;-74.0967
11.0716;-24.695;27.0633;168.168;-74.1719
10.8637;-24.7959;27.0714;168.399;-74.2728
10.6835;-24.8875;27.0837;168.601;-74.3644
10.5049;-24.9719;27.0915;168.798;-74.4488
10.3365;-25.0851;27.1312;168.999;-74.5619
10.1699;-25.1918;27.1671;169.196;-74.6687
9.99231;-25.2643;27.1685;169.387;-74.7411
9.82842;-25.357;27.1951;169.575;-74.8339
9.66681;-25.4598;27.2332;169.766;-74.9367
9.50334;-25.5678;27.2769;169.96;-75.0447
9.33638;-25.678;27.3226;170.158;-75.1549
9.15734;-25.7662;27.3451;170.358;-75.2431
8.96796;-25.86;27.3709;170.569;-75.3369
8.78893;-25.9508;27.3987;170.77;-75.4277
8.6117;-26.0418;27.4287;170.969;-75.5187
8.42718;-26.1306;27.4558;171.174;-75.6074
8.27543;-26.2179;27.4929;171.349;-75.6947
8.12781;-26.3475;27.5727;171.538;-75.8244
7.9909;-26.4756;27.6553;171.718;-75.9525
7.84491;-26.6129;27.745;171.91;-76.0898
7.67602;-26.7653;27.8443;172.129;-76.2422
7.5153;-26.8922;27.9226;172.329;-76.3691
7.34166;-27.0419;28.0208;172.551;-76.5188
7.18398;-27.1691;28.1029;172.749;-76.646
7.04235;-27.2875;28.1816;172.928;-76.7644
6.87545;-27.4307;28.2792;173.141;-76.9076
6.72187;-27.5608;28.3687;173.337;-77.0377
6.5675;-27.6903;28.4585;173.532;-77.1672
6.41959;-27.8166;28.5477;173.721;-77.2934
6.25426;-27.9545;28.6456;173.931;-77.4314
6.09565;-28.0736;28.7278;174.126;-77.5505
5.92396;-28.1859;28.8017;174.329;-77.6627
5.76787;-28.2784;28.8607;174.51;-77.7553
5.59022;-28.3849;28.9302;174.717;-77.8618
5.42494;-28.4932;29.005;174.913;-77.97
5.25861;-28.6013;29.0807;175.11;-78.0782
5.07695;-28.7084;29.1538;175.32;-78.1853
4.89475;-28.807;29.2199;175.527;-78.2839
4.7175;-28.8956;29.2781;175.726;-78.3725
4.53295;-29.0005;29.3526;175.938;-78.4773
4.35848;-29.1029;29.4274;176.139;-78.5798
4.18534;-29.2008;29.4993;176.338;-78.6777
4.01357;-29.3094;29.583;176.54;-78.7863
3.83241;-29.4135;29.6622;176.749;-78.8904
3.6557;-29.523;29.7485;176.956;-78.9999
3.48697;-29.6194;29.8239;177.15;-79.0962
3.31294;-29.7195;29.9035;177.35;-79.1963
3.14631;-29.8152;29.9808;177.542;-79.2921
2.95951;-29.9039;30.05;177.749;-79.3807
2.77972;-29.9904;30.119;177.948;-79.4673

2.58886;29.9368;30.0485;178.152;-79.5401
2.4018;29.8601;29.9565;178.353;-79.6168
2.23239;29.7829;29.8664;178.539;-79.694
2.05631;29.6953;29.7664;178.736;-79.7816
1.87312;29.6135;29.6726;178.936;-79.8634
1.70066;29.5124;29.5614;179.136;-79.9645
1.51996;29.4108;29.4501;179.343;-80.066
1.34672;29.3104;29.3414;179.543;-80.1664
1.17545;29.2362;29.2598;179.729;-80.2407
0.986875;29.139;29.1557;179.941;-80.3378
0.814171;29.057;29.0684;180.132;-80.4198
0.617365;28.9625;28.9691;180.351;-80.5143
0.451825;28.8889;28.8924;180.532;-80.588
0.277486;28.8119;28.8132;180.722;-80.665
0.0790303;28.7336;28.7337;180.935;-80.7433
-0.111618;28.6467;28.6469;181.144;-80.8302
-0.301257;28.5585;28.5601;181.353;-80.9184
-0.477979;28.4592;28.4632;181.555;-81.0177
-0.652764;28.3691;28.3766;181.752;-81.1078
-0.840375;28.3063;28.3188;181.948;-81.1706
-1.02064;28.2431;28.2615;182.138;-81.2338
-1.19896;28.1576;28.1831;182.335;-81.3193
-1.38331;28.0699;28.104;182.539;-81.407
-1.56495;27.9833;28.027;182.741;-81.4936
-1.7455;27.9009;27.9555;182.939;-81.576
-1.94116;27.8297;27.8973;183.146;-81.6472
-2.12843;27.7592;27.8407;183.345;-81.7177
-2.29482;27.675;27.77;183.531;-81.8018
-2.4949;27.5901;27.7027;183.748;-81.8868
-2.68372;27.5122;27.6428;183.952;-81.9647
-2.86947;27.436;27.5856;184.152;-82.0409
-3.04621;27.3786;27.5476;184.336;-82.0982
-3.22046;27.3099;27.4991;184.523;-82.167
-3.40248;27.2355;27.4472;184.719;-82.2414
-3.56378;27.1579;27.3907;184.898;-82.319
-3.72333;27.0846;27.3393;185.073;-82.3923
-3.88897;26.9948;27.2735;185.262;-82.482
-4.06923;26.9169;27.2228;185.458;-82.56
-4.24348;26.8414;27.1748;185.647;-82.6354
-4.4307;26.7588;27.1232;185.852;-82.7181
-4.6186;26.6789;27.0757;186.056;-82.798
-4.83445;26.6122;27.0478;186.279;-82.8646
-5.03577;26.551;27.0243;186.486;-82.9259
-5.21887;26.5181;27.0268;186.665;-82.9588
-5.41759;26.4677;27.0165;186.865;-83.0092
-5.62733;26.4214;27.0141;187.074;-83.0554
-5.81901;26.36;26.9946;187.273;-83.1169
-6.00719;26.2879;26.9656;187.473;-83.189
-6.20429;26.204;26.9285;187.687;-83.2729
-6.37936;26.1181;26.8859;187.882;-83.3588
-6.55183;26.0323;26.8441;188.075;-83.4446
-6.7309;25.9432;26.8021;188.275;-83.5337
-6.92219;25.8649;26.7752;188.481;-83.612
-7.10967;25.8039;26.7654;188.676;-83.673
-7.30828;25.7205;26.7386;188.891;-83.7564
-7.50208;25.6276;26.7031;189.106;-83.8493
-7.68257;25.5588;26.6885;189.298;-83.9181
-7.83104;25.488;26.6639;189.463;-83.9889
-8.01808;25.4026;26.6379;189.668;-84.0743
-8.19666;25.3197;26.6134;189.865;-84.1572
-8.37518;25.2522;26.6048;190.055;-84.2247
-8.56162;25.1829;26.5985;190.253;-84.294
-8.74334;25.0944;26.5739;190.455;-84.3825
-8.94431;24.9943;26.5465;190.68;-84.4826
-9.11918;24.9191;26.5353;190.87;-84.5577
-9.31674;24.8371;26.527;191.083;-84.6398
-9.50127;24.7602;26.5206;191.283;-84.7166
-9.69015;24.6845;26.5184;191.485;-84.7923
-9.85984;24.6096;26.5113;191.671;-84.8673
-10.0457;24.528;26.5055;191.874;-84.9489
-10.228;24.4478;26.5011;192.072;-85.029
-10.394;24.3612;26.4859;192.26;-85.1157
-10.5638;24.253;26.4537;192.46;-85.2239
-10.7272;24.1409;26.4169;192.656;-85.336
-10.9287;24.034;26.402;192.884;-85.4429
-11.1082;23.9515;26.402;193.081;-85.5254
-11.2965;23.8557;26.3951;193.293;-85.6212
-11.4929;23.7619;26.3953;193.51;-85.715
-11.6799;23.6669;26.3921;193.72;-85.81
-11.8696;23.5659;26.3864;193.935;-85.9109
-12.0521;23.4282;26.3464;194.159;-86.0486
-12.1855;23.2868;26.2824;194.342;-86.19
-12.3158;23.1307;26.2051;194.528;-86.3462
-12.4488;22.9784;26.1339;194.715;-86.4984
-12.5758;22.8256;26.0606;194.896;-86.6513
-12.6951;22.6635;25.9769;195.075;-86.8134
-12.8182;22.5028;25.8975;195.257;-86.9741
-12.9414;22.3465;25.8234;195.437;-87.1303
-13.059;22.1795;25.7384;195.617;-87.2974
-13.1815;22.004;25.6502;195.805;-87.4729
-13.3056;21.8482;25.5809;195.985;-87.6287
-13.4368;21.6988;25.5223;196.169;-87.7781
-13.5641;21.558;25.4702;196.346;-87.9189
-13.7058;21.4166;25.4268;196.536;-88.0603
-13.8698;21.3078;25.4243;196.732;-88.1691
-14.0317;21.2141;25.4348;196.918;-88.2627
-14.2067;21.0906;25.4292;197.13;-88.3863
-14.3909;20.9948;25.4535;197.338;-88.4821
-14.5628;20.8681;25.4471;197.548;-88.6087
-14.7412;20.7412;25.446;197.765;-88.7357
-14.9044;20.6189;25.4417;197.965;-88.858
-15.0543;20.4681;25.4082;198.167;-89.0088
-15.1946;20.3214;25.3739;198.358;-89.1555
-15.3437;20.1739;25.3459;198.558;-89.303
-15.4952;20.0291;25.3233;198.758;-89.4478
-15.6323;19.8738;25.2851;198.951;-89.6031
-15.7661;19.7281;25.254;199.136;-89.7488
-15.8711;19.5811;25.2054;199.296;-89.8958
-15.9896;19.4128;25.15;199.477;-90.0641
-16.1159;19.2387;25.0968;199.669;-90.2381
-16.224;19.089;25.0521;199.833;-90.3879
-16.354;18.9351;25.0198;200.018;-90.5418
-16.5167;18.7501;24.9874;200.247;-90.7268
-16.6805;18.6016;24.9851;200.46;-90.8753
-16.8433;18.4826;25.006;200.66;-90.9943
-17.0029;18.3599;25.0237;200.857;-91.117
-17.1637;18.2368;25.0434;201.057;-91.2401
-17.2934;18.1012;25.0343;201.234;-91.3757
-17.4422;17.9512;25.0295;201.434;-91.5256
-17.5836;17.7977;25.0189;201.63;-91.6792
-17.7163;17.6544;25.0109;201.813;-91.8224
-17.8375;17.5119;24.9968;201.986;-91.965
-17.9744;17.3677;24.9943;202.174;-92.1092
-18.1125;17.2229;24.9938;202.363;-92.2539
-18.2341;17.0896;24.9907;202.532;-92.3873
-18.3686;16.9424;24.989;202.719;-92.5345
-18.4997;16.79;24.9828;202.905;-92.6869
-18.6256;16.6363;24.9736;203.087;-92.8405
-18.7514;16.4674;24.9558;203.276;-93.0095
-18.8939;16.3123;24.9614;203.474;-93.1645
-19.0266;16.1697;24.9694;203.657;-93.3072
-19.1494;16.0278;24.9718;203.831;-93.4491
-19.2806;15.8779;24.9769;204.017;-93.599
-19.4145;15.7152;24.9778;204.21;-93.7617
-19.5437;15.5639;24.9838;204.395;-93.9129
-19.6789;15.4094;24.9941;204.586;-94.0675
-19.8104;15.2586;25.0055;204.772;-94.2183
-19.926;15.0973;24.9995;204.949;-94.3795
-20.0378;14.9403;24.9945;205.12;-94.5366
-20.145;14.7719;24.9806;205.293;-94.705
-20.2531;14.602;24.9681;205.467;-94.8749
-20.3561;14.442;24.9588;205.633;-95.0348
-20.459;14.2928;24.957;205.793;-95.1841
-20.5821;14.1409;24.9717;205.972;-95.336
-20.7151;13.989;24.9961;206.16;-95.4879
-20.8358;13.8471;25.0175;206.333;-95.6298
-20.967;13.6906;25.0409;206.522;-95.7863
-21.0919;13.5408;25.0644;206.702;-95.9361
-21.2204;13.3872;25.0903;206.887;-96.0897
-21.3419;13.2388;25.1146;207.064;-96.2381
-21.4894;13.0746;25.1544;207.271;-96.4022
-21.6296;12.9259;25.1976;207.464;-96.551
-21.7652;12.7797;25.2397;207.652;-96.6971
-21.9073;12.6196;25.282;207.852;-96.8573
-22.0352;12.4747;25.3213;208.033;-97.0022
-22.1683;12.3233;25.3633;208.221;-97.1535
-22.3018;12.1727;25.4076;208.41;-97.3042
-22.4379;12.0246;25.4569;208.599;-97.4522
-22.5768;11.8783;25.5109;208.79;-97.5985
-22.7111;11.7376;25.5649;208.975;-97.7393
-22.8519;11.5974;25.6264;209.165;-97.8794
-23.0062;11.4566;25.7009;209.367;-98.0203
-23.1545;11.3169;25.7721;209.564;-98.16
-23.3129;11.1607;25.8468;209.777;-98.3161
-23.4549;11.0213;25.9153;209.968;-98.4555
-23.6046;10.8803;25.9915;210.166;-98.5966
-23.7475;10.7448;26.0651;210.356;-98.7321
-23.8936;10.6079;26.1426;210.549;-98.8689
-24.0529;10.4644;26.2306;210.757;-99.0124
-24.2047;10.328;26.316;210.955;-99.1489
-24.3448;10.1704;26.3838;211.153;-99.3065
-24.4788;10.019;26.4498;211.342;-99.4579
-24.6114;9.86937;26.5165;211.53;-99.6075
-24.7601;9.7344;26.6049;211.724;-99.7425
-24.9061;9.59885;26.6917;211.917;-99.878
-25.0562;9.4553;26.7809;212.117;-100.022
-25.2012;9.31407;26.8673;212.312;-100.163
-25.3536;9.15881;26.9571;212.519;-100.318
-25.4969;9.01702;27.0444;212.713;-100.46
-25.6337;8.87285;27.1259;212.901;-100.604
-25.771;8.72237;27.2071;213.093;-100.755
-25.8906;8.57954;27.2751;213.266;-100.897
-26.0078;8.42814;27.3393;213.441;-101.049
-26.1302;8.26996;27.4077;213.624;-101.207
-26.2574;8.11352;27.4824;213.81;-101.363
-26.3847;7.95482;27.5578;213.997;-101.522
-26.5081;7.8006;27.6321;214.179;-101.676
-26.6227;7.64869;27.6996;214.352;-101.828
-26.7623;7.47554;27.7868;214.557;-102.001
-26.885;7.32262;27.8644;214.738;-102.154
-26.9946;7.15429;27.9265;214.914;-102.323
-27.0981;6.98919;27.9849;215.084;-102.488
-27.1913;6.83152;28.0364;215.241;-102.645
-27.3134;6.66053;28.1138;215.43;-102.816
-27.4675;6.51973;28.2306;215.633;-102.957
-27.6158;6.3905;28.3456;215.825;-103.086
-27.757;6.25359;28.4527;216.014;-103.223
-27.9051;6.10708;28.5656;216.214;-103.37
-28.0413;5.96567;28.6689;216.402;-103.511
-28.1775;5.82861;28.774;216.587;-103.648
-28.3192;5.68572;28.8843;216.779;-103.791
-28.4624;5.53029;28.9947;216.98;-103.947
-28.5967;5.382;29.0988;217.169;-104.095
-28.7374;5.23764;29.2108;217.361;-104.239
-28.8775;5.09066;29.3228;217.555;-104.386
-29.0084;4.93528;29.4252;217.744;-104.542
-29.1372;4.7789;29.5265;217.932;-104.698
-29.271;4.62288;29.6338;218.125;-104.854
-29.4158;4.48237;29.7553;218.319;-104.995
-29.5536;4.33616;29.87;218.51;-105.141
-29.6974;4.19403;29.992;218.705;-105.283
-29.8418;4.05342;30.1158;218.899;-105.423
-29.9792;3.93775;30.2367;219.075;-105.539

29.8612;3.79077;30.1008;219.286;-105.686
29.729;3.6487;29.9521;219.47;-105.828
29.6027;3.49507;29.8083;219.655;-105.982
29.4632;3.31102;29.6486;219.866;-106.166
29.3569;3.13816;29.5242;220.042;-106.339
29.2417;2.97792;29.393;220.221;-106.499
29.1223;2.80252;29.2569;220.41;-106.674
29.0104;2.63726;29.13;220.588;-106.84
28.8985;2.47223;29.004;220.766;-107.005
28.7987;2.29856;28.8903;220.937;-107.178
28.6965;2.16734;28.7782;221.09;-107.31
28.5849;2.0136;28.6557;221.263;-107.463
28.4623;1.839;28.5217;221.454;-107.638
28.3367;1.67277;28.386;221.645;-107.804
28.2137;1.51161;28.2542;221.831;-107.965
28.0719;1.35607;28.1046;222.031;-108.121
27.9582;1.22302;27.9849;222.195;-108.254
27.8079;1.05842;27.8281;222.406;-108.418
27.6852;0.913082;27.7003;222.584;-108.564
27.5772;0.785066;27.5884;222.741;-108.692
27.4492;0.625345;27.4563;222.93;-108.852
27.3239;0.466634;27.3279;223.117;-109.01
27.2024;0.292679;27.204;223.308;-109.184
27.1109;0.129713;27.1113;223.468;-109.347
27.0039;-0.0537703;27.004;223.651;-109.531
26.93;-0.207287;26.9308;223.791;-109.684
26.8505;-0.387052;26.8533;223.948;-109.864
26.7742;-0.576558;26.7804;224.108;-110.053
26.7004;-0.766312;26.7114;224.265;-110.243
26.6287;-0.953633;26.6458;224.42;-110.431
26.557;-1.13989;26.5815;224.574;-110.617
26.4941;-1.32877;26.5274;224.722;-110.806
26.4539;-1.51865;26.4975;224.85;-110.996
26.4021;-1.72659;26.4585;224.998;-111.203
26.3564;-1.91178;26.4257;225.129;-111.389
26.3277;-2.0871;26.4103;225.241;-111.564
26.3102;-2.28832;26.4095;225.356;-111.765
26.294;-2.48766;26.4114;225.469;-111.965
26.2878;-2.68832;26.4249;225.574;-112.165
26.2828;-2.88838;26.4411;225.678;-112.365
26.2882;-3.10443;26.4709;225.781;-112.581
26.293;-3.30437;26.4998;225.876;-112.781
26.297;-3.49409;26.5281;225.968;-112.971
26.2866;-3.68248;26.5433;226.071;-113.159
26.2557;-3.88699;26.5419;226.2;-113.364
26.2259;-4.08466;26.5421;226.325;-113.562
26.2065;-4.28293;26.5542;226.441;-113.76
26.1876;-4.49184;26.5701;226.563;-113.969
26.1443;-4.67848;26.5596;226.694;-114.155
26.1007;-4.85244;26.5479;226.819;-114.329
26.0506;-5.04579;26.5348;226.96;-114.523
25.9965;-5.23246;26.5178;227.101;-114.709
25.9307;-5.4409;26.4954;227.263;-114.918
25.8729;-5.62813;26.4779;227.408;-115.105
25.8238;-5.81377;26.4701;227.544;-115.291
25.763;-6.02617;26.4584;227.704;-115.503
25.7144;-6.23179;26.4588;227.85;-115.709
25.6607;-6.43039;26.4541;227.998;-115.907
25.6049;-6.60792;26.4438;228.136;-116.085
25.5447;-6.80028;26.4344;228.286;-116.277
25.4923;-6.97529;26.4294;228.42;-116.452
25.4377;-7.15561;26.4249;228.559;-116.632
25.381;-7.33415;26.4194;228.699;-116.811
25.3188;-7.513;26.41;228.844;-116.99
25.2473;-7.69423;26.3937;228.998;-117.171
25.1594;-7.85106;26.3559;229.154;-117.328
25.0607;-8.04024;26.3189;229.335;-117.517
24.9877;-8.23173;26.3087;229.496;-117.709
24.9152;-8.421;26.2999;229.655;-117.898
24.8492;-8.60528;26.297;229.807;-118.082
24.7702;-8.78872;26.2832;229.969;-118.266
24.6927;-8.97571;26.2734;230.132;-118.453
24.6212;-9.1532;26.2675;230.284;-118.63
24.532;-9.29823;26.235;230.435;-118.775
24.4108;-9.44771;26.1753;230.616;-118.925
24.298;-9.59077;26.1223;230.787;-119.068
24.1604;-9.73042;26.0462;230.977;-119.207
24.0467;-9.88067;25.9975;231.152;-119.358
23.909;-10.0328;25.9287;231.348;-119.51
23.7758;-10.182;25.8643;231.539;-119.659
23.6197;-10.3266;25.7784;231.748;-119.803
23.4692;-10.4779;25.702;231.955;-119.955
23.3288;-10.6205;25.6325;232.149;-120.097
23.1821;-10.7595;25.5573;232.346;-120.236
23.0384;-10.9046;25.4887;232.544;-120.381
22.9015;-11.0648;25.4344;232.744;-120.542
22.7886;-11.1986;25.3915;232.91;-120.675
22.6621;-11.3642;25.3518;233.104;-120.841
22.5458;-11.5269;25.3216;233.288;-121.004
22.431;-11.6918;25.2953;233.471;-121.169
22.3167;-11.8553;25.2703;233.654;-121.332
22.2137;-12.0294;25.2618;233.832;-121.506
22.1274;-12.2104;25.2729;234;-121.687
22.0423;-12.3978;25.2897;234.171;-121.875
21.9595;-12.5799;25.3076;234.336;-122.057
21.8739;-12.7624;25.3248;234.504;-122.239
21.807;-12.9319;25.3531;234.65;-122.409
21.723;-13.0924;25.3634;234.805;-122.569
21.6201;-13.2715;25.3685;234.986;-122.748
21.5341;-13.4356;25.3818;235.145;-122.913
21.4537;-13.6145;25.409;235.308;-123.091
21.3686;-13.7963;25.4353;235.475;-123.273
21.2894;-13.9816;25.47;235.64;-123.458
21.2032;-14.1731;25.504;235.813;-123.65
21.127;-14.3564;25.5432;235.974;-123.833
21.0545;-14.5334;25.5834;236.129;-124.01
20.9726;-14.7147;25.6198;236.294;-124.192
20.8904;-14.9001;25.6598;236.461;-124.377
20.8108;-15.0942;25.7084;236.631;-124.571
20.7255;-15.279;25.7486;236.801;-124.756
20.6382;-15.4752;25.7957;236.979;-124.952
20.5519;-15.6828;25.8521;237.162;-125.16
20.466;-15.8698;25.8981;237.333;-125.347
20.3863;-16.0486;25.9453;237.495;-125.525
20.3002;-16.232;25.9918;237.665;-125.709
20.2288;-16.4491;26.0725;237.841;-125.926
20.1648;-16.6372;26.1422;237.995;-126.114
20.0979;-16.8334;26.2162;238.156;-126.31
20.0296;-17.0194;26.284;238.312;-126.496
19.9741;-17.211;26.3663;238.461;-126.688
19.9177;-17.4119;26.4554;238.615;-126.889
19.8425;-17.6118;26.5311;238.785;-127.089
19.7705;-17.779;26.5888;238.935;-127.256
19.6897;-17.9823;26.6655;239.112;-127.459
19.6158;-18.1647;26.7345;239.272;-127.642
19.5473;-18.3457;26.8079;239.426;-127.823
19.4881;-18.5583;26.9109;239.59;-128.035
19.4279;-18.7566;27.0046;239.747;-128.233
19.3605;-18.948;27.0898;239.906;-128.425
19.3009;-19.1362;27.1794;240.057;-128.613
19.24;-19.3032;27.2542;240.198;-128.78
19.1572;-19.5004;27.3362;240.374;-128.977
19.0671;-19.6578;27.3858;240.534;-129.135
18.9687;-19.8355;27.4456;240.713;-129.312
18.8834;-20.0009;27.5067;240.874;-129.478
18.7859;-20.1741;27.5663;241.049;-129.651
18.6939;-20.3564;27.6378;241.225;-129.833
18.5948;-20.5308;27.6999;241.402;-130.008
18.4989;-20.7009;27.7622;241.575;-130.178
18.3986;-20.877;27.8272;241.754;-130.354
18.3197;-21.0542;27.9086;241.916;-130.531
18.2285;-21.2242;27.9776;242.084;-130.701
18.1179;-21.399;28.0388;242.272;-130.876
18.0248;-21.5557;28.0988;242.435;-131.033
17.922;-21.7268;28.1648;242.614;-131.204
17.8107;-21.9029;28.2304;242.803;-131.38
17.7058;-22.0712;28.2954;242.982;-131.548
17.5949;-22.2366;28.3557;243.165;-131.713
17.4779;-22.3888;28.4031;243.346;-131.866
17.3778;-22.5336;28.4561;243.508;-132.01
17.2637;-22.7035;28.5216;243.696;-132.18
17.1522;-22.8744;28.5908;243.883;-132.351
17.042;-23.0378;28.6561;244.064;-132.515
16.9372;-23.1964;28.7218;244.238;-132.673
16.8437;-23.3639;28.8024;244.408;-132.841
16.7536;-23.5316;28.8864;244.574;-133.009
16.6589;-23.6729;28.9469;244.731;-133.15
16.5612;-23.8307;29.0203;244.899;-133.308
16.4609;-24.0029;29.105;245.076;-133.48
16.3629;-24.1727;29.1901;245.251;-133.65
16.2637;-24.3457;29.2783;245.429;-133.823
16.171;-24.5104;29.3642;245.596;-133.987
16.073;-24.691;29.4616;245.777;-134.168
15.9776;-24.8666;29.5573;245.953;-134.343
15.8859;-25.046;29.6591;246.127;-134.523
15.7887;-25.2209;29.7553;246.304;-134.698
15.7058;-25.4105;29.8725;246.478;-134.887
15.6263;-25.5962;29.9892;246.646;-135.073
15.5557;-25.7831;30.1122;246.807;-135.26
15.4891;-25.9628;30.2321;246.961;-135.44
15.4242;-26.1711;30.3781;247.13;-135.648
15.3814;-26.3665;30.5251;247.273;-135.843
15.3386;-26.5616;30.6723;247.416;-136.038
15.3047;-26.7539;30.8221;247.55;-136.231
15.263;-26.9497;30.9717;247.693;-136.427
15.2322;-27.1408;31.123;247.824;-136.618
15.2014;-27.3372;31.2795;247.958;-136.814
15.1463;-27.5428;31.4327;248.117;-137.02
15.0926;-27.7353;31.5759;248.268;-137.212
15.0435;-27.9246;31.7189;248.414;-137.401
14.9895;-28.1261;31.871;248.57;-137.603
14.9289;-28.3124;32.0073;248.724;-137.789
14.8722;-28.5036;32.1503;248.877;-137.981
14.8081;-28.703;32.2977;249.041;-138.18
14.7496;-28.9024;32.4484;249.2;-138.379
14.7091;-29.0985;32.6049;249.343;-138.575
14.6743;-29.314;32.7818;249.492;-138.791
14.6289;-29.5134;32.94;249.64;-138.99
14.5869;-29.7097;33.0975;249.785;-139.187
14.5447;-29.9177;33.2658;249.936;-139.395

14.4993;29.8781;33.2104;250.087;-139.599
14.456;29.6804;33.0137;250.234;-139.796
14.4113;29.4966;32.8289;250.373;-139.98
14.3542;29.3065;32.633;250.527;-140.17
14.2995;29.1163;32.4381;250.679;-140.361
14.2363;28.9229;32.2368;250.839;-140.554
14.1737;28.7281;32.0344;251;-140.749
14.1064;28.5354;31.8318;251.164;-140.941
14.0051;28.3373;31.6093;251.359;-141.14
13.9193;28.1469;31.4006;251.537;-141.33
13.8481;27.9768;31.2165;251.692;-141.5
13.7571;27.7755;30.9957;251.88;-141.701
13.6787;27.5931;30.7975;252.048;-141.884
13.5955;27.4435;30.6265;252.201;-142.033
13.4995;27.2713;30.4296;252.377;-142.206
13.3944;27.1024;30.2316;252.559;-142.374
13.286;26.9302;30.0292;252.746;-142.547
13.1836;26.7435;29.8164;252.936;-142.733
13.0723;26.5626;29.605;253.129;-142.914
12.9679;26.3955;29.409;253.31;-143.081
12.8712;26.2331;29.2206;253.482;-143.244
12.7599;26.0699;29.0251;253.666;-143.407
12.6474;25.9155;28.837;253.846;-143.561
12.5372;25.7372;28.6284;254.038;-143.74
12.4431;25.5519;28.4206;254.22;-143.925
12.3567;25.3666;28.2162;254.396;-144.11
12.2706;25.1791;28.0099;254.573;-144.298
12.1894;24.9925;27.8066;254.746;-144.484
12.101;24.8175;27.6105;254.918;-144.659
12.0142;24.654;27.4255;255.082;-144.823
11.9191;24.475;27.223;255.262;-145.002
11.8436;24.2642;27.0004;255.444;-145.213
11.7789;24.0717;26.799;255.607;-145.405
11.711;23.8814;26.5983;255.771;-145.596
11.6476;23.6918;26.4002;255.931;-145.785
11.5734;23.4876;26.1842;256.108;-145.989
11.5058;23.3009;25.9868;256.27;-146.176
11.4383;23.111;25.7866;256.434;-146.366
11.3893;22.9354;25.6076;256.575;-146.541
11.3418;22.7492;25.4197;256.72;-146.728
11.3072;22.5606;25.2355;256.856;-146.916
11.2839;22.3649;25.0502;256.987;-147.112
11.2758;22.1641;24.8675;257.109;-147.313
11.2673;21.9598;24.6817;257.233;-147.517
11.2269;21.7624;24.4876;257.379;-147.715
11.1968;21.5646;24.2982;257.518;-147.912
11.1747;21.3771;24.1216;257.643;-148.1
11.1429;21.1862;23.9379;257.779;-148.291
11.1266;20.9916;23.7581;257.905;-148.485
11.1019;20.7911;23.5695;258.04;-148.686
11.0632;20.5938;23.3773;258.186;-148.883
11.0259;20.4064;23.1947;258.324;-149.07
10.9825;20.2041;22.9961;258.476;-149.273
10.9568;19.9882;22.7943;258.622;-149.489
10.9384;19.7807;22.6036;258.757;-149.696
10.9242;19.594;22.4335;258.877;-149.883
10.9171;19.4014;22.2621;258.994;-150.075
10.9186;19.2101;22.0962;259.104;-150.267
10.9316;19.021;21.9385;259.203;-150.456
10.9265;18.8219;21.7635;259.323;-150.655
10.9364;18.6275;21.6007;259.427;-150.849
10.9422;18.4159;21.4214;259.546;-151.061
10.9451;18.2182;21.2532;259.659;-151.259
10.9482;18.0128;21.079;259.776;-151.464
10.9438;17.8269;20.918;259.888;-151.65
10.9389;17.6301;20.748;260.007;-151.847
10.927;17.4208;20.5641;260.139;-152.056
10.925;17.2015;20.3776;260.269;-152.275
10.9041;17.0277;20.2198;260.387;-152.449
10.8757;16.8236;20.0328;260.53;-152.653
10.8485;16.6261;19.8524;260.668;-152.851
10.811;16.4524;19.6865;260.8;-153.024
10.7777;16.2675;19.5139;260.935;-153.209
10.7512;16.0692;19.3341;261.073;-153.408
10.724;15.8717;19.155;261.211;-153.605
10.7018;15.6815;18.9852;261.341;-153.795
10.6566;15.4828;18.7957;261.495;-153.994
10.6215;15.2932;18.6198;261.635;-154.184
10.587;15.0941;18.4368;261.78;-154.383
10.5502;14.8974;18.2549;261.926;-154.579
10.512;14.7016;18.0731;262.072;-154.775
10.4889;14.521;17.913;262.198;-154.956
10.4337;14.329;17.7252;262.356;-155.148
10.3847;14.1399;17.5436;262.507;-155.337
10.3121;13.9582;17.3542;262.673;-155.519
10.2386;13.7854;17.1716;262.835;-155.692
10.1554;13.6001;16.9733;263.011;-155.877
10.0926;13.4045;16.7792;263.178;-156.072
10.022;13.2179;16.5878;263.345;-156.259
9.94167;13.0214;16.3827;263.527;-156.455
9.86389;12.8362;16.1884;263.699;-156.641
9.7716;12.6224;15.9628;263.901;-156.854
9.68823;12.4386;15.7664;264.077;-157.038
9.60734;12.2635;15.5786;264.246;-157.213
9.5118;12.073;15.3698;264.436;-157.404
9.44852;11.8952;15.1911;264.593;-157.582
9.38342;11.7015;14.9991;264.761;-157.775
9.30868;11.5172;14.8087;264.93;-157.96
9.24062;11.3255;14.617;265.099;-158.151
9.17143;11.1273;14.4199;265.273;-158.35
9.09926;10.9251;14.2181;265.452;-158.552
9.03328;10.7433;14.0364;265.613;-158.734
8.95565;10.5626;13.8482;265.784;-158.914
8.87267;10.3535;13.6352;265.975;-159.123
8.80545;10.1761;13.4569;266.135;-159.301
8.75292;9.99107;13.2829;266.288;-159.486
8.70305;9.80504;13.1104;266.439;-159.672
8.63719;9.56371;12.8866;266.637;-159.913
8.58841;9.35996;12.7031;266.798;-160.117
8.53586;9.1482;12.512;266.967;-160.329
8.46283;8.96186;12.3262;267.138;-160.515
8.37387;8.78376;12.1357;267.316;-160.693
8.28514;8.60606;11.946;267.493;-160.871
8.18936;8.4405;11.7604;267.67;-161.036
8.09234;8.26609;11.5678;267.852;-161.211
7.98398;8.0868;11.364;268.046;-161.39
7.87326;7.90199;11.1548;268.246;-161.575
7.75351;7.72955;10.9482;268.446;-161.747
7.65274;7.56353;10.7597;268.626;-161.913
7.54961;7.39179;10.5658;268.812;-162.085
