#1 AntPos X;#2 AntPos Y;#3 Distance form nest;#4 Total Distance;#5 Total Y Distance
4.67329;-4.83649;6.72542;0.182946;0.0244801
4.48416;-4.80208;6.57021;0.375088;0.0588837
4.2887;-4.76756;6.41269;0.573553;0.0934042
4.077;-4.73981;6.25201;0.786983;0.12116
3.88192;-4.73434;6.12236;0.980879;0.126631
3.67281;-4.72892;5.98767;1.18914;0.132045
3.47503;-4.74876;5.88443;1.38412;0.112211
3.29179;-4.77966;5.80353;1.56492;0.0813077
3.09611;-4.81226;5.72222;1.75916;0.0487017
2.90186;-4.84693;5.6492;1.95279;0.0140407
2.6969;-4.87013;5.567;2.15771;-0.00916224
2.4941;-4.89599;5.49465;2.36076;-0.035022
2.29761;-4.927;5.43639;2.55784;-0.066033
2.10126;-4.95255;5.37987;2.75486;-0.0915865
1.90476;-4.97873;5.33065;2.95219;-0.117762
1.69158;-5.00224;5.28051;3.16617;-0.14127
1.49881;-5.03217;5.25063;3.36015;-0.171199
1.28227;-5.0819;5.24118;3.57915;-0.220937
1.07721;-5.12836;5.24027;3.78683;-0.267394
0.880435;-5.16881;5.24325;3.98607;-0.307839
0.679275;-5.2038;5.24795;4.18937;-0.342839
0.477142;-5.23554;5.25723;4.39345;-0.37457
0.283603;-5.27135;5.27898;4.58938;-0.410388
0.0924896;-5.31384;5.31465;4.78359;-0.452874
-0.105248;-5.35074;5.35178;4.98397;-0.489776
-0.293366;-5.40287;5.41083;5.17641;-0.541907
-0.488807;-5.44743;5.46931;5.37549;-0.586459
-0.677131;-5.4888;5.53041;5.56724;-0.627835
-0.884619;-5.5305;5.60081;5.77814;-0.669538
-1.06687;-5.57091;5.67215;5.96387;-0.709948
-1.27023;-5.58892;5.73145;6.16794;-0.727953
-1.46624;-5.60088;5.78962;6.36399;-0.739917
-1.66569;-5.6276;5.86894;6.5652;-0.766635
-1.86988;-5.65606;5.95713;6.77132;-0.795091
-2.0783;-5.67098;6.03982;6.98006;-0.810018
-2.26839;-5.67295;6.10966;7.16912;-0.811987
-2.46509;-5.67913;6.19106;7.36527;-0.818163
-2.6734;-5.65515;6.25522;7.56977;-0.794186
-2.87533;-5.63185;6.32339;7.76827;-0.770886
-3.07551;-5.60819;6.39614;7.96523;-0.747223
-3.27363;-5.59798;6.4849;8.16157;-0.737011
-3.47344;-5.58729;6.57895;8.35965;-0.726324
-3.66901;-5.57818;6.67666;8.55373;-0.717218
-3.87282;-5.57859;6.79113;8.75687;-0.717627
-4.07445;-5.58546;6.91365;8.95839;-0.724499
-4.26962;-5.59016;7.03417;9.15331;-0.729196
-4.47017;-5.61447;7.17668;9.35516;-0.753505
-4.66798;-5.6351;7.3174;9.55399;-0.774135
-4.86358;-5.65143;7.45608;9.75027;-0.790465
-5.06312;-5.66235;7.59588;9.95004;-0.801381
-5.27243;-5.68281;7.75196;10.1603;-0.821839
-5.48741;-5.70786;7.91779;10.3766;-0.846891
-5.71787;-5.73492;8.09836;10.6085;-0.873955
-5.91504;-5.75692;8.25407;10.8068;-0.895952
-6.11775;-5.7902;8.42337;11.0116;-0.92923
-6.30323;-5.8208;8.57977;11.199;-0.959836
-6.51053;-5.84317;8.74812;11.4075;-0.982206
-6.70948;-5.86442;8.91115;11.6075;-1.00345
-6.91437;-5.89069;9.08343;11.8139;-1.02972
-7.1026;-5.91428;9.2426;12.0035;-1.05331
-7.30032;-5.9457;9.4152;12.2032;-1.08474
-7.49722;-5.97995;9.59;12.4024;-1.11898
-7.69331;-6.0138;9.76487;12.6007;-1.15283
-7.89212;-6.05837;9.94934;12.8028;-1.19741
-8.10574;-6.08421;10.1351;13.0179;-1.22324
-8.31071;-6.0983;10.3081;13.2233;-1.23734
-8.53003;-6.10897;10.4919;13.4427;-1.248
-8.72033;-6.11454;10.6504;13.6327;-1.25357
-8.93366;-6.12496;10.8317;13.8461;-1.26399
-9.12928;-6.14429;11.0044;14.0426;-1.28333
-9.33412;-6.1637;11.1856;14.2484;-1.30273
-9.52627;-6.19467;11.3633;14.4426;-1.3337
-9.72546;-6.22366;11.5464;14.6436;-1.3627
-9.95121;-6.26203;11.7575;14.8719;-1.40106
-10.1507;-6.29123;11.9422;15.0733;-1.43026
-10.3554;-6.32606;12.1348;15.2804;-1.46509
-10.5579;-6.36398;12.3276;15.4856;-1.50301
-10.7546;-6.401;12.5153;15.685;-1.54003
-10.9512;-6.44498;12.7069;15.885;-1.58401
-11.1496;-6.48638;12.8991;16.0865;-1.62541
-11.3463;-6.52641;13.0894;16.2862;-1.66544
-11.5711;-6.58908;13.3157;16.5164;-1.72812
-11.7571;-6.63302;13.4991;16.7059;-1.77206
-11.9682;-6.66748;13.7001;16.9195;-1.80651
-12.1326;-6.69695;13.8582;17.0861;-1.83599
-12.3078;-6.73728;14.0312;17.2647;-1.87631
-12.5286;-6.77575;14.2435;17.4884;-1.91479
-12.7044;-6.80815;14.4136;17.6666;-1.94718
-12.896;-6.83571;14.5957;17.8601;-1.97475
-13.0934;-6.87116;14.7868;18.0602;-2.01019
-13.293;-6.91015;14.9818;18.2629;-2.04918
-13.4893;-6.94607;15.1726;18.462;-2.08511
-13.6866;-6.98393;15.3655;18.6623;-2.12297
-13.9089;-7.02545;15.5825;18.8879;-2.16449
-14.0972;-7.06445;15.7682;19.0795;-2.20349
-14.2903;-7.10325;15.9583;19.2757;-2.24228
-14.5059;-7.14537;16.1702;19.4948;-2.2844
-14.7034;-7.1788;16.3623;19.6948;-2.31783
-14.9065;-7.21595;16.5612;19.9009;-2.35498
-15.1051;-7.23781;16.7497;20.1008;-2.37684
-15.3124;-7.24986;16.942;20.308;-2.3889
-15.512;-7.2617;17.1276;20.5076;-2.40073
-15.7111;-7.27886;17.3153;20.7073;-2.41789
-15.9019;-7.28865;17.4927;20.898;-2.42768
-16.1016;-7.29967;17.679;21.0976;-2.4387
-16.2889;-7.32275;17.8592;21.2863;-2.46178
-16.4929;-7.33927;18.0522;21.4909;-2.4783
-16.6836;-7.35993;18.2349;21.6827;-2.49896
-16.8873;-7.38117;18.4299;21.8875;-2.5202
-17.0718;-7.41473;18.6125;22.0747;-2.55377
-17.287;-7.44603;18.8224;22.292;-2.58506
-17.4809;-7.47684;19.0128;22.4882;-2.61588
-17.67;-7.48947;19.1917;22.6774;-2.6285
-17.8869;-7.49126;19.3923;22.8931;-2.63029
-18.0878;-7.49612;19.5796;23.0933;-2.63515
-18.2854;-7.49941;19.7635;23.2899;-2.63845
-18.4914;-7.45765;19.9386;23.4899;-2.59668
-18.6844;-7.42613;20.1061;23.6784;-2.56517
-18.8761;-7.36794;20.2631;23.8627;-2.50698
-19.0701;-7.31273;20.4241;24.05;-2.45177
-19.2549;-7.2654;20.58;24.2291;-2.40443
-19.4454;-7.2271;20.745;24.4149;-2.36613
-19.6187;-7.17534;20.8897;24.5825;-2.31437
-19.8096;-7.11502;21.0486;24.767;-2.25406
-20.0046;-7.05494;21.2122;24.9558;-2.19398
-20.1906;-6.99291;21.3673;25.1358;-2.13195
-20.3794;-6.94127;21.5291;25.3196;-2.08031
-20.5744;-6.89014;21.6975;25.5099;-2.02918
-20.7578;-6.85321;21.8599;25.6898;-1.99224
-20.9508;-6.81752;22.0321;25.8795;-1.95655
-21.1491;-6.78366;22.2104;26.0747;-1.92269
-21.3464;-6.74695;22.3873;26.2688;-1.88598
-21.5529;-6.71488;22.5747;26.4724;-1.85392
-21.7366;-6.66451;22.7353;26.6523;-1.80354
-21.9221;-6.61631;22.8988;26.8342;-1.75534
-22.1021;-6.55705;23.0542;27.01;-1.69608
-22.2788;-6.50905;23.2102;27.1834;-1.64808
-22.4686;-6.45098;23.3763;27.3694;-1.59002
-22.6659;-6.38596;23.5483;27.5627;-1.525
-22.8332;-6.31494;23.6904;27.726;-1.45397
-23.0174;-6.23284;23.8464;27.9058;-1.37187
-23.2039;-6.1519;24.0056;28.0882;-1.29094
-23.3977;-6.05874;24.1694;28.2777;-1.19777
-23.6036;-5.96872;24.3465;28.4797;-1.10775
-23.7713;-5.88131;24.4881;28.6441;-1.02034
-23.9464;-5.79271;24.6371;28.8161;-0.931743
-24.1123;-5.70374;24.7777;28.9792;-0.842772
-24.2864;-5.60463;24.9247;29.1505;-0.743668
-24.4622;-5.50571;25.0741;29.3239;-0.644742
-24.6632;-5.40883;25.2494;29.5229;-0.547865
-24.8425;-5.31492;25.4046;29.7005;-0.453956
-25.0123;-5.22045;25.5513;29.8691;-0.359481
-25.191;-5.12251;25.7066;30.0468;-0.261545
-25.3794;-5.02941;25.873;30.2345;-0.168443
-25.5476;-4.95781;26.0242;30.4024;-0.0968414
-25.7697;-4.8993;26.2313;30.6243;-0.0383349
-25.9461;-4.86538;26.3983;30.8007;-0.00441581
-26.1403;-4.83119;26.583;30.9949;0.0297803
-26.3426;-4.79187;26.7749;31.1973;0.0690925
-26.5332;-4.74977;26.955;31.388;0.111201
-26.7285;-4.70768;27.1399;31.5835;0.15329
-26.9384;-4.66332;27.339;31.7936;0.197643
-27.1578;-4.60955;27.5463;32.0134;0.25142
-27.3451;-4.55535;27.7219;32.2011;0.305616
-27.5432;-4.50037;27.9084;32.3998;0.3606
-27.7199;-4.45412;28.0755;32.577;0.406849
-27.9142;-4.40415;28.2595;32.772;0.456816
-28.1139;-4.34236;28.4473;32.9726;0.518605
-28.3133;-4.26987;28.6334;33.1731;0.591093
-28.4937;-4.2073;28.8026;33.3547;0.653663
-28.6954;-4.14453;28.9931;33.5576;0.716432
-28.8863;-4.08271;29.1734;33.7499;0.778259
-29.0859;-4.02251;29.3627;33.9508;0.838454
-29.2776;-3.96817;29.5453;34.1439;0.892792
-29.4672;-3.92244;29.7271;34.3346;0.938531
-29.6673;-3.87855;29.9197;34.5358;0.982417
-29.8612;-3.83746;30.1067;34.7309;1.02351

29.9548;-3.79257;30.1939;34.9162;1.0684
29.7552;-3.74605;29.99;35.1171;1.11491
29.5494;-3.69819;29.78;35.3243;1.16278
29.3513;-3.65734;29.5783;35.5237;1.20362
29.1536;-3.61737;29.3772;35.7226;1.2436
28.9569;-3.59043;29.1786;35.9202;1.27054
28.7583;-3.56053;28.9778;36.1197;1.30043
28.5389;-3.54133;28.7578;36.3397;1.31963
28.3349;-3.51976;28.5527;36.5443;1.34121
28.134;-3.50494;28.3515;36.7456;1.35603
27.9408;-3.49218;28.1582;36.9392;1.36879
27.7469;-3.47556;27.9637;37.1336;1.38541
27.5475;-3.43094;27.7603;37.3345;1.43003
27.3411;-3.38657;27.55;37.5425;1.4744
27.1476;-3.34279;27.3526;37.7375;1.51818
26.9268;-3.30461;27.1288;37.9597;1.55636
26.7007;-3.28889;26.9025;38.1862;1.57208
26.5203;-3.31672;26.7269;38.3654;1.54425
26.3222;-3.35032;26.5346;38.562;1.51064
26.1167;-3.38282;26.3349;38.766;1.47814
25.9177;-3.41691;26.142;38.9636;1.44406
25.7255;-3.45647;25.9567;39.1543;1.4045
25.5402;-3.48477;25.7768;39.3385;1.3762
25.3422;-3.5148;25.5848;39.5353;1.34617
25.1423;-3.55434;25.3923;39.7338;1.30663
24.9433;-3.58624;25.1998;39.9316;1.27473
24.7425;-3.60243;25.0033;40.1319;1.25853
24.5464;-3.61795;24.8116;40.3274;1.24302
24.3273;-3.63644;24.5976;40.5458;1.22452
24.1413;-3.66324;24.4177;40.7309;1.19772
23.9429;-3.69184;24.2259;40.9284;1.16913
23.742;-3.72557;24.0325;41.1283;1.1354
23.5567;-3.76569;23.8558;41.3124;1.09528
23.3617;-3.78698;23.6666;41.5068;1.07399
23.1798;-3.78824;23.4873;41.6886;1.07272
22.9611;-3.79227;23.2721;41.9072;1.0687
22.7489;-3.8024;23.0645;42.119;1.05857
22.555;-3.80675;22.874;42.3128;1.05422
22.357;-3.80965;22.6793;42.5106;1.05132
22.1526;-3.81323;22.4784;42.7148;1.04773
21.9589;-3.82581;22.2897;42.9081;1.03515
21.7417;-3.83576;22.0774;43.1251;1.0252
21.537;-3.84756;21.878;43.3295;1.0134
21.3538;-3.87276;21.7021;43.5121;0.988209
21.1374;-3.91281;21.4965;43.7275;0.948157
20.9478;-3.94039;21.3152;43.9165;0.920578
20.7605;-3.94851;21.1326;44.1036;0.912454
20.5507;-3.96675;20.93;44.3129;0.894221
20.3391;-3.97375;20.7236;44.5243;0.887217
20.1636;-4.00071;20.5567;44.6992;0.860261
19.9234;-4.00254;20.3215;44.9394;0.858428
19.7232;-4.01477;20.1276;45.1393;0.846196
19.5244;-4.03053;19.9361;45.3378;0.830439
19.3126;-4.03483;19.7295;45.5495;0.826138
19.1408;-4.04846;19.5643;45.721;0.812502
18.9517;-4.05648;19.381;45.9099;0.804489
18.7557;-4.07567;19.1934;46.1056;0.785297
18.5587;-4.12204;19.011;46.3017;0.738927
18.3643;-4.15347;18.8281;46.4957;0.707494
18.167;-4.18531;18.6429;46.6925;0.675656
17.9793;-4.21235;18.4662;46.8798;0.648617
17.7673;-4.25446;18.2695;47.0912;0.606506
17.569;-4.3024;18.0881;47.2889;0.558568
17.3696;-4.34529;17.9049;47.4878;0.515681
17.1702;-4.37556;17.7189;47.6869;0.485408
16.9651;-4.3995;17.5263;47.8917;0.461467
16.7725;-4.4255;17.3465;48.0841;0.435471
16.609;-4.4512;17.1952;48.2473;0.409768
16.4106;-4.4819;17.0116;48.4455;0.379069
16.2324;-4.50884;16.8469;48.6235;0.352125
16.0457;-4.51853;16.6698;48.8101;0.342441
15.8344;-4.55339;16.476;49.0212;0.307579
15.6383;-4.58441;16.2964;49.2171;0.276552
15.4426;-4.62916;16.1215;49.4125;0.231803
15.2473;-4.68407;15.9505;49.6076;0.176894
15.0552;-4.72336;15.7787;49.7996;0.137603
14.8574;-4.76339;15.6023;49.9973;0.0975749
14.6468;-4.82049;15.4197;50.2078;0.0404795
14.4674;-4.8686;15.2646;50.3872;-0.00763389
14.262;-4.92894;15.0897;50.5926;-0.0679778
14.0638;-5.005;14.9279;50.791;-0.144034
13.8739;-5.07447;14.7728;50.9811;-0.213503
13.6876;-5.14117;14.6213;51.1677;-0.280202
13.5103;-5.21473;14.4818;51.3455;-0.353763
13.3306;-5.27613;14.3367;51.5257;-0.415163
13.1426;-5.33669;14.1848;51.7142;-0.475723
12.9522;-5.40378;14.0343;51.9052;-0.542812
12.7692;-5.48026;13.8955;52.0891;-0.619293
12.5922;-5.57433;13.7708;52.2673;-0.713361
12.4159;-5.66116;13.6456;52.4448;-0.80019
12.228;-5.75231;13.5134;52.6342;-0.891342
12.0521;-5.8317;13.3888;52.8115;-0.97073
11.8649;-5.93613;13.267;53.0006;-1.07517
11.6881;-6.03343;13.1535;53.1794;-1.17246
11.4838;-6.13461;13.0197;53.386;-1.27364
11.3049;-6.22193;12.904;53.567;-1.36096
11.1266;-6.29618;12.7845;53.7471;-1.43522
10.9321;-6.34409;12.6395;53.9429;-1.48312
10.7773;-6.3795;12.5239;54.0986;-1.51853
10.5942;-6.44243;12.3993;54.2834;-1.58147
10.4052;-6.50724;12.2724;54.4743;-1.64627
10.2177;-6.55684;12.1406;54.6632;-1.69587
10.0117;-6.57592;11.9781;54.8697;-1.71496
9.80673;-6.60257;11.8223;55.0754;-1.74161
9.6006;-6.625;11.6646;55.2821;-1.76404
9.40518;-6.65262;11.5202;55.4784;-1.79165
9.22223;-6.68232;11.3887;55.6622;-1.82135
9.03093;-6.71238;11.2523;55.8544;-1.85141
8.82424;-6.75457;11.1127;56.0623;-1.89361
8.62364;-6.79173;10.977;56.2641;-1.93076
8.41506;-6.81496;10.8285;56.4734;-1.95399
8.18095;-6.83756;10.6621;56.7081;-1.97659
7.9768;-6.84354;10.5102;56.9123;-1.98257
7.78342;-6.84845;10.3674;57.1058;-1.98748
7.58714;-6.84463;10.2183;57.3018;-1.98366
7.38185;-6.82945;10.0565;57.5064;-1.96848
7.20955;-6.8289;9.93033;57.6786;-1.96793
7.02789;-6.83325;9.80227;57.8603;-1.97228
6.82782;-6.83807;9.66325;58.0604;-1.97711
6.63463;-6.81686;9.51251;58.2528;-1.95589
6.4401;-6.79992;9.36556;58.4467;-1.93896
6.23587;-6.79032;9.21925;58.6505;-1.92936
6.05173;-6.78201;9.0895;58.8342;-1.92104
5.84789;-6.77389;8.94893;59.0377;-1.91292
5.65095;-6.75611;8.80785;59.234;-1.89514
5.45415;-6.73961;8.67007;59.4301;-1.87864
5.27881;-6.71741;8.54339;59.6047;-1.85644
5.08285;-6.6974;8.40777;59.7999;-1.83644
4.8797;-6.67989;8.27239;60.0025;-1.81892
4.68777;-6.66789;8.15082;60.194;-1.80692
4.49001;-6.65411;8.02729;60.3912;-1.79315
4.29455;-6.64783;7.91434;60.5864;-1.78686
4.08667;-6.62897;7.78743;60.7936;-1.768
3.90986;-6.60121;7.67222;60.9696;-1.74024
3.70447;-6.57565;7.54734;61.1742;-1.71468
3.51038;-6.55715;7.43767;61.3677;-1.69618
3.31973;-6.53622;7.33095;61.5577;-1.67525
3.11533;-6.50189;7.2097;61.7611;-1.64092
2.9037;-6.46947;7.09123;61.9718;-1.6085
2.70246;-6.44413;6.98786;62.1723;-1.58317
2.48649;-6.4497;6.9124;62.3883;-1.58874
2.29724;-6.46426;6.86032;62.5779;-1.60329
2.09418;-6.47872;6.80878;62.7813;-1.61776
1.91669;-6.50608;6.78253;62.9594;-1.64511
1.70493;-6.54813;6.76644;63.1722;-1.68716
1.5094;-6.58986;6.76051;63.3688;-1.72889
1.30872;-6.63881;6.76658;63.5707;-1.77784
1.13269;-6.68906;6.78429;63.7481;-1.82809
0.941005;-6.74492;6.81025;63.9414;-1.88396
0.753694;-6.79777;6.83943;64.1302;-1.93681
0.524171;-6.85752;6.87752;64.3614;-1.99655
0.318759;-6.89668;6.90404;64.5679;-2.03571
0.10854;-6.92351;6.92436;64.7789;-2.06254
-0.0839003;-6.96232;6.96282;64.9725;-2.10135
-0.307537;-7.00213;7.00888;65.1973;-2.14117
-0.504496;-7.03213;7.05021;65.3951;-2.17117
-0.731429;-7.07096;7.10869;65.6232;-2.21
-0.928497;-7.10898;7.16936;65.8215;-2.24801
-1.12499;-7.14641;7.23442;66.0192;-2.28545
-1.31814;-7.17874;7.29875;66.2133;-2.31777
-1.515;-7.20732;7.36483;66.4111;-2.34636
-1.71198;-7.23567;7.43545;66.6089;-2.37471
-1.9108;-7.26125;7.50845;66.8085;-2.40028
-2.10864;-7.28435;7.58341;67.0071;-2.42338
-2.30584;-7.3097;7.66477;67.2051;-2.44874
-2.50881;-7.31957;7.73758;67.4083;-2.4586
-2.70615;-7.35151;7.83377;67.6066;-2.49055
-2.90045;-7.38498;7.93414;67.802;-2.52401
-3.09919;-7.41006;8.03206;68.0016;-2.5491
-3.29007;-7.4385;8.13362;68.1934;-2.57754
-3.48807;-7.48008;8.25338;68.3928;-2.61912
-3.68258;-7.53366;8.38554;68.5893;-2.67269
-3.87359;-7.58834;8.51983;68.7823;-2.72737
-4.07378;-7.65112;8.66806;68.9848;-2.79015
-4.26383;-7.71036;8.81078;69.1771;-2.8494
-4.44839;-7.74014;8.92737;69.3628;-2.87917
-4.65761;-7.7755;9.06376;69.5733;-2.91453
-4.84713;-7.78192;9.16804;69.7629;-2.92096
-5.04988;-7.77335;9.26964;69.9651;-2.91239
-5.25703;-7.77142;9.3825;70.172;-2.91046
-5.44897;-7.76606;9.48699;70.3636;-2.9051
-5.66019;-7.75206;9.59856;70.574;-2.8911
-5.8561;-7.74222;9.70752;70.7694;-2.88126
-6.05091;-7.71702;9.80642;70.963;-2.85605
-6.25347;-7.69196;9.91323;71.1644;-2.831
-6.45456;-7.67188;10.0259;71.3645;-2.81091
-6.63755;-7.66325;10.1382;71.547;-2.80229
-6.85367;-7.64011;10.2637;71.7621;-2.77915
-7.05427;-7.62436;10.3872;71.9619;-2.76339
-7.24216;-7.63334;10.5222;72.15;-2.77237
-7.44302;-7.655;10.677;72.3516;-2.79403
-7.65686;-7.68564;10.8488;72.5665;-2.82467
-7.85849;-7.72601;11.0203;72.7695;-2.86505
-8.05415;-7.75877;11.1834;72.9663;-2.8978
-8.2817;-7.79282;11.3717;73.195;-2.93185
-8.47036;-7.81703;11.5262;73.3845;-2.95606
-8.6722;-7.82946;11.6836;73.5867;-2.96849
-8.86074;-7.84097;11.8319;73.7755;-2.98001
-9.06227;-7.85357;11.9918;73.9774;-2.9926
-9.26149;-7.86636;12.1513;74.177;-3.0054
-9.46224;-7.88087;12.3143;74.3782;-3.0199
-9.6781;-7.89249;12.4883;74.5943;-3.03152
-9.88826;-7.90582;12.6602;74.8049;-3.04486
-10.0886;-7.91935;12.8256;75.0056;-3.05838
-10.2903;-7.93136;12.9922;75.2076;-3.07039
-10.4925;-7.9494;13.1638;75.4104;-3.08843
-10.7012;-7.96621;13.3408;75.6196;-3.10524
-10.8967;-7.98625;13.5099;75.8157;-3.12528
-11.0932;-7.99155;13.672;76.0123;-3.13059
-11.2895;-7.97734;13.8235;76.2078;-3.11638
-11.4715;-7.9569;13.9609;76.3889;-3.09594
-11.6646;-7.94256;14.1119;76.5812;-3.0816
-11.8557;-7.93583;14.2666;76.7719;-3.07487
-12.0503;-7.92581;14.4232;76.966;-3.06485
-12.2532;-7.90353;14.5811;77.1678;-3.04257
-12.4433;-7.87587;14.7263;77.3566;-3.01491
-12.6445;-7.84376;14.8798;77.5565;-2.98279
-12.832;-7.81901;15.0265;77.7429;-2.95805
-13.0458;-7.77974;15.1894;77.955;-2.91878
-13.2486;-7.7378;15.3427;78.1562;-2.87684
-13.4335;-7.68136;15.4746;78.3389;-2.82039
-13.6259;-7.62062;15.6122;78.529;-2.75966
-13.8225;-7.56694;15.7582;78.7237;-2.70598
-14.0139;-7.51423;15.9014;78.9131;-2.65327
-14.2088;-7.45953;16.0479;79.1061;-2.59857
-14.3711;-7.39969;16.1643;79.2664;-2.53873
-14.5373;-7.33144;16.2813;79.4303;-2.47048
-14.7229;-7.25653;16.414;79.6135;-2.39557
-14.9094;-7.18215;16.5491;79.7977;-2.32118
-15.0932;-7.10604;16.6823;79.9793;-2.24507
-15.2783;-7.03307;16.8194;80.1624;-2.17211
-15.4451;-6.94617;16.9352;80.3268;-2.0852
-15.6379;-6.85996;17.0764;80.5173;-1.99899
-15.8043;-6.7857;17.1995;80.6819;-1.92473
-16.0102;-6.69184;17.3525;80.8856;-1.83088
-16.1807;-6.61333;17.4801;81.0543;-1.75236
-16.3549;-6.52955;17.6102;81.2267;-1.66859
-16.5287;-6.45648;17.745;81.399;-1.59551
-16.7262;-6.38112;17.9021;81.5949;-1.52015
-16.9137;-6.319;18.0556;81.7813;-1.45803
-17.1052;-6.26929;18.2179;81.9719;-1.40832
-17.2945;-6.21144;18.3761;82.1602;-1.35048
-17.4828;-6.15656;18.5352;82.3476;-1.2956
-17.6718;-6.07837;18.688;82.5354;-1.2174
-17.8586;-6.0014;18.84;82.721;-1.14044
-18.0419;-5.93109;18.9918;82.9034;-1.07012
-18.2289;-5.86514;19.1492;83.0896;-1.00417
-18.4115;-5.79576;19.3022;83.2714;-0.934792
-18.5978;-5.7357;19.4622;83.457;-0.874732
-18.7806;-5.69273;19.6244;83.6393;-0.831766
-18.965;-5.64319;19.7867;83.8232;-0.782228
-19.1726;-5.58585;19.9697;84.0303;-0.724884
-19.3625;-5.55176;20.1427;84.22;-0.690794
-19.5719;-5.50426;20.3311;84.4289;-0.643295
-19.7647;-5.45749;20.5043;84.6214;-0.596523
-19.9573;-5.4089;20.6773;84.8137;-0.547936
-20.1431;-5.34468;20.8401;84.9991;-0.483711
-20.3155;-5.2915;20.9933;85.1712;-0.430537
-20.5066;-5.23293;21.1637;85.362;-0.371967
-20.7069;-5.17592;21.344;85.5621;-0.314956
-20.8974;-5.13315;21.5186;85.7524;-0.27218
-21.0849;-5.0902;21.6906;85.9398;-0.229236
-21.2789;-5.04459;21.8687;86.1337;-0.183628
-21.4748;-5.00435;22.0501;86.3295;-0.143387
-21.6594;-4.94514;22.2167;86.514;-0.0841695
-21.8471;-4.88611;22.3868;86.7017;-0.0251477
-22.019;-4.83472;22.5435;86.8736;0.0262422
-22.2105;-4.76788;22.7165;87.0652;0.0930889
-22.4001;-4.70337;22.8885;87.2548;0.157597
-22.5875;-4.63671;23.0585;87.4424;0.224251
-22.7862;-4.56888;23.2398;87.6413;0.29209
-22.9705;-4.49335;23.4059;87.8259;0.367612
-23.1557;-4.4177;23.5733;88.0114;0.443269
-23.3482;-4.33339;23.7469;88.2044;0.527575
-23.5216;-4.26821;23.9057;88.3781;0.59276
-23.7456;-4.19073;24.1125;88.6027;0.670232
-23.933;-4.11479;24.2842;88.7908;0.746178
-24.1211;-4.03773;24.4567;88.9795;0.823237
-24.3087;-3.96459;24.6299;89.1678;0.896377
-24.5031;-3.89798;24.8113;89.3629;0.962991
-24.6943;-3.83817;24.9908;89.5548;1.0228
-24.8797;-3.79089;25.1668;89.7406;1.07007
-25.0738;-3.74122;25.3514;89.9354;1.11975
-25.2666;-3.68817;25.5343;90.1288;1.17279
-25.4636;-3.63916;25.7223;90.3264;1.2218
-25.6786;-3.59122;25.9285;90.5421;1.26975
-25.8834;-3.56021;26.1271;90.7473;1.30076
-26.0942;-3.5289;26.3318;90.9586;1.33207
-26.2991;-3.50124;26.5312;91.1639;1.35973
-26.494;-3.47408;26.7208;91.3591;1.38689
-26.6919;-3.44581;26.9134;91.5574;1.41516
-26.887;-3.41778;27.1033;91.7529;1.44319
-27.0834;-3.388;27.2945;91.9498;1.47297
-27.2581;-3.33736;27.4616;92.1253;1.5236
-27.4489;-3.28188;27.6444;92.317;1.57909
-27.6414;-3.22835;27.8293;92.5104;1.63262
-27.8365;-3.17284;28.0167;92.7065;1.68812
-28.0391;-3.10776;28.2108;92.9103;1.75321
-28.2384;-3.05962;28.4037;93.1104;1.80135
-28.4343;-3.01041;28.5932;93.3072;1.85055
-28.6254;-2.9733;28.7794;93.4991;1.88767
-28.8406;-2.95036;28.9911;93.7147;1.91061
-29.024;-2.91307;29.1698;93.8988;1.9479
-29.217;-2.87709;29.3583;94.0925;1.98387
-29.4082;-2.84554;29.5455;94.2843;2.01542
-29.6231;-2.82649;29.7576;94.4996;2.03448
-29.8267;-2.80432;29.9583;94.7037;2.05664

29.9705;-2.7816;30.0994;94.9068;2.07937
29.7628;-2.7517;29.8897;95.1152;2.10927
29.5565;-2.72982;29.6823;95.3219;2.13115
29.3471;-2.7059;29.4716;95.5318;2.15506
29.14;-2.67447;29.2625;95.7396;2.18649
28.9389;-2.62815;29.058;95.9417;2.23282
28.7452;-2.57966;28.8607;96.1365;2.2813
28.5551;-2.53504;28.6674;96.3276;2.32593
28.363;-2.48353;28.4715;96.5209;2.37744
28.1698;-2.43167;28.2746;96.7153;2.4293
27.9703;-2.34927;28.0688;96.9168;2.5117
27.7859;-2.28252;27.8795;97.1029;2.57845
27.597;-2.21844;27.686;97.2935;2.64253
27.4106;-2.15451;27.4952;97.4815;2.70646
27.2155;-2.09037;27.2956;97.6784;2.77059
27.0185;-2.02352;27.0941;97.8773;2.83745
26.8151;-1.94444;26.8855;98.0828;2.91652
26.6424;-1.88522;26.709;98.2573;2.97575
26.4579;-1.82054;26.5204;98.4437;3.04042
26.2523;-1.75592;26.3109;98.6512;3.10504
26.073;-1.69595;26.1281;98.8323;3.16501
25.8855;-1.62837;25.9366;99.0219;3.23259
25.6837;-1.55784;25.7309;99.2259;3.30313
25.4856;-1.48908;25.5291;99.4262;3.37188
25.3065;-1.4132;25.3459;99.6078;3.44776
25.1172;-1.33562;25.1527;99.7997;3.52534
24.9323;-1.25912;24.9641;99.9872;3.60185
24.7505;-1.18563;24.7789;100.172;3.67534
24.5671;-1.11419;24.5923;100.357;3.74678
24.3856;-1.04382;24.4079;100.541;3.81715
24.2069;-0.954389;24.2257;100.724;3.90658
24.0327;-0.861007;24.0482;100.901;3.99996
23.8444;-0.779937;23.8572;101.093;4.08103
23.6408;-0.702626;23.6512;101.299;4.15834
23.4437;-0.663248;23.4531;101.498;4.19772
23.251;-0.649851;23.2601;101.691;4.21112
23.0473;-0.635955;23.056;101.895;4.22501
22.8469;-0.624588;22.8554;102.096;4.23638
22.655;-0.622868;22.6636;102.287;4.2381
22.4482;-0.645251;22.4575;102.493;4.21571
22.2681;-0.63422;22.2772;102.673;4.22675
22.06;-0.622569;22.0688;102.882;4.2384
21.8515;-0.622781;21.8604;103.09;4.23819
21.6584;-0.627845;21.6675;103.283;4.23312
21.4578;-0.635154;21.4672;103.483;4.22581
21.2667;-0.646144;21.2765;103.674;4.21482
21.0736;-0.652977;21.0837;103.866;4.20799
20.861;-0.686228;20.8722;104.077;4.17474
20.6706;-0.728921;20.6834;104.266;4.13205
20.4717;-0.781228;20.4866;104.463;4.07974
20.2859;-0.84937;20.3037;104.646;4.0116
20.0998;-0.918601;20.1208;104.829;3.94237
19.9133;-0.996783;19.9382;105.012;3.86418
19.733;-1.08344;19.7628;105.189;3.77752
19.5672;-1.1841;19.603;105.352;3.67687
19.3993;-1.28606;19.4419;105.516;3.5749
19.2491;-1.39871;19.2998;105.662;3.46226
19.0966;-1.5266;19.1575;105.811;3.33436
18.9378;-1.64129;19.0088;105.966;3.21968
18.7785;-1.75672;18.8605;106.121;3.10424
18.6114;-1.87957;18.706;106.285;2.98139
18.4551;-1.99416;18.5625;106.438;2.86681
18.2968;-2.09305;18.4161;106.594;2.76792
18.1274;-2.19835;18.2603;106.76;2.66261
17.9697;-2.31818;18.1186;106.915;2.54279
17.8207;-2.43971;17.9869;107.061;2.42125
17.655;-2.58215;17.8428;107.224;2.27882
17.5072;-2.71373;17.7163;107.369;2.14724
17.3687;-2.85131;17.6012;107.505;2.00965
17.2264;-2.99408;17.4847;107.644;1.86689
17.0802;-3.14828;17.3679;107.788;1.71268
16.9455;-3.27893;17.2598;107.921;1.58203
16.789;-3.41732;17.1333;108.075;1.44364
16.6464;-3.53617;17.0179;108.216;1.32479
16.4991;-3.67284;16.903;108.362;1.18812
16.3587;-3.80932;16.7964;108.501;1.05164
16.2172;-3.95635;16.6929;108.641;0.904612
16.0834;-4.09969;16.5977;108.774;0.761281
15.9371;-4.2345;16.49;108.919;0.626471
15.7824;-4.38163;16.3794;109.073;0.479332
15.6336;-4.51202;16.2717;109.222;0.348947
15.4729;-4.63918;16.1534;109.382;0.221788
15.3023;-4.75978;16.0254;109.552;0.10119
15.1575;-4.87127;15.9211;109.697;-0.0102988
15.006;-4.98643;15.8128;109.849;-0.125463
14.828;-5.10999;15.6838;110.027;-0.249022
14.665;-5.22188;15.5669;110.19;-0.360913
14.508;-5.32597;15.4547;110.348;-0.464999
14.3273;-5.43497;15.3235;110.529;-0.574002
14.1545;-5.54041;15.2002;110.702;-0.679444
13.9681;-5.65234;15.0684;110.889;-0.791374
13.7951;-5.75386;14.947;111.063;-0.892891
13.6228;-5.85376;14.8272;111.236;-0.992792
13.4612;-5.9533;14.7189;111.399;-1.09234
13.2913;-6.05765;14.6067;111.57;-1.19669
13.1167;-6.15505;14.4891;111.745;-1.29408
12.9537;-6.23491;14.3761;111.909;-1.37395
12.7871;-6.33872;14.272;112.077;-1.47776
12.6181;-6.4462;14.1694;112.248;-1.58524
12.4586;-6.55959;14.0799;112.409;-1.69863
12.3225;-6.68477;14.0189;112.547;-1.82381
12.1807;-6.81786;13.9589;112.691;-1.95689
12.0315;-6.95287;13.896;112.843;-2.0919
11.8763;-7.08223;13.8276;113;-2.22127
11.723;-7.20981;13.7626;113.156;-2.34884
11.5733;-7.33992;13.7046;113.308;-2.47895
11.4088;-7.48343;13.6441;113.476;-2.62246
11.2555;-7.59607;13.5789;113.632;-2.73511
11.0963;-7.71062;13.5123;113.794;-2.84965
10.9349;-7.82933;13.4488;113.958;-2.96837
10.7782;-7.9469;13.3911;114.118;-3.08594
10.5946;-8.0796;13.3239;114.305;-3.21864
10.4277;-8.1903;13.2596;114.475;-3.32933
10.2696;-8.30551;13.2078;114.637;-3.44454
10.1115;-8.415;13.155;114.798;-3.55403
9.94228;-8.53083;13.1005;114.971;-3.66986
9.76885;-8.64393;13.0441;115.148;-3.78296
9.59861;-8.74204;12.9829;115.321;-3.88107
9.44459;-8.83662;12.9339;115.478;-3.97566
9.27969;-8.92242;12.8733;115.646;-4.06145
9.10144;-9.01141;12.8079;115.828;-4.15044
8.90315;-9.08642;12.7212;116.028;-4.22545
8.71997;-9.15972;12.6467;116.214;-4.29875
8.53575;-9.24009;12.5793;116.401;-4.37912
8.35479;-9.31951;12.5162;116.585;-4.45854
8.20614;-9.39889;12.4772;116.737;-4.53792
8.02868;-9.49334;12.4331;116.918;-4.63237
7.8652;-9.59108;12.4036;117.085;-4.73011
7.70038;-9.69158;12.3783;117.254;-4.83062
7.53809;-9.79929;12.3632;117.42;-4.93833
7.37517;-9.89622;12.3421;117.587;-5.03526
7.21229;-9.98984;12.3213;117.754;-5.12887
7.04493;-10.0995;12.3139;117.926;-5.23854
6.87143;-10.2072;12.3046;118.104;-5.3462
6.72263;-10.3129;12.3106;118.258;-5.45198
6.55765;-10.4267;12.3174;118.428;-5.5657
6.38027;-10.5374;12.3184;118.61;-5.6764
6.20816;-10.6559;12.3325;118.788;-5.79497
6.03997;-10.7554;12.3353;118.961;-5.89445
5.87547;-10.8637;12.3508;119.13;-6.00276
5.70032;-10.9723;12.3647;119.311;-6.11136
5.56852;-11.058;12.3809;119.447;-6.19704
5.39373;-11.1588;12.394;119.627;-6.29785
5.2165;-11.2806;12.4283;119.81;-6.4196
5.05155;-11.3988;12.468;119.981;-6.53781
4.89045;-11.5318;12.5259;120.149;-6.67082
4.74048;-11.6456;12.5735;120.306;-6.78466
4.59022;-11.7538;12.6183;120.462;-6.8928
4.41836;-11.8648;12.6608;120.64;-7.00385
4.2376;-11.9711;12.699;120.826;-7.1101
4.06821;-12.0792;12.7458;121.002;-7.21821
3.89972;-12.1955;12.8039;121.177;-7.33458
3.75021;-12.3109;12.8694;121.333;-7.44993
3.63884;-12.4487;12.9697;121.453;-7.58776
3.52007;-12.6159;13.0978;121.582;-7.75492
3.41588;-12.7954;13.2435;121.698;-7.93446
3.35313;-12.9769;13.4031;121.772;-8.11597
3.27803;-13.1644;13.5663;121.86;-8.30339
3.20665;-13.3631;13.7424;121.945;-8.5021
3.13625;-13.5694;13.9271;122.029;-8.70844
3.08287;-13.7831;14.1236;122.098;-8.9221
3.03532;-13.9798;14.3055;122.16;-9.1188
2.98298;-14.1756;14.486;122.227;-9.31458
2.91951;-14.3795;14.6729;122.306;-9.51854
2.86275;-14.5688;14.8474;122.377;-9.70779
2.82402;-14.7693;15.0369;122.432;-9.90837
2.77689;-14.9814;15.2366;122.496;-10.1204
2.7338;-15.1725;15.4168;122.555;-10.3115
2.67367;-15.3611;15.592;122.631;-10.5001
2.60495;-15.5653;15.7818;122.717;-10.7043
2.5354;-15.7586;15.9613;122.804;-10.8976
2.43012;-15.954;16.1381;122.926;-11.0931
2.34621;-16.1282;16.2979;123.025;-11.2672
2.24603;-16.3146;16.4684;123.142;-11.4536
2.16316;-16.4905;16.6318;123.241;-11.6296
2.07954;-16.6713;16.8005;123.342;-11.8103
1.99888;-16.8437;16.9619;123.439;-11.9827
1.91094;-17.0194;17.1264;123.543;-12.1584
1.80616;-17.2124;17.3069;123.667;-12.3514
1.70149;-17.3696;17.4527;123.787;-12.5086
1.59366;-17.5544;17.6266;123.913;-12.6934
1.48354;-17.7353;17.7972;124.041;-12.8743
1.37737;-17.9018;17.9547;124.164;-13.0409
1.27052;-18.073;18.1176;124.288;-13.2121
1.16568;-18.2413;18.2785;124.411;-13.3803
1.05773;-18.421;18.4514;124.537;-13.56
0.953411;-18.5913;18.6157;124.66;-13.7303
0.847951;-18.7468;18.766;124.782;-13.8859
0.73542;-18.909;18.9233;124.912;-14.048
0.607124;-19.0911;19.1008;125.06;-14.2301
0.49583;-19.2784;19.2848;125.192;-14.4175
0.38602;-19.4484;19.4523;125.32;-14.5875
0.264173;-19.6043;19.6061;125.46;-14.7434
0.140337;-19.7681;19.7686;125.602;-14.9072
0.0182099;-19.9474;19.9474;125.745;-15.0864
-0.0949023;-20.1122;20.1125;125.877;-15.2513
-0.203937;-20.2801;20.2811;126.005;-15.4191
-0.291082;-20.4483;20.4504;126.113;-15.5874
-0.396476;-20.6418;20.6456;126.241;-15.7808
-0.492502;-20.8144;20.8203;126.358;-15.9535
-0.596327;-20.9598;20.9683;126.48;-16.0989
-0.711278;-21.1247;21.1367;126.615;-16.2638
-0.827431;-21.302;21.3181;126.753;-16.4411
-0.944751;-21.4687;21.4895;126.891;-16.6078
-1.06035;-21.6324;21.6584;127.027;-16.7715
-1.16829;-21.7932;21.8245;127.155;-16.9322
-1.28637;-21.9555;21.9932;127.294;-17.0945
-1.3998;-22.13;22.1743;127.43;-17.2691
-1.49918;-22.2988;22.3491;127.551;-17.4378
-1.60422;-22.4907;22.5478;127.682;-17.6297
-1.70564;-22.6612;22.7253;127.806;-17.8003
-1.81083;-22.8414;22.9131;127.935;-17.9804
-1.91355;-23.0149;23.0943;128.061;-18.154
-2.00831;-23.1854;23.2722;128.179;-18.3244
-2.10566;-23.3626;23.4573;128.301;-18.5016
-2.19736;-23.5435;23.6458;128.418;-18.6826
-2.29714;-23.7294;23.8403;128.544;-18.8684
-2.40093;-23.9007;24.021;128.672;-19.0397
-2.51353;-24.0699;24.2008;128.808;-19.2089
-2.62283;-24.2362;24.3777;128.941;-19.3753
-2.73607;-24.4039;24.5568;129.079;-19.5429
-2.85072;-24.5571;24.7221;129.215;-19.6962
-2.98076;-24.7301;24.909;129.37;-19.8691
-3.10606;-24.8906;25.0836;129.519;-20.0296
-3.22652;-25.046;25.253;129.662;-20.1851
-3.3457;-25.239;25.4598;129.81;-20.3781
-3.45099;-25.4078;25.6411;129.94;-20.5469
-3.56046;-25.5827;25.8293;130.076;-20.7218
-3.66175;-25.7347;25.9939;130.2;-20.8737
-3.77258;-25.9008;26.1741;130.337;-21.0398
-3.89275;-26.0723;26.3613;130.483;-21.2113
-3.99223;-26.2277;26.5298;130.606;-21.3668
-4.10312;-26.4009;26.7178;130.744;-21.5399
-4.20676;-26.5547;26.8859;130.872;-21.6938
-4.33287;-26.7229;27.0719;131.024;-21.8619
-4.45074;-26.9037;27.2693;131.171;-22.0427
-4.55466;-27.0362;27.4172;131.295;-22.1753
-4.6769;-27.1946;27.5938;131.443;-22.3336
-4.79064;-27.3555;27.7718;131.582;-22.4945
-4.91035;-27.5403;27.9746;131.732;-22.6793
-5.03453;-27.7185;28.172;131.885;-22.8575
-5.13865;-27.8581;28.328;132.012;-22.9971
-5.26807;-28.0143;28.5053;132.167;-23.1533
-5.39768;-28.1638;28.6764;132.32;-23.3028
-5.53328;-28.3411;28.8762;132.485;-23.4802
-5.65393;-28.4932;29.0487;132.631;-23.6322
-5.79536;-28.6513;29.2316;132.798;-23.7903
-5.92841;-28.804;29.4077;132.957;-23.943
-6.06046;-28.9571;29.5845;133.114;-24.0962
-6.17839;-29.0983;29.747;133.256;-24.2373
-6.30637;-29.2516;29.9237;133.41;-24.3906
-6.43086;-29.412;30.1068;133.561;-24.551
-6.55467;-29.5801;30.2976;133.714;-24.7192
-6.65982;-29.7311;30.4679;133.845;-24.8702
-6.78672;-29.8784;30.6395;133.997;-25.0174

-6.91393;29.9713;30.7584;134.151;-25.1678
-7.04399;29.8393;30.6595;134.303;-25.2997
-7.18395;29.6993;30.5558;134.467;-25.4397
-7.32654;29.5508;30.4455;134.635;-25.5883
-7.46171;29.402;30.3341;134.796;-25.737
-7.59314;29.2576;30.2269;134.953;-25.8814
-7.72671;29.1109;30.1189;135.112;-26.0281
-7.85962;28.9435;29.9916;135.275;-26.1956
-7.99013;28.7975;29.8854;135.431;-26.3416
-8.13343;28.6051;29.7389;135.609;-26.5339
-8.24496;28.4136;29.5857;135.756;-26.7254
-8.34532;28.2409;29.4481;135.889;-26.8981
-8.43692;28.0833;29.3233;136.01;-27.0557
-8.52916;27.9045;29.1789;136.136;-27.2346
-8.6203;27.727;29.0361;136.261;-27.412
-8.71537;27.5625;28.9076;136.387;-27.5766
-8.80551;27.3811;28.7621;136.512;-27.758
-8.90165;27.2012;28.6207;136.643;-27.9379
-8.9676;27.041;28.4891;136.74;-28.0981
-9.03115;26.866;28.3433;136.838;-28.273
-9.0897;26.6857;28.1913;136.933;-28.4533
-9.15689;26.4982;28.0357;137.038;-28.6409
-9.21869;26.3049;27.8735;137.139;-28.8341
-9.26567;26.1114;27.7066;137.226;-29.0276
-9.29736;25.9274;27.5439;137.296;-29.2117
-9.33151;25.7295;27.3694;137.371;-29.4096
-9.35496;25.5392;27.1986;137.435;-29.5999
-9.40309;25.345;27.0331;137.524;-29.794
-9.42457;25.1471;26.8551;137.588;-29.992
-9.47232;24.9471;26.6849;137.678;-30.192
-9.51822;24.7557;26.5225;137.765;-30.3833
-9.56964;24.5665;26.3646;137.857;-30.5725
-9.60116;24.3505;26.175;137.936;-30.7885
-9.63054;24.1511;26.0005;138.009;-30.9879
-9.65898;23.9522;25.8264;138.082;-31.1868
-9.66223;23.7377;25.6289;138.133;-31.4013
-9.65915;23.5185;25.4248;138.18;-31.6205
-9.65565;23.3227;25.2424;138.222;-31.8164
-9.64871;23.1319;25.0636;138.259;-32.0071
-9.63926;22.9424;24.8851;138.294;-32.1966
-9.62825;22.7272;24.6825;138.334;-32.4119
-9.61524;22.525;24.4914;138.368;-32.6141
-9.59546;22.3223;24.2973;138.397;-32.8167
-9.56969;22.1215;24.1027;138.42;-33.0175
-9.53998;21.9492;23.9328;138.432;-33.1899
-9.51358;21.7397;23.7302;138.457;-33.3993
-9.48868;21.5408;23.5381;138.481;-33.5983
-9.46211;21.3505;23.3532;138.501;-33.7886
-9.44561;21.1502;23.1636;138.534;-33.9888
-9.42932;20.9508;22.9749;138.568;-34.1882
-9.40793;20.7487;22.782;138.597;-34.3903
-9.39183;20.5635;22.6068;138.627;-34.5755
-9.39323;20.3689;22.4304;138.677;-34.7701
-9.39591;20.173;22.2539;138.729;-34.966
-9.41091;19.9928;22.097;138.789;-35.1462
-9.41819;19.7768;21.9049;138.851;-35.3622
-9.43107;19.5788;21.7318;138.914;-35.5603
-9.4384;19.3794;21.5556;138.973;-35.7597
-9.44087;19.1658;21.3649;139.03;-35.9732
-9.42306;18.9529;21.1661;139.068;-36.1862
-9.41224;18.7579;20.9869;139.108;-36.3811
-9.4005;18.5584;20.8035;139.149;-36.5806
-9.37645;18.3518;20.6084;139.181;-36.7872
-9.35297;18.1535;20.4213;139.211;-36.9855
-9.32521;17.9566;20.2336;139.236;-37.1824
-9.30268;17.7582;20.0473;139.268;-37.3809
-9.27452;17.5631;19.8615;139.293;-37.5759
-9.24846;17.3812;19.6886;139.317;-37.7578
-9.22126;17.1849;19.5026;139.344;-37.9541
-9.19321;16.9842;19.3126;139.372;-38.1548
-9.17622;16.778;19.1234;139.412;-38.361
-9.15914;16.5618;18.9257;139.456;-38.5773
-9.11324;16.3571;18.7244;139.468;-38.782
-9.06692;16.172;18.5403;139.475;-38.9671
-9.05454;15.9592;18.3489;139.523;-39.1798
-9.03684;15.7638;18.1704;139.561;-39.3752
-9.00892;15.572;17.9902;139.589;-39.567
-8.98513;15.3837;17.8154;139.619;-39.7554
-8.95168;15.1822;17.6248;139.645;-39.9568
-8.91617;14.998;17.4482;139.664;-40.141
-8.87696;14.799;17.2572;139.683;-40.3401
-8.8375;14.5981;17.0647;139.704;-40.5409
-8.80872;14.4015;16.8818;139.733;-40.7376
-8.76169;14.1708;16.6607;139.756;-40.9682
-8.69443;13.9769;16.4605;139.749;-41.1621
-8.63297;13.7804;16.2612;139.748;-41.3586
-8.57593;13.6038;16.0814;139.746;-41.5352
-8.51882;13.4136;15.8901;139.748;-41.7255
-8.4449;13.2241;15.6905;139.734;-41.915
-8.37426;13.0417;15.4988;139.722;-42.0974
-8.3094;12.8545;15.3064;139.716;-42.2845
-8.22915;12.6686;15.1067;139.696;-42.4704
-8.13487;12.4829;14.8996;139.663;-42.6561
-8.04898;12.3093;14.7073;139.634;-42.8297
-7.94514;12.1299;14.5003;139.591;-43.0091
-7.8448;11.9571;14.3008;139.549;-43.1819
-7.72458;11.8107;14.1125;139.48;-43.3283
-7.6106;11.6781;13.9391;139.413;-43.461
-7.4773;11.5215;13.7352;139.335;-43.6175
-7.35215;11.3744;13.5437;139.262;-43.7646
-7.22226;11.2227;13.3458;139.187;-43.9163
-7.09189;11.0707;13.1474;139.111;-44.0683
-6.94892;10.9116;12.9364;139.026;-44.2275
-6.82034;10.7466;12.7281;138.957;-44.3925
-6.69843;10.5937;12.5338;138.89;-44.5453
-6.57911;10.4495;12.3482;138.824;-44.6895
-6.46419;10.2899;12.1519;138.766;-44.8491
-6.35174;10.1107;11.9403;138.718;-45.0284
-6.24186;9.94348;11.7403;138.668;-45.1956
-6.14253;9.77514;11.5449;138.629;-45.3639
-6.04478;9.59707;11.3421;138.596;-45.542
-5.94629;9.42314;11.1424;138.56;-45.7159
-5.84399;9.25107;10.9423;138.52;-45.888
-5.74238;9.08084;10.7441;138.481;-46.0582
-5.64102;8.89005;10.5287;138.449;-46.249
-5.55008;8.71339;10.3309;138.422;-46.4256
-5.4678;8.53163;10.1334;138.406;-46.6074
-5.38807;8.35189;9.93908;138.391;-46.7871
-5.30819;8.16218;9.73643;138.381;-46.9769
-5.234;7.98973;9.55147;138.369;-47.1493
-5.13929;7.80285;9.34327;138.344;-47.3362
-5.07523;7.61041;9.14748;138.35;-47.5286
-5.00238;7.41018;8.94061;138.351;-47.7289
-4.9317;7.22187;8.74512;138.349;-47.9172
-4.8627;7.03626;8.55306;138.349;-48.1028
-4.79486;6.83346;8.34787;138.356;-48.3056
-4.7193;6.64488;8.15022;138.351;-48.4942
-4.65426;6.44476;7.94965;138.361;-48.6943
-4.60593;6.26123;7.77288;138.38;-48.8778
-4.55369;6.05918;7.57956;138.403;-49.0799
-4.50467;5.86574;7.39587;138.426;-49.2733
-4.41734;5.65837;7.17844;138.418;-49.4807
-4.34706;5.49929;7.00993;138.409;-49.6397
-4.27712;5.31703;6.82382;138.41;-49.822
-4.19745;5.12757;6.62651;138.404;-50.0115
-4.12263;4.95617;6.44668;138.396;-50.1829
-4.04493;4.77258;6.25612;138.39;-50.3664
-3.9725;4.58453;6.06619;138.391;-50.5545
-3.90677;4.38834;5.8754;138.402;-50.7507
-3.84456;4.19891;5.69311;138.414;-50.9401
-3.79566;4.02217;5.53036;138.433;-51.1169
-3.74275;3.82535;5.35178;138.457;-51.3137
-3.69226;3.61282;5.16578;138.489;-51.5262
-3.64968;3.41739;4.99987;138.522;-51.7216
-3.61104;3.21847;4.83717;138.561;-51.9206
-3.57865;3.02229;4.68412;138.605;-52.1167
-3.55493;2.81946;4.53727;138.659;-52.3196
-3.51495;2.61563;4.38137;138.699;-52.5234
-3.46307;2.44778;4.24081;138.715;-52.6913
-3.4039;2.25611;4.08369;138.733;-52.8829
-3.33335;2.06554;3.92143;138.741;-53.0735
-3.23441;1.87795;3.74006;138.721;-53.2611
-3.15335;1.70205;3.58338;138.714;-53.437
-3.07401;1.54049;3.4384;138.703;-53.5985
-2.97496;1.38306;3.28074;138.673;-53.756
-2.85723;1.23006;3.11076;138.624;-53.909
-2.73247;1.07605;2.93671;138.569;-54.063
-2.60927;0.913612;2.76459;138.519;-54.2254
-2.50591;0.749052;2.61547;138.488;-54.39
-2.42618;0.5771;2.49387;138.482;-54.5619
-2.34152;0.395397;2.37467;138.476;-54.7436
-2.23206;0.198132;2.24083;138.454;-54.9409
-2.13213;0.0245749;2.13228;138.431;-55.1145
-2.04434;-0.128344;2.04836;138.412;-55.2674
-1.96691;-0.293299;1.98866;138.407;-55.4323
-1.88095;-0.482045;1.94173;138.404;-55.6211
-1.7855;-0.643215;1.89783;138.381;-55.7822
-1.67913;-0.80551;1.86234;138.349;-55.9445
-1.57626;-0.980917;1.85655;138.326;-56.12
-1.47928;-1.15675;1.87786;138.309;-56.2958
-1.38381;-1.33374;1.92192;138.294;-56.4728
-1.29041;-1.50844;1.98509;138.281;-56.6475
-1.20977;-1.70118;2.08748;138.286;-56.8402
-1.13273;-1.88749;2.20129;138.293;-57.0265
-1.04304;-2.07364;2.32119;138.288;-57.2127
-0.955072;-2.25143;2.44563;138.281;-57.3905
-0.881959;-2.41676;2.57266;138.284;-57.5558
-0.800093;-2.59839;2.71878;138.285;-57.7374
-0.717765;-2.7822;2.8733;138.287;-57.9212
-0.63533;-2.96206;3.02943;138.288;-58.1011
-0.544904;-3.16024;3.20687;138.289;-58.2993
-0.476609;-3.305;3.33919;138.288;-58.444
-0.392196;-3.50377;3.52565;138.296;-58.6428
-0.31359;-3.68822;3.70153;138.303;-58.8273
-0.231512;-3.87458;3.88149;138.308;-59.0136
-0.157021;-4.06608;4.06911;138.323;-59.2051
-0.0834546;-4.25325;4.25407;138.336;-59.3923
-0.0140586;-4.45118;4.4512;138.359;-59.5902
0.0327754;-4.62858;4.6287;138.393;-59.7676
0.0776209;-4.799;4.79963;138.426;-59.938
0.136808;-4.98466;4.98654;138.454;-60.1237
0.192856;-5.17204;5.17563;138.485;-60.3111
0.249474;-5.36334;5.36914;138.517;-60.5024
0.299979;-5.54543;5.55354;138.551;-60.6845
0.352778;-5.72806;5.73891;138.584;-60.8671
0.432476;-5.92148;5.93725;138.597;-61.0605
0.523904;-6.10625;6.12869;138.597;-61.2453
0.624764;-6.27466;6.30568;138.581;-61.4137
0.722062;-6.44073;6.48108;138.568;-61.5798
0.822849;-6.61575;6.66673;138.555;-61.7548
0.922122;-6.78854;6.85089;138.543;-61.9276
1.00157;-6.97651;7.04804;138.557;-62.1155
1.07729;-7.15752;7.23814;138.57;-62.2966
1.15912;-7.34428;7.43519;138.581;-62.4833
1.24509;-7.52645;7.62874;138.587;-62.6655
1.32199;-7.7035;7.81611;138.598;-62.8425
1.39111;-7.86189;7.98401;138.609;-63.0009
1.45072;-8.05502;8.18462;138.643;-63.1941
1.53552;-8.24813;8.38984;138.656;-63.3872
1.62424;-8.43871;8.5936;138.665;-63.5777
1.71558;-8.62107;8.79011;138.667;-63.7601
1.80532;-8.80977;8.99284;138.674;-63.9488
1.88838;-8.97309;9.16964;138.676;-64.1121
1.97494;-9.15596;9.36654;138.684;-64.295
2.09429;-9.33576;9.56778;138.662;-64.4748
2.17715;-9.50551;9.75165;138.667;-64.6445
2.27722;-9.64665;9.91179;138.645;-64.7857
2.39625;-9.81591;10.1042;138.619;-64.9549
2.5023;-9.96906;10.2783;138.597;-65.1081
2.60925;-10.1313;10.4619;138.579;-65.2703
2.71863;-10.2979;10.6507;138.561;-65.4369
2.827;-10.4668;10.8418;138.546;-65.6058
2.9449;-10.6312;11.0315;138.52;-65.7702
3.06119;-10.7934;11.2191;138.494;-65.9324
3.18057;-10.9684;11.4202;138.473;-66.1074
3.28559;-11.1438;11.6181;138.465;-66.2829
3.38841;-11.3156;11.8121;138.457;-66.4547
3.49428;-11.4914;12.011;138.448;-66.6305
3.59829;-11.6529;12.1958;138.435;-66.792
3.70891;-11.8306;12.3983;138.424;-66.9696
3.84651;-12.0183;12.6189;138.395;-67.1573
3.95584;-12.1798;12.8061;138.378;-67.3189
4.06795;-12.3455;12.9984;138.36;-67.4845
4.18558;-12.5237;13.2046;138.345;-67.6627
4.30215;-12.6666;13.3772;138.313;-67.8056
4.41926;-12.8195;13.5598;138.286;-67.9585
4.53537;-12.9632;13.7337;138.256;-68.1022
4.64337;-13.1086;13.9067;138.233;-68.2476
4.76098;-13.2713;14.0994;138.212;-68.4103
4.87771;-13.4268;14.2853;138.187;-68.5658
4.99538;-13.5734;14.4635;138.158;-68.7125
5.11993;-13.7301;14.6536;138.128;-68.8691
5.24508;-13.8855;14.8431;138.097;-69.0246
5.37046;-14.0413;15.0333;138.067;-69.1803
5.50265;-14.2006;15.2295;138.032;-69.3397
5.62956;-14.354;15.4185;138;-69.4931
5.75674;-14.5081;15.6085;137.967;-69.6472
5.88697;-14.6644;15.802;137.934;-69.8035
6.01938;-14.8234;15.9989;137.9;-69.9624
6.15343;-14.9797;16.1944;137.864;-70.1188
6.27306;-15.1271;16.3762;137.837;-70.2661
6.37858;-15.2898;16.567;137.829;-70.4289
6.48676;-15.4492;16.7557;137.817;-70.5882
6.58455;-15.6029;16.9354;137.812;-70.7419
6.68333;-15.7916;17.1476;137.825;-70.9306
6.77426;-15.9684;17.3459;137.838;-71.1074
6.86569;-16.1452;17.5444;137.851;-71.2842
6.95999;-16.3281;17.7496;137.865;-71.4671
7.05207;-16.5186;17.9609;137.885;-71.6576
7.14309;-16.6861;18.1508;137.894;-71.8252
7.23273;-16.8504;18.3371;137.904;-71.9894
7.33325;-17.0192;18.5318;137.906;-72.1582
7.44083;-17.1895;18.7308;137.904;-72.3285
7.53469;-17.3359;18.9025;137.901;-72.4749
7.64715;-17.5086;19.1057;137.896;-72.6476
7.74963;-17.662;19.2874;137.89;-72.8011
7.85384;-17.8245;19.478;137.887;-72.9635
7.95895;-17.9973;19.6786;137.889;-73.1363
8.06526;-18.1669;19.8768;137.889;-73.306
8.16668;-18.3453;20.0809;137.899;-73.4843
8.26642;-18.5125;20.2742;137.903;-73.6515
8.37355;-18.6815;20.4723;137.903;-73.8206
8.47956;-18.8492;20.6687;137.904;-73.9882
8.60508;-19.0264;20.8818;137.893;-74.1654
8.72759;-19.223;21.1115;137.896;-74.362
8.83454;-19.3928;21.3104;137.897;-74.5319
8.93789;-19.5605;21.5058;137.901;-74.6995
9.05804;-19.7203;21.7011;137.887;-74.8593
9.21917;-19.8856;21.9187;137.841;-75.0246
9.36681;-20.0354;22.1169;137.799;-75.1745
9.51138;-20.1929;22.3208;137.764;-75.3319
9.64682;-20.3399;22.5116;137.731;-75.479
9.78342;-20.4845;22.7009;137.696;-75.6235
9.91728;-20.6385;22.8976;137.669;-75.7776
10.0367;-20.7834;23.08;137.649;-75.9224
10.1635;-20.9391;23.2754;137.63;-76.0781
10.2891;-21.097;23.4723;137.612;-76.236
10.4134;-21.2397;23.6551;137.588;-76.3788
10.5526;-21.3913;23.8526;137.557;-76.5304
10.6698;-21.5449;24.0422;137.545;-76.6839
10.7819;-21.7051;24.2355;137.541;-76.8441
10.9005;-21.8705;24.4365;137.535;-77.0096
11.0247;-22.0383;24.6421;137.527;-77.1774
11.1575;-22.1929;24.8398;137.504;-77.332
11.2929;-22.342;25.0339;137.476;-77.4811
11.4231;-22.4819;25.2175;137.447;-77.6209
11.5573;-22.6239;25.4049;137.417;-77.7629
11.6831;-22.768;25.5905;137.395;-77.907
11.8139;-22.9229;25.7882;137.375;-78.062
11.9212;-23.0624;25.9613;137.366;-78.2014
12.0566;-23.2031;26.1486;137.335;-78.3422
12.1965;-23.348;26.3417;137.303;-78.4871
12.3307;-23.4952;26.5344;137.277;-78.6343
12.4631;-23.6374;26.7218;137.25;-78.7764
12.6006;-23.7866;26.9179;137.223;-78.9256
12.7376;-23.9349;27.1132;137.197;-79.074
12.8752;-24.0756;27.3021;137.165;-79.2146
13.0322;-24.2158;27.4999;137.118;-79.3549
13.1704;-24.3527;27.686;137.085;-79.4917
13.3126;-24.491;27.8753;137.049;-79.63
13.4566;-24.629;28.0654;137.013;-79.768
13.6144;-24.791;28.2833;136.979;-79.9301
13.7522;-24.9521;28.4909;136.961;-80.0911
13.872;-25.1086;28.6858;136.956;-80.2477
13.9896;-25.2685;28.8826;136.954;-80.4075
14.1118;-25.4306;29.0836;136.951;-80.5696
14.2157;-25.5966;29.2792;136.964;-80.7356
14.3322;-25.7628;29.4811;136.968;-80.9019
14.4389;-25.9361;29.6844;136.985;-81.0751
14.5628;-26.1127;29.899;136.989;-81.2517
14.6816;-26.2685;30.0929;136.986;-81.4075
14.7942;-26.4116;30.2728;136.981;-81.5507
14.9153;-26.57;30.4701;136.978;-81.709
15.0367;-26.7289;30.6681;136.976;-81.8679
15.1565;-26.8783;30.8571;136.969;-82.0173
15.2826;-27.0361;31.0565;136.963;-82.1751
15.4141;-27.1908;31.2559;136.95;-82.3298
15.5434;-27.3447;31.4536;136.94;-82.4837
15.6755;-27.4971;31.6514;136.926;-82.6361
15.7907;-27.6521;31.8431;136.928;-82.7912
15.8965;-27.8057;32.029;136.937;-82.9447
16.008;-27.9769;32.233;136.952;-83.116
16.0948;-28.137;32.4151;136.98;-83.2761
16.186;-28.3169;32.6165;137.017;-83.456
16.3002;-28.5032;32.8348;137.04;-83.6422
16.4036;-28.6839;33.0431;137.069;-83.823
16.5004;-28.856;33.2405;137.098;-83.995
16.5963;-29.0268;33.4363;137.127;-84.1658
16.7064;-29.1872;33.6303;137.138;-84.3263
16.8144;-29.3437;33.8198;137.15;-84.4827
16.9225;-29.5099;34.0177;137.167;-84.6489
17.0202;-29.6781;34.2122;137.194;-84.8171
17.1532;-29.8576;34.4341;137.201;-84.9966

17.2636;29.9778;34.5934;137.216;-85.1612
17.3845;29.82;34.5174;137.219;-85.319
17.5215;29.6533;34.443;137.216;-85.4858
17.6309;29.5;34.3671;137.226;-85.639
17.7472;29.338;34.2882;137.236;-85.801
17.8585;29.1841;34.2146;137.246;-85.9549
17.987;29.0181;34.1406;137.25;-86.1209
18.1115;28.8577;34.0704;137.254;-86.2813
18.2252;28.6883;33.9879;137.272;-86.4507
18.3593;28.5121;33.9117;137.279;-86.6269
18.4849;28.3395;33.8352;137.29;-86.7995
18.6175;28.1906;33.7834;137.282;-86.9484
18.763;28.0308;33.7309;137.271;-87.1083
18.8971;27.8819;33.6823;137.262;-87.2572
19.0123;27.7274;33.6196;137.271;-87.4117
19.1264;27.564;33.5499;137.287;-87.575
19.2453;27.3942;33.4787;137.304;-87.7448
19.3661;27.2247;33.41;137.32;-87.9144
19.4802;27.0602;33.3426;137.338;-88.0788
19.5906;26.8761;33.2583;137.371;-88.263
19.7064;26.6867;33.1741;137.404;-88.4523
19.8014;26.522;33.0985;137.438;-88.617
19.9015;26.3481;33.0196;137.474;-88.7909
20.0192;26.1496;32.9328;137.512;-88.9894
20.1169;25.9745;32.8537;137.551;-89.1645
20.1973;25.7999;32.7653;137.603;-89.3391
20.28;25.6178;32.6734;137.659;-89.5213
20.3669;25.4346;32.5842;137.712;-89.7044
20.4596;25.2579;32.5047;137.757;-89.8811
20.5504;25.0816;32.4254;137.803;-90.0574
20.6471;24.9026;32.3487;137.847;-90.2365
20.7291;24.7092;32.2528;137.912;-90.4298
20.8072;24.525;32.1623;137.974;-90.614
20.87;24.3354;32.0588;138.051;-90.8036
20.9343;24.148;31.9589;138.126;-90.991
20.9836;23.9643;31.8528;138.21;-91.1748
21.0506;23.7651;31.7476;138.291;-91.3739
21.1318;23.589;31.6701;138.347;-91.5501
21.2209;23.3819;31.5759;138.417;-91.7571
21.301;23.1971;31.4935;138.48;-91.9419
21.3819;23.0233;31.4207;138.535;-92.1157
21.4633;22.8316;31.3362;138.602;-92.3075
21.5648;22.6544;31.2772;138.644;-92.4846
21.6714;22.4522;31.205;138.7;-92.6868
21.7826;22.2683;31.1506;138.74;-92.8707
21.8829;22.1187;31.1143;138.766;-93.0203
22.0129;21.9432;31.0817;138.787;-93.1958
22.1237;21.7984;31.0585;138.802;-93.3407
22.2354;21.6593;31.0409;138.813;-93.4798
22.3712;21.5383;31.0543;138.795;-93.6007
22.5214;21.4059;31.0713;138.773;-93.7332
22.658;21.2687;31.0763;138.765;-93.8704
22.8146;21.1379;31.1017;138.738;-94.0011
22.9629;21.0251;31.1343;138.706;-94.114
23.1139;20.8828;31.1504;138.692;-94.2562
23.2569;20.7773;31.1862;138.659;-94.3617
23.4215;20.6282;31.2104;138.64;-94.5109
23.569;20.4944;31.2333;138.623;-94.6446
23.7093;20.366;31.2554;138.608;-94.7731
23.8286;20.2169;31.2494;138.623;-94.9222
23.9491;20.0566;31.2382;138.646;-95.0824
24.0562;19.8891;31.2134;138.683;-95.2499
24.1686;19.718;31.1917;138.719;-95.421
24.2818;19.5549;31.1769;138.749;-95.5841
24.3956;19.3909;31.1633;138.779;-95.7482
24.5136;19.2349;31.1592;138.802;-95.9042
24.656;19.0679;31.169;138.814;-96.0711
24.7818;18.9259;31.1822;138.822;-96.2131
24.9338;18.7649;31.2061;138.824;-96.3741
25.083;18.6073;31.2312;138.826;-96.5317
25.2218;18.4594;31.2552;138.83;-96.6796
25.3469;18.3261;31.278;138.833;-96.813
25.4782;18.1867;31.3033;138.836;-96.9523
25.6166;18.0393;31.3309;138.84;-97.0997
25.7608;17.9009;31.3698;138.834;-97.2381
25.9099;17.7382;31.4002;138.841;-97.4008
26.0355;17.588;31.4195;138.858;-97.551
26.1601;17.4139;31.4261;138.891;-97.7251
26.2965;17.2243;31.4353;138.928;-97.9148
26.4053;17.0741;31.4447;138.957;-98.0649
26.5271;16.9104;31.4587;138.986;-98.2286
26.6779;16.7377;31.4938;139.002;-98.4013
26.7811;16.5688;31.4921;139.049;-98.5702
26.8832;16.3983;31.4899;139.098;-98.7407
27.0076;16.2313;31.5098;139.129;-98.9077
27.1267;16.0712;31.53;139.159;-99.0678
27.2616;15.913;31.5661;139.177;-99.2261
27.3723;15.7663;31.5882;139.204;-99.3728
27.5006;15.6024;31.6183;139.231;-99.5366
27.6413;15.4531;31.6676;139.24;-99.6859
27.7926;15.3175;31.7342;139.231;-99.8215
27.9432;15.1786;31.7996;139.226;-99.9604
28.0875;15.0291;31.8557;139.233;-100.11
28.2195;14.8846;31.9044;139.245;-100.254
28.3562;14.7404;31.9586;139.255;-100.399
28.4913;14.5983;32.0135;139.263;-100.541
28.6271;14.4335;32.0599;139.289;-100.706
28.7544;14.2794;32.1047;139.312;-100.86
28.8812;14.124;32.1499;139.337;-101.015
29.0279;13.9695;32.2144;139.349;-101.17
29.168;13.8248;32.2785;139.357;-101.314
29.2972;13.689;32.3375;139.368;-101.45
29.4401;13.5388;32.404;139.379;-101.6
29.5762;13.3896;32.4659;139.395;-101.749
29.7073;13.2418;32.5249;139.413;-101.897
29.881;13.1013;32.627;139.398;-102.038

-29.9552;12.9749;32.6444;139.379;-102.164
-29.791;12.8426;32.4412;139.364;-102.296
-29.6391;12.7211;32.2537;139.35;-102.418
-29.4988;12.5951;32.0751;139.348;-102.544
-29.3494;12.4605;31.885;139.346;-102.679
-29.2156;12.32;31.707;139.359;-102.819
-29.0795;12.1865;31.5298;139.366;-102.953
-28.9316;12.0357;31.3352;139.378;-103.103
-28.7946;11.8916;31.1535;139.392;-103.247
-28.6387;11.7468;30.9542;139.395;-103.392
-28.4851;11.6208;30.7643;139.386;-103.518
-28.3246;11.4988;30.5697;139.369;-103.64
-28.153;11.3849;30.3678;139.339;-103.754
-27.9909;11.288;30.1813;139.303;-103.851
-27.8117;11.1766;29.9734;139.267;-103.962
-27.6432;11.0949;29.7866;139.216;-104.044
-27.4624;11.0017;29.5841;139.165;-104.137
-27.2663;10.9234;29.373;139.094;-104.216
-27.1025;10.8699;29.201;139.026;-104.269
-26.9056;10.7921;28.9893;138.954;-104.347
-26.7213;10.727;28.7941;138.881;-104.412
-26.5262;10.6637;28.5894;138.8;-104.475
-26.328;10.6115;28.386;138.709;-104.528
-26.1338;10.5608;28.187;138.62;-104.578
-25.9087;10.4865;27.9505;138.528;-104.652
-25.714;10.4267;27.7476;138.446;-104.712
-25.5244;10.3694;27.5503;138.366;-104.77
-25.3083;10.3237;27.3329;138.259;-104.815
-25.1049;10.2915;27.1325;138.151;-104.848
-24.9087;10.2602;26.9391;138.047;-104.879
-24.7167;10.256;26.76;137.926;-104.883
-24.5241;10.2433;26.5774;137.81;-104.896
-24.3267;10.2517;26.3986;137.676;-104.887
-24.1285;10.2606;26.2195;137.541;-104.878
-23.9471;10.2471;26.0474;137.434;-104.892
-23.7367;10.2225;25.8443;137.317;-104.917
-23.5241;10.212;25.645;137.188;-104.927
-23.335;10.2074;25.4698;137.07;-104.932
-23.1213;10.2058;25.2736;136.933;-104.933
-22.9223;10.2036;25.0908;136.807;-104.935
-22.7418;10.1957;24.9227;136.698;-104.943
-22.5405;10.1913;24.7373;136.572;-104.948
-22.3259;10.1634;24.5304;136.456;-104.976
-22.1273;10.1353;24.3381;136.351;-105.004
-21.9281;10.0892;24.1378;136.26;-105.05
-21.7384;10.0641;23.955;136.158;-105.075
-21.5396;10.0349;23.7624;136.055;-105.104
-21.3551;10.0101;23.5847;135.957;-105.129
-21.1804;9.99811;23.4216;135.855;-105.141
-20.9937;10.0056;23.2561;135.731;-105.133
-20.7939;10.0135;23.0794;135.599;-105.125
-20.5973;10.0193;22.9049;135.47;-105.12
-20.4023;10.035;22.7366;135.335;-105.104
-20.2023;10.0497;22.5639;135.198;-105.089
-20.0179;10.0699;22.4081;135.066;-105.069
-19.8236;10.0853;22.2416;134.932;-105.054
-19.6218;10.0896;22.0639;134.802;-105.049
-19.4217;10.092;21.8872;134.675;-105.047
-19.2307;10.0923;21.7181;134.555;-105.047
-19.0209;10.0892;21.531;134.427;-105.05
-18.821;10.0858;21.3531;134.305;-105.053
-18.617;10.0944;21.1775;134.171;-105.045
-18.429;10.0907;21.0107;134.057;-105.048
-18.2119;10.0823;20.8165;133.929;-105.057
-18.0028;10.0714;20.6285;133.808;-105.068
-17.809;10.0667;20.4572;133.692;-105.072
-17.6134;10.0697;20.2887;133.568;-105.069
-17.4207;10.0606;20.117;133.457;-105.078
-17.2198;10.0514;19.9387;133.34;-105.088
-17.0052;10.0503;19.7532;133.209;-105.089
-16.7813;10.0509;19.561;133.071;-105.088
-16.5875;10.0449;19.3918;132.957;-105.094
-16.3878;10.034;19.2157;132.843;-105.105
-16.1626;10.0242;19.0187;132.714;-105.115
-15.9614;10.0151;18.8432;132.598;-105.124
-15.7612;10.0047;18.6684;132.484;-105.134
-15.5561;9.99651;18.4912;132.366;-105.143
-15.3301;9.99812;18.3023;132.228;-105.141
-15.1245;9.98501;18.1232;132.114;-105.154
-14.9245;9.97775;17.9526;131.998;-105.161
-14.7223;9.97477;17.7832;131.879;-105.164
-14.5186;9.97488;17.615;131.756;-105.164
-14.3266;9.9704;17.4545;131.644;-105.169
-14.1185;9.96697;17.2822;131.522;-105.172
-13.9232;9.97401;17.127;131.399;-105.165
-13.7234;9.97942;16.9683;131.275;-105.16
-13.5258;9.9879;16.8138;131.15;-105.151
-13.3481;9.97858;16.6657;131.051;-105.16
-13.1333;9.97287;16.4906;130.928;-105.166
-12.9291;9.96587;16.3242;130.812;-105.173
-12.735;9.96193;16.1685;130.7;-105.177
-12.5465;9.96848;16.0245;130.582;-105.171
-12.3453;9.98187;15.8759;130.452;-105.157
-12.1539;9.9956;15.7363;130.328;-105.143
-11.9557;10.0108;15.5934;130.199;-105.128
-11.7513;10.0303;15.4499;130.063;-105.109
-11.55;10.046;15.3076;129.932;-105.093
-11.3462;10.0641;15.1665;129.797;-105.075
-11.1643;10.0865;15.0459;129.672;-105.053
-10.9627;10.1155;14.9166;129.531;-105.024
-10.7644;10.1448;14.7915;129.391;-104.994
-10.5646;10.1654;14.6611;129.258;-104.974
-10.3495;10.1993;14.5306;129.105;-104.94
-10.143;10.2261;14.4033;128.963;-104.913
-9.9433;10.2502;14.2806;128.827;-104.889
-9.748;10.2856;14.171;128.685;-104.853
-9.5347;10.3251;14.0541;128.529;-104.814
-9.33619;10.3588;13.9452;128.387;-104.78
-9.16085;10.4082;13.8655;128.245;-104.731
-8.97271;10.461;13.782;128.094;-104.678
-8.77912;10.5148;13.698;127.938;-104.624
-8.57842;10.5573;13.6032;127.788;-104.582
-8.37158;10.6146;13.5186;127.622;-104.524
-8.18026;10.6571;13.4347;127.478;-104.482
-7.98151;10.7417;13.3824;127.295;-104.397
-7.80144;10.8222;13.341;127.126;-104.317
-7.63052;10.9063;13.3106;126.959;-104.233
-7.45522;10.9983;13.2869;126.783;-104.141
-7.28141;11.0933;13.2695;126.606;-104.046
-7.10912;11.1873;13.255;126.431;-103.952
-6.92616;11.2717;13.2296;126.257;-103.867
-6.75094;11.3671;13.2207;126.079;-103.772
-6.57556;11.451;13.2047;125.911;-103.688
-6.39056;11.5353;13.1872;125.736;-103.604
-6.19876;11.633;13.1815;125.547;-103.506
-6.02084;11.7222;13.178;125.373;-103.417
-5.83515;11.8022;13.1659;125.202;-103.337
-5.65883;11.8881;13.1662;125.032;-103.251
-5.51319;11.9723;13.1807;124.88;-103.167
-5.33058;12.0541;13.1801;124.71;-103.085
-5.15592;12.1266;13.1772;124.551;-103.012
-4.95677;12.2171;13.1843;124.365;-102.922
-4.77998;12.2918;13.1885;124.204;-102.847
-4.62402;12.3719;13.2078;124.05;-102.767
-4.45279;12.4732;13.2442;123.87;-102.666
-4.29548;12.5765;13.2898;123.696;-102.563
-4.10797;12.6644;13.3139;123.519;-102.475
-3.92306;12.7599;13.3493;123.336;-102.379
-3.75095;12.8441;13.3806;123.17;-102.295
-3.54934;12.9334;13.4116;122.984;-102.206
-3.36869;13.0136;13.4425;122.817;-102.125
-3.16378;13.0991;13.4758;122.632;-102.04
-2.99447;13.1734;13.5095;122.476;-101.966
-2.81117;13.2534;13.5483;122.308;-101.886
-2.61336;13.3193;13.5733;122.144;-101.82
-2.42298;13.4035;13.6208;121.969;-101.735
-2.24113;13.4828;13.6678;121.802;-101.656
-2.07202;13.5629;13.7203;121.642;-101.576
-1.89121;13.6459;13.7763;121.474;-101.493
-1.6939;13.6945;13.7989;121.325;-101.445
-1.50135;13.7441;13.8259;121.178;-101.395
-1.28222;13.7801;13.8396;121.028;-101.359
-1.08614;13.8049;13.8475;120.9;-101.334
-0.894594;13.8266;13.8555;120.777;-101.312
-0.711398;13.8338;13.8521;120.672;-101.305
-0.517656;13.837;13.8467;120.564;-101.302
-0.332836;13.8542;13.8582;120.449;-101.285
-0.127043;13.874;13.8746;120.321;-101.265
0.0632555;13.8774;13.8775;120.216;-101.262
0.273572;13.8793;13.882;120.101;-101.26
0.480656;13.8826;13.8909;119.987;-101.256
0.679293;13.8828;13.8994;119.88;-101.256
0.875146;13.8854;13.9129;119.773;-101.254
1.07113;13.8846;13.9258;119.67;-101.254
1.2749;13.8701;13.9286;119.573;-101.269
1.47108;13.852;13.9299;119.484;-101.287
1.67026;13.8334;13.9339;119.395;-101.306
1.87084;13.8132;13.9393;119.306;-101.326
2.07813;13.7965;13.9521;119.211;-101.343
2.29485;13.7811;13.9708;119.11;-101.358
2.49453;13.7676;13.9918;119.017;-101.371
2.69395;13.7532;14.0146;118.924;-101.386
2.88225;13.7414;14.0404;118.836;-101.398
3.08128;13.7304;14.0719;118.742;-101.409
3.27734;13.7127;14.0989;118.655;-101.426
3.48823;13.6893;14.1267;118.566;-101.45
3.66222;13.7114;14.1921;118.457;-101.428
3.8556;13.7373;14.2682;118.335;-101.402
4.05372;13.764;14.3485;118.21;-101.375
4.25439;13.7747;14.4167;118.098;-101.364
4.46444;13.7701;14.4757;117.994;-101.369
4.681;13.791;14.5638;117.866;-101.348
4.86519;13.8089;14.6409;117.756;-101.33
5.10501;13.836;14.7477;117.611;-101.303
5.29322;13.8571;14.8337;117.497;-101.282
5.49777;13.8526;14.9037;117.397;-101.286
5.69529;13.8487;14.9741;117.301;-101.29
5.88779;13.8383;15.0388;117.213;-101.301
6.0762;13.8211;15.0977;117.133;-101.318
6.2839;13.7912;15.1553;117.055;-101.348
6.48171;13.7612;15.2113;116.982;-101.378
6.65823;13.715;15.2457;116.934;-101.424
6.86016;13.6664;15.2915;116.876;-101.473
7.06457;13.6263;15.3487;116.81;-101.513
7.24723;13.5751;15.3885;116.764;-101.564
7.41879;13.5101;15.413;116.736;-101.629
7.58339;13.449;15.4397;116.708;-101.69
7.77018;13.3915;15.4825;116.667;-101.748
7.94841;13.3332;15.5226;116.631;-101.806
8.13407;13.2803;15.5733;116.587;-101.859
8.34599;13.2265;15.6396;116.531;-101.912
8.52219;13.1743;15.6905;116.491;-101.965
8.71274;13.1172;15.7471;116.449;-102.022
8.90637;13.059;15.807;116.407;-102.08
9.10004;12.9991;15.8678;116.366;-102.14
9.28313;12.938;15.9238;116.332;-102.201
9.46969;12.8303;15.9465;116.338;-102.309
9.63887;12.7301;15.9675;116.346;-102.409
9.81499;12.6341;15.9986;116.347;-102.505
9.99496;12.545;16.0399;116.34;-102.594
10.1593;12.4376;16.0595;116.358;-102.701
10.3234;12.3269;16.0787;116.379;-102.812
10.4891;12.2151;16.1007;116.4;-102.924
10.6556;12.1053;16.127;116.419;-103.034
10.8252;11.9842;16.1495;116.448;-103.155
10.9898;11.8534;16.1641;116.488;-103.286
11.1641;11.7149;16.1826;116.53;-103.424
11.3299;11.5984;16.2139;116.557;-103.541
11.4955;11.4891;16.2526;116.578;-103.65
11.6627;11.3731;16.29;116.605;-103.766
11.8254;11.2589;16.328;116.633;-103.88
11.9865;11.1431;16.366;116.663;-103.996
12.1775;11.0432;16.4391;116.665;-104.096
12.3544;10.95;16.5086;116.669;-104.189
12.5755;10.8825;16.6304;116.63;-104.257
12.7799;10.8114;16.7396;116.602;-104.328
12.9687;10.7467;16.8428;116.576;-104.392
13.1527;10.6767;16.9406;116.557;-104.462
13.348;10.6148;17.0541;116.526;-104.524
13.535;10.5554;17.1643;116.496;-104.584
13.718;10.5032;17.2772;116.463;-104.636
13.9211;10.4467;17.4048;116.425;-104.692
14.1377;10.4058;17.5543;116.367;-104.733
14.3586;10.3554;17.7032;116.316;-104.784
14.5784;10.3248;17.8642;116.249;-104.814
14.7946;10.286;18.019;116.19;-104.853
14.9919;10.2502;18.1611;116.138;-104.889
15.1867;10.2135;18.3017;116.087;-104.926
15.3621;10.1636;18.4199;116.058;-104.975
15.5569;10.1056;18.551;116.027;-105.033
15.7371;10.0626;18.6792;115.99;-105.076
15.9225;10.017;18.8113;115.953;-105.122
16.1118;9.97952;18.9521;115.907;-105.16
16.3071;9.9405;19.098;115.86;-105.199
16.494;9.92451;19.2496;115.797;-105.215
16.6965;9.90844;19.4152;115.727;-105.231
16.9023;9.88729;19.5818;115.66;-105.252
17.1123;9.85717;19.7483;115.601;-105.282
17.3103;9.82859;19.906;115.545;-105.31
17.5069;9.80242;20.0644;115.489;-105.337
17.7098;9.79054;20.2359;115.416;-105.348
17.9139;9.78356;20.4114;115.34;-105.355
18.1238;9.783;20.5956;115.255;-105.356
18.3257;9.76574;20.7654;115.189;-105.373
18.5252;9.74799;20.9334;115.125;-105.391
18.7203;9.71001;21.0887;115.081;-105.429
18.9164;9.67173;21.2455;115.038;-105.467
19.0965;9.6501;21.3963;114.986;-105.489
19.2859;9.6147;21.5497;114.943;-105.524
19.4845;9.57674;21.7108;114.899;-105.562
19.6867;9.52759;21.871;114.865;-105.611
19.8793;9.47763;22.023;114.835;-105.661
20.0733;9.42785;22.1771;114.805;-105.711
20.2761;9.36543;22.3345;114.784;-105.774
20.4573;9.30965;22.476;114.765;-105.829
20.6619;9.24519;22.636;114.745;-105.894
20.8728;9.19382;22.8079;114.712;-105.945
21.0861;9.15914;22.9894;114.662;-105.98
21.2659;9.11018;23.1352;114.639;-106.029
21.4608;9.05739;23.2938;114.614;-106.082
21.6586;9.00565;23.4562;114.587;-106.133
21.8744;8.95304;23.6357;114.555;-106.186
22.0666;8.90815;23.7968;114.524;-106.231
22.2642;8.86959;23.9659;114.486;-106.269
22.4516;8.83287;24.1266;114.451;-106.306
22.6545;8.79209;24.3007;114.414;-106.347
22.8534;8.74514;24.4695;114.384;-106.394
23.0503;8.69459;24.6356;114.359;-106.444
23.2403;8.63527;24.7927;114.345;-106.504
23.4413;8.57249;24.9596;114.331;-106.567
23.6294;8.51363;25.1163;114.318;-106.625
23.8217;8.45788;25.2786;114.3;-106.681
24.0165;8.40423;25.4445;114.281;-106.735
24.1975;8.35364;25.5989;114.263;-106.785
24.3934;8.30979;25.77;114.235;-106.829
24.5853;8.26235;25.9365;114.211;-106.877
24.7822;8.21144;26.1072;114.19;-106.928
24.9737;8.16323;26.274;114.168;-106.976
25.1638;8.1309;26.4448;114.132;-107.008
25.3646;8.0898;26.6235;114.101;-107.049
25.5591;8.04857;26.7964;114.072;-107.09
25.7628;8.00559;26.978;114.043;-107.133
25.9723;7.95676;27.1638;114.017;-107.182
26.1824;7.91245;27.3519;113.987;-107.227
26.3792;7.8773;27.5302;113.954;-107.262
26.5728;7.85882;27.7105;113.906;-107.28
26.778;7.84256;27.9028;113.852;-107.296
27.0071;7.83306;28.1201;113.785;-107.306
27.2119;7.83188;28.3166;113.718;-107.307
27.412;7.831;28.5087;113.653;-107.308
27.611;7.832;28.7003;113.586;-107.307
27.8252;7.84546;28.9101;113.504;-107.294
28.0282;7.87354;29.1131;113.411;-107.265
28.2359;7.87876;29.3145;113.339;-107.26
28.4412;7.90154;29.5184;113.251;-107.237
28.6404;7.92206;29.7159;113.168;-107.217
28.8499;7.94825;29.9248;113.076;-107.191
29.0479;7.97257;30.1221;112.99;-107.166
29.2294;7.97933;30.299;112.926;-107.16
29.4317;8.00366;30.5006;112.84;-107.135
29.5958;8.01355;30.6615;112.779;-107.125
29.7867;8.0321;30.8507;112.702;-107.107
