#1 AntPos X	#2 AntVel X	#3 AntPos Y	#4 AntVel Y	#5 AntAngle	
-13.3904;-0.811023;-11.7347;1.70961;2.01375;
-13.4628;-0.723153;-11.5494;1.85354;1.94278;
-13.5431;-0.802968;-11.3492;2.00197;1.95224;
-13.6139;-0.708299;-11.1753;1.73886;1.95761;
-13.6846;-0.706791;-10.9834;1.91887;1.92371;
-13.7559;-0.713578;-10.7985;1.84925;1.93907;
-13.8013;-0.453597;-10.6038;1.94625;1.79977;
-13.8577;-0.564274;-10.4065;1.97316;1.84934;
-13.9097;-0.519822;-10.2185;1.88065;1.84047;
-13.9564;-0.467469;-10.025;1.93465;1.80788;
-14.0044;-0.479625;-9.83144;1.93556;1.8137;
-14.0523;-0.479329;-9.65028;1.8116;1.82946;
-14.0892;-0.368423;-9.45786;1.92422;1.75997;
-14.1273;-0.381161;-9.26375;1.94108;1.76469;
-14.1606;-0.332688;-9.06534;1.9841;1.73693;
-14.1979;-0.373717;-8.85528;2.10057;1.74687;
-14.232;-0.340475;-8.65891;1.96374;1.74247;
-14.2861;-0.541008;-8.48237;1.76541;1.86816;
-14.3609;-0.747846;-8.30006;1.82309;1.96007;
-14.4437;-0.828567;-8.09596;2.04096;1.95644;
-14.5341;-0.904082;-7.90917;1.86793;2.02156;
-14.6037;-0.695513;-7.71237;1.96806;1.9105;
-14.6718;-0.681282;-7.52872;1.83643;1.92604;
-14.7481;-0.762689;-7.34448;1.84238;1.96329;
-14.8268;-0.78686;-7.16257;1.81909;1.97905;
-14.9046;-0.778456;-6.9829;1.79672;1.97965;
-14.9934;-0.887678;-6.81879;1.64115;2.06662;
-15.0748;-0.81377;-6.66764;1.51151;2.06468;
-15.1695;-0.947339;-6.52528;1.42356;2.15797;
-15.265;-0.955572;-6.36933;1.55948;2.12054;
-15.3637;-0.986939;-6.18405;1.85283;2.06023;
-15.4618;-0.981065;-6.00015;1.839;2.06086;
-15.5568;-0.949892;-5.81812;1.82029;2.05176;
-15.6391;-0.822915;-5.6229;1.95219;1.96973;
-15.732;-0.929259;-5.43602;1.86881;2.03224;
-15.8284;-0.963474;-5.2445;1.91516;2.0369;
-15.9185;-0.901111;-5.06579;1.78713;2.03782;
-16.0097;-0.911532;-4.88599;1.79798;2.04001;
-16.0966;-0.869745;-4.70222;1.83775;2.01283;
-16.1905;-0.939074;-4.53732;1.649;2.08847;
-16.3004;-1.09861;-4.36416;1.73156;2.13617;
-16.4053;-1.04862;-4.21039;1.53776;2.16928;
-16.5007;-0.954571;-4.04384;1.66546;2.09125;
-16.6018;-1.01106;-3.90385;1.39988;2.1963;
-16.7198;-1.1795;-3.741;1.62856;2.19762;
-16.8452;-1.25447;-3.56342;1.77581;2.18582;
-16.9619;-1.16718;-3.38848;1.74936;2.15917;
-17.0736;-1.11693;-3.21662;1.71862;2.1471;
-17.1772;-1.03576;-3.05441;1.62206;2.13908;
-17.2982;-1.20993;-2.89039;1.64024;2.20635;
-17.4158;-1.17631;-2.73293;1.57459;2.21241;
-17.5472;-1.31346;-2.5755;1.57432;2.26611;
-17.7082;-1.61003;-2.43726;1.38235;2.43213;
-17.8613;-1.53162;-2.3086;1.28665;2.4429;
-18.0101;-1.48708;-2.17838;1.30213;2.42241;
-18.1481;-1.38045;-2.04725;1.31137;2.38185;
-18.3028;-1.54735;-1.92178;1.25469;2.46026;
-18.4623;-1.59432;-1.79564;1.26134;2.47227;
-18.617;-1.54685;-1.66721;1.28439;2.44863;
-18.7672;-1.50268;-1.53385;1.33355;2.41576;
-18.9112;-1.44018;-1.40874;1.25108;2.42635;
-19.0553;-1.44085;-1.28459;1.24149;2.43038;
-19.2025;-1.47208;-1.16481;1.19783;2.45855;
-19.3572;-1.5465;-1.03622;1.28591;2.44794;
-19.5156;-1.58425;-0.906209;1.3001;2.45439;
-19.6655;-1.49911;-0.777496;1.28713;2.43213;
-19.8175;-1.51982;-0.646314;1.31182;2.42952;
-19.9928;-1.75322;-0.513602;1.32712;2.49365;
-20.1507;-1.57903;-0.391805;1.21797;2.48457;
-20.2972;-1.4649;-0.282657;1.09147;2.50125;
-20.4614;-1.64235;-0.170822;1.11836;2.54377;
-20.6555;-1.9408;-0.0789002;0.919213;2.69927;
-20.809;-1.53506;0.00921385;0.88114;2.6205;
-20.9848;-1.7576;0.107736;0.985221;2.63069;
-21.163;-1.78243;0.207878;1.00142;2.62972;
-21.3475;-1.8448;0.298076;0.901982;2.68684;
-21.4925;-1.44978;0.382744;0.846683;2.61302;
-21.6653;-1.72754;0.47937;0.966257;2.63162;
-21.8368;-1.7154;0.582617;1.03247;2.59979;
-21.9953;-1.58494;0.685259;1.02642;2.5669;
-22.1717;-1.76368;0.814995;1.29735;2.50737;
-22.3313;-1.59693;0.934283;1.19288;2.50003;
-22.4947;-1.63369;1.02045;0.861662;2.65624;
-22.6711;-1.76356;1.11277;0.92325;2.65931;
-22.838;-1.66888;1.21421;1.01437;2.59544;
-22.998;-1.60063;1.32525;1.11041;2.53509;
-23.149;-1.50969;1.43031;1.05056;2.53364;
-23.3076;-1.58628;1.53264;1.02334;2.56865;
-23.4681;-1.60433;1.65013;1.17485;2.50952;
-23.6582;-1.9016;1.75121;1.01086;2.653;
-23.8417;-1.83478;1.83956;0.883498;2.69283;
-24.0351;-1.93438;1.91461;0.750515;2.77149;
-24.2267;-1.91571;1.98864;0.740211;2.77287;
-24.4168;-1.90095;2.05069;0.620497;2.82608;
-24.6026;-1.8584;2.12233;0.716442;2.77364;
-24.7916;-1.88974;2.1999;0.77573;2.75207;
-24.9985;-2.06901;2.28035;0.804483;2.77076;
-25.1812;-1.82642;2.35937;0.790186;2.73327;
-25.3793;-1.9811;2.42553;0.661635;2.81927;
-25.5683;-1.88998;2.49643;0.709018;2.78269;
-25.7554;-1.87152;2.56557;0.691304;2.78776;
-25.9222;-1.66824;2.65722;0.916596;2.63918;
-26.103;-1.80728;2.75954;1.02313;2.62646;
-26.2752;-1.72183;2.85403;0.944903;2.63969;
-26.4587;-1.83571;2.94492;0.908898;2.68186;
-26.6549;-1.96152;3.03295;0.880349;2.71973;
-26.8404;-1.85479;3.11323;0.802744;2.73314;
-27.0258;-1.85491;3.19094;0.777158;2.74484;
-27.1895;-1.63672;3.26033;0.693831;2.74064;
-27.376;-1.86494;3.3336;0.732726;2.76723;
-27.5449;-1.68858;3.42042;0.868164;2.6667;
-27.7237;-1.78794;3.51228;0.918643;2.66697;
-27.9077;-1.84005;3.59468;0.824007;2.72055;
-28.0782;-1.70563;3.6805;0.858189;2.67543;
-28.2715;-1.93283;3.7548;0.743014;2.77459;
-28.4561;-1.84635;3.82657;0.717713;2.77085;
-28.6374;-1.81273;3.90518;0.786072;2.73243;
-28.8202;-1.828;3.9843;0.791193;2.73312;
-29.0049;-1.84717;4.07649;0.921913;2.67867;
-29.1798;-1.74826;4.15823;0.817418;2.70423;
-29.3778;-1.98078;4.23875;0.805222;2.75548;
-29.5613;-1.83495;4.31563;0.768797;2.74484;
-29.7472;-1.85862;4.38667;0.710326;2.77654;
-29.9263;-1.79131;4.47802;0.913503;2.67001;

29.8903;-1.83402;4.58431;1.06291;2.61634;
29.715;-1.7524;4.68513;1.00823;2.6195;
29.5486;-1.66397;4.76589;0.807623;2.68973;
29.377;-1.716;4.85305;0.871601;2.67162;
29.1875;-1.89485;4.93541;0.823573;2.73159;
29.0031;-1.84416;5.03482;0.994111;2.64719;
28.8154;-1.87758;5.12668;0.918548;2.68661;
28.6302;-1.85206;5.22797;1.0129;2.64113;
28.4473;-1.82865;5.32283;0.948617;2.66306;
28.2709;-1.76433;5.4147;0.918763;2.66149;
28.0983;-1.72593;5.50808;0.933766;2.64567;
27.9273;-1.70956;5.5994;0.913187;2.65099;
27.7537;-1.73597;5.68819;0.887931;2.6688;
27.5696;-1.84082;5.80288;1.14689;2.58441;
27.4032;-1.66402;5.91295;1.10072;2.55719;
27.2346;-1.68589;6.02766;1.14704;2.54416;
27.0912;-1.43438;6.13318;1.05522;2.50733;
26.9307;-1.60544;6.2508;1.17616;2.50932;
26.7676;-1.63099;6.36973;1.1893;2.51155;
26.6101;-1.57456;6.49496;1.25235;2.46969;
26.4728;-1.37329;6.59004;0.950831;2.536;
26.3127;-1.60121;6.70292;1.12874;2.52757;
26.1568;-1.55905;6.79556;0.926388;2.60545;
25.9824;-1.74309;6.89725;1.01695;2.61346;
25.8261;-1.5635;6.99844;1.01194;2.56717;
25.647;-1.79056;7.10659;1.08147;2.59825;
25.4675;-1.79507;7.21734;1.10747;2.58881;
25.2973;-1.70259;7.32278;1.05446;2.58708;
25.1258;-1.7143;7.43451;1.11724;2.56401;
24.9601;-1.65761;7.54481;1.10305;2.55444;
24.7927;-1.67348;7.65519;1.10373;2.55854;
24.5999;-1.92797;7.75354;0.98352;2.66987;
24.4191;-1.80829;7.849;0.95466;2.65585;
24.2631;-1.56036;7.96046;1.11455;2.52134;
24.0965;-1.66555;8.08439;1.23932;2.50188;
23.9263;-1.7026;8.21501;1.30615;2.48721;
23.7662;-1.60077;8.3266;1.11589;2.53282;
23.6036;-1.6258;8.43968;1.13083;2.53386;
23.4264;-1.77192;8.56434;1.24664;2.52848;
23.263;-1.63368;8.67677;1.12432;2.53882;
23.09;-1.73012;8.77941;1.02638;2.60616;
22.9085;-1.81527;8.87958;1.00168;2.63736;
22.7297;-1.78782;8.97373;0.941472;2.65689;
22.5553;-1.74383;9.04881;0.750803;2.73503;
22.3791;-1.76213;9.13515;0.863463;2.68597;
22.2072;-1.71887;9.24595;1.10791;2.56905;
22.0349;-1.72361;9.35675;1.10805;2.57025;
21.8697;-1.65225;9.47001;1.13263;2.54066;
21.7155;-1.54117;9.60877;1.38754;2.40861;
21.5648;-1.50779;9.73595;1.27184;2.44088;
21.392;-1.72793;9.86158;1.25625;2.51296;
21.2302;-1.61796;9.97986;1.18283;2.51032;
21.0689;-1.61222;10.1006;1.20763;2.4987;
20.9201;-1.48847;10.2197;1.19029;2.46705;
20.7606;-1.59544;10.344;1.24336;2.47959;
20.5774;-1.83161;10.4594;1.15453;2.57917;
20.4028;-1.74559;10.5676;1.0818;2.58679;
20.2388;-1.64046;10.6733;1.05703;2.5692;
20.0676;-1.71174;10.7656;0.923052;2.64704;
19.9149;-1.52701;10.8533;0.87626;2.62063;
19.7386;-1.76347;10.9555;1.02278;2.61602;
19.5661;-1.72472;11.0554;0.998489;2.61681;
19.3982;-1.67913;11.1598;1.04392;2.58537;
19.2247;-1.7349;11.2534;0.936154;2.64677;
19.0507;-1.74008;11.318;0.646219;2.78601;
18.8621;-1.88574;11.3791;0.610601;2.82845;
18.6681;-1.94028;11.4404;0.613537;2.83533;
18.4629;-2.05162;11.4893;0.488925;2.90764;
18.2737;-1.89229;11.5365;0.471349;2.89747;
18.083;-1.90696;11.5862;0.497442;2.88642;
17.8915;-1.91475;11.6371;0.509086;2.88173;
17.7003;-1.91203;11.7014;0.643404;2.81699;
17.5231;-1.77248;11.7692;0.677625;2.77644;
17.3313;-1.91788;11.8433;0.741321;2.77275;
17.1081;-2.23135;11.9105;0.671799;2.84915;
16.9154;-1.9279;11.9713;0.60809;2.83605;
16.7241;-1.91286;12.0324;0.610399;2.8327;
16.5366;-1.8744;12.0785;0.460962;2.90045;
16.3425;-1.94098;12.1265;0.480489;2.89892;
16.1482;-1.94361;12.1742;0.476382;2.90123;
15.95;-1.98197;12.2229;0.487203;2.90055;
15.7637;-1.86249;12.2993;0.7638;2.75241;
15.587;-1.76685;12.3739;0.7461;2.74203;
15.3985;-1.88497;12.4526;0.787172;2.746;
15.2209;-1.77627;12.5458;0.932403;2.65821;
15.0372;-1.83758;12.6348;0.889969;2.69057;
14.8576;-1.79561;12.72;0.851716;2.69869;
14.6777;-1.79944;12.8062;0.861784;2.69495;
14.5191;-1.58561;12.8697;0.635587;2.76036;
14.3389;-1.80188;12.955;0.852606;2.69963;
14.1612;-1.77657;13.0344;0.793944;2.72132;
13.9817;-1.79593;13.1444;1.10002;2.59203;
13.8256;-1.56021;13.2556;1.11216;2.52231;
13.6569;-1.68763;13.3846;1.29024;2.48886;
13.4929;-1.63951;13.4981;1.13454;2.53626;
13.3218;-1.71129;13.6162;1.1812;2.53745;
13.1424;-1.79342;13.7292;1.13021;2.57926;
12.9854;-1.57006;13.8286;0.993961;2.57721;
12.8198;-1.65611;13.9348;1.0622;2.5713;
12.6363;-1.83502;14.0416;1.06801;2.6145;
12.4663;-1.69981;14.1311;0.894477;2.65719;
12.3232;-1.43122;14.2242;0.930862;2.56494;
12.1535;-1.69754;14.3175;0.932972;2.63905;
11.9668;-1.86648;14.4185;1.01043;2.64541;
11.7939;-1.72962;14.5122;0.937011;2.64511;
11.6088;-1.8507;14.5938;0.816147;2.72625;
11.4446;-1.64207;14.6707;0.768883;2.70367;
11.2626;-1.82;14.7601;0.894199;2.68491;
11.0903;-1.72249;14.8637;1.03583;2.60018;
10.9194;-1.70985;14.9757;1.12027;2.56158;
10.7716;-1.4772;15.0974;1.21658;2.45265;
10.6176;-1.54061;15.2016;1.04209;2.54687;
10.4608;-1.56733;15.3171;1.1549;2.50656;
10.2892;-1.71629;15.4166;0.994751;2.61631;
10.1316;-1.57622;15.5194;1.02831;2.56354;
9.94108;-1.90506;15.6349;1.15454;2.59674;
9.76962;-1.71459;15.7366;1.0177;2.60592;
9.56526;-2.04365;15.8382;1.01611;2.68019;
9.38749;-1.77766;15.926;0.877742;2.68295;
9.22518;-1.62312;16.0185;0.925231;2.6235;
9.04487;-1.80308;16.1114;0.928458;2.66607;
8.85474;-1.90136;16.1888;0.773809;2.75509;
8.66198;-1.92757;16.259;0.702811;2.79196;
8.46171;-2.00269;16.3374;0.783958;2.76848;
8.28597;-1.75735;16.417;0.795423;2.71656;
8.11582;-1.70153;16.4953;0.783258;2.71018;
7.95965;-1.56174;16.5789;0.836273;2.64997;
7.78074;-1.78911;16.6807;1.01785;2.62435;
7.6028;-1.77937;16.7865;1.05809;2.60512;
7.4446;-1.58203;16.8713;0.847413;2.64983;
7.26114;-1.83455;16.9564;0.851324;2.70712;
7.08176;-1.79384;17.0389;0.825076;2.71049;
6.901;-1.80755;17.1227;0.83747;2.70772;
6.71827;-1.82729;17.2025;0.798873;2.72944;
6.54633;-1.71945;17.2543;0.517285;2.84936;
6.36403;-1.82293;17.3163;0.620123;2.81369;
6.17432;-1.89711;17.3819;0.65619;2.80858;
5.98587;-1.88457;17.4556;0.736761;2.76892;
5.81253;-1.73333;17.516;0.604393;2.80609;
5.61089;-2.01645;17.5716;0.555448;2.8728;
5.41999;-1.90902;17.6153;0.437404;2.91636;
5.22353;-1.96457;17.6471;0.318227;2.981;
5.01549;-2.08042;17.7052;0.580627;2.86943;
4.82362;-1.91865;17.7556;0.503617;2.8849;
4.63446;-1.89164;17.8129;0.573164;2.84739;
4.43685;-1.97613;17.8713;0.583848;2.85432;
4.20889;-2.27952;17.9186;0.473467;2.9368;
4.00572;-2.03177;17.9298;0.11248;3.08629;
3.80593;-1.99783;17.9466;0.167426;3.05798;
3.61019;-1.9574;17.9651;0.185497;3.04711;
3.41409;-1.96103;17.9667;0.015575;3.13365;
3.20081;-2.13282;17.9609;-0.057817;-3.11449;
2.99998;-2.00824;17.9808;0.199327;3.04266;
2.80094;-1.99048;18.0006;0.197277;3.04281;
2.57558;-2.25352;18.0022;0.0163053;3.13436;
2.37904;-1.96544;18.0006;-0.0156916;-3.13361;
2.18596;-1.93079;18.0092;0.0858909;3.09714;
1.96836;-2.17595;18.0206;0.114211;3.08915;
1.76947;-1.98894;18.0218;0.0116487;3.13574;
1.57386;-1.95608;18.0102;-0.116608;-3.08205;
1.36468;-2.09179;18.0003;-0.0983938;-3.09459;
1.17613;-1.88549;18.0033;0.0296482;3.12587;
0.976104;-2.00031;18.0278;0.244976;3.01973;
0.784605;-1.91499;18.0413;0.135142;3.07114;
0.584009;-2.00596;18.0567;0.153908;3.06502;
0.384951;-1.99058;18.0814;0.247641;3.01782;
0.185218;-1.99733;18.1037;0.222717;3.03054;
-0.0270099;-2.12228;18.1134;0.0965039;3.09615;
-0.230246;-2.03236;18.1218;0.0841252;3.10022;
-0.440255;-2.10009;18.1418;0.200514;3.0464;
-0.629441;-1.89186;18.1636;0.217567;3.02709;
-0.827803;-1.98362;18.1862;0.22628;3.02801;
-1.03707;-2.09268;18.2118;0.255398;3.02015;
-1.23651;-1.99437;18.2358;0.240784;3.02144;
-1.43517;-1.98665;18.2638;0.279791;3.00168;
-1.62723;-1.92056;18.3004;0.365958;2.9533;
-1.82114;-1.93911;18.3443;0.439377;2.91877;
-2.0311;-2.09957;18.3759;0.315409;2.99248;
-2.22899;-1.97898;18.4056;0.29697;2.99264;
-2.43854;-2.0955;18.4341;0.285181;3.00633;
-2.64399;-2.05444;18.4644;0.302678;2.99532;
-2.86369;-2.19706;18.486;0.215851;3.04366;
-3.05736;-1.93666;18.5195;0.335866;2.96988;
-3.25776;-2.00395;18.5459;0.26391;3.01065;
-3.45804;-2.00282;18.5638;0.178399;3.05275;
-3.66193;-2.03891;18.5736;0.0979317;3.0936;
-3.86004;-1.98107;18.5757;0.021063;3.13096;
-4.06055;-2.00511;18.5509;-0.24785;-3.01861;
-4.26475;-2.04205;18.53;-0.20913;-3.03954;
-4.45969;-1.94941;18.5157;-0.142901;-3.06842;
-4.6569;-1.97208;18.5002;-0.154636;-3.06334;
-4.8609;-2.04005;18.4628;-0.373764;-2.96039;
-5.07706;-2.16151;18.4263;-0.365494;-2.97409;
-5.32561;-2.48554;18.3754;-0.509128;-2.93955;
-5.5175;-1.91894;18.3227;-0.527297;-2.87343;
-5.6993;-1.81799;18.2691;-0.535078;-2.85535;
-5.8991;-1.99799;18.2107;-0.584876;-2.85682;
-6.0868;-1.87695;18.1557;-0.549081;-2.85699;
-6.30261;-2.15815;18.0863;-0.69408;-2.83043;
-6.49363;-1.91018;18.0287;-0.576313;-2.84857;
-6.69951;-2.05879;17.9493;-0.793877;-2.77356;
-6.87614;-1.7663;17.873;-0.763447;-2.73361;
-7.06614;-1.90002;17.7839;-0.890766;-2.7032;
-7.23582;-1.69683;17.7071;-0.76779;-2.71667;
-7.42008;-1.84258;17.6092;-0.979288;-2.65308;
-7.59607;-1.7599;17.5155;-0.937343;-2.6522;
-7.76189;-1.65819;17.418;-0.975036;-2.61003;
-7.92342;-1.61526;17.316;-1.01921;-2.5787;
-8.0913;-1.67882;17.2095;-1.0658;-2.57594;
-8.26461;-1.73312;17.0906;-1.18867;-2.54042;
-8.42558;-1.60968;16.958;-1.32622;-2.45245;
-8.60742;-1.81842;16.8258;-1.32115;-2.51328;
-8.77007;-1.62647;16.7105;-1.15376;-2.52461;
-8.92592;-1.55852;16.5927;-1.17732;-2.49464;
-9.08979;-1.63875;16.4844;-1.08303;-2.5576;
-9.25712;-1.67324;16.376;-1.08464;-2.56647;
-9.42388;-1.66757;16.2731;-1.02848;-2.58894;
-9.59099;-1.67116;16.1667;-1.06417;-2.57456;
-9.75964;-1.68644;16.0601;-1.06583;-2.57797;
-9.92959;-1.69955;15.9535;-1.06664;-2.58113;
-10.1077;-1.78107;15.852;-1.01457;-2.6238;
-10.2804;-1.72676;15.7545;-0.974809;-2.62766;
-10.4611;-1.80724;15.6545;-0.999928;-2.63623;
-10.6565;-1.95429;15.5545;-0.999913;-2.66867;
-10.8457;-1.89135;15.4424;-1.12127;-2.60645;
-11.0181;-1.72395;15.3525;-0.898999;-2.66091;
-11.1964;-1.78342;15.2628;-0.897131;-2.67552;
-11.3815;-1.85069;15.1741;-0.887465;-2.69445;
-11.562;-1.80499;15.0869;-0.871304;-2.69186;
-11.7331;-1.71126;14.9957;-0.911865;-2.652;
-11.9147;-1.81644;14.9013;-0.944801;-2.66196;
-12.117;-2.02293;14.8149;-0.863501;-2.73815;
-12.3475;-2.3048;14.7254;-0.895433;-2.77103;
-12.529;-1.81457;14.6539;-0.71483;-2.76632;
-12.729;-2.00082;14.5846;-0.692556;-2.80836;
-12.9164;-1.87395;14.5271;-0.575155;-2.8438;
-13.0987;-1.82251;14.4653;-0.618244;-2.81455;
-13.2857;-1.87025;14.3998;-0.655261;-2.8046;
-13.4401;-1.54416;14.314;-0.85722;-2.63481;
-13.6156;-1.75444;14.2161;-0.979232;-2.63252;
-13.7903;-1.74758;14.1141;-1.02024;-2.61317;
-13.958;-1.67638;14.0069;-1.07198;-2.57266;
-14.1267;-1.68706;13.8993;-1.07565;-2.57399;
-14.292;-1.65346;13.7941;-1.0521;-2.57491;
-14.4565;-1.64438;13.6842;-1.09889;-2.55248;
-14.6233;-1.66867;13.5768;-1.07427;-2.5696;
-14.7819;-1.58586;13.4613;-1.15528;-2.51201;
-14.935;-1.53076;13.3303;-1.30988;-2.43379;
-15.0857;-1.5075;13.1997;-1.30627;-2.42759;
-15.2366;-1.50863;13.0684;-1.31239;-2.42565;
-15.3848;-1.48224;12.9373;-1.31113;-2.41737;
-15.5311;-1.46265;12.8155;-1.21788;-2.44725;
-15.6852;-1.54094;12.6876;-1.27903;-2.4488;
-15.8694;-1.84229;12.5744;-1.13168;-2.59074;
-16.0654;-1.95935;12.4621;-1.12309;-2.62112;
-16.2339;-1.68566;12.3706;-0.915149;-2.64421;
-16.4113;-1.77417;12.2863;-0.843588;-2.69775;
-16.5916;-1.80284;12.1891;-0.971642;-2.64727;
-16.7671;-1.75481;12.0871;-1.02032;-2.61493;
-16.9234;-1.56345;11.9986;-0.884941;-2.62653;
-17.0961;-1.727;11.899;-0.995945;-2.61849;
-17.2719;-1.75723;11.7999;-0.991089;-2.62806;
-17.4565;-1.84612;11.7023;-0.975396;-2.65552;
-17.6364;-1.79956;11.6139;-0.883991;-2.68499;
-17.819;-1.82525;11.5544;-0.595294;-2.82633;
-18.0128;-1.93888;11.4967;-0.5769;-2.85239;
-18.2194;-2.06544;11.4443;-0.524016;-2.89313;
-18.4233;-2.03944;11.4024;-0.419511;-2.93872;
-18.6168;-1.93493;11.3793;-0.230713;-3.02292;
-18.7972;-1.80384;11.37;-0.0930317;-3.09006;
-18.9811;-1.83905;11.3442;-0.257382;-3.00254;
-19.208;-2.26921;11.3201;-0.241202;-3.0357;
-19.4349;-2.26828;11.2951;-0.250236;-3.03172;
-19.6315;-1.96661;11.27;-0.251175;-3.01456;
-19.8373;-2.05775;11.2386;-0.313968;-2.99018;
-20.0392;-2.019;11.205;-0.335953;-2.97671;
-20.2454;-2.06149;11.1719;-0.331148;-2.98232;
-20.4447;-1.99304;11.1415;-0.303664;-2.99039;
-20.6558;-2.11107;11.108;-0.335486;-2.98399;
-20.8558;-2.00044;11.0764;-0.315295;-2.98527;
-21.0467;-1.90901;11.0394;-0.370463;-2.94991;
-21.238;-1.91256;10.9983;-0.410829;-2.93;
-21.4306;-1.92632;10.9586;-0.397463;-2.93812;
-21.6309;-2.00328;10.9305;-0.280327;-3.00256;
-21.8307;-1.99814;10.9023;-0.282718;-3.00103;
-22.0259;-1.9516;10.9013;-0.00925926;-3.13685;
-22.2368;-2.10879;10.9007;-0.00655231;-3.13849;
-22.4401;-2.03341;10.914;0.133758;3.07591;
-22.6414;-2.01311;10.9228;0.0879178;3.09795;
-22.8471;-2.05664;10.931;0.0817129;3.10188;
-23.0543;-2.07185;10.9262;-0.0477586;-3.11855;
-23.2501;-1.95851;10.9117;-0.145349;-3.06751;
-23.4353;-1.85207;10.9346;0.228784;3.01869;
-23.6241;-1.88766;10.9593;0.247473;3.01124;
-23.8147;-1.9059;10.9648;0.055173;3.11265;
-23.993;-1.78281;10.9305;-0.343881;-2.95105;
-24.1702;-1.77188;10.9209;-0.0960077;-3.08746;
-24.3639;-1.93695;10.9037;-0.171647;-3.05321;
-24.5802;-2.16305;10.9273;0.235736;3.03304;
-24.7748;-1.94666;10.9581;0.308352;2.9845;
-24.9834;-2.08567;10.9917;0.335688;2.98201;
-25.1785;-1.95129;11.0154;0.237641;3.0204;
-25.3773;-1.9875;11.0435;0.281007;3.00114;
-25.5705;-1.93253;11.0678;0.242226;3.0169;
-25.7662;-1.95713;11.1145;0.467557;2.90709;
-25.9494;-1.83207;11.1616;0.47128;2.88981;
-26.1403;-1.90804;11.218;0.563805;2.85428;
-26.3334;-1.93123;11.2758;0.577371;2.85109;
-26.5532;-2.19776;11.3331;0.572981;2.88656;
-26.7414;-1.88208;11.3845;0.514034;2.87497;
-26.938;-1.9662;11.4382;0.537332;2.87482;
-27.1326;-1.94601;11.4977;0.595104;2.84482;
-27.3158;-1.83173;11.5672;0.695177;2.77887;
-27.503;-1.87296;11.6366;0.693927;2.78678;
-27.6917;-1.88677;11.7017;0.650857;2.80942;
-27.8873;-1.9556;11.7596;0.579302;2.8536;
-28.0778;-1.90525;11.8142;0.545398;2.86279;
-28.2735;-1.95711;11.8813;0.671098;2.81126;
-28.4631;-1.89538;11.9423;0.610002;2.83022;
-28.6534;-1.90328;12.0032;0.609446;2.8317;
-28.8137;-1.60328;12.0634;0.601783;2.78252;
-28.9739;-1.60158;12.1113;0.478873;2.85105;
-29.156;-1.82172;12.1688;0.574912;2.8359;
-29.3428;-1.86797;12.2521;0.833412;2.72194;
-29.5279;-1.85054;12.3247;0.726288;2.76759;
-29.7206;-1.92652;12.3893;0.645154;2.81845;
-29.9104;-1.89803;12.4529;0.635948;2.81829;

29.9308;-1.58836;12.5227;0.698215;2.72743;
29.7515;-1.79319;12.5972;0.745454;2.74761;
29.5604;-1.91043;12.6688;0.715536;2.78322;
29.3729;-1.87546;12.7335;0.64733;2.80924;
29.1986;-1.74351;12.7895;0.560387;2.83061;
28.9919;-2.06691;12.8511;0.615825;2.85202;
28.8041;-1.87803;12.9164;0.652663;2.80712;
28.6189;-1.85177;12.9823;0.659092;2.79965;
28.4205;-1.98428;13.0587;0.76371;2.77419;
28.2317;-1.8875;13.1346;0.758971;2.75927;
28.0665;-1.65167;13.2098;0.752018;2.71433;
27.8826;-1.83916;13.2919;0.821624;2.72145;
27.716;-1.66667;13.3646;0.726278;2.73064;
27.5557;-1.60256;13.4306;0.66025;2.75079;
27.3697;-1.85999;13.5042;0.736218;2.7647;
27.1899;-1.7982;13.5804;0.761395;2.74106;
27.008;-1.819;13.6673;0.869449;2.69571;
26.829;-1.78957;13.7523;0.850474;2.69795;
26.6344;-1.94653;13.8502;0.97841;2.67583;
26.4627;-1.71708;13.9377;0.874667;2.67046;
26.2513;-2.11404;14.0205;0.828778;2.76797;
26.074;-1.77211;14.094;0.735122;2.74837;
25.8637;-2.10311;14.1659;0.718781;2.81227;
25.6735;-1.90275;14.2455;0.795964;2.74539;
25.4899;-1.83578;14.3228;0.772975;2.74306;
25.2921;-1.9783;14.3949;0.720401;2.79237;
25.0979;-1.94123;14.4641;0.692504;2.79893;
24.9194;-1.78578;14.5182;0.541108;2.84738;
24.7423;-1.7709;14.5637;0.455056;2.89007;
24.533;-2.09258;14.6241;0.603891;2.86064;
24.3579;-1.75057;14.667;0.428415;2.90158;
24.1727;-1.85278;14.7079;0.409208;2.92422;
23.9723;-2.00352;14.7519;0.440299;2.92527;
23.7772;-1.95089;14.7951;0.432127;2.92361;
23.5878;-1.89392;14.8264;0.312727;2.97795;
23.3838;-2.04031;14.8648;0.383672;2.95572;
23.189;-1.94779;14.9013;0.365313;2.95619;
22.9901;-1.98969;14.9464;0.451052;2.91867;
22.7903;-1.99761;14.9683;0.218915;3.03244;
22.5895;-2.00754;14.9955;0.272579;3.00664;
22.3949;-1.94622;15.0157;0.201165;3.0386;
22.1993;-1.95585;15.0456;0.299387;2.9897;
22.0022;-1.97179;15.0903;0.44718;2.91858;
21.8066;-1.95592;15.1404;0.501117;2.89078;
21.5975;-2.09083;15.1925;0.520251;2.89772;
21.4019;-1.95567;15.2516;0.591852;2.84772;
21.2112;-1.90702;15.3086;0.569862;2.85122;
21.0241;-1.87101;15.3753;0.666718;2.79928;
20.811;-2.13082;15.4366;0.613054;2.86145;
20.6145;-1.96559;15.5093;0.7272;2.78724;
20.4205;-1.93939;15.5796;0.702714;2.79397;
20.2048;-2.15746;15.6416;0.620343;2.86161;
19.9945;-2.10285;15.7098;0.681784;2.82807;
19.7953;-1.99232;15.7573;0.474703;2.90769;
19.5994;-1.95884;15.801;0.437151;2.92202;
19.4037;-1.9569;15.8379;0.369544;2.95495;
19.2169;-1.86796;15.8657;0.277729;2.99399;
19.0209;-1.9601;15.8748;0.0905239;3.09544;
18.817;-2.03863;15.8753;0.00514502;3.13907;
18.6141;-2.02887;15.8656;-0.0972664;-3.09369;
18.416;-1.98113;15.8789;0.133632;3.07424;
18.2367;-1.79352;15.8927;0.137425;3.06512;
18.0414;-1.95322;15.9054;0.127545;3.07639;
17.8343;-2.07078;15.9204;0.149941;3.06931;
17.6365;-1.97807;15.9498;0.293951;2.99407;
17.4424;-1.94032;15.9647;0.149279;3.06481;
17.243;-1.9942;15.9796;0.148761;3.06713;
17.0411;-2.01937;15.9916;0.119683;3.08239;
16.8433;-1.97755;15.9978;0.062481;3.11001;
16.6432;-2.00102;16.0038;0.0593542;3.11194;
16.4519;-1.91314;16.0143;0.105165;3.08668;
16.2385;-2.13379;16.0133;-0.00993684;-3.13694;
16.0324;-2.06115;16.0258;0.125028;3.08101;
15.8108;-2.21607;16.0331;0.0730806;3.10863;
15.6195;-1.91312;16.0501;0.169566;3.05319;
15.4008;-2.18717;16.0767;0.266391;3.02039;
15.199;-2.01808;16.0948;0.181332;3.05198;
14.9988;-2.00124;16.1158;0.209861;3.03711;
14.795;-2.03886;16.1324;0.165764;3.06047;
14.5955;-1.99422;16.1483;0.159594;3.06173;
14.3788;-2.16761;16.1655;0.171371;3.0627;
14.1843;-1.94475;16.1766;0.110881;3.08464;
13.96;-2.2428;16.1916;0.150287;3.07468;
13.765;-1.9504;16.2056;0.139802;3.07004;
13.5743;-1.90697;16.2092;0.0362573;3.12258;
13.3818;-1.92511;16.2101;0.00893686;3.13695;
13.1894;-1.92379;16.2114;0.0125957;3.13505;
13.0001;-1.89319;16.2128;0.0147621;3.1338;
12.8016;-1.98482;16.2156;0.0275072;3.12773;
12.5993;-2.02284;16.2175;0.0192653;3.13207;
12.4134;-1.8588;16.2111;-0.0642126;-3.10706;
12.2131;-2.00313;16.1827;-0.2842;-3.00066;
12.0342;-1.78961;16.1528;-0.298309;-2.97642;
11.8371;-1.97033;16.1198;-0.330547;-2.97538;
11.6409;-1.96171;16.0873;-0.325053;-2.97739;
11.461;-1.79917;16.0511;-0.362147;-2.94296;
11.2879;-1.73139;16.019;-0.320943;-2.95831;
11.078;-2.09934;15.9645;-0.544964;-2.88761;
10.8723;-2.05634;15.9036;-0.608968;-2.85368;
10.679;-1.93366;15.8716;-0.319414;-2.97788;
10.4811;-1.97835;15.8384;-0.332783;-2.97494;
10.2859;-1.95247;15.8091;-0.292343;-2.99297;
10.0871;-1.98776;15.7778;-0.313377;-2.98523;
9.88393;-2.03175;15.751;-0.268294;-3.0103;
9.68711;-1.96812;15.7141;-0.369064;-2.95622;
9.49324;-1.93872;15.6681;-0.459932;-2.90866;
9.29722;-1.96019;15.6291;-0.389871;-2.94526;
9.09063;-2.0659;15.5968;-0.323043;-2.98648;
8.89428;-1.96353;15.5638;-0.329774;-2.9752;
8.70437;-1.89914;15.5231;-0.407048;-2.93045;
8.50866;-1.95707;15.481;-0.420548;-2.92993;
8.31351;-1.95154;15.4012;-0.798735;-2.75311;
8.12735;-1.86155;15.3202;-0.809526;-2.73139;
7.9436;-1.83749;15.2694;-0.507693;-2.87202;
7.74391;-1.99691;15.2525;-0.169135;-3.0571;
7.53694;-2.0697;15.2231;-0.293918;-3.00053;
7.33128;-2.05661;15.2077;-0.154449;-3.06663;
7.1135;-2.17784;15.1788;-0.288655;-3.00982;
6.93388;-1.79611;15.1601;-0.186999;-3.03785;
6.74814;-1.85741;15.141;-0.190992;-3.03913;
6.55002;-1.98123;15.12;-0.21007;-3.03596;
6.37605;-1.7397;15.0803;-0.397018;-2.91722;
6.17649;-1.99558;15.0468;-0.335558;-2.975;
5.98326;-1.93235;15.0508;0.0400827;3.12085;
5.78352;-1.99738;15.0555;0.0473549;3.11789;
5.60557;-1.77953;15.0608;0.0525811;3.11205;
5.41725;-1.88316;15.0964;0.35671;2.95439;
5.22557;-1.91687;15.1344;0.379249;2.94627;
5.00549;-2.20071;15.1617;0.273036;3.01816;
4.80609;-1.99402;15.1777;0.160493;3.06128;
4.59846;-2.07633;15.1975;0.19815;3.04645;
4.40782;-1.90642;15.2263;0.287307;2.99201;
4.21068;-1.9714;15.248;0.217066;3.03193;
4.0211;-1.8958;15.2678;0.198013;3.03752;
3.81639;-2.04707;15.2626;-0.0516736;-3.11636;
3.61641;-1.99979;15.2551;-0.0746593;-3.10428;
3.41617;-2.00239;15.2526;-0.0252324;-3.12899;
3.21758;-1.98593;15.2537;0.0105823;3.13626;
3.03116;-1.86419;15.2781;0.244264;3.01131;
2.82627;-2.04891;15.3089;0.307978;2.9924;
2.62503;-2.01236;15.3395;0.306331;2.99053;
2.42604;-1.98991;15.371;0.315055;2.98457;
2.23577;-1.90267;15.4078;0.367595;2.95074;
2.04367;-1.92107;15.448;0.40173;2.93545;
1.86365;-1.80018;15.4992;0.512142;2.86442;
1.66981;-1.93841;15.5539;0.54742;2.86635;
1.45717;-2.1264;15.6162;0.6227;2.85671;
1.26594;-1.9123;15.6773;0.610676;2.83249;
1.07755;-1.88382;15.739;0.617747;2.82472;
0.884985;-1.92569;15.8053;0.662471;2.81026;
0.709364;-1.75621;15.87;0.6477;2.78826;
0.53684;-1.72524;15.941;0.709856;2.75125;
0.354328;-1.82512;16.019;0.779417;2.73799;
0.167386;-1.86941;16.0962;0.772262;2.74984;
-0.0226152;-1.90002;16.1681;0.719028;2.77982;
-0.204253;-1.81637;16.2318;0.63688;2.80435;
-0.397841;-1.93588;16.2858;0.540493;2.86933;
-0.595294;-1.97454;16.3397;0.538223;2.87548;
-0.782181;-1.86887;16.3891;0.494272;2.88304;
-0.97928;-1.97098;16.4431;0.540005;2.87418;
-1.15775;-1.78473;16.4908;0.476672;2.8806;
-1.35171;-1.9396;16.5413;0.505018;2.88688;
-1.54151;-1.898;16.6009;0.596708;2.83699;
-1.74985;-2.08336;16.656;0.551172;2.88296;
-1.96583;-2.1598;16.705;0.489069;2.91891;
-2.14339;-1.77559;16.7183;0.133698;3.06644;
-2.33846;-1.95068;16.7367;0.183436;3.04783;
-2.55223;-2.13777;16.7505;0.13818;3.07705;
-2.76181;-2.09575;16.7628;0.122966;3.08299;
-2.9609;-1.99089;16.7738;0.110401;3.0862;
-3.15971;-1.98816;16.778;0.0413572;3.12079;
-3.36113;-2.01421;16.7816;0.0368021;3.12332;
-3.57337;-2.12237;16.7837;0.0210192;3.13169;
-3.78064;-2.07271;16.787;0.0329085;3.12572;
-3.98102;-2.00374;16.7908;0.0373321;3.12296;
-4.18322;-2.02207;16.7919;0.0118761;3.13572;
-4.3783;-1.95073;16.7942;0.0225474;3.13003;
-4.57798;-1.99687;16.7963;0.021132;3.13101;
-4.77318;-1.95202;16.8023;0.0602017;3.11076;
-4.97256;-1.99377;16.8071;0.0474625;3.11779;
-5.1585;-1.8594;16.8058;-0.0130321;-3.13458;
-5.36094;-2.02441;16.8154;0.0966135;3.0939;
-5.56368;-2.02734;16.8226;0.0713816;3.1064;
-5.76432;-2.00641;16.8293;0.0672903;3.10807;
-5.94149;-1.77175;16.8425;0.131789;3.06735;
-6.12587;-1.84376;16.8519;0.0939916;3.09066;
-6.3234;-1.97531;16.8623;0.104529;3.08872;
-6.52666;-2.03258;16.8765;0.141798;3.07194;
-6.72287;-1.96215;16.8836;0.0703786;3.10574;
-6.92784;-2.04967;16.9032;0.196509;3.04601;
-7.14791;-2.20067;16.9113;0.0809287;3.10483;
-7.37925;-2.31347;16.9333;0.219664;3.04693;
-7.57662;-1.97368;16.9533;0.200106;3.04055;
-7.78095;-2.04331;16.9768;0.235547;3.02682;
-7.99243;-2.11482;16.9936;0.1674;3.0626;
-8.19066;-1.98222;17.0102;0.165976;3.05806;
-8.39949;-2.08837;17.0251;0.149178;3.07028;
-8.6272;-2.27706;17.0266;0.0150239;3.13499;
-8.82456;-1.97362;17.0301;0.0353518;3.12368;
-9.01525;-1.90686;17.0297;-0.00463759;-3.13916;
-9.21209;-1.96838;17.0304;0.00710954;3.13798;
-9.41659;-2.04502;17.0266;-0.0377542;-3.12313;
-9.60653;-1.89943;17.0184;-0.0821317;-3.09838;
-9.81012;-2.03589;17.0084;-0.0997564;-3.09263;
-10.0231;-2.12976;16.9992;-0.0922963;-3.09828;
-10.2272;-2.04139;16.9933;-0.0585361;-3.11293;
-10.4284;-2.01157;16.9791;-0.141823;-3.07121;
-10.6199;-1.91554;16.9713;-0.0786624;-3.10055;
-10.8107;-1.90798;16.955;-0.162563;-3.0566;
-11.024;-2.13251;16.9625;0.0744131;3.10671;
-11.2184;-1.9441;16.9721;0.0962022;3.09215;
-11.4296;-2.11151;16.9699;-0.0218968;-3.13122;
-11.6463;-2.16742;16.9699;0.000491166;3.14137;
-11.8378;-1.91468;16.9688;-0.0118454;-3.13541;
-12.0195;-1.81697;16.9888;0.200613;3.03163;
-12.1927;-1.73209;17.0035;0.146759;3.05707;
-12.3954;-2.02716;17.0247;0.211586;3.03759;
-12.5977;-2.02277;17.0486;0.239682;3.02365;
-12.807;-2.0929;17.0637;0.151245;3.06945;
-13.0041;-1.97115;17.083;0.192232;3.04438;
-13.2086;-2.04521;17.1185;0.355291;2.96959;
-13.3848;-1.76177;17.134;0.154752;3.05398;
-13.5836;-1.98824;17.1556;0.21672;3.03302;
-13.7833;-1.99741;17.1711;0.154163;3.06456;
-13.9828;-1.99438;17.1869;0.158587;3.06224;
-14.185;-2.02226;17.2008;0.139032;3.07295;
-14.3771;-1.92068;17.2359;0.350774;2.96095;
-14.5759;-1.98869;17.2761;0.402293;2.942;
-14.7697;-1.93766;17.325;0.488725;2.89452;
-14.9701;-2.00428;17.3796;0.545757;2.87574;
-15.1609;-1.90816;17.4371;0.575619;2.84861;
-15.371;-2.10089;17.5055;0.684003;2.82684;
-15.5569;-1.85882;17.5671;0.615236;2.82196;
-15.7507;-1.93778;17.6118;0.447327;2.91472;
-15.9229;-1.72245;17.6545;0.426791;2.8987;
-16.1147;-1.91749;17.7074;0.529259;2.87228;
-16.3108;-1.96123;17.7612;0.537949;2.87389;
-16.4874;-1.76555;17.8099;0.486677;2.87262;
-16.6859;-1.98553;17.8393;0.294088;2.99455;
-16.8903;-2.04357;17.8778;0.384984;2.95539;
-17.0889;-1.98665;17.9149;0.371241;2.95686;
-17.289;-2.00029;17.9511;0.361865;2.96262;
-17.5041;-2.15101;18.0041;0.529848;2.90008;
-17.7014;-1.97309;18.0529;0.487888;2.89918;
-17.8843;-1.82949;18.1299;0.769975;2.74323;
-18.0532;-1.68823;18.2185;0.886871;2.65789;
-18.2311;-1.77926;18.3093;0.907558;2.66992;
-18.4104;-1.79331;18.3978;0.88536;2.683;
-18.6179;-2.07485;18.4899;0.920686;2.72396;
-18.7968;-1.78947;18.5683;0.783885;2.72872;
-18.992;-1.95196;18.6457;0.774312;2.76395;
-19.1722;-1.80191;18.7188;0.731083;2.75616;
-19.3601;-1.87907;18.792;0.731585;2.77031;
-19.5581;-1.97958;18.857;0.649766;2.82444;
-19.7499;-1.91785;18.9238;0.668587;2.80615;
-19.9366;-1.86768;18.987;0.631982;2.81531;
-20.1223;-1.85707;19.0452;0.581927;2.83793;
-20.3166;-1.94297;19.1145;0.693293;2.79885;
-20.5258;-2.09178;19.1987;0.84178;2.759;
-20.7179;-1.92108;19.2631;0.643666;2.81829;
-20.9008;-1.82833;19.3173;0.541937;2.85343;
-21.0955;-1.94759;19.3708;0.534758;2.87362;
-21.2906;-1.95049;19.4223;0.515138;2.88338;
-21.4841;-1.93531;19.4736;0.513274;2.88234;
-21.6782;-1.9408;19.5053;0.316876;2.97975;
-21.8701;-1.91898;19.553;0.47749;2.89772;
-22.0502;-1.80118;19.6137;0.606378;2.81686;
-22.2425;-1.92298;19.67;0.562805;2.85687;
-22.4205;-1.77975;19.726;0.560537;2.83648;
-22.6192;-1.98728;19.7913;0.65317;2.82404;
-22.8085;-1.89286;19.8296;0.382865;2.94202;
-23.0038;-1.95356;19.8705;0.408801;2.93531;
-23.191;-1.87116;19.915;0.445337;2.90794;
-23.3841;-1.93183;19.96;0.449775;2.91284;
-23.5801;-1.95949;20.0126;0.525818;2.87942;
-23.7571;-1.76978;20.0701;0.575068;2.82742;
-23.9473;-1.90238;20.1312;0.611601;2.83054;
-24.1709;-2.23626;20.1778;0.465294;2.93645;
-24.3672;-1.9631;20.2099;0.321188;2.97942;
-24.5487;-1.81498;20.2433;0.334119;2.95954;
-24.7718;-2.23099;20.2817;0.38407;2.97111;
-24.9683;-1.96465;20.3156;0.339083;2.97068;
-25.1647;-1.96418;20.3523;0.366953;2.9569;
-25.3717;-2.06928;20.4134;0.610625;2.85465;
-25.5671;-1.95486;20.4674;0.539872;2.87214;
-25.7593;-1.9214;20.521;0.535958;2.86957;
-25.9413;-1.82065;20.5674;0.464723;2.89168;
-26.1431;-2.01751;20.6082;0.407634;2.94223;
-26.3334;-1.90321;20.6454;0.372318;2.94841;
-26.5212;-1.87829;20.6809;0.354632;2.95498;
-26.7163;-1.9503;20.7103;0.293905;2.99202;
-26.9072;-1.90898;20.7401;0.297811;2.98683;
-27.1077;-2.00575;20.7742;0.341252;2.97307;
-27.2935;-1.85791;20.8158;0.416518;2.92105;
-27.509;-2.15448;20.8472;0.313141;2.99726;
-27.6953;-1.86276;20.8735;0.263331;3.00116;
-27.8934;-1.98177;20.9015;0.280277;3.0011;
-28.0845;-1.91024;20.9622;0.606512;2.83415;
-28.2713;-1.86792;21.022;0.598432;2.83155;
-28.4611;-1.89824;21.0815;0.59472;2.83798;
-28.6501;-1.88997;21.1402;0.587022;2.84044;
-28.8382;-1.88104;21.1958;0.556409;2.85399;
-29.0447;-2.06517;21.2663;0.704398;2.81288;
-29.2381;-1.93408;21.3303;0.640376;2.82185;
-29.4146;-1.76511;21.383;0.526517;2.8517;
-29.6009;-1.86332;21.4343;0.513877;2.8725;
-29.7928;-1.9181;21.4772;0.428225;2.92194;
-29.9796;-1.86883;21.5233;0.461266;2.89961;

29.8364;-1.83933;21.5726;0.49277;2.87983;
29.6413;-1.95137;21.6334;0.607917;2.83959;
29.4625;-1.78743;21.7018;0.683962;2.77613;
29.271;-1.915;21.7536;0.518396;2.87723;
29.0921;-1.7892;21.798;0.443756;2.89848;
28.8885;-2.03643;21.8375;0.395396;2.94982;
28.6841;-2.04386;21.8729;0.353897;2.97014;
28.489;-1.95079;21.9017;0.287674;2.99518;
28.2896;-1.99435;21.9107;0.0898601;3.09657;
28.0898;-1.99806;21.9198;0.0909769;3.09609;
27.8869;-2.02897;21.94;0.202928;3.04191;
27.6929;-1.94017;21.9581;0.180244;3.04896;
27.4933;-1.9955;21.9771;0.190348;3.04649;
27.3003;-1.9303;21.9899;0.127546;3.07561;
27.113;-1.87286;21.994;0.0413744;3.1195;
26.9079;-2.0506;21.9921;-0.018599;-3.13252;
26.6986;-2.09366;21.9879;-0.0426062;-3.12125;
26.4964;-2.02203;21.9906;0.0270063;3.12824;
26.2954;-2.00948;21.9969;0.0634877;3.11001;
26.0886;-2.06845;21.9865;-0.104418;-3.09115;
25.8937;-1.94882;21.9913;0.0479399;3.117;
25.6944;-1.99288;21.9929;0.0162949;3.13342;
25.5008;-1.93634;21.9827;-0.101601;-3.08917;
25.3072;-1.93568;21.9705;-0.122026;-3.07864;
25.1003;-2.06946;21.951;-0.195619;-3.04735;
24.9036;-1.9664;21.9275;-0.235144;-3.02258;
24.7039;-1.99704;21.9051;-0.22371;-3.03004;
24.5213;-1.82642;21.893;-0.120878;-3.07551;
24.3217;-1.9958;21.8801;-0.129365;-3.07686;
24.1159;-2.05791;21.8939;0.137857;3.0747;
23.9147;-2.01227;21.9081;0.141936;3.07117;
23.7312;-1.83498;21.9005;-0.075571;-3.10043;
23.5347;-1.96509;21.8901;-0.104433;-3.0885;
23.3396;-1.95102;21.8719;-0.181154;-3.04901;
23.1419;-1.97685;21.8528;-0.191053;-3.04525;
22.9362;-2.05712;21.8225;-0.303489;-2.99512;
22.7421;-1.94046;21.7974;-0.251135;-3.01289;
22.5411;-2.01048;21.7724;-0.249328;-3.01821;
22.3237;-2.17419;21.7686;-0.0385155;-3.12388;
22.1243;-1.99399;21.7651;-0.0349312;-3.12408;
21.9057;-2.18542;21.7746;0.0950526;3.09813;
21.6936;-2.12134;21.7845;0.0989802;3.09497;
21.507;-1.86578;21.7841;-0.00407818;-3.13941;
21.3006;-2.0638;21.7671;-0.169582;-3.05961;
21.1051;-1.95488;21.7494;-0.177534;-3.05103;
20.919;-1.86158;21.7259;-0.234547;-3.01626;
20.7239;-1.95118;21.703;-0.228795;-3.02487;
20.5194;-2.04423;21.6765;-0.265662;-3.01236;
20.3193;-2.00093;21.6365;-0.399678;-2.94444;
20.1139;-2.05403;21.6251;-0.114317;-3.08599;
19.9194;-1.94545;21.606;-0.191264;-3.04359;
19.7259;-1.93469;21.5916;-0.143287;-3.06767;
19.5111;-2.148;21.5738;-0.177953;-3.05894;
19.2986;-2.12481;21.5342;-0.395917;-2.95737;
19.1014;-1.97196;21.5014;-0.328481;-2.97653;
18.9055;-1.95954;21.4699;-0.315121;-2.98214;
18.7439;-1.61586;21.4173;-0.525845;-2.82698;
18.5345;-2.09455;21.3391;-0.78208;-2.78424;
18.3564;-1.78026;21.2796;-0.59482;-2.81913;
18.1784;-1.78069;21.2256;-0.540428;-2.84693;
17.9944;-1.83938;21.1735;-0.521068;-2.86554;
17.8021;-1.92296;21.1212;-0.522272;-2.87639;
17.6134;-1.88674;21.0691;-0.52144;-2.87195;
17.4357;-1.77782;21.0127;-0.563635;-2.83458;
17.252;-1.83617;20.9338;-0.789234;-2.73564;
17.0911;-1.60999;20.8477;-0.861412;-2.65031;
16.909;-1.82097;20.7501;-0.975786;-2.64967;
16.7354;-1.73582;20.6482;-1.01861;-2.61092;
16.5627;-1.72647;20.5455;-1.02678;-2.60506;
16.4264;-1.36324;20.4392;-1.06298;-2.47932;
16.2693;-1.57083;20.2911;-1.48092;-2.38565;
16.125;-1.44304;20.1509;-1.40282;-2.37033;
15.9745;-1.50558;20.0242;-1.26705;-2.44201;
15.8329;-1.41569;19.8973;-1.26851;-2.41097;
15.6815;-1.51433;19.7634;-1.33944;-2.4174;
15.5343;-1.47187;19.6325;-1.30842;-2.41492;
15.3814;-1.52891;19.4946;-1.37918;-2.40764;
15.2376;-1.43809;19.3749;-1.1968;-2.44752;
15.0804;-1.57156;19.2382;-1.36747;-2.42552;
14.9292;-1.51214;19.1062;-1.31962;-2.42408;
14.7784;-1.50824;18.9832;-1.22991;-2.4575;
14.6091;-1.69226;18.8486;-1.34617;-2.46961;
14.4456;-1.63509;18.7106;-1.38005;-2.44058;
14.2884;-1.57284;18.5875;-1.23108;-2.47748;
14.1308;-1.57597;18.464;-1.23496;-2.47692;
13.9745;-1.56242;18.3407;-1.23266;-2.47363;
13.8172;-1.57306;18.2127;-1.28042;-2.45839;
13.6674;-1.4978;18.0725;-1.40182;-2.38928;
13.5208;-1.46646;17.9325;-1.40039;-2.37924;
13.3668;-1.53947;17.7904;-1.42054;-2.39635;
13.2227;-1.44172;17.6516;-1.38764;-2.37531;
13.0778;-1.44904;17.5141;-1.37586;-2.3821;
12.9386;-1.39163;17.38;-1.3409;-2.37476;
12.7859;-1.52652;17.2602;-1.19725;-2.4765;
12.6291;-1.56843;17.1371;-1.23112;-2.4761;
12.4632;-1.65885;17.0071;-1.30051;-2.47669;
12.3042;-1.5897;16.8877;-1.19426;-2.49729;
12.1286;-1.75611;16.7564;-1.31255;-2.49975;
11.9658;-1.62823;16.638;-1.18371;-2.51298;
11.7898;-1.76035;16.5136;-1.24442;-2.52624;
11.629;-1.60781;16.3989;-1.14711;-2.52189;
11.4626;-1.66433;16.2638;-1.35031;-2.45998;
11.3058;-1.56773;16.1351;-1.28709;-2.45418;
11.1599;-1.45909;15.9979;-1.37253;-2.38675;
11.0103;-1.49618;15.8758;-1.22104;-2.45711;
10.8577;-1.52567;15.7256;-1.50141;-2.36421;
10.7278;-1.29866;15.5811;-1.4454;-2.30277;
10.5939;-1.33894;15.4386;-1.42527;-2.32497;
10.4642;-1.29713;15.2873;-1.5131;-2.27949;
10.3319;-1.32352;15.138;-1.49217;-2.29637;
10.2014;-1.30434;14.989;-1.49094;-2.28954;
10.0649;-1.3654;14.8364;-1.5256;-2.30084;
9.94392;-1.20978;14.6943;-1.42084;-2.27614;
9.81433;-1.29583;14.539;-1.55262;-2.26629;
9.68833;-1.26;14.3854;-1.53602;-2.25779;
9.56668;-1.21655;14.2293;-1.56185;-2.23255;
9.4459;-1.20783;14.0685;-1.60774;-2.2151;
9.3244;-1.21496;13.9079;-1.60559;-2.21858;
9.22276;-1.01644;13.7419;-1.65978;-2.12028;
9.12288;-0.998724;13.5925;-1.4941;-2.16003;
9.0283;-0.94585;13.421;-1.71527;-2.07474;
8.91042;-1.1788;13.2573;-1.63737;-2.19478;
8.79357;-1.16846;13.0939;-1.63381;-2.19164;
8.68469;-1.08883;12.9571;-1.36789;-2.24309;
8.55776;-1.26931;12.8013;-1.55797;-2.25445;
8.4414;-1.16358;12.6511;-1.50221;-2.22984;
8.27727;-1.64127;12.4901;-1.60949;-2.36597;
8.13671;-1.40569;12.3475;-1.42666;-2.34879;
7.98685;-1.49856;12.191;-1.56517;-2.33446;
7.8489;-1.37945;12.0455;-1.45428;-2.32979;
7.72896;-1.19942;11.9001;-1.45444;-2.2604;
7.60725;-1.21717;11.7497;-1.50397;-2.25119;
7.48757;-1.19676;11.5914;-1.58277;-2.2182;
7.35159;-1.35978;11.4353;-1.56099;-2.28741;
7.18717;-1.64419;11.2754;-1.5994;-2.37;
7.06961;-1.17562;11.1171;-1.58231;-2.20979;
6.96099;-1.0862;10.9628;-1.54337;-2.18406;
6.86817;-0.9282;10.8057;-1.57108;-2.10443;
6.74872;-1.19451;10.6145;-1.91197;-2.12922;
6.66317;-0.855486;10.4379;-1.76577;-2.02195;
6.57606;-0.871154;10.258;-1.79921;-2.02171;
6.51363;-0.624233;10.1141;-1.43912;-1.98006;
6.4353;-0.783304;9.92565;-1.88436;-1.96475;
6.36357;-0.717369;9.74033;-1.85323;-1.94013;
6.27906;-0.845046;9.55263;-1.87705;-1.99382;
6.1985;-0.805644;9.36536;-1.87268;-1.97707;
6.14699;-0.515104;9.18136;-1.83996;-1.84376;
6.10145;-0.455387;8.97882;-2.02545;-1.79195;
6.03982;-0.616298;8.77618;-2.02636;-1.86605;
5.98918;-0.506357;8.58304;-1.93137;-1.8272;
5.94161;-0.475688;8.39751;-1.8553;-1.82178;
5.88968;-0.519358;8.20858;-1.88935;-1.83906;
5.85162;-0.380588;8.04564;-1.62937;-1.80026;
5.80301;-0.486125;7.85913;-1.86508;-1.82577;
5.75026;-0.527432;7.65899;-2.00141;-1.82847;
5.69995;-0.50316;7.46815;-1.90846;-1.82858;
5.64838;-0.515644;7.27359;-1.94556;-1.82988;
5.60232;-0.460583;7.06167;-2.11924;-1.7848;
5.56403;-0.382974;6.87038;-1.91283;-1.7684;
5.53638;-0.276455;6.68391;-1.86476;-1.71798;
5.52838;-0.0800363;6.48874;-1.9517;-1.61178;
5.51096;-0.174166;6.29142;-1.97322;-1.65883;
5.49423;-0.167328;6.09028;-2.0114;-1.6538;
5.49284;-0.0138941;5.89086;-1.99415;-1.57776;
5.50048;0.0764506;5.68584;-2.05021;-1.53352;
5.48107;-0.194162;5.48099;-2.04846;-1.6653;
5.46125;-0.198213;5.2785;-2.02494;-1.66837;
5.43155;-0.296993;5.07109;-2.07407;-1.71302;
5.40279;-0.287614;4.87205;-1.99043;-1.7143;
5.37416;-0.286294;4.67688;-1.95169;-1.71645;
5.33713;-0.370225;4.47953;-1.97349;-1.75624;
5.29988;-0.372565;4.26736;-2.12175;-1.74462;
5.24662;-0.532612;4.08151;-1.85847;-1.8499;
5.19986;-0.467559;3.87738;-2.04136;-1.79596;
5.14;-0.59864;3.66544;-2.11933;-1.84609;
5.0909;-0.490967;3.46812;-1.9732;-1.81466;
5.04195;-0.489466;3.27103;-1.9709;-1.81422;
4.99857;-0.433856;3.07599;-1.95047;-1.78967;
4.98013;-0.184354;2.85212;-2.23865;-1.65296;
4.95346;-0.266768;2.64713;-2.04996;-1.7002;
4.91355;-0.399058;2.44082;-2.06305;-1.76187;
4.89314;-0.204057;2.23089;-2.09927;-1.6677;
4.87669;-0.164592;2.02989;-2.01005;-1.6525;
4.85993;-0.167506;1.83115;-1.98736;-1.65488;
4.83928;-0.206562;1.62048;-2.10677;-1.66853;
4.80366;-0.35622;1.40976;-2.10712;-1.73827;
4.75962;-0.440393;1.2226;-1.87159;-1.8019;
4.72318;-0.364405;1.02314;-1.99469;-1.75149;
4.69293;-0.302443;0.824772;-1.98364;-1.7221;
4.64903;-0.439044;0.645852;-1.78919;-1.81143;
4.60423;-0.448027;0.451664;-1.94189;-1.79755;
4.57325;-0.309745;0.255134;-1.9653;-1.72712;
4.54244;-0.308117;0.0611981;-1.93936;-1.72836;
4.5103;-0.32144;-0.129094;-1.90292;-1.73814;
4.49187;-0.184206;-0.320097;-1.91003;-1.66694;
4.47082;-0.210556;-0.501618;-1.81521;-1.68628;
4.4586;-0.122204;-0.712471;-2.10853;-1.62869;
4.45934;0.00745851;-0.897735;-1.85265;-1.56677;
4.47488;0.155309;-1.11931;-2.21579;-1.50082;
4.4801;0.0522527;-1.31342;-1.94109;-1.54388;
4.49001;0.0990751;-1.5125;-1.99076;-1.52107;
4.51114;0.211354;-1.72953;-2.17029;-1.47372;
4.5351;0.239548;-1.93037;-2.00846;-1.45209;
4.56356;0.284587;-2.13238;-2.02006;-1.43084;
4.59333;0.297752;-2.33213;-1.99751;-1.42282;
4.61355;0.202227;-2.50821;-1.76082;-1.45645;
4.64153;0.279706;-2.70571;-1.97495;-1.4301;
4.68759;0.460617;-2.89062;-1.84911;-1.32666;
4.73387;0.462829;-3.08841;-1.97795;-1.34094;
4.78063;0.467647;-3.29024;-2.01825;-1.3431;
4.80638;0.257484;-3.50468;-2.14445;-1.4513;
4.83082;0.244416;-3.70277;-1.9809;-1.44803;
4.8335;0.0267042;-3.89729;-1.94514;-1.55707;
4.83619;0.026955;-4.0989;-2.01616;-1.55743;
4.83826;0.0206488;-4.32359;-2.24685;-1.56161;
4.8432;0.049438;-4.52718;-2.0359;-1.54652;
4.84064;-0.0256001;-4.72267;-1.95496;-1.58389;
4.84012;-0.00517858;-4.92526;-2.02587;-1.57335;
4.85998;0.198625;-5.11853;-1.93272;-1.46839;
4.88221;0.222269;-5.31706;-1.98523;-1.4593;
4.90384;0.216269;-5.52346;-2.064;-1.4664;
4.92576;0.21927;-5.72302;-1.99565;-1.46136;
4.95973;0.339651;-5.93068;-2.07654;-1.40867;
4.98165;0.219182;-6.12965;-1.98972;-1.46108;
5.00578;0.241275;-6.32572;-1.96068;-1.44836;
5.03396;0.281832;-6.4964;-1.70682;-1.40715;
5.06423;0.302679;-6.69123;-1.94828;-1.41667;
5.09614;0.319091;-6.88828;-1.9705;-1.41026;
5.13801;0.418703;-7.07992;-1.91648;-1.3557;
5.18042;0.424105;-7.28693;-2.07006;-1.36872;
5.22147;0.41058;-7.48156;-1.94635;-1.3629;
5.27026;0.48781;-7.67685;-1.95284;-1.32601;
5.31851;0.482496;-7.87057;-1.93726;-1.3267;
5.37266;0.54152;-8.04638;-1.75807;-1.272;
5.42802;0.553642;-8.24688;-2.00503;-1.30138;
5.47292;0.449026;-8.43777;-1.9089;-1.33977;
5.49788;0.249585;-8.64268;-2.04908;-1.44959;
5.49437;-0.0351162;-8.83584;-1.93154;-1.58897;
5.49947;0.0509588;-9.03278;-1.96947;-1.54493;
5.4874;-0.120677;-9.24123;-2.08448;-1.62862;
5.47591;-0.114856;-9.43938;-1.98148;-1.6287;
5.47381;-0.021035;-9.63656;-1.97182;-1.58146;
5.45086;-0.229476;-9.83844;-2.01876;-1.68398;
5.43444;-0.164189;-10.0504;-2.11929;-1.64812;
5.40634;-0.281016;-10.2467;-1.96368;-1.71294;
5.37147;-0.348758;-10.4305;-1.83784;-1.75833;
5.33183;-0.396321;-10.6346;-2.04068;-1.76262;
5.29106;-0.407762;-10.8305;-1.95927;-1.77599;
5.25269;-0.383652;-11.0249;-1.94349;-1.76569;
5.21001;-0.426819;-11.225;-2.00181;-1.78087;
5.17179;-0.382217;-11.4173;-1.9223;-1.76707;
5.12643;-0.45356;-11.6189;-2.01664;-1.79202;
5.0705;-0.559337;-11.8151;-1.96135;-1.8486;
5.01739;-0.531108;-12.0043;-1.89186;-1.84448;
4.97656;-0.408299;-12.2009;-1.9667;-1.77549;
4.93599;-0.405683;-12.3952;-1.94288;-1.77664;
4.89497;-0.410185;-12.5906;-1.95388;-1.77772;
4.85282;-0.421525;-12.787;-1.96371;-1.78224;
4.80383;-0.489911;-12.9855;-1.98518;-1.81275;
4.7539;-0.499275;-13.1769;-1.91381;-1.82599;
4.68898;-0.64918;-13.3724;-1.95486;-1.89142;
4.61973;-0.692482;-13.5619;-1.89532;-1.92109;
4.56093;-0.588069;-13.7536;-1.91667;-1.8685;
4.50308;-0.578502;-13.947;-1.93452;-1.86137;
4.44936;-0.537195;-14.1421;-1.95103;-1.83948;
4.40036;-0.489968;-14.3536;-2.11495;-1.79845;
4.35787;-0.424914;-14.555;-2.01409;-1.77872;
4.30908;-0.48786;-14.75;-1.94989;-1.81596;
4.2744;-0.346789;-14.9435;-1.93454;-1.74817;
4.23683;-0.375779;-15.1331;-1.89615;-1.76644;
4.21157;-0.252525;-15.3362;-2.03163;-1.69446;
4.17418;-0.373983;-15.5054;-1.69159;-1.78838;
4.14602;-0.281602;-15.7024;-1.96961;-1.71281;
4.10896;-0.370592;-15.8904;-1.8804;-1.76538;
4.10265;-0.063082;-16.0952;-2.0479;-1.60159;
4.10023;-0.0241532;-16.2903;-1.95099;-1.58318;
4.09752;-0.0271665;-16.49;-1.99684;-1.5844;
4.08568;-0.118329;-16.7013;-2.11353;-1.62672;
4.07306;-0.12627;-16.9023;-2.00925;-1.63356;
4.07235;-0.0070448;-17.0956;-1.93386;-1.57444;
4.07009;-0.0226648;-17.3003;-2.04634;-1.58187;
4.06824;-0.0184907;-17.4993;-1.99051;-1.58009;
4.06661;-0.0162652;-17.7063;-2.0695;-1.57866;
4.04264;-0.239735;-17.8994;-1.93141;-1.69429;
3.99412;-0.485167;-18.1051;-2.05666;-1.80246;
3.94939;-0.447268;-18.2998;-1.94752;-1.79654;
3.89138;-0.580096;-18.4833;-1.83482;-1.87701;
3.81565;-0.757383;-18.6521;-1.68741;-1.99269;
3.72627;-0.893799;-18.8433;-1.91265;-2.00795;
3.64639;-0.798777;-19.0259;-1.82538;-1.98329;
3.54395;-1.02437;-19.2065;-1.8063;-2.08668;
3.45185;-0.921034;-19.3847;-1.78247;-2.04773;
3.36005;-0.917936;-19.5622;-1.77477;-2.04812;
3.25991;-1.0014;-19.7448;-1.82559;-2.07252;
3.16424;-0.956761;-19.9162;-1.71387;-2.07995;
3.06202;-1.02215;-20.0746;-1.58455;-2.1437;
2.95771;-1.04311;-20.2443;-1.69711;-2.12191;
2.84928;-1.0843;-20.4125;-1.68184;-2.14344;
2.73457;-1.14715;-20.5732;-1.60698;-2.19076;
2.59478;-1.39789;-20.7391;-1.65879;-2.27105;
2.47472;-1.20054;-20.889;-1.49899;-2.24608;
2.36519;-1.09533;-21.047;-1.58047;-2.17684;
2.25243;-1.12763;-21.2057;-1.58625;-2.18879;
2.14453;-1.07895;-21.3702;-1.64537;-2.15121;
2.03358;-1.1095;-21.5391;-1.68948;-2.15187;
1.9146;-1.1898;-21.7124;-1.73219;-2.17266;
1.7987;-1.15903;-21.8961;-1.83744;-2.13355;
1.67926;-1.19439;-22.066;-1.69894;-2.18355;
1.56391;-1.15351;-22.2275;-1.61496;-2.19103;
1.46052;-1.03392;-22.3778;-1.50259;-2.17348;
1.33176;-1.28756;-22.5421;-1.64382;-2.23526;
1.21528;-1.16481;-22.698;-1.559;-2.21247;
1.09442;-1.20857;-22.8542;-1.56187;-2.22935;
0.949887;-1.44535;-22.9963;-1.42109;-2.36466;
0.814192;-1.35694;-23.1438;-1.47485;-2.31458;
0.671455;-1.42737;-23.2805;-1.36682;-2.37786;
0.558709;-1.12746;-23.4184;-1.37854;-2.25634;
0.428155;-1.30554;-23.5766;-1.58254;-2.26058;
0.315313;-1.12842;-23.7234;-1.4676;-2.22628;
0.194036;-1.21277;-23.8854;-1.62011;-2.21338;
0.077675;-1.16361;-24.0515;-1.66073;-2.18197;
-0.0562751;-1.3395;-24.2189;-1.67484;-2.2454;
-0.182341;-1.26066;-24.3691;-1.50128;-2.26929;
-0.316091;-1.3375;-24.5187;-1.49655;-2.30013;
-0.459003;-1.42911;-24.6744;-1.55722;-2.31332;
-0.594617;-1.35614;-24.8151;-1.40637;-2.33801;
-0.72701;-1.32393;-24.9418;-1.26688;-2.37821;
-0.876422;-1.49412;-25.0689;-1.27159;-2.43648;
-1.02994;-1.53519;-25.1824;-1.13454;-2.50515;
-1.21124;-1.81304;-25.2871;-1.04686;-2.61795;
-1.38212;-1.70873;-25.4063;-1.19244;-2.53231;
-1.55032;-1.68206;-25.5325;-1.26169;-2.49804;
-1.72115;-1.70828;-25.647;-1.1452;-2.55102;
-1.88238;-1.61226;-25.7541;-1.07094;-2.55527;
-2.053;-1.7062;-25.8595;-1.05408;-2.58819;
-2.21661;-1.63615;-25.9645;-1.0497;-2.57117;
-2.38872;-1.72112;-26.0752;-1.1074;-2.56986;
-2.55931;-1.70581;-26.1843;-1.09075;-2.57268;
-2.71213;-1.52824;-26.2905;-1.06231;-2.53415;
-2.88749;-1.75355;-26.3817;-0.911813;-2.66209;
-3.06398;-1.76497;-26.4739;-0.9216;-2.66037;
-3.25792;-1.9394;-26.5799;-1.05994;-2.64142;
-3.4118;-1.53874;-26.6755;-0.956657;-2.58536;
-3.58343;-1.71632;-26.784;-1.08516;-2.57779;
-3.74929;-1.65865;-26.8937;-1.09709;-2.55722;
-3.90141;-1.5212;-27.0233;-1.29539;-2.4362;
-4.07232;-1.70907;-27.1368;-1.13501;-2.55536;
-4.24099;-1.68666;-27.2497;-1.12937;-2.55157;
-4.42768;-1.86695;-27.3779;-1.28206;-2.53984;
-4.59309;-1.65409;-27.4911;-1.13153;-2.54163;
-4.74781;-1.54721;-27.5967;-1.05581;-2.54278;
-4.93257;-1.84757;-27.7176;-1.20894;-2.56217;
-5.10724;-1.74668;-27.8603;-1.42762;-2.45637;
-5.24901;-1.41776;-27.9897;-1.29343;-2.40202;
-5.39935;-1.50342;-28.1242;-1.34509;-2.41172;
-5.54688;-1.47531;-28.2449;-1.20714;-2.45583;
-5.71714;-1.70253;-28.3857;-1.40843;-2.45045;
-5.86751;-1.50374;-28.5169;-1.31212;-2.42414;
-6.00493;-1.37422;-28.6455;-1.28573;-2.38945;
-6.14309;-1.38152;-28.7789;-1.33368;-2.37381;
-6.29407;-1.50981;-28.9334;-1.54495;-2.34469;
-6.45142;-1.5735;-29.0789;-1.45512;-2.39526;
-6.59859;-1.47172;-29.2142;-1.35318;-2.39813;
-6.76071;-1.62121;-29.3354;-1.21233;-2.49951;
-6.90608;-1.45367;-29.4606;-1.25189;-2.43063;
-7.06019;-1.54116;-29.5891;-1.28478;-2.44667;
-7.21317;-1.52973;-29.7189;-1.2982;-2.43788;
-7.36087;-1.47707;-29.8491;-1.30178;-2.41919;
-7.50327;-1.42396;-29.9861;-1.36963;-2.37564;

-7.62966;-1.26388;29.872;-1.41975;-2.29818;
-7.7514;-1.21745;29.7094;-1.62562;-2.2136;
-7.86837;-1.16971;29.55;-1.59358;-2.20399;
-7.98085;-1.12473;29.4031;-1.46944;-2.22409;
-8.10425;-1.23405;29.2417;-1.61412;-2.22353;
-8.22568;-1.21426;29.0636;-1.78059;-2.1693;
-8.33882;-1.1314;28.8952;-1.68465;-2.1622;
-8.44732;-1.085;28.7227;-1.72434;-2.13243;
-8.55435;-1.07032;28.5514;-1.71366;-2.1291;
-8.6665;-1.12151;28.3778;-1.73593;-2.14439;
-8.78222;-1.1572;28.199;-1.78798;-2.14521;
-8.90536;-1.23141;27.989;-2.09917;-2.10132;
-9.00895;-1.0359;27.8162;-1.72875;-2.11064;
-9.10616;-0.972145;27.648;-1.68147;-2.095;
-9.20766;-1.01497;27.4778;-1.70243;-2.10841;
-9.3131;-1.05435;27.307;-1.70822;-2.12378;
-9.41421;-1.01115;27.1456;-1.61408;-2.13044;
-9.50621;-0.920026;26.9667;-1.78834;-2.04594;
-9.60413;-0.979164;26.7636;-2.03116;-2.02;
-9.68919;-0.850615;26.567;-1.96582;-1.97917;
-9.76218;-0.72991;26.3835;-1.83475;-1.94943;
-9.8434;-0.81213;26.1965;-1.87093;-1.98033;
-9.9147;-0.713064;26.0163;-1.80147;-1.9477;
-9.99276;-0.780616;25.8353;-1.80975;-1.97802;
-10.065;-0.722814;25.6526;-1.82694;-1.94754;
-10.1384;-0.733211;25.4664;-1.8621;-1.94591;
-10.238;-0.996605;25.3025;-1.63936;-2.11702;
-10.3421;-1.04036;25.1316;-1.7086;-2.11773;
-10.4489;-1.06831;24.9582;-1.73413;-2.12293;
-10.5705;-1.21609;24.791;-1.67257;-2.19946;
-10.7159;-1.45396;24.6393;-1.51705;-2.33496;
-10.8553;-1.39415;24.4841;-1.55135;-2.30288;
-10.9894;-1.34075;24.338;-1.46116;-2.31325;
-11.1177;-1.28326;24.1908;-1.47198;-2.2878;
-11.2554;-1.37668;24.0624;-1.28412;-2.39097;
-11.399;-1.43645;23.9257;-1.36747;-2.38079;
-11.542;-1.4299;23.8189;-1.06764;-2.50024;
-11.71;-1.67945;23.6937;-1.25227;-2.50089;
-11.8364;-1.26474;23.5813;-1.12347;-2.41528;
-11.9853;-1.48876;23.4498;-1.31535;-2.41796;
-12.1343;-1.48966;23.3255;-1.24246;-2.44643;
-12.2876;-1.53345;23.1982;-1.27308;-2.4487;
-12.4417;-1.54116;23.0704;-1.27861;-2.44904;
-12.5918;-1.50076;22.9437;-1.26701;-2.44045;
-12.7508;-1.59021;22.8098;-1.33868;-2.44186;
-12.8975;-1.46661;22.6787;-1.31131;-2.41204;
-13.0497;-1.52197;22.5319;-1.46719;-2.37452;
-13.1876;-1.37934;22.3794;-1.52493;-2.30611;
-13.311;-1.23344;22.2336;-1.45855;-2.27277;
-13.4352;-1.24244;22.0746;-1.59013;-2.23406;
-13.5672;-1.31941;21.9115;-1.63054;-2.25111;
-13.691;-1.23886;21.7469;-1.64582;-2.21604;
-13.805;-1.13959;21.5813;-1.65687;-2.17329;
-13.9232;-1.18157;21.4256;-1.55631;-2.22017;
-14.0529;-1.29697;21.2581;-1.67579;-2.22945;
-14.1772;-1.24388;21.1007;-1.57332;-2.23978;
-14.3164;-1.39117;20.9564;-1.44299;-2.33791;
-14.42;-1.03643;20.7912;-1.65246;-2.13098;
-14.5095;-0.894579;20.6253;-1.65849;-2.06546;
-14.5978;-0.883706;20.4432;-1.82145;-2.02251;
-14.6853;-0.874608;20.2672;-1.76028;-2.03193;
-14.7739;-0.885733;20.0863;-1.80855;-2.02621;
-14.8809;-1.07007;19.895;-1.91333;-2.08073;
-14.9874;-1.06495;19.7083;-1.86641;-2.08931;
-15.1166;-1.29228;19.5028;-2.05562;-2.13202;
-15.2269;-1.10319;19.3357;-1.67049;-2.15445;
-15.3354;-1.08497;19.1683;-1.67425;-2.14579;
-15.4425;-1.07109;19.002;-1.66255;-2.14311;
-15.5506;-1.08111;18.8332;-1.68784;-2.14048;
-15.6534;-1.02775;18.6581;-1.75168;-2.10139;
-15.7542;-1.00773;18.484;-1.74106;-2.09548;
-15.8602;-1.06053;18.3157;-1.68228;-2.13328;
-15.9539;-0.937137;18.143;-1.72699;-2.06797;
-16.0473;-0.933178;17.9694;-1.73666;-2.06387;
-16.1323;-0.849904;17.8019;-1.67466;-2.04043;
-16.2278;-0.955151;17.6151;-1.868;-2.04346;
-16.3038;-0.760653;17.4272;-1.87885;-1.95548;
-16.3894;-0.855164;17.2734;-1.5378;-2.07831;
-16.4885;-0.991911;17.099;-1.74416;-2.08789;
-16.5864;-0.978328;16.9238;-1.75257;-2.07993;
-16.6854;-0.989919;16.7483;-1.75428;-2.08454;
-16.7853;-0.999001;16.5719;-1.76496;-2.08586;
-16.8888;-1.03576;16.43;-1.4186;-2.20146;
-17.0128;-1.23912;16.2615;-1.68533;-2.20478;
-17.1259;-1.13104;16.0864;-1.7509;-2.14434;
-17.2257;-0.99793;15.9168;-1.69617;-2.1026;
-17.3448;-1.19104;15.7357;-1.81026;-2.15273;
-17.4402;-0.954391;15.5621;-1.7361;-2.07343;
-17.5361;-0.95929;15.389;-1.73118;-2.0768;
-17.628;-0.919226;15.2153;-1.73745;-2.05742;
-17.7084;-0.803853;15.0248;-1.90491;-1.97011;
-17.8146;-1.06181;14.8272;-1.97548;-2.06399;
-17.9066;-0.920143;14.656;-1.71185;-2.064;
-17.9986;-0.91934;14.4789;-1.77092;-2.04963;
-18.072;-0.734688;14.2873;-1.91684;-1.93681;
-18.1493;-0.77295;14.1031;-1.84115;-1.96827;
-18.2278;-0.785163;13.9221;-1.80999;-1.98009;
-18.3069;-0.790597;13.7297;-1.92458;-1.96057;
-18.3889;-0.819917;13.5587;-1.70941;-2.01803;
-18.4785;-0.896039;13.3865;-1.72201;-2.05059;
-18.573;-0.945319;13.209;-1.77516;-2.06013;
-18.6744;-1.01416;13.0402;-1.68791;-2.11183;
-18.7874;-1.12914;12.8422;-1.97994;-2.08908;
-18.8864;-0.99011;12.6707;-1.71507;-2.09436;
-18.9851;-0.987146;12.4908;-1.79885;-2.07269;
-19.0773;-0.921879;12.3046;-1.86197;-2.03052;
-19.1768;-0.995581;12.1055;-1.99142;-2.03439;
-19.2758;-0.990109;11.9161;-1.89438;-2.0524;
-19.3696;-0.937629;11.743;-1.73103;-2.06721;
-19.4566;-0.869715;11.5744;-1.68575;-2.0471;
-19.5335;-0.769389;11.3899;-1.84511;-1.96586;
-19.6115;-0.780101;11.2208;-1.6909;-2.00305;
-19.6942;-0.826899;11.0565;-1.64316;-2.03703;
-19.7818;-0.875415;10.8812;-1.75275;-2.03401;
-19.8711;-0.893285;10.7027;-1.78497;-2.0348;
-19.9614;-0.90288;10.5531;-1.49638;-2.11369;
-20.0499;-0.885293;10.3812;-1.71829;-2.04654;
-20.1585;-1.08632;10.2107;-1.70551;-2.13794;
-20.2781;-1.19545;10.0331;-1.77572;-2.16332;
-20.387;-1.0897;9.86787;-1.65245;-2.15378;
-20.4971;-1.10059;9.70093;-1.66931;-2.15369;
-20.6096;-1.12531;9.53645;-1.64485;-2.1708;
-20.7256;-1.15925;9.36124;-1.75212;-2.1553;
-20.8378;-1.12286;9.19443;-1.66807;-2.16327;
-20.9579;-1.20073;9.02292;-1.71509;-2.18159;
-21.0745;-1.16578;8.86135;-1.61574;-2.19582;
-21.1995;-1.25017;8.70569;-1.55656;-2.24746;
-21.3287;-1.29218;8.55091;-1.54778;-2.26644;
-21.4518;-1.23092;8.39095;-1.59961;-2.22667;
-21.5601;-1.08226;8.22451;-1.66441;-2.14734;
-21.669;-1.08969;8.05686;-1.67648;-2.14716;
-21.763;-0.939541;7.88898;-1.67881;-2.08102;
-21.8495;-0.864963;7.70858;-1.80398;-2.01789;
-21.9395;-0.900141;7.5329;-1.75683;-2.04429;
-22.0305;-0.910615;7.35644;-1.76462;-2.04719;
-22.1169;-0.863079;7.16744;-1.89004;-1.99916;
-22.1979;-0.810835;6.98852;-1.78918;-1.9963;
-22.2799;-0.819823;6.80576;-1.8276;-1.99247;
-22.3601;-0.801438;6.62067;-1.85088;-1.97943;
-22.4389;-0.788535;6.43674;-1.83928;-1.97581;
-22.5394;-1.00511;6.23035;-2.06391;-2.02399;
-22.6524;-1.13004;6.03029;-2.00061;-2.08497;
-22.7485;-0.960657;5.8489;-1.81394;-2.05784;
-22.8362;-0.877003;5.67159;-1.77308;-2.03013;
-22.9229;-0.866964;5.48796;-1.83626;-2.01191;
-23.0288;-1.05937;5.3266;-1.6136;-2.15175;
-23.1622;-1.33357;5.17173;-1.54876;-2.28168;
-23.2894;-1.27227;5.01362;-1.58112;-2.24837;
-23.4166;-1.27182;4.85077;-1.62844;-2.23385;
-23.5373;-1.20747;4.68854;-1.62231;-2.21063;
-23.6712;-1.33856;4.52439;-1.64154;-2.25487;
-23.8033;-1.32097;4.36574;-1.58644;-2.26514;
-23.9104;-1.07145;4.23294;-1.32805;-2.24966;
-24.0465;-1.36056;4.09005;-1.42892;-2.33169;
-24.1831;-1.36612;3.94503;-1.45015;-2.32637;
-24.3111;-1.28003;3.77487;-1.70161;-2.21573;
-24.4065;-0.954276;3.61999;-1.5488;-2.123;
-24.5055;-0.989823;3.44122;-1.78771;-2.07646;
-24.5974;-0.918444;3.26564;-1.75583;-2.05274;
-24.6915;-0.941635;3.07854;-1.871;-2.03706;
-24.7775;-0.859438;2.91494;-1.63594;-2.05452;
-24.8431;-0.656516;2.74703;-1.67916;-1.9435;
-24.9053;-0.621542;2.5634;-1.83624;-1.89718;
-24.9688;-0.635435;2.35645;-2.06956;-1.8687;
-25.0458;-0.769633;2.1734;-1.83042;-1.96882;
-25.095;-0.492292;1.98766;-1.85748;-1.82987;
-25.1506;-0.556081;1.78518;-2.02471;-1.83883;
-25.2021;-0.515196;1.58099;-2.04197;-1.81794;
-25.2265;-0.243422;1.36891;-2.12075;-1.68508;
-25.2517;-0.251649;1.16851;-2.00403;-1.69571;
-25.269;-0.173216;0.972656;-1.95853;-1.65901;
-25.2795;-0.104987;0.770555;-2.02101;-1.6227;
-25.3161;-0.365999;0.579533;-1.91021;-1.7601;
-25.3517;-0.356555;0.381778;-1.97755;-1.74918;
-25.4025;-0.507491;0.177794;-2.03984;-1.81463;
-25.4429;-0.404235;-0.026791;-2.04585;-1.76587;
-25.4904;-0.474561;-0.22206;-1.95269;-1.8092;
-25.5371;-0.466904;-0.416228;-1.94169;-1.80678;
-25.5519;-0.148061;-0.607214;-1.90986;-1.64817;
-25.5668;-0.149308;-0.806418;-1.99204;-1.64561;
-25.5805;-0.137285;-1.00602;-1.99605;-1.63947;
-25.5945;-0.139986;-1.2275;-2.21477;-1.63392;
-25.6084;-0.139098;-1.44426;-2.16762;-1.63488;
-25.6155;-0.070441;-1.61687;-1.72604;-1.61158;
-25.6298;-0.143292;-1.81754;-2.00675;-1.64208;
-25.6445;-0.147397;-2.0155;-1.97961;-1.64512;
-25.6787;-0.341193;-2.21263;-1.97128;-1.74218;
-25.7164;-0.377301;-2.4047;-1.92074;-1.76476;
-25.7638;-0.474093;-2.5918;-1.87098;-1.81897;
-25.8118;-0.479661;-2.78085;-1.89047;-1.81928;
-25.8659;-0.541574;-2.99659;-2.15742;-1.81674;
-25.9128;-0.469126;-3.19561;-1.99019;-1.80229;
-25.9544;-0.415441;-3.3954;-1.99791;-1.77581;
-25.9931;-0.387046;-3.60202;-2.0662;-1.75597;
-26.0201;-0.270299;-3.80729;-2.05269;-1.70172;
-26.0457;-0.255585;-4.00782;-2.00526;-1.69757;
-26.0851;-0.394193;-4.20112;-1.93301;-1.77197;
-26.1226;-0.37547;-4.40019;-1.9907;-1.75722;
-26.1393;-0.167103;-4.59919;-1.99006;-1.65457;
-26.1563;-0.169528;-4.80095;-2.01759;-1.65462;
-26.1736;-0.172561;-4.99536;-1.94409;-1.65933;
-26.2002;-0.266393;-5.22403;-2.28668;-1.68677;
-26.2129;-0.127302;-5.42641;-2.02379;-1.63362;
-26.2356;-0.226381;-5.63564;-2.09229;-1.67857;
-26.2554;-0.1979;-5.831;-1.9536;-1.67175;
-26.2712;-0.158889;-6.0216;-1.906;-1.65397;
-26.2731;-0.0189139;-6.2298;-2.08206;-1.57988;
-26.2747;-0.0157464;-6.43329;-2.03487;-1.57853;
-26.2778;-0.0312322;-6.64119;-2.07895;-1.58582;
-26.27;0.0786558;-6.84249;-2.01301;-1.53174;
-26.2781;-0.0811536;-7.04927;-2.06786;-1.61002;
-26.2956;-0.174795;-7.21813;-1.68858;-1.67395;
-26.3119;-0.16368;-7.386;-1.67872;-1.66799;
-26.3295;-0.175648;-7.59311;-2.07108;-1.6554;
-26.3469;-0.173644;-7.79334;-2.00229;-1.6573;
-26.3691;-0.222778;-7.99282;-1.99482;-1.68201;
-26.3911;-0.219505;-8.19067;-1.97846;-1.68129;
-26.3994;-0.0829855;-8.39103;-2.00362;-1.61219;
-26.4051;-0.0575419;-8.588;-1.96967;-1.6;
-26.4197;-0.146067;-8.78803;-2.00034;-1.64369;
-26.4335;-0.137328;-8.99139;-2.03362;-1.63822;
-26.4406;-0.0708481;-9.18465;-1.93256;-1.60744;
-26.4423;-0.0178258;-9.3798;-1.95154;-1.57993;
-26.4354;0.0696793;-9.55773;-1.77927;-1.53165;
-26.4346;0.00753914;-9.76178;-2.04053;-1.5671;
-26.4316;0.0301136;-9.95251;-1.90731;-1.55501;
-26.449;-0.174179;-10.1466;-1.94134;-1.66028;
-26.4657;-0.167146;-10.3394;-1.92745;-1.6573;
-26.5005;-0.347349;-10.5431;-2.03676;-1.73971;
-26.5324;-0.318723;-10.7506;-2.07544;-1.72318;
-26.5853;-0.529952;-10.9599;-2.09265;-1.81883;
-26.6337;-0.483816;-11.1375;-1.77629;-1.83672;
-26.6793;-0.455268;-11.3423;-2.04772;-1.78957;
-26.7227;-0.434718;-11.5373;-1.95061;-1.79008;
-26.7797;-0.569888;-11.7472;-2.09865;-1.83595;
-26.8326;-0.52872;-11.9399;-1.92694;-1.83859;
-26.8949;-0.623485;-12.1369;-1.97043;-1.87725;
-26.9593;-0.643443;-12.3219;-1.84967;-1.90557;
-27.0008;-0.415529;-12.5225;-2.0062;-1.77503;
-27.0204;-0.19568;-12.7276;-2.05118;-1.66591;
-27.0406;-0.201528;-12.9277;-2.00102;-1.67117;
-27.0596;-0.190536;-13.1269;-1.99123;-1.66619;
-27.0739;-0.142725;-13.3288;-2.01897;-1.64137;
-27.0832;-0.0931684;-13.5339;-2.051;-1.61619;
-27.0828;0.00373991;-13.7395;-2.05639;-1.56898;
-27.0818;0.0103897;-13.9396;-2.00096;-1.5656;
-27.0872;-0.0545092;-14.1414;-2.01767;-1.59781;
-27.0685;0.187428;-14.351;-2.09622;-1.48162;
-27.0526;0.159226;-14.5501;-1.99078;-1.49098;
-27.0308;0.218186;-14.7673;-2.17264;-1.47071;
-27.0132;0.175258;-14.9616;-1.94228;-1.48081;
-26.9929;0.203558;-15.1571;-1.95525;-1.46706;
-26.9691;0.237668;-15.3569;-1.99779;-1.45239;
-26.9355;0.336049;-15.571;-2.14128;-1.41513;
-26.9046;0.308724;-15.7687;-1.97721;-1.41591;
-26.8719;0.326905;-15.9685;-1.99825;-1.40864;
-26.8372;0.347834;-16.1582;-1.89641;-1.38939;
-26.7878;0.493349;-16.3354;-1.77264;-1.29935;
-26.7192;0.685917;-16.5403;-2.04875;-1.24773;
-26.6567;0.625118;-16.7292;-1.88853;-1.25114;
-26.5942;0.625252;-16.8944;-1.65209;-1.20899;
-26.535;0.5922;-17.0724;-1.78048;-1.2497;
-26.4719;0.630823;-17.2626;-1.90132;-1.25044;
-26.4022;0.69711;-17.4371;-1.74572;-1.19087;
-26.3407;0.615215;-17.6254;-1.88232;-1.2549;
-26.2773;0.633349;-17.8196;-1.94266;-1.25564;
-26.1969;0.804432;-18.014;-1.94401;-1.17845;
-26.1026;0.942748;-18.2147;-2.00708;-1.13167;
-26.0173;0.853463;-18.418;-2.03232;-1.17321;
-25.9367;0.805479;-18.5904;-1.7238;-1.13368;
-25.8556;0.811517;-18.7934;-2.03022;-1.19053;
-25.7856;0.699181;-18.9873;-1.93961;-1.22482;
-25.7245;0.611657;-19.1688;-1.81493;-1.24574;
-25.6451;0.793778;-19.3664;-1.97619;-1.18885;
-25.5629;0.821453;-19.5425;-1.7605;-1.13422;
-25.5041;0.588334;-19.7334;-1.90874;-1.27181;
-25.4472;0.569423;-19.9227;-1.89369;-1.2787;
-25.3698;0.774013;-20.1303;-2.07587;-1.2139;
-25.3003;0.694784;-20.3126;-1.82273;-1.20662;
-25.2284;0.718716;-20.501;-1.88393;-1.20634;
-25.152;0.76464;-20.6626;-1.61629;-1.12891;
-25.0649;0.870606;-20.8447;-1.82072;-1.12477;
-24.9801;0.847971;-21.0219;-1.77237;-1.12455;
-24.8823;0.978071;-21.2077;-1.85752;-1.08614;
-24.7861;0.961639;-21.3851;-1.77416;-1.0741;
-24.6809;1.05181;-21.5309;-1.45834;-0.945956;
-24.6061;0.748827;-21.7458;-2.14897;-1.2355;
-24.541;0.650965;-21.938;-1.92173;-1.24419;
-24.4775;0.634586;-22.126;-1.87961;-1.2452;
-24.4301;0.473972;-22.3133;-1.87356;-1.32302;
-24.3937;0.36363;-22.5145;-2.01225;-1.39202;
-24.3747;0.190664;-22.7139;-1.99383;-1.47546;
-24.3652;0.0948929;-22.9475;-2.33588;-1.53019;
-24.3617;0.0347175;-23.1578;-2.10327;-1.55429;
-24.3499;0.117912;-23.351;-1.93165;-1.50983;
-24.337;0.129352;-23.5476;-1.96546;-1.50508;
-24.3291;0.0785109;-23.7501;-2.02497;-1.53204;
-24.3134;0.157363;-23.9528;-2.02706;-1.49332;
-24.2999;0.135376;-24.1613;-2.08538;-1.50597;
-24.2681;0.317345;-24.3675;-2.06244;-1.41812;
-24.2372;0.309559;-24.5616;-1.94032;-1.41259;
-24.1941;0.430351;-24.7601;-1.98527;-1.35733;
-24.1489;0.452741;-24.9572;-1.97087;-1.345;
-24.1102;0.38688;-25.168;-2.10807;-1.38929;
-24.0735;0.366657;-25.3649;-1.96895;-1.38669;
-24.0426;0.308851;-25.5616;-1.96665;-1.41502;
-24.0127;0.299019;-25.7625;-2.00951;-1.42308;
-23.973;0.397438;-25.9576;-1.95101;-1.36984;
-23.925;0.480047;-26.1562;-1.98629;-1.33366;
-23.863;0.619729;-26.3376;-1.81351;-1.24151;
-23.7863;0.766961;-26.5435;-2.05894;-1.21422;
-23.6984;0.878947;-26.7409;-1.9743;-1.15195;
-23.6308;0.675961;-26.922;-1.81054;-1.21348;
-23.5629;0.678908;-27.1008;-1.78836;-1.20798;
-23.4918;0.71136;-27.2861;-1.85301;-1.20425;
-23.424;0.678419;-27.4744;-1.8832;-1.22502;
-23.3697;0.542172;-27.6828;-2.08417;-1.3163;
-23.3165;0.532725;-27.8679;-1.85097;-1.29056;
-23.249;0.674415;-28.0372;-1.69283;-1.19167;
-23.1685;0.805607;-28.2412;-2.04026;-1.19473;
-23.0786;0.898451;-28.4385;-1.97278;-1.14344;
-22.9889;0.897516;-28.6289;-1.90387;-1.13027;
-22.9091;0.797771;-28.8265;-1.97634;-1.18714;
-22.8348;0.742765;-29.0129;-1.86383;-1.19157;
-22.7467;0.881073;-29.2134;-2.00465;-1.1567;
-22.656;0.906672;-29.4067;-1.93346;-1.13231;
-22.5573;0.986881;-29.5922;-1.85461;-1.08178;
-22.4643;0.930382;-29.7691;-1.76885;-1.08658;
-22.3474;1.16905;-29.9636;-1.94523;-1.02965;

-22.2344;1.12995;29.8584;-1.77989;-1.00515;
-22.1277;1.06682;29.6553;-2.03081;-1.0871;
-22.0036;1.24079;29.4871;-1.68237;-0.935326;
-21.8932;1.10424;29.3286;-1.58489;-0.962269;
-21.7692;1.24069;29.1754;-1.53158;-0.889944;
-21.6407;1.28475;29.012;-1.63427;-0.904568;
-21.5174;1.23289;28.8555;-1.56482;-0.903488;
-21.3783;1.39044;28.6925;-1.62982;-0.864491;
-21.2426;1.35764;28.544;-1.48576;-0.830426;
-21.1098;1.32744;28.3984;-1.45535;-0.831333;
-20.9763;1.33577;28.2435;-1.54892;-0.859156;
-20.8427;1.33602;28.09;-1.53536;-0.85471;
-20.7066;1.36039;27.9282;-1.61813;-0.871717;
-20.57;1.36651;27.7747;-1.53493;-0.84338;
-20.4358;1.34124;27.6293;-1.4538;-0.825647;
-20.3081;1.27733;27.479;-1.50293;-0.866365;
-20.1721;1.36026;27.3249;-1.5415;-0.847774;
-20.0212;1.50916;27.1807;-1.4419;-0.762611;
-19.8749;1.46314;27.0385;-1.42215;-0.771193;
-19.7401;1.34714;26.9083;-1.3015;-0.768171;
-19.6018;1.38354;26.7654;-1.42882;-0.801497;
-19.4516;1.50222;26.6169;-1.48505;-0.779651;
-19.3035;1.48024;26.4817;-1.35207;-0.740178;
-19.1539;1.49616;26.3488;-1.32932;-0.726419;
-18.9935;1.60405;26.2078;-1.41031;-0.721217;
-18.8467;1.46854;26.0735;-1.34282;-0.740711;
-18.6943;1.52378;25.9156;-1.57872;-0.803104;
-18.5446;1.49717;25.771;-1.44643;-0.768163;
-18.4079;1.36695;25.6346;-1.36383;-0.784254;
-18.261;1.46928;25.4938;-1.40759;-0.763959;
-18.1111;1.4988;25.3586;-1.35208;-0.73398;
-17.9714;1.39676;25.2026;-1.56003;-0.840561;
-17.8521;1.19255;25.0607;-1.41889;-0.871853;
-17.7236;1.28587;24.9057;-1.54994;-0.878249;
-17.6067;1.16822;24.7287;-1.77078;-0.987618;
-17.4875;1.192;24.5715;-1.57165;-0.921917;
-17.385;1.0257;24.4175;-1.54026;-0.983305;
-17.2698;1.15137;24.2355;-1.81969;-1.00666;
-17.1604;1.09448;24.0684;-1.67092;-0.990905;
-17.0693;0.910385;23.8842;-1.8424;-1.11186;
-16.9561;1.13238;23.7168;-1.67387;-0.976014;
-16.8222;1.33906;23.5465;-1.70313;-0.904505;
-16.7033;1.18857;23.3919;-1.54594;-0.915348;
