#1 AntPos X;#2 AntPos Y;#3 Distance form nest;#4 Total Distance;#5 Total Y Distance
13.6355;-16.7729;21.6161;0.184286;0.183159
13.657;-16.5743;21.4761;0.384048;0.381754
13.6788;-16.3765;21.3377;0.583084;0.579597
13.6695;-16.1803;21.1815;0.777644;0.775742
13.6536;-15.9781;21.0172;0.978684;0.977927
13.6377;-15.7762;20.8536;1.18012;1.17991
13.6461;-15.5834;20.7137;1.37299;1.37264
13.6537;-15.3887;20.5727;1.56784;1.56737
13.6816;-15.1703;20.4285;1.78705;1.78581
13.7061;-14.9758;20.301;1.9824;1.98031
13.7326;-14.7758;20.172;2.1834;2.18024
13.7589;-14.578;20.0455;2.38244;2.3781
13.806;-14.3777;19.933;2.58541;2.57835
13.8531;-14.1797;19.8236;2.78654;2.77635
13.8985;-13.9825;19.7149;2.98708;2.97361
13.9394;-13.7643;19.5899;3.20818;3.19175
13.9755;-13.5648;19.4761;3.41032;3.39122
14.0029;-13.3838;19.3703;3.59325;3.57226
14.0398;-13.1973;19.2687;3.78271;3.7588
14.0765;-12.9952;19.1579;3.98769;3.9609
14.1097;-12.7886;19.0428;4.19675;4.16751
14.1272;-12.606;18.9338;4.38015;4.35012
14.1333;-12.4051;18.8052;4.58043;4.55102
14.1334;-12.2034;18.6729;4.78081;4.75263
14.1333;-12.0033;18.5426;4.97981;4.95277
14.1389;-11.8094;18.422;5.1733;5.14672
14.1614;-11.6096;18.312;5.37432;5.34648
14.1698;-11.4148;18.1956;5.56896;5.54127
14.159;-11.2042;18.0558;5.77755;5.75188
14.1476;-11.0055;17.9242;5.97437;5.95059
14.1489;-10.8033;17.8017;6.17587;6.15276
14.1333;-10.6004;17.6669;6.37672;6.35563
14.1136;-10.4017;17.5325;6.57329;6.55436
14.0955;-10.2024;17.4003;6.77078;6.75372
14.0757;-10.0025;17.2677;6.96884;6.9536
14.0543;-9.79895;17.1331;7.17059;7.15712
14.0265;-9.5984;16.9962;7.36916;7.35767
13.989;-9.41001;16.8595;7.55532;7.54606
13.9533;-9.2126;16.7203;7.75085;7.74347
13.9412;-9.02257;16.6061;7.9402;7.9335
13.9235;-8.82128;16.4827;8.14063;8.13479
13.9032;-8.62287;16.3601;8.33818;8.3332
13.8897;-8.4197;16.2424;8.54078;8.53637
13.875;-8.22763;16.131;8.73231;8.72844
13.8518;-8.03079;16.0114;8.92842;8.92529
13.8133;-7.82891;15.8776;9.12932;9.12717
13.7865;-7.6158;15.7502;9.34184;9.34027
13.7518;-7.43905;15.6349;9.518;9.51702
13.7146;-7.24313;15.5097;9.71345;9.71294
13.6802;-7.04827;15.3891;9.90801;9.9078
13.6536;-6.85047;15.2758;10.1057;10.1056
13.6268;-6.65255;15.1639;10.3035;10.3035
13.6002;-6.45433;15.0541;10.5017;10.5017
13.5698;-6.26394;14.9458;10.6922;10.6921
13.5222;-6.05234;14.8149;10.9041;10.9037
13.4826;-5.86141;14.7016;11.0955;11.0947
13.4359;-5.65734;14.5784;11.3002;11.2987
13.3934;-5.45662;14.4623;11.5016;11.4994
13.3692;-5.27262;14.3714;11.686;11.6835
13.3463;-5.07708;14.2794;11.882;11.879
13.3238;-4.86733;14.185;12.0923;12.0887
13.3014;-4.66907;14.0971;12.291;12.287
13.2842;-4.47022;14.0162;12.4902;12.4859
13.2592;-4.27638;13.9318;12.6847;12.6797
13.2369;-4.07426;13.8497;12.8874;12.8818
13.2275;-3.87557;13.7836;13.0862;13.0805
13.2229;-3.67742;13.7247;13.2844;13.2787
13.2033;-3.4687;13.6513;13.4937;13.4874
13.1795;-3.27945;13.5814;13.6836;13.6766
13.1523;-3.10968;13.5149;13.8541;13.8464
13.1274;-2.8978;13.4434;14.0667;14.0583
13.0957;-2.68928;13.369;14.2762;14.2668
13.0541;-2.48943;13.2894;14.4775;14.4666
13.0129;-2.29529;13.2137;14.6732;14.6608
12.9558;-2.09696;13.1244;14.8737;14.8591
12.8809;-1.8932;13.0193;15.0808;15.0629
12.8121;-1.70785;12.9254;15.2694;15.2482
12.735;-1.51711;12.8251;15.464;15.439
12.6476;-1.32161;12.7165;15.6644;15.6345
12.5584;-1.13688;12.6098;15.8544;15.8192
12.4712;-0.959366;12.5081;16.0376;15.9967
12.3775;-0.780492;12.4021;16.2229;16.1756
12.2795;-0.595984;12.294;16.4145;16.3601
12.1943;-0.405037;12.2011;16.6119;16.551
12.1166;-0.22341;12.1187;16.7996;16.7327
12.0345;-0.0418496;12.0346;16.9879;16.9142
11.9561;0.139138;11.9569;17.1755;17.0952
11.8563;0.336798;11.8611;17.3821;17.2929
11.7671;0.526998;11.7789;17.5805;17.4831
11.6795;0.708175;11.7009;17.77;17.6642
11.6028;0.91302;11.6387;17.982;17.8691
11.5196;1.12391;11.5743;18.201;18.08
11.4269;1.2744;11.4978;18.3613;18.2305
11.3356;1.439;11.4266;18.5358;18.3951
11.2443;1.61223;11.3593;18.719;18.5683
11.1502;1.79113;11.2931;18.9086;18.7472
11.0467;1.99586;11.2256;19.1252;18.9519
10.9494;2.17172;11.1627;19.3127;19.1278
10.8522;2.34628;11.103;19.4991;19.3024
10.7497;2.51917;11.0409;19.6849;19.4752
10.6541;2.70116;10.9912;19.879;19.6572
10.5544;2.88767;10.9423;20.0784;19.8437
10.4732;3.06124;10.9114;20.2624;20.0173
10.383;3.23414;10.8751;20.4473;20.1902
10.2975;3.41079;10.8477;20.6353;20.3669
10.2236;3.58136;10.8327;20.8156;20.5374
10.1392;3.76814;10.8168;21.0137;20.7242
10.0583;3.95111;10.8065;21.2076;20.9072
9.96532;4.13929;10.7908;21.4088;21.0954
9.87761;4.31954;10.7808;21.6014;21.2756
9.78658;4.49001;10.7674;21.7851;21.4461
9.68276;4.66082;10.7461;21.9717;21.6169
9.58534;4.82432;10.7309;22.15;21.7804
9.50111;4.98705;10.7304;22.3254;21.9431
9.42031;5.18089;10.751;22.5309;22.137
9.34484;5.3717;10.7787;22.7325;22.3278
9.26176;5.56558;10.8054;22.9385;22.5216
9.16611;5.73378;10.8117;23.1219;22.6899
9.06944;5.90322;10.8214;23.3069;22.8593
8.98299;6.08462;10.8497;23.5017;23.0407
8.87866;6.259;10.863;23.6933;23.2151
8.76955;6.42642;10.8722;23.8793;23.3825
8.66098;6.58835;10.8821;24.06;23.5444
8.54643;6.75324;10.8926;24.2451;23.7093
8.43102;6.91916;10.9067;24.4316;23.8752
8.30587;7.09967;10.9267;24.6347;24.0557
8.19301;7.26441;10.9498;24.82;24.2205
8.07929;7.44131;10.984;25.0175;24.3974
7.94666;7.59159;10.9901;25.1936;24.5477
7.79513;7.72696;10.9759;25.3599;24.683
7.64595;7.85995;10.9654;25.5238;24.816
7.49732;7.98036;10.9497;25.6759;24.9364
7.32741;8.11523;10.9338;25.8477;25.0713
7.15544;8.23904;10.9125;26.01;25.1951
7.01023;8.34053;10.8953;26.1446;25.2966
6.83941;8.43106;10.8563;26.2758;25.3871
6.67476;8.54384;10.842;26.4275;25.4999
6.5139;8.6532;10.8309;26.5756;25.6093
6.35783;8.80033;10.8567;26.7593;25.7564
6.20769;8.92117;10.8684;26.9166;25.8772
6.04779;9.0371;10.874;27.0723;25.9932
5.89912;9.1633;10.898;27.2352;26.1194
5.7519;9.27055;10.91;27.38;26.2266
5.57154;9.38053;10.9104;27.5375;26.3366
5.40249;9.48369;10.9145;27.6859;26.4398
5.23681;9.58557;10.9228;27.8326;26.5416
5.07723;9.68481;10.935;27.9756;26.6409
4.91501;9.78029;10.9458;28.1163;26.7364
4.76421;9.88072;10.9693;28.2587;26.8368
4.60182;9.98779;10.9969;28.4115;26.9439
4.45215;10.0978;11.0357;28.5634;27.0538
4.28396;10.2189;11.0805;28.7324;27.175
4.12115;10.3359;11.1273;28.8962;27.292
3.98185;10.4735;11.2049;29.072;27.4296
3.85565;10.625;11.303;29.2569;27.5811
3.72694;10.7552;11.3827;29.4226;27.7113
3.59006;10.8981;11.4742;29.6033;27.8542
3.44667;11.0402;11.5657;29.7857;27.9963
3.28045;11.1905;11.6614;29.9839;28.1466
3.13247;11.3226;11.7479;30.159;28.2787
2.9966;11.465;11.8501;30.3399;28.4211
2.86139;11.615;11.9623;30.5278;28.5711
2.71919;11.7663;12.0764;30.7197;28.7224
2.57974;11.8951;12.1716;30.8896;28.8511
2.43023;12.0264;12.2695;31.0658;28.9825
2.28648;12.1733;12.3862;31.2547;29.1294
2.14847;12.3162;12.5022;31.4381;29.2723
1.98864;12.4602;12.6178;31.6305;29.4162
1.84329;12.6114;12.7454;31.8247;29.5675
1.69818;12.7587;12.8712;32.0153;29.7148
1.55795;12.9036;12.9973;32.2021;29.8597
1.41627;13.0619;13.1384;32.402;30.0179
1.27535;13.2067;13.2682;32.5893;30.1628
1.13599;13.3507;13.3989;32.7754;30.3067
1.00509;13.4925;13.5299;32.9565;30.4486
0.874469;13.6655;13.6935;33.1663;30.6216
0.72752;13.799;13.8182;33.3462;30.7551
0.579958;13.9183;13.9304;33.5133;30.8744
0.412505;14.0384;14.0445;33.6893;30.9945
0.233849;14.164;14.1659;33.875;31.1201
0.0683546;14.2785;14.2786;34.0457;31.2345
-0.099379;14.417;14.4173;34.2397;31.3731
-0.236242;14.5253;14.5272;34.3938;31.4814
-0.391129;14.6306;14.6358;34.5527;31.5866
-0.554035;14.7444;14.7548;34.7229;31.7004
-0.73516;14.8552;14.8734;34.8983;31.8113
-0.897948;14.9498;14.9767;35.0516;31.9059
-1.0456;15.0371;15.0734;35.1923;31.9932
-1.2373;15.1242;15.1748;35.3517;32.0803
-1.41381;15.2169;15.2824;35.5101;32.173
-1.59964;15.3077;15.391;35.6713;32.2638
-1.79614;15.4008;15.5052;35.8395;32.3569
-2.00639;15.4913;15.6207;36.012;32.4473
-2.18746;15.569;15.7219;36.1608;32.5251
-2.38077;15.6483;15.8283;36.3168;32.6043
-2.5743;15.7275;15.9368;36.4735;32.6836
-2.7535;15.7878;16.0262;36.6073;32.7439
-2.93154;15.85;16.1188;36.7427;32.8061
-3.12015;15.911;16.2141;36.8824;32.8671
-3.3143;15.9678;16.3082;37.0215;32.9239
-3.51114;16.0225;16.4027;37.1604;32.9785
-3.69498;16.0795;16.4986;37.2959;33.0355
-3.88585;16.134;16.5954;37.4331;33.0901
-4.08081;16.1883;16.6947;37.5725;33.1444
-4.26644;16.221;16.7727;37.6891;33.1771
-4.47181;16.2646;16.8681;37.8252;33.2207
-4.65271;16.3029;16.9538;37.9456;33.2589
-4.83926;16.3581;17.0589;38.0841;33.3142
-5.03187;16.4286;17.182;38.2394;33.3847
-5.20627;16.5193;17.3203;38.4037;33.4754
-5.36585;16.5935;17.4395;38.5467;33.5495
-5.54032;16.6932;17.5886;38.7196;33.6493
-5.73312;16.8072;17.7581;38.9141;33.7632
-5.88704;16.8736;17.8711;39.0484;33.8297
-6.05863;16.9662;18.0156;39.2145;33.9223
-6.24999;17.0565;18.1655;39.3888;34.0125
-6.42913;17.1417;18.3077;39.5529;34.0978
-6.62432;17.1985;18.4301;39.701;34.1545
-6.82524;17.2537;18.5546;39.8511;34.2097
-7.00333;17.3162;18.6788;39.9963;34.2722
-7.18405;17.3882;18.8138;40.1514;34.3443
-7.38121;17.4623;18.9582;40.3171;34.4184
-7.57101;17.527;19.0923;40.4714;34.483
-7.7713;17.5851;19.2258;40.626;34.5412
-7.95092;17.6441;19.3528;40.7709;34.6002
-8.13651;17.7032;19.4835;40.9194;34.6592
-8.32901;17.7739;19.6287;41.0818;34.73
-8.53652;17.8516;19.7877;41.2586;34.8077
-8.72365;17.9288;19.9385;41.4243;34.8849
-8.92482;17.9913;20.0833;41.5856;34.9474
-9.12449;18.0441;20.2199;41.7385;35.0001
-9.30876;18.1069;20.3596;41.8917;35.063
-9.51777;18.1671;20.5093;42.0567;35.1231
-9.70898;18.2189;20.6444;42.2053;35.1749
-9.8952;18.2718;20.7791;42.3525;35.2279
-10.0775;18.3305;20.918;42.5027;35.2866
-10.2676;18.3911;21.0632;42.6592;35.3472
-10.4506;18.4545;21.2081;42.8143;35.4105
-10.6442;18.5117;21.3537;42.9707;35.4678
-10.8196;18.562;21.4852;43.1114;35.5181
-11.0098;18.6183;21.63;43.2657;35.5744
-11.1891;18.6721;21.768;43.4122;35.6282
-11.3926;18.7394;21.9307;43.5838;35.6955
-11.5943;18.7911;22.0802;43.7422;35.7472
-11.7863;18.8462;22.2283;43.898;35.8023
-11.9731;18.9183;22.3887;44.065;35.8744
-12.1573;18.9943;22.5518;44.234;35.9504
-12.3483;19.0691;22.718;44.4062;36.0252
-12.523;19.1485;22.8799;44.5728;36.1046
-12.7054;19.2316;23.0495;44.7472;36.1876
-12.9156;19.2861;23.2114;44.9152;36.2422
-13.116;19.3287;23.3587;45.0681;36.2848
-13.3098;19.3707;23.5026;45.217;36.3267
-13.4941;19.4173;23.6458;45.3645;36.3734
-13.7106;19.4798;23.8211;45.5442;36.4359
-13.865;19.5344;23.9548;45.6805;36.4904
-14.0499;19.5902;24.1076;45.8364;36.5463
-14.2444;19.6575;24.2759;46.0077;36.6135
-14.428;19.7177;24.4326;46.1669;36.6738
-14.6158;19.7801;24.5942;46.3307;36.7362
-14.8177;19.847;24.7683;46.5069;36.8031
-14.996;19.9146;24.9293;46.6695;36.8706
-15.1846;19.9849;25.0992;46.8408;36.941
-15.3697;20.0643;25.2746;47.0173;37.0204
-15.5545;20.1431;25.4497;47.1934;37.0992
-15.7386;20.2267;25.6285;47.3729;37.1827
-15.9033;20.2996;25.7874;47.5323;37.2557
-16.0844;20.3813;25.9636;47.7089;37.3374
-16.2678;20.4657;26.1436;47.8893;37.4218
-16.4505;20.5449;26.3194;48.0652;37.5009
-16.6403;20.6309;26.5053;48.2511;37.587
-16.828;20.719;26.692;48.4376;37.6751
-17.0082;20.7965;26.8659;48.6112;37.7526
-17.1668;20.8787;27.03;48.775;37.8348
-17.3493;20.9814;27.2254;48.9699;37.9375
-17.5273;21.0901;27.4227;49.1667;38.0462
-17.6993;21.1943;27.6128;49.3563;38.1504
-17.8713;21.2931;27.7989;49.5418;38.2491
-18.0447;21.3927;27.9868;49.729;38.3488
-18.2275;21.4841;28.1746;49.9159;38.4402
-18.403;21.5793;28.3608;50.1012;38.5353
-18.5907;21.6688;28.5509;50.2902;38.6249
-18.7624;21.747;28.7221;50.4602;38.7031
-18.9413;21.8343;28.9052;50.642;38.7904
-19.1197;21.9216;29.0882;50.8237;38.8777
-19.2989;22.0012;29.266;51;38.9573
-19.4819;22.0811;29.4469;51.1792;39.0371
-19.6629;22.1537;29.6213;51.3518;39.1098
-19.8442;22.2283;29.7975;51.5261;39.1844
-20.0216;22.3066;29.9741;51.7009;39.2627
-20.2161;22.3952;30.1701;51.8948;39.3513
-20.4095;22.4599;30.3479;52.0701;39.416
-20.599;22.5231;30.5223;52.2418;39.4791
-20.7946;22.6185;30.7248;52.4421;39.5746
-20.9575;22.6958;30.892;52.6074;39.6519
-21.1575;22.7899;31.097;52.8098;39.746
-21.348;22.8786;31.2917;53.0021;39.8347
-21.5377;22.9828;31.4973;53.2055;39.9388
-21.7122;23.0911;31.6957;53.4022;40.0472
-21.8867;23.209;31.9012;53.6061;40.1651
-22.0532;23.3217;32.0974;53.8008;40.2777
-22.2429;23.4302;32.3067;54.0079;40.3863
-22.4159;23.5278;32.4966;54.1957;40.4839
-22.5824;23.6268;32.6832;54.3804;40.5829
-22.7504;23.7398;32.8809;54.5766;40.6958
-22.9203;23.8432;33.0732;54.7669;40.7992
-23.0972;23.9356;33.2625;54.9538;40.8917
-23.2661;24.0557;33.4662;55.156;41.0117
-23.4283;24.1767;33.6659;55.3544;41.1328
-23.5814;24.2892;33.8534;55.5406;41.2453
-23.7523;24.3701;34.0305;55.7151;41.3262
-23.9366;24.4629;34.2256;55.9076;41.419
-24.1181;24.5592;34.4214;56.1009;41.5152
-24.2982;24.6588;34.6188;56.2958;41.6149
-24.4697;24.7505;34.8045;56.4791;41.7065
-24.644;24.8417;34.992;56.664;41.7978
-24.8035;24.9294;35.1666;56.8364;41.8854
-24.9719;25.0228;35.3516;57.0191;41.9789
-25.1432;25.1188;35.5406;57.2058;42.0749
-25.3292;25.2029;35.7317;57.3937;42.159
-25.4973;25.2932;35.9146;57.5741;42.2493
-25.6923;25.3745;36.1103;57.7663;42.3305
-25.884;25.4713;36.3148;57.9677;42.4274
-26.0588;25.5512;36.4956;58.1454;42.5073
-26.2317;25.6224;36.6689;58.3155;42.5785
-26.4129;25.7063;36.8573;58.5006;42.6624
-26.599;25.7811;37.0428;58.6825;42.7371
-26.7877;25.8348;37.2158;58.8511;42.7909
-26.9765;25.8967;37.3948;59.0258;42.8528
-27.1651;25.9672;37.5798;59.2067;42.9233
-27.3582;26.0354;37.7666;59.3892;42.9914
-27.545;26.1029;37.9485;59.567;43.0589
-27.7397;26.1698;38.1359;59.75;43.1258
-27.9352;26.2207;38.3132;59.9222;43.1768
-28.1104;26.2859;38.4857;60.0907;43.242
-28.2966;26.363;38.6743;60.2754;43.319
-28.4705;26.4473;38.8591;60.457;43.4034
-28.6577;26.5317;39.0537;60.648;43.4878
-28.8416;26.6312;39.2563;60.8475;43.5872
-29.0234;26.7209;39.4508;61.0387;43.677
-29.2172;26.8147;39.657;61.2413;43.7708
-29.3905;26.9042;39.8452;61.4265;43.8603
-29.5761;27.005;40.0502;61.6284;43.9611
-29.7493;27.1005;40.2425;61.8179;44.0566
-29.9226;27.2006;40.4381;62.0109;44.1567

29.9035;27.2983;40.4897;62.2025;44.2543
29.7228;27.397;40.4233;62.3997;44.3531
29.5637;27.4829;40.3649;62.5728;44.439
29.3917;27.6271;40.3377;62.7963;44.5832
29.2384;27.7554;40.3143;62.9953;44.7115
29.0855;27.8998;40.3034;63.2055;44.8559
28.9357;28.0396;40.2926;63.4102;44.9956
28.7612;28.17;40.2586;63.6257;45.1261
28.6025;28.2825;40.2244;63.8174;45.2385
28.4592;28.3944;40.2016;63.9978;45.3504
28.3037;28.5192;40.1802;64.196;45.4753
28.1473;28.6435;40.1587;64.3944;45.5996
27.9841;28.7687;40.1342;64.5983;45.7248
27.825;28.8899;40.1106;64.7966;45.846
27.6531;28.9974;40.0692;64.9941;45.9535
27.4899;29.1205;40.0462;65.1965;46.0765
27.3224;29.2335;40.0139;65.3949;46.1896
27.1481;29.3414;39.9742;65.5945;46.2975
26.9714;29.4539;39.9373;65.7991;46.41
26.8021;29.5614;39.9027;65.995;46.5175
26.6341;29.668;39.8694;66.1892;46.6241
26.465;29.7867;39.8452;66.3929;46.7427
26.321;29.9065;39.8396;66.5796;46.8626

26.1638;-29.9434;39.7637;66.7968;47.0127
26.0208;-29.7965;39.5589;67.0019;47.1596
25.8816;-29.6551;39.3609;67.2002;47.301
25.7406;-29.5257;39.1707;67.3915;47.4304
25.5862;-29.405;38.9783;67.5861;47.551
25.4348;-29.2854;38.7887;67.7779;47.6707
25.2903;-29.1733;38.6093;67.9594;47.7828
25.1257;-29.0547;38.412;68.1598;47.9014
24.9585;-28.9367;38.2133;68.3617;48.0194
24.7886;-28.8217;38.0153;68.5635;48.1344
24.6249;-28.7082;37.8226;68.7597;48.2479
24.4622;-28.5903;37.6272;68.9584;48.3658
24.3168;-28.4827;37.4509;69.1375;48.4734
24.1573;-28.3698;37.2615;69.3303;48.5863
23.9905;-28.2611;37.0707;69.5255;48.6949
23.862;-28.1341;36.8907;69.7062;48.822
23.7016;-27.9879;36.6754;69.9231;48.9682
23.5424;-27.8543;36.4707;70.1302;49.1017
23.3977;-27.7194;36.2742;70.3281;49.2367
23.2479;-27.5915;36.0798;70.5246;49.3646
23.0962;-27.4394;35.8658;70.7393;49.5167
22.9569;-27.2918;35.6632;70.9422;49.6642
22.8178;-27.1433;35.46;71.1454;49.8127
22.6733;-27.0273;35.2782;71.3299;49.9288
22.5203;-26.9007;35.0829;71.5278;50.0554
22.3654;-26.7733;34.8858;71.7276;50.1828
22.2077;-26.6416;34.6836;71.9324;50.3145
22.0656;-26.4954;34.4804;72.1362;50.4606
21.9386;-26.359;34.2943;72.3223;50.5971
21.8033;-26.2056;34.0898;72.5264;50.7505
21.6686;-26.0543;33.8873;72.7285;50.9018
21.5362;-25.9423;33.7166;72.9014;51.0137
21.383;-25.8242;33.5279;73.0935;51.1318
21.2312;-25.7036;33.3383;73.2863;51.2524
21.0732;-25.5841;33.1455;73.4829;51.372
20.9143;-25.449;32.9403;73.6909;51.5071
20.7651;-25.3149;32.7419;73.8914;51.6412
20.6206;-25.1812;32.5469;74.0882;51.7749
20.4769;-25.0408;32.3472;74.2891;51.9153
20.3322;-24.8969;32.1443;74.4931;52.0592
20.1972;-24.7433;31.9399;74.697;52.2128
20.0725;-24.5734;31.7294;74.905;52.3827
19.9193;-24.4248;31.5175;75.1184;52.5313
19.7695;-24.2906;31.3188;75.3193;52.6655
19.6171;-24.1686;31.128;75.5136;52.7875
19.4609;-24.0436;30.9325;75.7127;52.9125
19.301;-23.9129;30.7304;75.9183;53.0432
19.1549;-23.7901;30.543;76.1087;53.166
19.0078;-23.6627;30.3516;76.303;53.2934
18.8651;-23.528;30.1573;76.4992;53.428
18.7263;-23.3895;29.9623;76.6953;53.5666
18.5857;-23.2501;29.7657;76.8932;53.706
18.4433;-23.1099;29.5673;77.0931;53.8462
18.3107;-23.0012;29.3996;77.2638;53.9548
18.1715;-22.8942;29.2292;77.4382;54.0619
18.0061;-22.7534;29.0161;77.655;54.2027
17.8496;-22.6175;28.8125;77.8619;54.3386
17.7017;-22.4849;28.6168;78.0604;54.4712
17.5477;-22.3532;28.4181;78.2626;54.6029
17.3831;-22.2145;28.2074;78.4772;54.7416
17.2255;-22.085;28.0083;78.6805;54.8711
17.0461;-21.9676;27.8054;78.891;54.9885
16.8898;-21.8652;27.6288;79.0744;55.0908
16.7054;-21.7535;27.4278;79.2845;55.2025
16.5093;-21.6571;27.2322;79.4924;55.2989
16.318;-21.5566;27.0363;79.6998;55.3995
16.1231;-21.4715;26.8511;79.8991;55.4846
15.9392;-21.4008;26.6843;80.0806;55.5553
15.7544;-21.3293;26.5168;80.2633;55.6268
15.5697;-21.2604;26.3518;80.4443;55.6957
15.381;-21.1898;26.1836;80.6294;55.7663
15.1917;-21.1306;26.0247;80.8071;55.8255
14.9894;-21.0639;25.8529;80.9994;55.8921
14.7885;-21.0116;25.6941;81.181;55.9445
14.595;-20.9611;25.5418;81.356;55.9949
14.3975;-20.9046;25.3828;81.5384;56.0515
14.203;-20.8456;25.2243;81.7201;56.1105
14.0296;-20.7711;25.0653;81.8974;56.185
13.8425;-20.7069;24.9077;82.0776;56.2491
13.6685;-20.6432;24.7582;82.248;56.3128
13.4552;-20.5533;24.5658;82.4651;56.4028
13.2719;-20.476;24.401;82.6517;56.48
13.1049;-20.4067;24.2522;82.821;56.5494
12.929;-20.3155;24.0807;83.0118;56.6406
12.7485;-20.2262;23.9086;83.2047;56.7299
12.5844;-20.1515;23.7582;83.3757;56.8045
12.4066;-20.0756;23.5999;83.5576;56.8805
12.2357;-20.0022;23.4478;83.7327;56.9539
12.0536;-19.9151;23.2787;83.9255;57.041
11.8787;-19.8253;23.1116;84.1149;57.1308
11.6967;-19.7451;22.9495;84.3029;57.211
11.5232;-19.6585;22.7869;84.4891;57.2975
11.3579;-19.5666;22.6242;84.6729;57.3894
11.1858;-19.4755;22.4592;84.8613;57.4806
10.9931;-19.3965;22.2951;85.0566;57.5596
10.8152;-19.3124;22.1345;85.2445;57.6437
10.6323;-19.2518;21.9927;85.4202;57.7043
10.4195;-19.1926;21.8386;85.6172;57.7634
10.2218;-19.1401;21.6986;85.7986;57.816
10.0303;-19.0848;21.5601;85.9774;57.8712
9.83537;-19.0306;21.4219;86.1581;57.9254
9.63947;-18.9739;21.2821;86.3413;57.9822
9.44939;-18.9157;21.1447;86.5212;58.0403
9.2432;-18.8637;21.0066;86.7091;58.0923
9.05485;-18.8275;20.8917;86.8732;58.1286
8.85657;-18.801;20.7826;87.0384;58.1551
8.65811;-18.7751;20.6753;87.2034;58.181
8.43983;-18.7518;20.5636;87.3817;58.2043
8.2332;-18.7248;20.4549;87.5538;58.2313
8.01975;-18.6863;20.3346;87.7389;58.2698
7.81305;-18.6493;20.2198;87.9181;58.3067
7.62619;-18.6106;20.1126;88.0836;58.3454
7.42429;-18.567;19.9963;88.2639;58.3891
7.22558;-18.5225;19.8819;88.4424;58.4336
7.03144;-18.4841;19.7763;88.6135;58.472
6.83597;-18.436;19.6626;88.7922;58.5201
6.64468;-18.3988;19.5619;88.9606;58.5573
6.44475;-18.3667;19.4646;89.1323;58.5894
6.24957;-18.3349;19.3708;89.3004;58.6211
6.04875;-18.286;19.2605;89.484;58.6701
5.8435;-18.2279;19.1416;89.6772;58.7282
5.65315;-18.1793;19.038;89.8529;58.7768
5.46546;-18.1138;18.9204;90.0377;58.8422
5.2754;-18.0456;18.8009;90.2262;58.9105
5.08828;-17.9775;18.6837;90.4124;58.9786
4.9127;-17.9133;18.5748;90.5873;59.0427
4.70005;-17.8503;18.4587;90.7897;59.1058
4.50367;-17.8256;18.3857;90.955;59.1305
4.30074;-17.8051;18.3172;91.1225;59.151
4.10101;-17.7774;18.2443;91.2925;59.1786
3.90364;-17.761;18.185;91.4535;59.195
3.70501;-17.7398;18.1226;91.6187;59.2162
3.50286;-17.6952;18.0386;91.8018;59.2609
3.30717;-17.6528;17.9599;91.9787;59.3033
3.11351;-17.6129;17.886;92.1525;59.3432
2.91661;-17.5727;17.8131;92.3291;59.3834
2.71496;-17.5508;17.7596;92.4977;59.4053
2.49403;-17.5506;17.727;92.6672;59.4054
2.27315;-17.5604;17.7069;92.8306;59.3957
2.0727;-17.5774;17.6992;92.9739;59.3786
1.89056;-17.6144;17.7156;93.0905;59.3416
1.68336;-17.6806;17.7606;93.2081;59.2755
1.49258;-17.7333;17.796;93.322;59.2228
1.3005;-17.7787;17.8262;93.4418;59.1774
1.11091;-17.8037;17.8383;93.5728;59.1524
0.905682;-17.8305;17.8535;93.715;59.1256
0.708374;-17.8558;17.8698;93.8522;59.1003
0.509228;-17.8794;17.8867;93.9921;59.0767
0.291095;-17.8817;17.884;94.1605;59.0744
0.0697602;-17.8762;17.8763;94.3364;59.0799
-0.132395;-17.8642;17.8647;94.5015;59.0918
-0.331392;-17.8612;17.8643;94.6588;59.0948
-0.517816;-17.8699;17.8774;94.7991;59.0862
-0.720297;-17.8754;17.8899;94.9541;59.0807
-0.912042;-17.8884;17.9117;95.0962;59.0677
-1.10115;-17.8833;17.9171;95.2476;59.0728
-1.30323;-17.8857;17.9331;95.4047;59.0703
-1.51105;-17.8946;17.9583;95.5625;59.0614
-1.70307;-17.9147;17.9955;95.7012;59.0414
-1.90036;-17.9211;18.0216;95.8525;59.035
-2.07893;-17.934;18.0541;95.9854;59.022
-2.25892;-17.9658;18.1072;96.1079;58.9903
-2.44109;-17.999;18.1638;96.2314;58.957
-2.64142;-18.0398;18.2322;96.3648;58.9162
-2.83359;-18.0816;18.3023;96.4915;58.8745
-3.01974;-18.1124;18.3624;96.6203;58.8437
-3.2202;-18.1416;18.4252;96.7616;58.8144
-3.41418;-18.1643;18.4823;96.902;58.7918
-3.61156;-18.1793;18.5345;97.0498;58.7768
-3.81248;-18.1946;18.5897;97.2005;58.7615
-4.00892;-18.2192;18.655;97.3422;58.7369
-4.20203;-18.2435;18.7211;97.4817;58.7126
-4.40109;-18.2616;18.7845;97.6297;58.6944
-4.59974;-18.2791;18.849;97.778;58.6769
-4.79265;-18.3008;18.9179;97.9195;58.6553
-4.98478;-18.3358;19.0013;98.0524;58.6203
-5.17154;-18.3747;19.0886;98.179;58.5814
-5.37279;-18.4181;19.1858;98.3147;58.538
-5.57049;-18.4654;19.2873;98.4455;58.4907
-5.76601;-18.5245;19.4012;98.5678;58.4316
-5.95613;-18.5727;19.5044;98.6925;58.3834
-6.14972;-18.6418;19.6299;98.8078;58.3143
-6.33561;-18.7118;19.7553;98.9167;58.2442
-6.51926;-18.7894;19.8882;99.0196;58.1667
-6.70241;-18.8711;20.026;99.12;58.085
-6.88522;-18.9589;20.1704;99.2168;57.9972
-7.07624;-19.0353;20.308;99.3273;57.9208
-7.27665;-19.1082;20.4468;99.4478;57.8479
-7.44022;-19.1743;20.5672;99.5425;57.7818
-7.63168;-19.2519;20.7093;99.6535;57.7042
-7.81579;-19.3199;20.8409;99.7643;57.6362
-8.00196;-19.3796;20.9667;99.8819;57.5765
-8.18688;-19.4405;21.094;99.9981;57.5156
-8.35839;-19.5252;21.239;100.09;57.4309
-8.53227;-19.6186;21.3937;100.179;57.3375
-8.70888;-19.7163;21.554;100.268;57.2398
-8.88136;-19.8092;21.709;100.357;57.1469
-9.05766;-19.9076;21.8713;100.446;57.0485
-9.23088;-20.0058;22.0327;100.533;56.9503
-9.4034;-20.1059;22.1962;100.618;56.8502
-9.58532;-20.2172;22.3744;100.706;56.7389
-9.78838;-20.302;22.5385;100.826;56.6541
-9.9525;-20.3745;22.6754;100.921;56.5815
-10.1291;-20.4442;22.8159;101.028;56.5119
-10.3241;-20.5289;22.9788;101.143;56.4271
-10.508;-20.6085;23.1328;101.251;56.3476
-10.7027;-20.7049;23.3076;101.359;56.2512
-10.8766;-20.7774;23.4521;101.464;56.1787
-11.0617;-20.8539;23.6061;101.576;56.1021
-11.2495;-20.9418;23.772;101.684;56.0143
-11.4238;-21.0373;23.939;101.777;55.9187
-11.5867;-21.1356;24.1032;101.859;55.8205
-11.7548;-21.2319;24.2687;101.947;55.7241
-11.9316;-21.339;24.4482;102.037;55.6171
-12.1107;-21.4287;24.6142;102.138;55.5274
-12.277;-21.5216;24.7771;102.227;55.4345
-12.4273;-21.6293;24.9453;102.295;55.3267
-12.5983;-21.7501;25.1353;102.374;55.206
-12.7584;-21.8627;25.3131;102.448;55.0934
-12.9118;-21.9487;25.4649;102.532;55.0074
-13.0925;-22.0589;25.6517;102.625;54.8971
-13.2677;-22.1689;25.8359;102.714;54.7872
-13.4254;-22.2888;26.0198;102.784;54.6673
-13.5866;-22.4215;26.2167;102.85;54.5346
-13.7396;-22.549;26.4052;102.912;54.4071
-13.9217;-22.6827;26.6143;102.997;54.2733
-14.0924;-22.7971;26.8012;103.081;54.159
-14.2654;-22.8972;26.9775;103.176;54.0589
-14.4328;-23.0062;27.1586;103.262;53.9499
-14.598;-23.1132;27.3372;103.347;53.8429
-14.7721;-23.2278;27.5272;103.436;53.7283
-14.9389;-23.3376;27.7095;103.522;53.6184
-15.0994;-23.4312;27.8749;103.611;53.5249
-15.2833;-23.5305;28.0582;103.717;53.4256
-15.4584;-23.6191;28.228;103.822;53.337
-15.639;-23.7097;28.403;103.93;53.2464
-15.8259;-23.8019;28.583;104.044;53.1542
-16.0121;-23.9095;28.7759;104.149;53.0465
-16.1879;-23.9832;28.9351;104.263;52.9729
-16.3747;-24.0599;29.1034;104.385;52.8962
-16.5646;-24.1517;29.2864;104.502;52.8044
-16.7406;-24.1993;29.4254;104.63;52.7568
-16.9018;-24.2851;29.5878;104.726;52.6709
-17.0764;-24.3859;29.7704;104.826;52.5702
-17.249;-24.4857;29.9512;104.926;52.4704
-17.436;-24.6024;30.1545;105.03;52.3537
-17.6253;-24.7273;30.366;105.132;52.2288
-17.7931;-24.8266;30.5443;105.228;52.1295
-17.9325;-24.9434;30.7205;105.291;52.0127
-18.0833;-25.0692;30.9107;105.361;51.8869
-18.2406;-25.1993;31.1083;105.434;51.7567
-18.3947;-25.3261;31.3014;105.506;51.63
-18.5449;-25.4599;31.4979;105.571;51.4962
-18.699;-25.5959;31.6986;105.64;51.3602
-18.8362;-25.7399;31.8958;105.69;51.2162
-18.9737;-25.8808;32.0908;105.742;51.0752
-19.1061;-26.0333;32.2921;105.784;50.9228
-19.2345;-26.1833;32.4889;105.825;50.7728
-19.3833;-26.3333;32.6979;105.884;50.6228
-19.5254;-26.4751;32.8964;105.941;50.481
-19.6584;-26.6033;33.0785;105.997;50.3528
-19.8009;-26.7438;33.2762;106.056;50.2122
-19.9668;-26.8736;33.4794;106.141;50.0824
-20.1152;-26.9994;33.6689;106.212;49.9566
-20.2814;-27.1267;33.8702;106.299;49.8294
-20.4288;-27.2493;34.0567;106.372;49.7067
-20.6146;-27.4043;34.2922;106.464;49.5518
-20.779;-27.5252;34.4878;106.554;49.4309
-20.9363;-27.6427;34.6764;106.639;49.3133
-21.0986;-27.7618;34.8693;106.728;49.1942
-21.2607;-27.885;35.0655;106.815;49.0711
-21.4199;-28.0059;35.2583;106.901;48.9501
-21.5774;-28.1021;35.4304;106.997;48.8539
-21.7406;-28.2059;35.6121;107.095;48.7502
-21.911;-28.3142;35.802;107.197;48.6419
-22.0727;-28.4159;35.9815;107.295;48.5401
-22.2607;-28.5102;36.1714;107.421;48.4458
-22.4407;-28.5978;36.3513;107.542;48.3583
-22.6242;-28.6791;36.5287;107.669;48.277
-22.8353;-28.7631;36.7256;107.82;48.1929
-23.0147;-28.8283;36.8883;107.952;48.1278
-23.2004;-28.9012;37.0613;108.086;48.0548
-23.4044;-28.9741;37.246;108.236;47.9819
-23.5882;-29.036;37.4098;108.374;47.9201
-23.7807;-29.1098;37.5886;108.514;47.8463
-23.9706;-29.1826;37.7652;108.652;47.7735
-24.1568;-29.2538;37.9386;108.788;47.7023
-24.3463;-29.3218;38.1118;108.929;47.6343
-24.5664;-29.3981;38.3112;109.093;47.558
-24.7494;-29.4759;38.4884;109.224;47.4802
-24.9374;-29.5454;38.6627;109.363;47.4107
-25.13;-29.5998;38.8287;109.514;47.3563
-25.3175;-29.6604;38.9964;109.656;47.2957
-25.5037;-29.7204;39.163;109.799;47.2357
-25.6829;-29.7873;39.3306;109.932;47.1687
-25.8702;-29.8518;39.5019;110.073;47.1043
-26.0594;-29.9171;39.6752;110.216;47.039
-26.2597;-29.9825;39.8563;110.37;46.9735

-26.4541;29.9777;39.981;110.529;46.9337
-26.6544;29.9366;40.0831;110.693;46.8926
-26.852;29.9015;40.1887;110.857;46.8576
-27.0342;29.872;40.2888;111.01;46.8281
-27.2439;29.8354;40.4027;111.184;46.7915
-27.4392;29.8013;40.5096;111.347;46.7573
-27.6365;29.7664;40.6179;111.512;46.7225
-27.8364;29.7359;40.7319;111.681;46.692
-28.0054;29.7063;40.8261;111.822;46.6624
-28.2352;29.643;40.9382;112.004;46.599
-28.418;29.5749;41.0153;112.142;46.5309
-28.5929;29.5034;41.0853;112.272;46.4594
-28.761;29.4208;41.1434;112.391;46.3769
-28.9419;29.3319;41.2067;112.519;46.2879
-29.1207;29.244;41.2701;112.646;46.2
-29.3146;29.1679;41.3536;112.792;46.124
-29.5019;29.0805;41.4251;112.927;46.0366
-29.6962;28.9906;41.5008;113.068;45.9466
-29.8895;28.9143;41.5863;113.214;45.8704

29.9243;28.8401;41.5598;113.354;45.7961
29.7788;28.7553;41.3962;113.453;45.7114
29.6078;28.6601;41.2071;113.571;45.6162
29.4427;28.566;41.023;113.684;45.5221
29.2671;28.4566;40.8208;113.802;45.4126
29.081;28.3442;40.6091;113.928;45.3002
28.905;28.2371;40.4083;114.047;45.1932
28.737;28.1341;40.2161;114.16;45.0901
28.5625;28.0348;40.0221;114.281;44.9909
28.3896;27.9388;39.8315;114.403;44.8949
28.2155;27.8417;39.6393;114.525;44.7977
28.0376;27.738;39.4398;114.648;44.6941
27.8614;27.6471;39.2508;114.775;44.6032
27.6935;27.542;39.0575;114.889;44.4981
27.5414;27.4387;38.8768;114.989;44.3947
27.3557;27.3239;38.6643;115.116;44.28
27.1804;27.2145;38.463;115.236;44.1706
27.012;27.1121;38.2715;115.353;44.0682
26.8416;27.0092;38.0784;115.471;43.9652
26.6644;26.8899;37.8689;115.589;43.8459
26.493;26.8129;37.6937;115.719;43.769
26.2971;26.7242;37.4929;115.867;43.6802
26.1054;26.633;37.2936;116.01;43.5891
25.9216;26.5495;37.1053;116.149;43.5056
25.7405;26.4666;36.9196;116.286;43.4227
25.5532;26.3801;36.727;116.428;43.3362
25.3689;26.3229;36.5579;116.577;43.279
25.1716;26.2902;36.3976;116.749;43.2463
24.9801;26.2575;36.2417;116.914;43.2136
24.7865;26.2056;36.0708;117.075;43.1617
24.5888;26.1495;35.8943;117.238;43.1055
24.4019;26.0981;35.729;117.393;43.0542
24.1958;26.066;35.565;117.573;43.0221
23.9975;26.0302;35.4041;117.745;42.9863
23.8003;25.9888;35.2401;117.913;42.9448
23.6037;25.9476;35.0773;118.081;42.9037
23.4057;25.9231;34.9261;118.257;42.8792
23.2163;25.9057;34.7865;118.427;42.8617
23.0166;25.884;34.6373;118.606;42.8401
22.8232;25.8798;34.506;118.784;42.8359
22.6165;25.8889;34.3765;118.981;42.845
22.4118;25.8918;34.2443;119.173;42.8479
22.2086;25.8728;34.0973;119.355;42.8289
22.0225;25.8826;33.9838;119.533;42.8387
21.8165;25.8902;33.8565;119.728;42.8463
21.6246;25.898;33.7392;119.91;42.8541
21.43;25.8868;33.6061;120.088;42.8429
21.2287;25.8669;33.4627;120.269;42.823
21.0399;25.8342;33.3179;120.433;42.7903
20.8284;25.8098;33.1658;120.622;42.7659
20.6333;25.7954;33.0323;120.8;42.7514
20.4311;25.8077;32.9161;120.993;42.7638
20.2301;25.8189;32.8005;121.185;42.7749
20.0379;25.8298;32.6909;121.369;42.7858
19.86;25.8258;32.579;121.534;42.7819
19.6415;25.8386;32.4565;121.743;42.7947
19.4444;25.8373;32.3366;121.927;42.7934
19.2484;25.8296;32.2129;122.108;42.7857
19.0502;25.8119;32.0806;122.287;42.7679
18.8542;25.8046;31.9587;122.469;42.7607
18.663;25.8057;31.8471;122.648;42.7617
18.4621;25.8024;31.7272;122.835;42.7585
18.2536;25.8254;31.6251;123.039;42.7815
18.0564;25.8461;31.5286;123.231;42.8022
17.8546;25.8334;31.4031;123.416;42.7895
17.6609;25.8404;31.2991;123.6;42.7964
17.4619;25.8315;31.1799;123.783;42.7876
17.2627;25.8285;31.0663;123.969;42.7846
17.0497;25.8397;30.9578;124.173;42.7958
16.8459;25.8451;30.8505;124.366;42.8012
16.6451;25.8568;30.7511;124.559;42.8128
16.4397;25.865;30.6474;124.755;42.8211
16.2308;25.8768;30.5458;124.955;42.8328
16.0364;25.8977;30.4607;125.145;42.8537
15.8232;25.9187;30.367;125.352;42.8748
15.6064;25.9243;30.2594;125.558;42.8804
15.4183;25.9356;30.1725;125.739;42.8917
15.2215;25.9328;30.07;125.923;42.8889
15.0119;25.942;29.9724;126.123;42.898
14.8246;25.9458;29.8823;126.3;42.9018
14.6251;25.9506;29.7881;126.49;42.9067
14.4226;25.9525;29.6909;126.681;42.9086
14.223;25.9537;29.5954;126.869;42.9097
14.0351;25.9523;29.5043;127.045;42.9084
13.8337;25.9566;29.4128;127.236;42.9126
13.6306;25.9522;29.314;127.426;42.9083
13.4371;25.9591;29.2306;127.611;42.9152
13.2515;25.954;29.1413;127.784;42.9101
13.0543;25.9565;29.0543;127.97;42.9125
12.8787;25.9468;28.9672;128.132;42.9029
12.6741;25.9506;28.8802;128.327;42.9067
12.4721;25.9552;28.7963;128.519;42.9113
12.2776;25.9519;28.7096;128.701;42.908
12.0832;25.937;28.6135;128.879;42.893
11.8849;25.9192;28.5142;129.06;42.8753
11.6693;25.9124;28.4187;129.261;42.8685
11.4683;25.9035;28.3287;129.448;42.8596
11.2681;25.8947;28.2402;129.634;42.8508
11.0737;25.8825;28.1519;129.813;42.8386
10.8853;25.8805;28.0765;129.991;42.8366
10.7015;25.8843;28.0093;130.165;42.8404
10.5067;25.8916;27.9422;130.352;42.8477
10.2984;25.8999;27.8722;130.551;42.8559
10.089;25.9036;27.799;130.75;42.8597
9.89097;25.9108;27.7345;130.94;42.8669
9.69459;25.914;27.668;131.126;42.8701
9.48939;25.922;27.6043;131.323;42.8781
9.3185;25.9296;27.5532;131.487;42.8857
9.11719;25.9343;27.4902;131.679;42.8904
8.92559;25.951;27.443;131.865;42.9071
8.73334;26.0011;27.4286;132.064;42.9572
8.54044;26.0496;27.4139;132.262;43.0057
8.33831;26.0854;27.3857;132.465;43.0415
8.13468;26.1261;27.3632;132.67;43.0821
7.94338;26.1876;27.3658;132.871;43.1437
7.75797;26.2449;27.3675;133.065;43.201
7.56306;26.2944;27.3605;133.266;43.2505
7.37112;26.3324;27.3446;133.459;43.2885
7.17477;26.3695;27.3282;133.657;43.3256
6.97751;26.43;27.3356;133.864;43.3861
6.76757;26.4942;27.3449;134.083;43.4503
6.5725;26.5562;27.3574;134.288;43.5123
6.38633;26.6039;27.3597;134.479;43.56
6.1931;26.66;27.3699;134.68;43.6161
6.02307;26.7116;27.3822;134.858;43.6677
5.83158;26.769;27.3968;135.057;43.725
5.63492;26.8134;27.3991;135.258;43.7695
5.43367;26.8586;27.4027;135.463;43.8147
5.21386;26.8929;27.3937;135.682;43.849
5.0255;26.9386;27.4033;135.875;43.8947
4.82959;26.9864;27.4152;136.076;43.9425
4.63112;27.0335;27.4273;136.279;43.9896
4.43195;27.0817;27.442;136.483;44.0378
4.23735;27.1324;27.4613;136.684;44.0885
4.03782;27.1843;27.4825;136.889;44.1404
3.85507;27.2398;27.5113;137.08;44.1959
3.65233;27.2866;27.5299;137.287;44.2427
3.45856;27.3322;27.5502;137.485;44.2883
3.26493;27.3672;27.5613;137.68;44.3233
3.05816;27.3758;27.5461;137.878;44.3319
2.85407;27.3911;27.5394;138.076;44.3472
2.65348;27.4082;27.5364;138.272;44.3643
2.45743;27.4266;27.5364;138.464;44.3826
2.27609;27.4491;27.5433;138.643;44.4052
2.08066;27.4756;27.5543;138.836;44.4317
1.86802;27.5014;27.5648;139.046;44.4575
1.66939;27.5247;27.5753;139.242;44.4808
1.47757;27.5483;27.5879;139.431;44.5044
1.28501;27.5706;27.6005;139.62;44.5267
1.08581;27.5958;27.6172;139.817;44.5519
0.911935;27.6414;27.6564;139.997;44.5974
0.714793;27.6844;27.6937;140.197;44.6405
0.523653;27.7295;27.7345;140.393;44.6856
0.324204;27.7647;27.7666;140.593;44.7207
0.0899018;27.808;27.8081;140.829;44.7641
-0.111308;27.8387;27.8389;141.03;44.7947
-0.331953;27.8787;27.8807;141.251;44.8348
-0.523868;27.9108;27.9158;141.444;44.8669
-0.724575;27.9469;27.9563;141.645;44.903
-0.908327;27.9834;27.9981;141.831;44.9394
-1.10411;28.0214;28.0432;142.029;44.9775
-1.30001;28.0578;28.0879;142.226;45.0138
-1.50772;28.0984;28.1388;142.436;45.0544
-1.69841;28.1397;28.1909;142.63;45.0958
-1.89414;28.1764;28.2399;142.827;45.1324
-2.09935;28.2266;28.3046;143.038;45.1827
-2.30305;28.2716;28.3653;143.246;45.2277
-2.48323;28.3062;28.4149;143.427;45.2622
-2.67982;28.3438;28.4702;143.626;45.2999
-2.87806;28.3887;28.5342;143.828;45.3447
-3.05688;28.4558;28.6195;144.019;45.4119
-3.24322;28.5277;28.7115;144.218;45.4838
-3.43772;28.6131;28.8188;144.43;45.5691
-3.62373;28.6756;28.9037;144.626;45.6317
-3.82097;28.7329;28.9858;144.831;45.6889
-4.01523;28.7899;29.0685;145.034;45.7459
-4.20801;28.8442;29.1496;145.234;45.8003
-4.40004;28.8989;29.2319;145.433;45.8549
-4.61145;28.9631;29.3279;145.654;45.9191
-4.78623;29.0256;29.4176;145.84;45.9817
-4.96045;29.0939;29.5137;146.027;46.0499
-5.13922;29.1581;29.6075;146.217;46.1142
-5.34208;29.2102;29.6947;146.425;46.1663
-5.52236;29.2332;29.7502;146.604;46.1893
-5.71981;29.257;29.8109;146.799;46.2131
-5.92174;29.2839;29.8767;146.999;46.24
-6.11414;29.3245;29.9552;147.194;46.2806
-6.308;29.3728;30.0425;147.393;46.3288
-6.49915;29.4091;30.1187;147.586;46.3652
-6.6973;29.468;30.2195;147.793;46.4241
-6.88888;29.5177;30.3109;147.99;46.4738
-7.07993;29.5641;30.4;148.186;46.5202
-7.27475;29.6403;30.52;148.395;46.5964
-7.47204;29.7039;30.6293;148.603;46.66
-7.65858;29.7708;30.7401;148.801;46.7269
-7.8371;29.8306;30.8429;148.989;46.7867
-8.02006;29.8935;30.9506;149.182;46.8496
-8.1996;29.97;31.0715;149.377;46.9261

-8.38291;-29.9843;31.1341;149.565;46.9718
-8.55517;-29.9311;31.1297;149.746;47.025
-8.75475;-29.858;31.115;149.958;47.0981
-8.93546;-29.7923;31.1035;150.15;47.1637
-9.12689;-29.7219;31.0917;150.354;47.2341
-9.31992;-29.6501;31.0804;150.56;47.3059
-9.5004;-29.5793;31.0676;150.753;47.3767
-9.6893;-29.5029;31.0532;150.957;47.4532
-9.87299;-29.427;31.0391;151.155;47.529
-10.0551;-29.3553;31.0296;151.35;47.6008
-10.2468;-29.2915;31.0321;151.553;47.6646
-10.4475;-29.2553;31.0648;151.754;47.7007
-10.65;-29.2236;31.1037;151.957;47.7325
-10.8465;-29.1877;31.1379;152.154;47.7684
-11.0433;-29.1517;31.1733;152.353;47.8044
-11.2314;-29.0998;31.192;152.548;47.8563
-11.4336;-29.0622;31.2304;152.751;47.8939
-11.6333;-29.0254;31.2699;152.952;47.9307
-11.8291;-28.9944;31.3146;153.148;47.9617
-12.0297;-28.9852;31.3824;153.341;47.9709
-12.1987;-28.9775;31.4405;153.504;47.9785
-12.3961;-28.9685;31.5093;153.695;47.9876
-12.6001;-28.9697;31.5912;153.888;47.9864
-12.7975;-28.9884;31.6876;154.07;47.9677
-12.9912;-29.0057;31.7821;154.249;47.9503
-13.1867;-29.0282;31.883;154.428;47.9279
-13.3869;-29.0447;31.9813;154.613;47.9114
-13.608;-29.0767;32.1035;154.813;47.8793
-13.8071;-29.0984;32.2079;154.996;47.8577
-14.0118;-29.1182;32.3141;155.184;47.8378
-14.2062;-29.142;32.4202;155.362;47.8141
-14.4014;-29.178;32.5385;155.537;47.778
-14.5969;-29.205;32.6497;155.714;47.751
-14.7897;-29.2308;32.7594;155.89;47.7253
-14.9871;-29.2553;32.8707;156.07;47.7008
-15.1838;-29.2861;32.9882;156.248;47.67
-15.3746;-29.3269;33.1126;156.418;47.6292
-15.5649;-29.3831;33.2511;156.582;47.573
-15.7569;-29.4401;33.3916;156.747;47.516
-15.9602;-29.48;33.5231;156.929;47.476
-16.1605;-29.5202;33.6542;157.108;47.4358
-16.358;-29.5543;33.7794;157.286;47.4017
-16.5701;-29.589;33.9128;157.478;47.3671
-16.7736;-29.6065;34.0279;157.667;47.3495
-16.9923;-29.6184;34.1465;157.872;47.3377
-17.1874;-29.6331;34.2567;158.053;47.323
-17.3861;-29.6372;34.3604;158.242;47.3189
-17.5811;-29.6454;34.4666;158.425;47.3107
-17.7758;-29.6554;34.5749;158.608;47.3007
-17.9664;-29.6554;34.6732;158.79;47.3007
-18.1741;-29.652;34.7784;158.989;47.3041
-18.3822;-29.6424;34.8794;159.191;47.3137
-18.5802;-29.6306;34.9742;159.384;47.3255
-18.7802;-29.6331;35.083;159.574;47.323
-18.9825;-29.6295;35.1887;159.768;47.3266
-19.1847;-29.6271;35.2962;159.962;47.3289
-19.3854;-29.6267;35.4053;160.154;47.3293
-19.5855;-29.6275;35.5159;160.345;47.3286
-19.7904;-29.6332;35.634;160.539;47.3229
-19.9866;-29.6508;35.758;160.721;47.3052
-20.1856;-29.6708;35.8861;160.905;47.2853
-20.3805;-29.6849;36.0077;161.088;47.2712
-20.5834;-29.6944;36.1308;161.279;47.2617
-20.793;-29.7106;36.2639;161.474;47.2455
-20.9915;-29.7266;36.3911;161.66;47.2294
-21.1926;-29.7421;36.5201;161.847;47.214
-21.3852;-29.7612;36.6477;162.026;47.1948
-21.5868;-29.7825;36.783;162.213;47.1736
-21.7844;-29.7997;36.9131;162.397;47.1564
-21.989;-29.8464;37.0719;162.579;47.1097
-22.186;-29.8912;37.225;162.755;47.0649
-22.3812;-29.9353;37.377;162.929;47.0207

-22.5909;29.9953;37.5508;163.11;46.9513
-22.7868;29.9323;37.6189;163.279;46.8883
-22.9625;29.878;37.6825;163.432;46.8341
-23.1548;29.8191;37.7535;163.599;46.7752
-23.3402;29.7613;37.8219;163.76;46.7173
-23.5421;29.7014;37.9;163.937;46.6575
-23.7401;29.6472;37.9809;164.111;46.6033
-23.9353;29.5849;38.0547;164.281;46.5409
-24.1254;29.5207;38.1249;164.445;46.4768
-24.3167;29.4582;38.198;164.611;46.4143
-24.5032;29.4144;38.2833;164.777;46.3705
-24.6558;29.3708;38.3478;164.912;46.3268
-24.8248;29.3158;38.4147;165.058;46.2719
-25.0107;29.263;38.4949;165.222;46.2191
-25.2028;29.2089;38.579;165.391;46.1649
-25.3704;29.1659;38.6563;165.54;46.1219
-25.5709;29.1178;38.752;165.72;46.0739
-25.7687;29.0743;38.8502;165.897;46.0304
-25.9613;29.0339;38.9481;166.071;45.99
-26.1643;28.9967;39.0561;166.256;45.9528
-26.36;28.9606;39.1608;166.434;45.9167
-26.5556;28.9266;39.2676;166.613;45.8827
-26.7633;28.9186;39.4025;166.81;45.8747
-26.9643;28.9137;39.5357;167.002;45.8697
-27.1692;28.9058;39.67;167.197;45.8618
-27.3657;28.8929;39.7955;167.383;45.849
-27.5406;28.8652;39.8959;167.543;45.8212
-27.7356;28.8205;39.9986;167.719;45.7765
-27.9196;28.7756;40.0941;167.883;45.7317
-28.1202;28.7666;40.2276;168.074;45.7226
-28.3179;28.7565;40.3589;168.262;45.7126
-28.5354;28.7325;40.4948;168.464;45.6886
-28.724;28.7196;40.6187;168.642;45.6757
-28.9307;28.6897;40.7441;168.833;45.6458
-29.1412;28.6614;40.874;169.028;45.6175
-29.3501;28.662;41.0236;169.23;45.6181
-29.5689;28.6612;41.1799;169.44;45.6173
-29.7641;28.6784;41.3322;169.633;45.6345
-29.9601;28.6904;41.4819;169.825;45.6465

29.8323;28.6887;41.3885;170.024;45.6448
29.6318;28.687;41.2431;170.217;45.6431
29.426;28.6875;41.0958;170.415;45.6436
29.2246;28.7064;40.965;170.614;45.6625
29.0283;28.7523;40.8576;170.816;45.7084
28.836;28.7937;40.7503;171.012;45.7497
28.6249;28.8557;40.6452;171.232;45.8118
28.4304;28.9103;40.5475;171.434;45.8664
28.2401;28.9582;40.4485;171.63;45.9143
28.0535;29.0075;40.3539;171.823;45.9636
27.8647;29.0605;40.2611;172.02;46.0166
27.673;29.115;40.1681;172.219;46.0711
27.4738;29.1529;40.0587;172.421;46.1089
27.2766;29.2129;39.9676;172.627;46.169
27.0707;29.265;39.8656;172.839;46.2211
26.8678;29.3245;39.7719;173.051;46.2806
26.6764;29.3788;39.683;173.25;46.3348
26.4809;29.4385;39.5963;173.454;46.3946
26.2873;29.4965;39.5103;173.656;46.4525
26.0925;29.5794;39.4431;173.866;46.5354
25.9097;29.6465;39.3729;174.06;46.6025
25.7227;29.7159;39.3026;174.259;46.672
25.5267;29.8109;39.2467;174.473;46.767
25.3712;29.9027;39.2156;174.648;46.8587

25.1996;-29.9975;39.1774;174.84;46.9586
25.023;-29.8969;38.9869;175.037;47.0591
24.8487;-29.799;38.8;175.231;47.1571
24.6748;-29.7101;38.6204;175.422;47.246
24.5043;-29.6117;38.4358;175.613;47.3444
24.339;-29.5111;38.253;175.799;47.445
24.17;-29.406;38.0644;175.991;47.5501
24.0005;-29.2979;37.8734;176.183;47.6581
23.837;-29.1865;37.6836;176.37;47.7696
23.6602;-29.0722;37.4833;176.572;47.8839
23.5015;-28.9469;37.2859;176.758;48.0092
23.3374;-28.8241;37.0872;176.95;48.132
23.1864;-28.7069;36.9011;177.127;48.2492
23.057;-28.594;36.7321;177.282;48.362
22.8987;-28.4606;36.5288;177.471;48.4955
22.7411;-28.3402;36.3363;177.655;48.6158
22.5727;-28.2275;36.143;177.848;48.7285
22.4228;-28.1274;35.9713;178.02;48.8287
22.2596;-28.0123;35.7796;178.208;48.9438
22.0882;-27.8803;35.5696;178.409;49.0758
21.9451;-27.7592;35.3859;178.58;49.1969
21.7693;-27.6091;35.1592;178.791;49.3469
21.644;-27.4857;34.9846;178.945;49.4704
21.5103;-27.3494;34.7949;179.111;49.6067
21.373;-27.2062;34.5974;179.283;49.7499
21.2292;-27.0609;34.3944;179.461;49.8951
21.1041;-26.9312;34.2151;179.618;50.0249
20.9681;-26.7826;34.0143;179.79;50.1734
20.8195;-26.6298;33.8023;179.975;50.3263
20.6827;-26.4872;33.6057;180.146;50.4689
20.5466;-26.3515;33.4151;180.315;50.6046
20.4091;-26.2059;33.2156;180.488;50.7502
20.2712;-26.0609;33.0165;180.661;50.8952
20.127;-25.9152;32.813;180.841;51.0409
19.9805;-25.7702;32.6086;181.022;51.1859
19.8402;-25.6208;32.4046;181.199;51.3353
19.7096;-25.4836;32.2162;181.363;51.4725
19.5731;-25.3179;32.0016;181.541;51.6382
19.4388;-25.1637;31.7974;181.714;51.7924
19.3217;-24.9998;31.5962;181.873;51.9563
19.195;-24.8284;31.383;182.043;52.1277
19.0765;-24.6677;31.1835;182.203;52.2884
18.9528;-24.4963;30.9722;182.37;52.4598
18.8391;-24.3392;30.7784;182.524;52.6169
18.7297;-24.1719;30.5791;182.678;52.7842
18.6203;-24.0051;30.3803;182.831;52.9509
18.5085;-23.8425;30.1833;182.985;53.1136
18.402;-23.6688;29.9808;183.137;53.2873
18.2973;-23.4885;29.7742;183.29;53.4675
18.2185;-23.3309;29.6015;183.411;53.6251
18.1364;-23.1457;29.4049;183.544;53.8104
18.057;-22.9647;29.2136;183.673;53.9914
17.9783;-22.782;29.0213;183.802;54.1741
17.8983;-22.5881;28.8196;183.936;54.368
17.8047;-22.4064;28.6191;184.079;54.5497
17.713;-22.2262;28.421;184.22;54.7299
17.619;-22.0427;28.2189;184.364;54.9134
17.5241;-21.8464;28.0064;184.513;55.1096
17.4368;-21.6658;27.8109;184.651;55.2903
17.3488;-21.4874;27.6168;184.788;55.4687
17.2594;-21.3109;27.4234;184.926;55.6452
17.1689;-21.1326;27.2279;185.066;55.8234
17.0881;-20.9459;27.0321;185.2;56.0102
17.0023;-20.7563;26.831;185.339;56.1998
16.9203;-20.5693;26.6345;185.474;56.3867
16.8246;-20.3891;26.4345;185.62;56.567
16.7424;-20.2133;26.2466;185.752;56.7428
16.661;-20.0327;26.0557;185.884;56.9233
16.5779;-19.8471;25.8599;186.02;57.109
16.5169;-19.6756;25.6893;186.131;57.2804
16.4395;-19.4832;25.4922;186.264;57.4729
16.3694;-19.2891;25.2987;186.391;57.667
16.3063;-19.1082;25.1201;186.507;57.8479
16.2484;-18.929;24.9463;186.618;58.0271
16.214;-18.7477;24.7865;186.707;58.2084
16.1885;-18.5522;24.6221;186.792;58.4039
16.1587;-18.3519;24.4519;186.883;58.6042
16.1218;-18.143;24.271;186.984;58.8131
16.0781;-17.953;24.1001;187.085;59.0031
16.043;-17.7555;23.9298;187.181;59.2006
16.008;-17.5585;23.7604;187.276;59.3975
15.9846;-17.3679;23.6041;187.359;59.5882
15.9542;-17.1443;23.4193;187.459;59.8117
15.9118;-16.9663;23.2603;187.556;59.9898
15.8674;-16.7713;23.0879;187.66;60.1848
15.8334;-16.5542;22.9072;187.762;60.4018
15.8098;-16.3834;22.7677;187.84;60.5726
15.792;-16.2035;22.626;187.915;60.7526
15.7736;-16.0057;22.472;187.996;60.9504
15.7458;-15.8065;22.311;188.087;61.1495
15.7216;-15.6161;22.1592;188.172;61.34
15.6958;-15.4203;22.0033;188.26;61.5358
15.6739;-15.2233;21.85;188.345;61.7328
15.6652;-15.0333;21.7117;188.416;61.9228
15.6616;-14.8431;21.5779;188.482;62.113
15.6691;-14.6544;21.4539;188.537;62.3017
15.6773;-14.454;21.3236;188.596;62.5021
15.6915;-14.2537;21.1989;188.649;62.7024
15.7002;-14.0491;21.0683;188.709;62.9069
15.7126;-13.8514;20.9464;188.763;63.1046
15.7255;-13.6516;20.8244;188.818;63.3045
15.7423;-13.4649;20.7153;188.865;63.4912
15.7511;-13.2621;20.5909;188.925;63.6939
15.7456;-13.077;20.4678;188.992;63.879
15.7437;-12.8885;20.3464;189.058;64.0675
15.7421;-12.6907;20.2205;189.127;64.2653
15.7382;-12.4999;20.0982;189.195;64.4561
15.7322;-12.2992;19.9692;189.269;64.6569
15.7278;-12.0896;19.8374;189.345;64.8665
15.7388;-11.895;19.7282;189.401;65.0611
15.7463;-11.697;19.6154;189.463;65.2591
15.7466;-11.4939;19.4953;189.532;65.4621
15.7483;-11.2952;19.3802;189.599;65.6608
15.7451;-11.0862;19.2565;189.675;65.8699
15.7372;-10.8777;19.1307;189.755;66.0784
15.7177;-10.6617;18.9926;189.848;66.2944
15.6885;-10.4591;18.8553;189.947;66.497
15.6534;-10.26;18.7162;190.049;66.6961
15.6144;-10.0703;18.5801;190.152;66.8858
15.5637;-9.85628;18.4221;190.275;67.0998
15.5189;-9.66592;18.2829;190.384;67.2902
15.4767;-9.48849;18.1538;190.487;67.4676
15.4329;-9.27536;18.0058;190.603;67.6807
15.3852;-9.07236;17.8609;190.72;67.8837
15.3431;-8.87326;17.7241;190.83;68.0828
15.3055;-8.68252;17.5967;190.933;68.2736
15.2583;-8.48691;17.4598;191.048;68.4692
15.2078;-8.28392;17.3177;191.168;68.6722
15.1587;-8.08815;17.1815;191.284;68.8679
15.1169;-7.8841;17.0493;191.396;69.072
15.0915;-7.68646;16.9362;191.491;69.2696
15.0661;-7.48808;16.8244;191.587;69.468
15.0437;-7.28977;16.7169;191.68;69.6663
15.0193;-7.09208;16.6095;191.774;69.864
14.9952;-6.88966;16.5023;191.871;70.0664
14.9763;-6.68244;16.3995;191.964;70.2736
14.9438;-6.473;16.2855;192.071;70.4831
14.9122;-6.27624;16.1792;192.173;70.6798
14.8847;-6.09567;16.0845;192.265;70.8604
14.8529;-5.90017;15.9819;192.367;71.0559
14.8137;-5.71096;15.8764;192.473;71.2451
14.7728;-5.50887;15.7665;192.586;71.4472
14.7497;-5.2927;15.6706;192.687;71.6634
14.7305;-5.09457;15.5866;192.779;71.8615
14.7025;-4.89781;15.4968;192.879;72.0583
14.6801;-4.67605;15.4068;192.982;72.28
14.6804;-4.48596;15.3505;193.053;72.4701
14.6835;-4.29443;15.2986;193.122;72.6616
14.6892;-4.08075;15.2455;193.198;72.8753
14.7056;-3.88855;15.211;193.255;73.0675
14.7168;-3.67055;15.1677;193.327;73.2855
14.7264;-3.47104;15.13;193.394;73.485
14.7364;-3.27486;15.0959;193.459;73.6812
14.7512;-3.07886;15.0691;193.52;73.8772
14.7648;-2.8813;15.0433;193.583;74.0748
14.7869;-2.69551;15.0306;193.634;74.2606
14.812;-2.49925;15.0214;193.686;74.4568
14.825;-2.30859;15.0037;193.748;74.6475
14.8245;-2.10498;14.9732;193.827;74.8511
14.8227;-1.90761;14.945;193.905;75.0485
14.8445;-1.70258;14.9418;193.964;75.2535
14.8644;-1.51459;14.9414;194.019;75.4415
14.901;-1.29163;14.9569;194.072;75.6644
14.933;-1.09117;14.9728;194.121;75.8649
14.9476;-0.905468;14.975;194.18;76.0506
14.9542;-0.701844;14.9707;194.254;76.2542
14.9556;-0.527035;14.9648;194.321;76.429
14.9574;-0.337972;14.9613;194.394;76.6181
14.957;-0.142452;14.9577;194.471;76.8136
14.9688;0.0478422;14.9689;194.536;77.0039
14.9887;0.250367;14.9908;194.598;77.2064
15.0166;0.441573;15.0231;194.648;77.3976
15.0617;0.641939;15.0754;194.686;77.598
15.1034;0.845849;15.1271;194.729;77.8019
15.1409;1.03535;15.1763;194.771;77.9914
15.1753;1.23615;15.2256;194.82;78.1922
15.2077;1.43179;15.2749;194.869;78.3879
15.2387;1.63071;15.3258;194.921;78.5868
15.2684;1.82741;15.3773;194.973;78.7835
15.3038;2.01938;15.4365;195.018;78.9755
15.3318;2.21239;15.4906;195.071;79.1685
15.3481;2.41635;15.5371;195.139;79.3724
15.384;2.62484;15.6063;195.191;79.5809
15.4191;2.83573;15.6776;195.245;79.7918
15.4641;3.02285;15.7568;195.28;79.9789
15.5198;3.22312;15.8509;195.312;80.1792
15.5743;3.41929;15.9452;195.343;80.3754
15.6184;3.60471;16.0289;195.379;80.5608
15.6442;3.82786;16.1057;195.447;80.7839
15.666;4.02661;16.1752;195.51;80.9827
15.6873;4.22009;16.2451;195.571;81.1762
15.7169;4.41591;16.3255;195.625;81.372
15.7474;4.59166;16.4031;195.671;81.5477
15.7578;4.79337;16.4707;195.745;81.7494
15.801;4.99135;16.5706;195.789;81.9474
15.8432;5.19074;16.6718;195.834;82.1468
15.8689;5.38401;16.7573;195.892;82.3401
15.8825;5.59423;16.839;195.968;82.5503
15.9118;5.78559;16.931;196.022;82.7417
15.9602;5.98089;17.044;196.061;82.937
16.0046;6.17671;17.1551;196.103;83.1328
16.0489;6.37198;17.2675;196.146;83.3281
16.0835;6.55616;17.3684;196.193;83.5122
16.1455;6.74994;17.4996;196.22;83.706
16.2072;6.9315;17.6272;196.241;83.8876
16.273;7.12656;17.7651;196.265;84.0826
16.343;7.33082;17.9119;196.29;84.2869
16.4088;7.52799;18.0532;196.315;84.4841
16.4584;7.71056;18.1751;196.349;84.6666
16.5149;7.90262;18.3083;196.381;84.8587
16.5738;8.09905;18.4468;196.413;85.0551
16.6468;8.26928;18.5875;196.421;85.2254
16.7373;8.46714;18.7571;196.425;85.4232
16.8223;8.65245;18.917;196.429;85.6085
16.9044;8.8547;19.0831;196.444;85.8108
16.9834;9.02078;19.2305;196.445;85.9769
17.0604;9.20921;19.3873;196.459;86.1653
17.1359;9.39181;19.5409;196.471;86.3479
17.2135;9.57684;19.6982;196.483;86.5329
17.299;9.75352;19.8592;196.484;86.7096
17.3725;9.93285;20.0117;196.497;86.8889
17.4471;10.1151;20.1672;196.511;87.0711
17.5373;10.3009;20.3388;196.512;87.2569
17.619;10.4871;20.5039;196.522;87.4431
17.6839;10.692;20.6649;196.555;87.6481
17.7158;10.8915;20.796;196.616;87.8476
17.7501;11.1035;20.9369;196.68;88.0595
17.8024;11.2974;21.0845;196.72;88.2535
17.8409;11.5133;21.2333;196.783;88.4693
17.9049;11.7113;21.3949;196.815;88.6674
17.9559;11.8817;21.5311;196.846;88.8378
18.0147;12.0717;21.6854;196.879;89.0277
18.0759;12.263;21.8431;196.911;89.219
18.1269;12.4435;21.9869;196.948;89.3996
18.1824;12.6042;22.1238;196.971;89.5603
18.2336;12.7795;22.2661;197.005;89.7355
18.2945;12.9673;22.4241;197.037;89.9234
18.3419;13.1577;22.5733;197.082;90.1138
18.3693;13.3661;22.7175;197.153;90.3222
18.4116;13.5711;22.8728;197.209;90.5272
18.4578;13.7844;23.0369;197.266;90.7404
18.5037;13.9802;23.1912;197.316;90.9363
18.5614;14.1623;23.3473;197.348;91.1184
18.6206;14.3313;23.4971;197.374;91.2874
18.6834;14.5235;23.6643;197.407;91.4795
18.7511;14.7144;23.8353;197.436;91.6705
18.8186;14.9041;24.0057;197.464;91.8601
18.885;15.1009;24.1802;197.497;92.057
18.9449;15.2927;24.347;197.534;92.2488
19.0004;15.4983;24.5196;197.581;92.4543
19.0509;15.6852;24.6772;197.624;92.6412
19.1057;15.8908;24.8505;197.672;92.8469
19.1369;16.1006;25.0091;197.743;93.0567
19.1722;16.2975;25.1631;197.804;93.2536
19.2036;16.496;25.316;197.87;93.4521
19.2305;16.687;25.4611;197.937;93.6431
19.2572;16.8879;25.6133;198.008;93.844
19.2829;17.0872;25.7644;198.08;94.0433
19.2817;17.2928;25.9003;198.179;94.2489
19.2929;17.4753;26.0308;198.256;94.4313
19.2926;17.6792;26.1679;198.354;94.6352
19.2907;17.8997;26.316;198.461;94.8558
19.2887;18.0999;26.4511;198.558;95.0559
19.2825;18.3098;26.5907;198.664;95.2658
19.2775;18.5104;26.7256;198.765;95.4665
19.2751;18.7142;26.8654;198.865;95.6703
19.2769;18.8799;26.9825;198.943;95.836
19.28;19.0783;27.1238;199.036;96.0344
19.2873;19.2812;27.272;199.128;96.2373
19.2925;19.472;27.4109;199.215;96.428
19.2818;19.6666;27.5421;199.319;96.6227
19.2455;19.8821;27.6711;199.455;96.8382
19.1965;20.0874;27.785;199.598;97.0434
19.1452;20.2931;27.8989;199.743;97.2492
19.1045;20.4822;28.0089;199.87;97.4383
19.0574;20.6895;28.129;200.013;97.6456
19.0212;20.8662;28.2348;200.131;97.8223
19.0008;21.0672;28.37;200.247;98.0233
18.969;21.2532;28.4872;200.365;98.2093
18.9308;21.441;28.6023;200.491;98.3971
18.8829;21.6405;28.7206;200.631;98.5965
18.8476;21.832;28.8421;200.755;98.788
18.7917;22.0266;28.9533;200.9;98.9826
18.7458;22.2245;29.0746;201.037;99.1805
18.6834;22.4282;29.1907;201.192;99.3843
18.609;22.6047;29.2791;201.344;99.5608
18.543;22.8133;29.3988;201.505;99.7694
18.4819;23.02;29.5212;201.66;99.9761
18.4351;23.207;29.6382;201.794;100.163
18.3935;23.3986;29.7626;201.925;100.355
18.345;23.5892;29.8829;202.062;100.545
18.2818;23.7835;29.998;202.213;100.74
18.2187;23.9793;30.1153;202.366;100.935
18.1503;24.1644;30.2217;202.517;101.12
18.1005;24.3479;30.3389;202.652;101.304
18.0548;24.5413;30.4672;202.788;101.497
18.019;24.7474;30.6124;202.923;101.703
17.9851;24.9445;30.7521;203.051;101.901
17.9518;25.1388;30.8906;203.177;102.095
17.9137;25.3199;31.0161;203.301;102.276
17.8669;25.5238;31.1559;203.444;102.48
17.844;25.722;31.3054;203.564;102.678
17.8212;25.9318;31.4651;203.69;102.888
17.796;26.1332;31.6171;203.813;103.089
17.7723;26.3339;31.7699;203.935;103.29
17.7487;26.5383;31.9264;204.059;103.494
17.7395;26.7414;32.0904;204.17;103.698
17.727;26.937;32.2467;204.28;103.893
17.6904;27.1309;32.3888;204.41;104.087
17.6509;27.3266;32.5315;204.544;104.283
17.6048;27.5238;32.6725;204.684;104.48
17.5609;27.7185;32.8131;204.821;104.675
17.5334;27.9153;32.9649;204.946;104.871
17.4948;28.1116;33.1109;205.079;105.068
17.4569;28.3068;33.2568;205.212;105.263
17.4192;28.4994;33.4012;205.343;105.455
17.3761;28.7167;33.5646;205.492;105.673
17.337;28.9143;33.7137;205.627;105.87
17.3095;29.1158;33.8725;205.755;106.072
17.2973;29.329;34.0498;205.875;106.285
17.2689;29.5377;34.2154;206.007;106.494
17.239;29.7197;34.3576;206.127;106.676
17.2109;29.9192;34.5163;206.254;106.875

17.183;-29.8965;34.4827;206.374;107.06
17.1393;-29.7406;34.3258;206.492;107.215
17.0966;-29.515;34.1091;206.645;107.441
17.0588;-29.3187;33.9203;206.78;107.637
17.0362;-29.1024;33.7221;206.912;107.854
17.0242;-28.9101;33.5503;207.022;108.046
17.0041;-28.7072;33.3653;207.146;108.249
17.0025;-28.5125;33.1971;207.249;108.444
16.9788;-28.3083;33.0097;207.376;108.648
16.9433;-28.1331;32.8412;207.498;108.823
16.8987;-27.9348;32.6484;207.64;109.021
16.8573;-27.7418;32.4619;207.777;109.214
16.813;-27.547;32.2725;207.917;109.409
16.7723;-27.3524;32.0853;208.054;109.604
16.7167;-27.1671;31.8983;208.199;109.789
16.7105;-26.9727;31.7296;208.306;109.983
16.7052;-26.7777;31.5612;208.414;110.178
16.6833;-26.593;31.393;208.53;110.363
16.6542;-26.3919;31.2073;208.661;110.564
16.6249;-26.2038;31.0327;208.786;110.752
16.6177;-26.0048;30.8609;208.898;110.951
16.6062;-25.8034;30.6852;209.015;111.153
16.6007;-25.6029;30.5138;209.126;111.353
16.5972;-25.3872;30.3312;209.244;111.569
16.5942;-25.1884;30.1633;209.352;111.768
16.5858;-24.9975;29.9994;209.461;111.959
16.582;-24.7981;29.8313;209.571;112.158
16.5835;-24.5911;29.6603;209.681;112.365
16.5573;-24.3868;29.4764;209.813;112.569
16.5281;-24.194;29.3007;209.941;112.762
16.5036;-23.9996;29.1264;210.066;112.956
16.4622;-23.7858;28.9269;210.216;113.17
16.4455;-23.6092;28.7723;210.325;113.347
16.4226;-23.4162;28.601;210.448;113.54
16.4104;-23.2096;28.4251;210.57;113.746
16.4375;-23.0011;28.2709;210.66;113.955
16.4484;-22.7866;28.103;210.767;114.17
16.4532;-22.5893;27.946;210.87;114.367
16.4605;-22.3793;27.781;210.978;114.577
16.4665;-22.1805;27.6246;211.081;114.776
16.4827;-22.0026;27.4917;211.164;114.954
16.5013;-21.8037;27.344;211.257;115.152
16.5212;-21.6041;27.1972;211.349;115.352
16.5406;-21.4082;27.0537;211.44;115.548
16.5727;-21.2171;26.9225;211.517;115.739
16.6101;-21.0142;26.786;211.597;115.942
16.6403;-20.8088;26.6441;211.684;116.147
16.6728;-20.6112;26.5104;211.766;116.345
16.7076;-20.4129;26.3786;211.846;116.543
16.7427;-20.2146;26.2479;211.925;116.741
16.758;-20.0205;26.1085;212.02;116.936
16.7857;-19.8107;25.9658;212.112;117.145
16.8124;-19.6051;25.8267;212.204;117.351
16.8324;-19.3943;25.6801;212.304;117.562
16.8428;-19.218;25.5541;212.393;117.738
16.8488;-18.9794;25.3792;212.52;117.977
16.8618;-18.7767;25.2366;212.622;118.179
16.8838;-18.5854;25.1093;212.71;118.371
16.8969;-18.3991;24.9806;212.803;118.557
16.9126;-18.201;24.8458;212.9;118.755
16.9259;-18.0019;24.7094;213;118.954
16.937;-17.8021;24.5719;213.103;119.154
16.948;-17.6051;24.4371;213.204;119.351
16.9728;-17.4046;24.3104;213.296;119.552
16.9987;-17.2077;24.188;213.385;119.748
17.0247;-17.0093;24.0657;213.475;119.947
17.0172;-16.8066;23.9175;213.595;120.15
17.0024;-16.6081;23.7678;213.719;120.348
16.9789;-16.4091;23.6124;213.85;120.547
16.951;-16.2144;23.4573;213.983;120.742
16.9229;-16.0176;23.3012;214.117;120.938
16.8896;-15.8142;23.1376;214.26;121.142
16.8365;-15.6236;22.9688;214.411;121.332
16.7884;-15.4288;22.8013;214.561;121.527
16.7381;-15.2338;22.6325;214.713;121.722
16.6888;-15.041;22.4666;214.863;121.915
16.6262;-14.8901;22.3192;215;122.066
16.5621;-14.712;22.1528;215.154;122.244
16.4945;-14.532;21.9829;215.312;122.424
16.4254;-14.3272;21.7959;215.486;122.629
16.3678;-14.1433;21.6318;215.638;122.813
16.3046;-13.9405;21.4518;215.805;123.016
16.2484;-13.7428;21.2809;215.964;123.213
16.1967;-13.556;21.1211;216.113;123.4
16.1475;-13.3418;20.9462;216.276;123.614
16.1025;-13.1403;20.7836;216.428;123.816
16.0549;-12.9221;20.6092;216.592;124.034
16.0051;-12.7191;20.4436;216.749;124.237
15.9569;-12.5257;20.2859;216.899;124.43
15.9151;-12.3474;20.1432;217.036;124.609
15.8673;-12.168;19.9957;217.178;124.788
15.8156;-11.975;19.8377;217.331;124.981
15.7671;-11.7797;19.6816;217.483;125.176
15.6973;-11.5752;19.5036;217.658;125.381
15.6278;-11.3978;19.3427;217.817;125.558
15.5643;-11.2063;19.1789;217.98;125.75
15.5014;-11.0271;19.0234;218.134;125.929
15.437;-10.8385;18.862;218.296;126.118
15.3755;-10.6604;18.7097;218.449;126.296
15.3132;-10.4579;18.5435;218.617;126.498
15.2581;-10.2685;18.3916;218.771;126.688
15.2213;-10.0921;18.2631;218.904;126.864
15.1779;-9.89995;18.1212;219.05;127.056
15.1385;-9.70745;17.9835;219.194;127.249
15.0861;-9.49929;17.8277;219.358;127.457
15.046;-9.32163;17.6996;219.494;127.634
14.9892;-9.11547;17.5433;219.66;127.841
14.9351;-8.9239;17.3981;219.815;128.032
14.8829;-8.73024;17.2545;219.971;128.226
14.8437;-8.53056;17.1203;220.119;128.426
14.8128;-8.33234;16.9955;220.26;128.624
14.7681;-8.15313;16.8692;220.401;128.803
14.7187;-7.97545;16.7406;220.545;128.981
14.6648;-7.78293;16.6021;220.701;129.173
14.5888;-7.58741;16.4439;220.877;129.369
14.5436;-7.38107;16.3094;221.035;129.575
14.4985;-7.19768;16.1868;221.179;129.758
14.4665;-7.00629;16.0738;221.317;129.95
14.4288;-6.80466;15.9528;221.466;130.151
14.3907;-6.60372;15.8335;221.615;130.352
14.3557;-6.38306;15.7108;221.773;130.573
14.3197;-6.19431;15.602;221.913;130.762
14.301;-6.00962;15.5124;222.037;130.946
14.2775;-5.81149;15.4149;222.173;131.145
14.2498;-5.59876;15.3102;222.321;131.357
14.2204;-5.40052;15.2113;222.462;131.556
14.1934;-5.20087;15.1163;222.602;131.755
14.1791;-4.99621;15.0336;222.735;131.96
14.1817;-4.80925;14.9749;222.843;132.147
14.1938;-4.60843;14.9232;222.953;132.348
14.2072;-4.40822;14.8754;223.061;132.548
14.2264;-4.22172;14.8396;223.156;132.734
14.2447;-4.02776;14.8031;223.257;132.928
14.2532;-3.84134;14.7617;223.361;133.115
14.2626;-3.64723;14.7215;223.469;133.309
14.2808;-3.4572;14.6933;223.568;133.499
14.3187;-3.24795;14.6825;223.663;133.708
14.3409;-3.05624;14.6629;223.76;133.9
14.3606;-2.84328;14.6393;223.871;134.113
14.3794;-2.64862;14.6213;223.973;134.307
14.4028;-2.45253;14.6101;224.072;134.504
14.4078;-2.27829;14.5868;224.173;134.678
14.4186;-2.08186;14.5681;224.282;134.874
14.4117;-1.87756;14.5335;224.41;135.079
14.4144;-1.69079;14.5132;224.521;135.265
14.4261;-1.47462;14.5013;224.642;135.481
14.4087;-1.25243;14.463;224.79;135.704
14.4002;-1.04345;14.4379;224.923;135.913
14.3572;-0.845618;14.3821;225.077;136.11
14.3156;-0.663468;14.3309;225.22;136.293
14.2745;-0.460583;14.282;225.375;136.495
14.2345;-0.267836;14.237;225.524;136.688
14.1943;-0.0564471;14.1944;225.684;136.9
14.1534;0.13825;14.1541;225.835;137.094
14.1116;0.334297;14.1156;225.987;137.29
14.0703;0.527588;14.0802;226.137;137.484
14.0209;0.731324;14.04;226.3;137.687
14.0069;0.927813;14.0376;226.431;137.884
13.9889;1.13859;14.0351;226.574;138.095
