#1 AntPos X	#2 AntVel X	#3 AntPos Y	#4 AntVel Y	#5 AntAngle	
-13.9189;-1.82265;11.5839;-0.979106;-2.64864;
-14.0912;-1.72304;11.4937;-0.9029;-2.65892;
-14.2762;-1.84998;11.4068;-0.868242;-2.70278;
-14.4714;-1.95244;11.3299;-0.769512;-2.76616;
-14.6642;-1.92784;11.2626;-0.672985;-2.80573;
-14.8549;-1.90656;11.2112;-0.513578;-2.87846;
-15.0506;-1.95741;11.1585;-0.526797;-2.87869;
-15.2574;-2.06837;11.0893;-0.692737;-2.81842;
-15.451;-1.93594;10.9965;-0.927629;-2.69475;
-15.6324;-1.81361;10.9182;-0.782855;-2.7341;
-15.7865;-1.54097;10.8339;-0.843574;-2.64073;
-15.983;-1.96549;10.7324;-1.01424;-2.66521;
-16.1512;-1.68125;10.6485;-0.83914;-2.67865;
-16.327;-1.75856;10.536;-1.12524;-2.57238;
-16.4995;-1.72511;10.4074;-1.28585;-2.50106;
-16.6602;-1.60635;10.2965;-1.10884;-2.53742;
-16.8285;-1.68329;10.1844;-1.12165;-2.55381;
-16.9991;-1.70592;10.0618;-1.22574;-2.51854;
-17.1465;-1.47399;9.93594;-1.25853;-2.43488;
-17.3009;-1.54406;9.80683;-1.29114;-2.44517;
-17.4428;-1.41911;9.68217;-1.24659;-2.42083;
-17.602;-1.59208;9.5551;-1.27073;-2.46798;
-17.7583;-1.56295;9.43015;-1.24948;-2.4672;
-17.9281;-1.69826;9.29511;-1.35039;-2.46981;
-18.0884;-1.60289;9.15591;-1.39199;-2.4265;
-18.2411;-1.52694;9.02157;-1.34338;-2.42006;
-18.3979;-1.56755;8.89946;-1.22111;-2.47979;
-18.5349;-1.37054;8.77187;-1.27597;-2.39191;
-18.6912;-1.5626;8.64839;-1.23472;-2.47287;
-18.8459;-1.54732;8.525;-1.23395;-2.4684;
-19.006;-1.60058;8.3962;-1.28796;-2.464;
-19.1651;-1.59144;8.27387;-1.22336;-2.48622;
-19.3469;-1.81799;8.15945;-1.14416;-2.57987;
-19.5158;-1.68858;8.05263;-1.06817;-2.57756;
-19.6836;-1.67878;7.9512;-1.01433;-2.59809;
-19.8631;-1.79434;7.85928;-0.919194;-2.66817;
-20.0487;-1.85598;7.77026;-0.890227;-2.69435;
-20.231;-1.82285;7.69011;-0.801458;-2.72736;
-20.3955;-1.64551;7.60097;-0.891465;-2.6451;
-20.5832;-1.87668;7.51204;-0.889305;-2.69907;
-20.7575;-1.74353;7.41084;-1.01193;-2.61572;
-20.9374;-1.79908;7.28392;-1.26923;-2.52719;
-21.1188;-1.8132;7.16355;-1.20372;-2.55553;
-21.2797;-1.60927;7.06971;-0.938418;-2.61367;
-21.4686;-1.88862;6.96921;-1.00496;-2.65259;
-21.6383;-1.69763;6.88914;-0.800661;-2.70089;
-21.8271;-1.88784;6.80232;-0.868211;-2.71054;
-22.0274;-2.00263;6.73861;-0.63709;-2.83359;
-22.216;-1.8862;6.69274;-0.458698;-2.90304;
-22.4112;-1.95255;6.64577;-0.469743;-2.9055;
-22.6052;-1.9397;6.59242;-0.533489;-2.87319;
-22.7691;-1.63869;6.5213;-0.711233;-2.7321;
-22.9563;-1.87265;6.45038;-0.709155;-2.77959;
-23.1303;-1.73981;6.36657;-0.838109;-2.69267;
-23.3231;-1.92823;6.28737;-0.792044;-2.75184;
-23.5411;-2.1793;6.21353;-0.738388;-2.81491;
-23.7307;-1.89663;6.15416;-0.593635;-2.83826;
-23.9224;-1.91703;6.07916;-0.750014;-2.76866;
-24.1094;-1.86951;6.00665;-0.725102;-2.7716;
-24.281;-1.71602;5.92559;-0.810583;-2.7003;
-24.4611;-1.80086;5.84196;-0.836295;-2.70684;
-24.6437;-1.82574;5.74851;-0.934502;-2.66851;
-24.818;-1.74359;5.66459;-0.839273;-2.69298;
-25.0047;-1.86716;5.58352;-0.810711;-2.73196;
-25.2023;-1.97575;5.50856;-0.749567;-2.77899;
-25.3889;-1.86552;5.43535;-0.732134;-2.76761;
-25.5797;-1.90852;5.32772;-1.07624;-2.62813;
-25.7467;-1.66982;5.22331;-1.04413;-2.58278;
-25.9281;-1.81375;5.12365;-0.996579;-2.63917;
-26.0739;-1.45862;5.03147;-0.921861;-2.57797;
-26.2563;-1.82359;4.93931;-0.921585;-2.67366;
-26.4428;-1.86552;4.84161;-0.976936;-2.65918;
-26.6051;-1.62245;4.73977;-1.01842;-2.58105;
-26.773;-1.67936;4.63302;-1.0675;-2.57537;
-26.9437;-1.70669;4.52285;-1.10169;-2.56838;
-27.1271;-1.83461;4.35457;-1.68282;-2.39932;
-27.2734;-1.46225;4.22126;-1.33312;-2.40236;
-27.4263;-1.52905;4.07452;-1.46738;-2.37677;
-27.5563;-1.29984;3.93294;-1.41584;-2.31351;
-27.6914;-1.35091;3.78584;-1.47094;-2.31368;
-27.8238;-1.32464;3.64223;-1.43615;-2.31583;
-27.9813;-1.57466;3.4875;-1.54727;-2.36497;
-28.1189;-1.37588;3.35316;-1.34345;-2.36812;
-28.2495;-1.30596;3.22141;-1.31747;-2.3518;
-28.4158;-1.66312;3.07138;-1.50028;-2.40762;
-28.5553;-1.39482;2.93836;-1.33021;-2.3799;
-28.6861;-1.30878;2.8118;-1.2656;-2.37297;
-28.8302;-1.44091;2.67169;-1.40106;-2.37022;
-28.9694;-1.3916;2.52864;-1.43055;-2.3424;
-29.1253;-1.5592;2.38095;-1.47693;-2.38329;
-29.2707;-1.45431;2.24344;-1.37503;-2.38421;
-29.4281;-1.57391;2.11555;-1.27891;-2.45923;
-29.5847;-1.56606;1.99135;-1.24201;-2.47108;
-29.7498;-1.65108;1.87488;-1.16472;-2.52723;
-29.9115;-1.61612;1.7587;-1.16178;-2.51832;

29.9326;-1.55961;1.63405;-1.24654;-2.4673;
29.7686;-1.63971;1.52021;-1.13832;-2.53475;
29.6043;-1.64317;1.40615;-1.1406;-2.53481;
29.4244;-1.79911;1.29756;-1.08594;-2.59853;
29.2422;-1.82154;1.19145;-1.06114;-2.6141;
29.069;-1.73257;1.10419;-0.872539;-2.67506;
28.8903;-1.78659;1.00347;-1.00721;-2.62825;
28.7149;-1.75374;0.908078;-0.953933;-2.64341;
28.5264;-1.88582;0.795174;-1.12904;-2.60213;
28.354;-1.72353;0.690036;-1.05138;-2.59384;
28.1822;-1.71777;0.58006;-1.09976;-2.57212;
28.0106;-1.71666;0.471711;-1.08349;-2.57857;
27.8424;-1.68166;0.358602;-1.13109;-2.54949;
27.6781;-1.64297;0.236411;-1.22191;-2.50212;
27.529;-1.49137;0.122287;-1.14124;-2.48842;
27.365;-1.63953;0.0139714;-1.08315;-2.55777;
27.1985;-1.66512;-0.110873;-1.24845;-2.49824;
27.0401;-1.58377;-0.217178;-1.06305;-2.55045;
26.8639;-1.76236;-0.304988;-0.878104;-2.67934;
26.6868;-1.77099;-0.396266;-0.912778;-2.6657;
26.4987;-1.88061;-0.498144;-1.01878;-2.64512;
26.29;-2.08709;-0.599248;-1.01104;-2.69048;
26.1108;-1.79223;-0.685796;-0.865479;-2.69171;
25.9291;-1.8164;-0.772103;-0.863076;-2.69801;
25.7468;-1.82386;-0.854427;-0.823232;-2.7176;
25.561;-1.8577;-0.922781;-0.683544;-2.78901;
25.3805;-1.8046;-1.01131;-0.88533;-2.6855;
25.1983;-1.82263;-1.10011;-0.887951;-2.68825;
24.9961;-2.02203;-1.21175;-1.11644;-2.63711;
24.7897;-2.06372;-1.30728;-0.955249;-2.70808;
24.6201;-1.69623;-1.39494;-0.876577;-2.66461;
24.4229;-1.97191;-1.516;-1.21065;-2.59098;
24.2584;-1.64455;-1.62143;-1.05431;-2.5715;
24.0855;-1.72896;-1.73163;-1.10198;-2.57415;
23.9293;-1.5626;-1.83527;-1.03636;-2.55597;
23.7611;-1.68207;-1.94219;-1.06924;-2.57536;
23.5894;-1.71691;-2.04509;-1.02896;-2.60168;
23.4277;-1.61705;-2.14295;-0.978665;-2.59735;
23.2619;-1.65778;-2.26485;-1.21897;-2.50757;
23.101;-1.60917;-2.38044;-1.15594;-2.51866;
22.9322;-1.68721;-2.47205;-0.916044;-2.64419;
22.769;-1.63202;-2.55762;-0.855686;-2.65869;
22.6071;-1.61916;-2.64693;-0.893125;-2.63752;
22.4371;-1.70041;-2.74801;-1.01085;-2.60525;
22.2729;-1.6415;-2.86247;-1.14456;-2.5327;
22.1056;-1.67363;-2.97372;-1.1125;-2.55494;
21.9352;-1.70367;-3.08195;-1.08233;-2.57562;
21.7666;-1.6865;-3.19705;-1.15095;-2.54274;
21.6001;-1.66491;-3.32307;-1.26021;-2.49368;
21.4519;-1.48125;-3.46064;-1.37567;-2.39313;
21.32;-1.31952;-3.62337;-1.62734;-2.25211;
21.1914;-1.28595;-3.77778;-1.54406;-2.26524;
21.0614;-1.30037;-3.92844;-1.50658;-2.28286;
20.9326;-1.28756;-4.07878;-1.5034;-2.27901;
20.8062;-1.2644;-4.19367;-1.14892;-2.40401;
20.6604;-1.45757;-4.36262;-1.68955;-2.28262;
20.5327;-1.27704;-4.51653;-1.53906;-2.26342;
20.4089;-1.23788;-4.67264;-1.5611;-2.24122;
20.284;-1.2489;-4.82898;-1.56337;-2.24484;
20.1659;-1.18079;-4.97542;-1.46439;-2.24939;
20.0409;-1.25061;-5.12909;-1.5367;-2.25391;
19.9206;-1.20285;-5.29045;-1.61367;-2.21135;
19.8106;-1.10016;-5.45136;-1.60906;-2.17052;
19.7017;-1.08917;-5.61993;-1.68574;-2.14443;
19.5866;-1.15113;-5.77339;-1.53457;-2.21438;
19.4657;-1.20867;-5.95014;-1.76752;-2.17058;
19.352;-1.13657;-6.11507;-1.6493;-2.17418;
19.2126;-1.39411;-6.27655;-1.61474;-2.283;
19.0781;-1.34567;-6.41809;-1.41542;-2.33094;
18.9557;-1.22392;-6.57755;-1.5946;-2.22543;
18.8271;-1.28577;-6.75284;-1.75288;-2.20367;
18.6993;-1.27799;-6.92144;-1.68605;-2.21939;
18.6004;-0.988933;-7.08091;-1.59469;-2.1259;
18.5102;-0.901934;-7.24217;-1.61265;-2.08074;
18.41;-1.00164;-7.41512;-1.72949;-2.09575;
18.3381;-0.719083;-7.60231;-1.87183;-1.93757;
18.2461;-0.920663;-7.78644;-1.84137;-2.03443;
18.1585;-0.876053;-7.96637;-1.79925;-2.02391;
18.0698;-0.886415;-8.1346;-1.68237;-2.05572;
17.9761;-0.937447;-8.32343;-1.88822;-2.03162;
17.9007;-0.754072;-8.50647;-1.83041;-1.96158;
17.8244;-0.762417;-8.69117;-1.847;-1.96228;
17.7628;-0.615807;-8.87876;-1.87597;-1.88798;
17.7287;-0.341546;-9.0743;-1.95536;-1.74372;
17.7004;-0.283083;-9.27031;-1.96009;-1.71423;
17.6729;-0.27494;-9.46912;-1.98806;-1.70822;
17.6377;-0.351502;-9.68058;-2.11469;-1.73551;
17.6087;-0.290336;-9.87698;-1.96397;-1.71756;
17.5718;-0.36909;-10.0732;-1.96251;-1.7567;
17.5341;-0.377114;-10.2626;-1.89324;-1.76741;
17.5021;-0.319605;-10.4639;-2.01311;-1.72824;
17.4707;-0.31408;-10.6617;-1.97825;-1.72825;
17.4441;-0.266475;-10.8636;-2.01871;-1.70204;
17.4303;-0.137646;-11.0518;-1.88215;-1.6438;
17.4121;-0.181566;-11.2263;-1.74569;-1.67443;
17.3867;-0.254146;-11.4209;-1.9459;-1.70067;
17.3582;-0.285295;-11.6315;-2.10575;-1.70546;
17.3267;-0.314638;-11.8309;-1.99385;-1.72731;
17.2916;-0.351445;-12.0323;-2.01452;-1.74351;
17.2439;-0.476494;-12.2224;-1.90081;-1.81641;
17.22;-0.23959;-12.4302;-2.07779;-1.6856;
17.2001;-0.198487;-12.6282;-1.97948;-1.67073;
17.1809;-0.192445;-12.828;-1.99829;-1.66681;
17.1609;-0.200132;-13.0253;-1.97299;-1.67189;
17.1405;-0.203501;-13.2263;-2.01047;-1.67167;
17.1476;0.0705424;-13.4332;-2.06913;-1.53672;
17.161;0.134122;-13.63;-1.96749;-1.50273;
17.1722;0.111693;-13.8058;-1.75807;-1.50735;
17.2166;0.444017;-14.0124;-2.06584;-1.35908;
17.2591;0.425875;-14.2103;-1.97958;-1.35889;
17.2778;0.186408;-14.4214;-2.11038;-1.4827;
17.2954;0.176419;-14.6172;-1.95864;-1.48097;
17.3087;0.133034;-14.7872;-1.6996;-1.49268;
17.3287;0.200106;-14.9874;-2.00243;-1.4712;
17.3192;-0.0958972;-15.1757;-1.88258;-1.62169;
17.3027;-0.164528;-15.3894;-2.13677;-1.64764;
17.2927;-0.100176;-15.5923;-2.02955;-1.62012;
17.3019;0.0921381;-15.7948;-2.02441;-1.52531;
17.2874;-0.145154;-15.9797;-1.84963;-1.64911;
17.2827;-0.0472519;-16.1735;-1.93787;-1.59517;
17.2811;-0.0157011;-16.3619;-1.88357;-1.57913;
17.268;-0.130491;-16.5738;-2.11899;-1.6323;
17.2631;-0.0498384;-16.7469;-1.73097;-1.59958;
17.2568;-0.0627739;-16.9425;-1.95576;-1.60288;
17.2433;-0.134669;-17.1396;-1.97143;-1.639;
17.2463;0.0302348;-17.3339;-1.94255;-1.55523;
17.2532;0.0691201;-17.5344;-2.00566;-1.53635;
17.2472;-0.0602403;-17.7251;-1.90655;-1.60238;
17.2484;0.0121683;-17.9174;-1.92342;-1.56447;
17.2463;-0.0209917;-18.1188;-2.01376;-1.58122;
17.2328;-0.13555;-18.3254;-2.0659;-1.63632;
17.2248;-0.079853;-18.5242;-1.98836;-1.61094;
17.203;-0.218102;-18.7201;-1.95874;-1.68169;
17.1759;-0.270686;-18.9198;-1.99747;-1.70549;
17.1415;-0.344089;-19.1273;-2.07413;-1.73519;
17.0861;-0.553883;-19.3208;-1.93575;-1.84948;
17.0124;-0.736757;-19.5118;-1.90943;-1.93905;
16.9191;-0.933894;-19.6886;-1.76775;-2.05682;
16.8238;-0.952522;-19.8677;-1.79121;-2.05954;
16.7319;-0.918811;-20.0407;-1.72987;-2.05905;
16.6392;-0.926943;-20.2146;-1.73939;-2.06043;
16.5447;-0.944821;-20.4045;-1.89927;-2.03241;
16.4471;-0.976846;-20.5901;-1.85529;-2.05543;
16.3556;-0.91509;-20.7705;-1.80467;-2.04008;
16.2635;-0.920489;-20.9394;-1.68909;-2.06976;
16.1837;-0.797849;-21.111;-1.71579;-2.00606;
16.09;-0.937304;-21.2953;-1.84253;-2.04138;
15.9996;-0.903617;-21.4516;-1.56359;-2.09482;
15.8954;-1.0426;-21.6258;-1.74208;-2.1101;
15.8027;-0.926319;-21.8125;-1.86695;-2.03137;
15.6937;-1.09071;-22.0244;-2.11837;-2.04628;
15.6029;-0.907693;-22.2203;-1.95919;-2.00466;
15.5023;-1.00594;-22.4144;-1.94152;-2.04884;
15.3914;-1.10948;-22.5969;-1.8247;-2.1171;
15.2848;-1.06565;-22.767;-1.70113;-2.13043;
15.179;-1.05778;-22.9349;-1.67922;-2.13293;
15.0663;-1.12688;-23.1035;-1.68576;-2.16004;
14.956;-1.10329;-23.2744;-1.70916;-2.14401;
14.8238;-1.32166;-23.4372;-1.6278;-2.25277;
14.6995;-1.24348;-23.5865;-1.49316;-2.26521;
14.577;-1.22468;-23.7288;-1.42308;-2.2814;
14.4421;-1.34867;-23.8807;-1.51876;-2.29695;
14.3102;-1.31908;-24.029;-1.48272;-2.29785;
14.1799;-1.30354;-24.1646;-1.35582;-2.33654;
14.0452;-1.34647;-24.3166;-1.52053;-2.29556;
13.9113;-1.33917;-24.4584;-1.41781;-2.32768;
13.763;-1.48349;-24.6139;-1.55484;-2.33271;
13.6261;-1.3684;-24.7596;-1.45739;-2.32471;
13.4919;-1.34276;-24.896;-1.36356;-2.34851;
13.3477;-1.44144;-25.0383;-1.42357;-2.36243;
13.1922;-1.55544;-25.1818;-1.43463;-2.39658;
13.0654;-1.26724;-25.3049;-1.23067;-2.37083;
12.9401;-1.25343;-25.4658;-1.60935;-2.2325;
12.8192;-1.20861;-25.6209;-1.55102;-2.23275;
12.6812;-1.38085;-25.7908;-1.69851;-2.2534;
12.542;-1.39143;-25.9237;-1.3293;-2.37903;
12.3925;-1.49553;-26.0574;-1.33735;-2.41197;
12.2438;-1.48691;-26.1886;-1.31151;-2.41879;
12.1003;-1.43509;-26.3274;-1.3885;-2.37269;
11.9632;-1.37047;-26.4753;-1.47924;-2.31804;
11.8403;-1.22886;-26.617;-1.41663;-2.28534;
11.6991;-1.41198;-26.7636;-1.46557;-2.33757;
11.5516;-1.47562;-26.9035;-1.39971;-2.38259;
11.3749;-1.7666;-27.0345;-1.30972;-2.50363;
11.2037;-1.71157;-27.1651;-1.30624;-2.48971;
11.0315;-1.72222;-27.3009;-1.35748;-2.47408;
10.8638;-1.67695;-27.427;-1.26124;-2.49675;
10.6712;-1.92599;-27.5431;-1.1613;-2.599;
10.4912;-1.79992;-27.6486;-1.05491;-2.61147;
10.3187;-1.72555;-27.7516;-1.02946;-2.60368;
10.1335;-1.85209;-27.8596;-1.0807;-2.61339;
9.96216;-1.71312;-27.9591;-0.994713;-2.61553;
9.80893;-1.53228;-28.0648;-1.0572;-2.53764;
9.64783;-1.61104;-28.2089;-1.44038;-2.41206;
9.48048;-1.67351;-28.3467;-1.37844;-2.45258;
9.32555;-1.54928;-28.4732;-1.26509;-2.45683;
9.1703;-1.55251;-28.6032;-1.29941;-2.44471;
9.0238;-1.46501;-28.7323;-1.29109;-2.41922;
8.86944;-1.54359;-28.8617;-1.29405;-2.44391;
8.73018;-1.39258;-29.0169;-1.55259;-2.30192;
8.59656;-1.33618;-29.1656;-1.48642;-2.30302;
8.46518;-1.3138;-29.326;-1.60425;-2.25699;
8.34994;-1.15247;-29.465;-1.38981;-2.26311;
8.22217;-1.27767;-29.6188;-1.5384;-2.26387;
8.09388;-1.28291;-29.7723;-1.53512;-2.26694;
7.97007;-1.23804;-29.9055;-1.33164;-2.31978;

7.84082;-1.29256;29.951;-1.43532;-2.30391;
7.70725;-1.33564;29.8487;-1.02261;-2.48816;
7.5476;-1.59655;29.727;-1.21714;-2.49023;
7.38897;-1.58629;29.6086;-1.18348;-2.50061;
7.22346;-1.65507;29.4863;-1.22355;-2.50499;
7.06401;-1.59458;29.3578;-1.28509;-2.46326;
6.89781;-1.66197;29.2329;-1.24903;-2.49711;
6.73458;-1.63228;29.1069;-1.26021;-2.48412;
6.57219;-1.62394;28.9801;-1.26784;-2.47872;
6.41408;-1.58109;28.8523;-1.27796;-2.46182;
6.26299;-1.5109;28.7241;-1.28213;-2.43792;
6.1071;-1.55888;28.5795;-1.44614;-2.3937;
5.96423;-1.42869;28.4508;-1.28636;-2.40857;
5.82952;-1.34705;28.2997;-1.51118;-2.29883;
5.70811;-1.21417;28.155;-1.44672;-2.26902;
5.58694;-1.21172;28.0118;-1.43252;-2.27289;
5.46023;-1.26705;27.8626;-1.49206;-2.27482;
5.33312;-1.27111;27.7022;-1.60401;-2.24092;
5.23033;-1.02786;27.5618;-1.40321;-2.20301;
5.11215;-1.18188;27.3982;-1.63682;-2.19617;
5.00037;-1.11772;27.2415;-1.56711;-2.19035;
4.89455;-1.05827;27.0855;-1.56002;-2.16686;
4.75511;-1.39434;26.9119;-1.73588;-2.24751;
4.64668;-1.08429;26.7578;-1.54083;-2.18401;
4.53697;-1.09709;26.605;-1.52781;-2.19355;
4.41836;-1.1861;26.4459;-1.59147;-2.21127;
4.29875;-1.19611;26.2904;-1.55443;-2.22665;
4.18282;-1.15935;26.1324;-1.58011;-2.20379;
4.06107;-1.21747;25.9815;-1.5087;-2.24977;
3.93821;-1.22864;25.839;-1.42503;-2.28232;
3.79883;-1.39379;25.695;-1.44064;-2.33966;
3.64507;-1.53761;25.5637;-1.31249;-2.43502;
3.50483;-1.40239;25.428;-1.35685;-2.3727;
3.36228;-1.42546;25.2881;-1.39885;-2.36562;
3.22791;-1.34369;25.1316;-1.56523;-2.28018;
3.09438;-1.33529;24.9655;-1.66137;-2.24781;
2.98159;-1.12794;24.8168;-1.48658;-2.21987;
2.86396;-1.1763;24.6609;-1.55889;-2.21722;
2.73436;-1.29601;24.5049;-1.56079;-2.26378;
2.5903;-1.44055;24.3555;-1.49311;-2.33828;
2.45401;-1.36298;24.21;-1.45524;-2.32347;
2.31916;-1.34847;24.0659;-1.44134;-2.32291;
2.1792;-1.3996;23.9293;-1.36598;-2.36835;
2.03596;-1.43238;23.7897;-1.39542;-2.36926;
1.91453;-1.21432;23.6624;-1.27333;-2.33248;
1.7685;-1.46032;23.5133;-1.49125;-2.34572;
1.62056;-1.47941;23.3692;-1.44121;-2.36927;
1.47539;-1.45168;23.2207;-1.48496;-2.34486;
1.32376;-1.51633;23.0599;-1.60745;-2.32703;
1.1876;-1.36157;22.9094;-1.50509;-2.30617;
1.05634;-1.31256;22.7835;-1.25964;-2.37676;
0.911445;-1.44898;22.6496;-1.33883;-2.39569;
0.78575;-1.25695;22.523;-1.26571;-2.35272;
0.645101;-1.40649;22.3766;-1.46422;-2.33609;
0.524741;-1.20361;22.2283;-1.48322;-2.2525;
0.404116;-1.20624;22.0646;-1.63611;-2.2061;
0.283809;-1.20307;21.9454;-1.19253;-2.36059;
0.140515;-1.43294;21.8034;-1.42004;-2.36072;
0.00056465;-1.39951;21.6553;-1.48079;-2.32798;
-0.133179;-1.33744;21.5052;-1.5014;-2.2985;
-0.268515;-1.35336;21.3235;-1.81689;-2.21101;
-0.398019;-1.29503;21.1832;-1.40246;-2.31639;
-0.531763;-1.33744;21.0411;-1.42153;-2.32573;
-0.667769;-1.36007;20.8954;-1.45732;-2.32169;
-0.79489;-1.2712;20.7533;-1.42023;-2.30088;
-0.945638;-1.50748;20.5746;-1.78698;-2.27156;
-1.07371;-1.28075;20.4275;-1.47154;-2.28699;
-1.22115;-1.47436;20.2943;-1.33195;-2.4069;
-1.3722;-1.51045;20.1477;-1.46543;-2.37132;
-1.53713;-1.6494;19.9861;-1.61685;-2.36616;
-1.65462;-1.17487;19.8412;-1.44901;-2.25209;
-1.77563;-1.21003;19.7072;-1.33936;-2.30551;
-1.90701;-1.31388;19.5565;-1.50734;-2.28773;
-2.03605;-1.29034;19.4156;-1.40858;-2.31241;
-2.17484;-1.38797;19.261;-1.54629;-2.30229;
-2.29771;-1.22865;19.1237;-1.37293;-2.30079;
-2.43289;-1.35178;18.9791;-1.44618;-2.32247;
-2.56928;-1.36389;18.8304;-1.48697;-2.31305;
-2.69945;-1.30177;18.6738;-1.56559;-2.26444;
-2.81745;-1.17997;18.5215;-1.5236;-2.22977;
-2.94688;-1.29425;18.3901;-1.31392;-2.34865;
-3.08654;-1.39669;18.246;-1.4404;-2.34079;
-3.21448;-1.2794;18.1171;-1.28912;-2.35241;
-3.36288;-1.48399;17.9789;-1.3825;-2.39158;
-3.51411;-1.51226;17.841;-1.37908;-2.40222;
-3.65709;-1.42981;17.6924;-1.48552;-2.33709;
-3.7874;-1.30311;17.5496;-1.42796;-2.31051;
-3.91575;-1.28349;17.3676;-1.82002;-2.18501;
-4.01656;-1.00812;17.2199;-1.47736;-2.1696;
-4.14029;-1.23729;17.0583;-1.61598;-2.22424;
-4.28096;-1.40673;16.8868;-1.71528;-2.25769;
-4.41944;-1.38471;16.7268;-1.5999;-2.28422;
-4.54269;-1.23259;16.5842;-1.42571;-2.28367;
-4.67091;-1.28216;16.4365;-1.47668;-2.28581;
-4.80628;-1.35367;16.2859;-1.5067;-2.30275;
-4.9401;-1.3382;16.1126;-1.73235;-2.22853;
-5.06756;-1.27464;15.9637;-1.48919;-2.27872;
-5.19534;-1.27775;15.8106;-1.53097;-2.26628;
-5.31556;-1.20219;15.6624;-1.48204;-2.25231;
-5.44132;-1.25767;15.5083;-1.54067;-2.25541;
-5.55313;-1.11811;15.352;-1.56346;-2.19162;
-5.67022;-1.17082;15.1898;-1.62178;-2.1961;
-5.79492;-1.24702;15.0218;-1.68041;-2.20922;
-5.92271;-1.27791;14.8643;-1.57495;-2.25245;
-6.04644;-1.23729;14.7037;-1.60536;-2.22743;
-6.17604;-1.29607;14.554;-1.49742;-2.28424;
-6.31193;-1.35881;14.4157;-1.38334;-2.34725;
-6.44559;-1.33663;14.2686;-1.47068;-2.30848;
-6.57895;-1.33365;14.1367;-1.31935;-2.36158;
-6.73961;-1.60655;13.9791;-1.57597;-2.3658;
-6.8891;-1.49493;13.8443;-1.34799;-2.40784;
-7.0339;-1.44803;13.7109;-1.33382;-2.39723;
-7.16716;-1.33261;13.5676;-1.43296;-2.31992;
-7.30428;-1.37112;13.4163;-1.51262;-2.30716;
-7.45091;-1.46637;13.2626;-1.53733;-2.33258;
-7.56667;-1.15752;13.1075;-1.55071;-2.21202;
-7.69239;-1.25724;12.9516;-1.5591;-2.24942;
-7.81997;-1.27577;12.7954;-1.56201;-2.25567;
-7.93522;-1.15256;12.631;-1.64406;-2.18222;
-8.0516;-1.16372;12.4647;-1.66313;-2.18133;
-8.16099;-1.09399;12.3216;-1.43096;-2.22352;
-8.27146;-1.10461;12.1566;-1.6497;-2.16082;
-8.41206;-1.40608;11.9984;-1.58194;-2.29741;
-8.53902;-1.26956;11.867;-1.31394;-2.33902;
-8.67023;-1.31211;11.719;-1.4808;-2.29587;
-8.80556;-1.35334;11.5689;-1.50032;-2.30474;
-8.94436;-1.38795;11.4265;-1.42395;-2.34339;
-9.08923;-1.44869;11.2851;-1.41456;-2.36811;
-9.24144;-1.52209;11.1366;-1.48458;-2.36867;
-9.38474;-1.43299;10.9945;-1.42092;-2.36043;
-9.53391;-1.49176;10.843;-1.51508;-2.34844;
-9.66564;-1.31728;10.7023;-1.40672;-2.32337;
-9.80096;-1.35321;10.5363;-1.66087;-2.25447;
-9.93061;-1.29644;10.3798;-1.56436;-2.26281;
-10.0613;-1.30712;10.2423;-1.37567;-2.33065;
-10.1982;-1.36922;10.0987;-1.43506;-2.33272;
-10.3454;-1.47132;9.94948;-1.49266;-2.349;
-10.4994;-1.53998;9.82545;-1.24031;-2.46356;
-10.6558;-1.56396;9.69287;-1.32573;-2.43845;
-10.8084;-1.5265;9.58501;-1.0786;-2.52646;
-10.9729;-1.64494;9.464;-1.21011;-2.50734;
-11.1378;-1.64913;9.3429;-1.21104;-2.50818;
-11.2907;-1.5292;9.23654;-1.06359;-2.53388;
-11.4376;-1.46833;9.12502;-1.11521;-2.49203;
-11.5967;-1.59134;9.01548;-1.09544;-2.53871;
-11.7731;-1.7644;8.89935;-1.1612;-2.55952;
-11.94;-1.66889;8.80433;-0.950284;-2.62397;
-12.1235;-1.83448;8.6787;-1.25628;-2.54113;
-12.2722;-1.48697;8.5855;-0.931961;-2.58173;
-12.4413;-1.69074;8.47224;-1.13259;-2.55137;
-12.6183;-1.77002;8.37004;-1.02205;-2.61794;
-12.7982;-1.79902;8.26421;-1.05833;-2.60983;
-12.9742;-1.75991;8.1612;-1.03002;-2.61208;
-13.1451;-1.70961;8.06352;-0.976855;-2.62247;
-13.3362;-1.91119;7.97347;-0.90048;-2.70128;
-13.5131;-1.76887;7.89014;-0.833305;-2.70134;
-13.686;-1.72843;7.80869;-0.814514;-2.70121;
-13.8475;-1.61521;7.71365;-0.950423;-2.60973;
-14.0142;-1.66747;7.62174;-0.919064;-2.63785;
-14.1931;-1.78861;7.52481;-0.969317;-2.64496;
-14.37;-1.76866;7.4318;-0.930059;-2.65748;
-14.5366;-1.66692;7.32367;-1.08136;-2.56612;
-14.7035;-1.66885;7.20961;-1.14056;-2.54207;
-14.8734;-1.69889;7.11425;-0.953594;-2.63011;
-15.049;-1.75594;7.02025;-0.939994;-2.65009;
-15.2188;-1.69734;6.9193;-1.00956;-2.60501;
-15.3954;-1.76606;6.79931;-1.1999;-2.54481;
-15.5566;-1.61251;6.68528;-1.1402;-2.52612;
-15.7252;-1.68593;6.57766;-1.07623;-2.57344;
-15.8888;-1.63628;6.46083;-1.16831;-2.52153;
-16.0318;-1.42961;6.3387;-1.22127;-2.43462;
-16.1815;-1.49696;6.19802;-1.40686;-2.38721;
-16.3279;-1.46444;6.0408;-1.5722;-2.32073;
-16.4633;-1.35413;5.88813;-1.52672;-2.29636;
-16.599;-1.35677;5.74049;-1.47638;-2.314;
-16.7489;-1.49909;5.58457;-1.55924;-2.33653;
-16.8675;-1.18552;5.43502;-1.49544;-2.2411;
-16.9751;-1.07571;5.29405;-1.4097;-2.22261;
-17.1097;-1.34637;5.14621;-1.47845;-2.30947;
-17.2497;-1.39989;4.98359;-1.62615;-2.28156;
-17.3768;-1.27104;4.82584;-1.57753;-2.24901;
-17.5006;-1.2377;4.67364;-1.52193;-2.25356;
-17.6401;-1.39533;4.50579;-1.67851;-2.26433;
-17.7708;-1.30732;4.3576;-1.48199;-2.29366;
-17.9016;-1.30751;4.21921;-1.38389;-2.32782;
-18.045;-1.43438;4.08826;-1.30945;-2.40169;
-18.1727;-1.27678;3.94626;-1.42002;-2.30313;
-18.3172;-1.44471;3.78005;-1.66208;-2.28634;
-18.4601;-1.42996;3.6321;-1.47947;-2.33918;
-18.5976;-1.37452;3.49297;-1.39137;-2.3501;
-18.7397;-1.42062;3.34964;-1.43328;-2.35176;
-18.881;-1.41305;3.2179;-1.31742;-2.3912;
-19.0234;-1.42464;3.08591;-1.3199;-2.39434;
-19.1704;-1.46921;2.95003;-1.35876;-2.39523;
-19.3228;-1.52421;2.8311;-1.18928;-2.47901;
-19.4756;-1.52788;2.70746;-1.23641;-2.46125;
-19.6435;-1.67895;2.58349;-1.23974;-2.50555;
-19.8076;-1.6419;2.46263;-1.20863;-2.50704;
-19.9699;-1.62271;2.33706;-1.2557;-2.48302;
-20.1231;-1.53207;2.21005;-1.27004;-2.44944;
-20.2758;-1.52677;2.0736;-1.36456;-2.41224;
-20.4294;-1.53562;1.94416;-1.29438;-2.44123;
-20.5964;-1.66994;1.83823;-1.0593;-2.57631;
-20.7553;-1.58903;1.70412;-1.34105;-2.44062;
-20.9211;-1.65793;1.58586;-1.18266;-2.52197;
-21.0828;-1.61727;1.47026;-1.15597;-2.52103;
-21.2557;-1.72935;1.349;-1.21263;-2.53006;
-21.4194;-1.63705;1.23415;-1.14846;-2.52983;
-21.5855;-1.66127;1.11823;-1.15919;-2.53236;
-21.751;-1.65481;1.00407;-1.14159;-2.5377;
-21.9147;-1.63632;0.907399;-0.966728;-2.60797;
-22.087;-1.72302;0.789564;-1.17836;-2.54176;
-22.2524;-1.65421;0.674395;-1.15168;-2.53341;
-22.4382;-1.85843;0.55863;-1.15765;-2.58449;
-22.5981;-1.59901;0.452373;-1.06257;-2.55508;
-22.7646;-1.66435;0.342448;-1.09925;-2.55789;
-22.9245;-1.59966;0.242812;-0.996363;-2.58453;
-23.1032;-1.78706;0.138112;-1.04699;-2.61162;
-23.277;-1.73729;0.0628161;-0.752963;-2.73262;
-23.4567;-1.79708;-0.0147706;-0.775867;-2.73403;
-23.645;-1.88367;-0.0998583;-0.850877;-2.71731;
-23.8137;-1.68642;-0.184674;-0.848157;-2.6756;
-24.0001;-1.86444;-0.277813;-0.931393;-2.6783;
-24.1789;-1.78826;-0.368445;-0.906316;-2.67251;
-24.3644;-1.85419;-0.455037;-0.865917;-2.70469;
-24.5417;-1.77323;-0.535369;-0.803327;-2.71622;
-24.7147;-1.73018;-0.619933;-0.845634;-2.68698;
-24.8936;-1.78903;-0.708411;-0.884779;-2.68231;
-25.0743;-1.80713;-0.79798;-0.895693;-2.68144;
-25.2632;-1.88916;-0.877956;-0.799763;-2.74113;
-25.4483;-1.85103;-0.942988;-0.650319;-2.80374;
-25.633;-1.84643;-1.00708;-0.640879;-2.80751;
-25.8171;-1.84156;-1.09308;-0.860068;-2.70467;
-26.0047;-1.87603;-1.17723;-0.841495;-2.71994;
-26.194;-1.89228;-1.25779;-0.805562;-2.73912;
-26.3726;-1.78658;-1.33065;-0.728598;-2.75437;
-26.53;-1.57409;-1.41288;-0.822335;-2.66017;
-26.6842;-1.54192;-1.51708;-1.04196;-2.54732;
-26.846;-1.61726;-1.62265;-1.05572;-2.56326;
-27.0219;-1.75961;-1.72313;-1.00478;-2.62275;
-27.1993;-1.77354;-1.83774;-1.14608;-2.56789;
-27.3431;-1.43855;-1.94435;-1.06614;-2.5038;
-27.5061;-1.62927;-2.06303;-1.18677;-2.51205;
-27.6619;-1.55811;-2.17161;-1.08582;-2.53296;
-27.8431;-1.81281;-2.29072;-1.19106;-2.56029;
-28.0035;-1.60392;-2.39693;-1.0621;-2.55669;
-28.1711;-1.67524;-2.50272;-1.05792;-2.57833;
-28.335;-1.63887;-2.61012;-1.07404;-2.56146;
-28.4915;-1.56555;-2.73404;-1.23915;-2.47205;
-28.6387;-1.47169;-2.87245;-1.38414;-2.38684;
-28.8101;-1.71464;-3.03598;-1.63531;-2.37987;
-28.9484;-1.38307;-3.19169;-1.55706;-2.29709;
-29.0771;-1.28703;-3.33084;-1.39156;-2.31719;
-29.2089;-1.31749;-3.49831;-1.67469;-2.23738;
-29.3492;-1.40309;-3.65369;-1.5538;-2.30527;
-29.4871;-1.37845;-3.7968;-1.43113;-2.33745;
-29.6104;-1.23342;-3.95053;-1.53723;-2.24698;
-29.7238;-1.13415;-4.1348;-1.84276;-2.12251;
-29.8263;-1.02505;-4.30741;-1.72609;-2.10669;
-29.9447;-1.18421;-4.47688;-1.69463;-2.18072;

29.9302;-1.25054;-4.63627;-1.59391;-2.23606;
29.8204;-1.09788;-4.78926;-1.52997;-2.19322;
29.7036;-1.16787;-4.95432;-1.65053;-2.18659;
29.5923;-1.1137;-5.11471;-1.60389;-2.17773;
29.49;-1.02267;-5.26297;-1.48267;-2.17461;
29.3706;-1.19366;-5.426;-1.63022;-2.20281;
29.2577;-1.12952;-5.58658;-1.60582;-2.1838;
29.1429;-1.14805;-5.73869;-1.52111;-2.21733;
29.0415;-1.01419;-5.90754;-1.68855;-2.11168;
28.9427;-0.987557;-6.08248;-1.74938;-2.08472;
28.8479;-0.948068;-6.27416;-1.9168;-2.03012;
28.7613;-0.865705;-6.44665;-1.72485;-2.03596;
28.6806;-0.80746;-6.64901;-2.0236;-1.95046;
28.6153;-0.65228;-6.84263;-1.93623;-1.89574;
28.5531;-0.622899;-7.01377;-1.71137;-1.91987;
28.4737;-0.793907;-7.2146;-2.00835;-1.94725;
28.3979;-0.758147;-7.39924;-1.84642;-1.96041;
28.3213;-0.765608;-7.59111;-1.91868;-1.95047;
28.2517;-0.695582;-7.76339;-1.72284;-1.95452;
28.1762;-0.755198;-7.94407;-1.80679;-1.9667;
28.1017;-0.745551;-8.12918;-1.85105;-1.95369;
28.0087;-0.929509;-8.32667;-1.97495;-2.01069;
27.9062;-1.0252;-8.52319;-1.96515;-2.05165;
27.807;-0.992132;-8.72722;-2.0403;-2.0234;
27.7028;-1.04151;-8.91198;-1.84764;-2.0841;
27.6132;-0.896237;-9.08198;-1.69994;-2.05598;
27.532;-0.812086;-9.29195;-2.09975;-1.93983;
27.4657;-0.663322;-9.48214;-1.90188;-1.90638;
27.406;-0.597065;-9.6705;-1.88363;-1.87775;
27.3568;-0.491894;-9.87725;-2.06749;-1.80437;
27.3117;-0.450322;-10.0737;-1.9645;-1.79613;
27.2487;-0.629946;-10.2506;-1.76856;-1.91298;
27.1805;-0.682607;-10.439;-1.88421;-1.91837;
27.1189;-0.615998;-10.6091;-1.70116;-1.91821;
27.0647;-0.541357;-10.8084;-1.99294;-1.83603;
27.0136;-0.511671;-11.0114;-2.03059;-1.81764;
26.9646;-0.489425;-11.202;-1.90594;-1.82215;
26.8988;-0.658153;-11.4152;-2.13169;-1.87026;
26.8265;-0.723244;-11.6061;-1.90936;-1.93289;
26.7562;-0.703228;-11.7933;-1.87184;-1.93017;
26.6664;-0.897513;-11.9615;-1.68185;-2.061;
26.571;-0.953818;-12.1391;-1.77544;-2.06378;
26.4743;-0.967286;-12.3325;-1.93469;-2.03442;
26.3986;-0.756936;-12.5397;-2.0715;-1.92113;
26.3188;-0.797641;-12.7313;-1.91631;-1.96522;
26.2387;-0.801111;-12.9164;-1.85137;-1.97918;
26.1612;-0.775763;-13.1106;-1.94185;-1.95087;
26.0978;-0.63352;-13.2897;-1.79074;-1.91083;
26.025;-0.728221;-13.4682;-1.78527;-1.9581;
25.9475;-0.774844;-13.6505;-1.82219;-1.97286;
25.8798;-0.676694;-13.8331;-1.82637;-1.92563;
25.7999;-0.798868;-14.0209;-1.87773;-1.97304;
25.7139;-0.860349;-14.2009;-1.80059;-2.01654;
25.6272;-0.867485;-14.3816;-1.80699;-2.01837;
25.5442;-0.829259;-14.5689;-1.87316;-1.98757;
25.4383;-1.059;-14.7582;-1.89252;-2.08096;
25.3637;-0.745887;-14.9152;-1.57043;-2.01421;
25.2794;-0.843138;-15.1306;-2.15384;-1.94392;
25.2014;-0.780127;-15.2973;-1.66653;-2.00861;
25.1248;-0.766288;-15.517;-2.19739;-1.90634;
25.0614;-0.633655;-15.7049;-1.87938;-1.89599;
24.9864;-0.749947;-15.8941;-1.89169;-1.94823;
24.9123;-0.741801;-16.08;-1.85894;-1.95048;
24.8506;-0.616198;-16.2588;-1.78754;-1.90276;
24.7841;-0.665529;-16.4551;-1.96378;-1.89755;
24.7107;-0.734239;-16.6482;-1.93026;-1.93428;
24.6394;-0.712513;-16.8435;-1.95292;-1.92063;
24.5549;-0.845493;-17.0248;-1.81296;-2.00717;
24.4666;-0.883032;-17.1959;-1.71175;-2.04705;
24.3841;-0.824443;-17.3878;-1.91895;-1.97658;
24.3055;-0.786139;-17.5801;-1.92244;-1.95898;
24.2258;-0.796907;-17.7481;-1.68001;-2.01371;
24.1322;-0.936412;-17.9362;-1.88153;-2.03259;
24.0381;-0.940983;-18.1092;-1.73018;-2.06892;
23.9351;-1.0295;-18.2806;-1.71374;-2.11175;
23.8342;-1.00949;-18.4422;-1.61562;-2.12927;
23.703;-1.31141;-18.6144;-1.72238;-2.22155;
23.5516;-1.51412;-18.7571;-1.42681;-2.38588;
23.3974;-1.54165;-18.8937;-1.3658;-2.4166;
23.2455;-1.51918;-19.0369;-1.43217;-2.38567;
23.1113;-1.34243;-19.1843;-1.47383;-2.30957;
22.9774;-1.33906;-19.3319;-1.47655;-2.3074;
22.8297;-1.47638;-19.4827;-1.50747;-2.34578;
22.6926;-1.37152;-19.6366;-1.53877;-2.29879;
22.582;-1.10564;-19.7906;-1.54078;-2.19323;
22.4578;-1.24275;-19.9589;-1.68318;-2.20679;
22.3751;-0.826484;-20.1116;-1.52652;-2.06703;
22.2873;-0.878309;-20.2891;-1.77456;-2.03039;
22.1909;-0.963321;-20.4567;-1.67653;-2.09232;
22.0659;-1.2504;-20.6349;-1.7816;-2.18276;
21.9509;-1.15021;-20.7884;-1.53548;-2.21371;
21.8262;-1.24718;-20.9535;-1.65092;-2.21777;
21.7052;-1.20947;-21.1122;-1.58681;-2.22206;
21.5813;-1.23931;-21.2725;-1.60286;-2.22897;
21.4528;-1.285;-21.4321;-1.59607;-2.24864;
21.3239;-1.28891;-21.5932;-1.61077;-2.24565;
21.2015;-1.22399;-21.7638;-1.7067;-2.19295;
21.0856;-1.15932;-21.928;-1.6419;-2.1856;
20.9808;-1.04785;-22.0746;-1.46539;-2.19156;
20.8738;-1.07023;-22.2416;-1.67032;-2.14063;
20.7613;-1.12483;-22.4238;-1.82235;-2.1238;
20.6629;-0.983897;-22.6101;-1.86316;-2.05666;
20.57;-0.928823;-22.7837;-1.73559;-2.06218;
20.4708;-0.991932;-22.9674;-1.83724;-2.06586;
20.3722;-0.985666;-23.1498;-1.82375;-2.06629;
20.2888;-0.834388;-23.3146;-1.64776;-2.03953;
20.1758;-1.12995;-23.4999;-1.8532;-2.11834;
20.0715;-1.0428;-23.6719;-1.72013;-2.11579;
19.9684;-1.0314;-23.8424;-1.7051;-2.1148;
19.8664;-1.02;-24.0187;-1.76316;-2.09526;
19.7638;-1.02579;-24.1913;-1.72596;-2.10704;
19.647;-1.16786;-24.3606;-1.69224;-2.17486;
19.5335;-1.1352;-24.5256;-1.64997;-2.17343;
19.423;-1.10467;-24.6922;-1.66693;-2.15605;
19.3009;-1.22135;-24.8542;-1.61968;-2.2169;
19.1762;-1.24688;-25.0087;-1.54466;-2.24993;
19.0573;-1.18872;-25.1567;-1.48023;-2.2474;
18.9319;-1.25386;-25.3139;-1.572;-2.24408;
18.8015;-1.30422;-25.458;-1.44079;-2.30649;
18.6583;-1.43192;-25.594;-1.36056;-2.38174;
18.5092;-1.49148;-25.7205;-1.26438;-2.43842;
18.3607;-1.48486;-25.8385;-1.1805;-2.46989;
18.2043;-1.56415;-25.9619;-1.23419;-2.47357;
18.0532;-1.51082;-26.0984;-1.36439;-2.40708;
17.9128;-1.40408;-26.2302;-1.31852;-2.38761;
17.7625;-1.50277;-26.3617;-1.31426;-2.42301;
17.6083;-1.54253;-26.4929;-1.31228;-2.43667;
17.4428;-1.65514;-26.6286;-1.35675;-2.45494;
17.2813;-1.61457;-26.762;-1.33392;-2.45109;
17.1286;-1.52674;-26.8885;-1.26532;-2.44955;
16.9907;-1.37928;-27.0171;-1.28575;-2.39128;
16.8492;-1.41462;-27.1478;-1.3078;-2.39541;
16.6931;-1.56116;-27.2907;-1.42854;-2.40053;
16.5438;-1.49351;-27.4262;-1.35535;-2.40465;
16.4031;-1.40655;-27.5614;-1.35156;-2.37613;
16.2685;-1.34627;-27.7034;-1.4199;-2.32958;
16.1462;-1.22324;-27.8767;-1.73364;-2.18527;
16.0306;-1.15524;-28.0403;-1.63544;-2.18579;
15.9037;-1.26952;-28.2003;-1.59999;-2.24154;
15.7709;-1.32764;-28.3703;-1.70018;-2.23377;
15.645;-1.25948;-28.5241;-1.53775;-2.25704;
15.4939;-1.51027;-28.7076;-1.83554;-2.25928;
15.3662;-1.27716;-28.8725;-1.64913;-2.22976;
15.2354;-1.30814;-29.0408;-1.68275;-2.23159;
15.114;-1.21397;-29.1839;-1.43131;-2.27421;
14.9879;-1.26069;-29.3232;-1.39241;-2.30659;
14.8379;-1.50061;-29.4932;-1.70029;-2.29389;
14.7105;-1.27357;-29.6283;-1.35118;-2.32663;
14.5736;-1.36923;-29.7737;-1.45332;-2.32641;
14.437;-1.3656;-29.919;-1.453;-2.3252;

14.2929;-1.44146;29.9328;-1.48257;-2.34213;
14.154;-1.38918;29.787;-1.45798;-2.33204;
14.0146;-1.39377;29.6425;-1.44515;-2.3381;
13.8761;-1.38506;29.5166;-1.25839;-2.40408;
13.728;-1.48124;29.381;-1.35629;-2.4002;
13.5803;-1.47709;29.2461;-1.34849;-2.40168;
13.4211;-1.5921;29.0895;-1.56632;-2.36436;
13.274;-1.47032;28.9486;-1.4094;-2.37734;
13.1355;-1.38535;28.8107;-1.37872;-2.35859;
12.9845;-1.5097;28.6692;-1.41518;-2.3885;
12.8387;-1.45854;28.5295;-1.39661;-2.37788;
12.681;-1.57691;28.3831;-1.46457;-2.39311;
12.5365;-1.4444;28.2511;-1.31925;-2.40145;
12.3624;-1.74123;28.1315;-1.19679;-2.53942;
12.1928;-1.69644;28.0192;-1.12306;-2.55682;
12.0249;-1.67833;27.9128;-1.06357;-2.57676;
11.8532;-1.71691;27.8321;-0.806858;-2.70228;
11.6686;-1.84604;27.7414;-0.906793;-2.685;
11.4656;-2.03069;27.6302;-1.11216;-2.64053;
11.2853;-1.80247;27.5498;-0.804265;-2.7219;
11.1046;-1.80735;27.4659;-0.839335;-2.70683;
10.9183;-1.86285;27.3796;-0.862301;-2.70807;
10.7439;-1.74401;27.3043;-0.753513;-2.73376;
10.5615;-1.82384;27.217;-0.87325;-2.69505;
10.3863;-1.75222;27.1434;-0.735231;-2.7443;
10.1889;-1.97366;27.0752;-0.681933;-2.80892;
9.99684;-1.9209;27.0212;-0.540066;-2.86751;
9.78984;-2.07005;26.932;-0.892431;-2.73455;
9.59702;-1.92815;26.8556;-0.76405;-2.76431;
9.41535;-1.81669;26.7877;-0.678786;-2.78402;
9.22927;-1.86083;26.7207;-0.669783;-2.79609;
9.03379;-1.9548;26.6592;-0.615648;-2.83648;
8.86297;-1.70827;26.5811;-0.780517;-2.71301;
8.65296;-2.1001;26.4785;-1.0265;-2.68696;
8.49615;-1.5681;26.3544;-1.24079;-2.4722;
8.3398;-1.56342;26.2306;-1.23745;-2.47205;
8.17114;-1.68663;26.1053;-1.25368;-2.50239;
8.00604;-1.65096;26.0023;-1.0294;-2.58406;
7.83525;-1.70793;25.8818;-1.20568;-2.5269;
7.66517;-1.70077;25.7542;-1.27555;-2.4981;
7.49061;-1.74561;25.6341;-1.20067;-2.53909;
7.3201;-1.70516;25.5075;-1.26611;-2.5029;
7.15915;-1.60951;25.4237;-0.837996;-2.66156;
7.00422;-1.54925;25.324;-0.997631;-2.56949;
6.83223;-1.71992;25.2081;-1.15852;-2.54881;
6.65143;-1.80802;25.1163;-0.918422;-2.67159;
6.48348;-1.67947;25.0359;-0.80375;-2.69523;
6.30004;-1.83436;24.9477;-0.881447;-2.69365;
6.09273;-2.07309;24.8576;-0.901028;-2.73159;
5.899;-1.93738;24.7712;-0.864157;-2.72203;
5.70655;-1.92444;24.6777;-0.935768;-2.689;
5.52593;-1.80621;24.5857;-0.919756;-2.6706;
5.34751;-1.78427;24.494;-0.917073;-2.66683;
5.15852;-1.88987;24.406;-0.87963;-2.70597;
4.97701;-1.81511;24.3213;-0.846678;-2.70514;
4.78037;-1.96632;24.2325;-0.888861;-2.71704;
4.5961;-1.84273;24.1334;-0.990877;-2.64822;
4.42307;-1.7303;24.0497;-0.83682;-2.69113;
4.2339;-1.89173;23.9734;-0.762999;-2.75821;
4.05952;-1.74376;23.9124;-0.60989;-2.80514;
3.87021;-1.89314;23.8467;-0.656555;-2.80776;
3.67617;-1.9404;23.7409;-1.05855;-2.64218;
3.51257;-1.63597;23.661;-0.798956;-2.68729;
3.33393;-1.78641;23.5736;-0.873705;-2.68672;
3.17165;-1.6228;23.4641;-1.09477;-2.54811;
3.01183;-1.59821;23.3532;-1.10931;-2.53484;
2.83934;-1.72493;23.2338;-1.19415;-2.53606;
2.67671;-1.62625;23.0854;-1.48393;-2.40192;
2.52311;-1.53605;22.9336;-1.51803;-2.36209;
2.3618;-1.61307;22.8289;-1.04727;-2.56575;
2.18556;-1.76245;22.712;-1.16838;-2.55618;
2.01837;-1.67183;22.6023;-1.09756;-2.56066;
1.83818;-1.80194;22.4791;-1.23144;-2.5421;
1.67389;-1.64289;22.3745;-1.04646;-2.57444;
1.52123;-1.52658;22.2638;-1.10656;-2.51438;
1.35887;-1.62363;22.1275;-1.3635;-2.44306;
1.20207;-1.56794;22.0027;-1.24788;-2.46938;
1.04356;-1.58515;21.8804;-1.22306;-2.48443;
0.899175;-1.44384;21.7652;-1.15197;-2.46817;
0.741912;-1.57263;21.6341;-1.31115;-2.44662;
0.583421;-1.58491;21.4981;-1.35993;-2.43245;
0.435602;-1.47819;21.3759;-1.22176;-2.45089;
0.287449;-1.48152;21.2471;-1.28828;-2.42585;
0.139169;-1.4828;21.1188;-1.2832;-2.42823;
-0.0215363;-1.60705;20.9912;-1.27575;-2.47062;
-0.178039;-1.56502;20.867;-1.24195;-2.47079;
-0.334951;-1.56912;20.7426;-1.24375;-2.47136;
-0.50503;-1.70079;20.6283;-1.14308;-2.54984;
-0.648283;-1.43253;20.5162;-1.12134;-2.47745;
-0.798312;-1.50029;20.3885;-1.27677;-2.43651;
-0.960365;-1.62053;20.2689;-1.19544;-2.50602;
-1.11483;-1.54466;20.1445;-1.24471;-2.46332;
-1.24066;-1.25827;20.0346;-1.09836;-2.42394;
-1.39325;-1.52594;19.9048;-1.29802;-2.43673;
-1.53547;-1.42218;19.7909;-1.13988;-2.46594;
-1.68945;-1.53982;19.6744;-1.16496;-2.49391;
-1.84103;-1.51577;19.5454;-1.28953;-2.43667;
-1.98475;-1.43726;19.4069;-1.3853;-2.3746;
-2.13222;-1.47467;19.2759;-1.31008;-2.41523;
-2.27694;-1.44722;19.1467;-1.29183;-2.41286;
-2.42505;-1.4811;19.013;-1.33641;-2.4075;
-2.57784;-1.52783;18.8813;-1.31709;-2.43013;
-2.72409;-1.46259;18.7552;-1.26113;-2.43002;
-2.85343;-1.29336;18.6169;-1.38318;-2.32265;
-2.99635;-1.42916;18.4524;-1.645;-2.2861;
-3.13636;-1.40012;18.3252;-1.27186;-2.40416;
-3.31602;-1.79664;18.1891;-1.36161;-2.49308;
-3.47389;-1.57872;18.0473;-1.41742;-2.40998;
-3.62794;-1.54043;17.9384;-1.08906;-2.52619;
-3.78268;-1.54745;17.8416;-0.968078;-2.58257;
-3.95408;-1.71395;17.7332;-1.08351;-2.57785;
-4.12176;-1.67686;17.6276;-1.05638;-2.57942;
-4.29089;-1.69128;17.5164;-1.11222;-2.55988;
-4.45388;-1.62984;17.4021;-1.14295;-2.53002;
-4.61068;-1.56807;17.2933;-1.0876;-2.53518;
-4.79066;-1.79973;17.1916;-1.01683;-2.62732;
-4.96822;-1.7756;17.1033;-0.883176;-2.68003;
-5.14675;-1.78532;17.0155;-0.878664;-2.68424;
-5.32101;-1.74264;16.9257;-0.897244;-2.66611;
-5.49849;-1.77478;16.8327;-0.930404;-2.65874;
-5.6891;-1.90613;16.7369;-0.958498;-2.67567;
-5.86039;-1.71288;16.6512;-0.856887;-2.67774;
-6.0486;-1.88209;16.5596;-0.915597;-2.68882;
-6.23809;-1.89496;16.4643;-0.953068;-2.67559;
-6.4184;-1.803;16.3707;-0.936118;-2.6627;
-6.58546;-1.67068;16.2976;-0.730613;-2.72934;
-6.76995;-1.84482;16.2233;-0.743047;-2.7587;
-6.95331;-1.83365;16.143;-0.803535;-2.72858;
-7.13252;-1.79209;16.0637;-0.792976;-2.725;
-7.32231;-1.89795;15.9767;-0.869769;-2.71189;
-7.51781;-1.95496;15.8755;-1.01186;-2.66398;
-7.6731;-1.5529;15.7757;-0.997868;-2.57045;
-7.81585;-1.42754;15.6903;-0.854532;-2.6022;
-7.98716;-1.71308;15.5812;-1.09066;-2.57465;
-8.14221;-1.55046;15.4941;-0.870544;-2.62998;
-8.31869;-1.76485;15.4109;-0.832733;-2.70072;
-8.48903;-1.70334;15.3243;-0.866152;-2.67117;
-8.66874;-1.79712;15.2311;-0.931552;-2.66337;
-8.85351;-1.84769;15.1377;-0.93392;-2.67359;
-9.00321;-1.49696;15.0538;-0.838635;-2.63093;
-9.17824;-1.75031;14.9457;-1.08164;-2.58806;
-9.33982;-1.61585;14.8494;-0.963161;-2.60407;
-9.50458;-1.64761;14.7432;-1.06184;-2.56911;
-9.67459;-1.70005;14.628;-1.15148;-2.54625;
-9.81506;-1.40473;14.5034;-1.24636;-2.41586;
-9.94822;-1.33156;14.3501;-1.53259;-2.28612;
-10.0786;-1.30374;14.198;-1.52114;-2.27939;
-10.2048;-1.26192;14.0428;-1.55238;-2.25335;
-10.3309;-1.26123;13.8596;-1.83166;-2.17381;
-10.4452;-1.14309;13.6903;-1.69359;-2.16451;
-10.5551;-1.09856;13.5243;-1.65966;-2.15551;
-10.6542;-0.991513;13.3549;-1.6942;-2.10029;
-10.7758;-1.21531;13.1781;-1.76749;-2.17315;
-10.8907;-1.14952;13.0134;-1.64701;-2.18014;
-11.0095;-1.18749;12.8434;-1.70054;-2.18038;
-11.1138;-1.04332;12.6911;-1.52275;-2.17149;
-11.2138;-0.999927;12.5278;-1.63277;-2.12029;
-11.3156;-1.01845;12.367;-1.60805;-2.13537;
-11.4385;-1.22864;12.2223;-1.44751;-2.27459;
-11.5737;-1.35218;12.0718;-1.50498;-2.30277;
-11.7202;-1.46511;11.9268;-1.44922;-2.36165;
-11.8636;-1.43347;11.7745;-1.52382;-2.32565;
-12.0089;-1.45303;11.6354;-1.39036;-2.37823;
-12.1676;-1.58718;11.4836;-1.51792;-2.3785;
-12.3076;-1.40057;11.3391;-1.44517;-2.34052;
-12.4416;-1.33979;11.2137;-1.25431;-2.38914;
-12.5863;-1.44645;11.0813;-1.32381;-2.40044;
-12.7365;-1.5022;10.9513;-1.30027;-2.42813;
-12.8975;-1.61048;10.8233;-1.28009;-2.47;
-13.048;-1.50471;10.702;-1.21252;-2.46332;
-13.2051;-1.57082;10.572;-1.30062;-2.45001;
-13.3632;-1.58146;10.4611;-1.10844;-2.53026;
-13.5275;-1.64222;10.347;-1.14115;-2.53431;
-13.6922;-1.64741;10.1898;-1.57217;-2.37956;
-13.822;-1.29785;10.0414;-1.48362;-2.2895;
-13.9386;-1.16643;9.90467;-1.36742;-2.27704;
-14.0644;-1.25765;9.75004;-1.54631;-2.25361;
-14.1808;-1.16367;9.6049;-1.45139;-2.24661;
-14.2744;-0.936075;9.44088;-1.64026;-2.08938;
-14.3753;-1.00904;9.26929;-1.71589;-2.10239;
-14.4745;-0.992638;9.09973;-1.69554;-2.10044;
-14.5769;-1.02331;8.91247;-1.8726;-2.07092;
-14.6661;-0.892485;8.7341;-1.78369;-2.03473;
-14.7677;-1.01593;8.54879;-1.8531;-2.07228;
-14.8408;-0.730904;8.37456;-1.74233;-1.968;
-14.9094;-0.686411;8.1826;-1.91963;-1.9142;
-14.9456;-0.361519;7.97331;-2.09291;-1.74184;
-14.969;-0.234208;7.75636;-2.16944;-1.67834;
-14.9711;-0.0210917;7.57407;-1.82291;-1.58237;
-14.97;0.0112222;7.38142;-1.92652;-1.56497;
-14.9785;-0.0846177;7.19207;-1.89345;-1.61546;
-15.0037;-0.252507;6.99576;-1.96312;-1.69872;
-15.0262;-0.225143;6.79529;-2.00477;-1.68263;
-15.0357;-0.0950218;6.59495;-2.00334;-1.61819;
-15.0294;0.0627869;6.39833;-1.96618;-1.53887;
-15.0261;0.0331375;6.20789;-1.9044;-1.5534;
-15.0231;0.0304822;6.00364;-2.04251;-1.55587;
-15.0178;0.0528985;5.80787;-1.95775;-1.54378;
-15.0089;0.0887311;5.59622;-2.11651;-1.5289;
-15.0004;0.0852797;5.39368;-2.02535;-1.52871;
-14.9945;0.0593732;5.19608;-1.97598;-1.54076;
-14.9915;0.0299101;5.0013;-1.94782;-1.55544;
-14.9884;0.030849;4.80681;-1.9449;-1.55494;
-14.9955;-0.0710595;4.60332;-2.03491;-1.6057;
-14.9926;0.0293087;4.41237;-1.90947;-1.55545;
-14.9919;0.00692446;4.21803;-1.9434;-1.56723;
-14.991;0.00895124;4.01328;-2.04749;-1.56642;
-14.9895;0.0150322;3.81208;-2.01203;-1.56333;
-14.9894;0.000550695;3.61182;-2.00263;-1.57052;
-14.9704;0.190316;3.40542;-2.06397;-1.47885;
-14.9636;0.0677864;3.22576;-1.79657;-1.53308;
-14.9634;0.00161611;3.00967;-2.16092;-1.57005;
-14.9533;0.101405;2.82121;-1.88465;-1.51704;
-14.9332;0.200994;2.62285;-1.98356;-1.46981;
-14.9286;0.0463674;2.43211;-1.90737;-1.54649;
-14.9251;0.0349965;2.22841;-2.03699;-1.55362;
-14.9121;0.129436;2.03299;-1.95423;-1.50466;
-14.8969;0.152238;1.83117;-2.01823;-1.49551;
-14.8847;0.122018;1.60751;-2.23654;-1.51629;
-14.8805;0.0415863;1.41708;-1.90429;-1.54896;
-14.883;-0.0249679;1.21362;-2.03466;-1.58307;
-14.8848;-0.0175147;1.0111;-2.02516;-1.57944;
-14.888;-0.0323605;0.813682;-1.9742;-1.58719;
-14.8808;0.0720606;0.634004;-1.79679;-1.53071;
-14.8626;0.182333;0.411523;-2.22481;-1.48902;
-14.8387;0.238579;0.219714;-1.91809;-1.44705;
-14.8047;0.340427;-0.00230852;-2.22022;-1.41865;
-14.7851;0.196138;-0.193286;-1.90978;-1.46845;
-14.7757;0.0934938;-0.381325;-1.88039;-1.52112;
-14.7655;0.10263;-0.586022;-2.04697;-1.5207;
-14.7701;-0.0462669;-0.778644;-1.92622;-1.59481;
-14.7704;-0.0036095;-0.952451;-1.73807;-1.57287;
-14.7733;-0.0283348;-1.13555;-1.83095;-1.58627;
-14.7908;-0.175274;-1.3406;-2.05058;-1.65606;
-14.8118;-0.209988;-1.54096;-2.00353;-1.67522;
-14.8347;-0.229463;-1.75086;-2.09905;-1.67968;
-14.8572;-0.224704;-1.94836;-1.975;-1.68408;
-14.8725;-0.152865;-2.15276;-2.04397;-1.64545;
-14.8903;-0.177694;-2.34842;-1.95666;-1.66136;
-14.9004;-0.10148;-2.54516;-1.96733;-1.62233;
-14.9156;-0.151937;-2.75816;-2.12999;-1.64201;
-14.9242;-0.0862594;-2.9705;-2.12348;-1.6114;
-14.93;-0.0576662;-3.18361;-2.13107;-1.59785;
-14.9217;0.0834944;-3.37911;-1.95503;-1.52811;
-14.921;0.00634709;-3.59278;-2.13666;-1.56783;
-14.9257;-0.0465486;-3.79622;-2.03442;-1.59367;
-14.9353;-0.09624;-4.00704;-2.10815;-1.61642;
-14.938;-0.027462;-4.19579;-1.88751;-1.58534;
-14.9409;-0.0284154;-4.39588;-2.00088;-1.585;
-14.9396;0.0125669;-4.57632;-1.8044;-1.56383;
-14.9524;-0.128095;-4.77819;-2.01877;-1.63416;
-14.9486;0.0383418;-4.97859;-2.00395;-1.55167;
-14.9393;0.09277;-5.17749;-1.98902;-1.52419;
-14.9155;0.238719;-5.38282;-2.05329;-1.45505;
-14.9006;0.148236;-5.56917;-1.86353;-1.49142;
-14.9144;-0.1377;-5.75416;-1.84991;-1.6451;
-14.9112;0.0322497;-5.95814;-2.03974;-1.55499;
-14.9067;0.0451801;-6.16729;-2.09153;-1.5492;
-14.8965;0.101436;-6.3734;-2.06108;-1.52162;
-14.8779;0.186161;-6.5732;-1.99801;-1.47789;
-14.8723;0.0563458;-6.76606;-1.92859;-1.54159;
-14.8624;0.0984191;-6.95185;-1.85791;-1.51787;
-14.8421;0.203354;-7.14282;-1.90967;-1.46471;
-14.8183;0.237469;-7.33803;-1.9521;-1.44974;
-14.802;0.163489;-7.53453;-1.96507;-1.48779;
-14.7613;0.406468;-7.74236;-2.07829;-1.37766;
-14.7168;0.445947;-7.93522;-1.92859;-1.34356;
-14.6719;0.448537;-8.14166;-2.06435;-1.35684;
-14.634;0.378862;-8.33521;-1.93556;-1.3775;
-14.6112;0.227998;-8.52812;-1.92913;-1.45315;
-14.5951;0.161343;-8.72639;-1.98262;-1.4896;
-14.5996;-0.0448038;-8.94769;-2.21305;-1.59104;
-14.6022;-0.0261415;-9.15738;-2.09684;-1.58326;
-14.6182;-0.159783;-9.36823;-2.10858;-1.64643;
-14.6516;-0.334327;-9.55886;-1.9063;-1.74441;
-14.6832;-0.316447;-9.75655;-1.97684;-1.72953;
-14.7115;-0.282593;-9.96625;-2.09699;-1.70475;
-14.7533;-0.418341;-10.1767;-2.10467;-1.76701;
-14.7859;-0.325863;-10.3714;-1.94663;-1.73666;
-14.8185;-0.326012;-10.5352;-1.63795;-1.76727;
-14.8687;-0.501841;-10.7169;-1.81679;-1.8403;
-14.9414;-0.726947;-10.9071;-1.90237;-1.9358;
-15.0061;-0.646924;-11.1094;-2.02263;-1.88036;
-15.0408;-0.346821;-11.2826;-1.73252;-1.76837;
-15.0801;-0.393158;-11.4757;-1.93061;-1.77169;
-15.1248;-0.447175;-11.6709;-1.95227;-1.79597;
-15.1698;-0.449584;-11.8664;-1.95495;-1.79684;
-15.2237;-0.539511;-12.0514;-1.84995;-1.85456;
-15.2919;-0.681956;-12.2482;-1.96845;-1.9043;
-15.383;-0.911033;-12.4359;-1.87716;-2.02264;
-15.4737;-0.907091;-12.5991;-1.63199;-2.0781;
-15.5729;-0.991932;-12.7705;-1.71396;-2.09543;
-15.6778;-1.04935;-12.9465;-1.75971;-2.10851;
-15.7696;-0.917468;-13.1263;-1.79743;-2.04276;
-15.8569;-0.873013;-13.314;-1.87768;-2.00601;
-15.9583;-1.01388;-13.5174;-2.03431;-2.03316;
-16.0631;-1.04861;-13.6758;-1.58328;-2.15577;
-16.1736;-1.10428;-13.8425;-1.6672;-2.15581;
-16.2868;-1.13202;-14.0161;-1.73627;-2.14856;
-16.4061;-1.19349;-14.1857;-1.69608;-2.18398;
-16.4993;-0.932245;-14.3389;-1.53165;-2.11756;
-16.6055;-1.06186;-14.5005;-1.61638;-2.15203;
-16.7129;-1.0736;-14.6551;-1.54576;-2.17785;
-16.8118;-0.988656;-14.8148;-1.59674;-2.12519;
-16.9162;-1.04436;-15.0053;-1.90551;-2.07216;
-17.0108;-0.945773;-15.1821;-1.76725;-2.06218;
-17.0892;-0.784452;-15.3827;-2.00687;-1.94342;
-17.1643;-0.75101;-15.5762;-1.93479;-1.94106;
-17.2345;-0.701926;-15.7509;-1.74666;-1.95291;
-17.3113;-0.767722;-15.9361;-1.85243;-1.96369;
-17.3786;-0.672967;-16.1353;-1.99212;-1.89657;
-17.4464;-0.67812;-16.3183;-1.82958;-1.92574;
-17.5169;-0.705614;-16.5072;-1.88844;-1.92838;
-17.5858;-0.68816;-16.689;-1.81883;-1.9325;
-17.6561;-0.703417;-16.8688;-1.79732;-1.94384;
-17.7263;-0.702109;-17.0609;-1.9214;-1.92114;
-17.8168;-0.904743;-17.2667;-2.05794;-1.985;
-17.9029;-0.86155;-17.4523;-1.85599;-2.0054;
-17.9888;-0.858578;-17.6407;-1.88353;-1.99849;
-18.0912;-1.02401;-17.8236;-1.82899;-2.08119;
-18.2062;-1.15028;-17.9841;-1.60552;-2.19248;
-18.3233;-1.17044;-18.147;-1.62908;-2.19381;
-18.4187;-0.953771;-18.3067;-1.59694;-2.10919;
-18.5368;-1.18152;-18.4787;-1.71969;-2.17278;
-18.6501;-1.13299;-18.6095;-1.30828;-2.28451;
-18.7912;-1.41058;-18.7641;-1.5459;-2.31046;
-18.9379;-1.46688;-18.8955;-1.31405;-2.4111;
-19.0879;-1.50093;-19.0454;-1.49944;-2.35669;
-19.233;-1.45062;-19.1888;-1.4336;-2.3621;
-19.3755;-1.42445;-19.3437;-1.54918;-2.31428;
-19.5189;-1.43493;-19.4892;-1.45471;-2.34935;
-19.6413;-1.22399;-19.6202;-1.30977;-2.32235;
-19.7754;-1.3402;-19.7727;-1.52498;-2.29179;
-19.9074;-1.32069;-19.9229;-1.50228;-2.29196;
-20.0321;-1.24714;-20.0665;-1.4365;-2.28575;
-20.1531;-1.20988;-20.2373;-1.7072;-2.18733;
-20.2537;-1.00555;-20.4017;-1.64432;-2.11965;
-20.37;-1.16285;-20.592;-1.90345;-2.1192;
-20.4657;-0.95702;-20.7629;-1.70902;-2.08127;
-20.5718;-1.06158;-20.9412;-1.7829;-2.10784;
-20.6754;-1.03543;-21.1149;-1.73619;-2.10855;
-20.7768;-1.01384;-21.2769;-1.62073;-2.12979;
-20.8919;-1.15109;-21.4492;-1.72312;-2.15974;
-20.9887;-0.968194;-21.616;-1.66724;-2.09692;
-21.0893;-1.00583;-21.7951;-1.79172;-2.08233;
-21.1998;-1.10539;-21.965;-1.699;-2.1476;
-21.3153;-1.15535;-22.1176;-1.52533;-2.21904;
-21.428;-1.12685;-22.2848;-1.6724;-2.16372;
-21.5385;-1.10506;-22.4501;-1.65297;-2.16009;
-21.6563;-1.17809;-22.636;-1.85864;-2.13573;
-21.7739;-1.17576;-22.8138;-1.77782;-2.15511;
-21.8842;-1.10244;-22.9805;-1.66798;-2.15483;
-21.9975;-1.13312;-23.1511;-1.70532;-2.15727;
-22.1015;-1.03974;-23.3034;-1.52308;-2.16979;
-22.2164;-1.14979;-23.464;-1.606;-2.19214;
-22.3147;-0.982729;-23.6279;-1.63869;-2.111;
-22.4234;-1.08699;-23.8115;-1.83685;-2.10514;
-22.5367;-1.13307;-23.9933;-1.81738;-2.12829;
-22.6661;-1.29433;-24.175;-1.8172;-2.18971;
-22.7823;-1.16139;-24.3373;-1.6227;-2.19199;
-22.8989;-1.16654;-24.4989;-1.61648;-2.19591;
-23.0323;-1.33347;-24.6713;-1.72383;-2.2292;
-23.1279;-0.955778;-24.8356;-1.64313;-2.09764;
-23.2294;-1.01519;-25.0022;-1.66583;-2.11811;
-23.3331;-1.03686;-25.177;-1.74811;-2.10615;
-23.43;-0.969107;-25.3324;-1.55415;-2.12836;
-23.5281;-0.981448;-25.4987;-1.66305;-2.10394;
-23.6308;-1.02723;-25.6717;-1.73003;-2.10662;
-23.7196;-0.887736;-25.8377;-1.65959;-2.06198;
-23.8146;-0.949536;-26.013;-1.75345;-2.06711;
-23.9199;-1.0528;-26.1917;-1.78664;-2.10328;
-24.0213;-1.01411;-26.3702;-1.78497;-2.08746;
-24.1391;-1.17792;-26.5437;-1.73481;-2.16728;
-24.2524;-1.13351;-26.7093;-1.65594;-2.17105;
-24.357;-1.04632;-26.86;-1.50733;-2.17758;
-24.4501;-0.930382;-27.0523;-1.92327;-2.02136;
-24.5379;-0.87845;-27.2322;-1.7991;-2.02502;
-24.6162;-0.782812;-27.4356;-2.03354;-1.93826;
-24.6906;-0.743627;-27.6221;-1.86456;-1.95029;
-24.7702;-0.796582;-27.8009;-1.78848;-1.98982;
-24.8453;-0.75122;-27.991;-1.90097;-1.94714;
-24.91;-0.646975;-28.1746;-1.83601;-1.90959;
-24.9799;-0.698714;-28.3666;-1.92035;-1.91975;
-25.0629;-0.830061;-28.551;-1.84395;-1.99378;
-25.1476;-0.846942;-28.7359;-1.84913;-2.0003;
-25.2313;-0.836876;-28.9116;-1.75702;-2.01531;
-25.3148;-0.835191;-29.0921;-1.80428;-2.00432;
-25.4135;-0.986625;-29.2775;-1.85399;-2.05984;
-25.505;-0.915241;-29.4539;-1.76428;-2.04934;
-25.5944;-0.894092;-29.6328;-1.78885;-2.0343;
-25.6849;-0.904603;-29.8143;-1.81553;-2.03305;

-25.7832;-0.982883;29.9882;-1.97488;-2.0326;
-25.8742;-0.909877;29.8326;-1.55618;-2.09988;
-25.9705;-0.963033;29.6701;-1.62455;-2.1059;
-26.0595;-0.890334;29.5189;-1.51179;-2.10303;
-26.1712;-1.11721;29.3532;-1.65764;-2.16384;
-26.2742;-1.02941;29.1641;-1.89077;-2.06936;
-26.3828;-1.08632;28.9916;-1.72523;-2.13274;
-26.489;-1.06248;28.8223;-1.69304;-2.13123;
-26.5911;-1.02059;28.6598;-1.62439;-2.13176;
-26.6972;-1.06101;28.4895;-1.70307;-2.12796;
-26.7936;-0.963971;28.3162;-1.73293;-2.07844;
-26.894;-1.00363;28.1427;-1.73488;-2.09526;
-27.0002;-1.06244;27.972;-1.70734;-2.12744;
-27.1095;-1.0931;27.8066;-1.65383;-2.15483;
-27.2131;-1.03592;27.6363;-1.70332;-2.11721;
-27.3175;-1.04434;27.466;-1.70259;-2.121;
-27.408;-0.905109;27.2703;-1.95677;-2.00404;
-27.4978;-0.897899;27.083;-1.8731;-2.0178;
-27.5875;-0.89637;26.9235;-1.59508;-2.08278;
-27.6816;-0.941291;26.7465;-1.77001;-2.05956;
-27.7965;-1.14909;26.5762;-1.70364;-2.1642;
-27.91;-1.13469;26.4073;-1.68903;-2.16234;
-28.0277;-1.17737;26.2227;-1.84566;-2.13863;
-28.1435;-1.15817;26.0595;-1.63193;-2.188;
-28.2601;-1.16537;25.9011;-1.58412;-2.20506;
-28.358;-0.979278;25.7329;-1.6823;-2.09795;
-28.4837;-1.25696;25.5515;-1.81342;-2.17691;
-28.6108;-1.27122;25.3805;-1.71033;-2.20997;
-28.7306;-1.19743;25.2121;-1.68413;-2.18887;
-28.8436;-1.13051;25.0485;-1.63558;-2.17559;
-28.9559;-1.12315;24.8863;-1.62196;-2.17645;
-29.0672;-1.11268;24.7031;-1.83252;-2.11648;
-29.1537;-0.8648;24.5267;-1.7639;-2.02663;
-29.2481;-0.943912;24.3426;-1.84077;-2.04462;
-29.3534;-1.05353;24.1615;-1.81146;-2.09757;
-29.4562;-1.02761;23.9875;-1.73951;-2.10438;
-29.5564;-1.00259;23.8153;-1.72181;-2.09809;
-29.6782;-1.21769;23.6536;-1.61756;-2.21608;
-29.7994;-1.21227;23.4888;-1.64764;-2.20512;
-29.907;-1.07605;23.3123;-1.76514;-2.11826;

29.9937;-0.992211;23.1464;-1.65931;-2.10972;
29.8833;-1.10489;22.9766;-1.69798;-2.14767;
29.7646;-1.18645;22.7903;-1.86225;-2.13805;
29.6576;-1.06992;22.6236;-1.66741;-2.14129;
29.5332;-1.2445;22.4645;-1.59093;-2.23462;
29.4096;-1.23533;22.308;-1.56479;-2.23907;
29.2897;-1.19925;22.1543;-1.5375;-2.23322;
29.1296;-1.60072;21.9806;-1.7366;-2.3155;
28.9973;-1.32289;21.8336;-1.47011;-2.30353;
28.8639;-1.33454;21.6861;-1.47451;-2.30641;
28.7175;-1.46427;21.5484;-1.37747;-2.38673;
28.5746;-1.42915;21.4296;-1.18826;-2.44797;
28.4058;-1.68754;21.3118;-1.17825;-2.53207;
28.2302;-1.75625;21.202;-1.09706;-2.58324;
28.0658;-1.64364;21.1006;-1.01422;-2.58873;
27.8908;-1.75025;20.998;-1.0259;-2.61142;
27.7232;-1.67595;20.8919;-1.06156;-2.57697;
27.5661;-1.57109;20.8055;-0.863717;-2.63894;
27.4016;-1.6453;20.7293;-0.761711;-2.70801;
27.216;-1.85596;20.6353;-0.940517;-2.67255;
27.0366;-1.79341;20.5461;-0.891716;-2.68017;
26.857;-1.79602;20.4572;-0.888638;-2.68213;
26.6888;-1.68211;20.37;-0.87213;-2.66328;
26.5096;-1.79218;20.2674;-1.02618;-2.62157;
26.3284;-1.81205;20.177;-0.903755;-2.67895;
26.1377;-1.90655;20.0808;-0.962066;-2.67426;
25.9684;-1.69278;19.9816;-0.992357;-2.61136;
25.7966;-1.71885;19.8871;-0.944971;-2.63893;
25.6084;-1.88129;19.7994;-0.876969;-2.70539;
25.4214;-1.87006;19.7179;-0.814718;-2.73072;
25.2452;-1.76257;19.6396;-0.783172;-2.72346;
25.0306;-2.14574;19.562;-0.776525;-2.79436;
24.8365;-1.9407;19.4897;-0.722579;-2.78516;
24.6486;-1.87944;19.4177;-0.720375;-2.77557;
24.4633;-1.8524;19.3488;-0.688412;-2.78578;
24.2972;-1.66156;19.2763;-0.725395;-2.72996;
24.1149;-1.82262;19.1915;-0.847694;-2.70626;
23.9316;-1.83334;19.1065;-0.850137;-2.7074;
23.7495;-1.82094;19.028;-0.784722;-2.7347;
23.5691;-1.80357;18.9512;-0.768169;-2.73895;
23.3794;-1.8972;18.8875;-0.637101;-2.81761;
23.182;-1.97399;18.8384;-0.491476;-2.89758;
23.0077;-1.74302;18.7918;-0.465962;-2.88037;
22.8242;-1.83567;18.7416;-0.501601;-2.87485;
22.6281;-1.96047;18.6887;-0.529251;-2.87792;
22.4559;-1.72194;18.6217;-0.669827;-2.77061;
22.2726;-1.83326;18.5624;-0.593275;-2.82861;
22.0826;-1.89979;18.5008;-0.615263;-2.82839;
21.9092;-1.73445;18.4423;-0.585662;-2.81595;
21.7111;-1.981;18.3559;-0.863778;-2.73042;
21.5145;-1.96516;18.2801;-0.757639;-2.77362;
21.3116;-2.02905;18.2117;-0.684144;-2.81639;
21.1115;-2.00143;18.111;-1.00704;-2.67542;
20.9417;-1.69763;18.0224;-0.885626;-2.66075;
20.7503;-1.91443;17.9378;-0.846882;-2.7251;
20.5685;-1.8183;17.8581;-0.796574;-2.72869;
20.4116;-1.56893;17.7908;-0.672742;-2.73652;
20.2327;-1.78909;17.7097;-0.811405;-2.71581;
20.0531;-1.79537;17.6166;-0.931348;-2.66306;
19.8973;-1.55804;17.5189;-0.976427;-2.58177;
19.7283;-1.69062;17.4157;-1.0322;-2.59346;
19.5571;-1.71192;17.3114;-1.04278;-2.59449;
19.3865;-1.70591;17.2049;-1.06512;-2.58345;
19.208;-1.78421;17.0856;-1.19296;-2.55224;
19.0523;-1.55709;16.9524;-1.33249;-2.43376;
18.912;-1.40357;16.8112;-1.41192;-2.35323;
18.7657;-1.46325;16.6718;-1.39356;-2.38058;
18.6221;-1.43601;16.533;-1.38802;-2.37319;
18.482;-1.40089;16.3967;-1.36286;-2.36995;
18.3341;-1.47849;16.2561;-1.40616;-2.38127;
18.1765;-1.57659;16.1289;-1.27221;-2.46264;
18.0278;-1.4865;16.0211;-1.07819;-2.51408;
17.8757;-1.52095;15.8958;-1.25249;-2.45269;
17.7303;-1.45429;15.7742;-1.21569;-2.44532;
17.5877;-1.42621;15.631;-1.43283;-2.35388;
17.4464;-1.41252;15.4781;-1.52876;-2.31669;
17.3;-1.46379;15.3344;-1.43651;-2.3656;
17.1484;-1.516;15.1852;-1.49217;-2.36412;
17.0001;-1.48358;15.0522;-1.32997;-2.41074;
16.8526;-1.4751;14.9123;-1.39961;-2.38245;
16.6981;-1.54509;14.7752;-1.37038;-2.41605;
16.5449;-1.53134;14.652;-1.23197;-2.46411;
16.3919;-1.53037;14.5186;-1.33412;-2.4246;
16.2345;-1.57339;14.374;-1.44653;-2.39818;
16.0938;-1.40746;14.2612;-1.12797;-2.46598;
15.9365;-1.57267;14.1291;-1.32035;-2.44319;
15.7847;-1.51833;14.0209;-1.08186;-2.52251;
15.6142;-1.70548;13.8841;-1.36858;-2.46535;
15.4417;-1.72492;13.755;-1.29133;-2.49897;
15.2824;-1.59229;13.6394;-1.15513;-2.51399;
15.1316;-1.50793;13.5439;-0.955832;-2.57664;
14.9608;-1.708;13.4357;-1.08197;-2.57693;
14.8014;-1.59399;13.3378;-0.978551;-2.59101;
14.6333;-1.68166;13.2215;-1.16322;-2.53645;
14.4642;-1.69047;13.1204;-1.01104;-2.60259;
14.282;-1.82244;13.0253;-0.951012;-2.66063;
14.1052;-1.76792;12.945;-0.80245;-2.7155;
13.9213;-1.83876;12.8581;-0.869558;-2.69986;
13.7439;-1.77453;12.7788;-0.79265;-2.7215;
13.5728;-1.71051;12.699;-0.798249;-2.70496;
13.3916;-1.81196;12.6134;-0.85631;-2.70011;
13.2242;-1.67433;12.5359;-0.774245;-2.70846;
13.0393;-1.84833;12.4528;-0.83149;-2.71885;
12.851;-1.88307;12.3737;-0.791295;-2.74378;
12.6621;-1.88914;12.2877;-0.859886;-2.71444;
12.4805;-1.81651;12.2053;-0.823586;-2.71592;
12.299;-1.81477;12.1227;-0.826321;-2.71432;
12.1278;-1.71187;12.0445;-0.781284;-2.71343;
11.9574;-1.70408;11.9579;-0.86614;-2.67135;
11.7998;-1.57635;11.8738;-0.841684;-2.65116;
11.6388;-1.60948;11.8001;-0.73701;-2.71217;
11.4558;-1.83015;11.7171;-0.830067;-2.71579;
11.2751;-1.80728;11.6394;-0.776893;-2.73561;
11.0706;-2.04438;11.5637;-0.756686;-2.7871;
10.8913;-1.79302;11.5107;-0.529645;-2.85437;
10.6981;-1.93194;11.454;-0.567602;-2.85583;
10.4961;-2.02003;11.4031;-0.508643;-2.89492;
10.3007;-1.95396;11.3603;-0.428077;-2.92592;
10.0765;-2.24282;11.3183;-0.419541;-2.95667;
9.88577;-1.90692;11.2965;-0.218074;-3.02773;
9.68732;-1.98453;11.2641;-0.324871;-2.97933;
9.49424;-1.93079;11.2198;-0.442302;-2.9164;
9.29018;-2.04063;11.176;-0.437777;-2.93027;
9.09652;-1.9366;11.1235;-0.525379;-2.87668;
8.88865;-2.07864;11.0461;-0.773621;-2.7853;
8.69515;-1.935;10.9604;-0.857417;-2.72448;
8.50241;-1.92749;10.8962;-0.641723;-2.8202;
8.32654;-1.75867;10.8422;-0.540406;-2.84347;
8.1379;-1.88636;10.8047;-0.374636;-2.94554;
7.94398;-1.93926;10.7643;-0.404163;-2.93612;
7.76548;-1.785;10.7359;-0.283757;-2.98394;
7.56765;-1.97825;10.7049;-0.310723;-2.9858;
7.36635;-2.01302;10.6768;-0.280801;-3.00299;
7.17713;-1.89225;10.6368;-0.39954;-2.9335;
6.98649;-1.90637;10.5982;-0.386381;-2.94162;
6.79385;-1.92636;10.5653;-0.328729;-2.97257;
6.58593;-2.0792;10.5356;-0.296971;-2.99972;
6.39665;-1.89283;10.485;-0.506415;-2.88017;
6.21339;-1.83259;10.415;-0.700218;-2.77662;
6.02537;-1.88026;10.3379;-0.770733;-2.75257;
5.83121;-1.94155;10.2578;-0.801182;-2.75023;
5.63177;-1.99438;10.206;-0.517948;-2.8875;
5.44216;-1.89609;10.1479;-0.580244;-2.84462;
5.25357;-1.88593;10.0868;-0.611352;-2.82812;
5.07228;-1.81284;10.0076;-0.792097;-2.72965;
4.89297;-1.79318;9.93456;-0.730464;-2.75476;
4.71828;-1.74685;9.84005;-0.945071;-2.64567;
4.54418;-1.74098;9.74343;-0.966179;-2.63495;
4.38256;-1.61629;9.6434;-1.00032;-2.58739;
4.20936;-1.73197;9.53484;-1.08558;-2.58171;
4.03916;-1.70197;9.42218;-1.1266;-2.55687;
3.87173;-1.67432;9.31501;-1.07169;-2.57223;
3.70154;-1.70194;9.20696;-1.08047;-2.57594;
3.52092;-1.80617;9.10814;-0.988283;-2.64092;
3.33722;-1.83703;9.02239;-0.857417;-2.70491;
3.14558;-1.91639;8.9279;-0.94497;-2.68348;
2.94833;-1.97248;8.83028;-0.976197;-2.68203;
2.7748;-1.7353;8.73657;-0.937067;-2.64646;
2.59009;-1.84711;8.64352;-0.930507;-2.67494;
2.41678;-1.73312;8.55877;-0.847516;-2.68677;
2.22439;-1.92383;8.46821;-0.905606;-2.70163;
2.04645;-1.77942;8.38555;-0.826546;-2.70674;
1.86512;-1.8133;8.30128;-0.842756;-2.70653;
1.68686;-1.78257;8.22642;-0.748538;-2.74403;
1.4993;-1.87562;8.14824;-0.781871;-2.74664;
1.30538;-1.93923;8.07085;-0.773909;-2.76188;
1.1199;-1.8548;7.99609;-0.747601;-2.75845;
0.91549;-2.04408;7.91479;-0.812974;-2.76305;
0.715735;-1.99755;7.83904;-0.75744;-2.77916;
0.54544;-1.70295;7.80198;-0.370607;-2.92731;
0.353781;-1.91659;7.76785;-0.341364;-2.96533;
0.154334;-1.99447;7.73266;-0.351921;-2.96694;
-0.0477171;-2.02051;7.70277;-0.298861;-2.99474;
-0.245729;-1.98012;7.67303;-0.297446;-2.99249;
-0.446953;-2.01224;7.64749;-0.25537;-3.01536;
-0.653904;-2.06951;7.61385;-0.336393;-2.98045;
-0.854087;-2.00183;7.57668;-0.371694;-2.95801;
-1.05876;-2.04669;7.53174;-0.449442;-2.92543;
-1.25269;-1.93937;7.49794;-0.337955;-2.96907;
-1.44554;-1.92845;7.46644;-0.315045;-2.97966;
-1.63658;-1.9104;7.4327;-0.337369;-2.9668;
-1.83048;-1.93902;7.39352;-0.391762;-2.94224;
-2.02069;-1.90212;7.31996;-0.735573;-2.77259;
-2.20822;-1.8753;7.26424;-0.557222;-2.85276;
-2.40088;-1.92654;7.19648;-0.677616;-2.80338;
-2.56005;-1.59171;7.12347;-0.730112;-2.71153;
-2.74201;-1.81965;7.04035;-0.831156;-2.71312;
-2.93883;-1.96819;6.95102;-0.89333;-2.71551;
-3.09372;-1.54888;6.85097;-1.00053;-2.56806;
-3.2584;-1.64684;6.74017;-1.10794;-2.54938;
-3.42189;-1.63481;6.63534;-1.04836;-2.57138;
-3.59066;-1.6877;6.53189;-1.03446;-2.59171;
-3.75818;-1.67529;6.42713;-1.04761;-2.58275;
-3.9259;-1.67711;6.32829;-0.988461;-2.60902;
-4.09693;-1.71034;6.2293;-0.989802;-2.61697;
-4.28755;-1.90624;6.15915;-0.701567;-2.78894;
-4.47024;-1.82686;6.09319;-0.659615;-2.79509;
-4.67962;-2.09384;5.98439;-1.08795;-2.66239;
-4.8605;-1.80881;5.88544;-0.989534;-2.64101;
-5.05393;-1.93423;5.79217;-0.932664;-2.69229;
-5.23788;-1.83957;5.71062;-0.815535;-2.7243;
-5.4242;-1.86312;5.63005;-0.805706;-2.73343;
-5.60252;-1.78324;5.54038;-0.896687;-2.67568;
-5.77157;-1.69048;5.43869;-1.01687;-2.60005;
-5.93451;-1.62937;5.36207;-0.766202;-2.70203;
-6.11469;-1.80187;5.27346;-0.886082;-2.68456;
-6.28411;-1.69413;5.18357;-0.898948;-2.65375;
-6.45643;-1.72326;5.08948;-0.940846;-2.64185;
-6.63303;-1.76602;4.99221;-0.97275;-2.63812;
-6.80384;-1.70809;4.88493;-1.07275;-2.58081;
-6.96304;-1.59193;4.77735;-1.07581;-2.5473;
-7.13421;-1.71177;4.66612;-1.1123;-2.56536;
-7.29856;-1.64343;4.57473;-0.913914;-2.63408;
-7.45023;-1.51669;4.44221;-1.32527;-2.42345;
-7.60855;-1.58327;4.30523;-1.36973;-2.42838;
-7.75975;-1.51202;4.17674;-1.28496;-2.4372;
-7.92495;-1.652;4.05063;-1.26109;-2.48959;
-8.07831;-1.53354;3.92047;-1.30157;-2.43783;
-8.25364;-1.75336;3.80212;-1.18352;-2.54784;
-8.41944;-1.65797;3.68989;-1.12224;-2.54655;
-8.58338;-1.6394;3.59852;-0.913713;-2.63313;
-8.73569;-1.5231;3.50781;-0.907102;-2.60444;
-8.91735;-1.81655;3.40802;-0.997922;-2.63925;
-9.09017;-1.72828;3.3213;-0.867217;-2.67652;
-9.27976;-1.89591;3.23384;-0.874581;-2.70938;
-9.46572;-1.8596;3.15731;-0.765315;-2.75117;
-9.65795;-1.92231;3.06756;-0.89753;-2.70477;
-9.84098;-1.8303;2.97575;-0.918026;-2.67669;
-10.0176;-1.76643;2.88493;-0.908258;-2.66667;
-10.1837;-1.66122;2.7919;-0.930244;-2.63112;
-10.3582;-1.74465;2.6965;-0.953983;-2.64121;
-10.5129;-1.54703;2.59455;-1.01952;-2.55891;
-10.6939;-1.80989;2.4711;-1.23454;-2.54298;
-10.8581;-1.64202;2.37938;-0.91717;-2.6322;
-11.0384;-1.80259;2.27643;-1.02956;-2.62265;
-11.2124;-1.7406;2.1798;-0.966279;-2.63481;
-11.3841;-1.71635;2.09246;-0.873332;-2.67091;
-11.5697;-1.85687;2.00171;-0.907496;-2.68701;
-11.752;-1.82278;1.91466;-0.870507;-2.69605;
-11.9309;-1.78886;1.82779;-0.868701;-2.68952;
-12.1053;-1.74367;1.75848;-0.693125;-2.76324;
-12.3038;-1.98508;1.68626;-0.722202;-2.79266;
-12.4952;-1.91421;1.61857;-0.676934;-2.80168;
-12.6805;-1.85336;1.54634;-0.722255;-2.77;
-12.8784;-1.97848;1.49244;-0.53907;-2.87558;
-13.0492;-1.70761;1.45556;-0.368788;-2.92889;
-13.2649;-2.15751;1.42344;-0.321187;-2.99381;
-13.462;-1.97064;1.39334;-0.301002;-2.99002;
-13.6726;-2.10632;1.35475;-0.385891;-2.9604;
-13.8656;-1.92956;1.33606;-0.186914;-3.04503;
-14.062;-1.96472;1.30651;-0.295522;-2.9923;
-14.2626;-2.00543;1.27423;-0.322723;-2.98204;
-14.4658;-2.0324;1.2586;-0.156349;-3.06482;
-14.6765;-2.10676;1.25294;-0.056624;-3.11472;
-14.8734;-1.9693;1.24558;-0.0735758;-3.10425;
-15.0438;-1.70365;1.24219;-0.0339188;-3.12169;
-15.2436;-1.99788;1.23743;-0.0475806;-3.11778;
-15.4452;-2.01637;1.23141;-0.0602087;-3.11174;
-15.6308;-1.85572;1.21961;-0.117948;-3.07812;
-15.8096;-1.78791;1.22383;0.0421722;3.11801;
-16.0115;-2.01937;1.21098;-0.128516;-3.07804;
-16.2248;-2.13324;1.17441;-0.365686;-2.97182;
-16.4174;-1.92565;1.14343;-0.309802;-2.98208;
-16.6003;-1.82915;1.14131;-0.0212347;-3.12998;
-16.8007;-2.0034;1.13908;-0.0222806;-3.13047;
-17.0098;-2.09166;1.13852;-0.00555881;-3.13894;
-17.2079;-1.98076;1.13831;-0.00214923;-3.14051;
-17.4127;-2.0482;1.13733;-0.00973653;-3.13684;
-17.621;-2.0832;1.13163;-0.0570712;-3.1142;
-17.8104;-1.89385;1.12615;-0.0547836;-3.11267;
-18.0098;-1.99414;1.12063;-0.0551333;-3.11395;
-18.2138;-2.03991;1.12367;0.030344;3.12672;
-18.4188;-2.04962;1.12896;0.0529136;3.11578;
-18.6183;-1.99496;1.13782;0.0885699;3.09722;
-18.7991;-1.80786;1.15215;0.143363;3.06246;
-18.9899;-1.90832;1.17584;0.236873;3.0181;
-19.2011;-2.11205;1.19166;0.158201;3.06683;
-19.3987;-1.97579;1.20038;0.0872343;3.09747;
-19.606;-2.07338;1.2115;0.111204;3.08801;
-19.7996;-1.93583;1.21347;0.0196219;3.13146;
-19.9939;-1.94276;1.22156;0.080941;3.09995;
-20.2024;-2.08549;1.21731;-0.04247;-3.12123;
-20.3952;-1.92736;1.21333;-0.0397971;-3.12095;
-20.6098;-2.14601;1.22012;0.0678087;3.11001;
-20.8105;-2.00739;1.22757;0.0745445;3.10447;
-21.014;-2.03507;1.24174;0.141698;3.07208;
-21.2246;-2.10568;1.24947;0.0772848;3.10491;
-21.4171;-1.92471;1.24833;-0.0113701;-3.13569;
-21.6009;-1.83877;1.24744;-0.00892101;-3.13674;
-21.7995;-1.98537;1.25248;0.0504553;3.11618;
-22.0255;-2.26032;1.2395;-0.129807;-3.08423;
-22.2197;-1.94218;1.23071;-0.0879842;-3.09632;
-22.4208;-2.01073;1.21755;-0.131542;-3.07627;
-22.6254;-2.04588;1.20132;-0.162351;-3.0624;
-22.8278;-2.02416;1.17975;-0.215617;-3.03547;
-23.0193;-1.91459;1.16684;-0.129161;-3.07423;
-23.2199;-2.00674;1.15552;-0.11322;-3.08523;
-23.4095;-1.89561;1.14223;-0.132878;-3.07161;
-23.6297;-2.20251;1.11872;-0.235066;-3.03527;
-23.8161;-1.86395;1.09282;-0.259035;-3.00351;
-24.0218;-2.05647;1.05335;-0.394633;-2.952;
-24.2293;-2.07521;1.01545;-0.379046;-2.96093;
-24.4499;-2.20561;0.991743;-0.237076;-3.03452;
-24.6506;-2.00742;0.976186;-0.155572;-3.06425;
-24.8419;-1.91283;0.95047;-0.257155;-3.00796;
-25.0459;-2.03994;0.928228;-0.222419;-3.03299;
-25.2467;-2.0079;0.911801;-0.164274;-3.05996;
-25.4485;-2.01856;0.910556;-0.0124511;-3.13542;
-25.6385;-1.89957;0.919513;0.0895733;3.09447;
-25.8387;-2.00242;0.928526;0.0901343;3.09661;
-26.0478;-2.09076;0.933524;0.049971;3.1177;
-26.2436;-1.95772;0.9412;0.0767619;3.1024;
-26.4503;-2.06736;0.973325;0.32125;2.98743;
-26.6592;-2.0892;0.98405;0.10725;3.0903;
-26.8554;-1.96193;0.969195;-0.14855;-3.06602;
-27.0535;-1.98116;0.967115;-0.0207986;-3.13109;
-27.2575;-2.03982;0.955933;-0.111818;-3.08683;
-27.4471;-1.89574;0.947935;-0.0799814;-3.09943;
-27.6564;-2.09273;0.957106;0.0917069;3.0978;
-27.8642;-2.07797;0.970157;0.130514;3.07887;
-28.063;-1.98827;0.976962;0.0680548;3.10738;
-28.2814;-2.18433;0.978679;0.0171629;3.13374;
-28.4992;-2.17768;0.962785;-0.158936;-3.06874;
-28.7007;-2.01553;0.942883;-0.199023;-3.04317;
-28.8997;-1.98913;0.92298;-0.199033;-3.04186;
-29.1004;-2.00756;0.901192;-0.217881;-3.03349;
-29.2996;-1.99164;0.888958;-0.122332;-3.08025;
-29.495;-1.95397;0.878271;-0.106878;-3.08695;
-29.6919;-1.96874;0.851715;-0.26556;-3.00751;
-29.8997;-2.07855;0.83086;-0.208542;-3.0416;

29.9031;-1.97224;0.814321;-0.165393;-3.05793;
29.6969;-2.06122;0.79765;-0.166708;-3.06089;
29.4835;-2.13482;0.783886;-0.137644;-3.07721;
29.2823;-2.01135;0.768917;-0.149689;-3.06731;
29.071;-2.11326;0.745558;-0.233595;-3.0315;
28.8773;-1.93683;0.730674;-0.148834;-3.0649;
28.6797;-1.97574;0.718245;-0.124292;-3.07877;
28.4946;-1.85123;0.695437;-0.22808;-3.01901;
28.3017;-1.92912;0.670068;-0.253687;-3.01084;
28.1222;-1.79536;0.61872;-0.513487;-2.86302;
27.9449;-1.77304;0.580379;-0.383403;-2.92863;
27.7363;-2.08602;0.525713;-0.546663;-2.8853;
27.5502;-1.86022;0.479174;-0.465395;-2.89644;
27.3351;-2.15113;0.441975;-0.371981;-2.97036;
27.1427;-1.92473;0.429427;-0.125484;-3.07649;
26.943;-1.9962;0.409618;-0.198092;-3.04268;
26.7427;-2.00315;0.38838;-0.212378;-3.03597;
26.5555;-1.87209;0.356016;-0.323643;-2.97041;
26.348;-2.07563;0.32055;-0.354662;-2.97236;
26.1511;-1.96855;0.28721;-0.333397;-2.97382;
25.9587;-1.92438;0.259243;-0.279665;-2.99728;
25.7397;-2.1893;0.226717;-0.325263;-2.9941;
25.5484;-1.91344;0.202816;-0.239013;-3.01732;
25.3629;-1.85469;0.162013;-0.408031;-2.92504;
25.1674;-1.95537;0.115457;-0.465558;-2.90785;
24.9723;-1.95046;0.0702693;-0.451877;-2.91393;
24.7685;-2.03809;0.0166715;-0.535978;-2.88444;
24.5793;-1.89184;-0.0230807;-0.397523;-2.93448;
