#1 AntPos X	#2 AntVel X	#3 AntPos Y	#4 AntVel Y	#5 AntAngle	
-1.05547;1.59809;-24.1833;-1.19974;-0.64397;
-0.887773;1.67696;-24.2919;-1.08612;-0.574736;
-0.711775;1.75998;-24.3958;-1.03932;-0.533426;
-0.51466;1.97115;-24.4635;-0.676994;-0.330829;
-0.317221;1.97439;-24.5265;-0.629758;-0.308763;
-0.132575;1.84646;-24.6018;-0.753435;-0.387421;
0.0581696;1.90745;-24.6734;-0.715478;-0.358856;
0.248083;1.89913;-24.7582;-0.848356;-0.420112;
0.449142;2.01059;-24.8415;-0.832995;-0.392777;
0.6479;1.98758;-24.9408;-0.993114;-0.463375;
0.8251;1.772;-25.0358;-0.949575;-0.491935;
0.998957;1.73857;-25.1299;-0.940792;-0.496008;
1.17998;1.8102;-25.2361;-1.0627;-0.530854;
1.36087;1.80889;-25.3349;-0.987247;-0.499594;
1.53571;1.74846;-25.438;-1.0315;-0.532993;
1.69642;1.60706;-25.5352;-0.971943;-0.543939;
1.87293;1.76512;-25.6241;-0.889052;-0.466587;
2.05148;1.78554;-25.7133;-0.891669;-0.463153;
2.23646;1.84979;-25.7722;-0.589042;-0.308285;
2.41764;1.81173;-25.8318;-0.596521;-0.318075;
2.60905;1.91416;-25.8964;-0.646008;-0.325485;
2.79554;1.86489;-25.9621;-0.65616;-0.338321;
2.98774;1.92202;-26.0096;-0.475772;-0.24266;
3.18219;1.94448;-26.0555;-0.458145;-0.231393;
3.3765;1.94309;-26.0943;-0.388783;-0.197477;
3.56414;1.87645;-26.1106;-0.162563;-0.0864173;
3.77014;2.05997;-26.1295;-0.18942;-0.0916951;
3.97575;2.05612;-26.1706;-0.411129;-0.197351;
4.17845;2.027;-26.2117;-0.410128;-0.199638;
4.37343;1.94978;-26.2578;-0.461801;-0.232562;
4.58529;2.11863;-26.2916;-0.337158;-0.157817;
4.78424;1.9895;-26.3255;-0.339479;-0.169008;
4.97786;1.93614;-26.3462;-0.207438;-0.106733;
5.18781;2.09955;-26.3597;-0.134476;-0.0639625;
5.38874;2.00929;-26.3718;-0.121069;-0.0601819;
5.59037;2.01631;-26.3803;-0.085167;-0.042214;
5.79638;2.06009;-26.391;-0.107037;-0.0519109;
6.01188;2.15502;-26.4082;-0.171339;-0.07934;
6.22083;2.08944;-26.4134;-0.0525756;-0.0251572;
6.47604;2.55212;-26.4465;-0.330885;-0.128932;
6.67502;1.98978;-26.4592;-0.127087;-0.0637831;
6.88022;2.05201;-26.4571;0.0211747;0.0103186;
7.07657;1.96356;-26.4555;0.0161897;0.0082449;
7.27285;1.9628;-26.4738;-0.182832;-0.0928808;
7.47857;2.0572;-26.4691;0.0467059;0.0226997;
7.6652;1.86631;-26.4456;0.235267;0.125399;
7.8573;1.92099;-26.4407;0.0489669;0.0254849;
8.05751;2.00207;-26.436;0.047076;0.0235094;
8.26487;2.07361;-26.4286;0.0739431;0.0356441;
8.44738;1.82512;-26.4368;-0.0828171;-0.0453451;
8.6563;2.0892;-26.4492;-0.1235;-0.059045;
8.83498;1.78676;-26.4455;0.0369638;0.0206846;
9.04304;2.08063;-26.4462;-0.00742784;-0.00356998;
9.25825;2.15208;-26.444;0.0221251;0.0102804;
9.45973;2.01482;-26.4583;-0.142673;-0.0706935;
9.65032;1.90584;-26.4899;-0.315937;-0.164279;
9.84354;1.93223;-26.5286;-0.387416;-0.197878;
10.0595;2.15964;-26.5679;-0.392667;-0.179856;
10.247;1.87453;-26.6238;-0.559285;-0.289952;
10.4389;1.91956;-26.677;-0.531603;-0.270169;
10.6111;1.72149;-26.7272;-0.502284;-0.283891;
10.8023;1.91204;-26.7839;-0.566858;-0.288213;
10.9851;1.8283;-26.8544;-0.705493;-0.368269;
11.173;1.87931;-26.9261;-0.716932;-0.364445;
11.3505;1.77512;-27.015;-0.888736;-0.464178;
11.5474;1.96853;-27.127;-1.12017;-0.517343;
11.7368;1.89422;-27.2533;-1.26265;-0.587945;
11.9066;1.69793;-27.361;-1.07731;-0.565393;
12.0808;1.74156;-27.4761;-1.1505;-0.583802;
12.2337;1.52911;-27.5947;-1.18573;-0.659585;
12.3945;1.60778;-27.7188;-1.24146;-0.657531;
12.5549;1.60447;-27.8388;-1.20029;-0.642281;
12.6882;1.33276;-27.9866;-1.47805;-0.837042;
12.8202;1.32061;-28.1365;-1.49868;-0.848478;
12.9419;1.2168;-28.2721;-1.35566;-0.839327;
13.0795;1.37589;-28.4306;-1.58574;-0.856139;
13.2144;1.34932;-28.5796;-1.48937;-0.834695;
13.3487;1.34259;-28.7273;-1.47731;-0.833136;
13.4795;1.30822;-28.8713;-1.43947;-0.833128;
13.6242;1.44683;-29.0327;-1.61452;-0.840119;
13.7525;1.28307;-29.1824;-1.49697;-0.862187;
13.8996;1.47117;-29.3241;-1.41652;-0.766477;
14.039;1.39341;-29.4571;-1.32995;-0.762102;
14.1845;1.45497;-29.6038;-1.4677;-0.789755;
14.3266;1.42124;-29.754;-1.50152;-0.812859;
14.4726;1.45994;-29.9028;-1.48846;-0.795071;

14.6224;1.49837;29.967;-1.30151;-0.715205;
14.7703;1.4789;29.834;-1.33063;-0.732671;
14.9279;1.57591;29.6927;-1.41221;-0.73067;
15.0769;1.49006;29.557;-1.35745;-0.73886;
15.2267;1.49751;29.4184;-1.38593;-0.746722;
15.3963;1.69688;29.2931;-1.25316;-0.636105;
15.5672;1.7086;29.1845;-1.08589;-0.566146;
15.7387;1.71488;29.0696;-1.14854;-0.590133;
15.9055;1.66842;28.955;-1.14625;-0.601965;
16.063;1.57513;28.843;-1.1204;-0.618271;
16.2191;1.56102;28.7377;-1.05303;-0.593462;
16.3781;1.58916;28.5967;-1.41003;-0.725744;
16.5088;1.30728;28.4659;-1.30785;-0.785616;
16.6456;1.36857;28.3162;-1.4965;-0.830021;
16.7837;1.38044;28.1672;-1.49017;-0.823605;
16.9259;1.42185;28.0276;-1.39652;-0.77641;
17.0693;1.43382;27.878;-1.49568;-0.806513;
17.2057;1.36415;27.7335;-1.4449;-0.814136;
17.3359;1.30271;27.6001;-1.33391;-0.797233;
17.4748;1.38824;27.4554;-1.44718;-0.806184;
17.6102;1.35422;27.3114;-1.44032;-0.816199;
17.7492;1.39039;27.1651;-1.46246;-0.810653;
17.8843;1.35095;27.0095;-1.55645;-0.855964;
18.005;1.20722;26.8713;-1.38202;-0.852803;
18.1178;1.12749;26.7163;-1.54966;-0.941803;
18.2307;1.12875;26.5584;-1.57907;-0.950196;
18.3434;1.12752;26.3911;-1.67283;-0.977718;
18.4472;1.03778;26.2252;-1.65912;-1.01184;
18.5404;0.93162;26.0374;-1.87824;-1.11035;
18.6283;0.879098;25.8574;-1.8;-1.11648;
18.7204;0.921098;25.6679;-1.89494;-1.11834;
18.8108;0.903728;25.4731;-1.94825;-1.13647;
18.8924;0.81675;25.2977;-1.75396;-1.135;
18.9794;0.869489;25.1155;-1.82174;-1.12549;
19.0627;0.833519;24.9285;-1.86987;-1.15147;
19.1688;1.06119;24.7098;-2.1869;-1.11902;
19.2605;0.916335;24.5586;-1.51243;-1.02607;
19.3641;1.03617;24.3893;-1.69265;-1.02149;
19.4618;0.97751;24.218;-1.71339;-1.05234;
19.5651;1.03292;24.0523;-1.65682;-1.01333;
19.6695;1.04319;23.8808;-1.71499;-1.02431;
19.7645;0.950428;23.7102;-1.70563;-1.06242;
19.8829;1.18361;23.543;-1.67207;-0.954807;
20.0145;1.31599;23.3892;-1.53788;-0.862994;
20.1167;1.02207;23.233;-1.56265;-0.991568;
20.203;0.862969;23.0583;-1.74647;-1.11186;
20.2915;0.885181;22.879;-1.79286;-1.11218;
20.377;0.855157;22.6986;-1.80421;-1.12818;
20.4724;0.953999;22.5061;-1.92502;-1.11069;
20.5735;1.0109;22.3264;-1.79713;-1.0584;
20.6685;0.949828;22.1629;-1.63533;-1.0446;
20.7702;1.01679;21.9965;-1.6639;-1.02226;
20.8677;0.975752;21.8307;-1.65772;-1.03879;
20.9749;1.072;21.6535;-1.77196;-1.02672;
21.0327;0.578027;21.4838;-1.69669;-1.24245;
21.0996;0.669153;21.2955;-1.88321;-1.22938;
21.1751;0.754775;21.1056;-1.89894;-1.19247;
21.2509;0.757748;20.9163;-1.89321;-1.19008;
21.3399;0.890174;20.7199;-1.9637;-1.14519;
21.436;0.960782;20.5178;-2.02178;-1.12717;
21.5143;0.782932;20.3326;-1.85116;-1.17067;
21.5922;0.779161;20.1468;-1.85846;-1.17381;
21.6723;0.800656;19.9572;-1.89569;-1.17117;
21.7547;0.82394;19.7793;-1.77916;-1.1371;
21.839;0.842936;19.5971;-1.82178;-1.13743;
21.9238;0.84891;19.4131;-1.84064;-1.13866;
22.0094;0.855537;19.2316;-1.81446;-1.1302;
22.089;0.796408;19.045;-1.86661;-1.16752;
22.1705;0.814332;18.8728;-1.72184;-1.12903;
22.269;0.985075;18.6908;-1.82023;-1.07475;
22.3655;0.965303;18.5186;-1.7214;-1.05973;
22.4665;1.00957;18.3441;-1.74554;-1.04643;
22.5705;1.04018;18.1625;-1.81529;-1.05046;
22.6799;1.0946;17.9854;-1.77156;-1.01734;
22.778;0.980642;17.8117;-1.73674;-1.05678;
22.8802;1.02192;17.6546;-1.57129;-0.994161;
22.9781;0.978518;17.4785;-1.76117;-1.06366;
23.0752;0.971424;17.3053;-1.73202;-1.05965;
23.1684;0.932288;17.1349;-1.70322;-1.06997;
23.2398;0.71345;16.9719;-1.63036;-1.1583;
23.3112;0.714189;16.7863;-1.85602;-1.20347;
23.3754;0.642537;16.6059;-1.80407;-1.22865;
23.437;0.615519;16.418;-1.8793;-1.25428;
23.4994;0.624508;16.231;-1.86959;-1.24842;
23.5704;0.709162;16.0309;-2.00103;-1.23021;
23.6299;0.595531;15.8531;-1.77767;-1.24754;
23.6938;0.638558;15.6648;-1.88321;-1.24388;
23.7566;0.62823;15.4964;-1.68376;-1.21368;
23.8094;0.528187;15.3009;-1.95517;-1.30695;
23.8511;0.417085;15.1018;-1.99132;-1.36433;
23.8919;0.408196;14.9061;-1.95733;-1.3652;
23.9264;0.344633;14.7117;-1.94315;-1.39526;
23.9634;0.369889;14.5144;-1.97295;-1.38547;
23.9965;0.331313;14.318;-1.96455;-1.40372;
24.0316;0.350302;14.1166;-2.01394;-1.39858;
24.0468;0.152235;13.9405;-1.76129;-1.48458;
24.0902;0.434232;13.7554;-1.85047;-1.34031;
24.1483;0.581377;13.5778;-1.77629;-1.25449;
24.2076;0.592722;13.4083;-1.69481;-1.23436;
24.299;0.913742;13.2308;-1.77536;-1.09548;
24.396;0.969999;13.04;-1.90776;-1.10041;
24.4821;0.861157;12.8762;-1.63776;-1.08671;
24.5653;0.832358;12.7034;-1.72832;-1.12198;
24.6503;0.849232;12.5343;-1.69096;-1.10537;
24.7393;0.890058;12.3562;-1.7805;-1.10723;
24.8339;0.945934;12.1726;-1.83688;-1.09525;
24.9254;0.915488;11.9964;-1.76183;-1.09157;
25.0284;1.02997;11.8073;-1.891;-1.07205;
25.1159;0.874768;11.631;-1.7626;-1.11012;
25.2153;0.994597;11.426;-2.04987;-1.11906;
25.3018;0.864507;11.2488;-1.77188;-1.11687;
25.4015;0.997473;11.046;-2.02794;-1.11368;
25.4714;0.698971;10.871;-1.75056;-1.19091;
25.5412;0.697131;10.6879;-1.83046;-1.20691;
25.5982;0.570919;10.5063;-1.81645;-1.26627;
25.658;0.597145;10.3199;-1.86416;-1.26079;
25.7263;0.682953;10.1342;-1.8572;-1.21841;
25.7998;0.735527;9.94567;-1.88495;-1.19876;
25.8785;0.78736;9.75635;-1.89315;-1.17666;
25.9546;0.761023;9.60374;-1.52617;-1.10823;
26.0465;0.918984;9.42362;-1.80116;-1.09901;
26.1349;0.883963;9.23785;-1.85769;-1.12666;
26.2205;0.855226;9.05197;-1.8588;-1.13958;
26.2946;0.741115;8.87024;-1.81729;-1.18357;
26.3763;0.816894;8.68272;-1.87516;-1.15995;
26.4533;0.770334;8.49801;-1.84717;-1.17569;
26.5318;0.784802;8.32715;-1.7086;-1.14021;
26.6253;0.935551;8.124;-2.03151;-1.13923;
26.7028;0.774271;7.93288;-1.91119;-1.18588;
26.785;0.822519;7.73472;-1.98158;-1.17736;
26.8641;0.791369;7.55061;-1.84107;-1.16483;
26.9474;0.832917;7.37685;-1.73768;-1.12382;
27.0494;1.01944;7.1741;-2.02744;-1.10489;
27.1398;0.904195;6.99663;-1.77472;-1.09959;
27.2328;0.93;6.81414;-1.82489;-1.09948;
27.312;0.791657;6.63384;-1.80298;-1.15706;
27.3921;0.800839;6.45104;-1.82803;-1.15789;
27.4722;0.801465;6.26803;-1.8301;-1.15802;
27.5443;0.720635;6.08726;-1.80772;-1.19146;
27.6076;0.633394;5.91187;-1.75386;-1.22423;
27.6748;0.671719;5.72279;-1.89082;-1.22945;
27.7417;0.669533;5.53432;-1.88465;-1.22945;
27.8119;0.7015;5.34847;-1.85852;-1.20988;
27.8668;0.549258;5.16902;-1.79451;-1.27377;
27.894;0.271654;4.97717;-1.91853;-1.43014;
27.9206;0.265902;4.77688;-2.0029;-1.43881;
27.9262;0.0562967;4.56901;-2.0787;-1.54372;
27.9441;0.178883;4.36751;-2.01497;-1.48225;
27.9544;0.102754;4.17302;-1.94488;-1.51801;
27.9688;0.144211;3.96782;-2.05207;-1.50064;
27.9857;0.169733;3.7824;-1.85413;-1.47951;
28.0074;0.216988;3.5858;-1.96607;-1.46087;
28.0287;0.213062;3.38981;-1.95993;-1.46251;
28.0494;0.206449;3.19;-1.99803;-1.46784;
28.0576;0.0825196;2.99349;-1.96514;-1.52883;
28.0723;0.146125;2.78848;-2.05009;-1.49964;
28.089;0.167802;2.57586;-2.12615;-1.49204;
28.0993;0.102429;2.37527;-2.00598;-1.51978;
28.1172;0.179649;2.16504;-2.10228;-1.48555;
28.1355;0.182595;1.96303;-2.02009;-1.48065;
28.1515;0.159648;1.76871;-1.94317;-1.48882;
28.1585;0.0706492;1.59246;-1.76257;-1.53073;
28.1674;0.0884042;1.39294;-1.99514;-1.52652;
28.1958;0.284613;1.19087;-2.02074;-1.43087;
28.2123;0.164928;1.00856;-1.82313;-1.48058;
28.2323;0.199639;0.817337;-1.91218;-1.46677;
28.247;0.147416;0.610954;-2.06383;-1.49949;
28.2586;0.115181;0.411002;-1.99951;-1.51326;
28.2618;0.032435;0.2024;-2.08603;-1.55525;
28.2601;-0.0168308;-0.00904533;-2.11445;-1.57876;
28.2581;-0.0202525;-0.208947;-1.99902;-1.58093;
28.2622;0.041043;-0.410558;-2.01611;-1.55044;
28.2637;0.0146667;-0.610568;-2.00009;-1.56346;
28.2661;0.0239663;-0.808713;-1.98145;-1.5587;
28.2605;-0.0551149;-1.00815;-1.99442;-1.59842;
28.2741;0.135117;-1.21347;-2.05311;-1.50508;
28.2921;0.180728;-1.41368;-2.00218;-1.48077;
28.3116;0.194588;-1.61517;-2.01491;-1.47452;
28.3363;0.247241;-1.82451;-2.09339;-1.45324;
28.3767;0.403954;-2.03305;-2.08531;-1.37945;
28.3942;0.175322;-2.21026;-1.77209;-1.47218;
28.415;0.207807;-2.41787;-2.07611;-1.47103;
28.4333;0.182369;-2.61714;-1.99272;-1.47953;
28.4645;0.312197;-2.81269;-1.95556;-1.41249;
28.5015;0.369892;-3.01311;-2.00417;-1.38829;
28.5297;0.282235;-3.22762;-2.14506;-1.43997;
28.5341;0.043593;-3.44726;-2.19639;-1.55095;
28.5479;0.138268;-3.6586;-2.11342;-1.50547;
28.5618;0.139605;-3.85563;-1.97036;-1.50006;
28.5754;0.135618;-4.07547;-2.19832;-1.50918;
28.5857;0.102817;-4.28183;-2.06363;-1.52101;
28.5997;0.14055;-4.48086;-1.99032;-1.5003;
28.6113;0.115638;-4.67178;-1.90923;-1.5103;
28.6267;0.153557;-4.86956;-1.97777;-1.49331;
28.6406;0.13928;-5.07161;-2.02047;-1.50197;
28.6715;0.30885;-5.25832;-1.8671;-1.40686;
28.706;0.345249;-5.45367;-1.95352;-1.39587;
28.7652;0.592506;-5.66652;-2.12846;-1.2993;
28.8275;0.622122;-5.85308;-1.86562;-1.24893;
28.8684;0.409703;-6.02473;-1.71648;-1.33649;
28.931;0.62615;-6.20795;-1.83224;-1.2415;
28.9983;0.672706;-6.39213;-1.84185;-1.22061;
29.0857;0.87397;-6.58963;-1.97492;-1.15417;
29.1662;0.804717;-6.77328;-1.83656;-1.15783;
29.2331;0.669363;-6.95897;-1.85692;-1.22482;
29.3068;0.737003;-7.17289;-2.13916;-1.239;
29.3728;0.65994;-7.3766;-2.03709;-1.2575;
29.4166;0.438291;-7.55866;-1.82065;-1.33456;
29.4401;0.234907;-7.72871;-1.70045;-1.43352;
29.4755;0.353279;-7.93294;-2.04228;-1.39951;
29.5072;0.317668;-8.13437;-2.01434;-1.41438;
29.5374;0.301497;-8.311;-1.76634;-1.40174;
29.5763;0.389116;-8.52009;-2.09083;-1.3868;
29.6212;0.449475;-8.71796;-1.97871;-1.34743;
29.6678;0.465953;-8.9136;-1.95638;-1.33698;
29.6798;0.119718;-9.11557;-2.01974;-1.51159;
29.7028;0.230233;-9.30645;-1.90882;-1.45076;
29.7257;0.22888;-9.50146;-1.95003;-1.45396;
29.7567;0.310042;-9.69456;-1.93106;-1.4116;
29.7844;0.27703;-9.90427;-2.09711;-1.43946;
29.8085;0.240408;-10.1032;-1.98951;-1.45054;
29.84;0.314931;-10.2747;-1.71506;-1.38919;
29.8606;0.206114;-10.4714;-1.96661;-1.46637;
29.8839;0.233446;-10.6657;-1.94355;-1.45126;
29.8926;0.0865301;-10.8637;-1.97934;-1.52711;
29.8974;0.0480884;-11.0649;-2.01211;-1.5469;
29.904;0.0661271;-11.2695;-2.04582;-1.53848;
29.9128;0.0883262;-11.4702;-2.00702;-1.52682;
29.935;0.221943;-11.7011;-2.3095;-1.47499;
29.9582;0.232163;-11.9013;-2.00181;-1.45534;
29.9815;0.23316;-12.0999;-1.98608;-1.45393;

-29.9924;0.26105;-12.2788;-1.78874;-1.42588;
-29.9692;0.231784;-12.467;-1.88226;-1.44827;
-29.9392;0.299859;-12.6651;-1.98043;-1.42053;
-29.9214;0.177428;-12.8634;-1.98325;-1.48157;
-29.9186;0.0283866;-13.0789;-2.15481;-1.55762;
-29.916;0.0262535;-13.2794;-2.00498;-1.5577;
-29.9142;0.0175144;-13.487;-2.07631;-1.56236;
-29.921;-0.0676044;-13.683;-1.96008;-1.60527;
-29.9137;0.0726765;-13.8782;-1.95245;-1.53359;
-29.9289;-0.152014;-14.0526;-1.74327;-1.65778;
-29.9434;-0.145265;-14.2544;-2.01817;-1.64265;
-29.9633;-0.198179;-14.4525;-1.98083;-1.67051;
-29.9852;-0.219541;-14.64;-1.87514;-1.68735;

29.9901;-0.246635;-14.8383;-1.98343;-1.69451;
29.9707;-0.194559;-15.0393;-2.00988;-1.6673;
29.936;-0.346181;-15.2412;-2.01838;-1.74066;
29.8997;-0.363065;-15.4188;-1.7767;-1.77237;
29.8822;-0.175778;-15.6077;-1.88879;-1.66359;
29.8955;0.133326;-15.8047;-1.97029;-1.50323;
29.9397;0.442264;-16.0061;-2.01359;-1.35459;
29.9753;0.356075;-16.1994;-1.93266;-1.3886;

-29.9657;0.58966;-16.4215;-2.22117;-1.31131;
-29.9161;0.496234;-16.6149;-1.93381;-1.31961;
-29.8791;0.369981;-16.834;-2.19193;-1.40358;
-29.8309;0.481703;-17.0143;-1.80213;-1.30961;
-29.7762;0.546946;-17.2056;-1.91345;-1.29238;
-29.7135;0.627189;-17.4079;-2.02273;-1.27013;
-29.6507;0.628112;-17.603;-1.95155;-1.25941;
-29.5812;0.694746;-17.8004;-1.97414;-1.23241;
-29.5148;0.663711;-17.9894;-1.88922;-1.23295;
-29.4507;0.641835;-18.1837;-1.94333;-1.2518;
-29.3901;0.605545;-18.3782;-1.9445;-1.2689;
-29.3315;0.586255;-18.5729;-1.94726;-1.27836;
-29.2741;0.573998;-18.7586;-1.85763;-1.27111;
-29.2142;0.598354;-18.9496;-1.90987;-1.26719;
-29.1504;0.638577;-19.1345;-1.84917;-1.23829;
-29.0905;0.599164;-19.3349;-2.00313;-1.28015;
-29.0366;0.538457;-19.5139;-1.79031;-1.27864;
-28.963;0.736612;-19.7017;-1.87791;-1.19699;
-28.8933;0.696292;-19.8991;-1.97385;-1.23167;
-28.8332;0.601187;-20.079;-1.79959;-1.24838;
-28.7612;0.720599;-20.2797;-2.00644;-1.226;
-28.692;0.691624;-20.4681;-1.88445;-1.21904;
-28.632;0.59985;-20.6446;-1.76479;-1.24315;
-28.5684;0.63621;-20.8245;-1.79953;-1.23097;
-28.5069;0.614595;-21.0174;-1.92843;-1.26227;
-28.4331;0.73839;-21.2028;-1.85431;-1.19184;
-28.3635;0.696407;-21.3991;-1.9628;-1.22985;
-28.2955;0.679599;-21.589;-1.89883;-1.2271;
-28.2327;0.628264;-21.7739;-1.84868;-1.2432;
-28.1661;0.666017;-21.9688;-1.9495;-1.24159;
-28.075;0.910661;-22.1674;-1.98585;-1.14084;
-28.0051;0.69909;-22.3768;-2.0941;-1.24859;
-27.9247;0.803475;-22.5434;-1.66636;-1.12151;
-27.8374;0.873208;-22.7282;-1.84717;-1.1292;
-27.748;0.893856;-22.8977;-1.69509;-1.08553;
-27.6591;0.889747;-23.0781;-1.80474;-1.11276;
-27.5688;0.902854;-23.2467;-1.68581;-1.07911;
-27.4751;0.936712;-23.428;-1.81319;-1.09395;
-27.3887;0.863974;-23.6094;-1.81409;-1.12632;
-27.2857;1.02988;-23.8166;-2.07164;-1.10944;
-27.2016;0.84122;-24.014;-1.97382;-1.16792;
-27.1208;0.808034;-24.1941;-1.80127;-1.14911;
-27.0375;0.832686;-24.3655;-1.71382;-1.11852;
-26.9511;0.864164;-24.5551;-1.89565;-1.14307;
-26.8896;0.614801;-24.7347;-1.79618;-1.24101;
-26.8314;0.582351;-24.9169;-1.82208;-1.26145;
-26.7641;0.673074;-25.1122;-1.95311;-1.23893;
-26.7003;0.637693;-25.3018;-1.89576;-1.24631;
-26.6337;0.666561;-25.4835;-1.81743;-1.21927;
-26.5588;0.748619;-25.6585;-1.74943;-1.16645;
-26.4717;0.870625;-25.8405;-1.81997;-1.1246;
-26.3462;1.25495;-25.9947;-1.54214;-0.887714;
-26.2316;1.14677;-26.1596;-1.64917;-0.96319;
-26.1285;1.03032;-26.3159;-1.56332;-0.988079;
-26.024;1.04485;-26.4848;-1.68918;-1.01684;
-25.9176;1.06432;-26.6553;-1.70422;-1.01254;
-25.8128;1.04831;-26.8214;-1.6609;-1.00777;
-25.7147;0.980571;-26.9898;-1.6843;-1.04358;
-25.6099;1.04876;-27.1658;-1.76038;-1.0335;
-25.5085;1.01335;-27.3435;-1.77718;-1.05257;
-25.4087;0.997676;-27.5228;-1.79232;-1.06287;
-25.3115;0.972168;-27.6977;-1.74898;-1.06347;
-25.2028;1.08725;-27.8804;-1.82736;-1.03407;
-25.1028;0.999655;-28.0426;-1.62235;-1.01857;
-24.9946;1.08286;-28.2035;-1.60836;-0.978237;
-24.8835;1.111;-28.3655;-1.62008;-0.969685;
-24.755;1.28484;-28.5277;-1.62216;-0.900917;
-24.6263;1.28711;-28.659;-1.31269;-0.795237;
-24.4754;1.50896;-28.7936;-1.34682;-0.728684;
-24.3177;1.57682;-28.9256;-1.31995;-0.696957;
-24.1512;1.66449;-29.0421;-1.16409;-0.610299;
-23.987;1.64283;-29.156;-1.13965;-0.606494;
-23.8213;1.65622;-29.2668;-1.10803;-0.589626;
-23.6353;1.85993;-29.3846;-1.17736;-0.564341;
-23.4815;1.53861;-29.4809;-0.963043;-0.559259;
-23.3453;1.3613;-29.5861;-1.05281;-0.658303;
-23.1964;1.4897;-29.7258;-1.39693;-0.753273;
-23.0546;1.41736;-29.8538;-1.28;-0.734519;
-22.9076;1.47045;-29.9921;-1.38247;-0.754569;

-22.7625;1.45072;29.8715;-1.36406;-0.754619;
-22.622;1.40478;29.7385;-1.32985;-0.758005;
-22.4774;1.44607;29.5952;-1.43288;-0.780814;
-22.3338;1.43599;29.454;-1.4123;-0.777083;
-22.1901;1.43726;29.3105;-1.43518;-0.784674;
-22.0799;1.10189;29.1724;-1.3806;-0.897201;
-21.9522;1.27738;29.0133;-1.59166;-0.894504;
-21.8223;1.29851;28.8613;-1.5195;-0.863659;
-21.6975;1.24822;28.698;-1.63316;-0.918209;
-21.5826;1.14869;28.5386;-1.59365;-0.946251;
-21.4534;1.29252;28.3707;-1.67914;-0.914776;
-21.321;1.32383;28.2298;-1.40874;-0.816462;
-21.1839;1.37125;28.0824;-1.47477;-0.821758;
-21.0349;1.49029;27.9392;-1.4313;-0.765209;
-20.9001;1.34743;27.785;-1.54195;-0.852619;
-20.7526;1.47562;27.6356;-1.49462;-0.791797;
-20.6092;1.43311;27.4995;-1.36072;-0.759493;
-20.4638;1.45436;27.3615;-1.37969;-0.759055;
-20.3006;1.63181;27.2483;-1.13262;-0.606748;
-20.1409;1.59679;27.1216;-1.26649;-0.670547;
-19.9729;1.68003;26.9994;-1.22222;-0.628946;
-19.8097;1.63224;26.8864;-1.1305;-0.605746;
-19.6663;1.43451;26.7631;-1.23285;-0.709938;
-19.5147;1.51556;26.6337;-1.29348;-0.706503;
-19.3682;1.46538;26.5234;-1.10298;-0.645221;
-19.2323;1.35907;26.41;-1.13421;-0.695454;
-19.0785;1.53723;26.2818;-1.28176;-0.69502;
-18.937;1.41561;26.1602;-1.21614;-0.709747;
-18.8133;1.23681;26.0339;-1.26307;-0.795904;
-18.6722;1.4114;25.8844;-1.49496;-0.814142;
-18.5387;1.33442;25.7516;-1.32774;-0.782892;
-18.401;1.37734;25.6154;-1.36255;-0.780001;
-18.2583;1.42708;25.4732;-1.42228;-0.783714;
-18.0975;1.60801;25.3413;-1.31845;-0.686774;
-17.9579;1.39593;25.2198;-1.21514;-0.716271;
-17.8028;1.55061;25.093;-1.26815;-0.685522;
-17.6533;1.49527;24.9655;-1.27509;-0.706088;
-17.5124;1.40897;24.8424;-1.23051;-0.717888;
-17.3648;1.47618;24.7039;-1.38541;-0.753691;
-17.2156;1.49205;24.5659;-1.38021;-0.746481;
-17.0629;1.52679;24.4325;-1.33312;-0.717784;
-16.9222;1.40695;24.3101;-1.22452;-0.716182;
-16.7758;1.46355;24.1782;-1.31857;-0.733335;
-16.6269;1.4892;24.0447;-1.33526;-0.730951;
-16.4785;1.48396;23.911;-1.33688;-0.733306;
-16.3262;1.52331;23.7764;-1.34656;-0.723889;
-16.1656;1.60609;23.6415;-1.34883;-0.698555;
-16.0154;1.50206;23.5003;-1.41206;-0.754525;
-15.8796;1.35764;23.3712;-1.29058;-0.760081;
-15.7296;1.49983;23.2406;-1.30653;-0.716627;
-15.5798;1.49852;23.1032;-1.3733;-0.741824;
-15.4404;1.39405;22.9802;-1.23002;-0.722972;
-15.2956;1.44819;22.8558;-1.24397;-0.709686;
-15.1485;1.47101;22.7451;-1.10724;-0.645228;
-14.9881;1.60399;22.6233;-1.21801;-0.649465;
-14.805;1.83103;22.4856;-1.37718;-0.644866;
-14.6469;1.58017;22.3705;-1.15077;-0.629439;
-14.4991;1.47808;22.2834;-0.870904;-0.532451;
-14.3225;1.76603;22.1693;-1.14157;-0.573844;
-14.1775;1.45002;22.0591;-1.10125;-0.649535;
-14.0161;1.61461;21.938;-1.21146;-0.643699;
-13.8443;1.71737;21.8025;-1.35458;-0.667845;
-13.6815;1.62859;21.674;-1.28569;-0.668275;
-13.5259;1.55586;21.5447;-1.29255;-0.693217;
-13.3698;1.56052;21.4126;-1.32122;-0.702548;
-13.2181;1.51723;21.2835;-1.29079;-0.704929;
-13.0705;1.47577;21.1432;-1.40302;-0.760134;
-12.9284;1.4211;21.0098;-1.33453;-0.753994;
-12.7841;1.44293;20.8766;-1.33189;-0.7454;
-12.6346;1.49534;20.7375;-1.39049;-0.749082;
-12.4886;1.46026;20.6044;-1.33078;-0.739042;
-12.3342;1.54384;20.4543;-1.50113;-0.771375;
-12.1907;1.43457;20.315;-1.3937;-0.770946;
-12.0762;1.14512;20.1516;-1.63374;-0.959454;
-11.9643;1.11956;19.9864;-1.65214;-0.975233;
-11.8514;1.12876;19.8155;-1.70909;-0.987114;
-11.7413;1.10043;19.6447;-1.70803;-0.998458;
-11.6327;1.08626;19.4725;-1.7217;-1.00795;
-11.5278;1.04903;19.3043;-1.68202;-1.01315;
-11.4242;1.03613;19.1326;-1.71724;-1.0279;
-11.3167;1.07508;18.9619;-1.70621;-1.00854;
-11.1954;1.21246;18.7875;-1.74453;-0.96343;
-11.0898;1.05669;18.6299;-1.57584;-0.980104;
-10.9757;1.14048;18.4591;-1.70822;-0.98212;
-10.8551;1.2067;18.2825;-1.76567;-0.971285;
-10.7567;0.983354;18.1051;-1.77433;-1.06472;
-10.6594;0.972948;17.9203;-1.84796;-1.08618;
-10.5501;1.09278;17.7034;-2.16887;-1.10408;
-10.4819;0.682321;17.5193;-1.84127;-1.21591;
-10.4302;0.517464;17.3339;-1.85399;-1.29861;
-10.3771;0.530616;17.1391;-1.94785;-1.30484;
-10.327;0.501281;16.9477;-1.91434;-1.31469;
-10.2905;0.364401;16.746;-2.01702;-1.39206;
-10.2499;0.406511;16.5616;-1.84372;-1.35378;
-10.1954;0.545278;16.3762;-1.85337;-1.28466;
-10.1464;0.489845;16.1846;-1.91611;-1.32051;
-10.1047;0.416657;15.9989;-1.85767;-1.35016;
-10.0596;0.45073;15.8048;-1.94055;-1.34257;
-10.0185;0.411097;15.6177;-1.87099;-1.35451;
-9.97846;0.400734;15.4241;-1.93647;-1.36674;
-9.92956;0.488952;15.2281;-1.95957;-1.32627;
-9.88506;0.445033;15.0353;-1.92813;-1.34396;
-9.83775;0.473102;14.8366;-1.98676;-1.33702;
-9.79233;0.454188;14.6381;-1.98536;-1.3459;
-9.74745;0.448797;14.4434;-1.94657;-1.3442;
-9.70918;0.382639;14.2296;-2.13831;-1.39373;
-9.66627;0.429178;14.0358;-1.93804;-1.35286;
-9.62626;0.400021;13.8453;-1.90514;-1.36383;
-9.58378;0.424864;13.6467;-1.98627;-1.36007;
-9.54191;0.418714;13.4502;-1.96453;-1.3608;
-9.52501;0.168952;13.2488;-2.01357;-1.48709;
-9.50714;0.178707;13.04;-2.08803;-1.48542;
-9.47075;0.363946;12.8538;-1.86243;-1.37781;
-9.44721;0.235325;12.6662;-1.87618;-1.44602;
-9.41924;0.27969;12.4569;-2.0928;-1.43794;
-9.38681;0.32435;12.265;-1.91863;-1.40333;
-9.34147;0.453437;12.0819;-1.83144;-1.32809;
-9.31131;0.301595;11.8937;-1.88217;-1.41191;
-9.28036;0.309425;11.6977;-1.95977;-1.4142;
-9.24382;0.365478;11.4958;-2.01869;-1.39169;
-9.20687;0.369502;11.2875;-2.08286;-1.39522;
-9.16176;0.451089;11.1007;-1.86803;-1.33385;
-9.11397;0.477851;10.8929;-2.0789;-1.34486;
-9.07058;0.433915;10.6997;-1.93154;-1.34982;
-9.03488;0.356997;10.4656;-2.34113;-1.41947;
-9.00449;0.303953;10.2707;-1.9493;-1.41611;
-8.97554;0.289422;10.0838;-1.86862;-1.41713;
-8.97038;0.0516736;9.88954;-1.94249;-1.5442;
-8.96005;0.10326;9.713;-1.76547;-1.51237;
-8.95073;0.0931759;9.5213;-1.91701;-1.52223;
-8.97517;-0.244386;9.32395;-1.9735;-1.694;
-9.00813;-0.329622;9.13173;-1.92221;-1.74063;
-9.04271;-0.345769;8.93906;-1.92664;-1.74837;
-9.07928;-0.365661;8.74364;-1.95424;-1.75577;
-9.11894;-0.396645;8.5504;-1.93238;-1.77325;
-9.13759;-0.186471;8.35316;-1.9724;-1.66506;
-9.12141;0.161728;8.1516;-2.01558;-1.49073;
-9.10404;0.17373;7.95089;-2.00709;-1.48445;
-9.0873;0.167401;7.75097;-1.99928;-1.48726;
-9.06549;0.218065;7.5504;-2.00568;-1.4625;
-9.04245;0.230439;7.33931;-2.11083;-1.46206;
-9.0242;0.182509;7.11803;-2.21288;-1.48851;
-8.98323;0.409711;6.92486;-1.93162;-1.36179;
-8.95372;0.295069;6.70737;-2.17498;-1.43595;
-8.92422;0.295002;6.50812;-1.99245;-1.4238;
-8.89403;0.301914;6.30939;-1.9873;-1.42003;
-8.86335;0.30681;6.11451;-1.94882;-1.41464;
-8.81841;0.449442;5.91119;-2.03324;-1.35325;
-8.77215;0.462562;5.69363;-2.17553;-1.3613;
-8.76241;0.0973652;5.50858;-1.85054;-1.51823;
-8.75518;0.0723629;5.30929;-1.99287;-1.5345;
-8.75671;-0.0152905;5.10922;-2.00074;-1.57844;
-8.75693;-0.00221283;4.87859;-2.30626;-1.57176;
-8.74797;0.0896157;4.67814;-2.00453;-1.52612;
-8.7532;-0.0523449;4.4946;-1.8354;-1.59931;
-8.75511;-0.0190674;4.2888;-2.05798;-1.58006;
-8.75024;0.0486468;4.09535;-1.93454;-1.54566;
-8.74649;0.0375059;3.89207;-2.03279;-1.55235;
-8.7422;0.042871;3.67795;-2.14117;-1.55078;
-8.71909;0.231135;3.48178;-1.9617;-1.45351;
-8.68026;0.388257;3.27603;-2.0575;-1.38429;
-8.64982;0.304486;3.07674;-1.99288;-1.41918;
-8.60307;0.467459;2.88795;-1.88789;-1.32807;
-8.54938;0.536875;2.69734;-1.90611;-1.29625;
-8.48801;0.613695;2.51259;-1.84755;-1.2501;
-8.41344;0.745711;2.32381;-1.88774;-1.19458;
-8.33472;0.787179;2.12775;-1.96061;-1.189;
-8.25404;0.806806;1.94967;-1.78082;-1.14541;
-8.17282;0.812281;1.783;-1.66664;-1.1173;
-8.08799;0.84829;1.59455;-1.88457;-1.14784;
-8.00914;0.788478;1.41815;-1.76402;-1.15046;
-7.89434;1.14799;1.23775;-1.80397;-1.00406;
-7.80021;0.941296;1.05093;-1.86815;-1.10406;
-7.7331;0.671135;0.90316;-1.47775;-1.14449;
-7.64422;0.888731;0.750555;-1.52605;-1.04344;
-7.53257;1.11651;0.576986;-1.73569;-0.999169;
-7.41973;1.12843;0.407618;-1.69368;-0.983076;
-7.31095;1.08784;0.242075;-1.65543;-0.989424;
-7.20262;1.08322;0.0756217;-1.66453;-0.993884;
-7.08911;1.13515;-0.101692;-1.77314;-1.00134;
-6.99592;0.931928;-0.268183;-1.66491;-1.0605;
-6.8953;1.00618;-0.451444;-1.83261;-1.06869;
-6.77789;1.17412;-0.654323;-2.02879;-1.04616;
-6.68386;0.94029;-0.828255;-1.73932;-1.07519;
-6.58474;0.991223;-1.01832;-1.90061;-1.09007;
-6.47329;1.11443;-1.20885;-1.90535;-1.04156;
-6.37062;1.02672;-1.38483;-1.75983;-1.04266;
-6.27842;0.92201;-1.55449;-1.69658;-1.07299;
-6.17406;1.04362;-1.71909;-1.64594;-1.00571;
-6.06053;1.13532;-1.89057;-1.71488;-0.986004;
-5.94063;1.19896;-2.05286;-1.62287;-0.934509;
-5.82558;1.15049;-2.21759;-1.6473;-0.96114;
-5.71344;1.12141;-2.39139;-1.73801;-0.997785;
-5.60685;1.06589;-2.54747;-1.56081;-0.971632;
-5.48787;1.18984;-2.70639;-1.58917;-0.928114;
-5.36813;1.19732;-2.86624;-1.59852;-0.927924;
-5.25921;1.08927;-3.02961;-1.63366;-0.982724;
-5.14775;1.11457;-3.19577;-1.66164;-0.979963;
-5.02932;1.18427;-3.35608;-1.60307;-0.934534;
-4.90409;1.25234;-3.5184;-1.62321;-0.913664;
-4.77334;1.30753;-3.67876;-1.60359;-0.88675;
-4.6466;1.26742;-3.83068;-1.51923;-0.875516;
-4.52017;1.26425;-3.98586;-1.5518;-0.887155;
-4.3875;1.32668;-4.14448;-1.58623;-0.874269;
-4.25596;1.31542;-4.29649;-1.52006;-0.857445;
-4.13037;1.25593;-4.45959;-1.63097;-0.914588;
-4.01051;1.19858;-4.62549;-1.65903;-0.945158;
-3.90291;1.07603;-4.79354;-1.68046;-1.00126;
-3.79307;1.09834;-4.95335;-1.59815;-0.968674;
-3.68491;1.08167;-5.11567;-1.62323;-0.983;
-3.56787;1.17035;-5.26401;-1.48333;-0.902798;
-3.4438;1.24067;-5.41539;-1.51382;-0.88424;
-3.3078;1.36;-5.56675;-1.51362;-0.838807;
-3.17928;1.28524;-5.71691;-1.50159;-0.862874;
-3.02778;1.515;-5.88149;-1.6458;-0.826758;
-2.89281;1.34968;-6.02862;-1.4713;-0.828485;
-2.75774;1.3507;-6.17611;-1.47488;-0.829318;
-2.63521;1.22533;-6.31697;-1.40864;-0.854878;
-2.49981;1.35401;-6.46902;-1.52044;-0.843234;
-2.36952;1.30287;-6.62463;-1.5561;-0.873742;
-2.24098;1.2854;-6.77749;-1.52861;-0.871615;
-2.11688;1.24101;-6.9468;-1.69311;-0.938281;
-1.98719;1.29696;-7.11074;-1.63939;-0.901491;
-1.85;1.37189;-7.24711;-1.36372;-0.782414;
-1.73083;1.19167;-7.39175;-1.44639;-0.881654;
-1.6268;1.04032;-7.54251;-1.50764;-0.966794;
-1.52083;1.05974;-7.70621;-1.63695;-0.996261;
-1.41237;1.0846;-7.8793;-1.73093;-1.01105;
-1.30467;1.07695;-8.05133;-1.72033;-1.01147;
-1.20439;1.0028;-8.23198;-1.80645;-1.06403;
-1.10738;0.970078;-8.40663;-1.74655;-1.0638;
-1.02159;0.857932;-8.58187;-1.75239;-1.11552;
-0.934138;0.874519;-8.77285;-1.9098;-1.14138;
-0.838371;0.957664;-8.94793;-1.75079;-1.07027;
-0.744037;0.943347;-9.13619;-1.8826;-1.10628;
-0.629422;1.14615;-9.31595;-1.79756;-1.00318;
-0.533082;0.963397;-9.4918;-1.75855;-1.06962;
-0.440799;0.922832;-9.67098;-1.7918;-1.0952;
-0.358267;0.825315;-9.85623;-1.85249;-1.15168;
-0.281623;0.766442;-10.0371;-1.80834;-1.16991;
-0.194922;0.867014;-10.2261;-1.89032;-1.14076;
-0.0969318;0.979898;-10.4006;-1.7451;-1.05916;
0.005378;1.0231;-10.584;-1.83446;-1.06205;
0.113404;1.08026;-10.7584;-1.74398;-1.01622;
0.215294;1.0189;-10.9276;-1.69148;-1.02863;
0.316519;1.01225;-11.1011;-1.73527;-1.04272;
0.420251;1.03732;-11.2627;-1.61581;-1.00008;
0.526754;1.06503;-11.437;-1.74292;-1.02228;
0.636967;1.10213;-11.6038;-1.66787;-0.986867;
0.747498;1.10531;-11.7701;-1.66307;-0.984209;
0.861794;1.14296;-11.9225;-1.52421;-0.92738;
0.981051;1.19257;-12.0794;-1.56854;-0.92073;
1.11734;1.3629;-12.2318;-1.52477;-0.841394;
1.23976;1.22421;-12.3847;-1.52827;-0.89542;
1.36716;1.27399;-12.5431;-1.58472;-0.893669;
1.49951;1.32352;-12.6972;-1.54079;-0.861105;
1.62185;1.22337;-12.8455;-1.48265;-0.880924;
1.74109;1.19244;-13.009;-1.63551;-0.940811;
1.86178;1.20691;-13.1812;-1.72147;-0.959338;
1.99655;1.34762;-13.347;-1.65841;-0.888421;
2.12302;1.26478;-13.5049;-1.57836;-0.895247;
2.24772;1.247;-13.6971;-1.92213;-0.995296;
2.3565;1.08779;-13.8638;-1.66687;-0.992601;
2.46536;1.08858;-14.0301;-1.66333;-0.991294;
2.58785;1.22486;-14.1903;-1.60227;-0.918111;
2.71366;1.25817;-14.3331;-1.42809;-0.84857;
2.82248;1.08813;-14.4988;-1.65656;-0.989615;
2.94344;1.20961;-14.6702;-1.7146;-0.956404;
3.05981;1.16375;-14.8415;-1.71289;-0.974025;
3.1833;1.23485;-14.9723;-1.30783;-0.814091;
3.32049;1.37189;-15.1461;-1.73826;-0.902653;
3.44975;1.29266;-15.2984;-1.52308;-0.867049;
3.58899;1.39234;-15.4429;-1.4442;-0.803681;
3.72424;1.35249;-15.6036;-1.6069;-0.871152;
3.85042;1.26188;-15.7558;-1.52262;-0.878767;
3.99107;1.40645;-15.9174;-1.61623;-0.854689;
4.12238;1.31308;-16.0683;-1.50866;-0.8546;
4.24254;1.20162;-16.2209;-1.52582;-0.903709;
4.34644;1.03902;-16.3897;-1.68827;-1.0191;
4.44995;1.03509;-16.5657;-1.75945;-1.03902;
4.56448;1.14532;-16.7449;-1.7923;-1.00218;
4.67491;1.1043;-16.9128;-1.67906;-0.989032;
4.78909;1.14175;-17.075;-1.62207;-0.957467;
4.91195;1.22866;-17.2391;-1.64085;-0.928068;
5.0473;1.35341;-17.3824;-1.43283;-0.813893;
5.1875;1.40209;-17.5413;-1.5896;-0.847994;
5.31079;1.23283;-17.6959;-1.54605;-0.897641;
5.42062;1.09828;-17.8528;-1.56826;-0.959858;
5.53062;1.10008;-18.0113;-1.585;-0.964069;
5.65721;1.26588;-18.1776;-1.66337;-0.92027;
5.78382;1.26605;-18.3038;-1.26197;-0.783784;
5.92343;1.39614;-18.4518;-1.48022;-0.814624;
6.05706;1.33635;-18.5965;-1.44705;-0.825146;
6.19707;1.40006;-18.7502;-1.53711;-0.832023;
6.33186;1.3479;-18.8998;-1.49524;-0.837175;
6.46408;1.32218;-19.0554;-1.55632;-0.866563;
6.58097;1.16894;-19.2012;-1.45785;-0.894942;
6.71249;1.3152;-19.3693;-1.68097;-0.906875;
6.8468;1.34302;-19.5231;-1.53856;-0.853153;
6.97809;1.313;-19.6728;-1.49695;-0.850769;
7.11135;1.33258;-19.8363;-1.63453;-0.886815;
7.25239;1.41034;-19.9921;-1.55782;-0.835042;
7.38612;1.33735;-20.1503;-1.58221;-0.86907;
7.51579;1.29671;-20.2877;-1.37441;-0.81448;
7.6412;1.25406;-20.4406;-1.52852;-0.883716;
7.76759;1.26388;-20.5953;-1.547;-0.885782;
7.86132;0.937312;-20.7682;-1.72943;-1.07413;
7.93341;0.720876;-20.9433;-1.75085;-1.18022;
8.02548;0.920743;-21.1268;-1.83448;-1.10562;
8.10982;0.843425;-21.2892;-1.62448;-1.09191;
8.19713;0.873022;-21.4492;-1.6001;-1.07133;
8.29712;0.999983;-21.6289;-1.79648;-1.06287;
8.39392;0.967958;-21.8042;-1.75322;-1.06634;
8.48853;0.946136;-21.9768;-1.72593;-1.06934;
8.58107;0.925387;-22.1534;-1.76678;-1.08831;
8.66527;0.842023;-22.3359;-1.82497;-1.13851;
8.76578;1.00505;-22.5155;-1.79573;-1.06055;
8.87694;1.11166;-22.6889;-1.73332;-1.00053;
9.00437;1.27426;-22.8849;-1.96092;-0.994541;
9.09997;0.955995;-23.0356;-1.50621;-1.00525;
9.21356;1.13587;-23.1908;-1.55205;-0.939013;
9.33086;1.17307;-23.3397;-1.4895;-0.903689;
9.47713;1.46263;-23.4838;-1.4407;-0.777844;
9.63373;1.56607;-23.6439;-1.60098;-0.796422;
9.76912;1.35386;-23.8297;-1.85819;-0.941137;
9.8543;0.851849;-24.007;-1.77268;-1.12284;
9.93762;0.833175;-24.2116;-2.04668;-1.1842;
10.0112;0.735536;-24.4003;-1.88654;-1.19904;
10.081;0.698199;-24.5852;-1.84872;-1.20969;
10.1599;0.78879;-24.7815;-1.96336;-1.18878;
10.2317;0.718564;-24.9634;-1.81935;-1.19465;
10.3148;0.830246;-25.124;-1.6054;-1.09352;
10.4054;0.906913;-25.3048;-1.80826;-1.10592;
10.4974;0.919277;-25.4703;-1.65468;-1.06369;
10.6021;1.04703;-25.6424;-1.72093;-1.02422;
10.7057;1.03587;-25.807;-1.64636;-1.00919;
10.8126;1.06916;-25.9836;-1.76559;-1.0263;
10.9092;0.966076;-26.1451;-1.61521;-1.03177;
11.0165;1.07348;-26.3161;-1.71005;-1.01022;
11.1156;0.991096;-26.4999;-1.83786;-1.07623;
11.2044;0.887979;-26.6691;-1.69201;-1.0875;
11.2966;0.921598;-26.8401;-1.71;-1.07648;
11.4012;1.04553;-27.0204;-1.80338;-1.04539;
11.4995;0.983148;-27.2043;-1.83911;-1.07987;
11.6011;1.01636;-27.3906;-1.8632;-1.07142;
11.6773;0.76169;-27.5698;-1.79167;-1.16882;
11.7418;0.645402;-27.7562;-1.86407;-1.23748;
11.8073;0.655077;-27.9452;-1.89021;-1.23719;
11.8768;0.694276;-28.1285;-1.83253;-1.20864;
11.9336;0.568642;-28.3337;-2.05202;-1.30047;
11.9873;0.537105;-28.5259;-1.92185;-1.29828;
12.0292;0.41837;-28.7094;-1.83547;-1.34669;
12.0649;0.357427;-28.9028;-1.93392;-1.38804;
12.1098;0.449379;-29.0895;-1.86665;-1.33455;
12.1551;0.452164;-29.283;-1.93523;-1.34126;
12.2002;0.450911;-29.4769;-1.93915;-1.34233;
12.2471;0.469252;-29.681;-2.04059;-1.34477;
12.3086;0.615024;-29.8724;-1.91407;-1.2599;

12.365;0.564634;29.9283;-1.99299;-1.29472;
12.4087;0.436499;29.7394;-1.8889;-1.3437;
12.4559;0.472183;29.5443;-1.95112;-1.33335;
12.5231;0.671888;29.3414;-2.02962;-1.25111;
12.5866;0.634592;29.1476;-1.93713;-1.25422;
12.6577;0.711816;28.9546;-1.93071;-1.21758;
12.7206;0.628849;28.7691;-1.85455;-1.24388;
12.7892;0.685307;28.574;-1.9516;-1.2331;
12.8541;0.649717;28.3844;-1.89532;-1.24055;
12.9055;0.513429;28.2113;-1.73142;-1.28252;
12.9744;0.68917;28.0204;-1.90896;-1.22434;
13.0406;0.661948;27.8324;-1.87992;-1.23224;
13.1199;0.793301;27.604;-2.28354;-1.23644;
13.1891;0.692374;27.4113;-1.92702;-1.22586;
13.229;0.39876;27.2225;-1.88855;-1.36271;
13.2636;0.346079;27.0192;-2.03234;-1.40213;
13.2939;0.302986;26.819;-2.00255;-1.42064;
13.3311;0.371741;26.6227;-1.96258;-1.3836;
13.3706;0.39465;26.427;-1.95745;-1.37185;
13.4149;0.442999;26.2382;-1.88796;-1.34032;
13.4517;0.368659;26.0444;-1.93805;-1.38282;
13.4824;0.306988;25.8465;-1.97906;-1.41691;
13.5072;0.248073;25.6477;-1.98787;-1.44664;
13.5232;0.159598;25.4591;-1.88615;-1.48638;
13.527;0.0379809;25.2586;-2.00525;-1.55186;
13.5384;0.11408;25.0564;-2.02115;-1.51441;
13.5563;0.178574;24.8823;-1.7413;-1.4686;
13.5809;0.246274;24.6704;-2.11946;-1.45512;
13.6035;0.226224;24.4625;-2.07824;-1.46237;
13.6321;0.285824;24.2636;-1.98918;-1.42808;
13.6593;0.271748;24.0781;-1.85567;-1.42539;
13.6675;0.0825545;23.8631;-2.14909;-1.5324;
13.6722;0.046677;23.6627;-2.00457;-1.54752;
13.6738;0.015605;23.4673;-1.95408;-1.56281;
13.6722;-0.0156315;23.2608;-2.06437;-1.57837;
13.6658;-0.0640436;23.0487;-2.12138;-1.60098;
13.6637;-0.0212893;22.8423;-2.06417;-1.58111;
13.6261;-0.375125;22.6287;-2.13591;-1.74465;
13.5918;-0.34315;22.431;-1.97668;-1.74268;
13.5623;-0.295558;22.2373;-1.93695;-1.72222;
13.5279;-0.344233;22.0426;-1.94757;-1.74574;
13.494;-0.338508;21.8441;-1.98497;-1.73971;
13.4646;-0.294164;21.6416;-2.02459;-1.71508;
13.4341;-0.304505;21.4348;-2.06775;-1.71701;
13.4054;-0.287025;21.2383;-1.96573;-1.71579;
13.3912;-0.14191;21.037;-2.01294;-1.64118;
13.3786;-0.126343;20.8121;-2.24875;-1.62692;
13.3569;-0.216755;20.6043;-2.0779;-1.67473;
13.3591;0.0214114;20.3924;-2.11927;-1.56069;
13.3611;0.0203313;20.194;-1.984;-1.56055;
13.3863;0.252388;19.9878;-2.06203;-1.449;
13.4155;0.291466;19.7828;-2.04979;-1.42955;
13.4317;0.162412;19.6169;-1.65939;-1.47323;
13.4435;0.117414;19.4223;-1.94571;-1.51052;
13.4601;0.166718;19.2209;-2.01427;-1.48822;
13.4767;0.16573;19.0211;-1.99756;-1.48802;
13.4608;-0.159111;18.7996;-2.21488;-1.64251;
13.4587;-0.0214222;18.6025;-1.97151;-1.58166;
13.4548;-0.0383468;18.4055;-1.96947;-1.59026;
13.4496;-0.0523806;18.2073;-1.98269;-1.59721;
13.4427;-0.0689182;18.0112;-1.96073;-1.60593;
13.4366;-0.0607181;17.8102;-2.00946;-1.601;
13.4125;-0.241655;17.6154;-1.94801;-1.69422;
13.3892;-0.232464;17.4246;-1.90808;-1.69203;
13.3598;-0.294658;17.23;-1.94644;-1.72104;
13.3358;-0.239846;17.0325;-1.97468;-1.69166;
13.3166;-0.192047;16.8326;-1.99912;-1.66657;
13.3039;-0.127005;16.6478;-1.84774;-1.63942;
13.2873;-0.16542;16.4268;-2.2106;-1.64549;
13.2637;-0.235988;16.2151;-2.11639;-1.68184;
13.2405;-0.232222;16.0484;-1.66743;-1.70918;
13.2114;-0.291187;15.8588;-1.89559;-1.72322;
13.1928;-0.185603;15.6634;-1.95446;-1.66548;
13.1727;-0.20122;15.4628;-2.00586;-1.67078;
13.151;-0.217352;15.2741;-1.88722;-1.68546;
13.1409;-0.101088;15.0675;-2.06568;-1.61969;
13.1433;0.0246419;14.8537;-2.1382;-1.55927;
13.1546;0.113062;14.6488;-2.04848;-1.51566;
13.1731;0.185217;14.448;-2.00826;-1.47883;
13.1861;0.129475;14.2314;-2.1658;-1.51109;
13.2039;0.178229;13.9967;-2.34707;-1.495;
13.2122;0.0824656;13.7998;-1.96976;-1.52895;
13.2207;0.0856366;13.5981;-2.01642;-1.52835;
13.2258;0.0505689;13.4043;-1.93786;-1.54471;
13.2473;0.214979;13.2205;-1.8379;-1.45436;
13.2723;0.250539;13.0258;-1.94711;-1.44283;
13.3081;0.357694;12.8264;-1.99396;-1.39329;
13.344;0.358502;12.631;-1.9539;-1.38933;
13.391;0.4706;12.4361;-1.94932;-1.33391;
13.4365;0.455224;12.2428;-1.93312;-1.33952;
13.4889;0.523544;12.0425;-2.00288;-1.31512;
13.537;0.48148;11.8432;-1.99281;-1.33373;
13.5821;0.450959;11.6272;-2.16061;-1.36503;
13.6307;0.485725;11.4487;-1.78512;-1.30513;
13.6919;0.611491;11.274;-1.74649;-1.23401;
13.7571;0.652017;11.0878;-1.8619;-1.23395;
13.826;0.688966;10.9043;-1.83538;-1.21169;
13.9054;0.794185;10.7156;-1.88652;-1.17234;
13.9864;0.810238;10.5254;-1.90183;-1.16805;
14.072;0.856361;10.3433;-1.82099;-1.13121;
14.1568;0.84769;10.1633;-1.80012;-1.13069;
14.2448;0.880139;9.99622;-1.67114;-1.08604;
14.3415;0.966523;9.81635;-1.7987;-1.07772;
14.4527;1.11276;9.6317;-1.84648;-1.02844;
14.5553;1.02521;9.45956;-1.72135;-1.03363;
14.6575;1.02252;9.2847;-1.74861;-1.04166;
14.7574;0.999099;9.1262;-1.58501;-1.00837;
14.8347;0.773075;8.97525;-1.50951;-1.09749;
14.9438;1.09096;8.79709;-1.78163;-1.02135;
15.0466;1.02817;8.62517;-1.7192;-1.03181;
15.1565;1.09802;8.45065;-1.74511;-1.00919;
15.239;0.825025;8.27657;-1.74086;-1.12823;
15.3219;0.829517;8.07956;-1.97008;-1.17227;
15.3974;0.754517;7.90851;-1.71052;-1.15537;
15.4743;0.769026;7.72242;-1.8609;-1.17892;
15.5669;0.926732;7.52877;-1.93651;-1.12445;
15.6507;0.837723;7.33622;-1.92546;-1.16042;
15.7283;0.776311;7.15477;-1.81457;-1.16654;
15.7988;0.705123;6.95764;-1.97122;-1.22727;
15.8598;0.609425;6.77636;-1.81283;-1.24649;
15.9179;0.58092;6.56475;-2.1161;-1.30287;
16.0029;0.849872;6.38103;-1.8372;-1.13752;
16.0914;0.885673;6.21053;-1.70499;-1.0917;
16.1811;0.896508;6.03492;-1.75614;-1.09878;
16.2728;0.916987;5.8508;-1.84117;-1.10871;
16.3659;0.930928;5.66548;-1.85318;-1.10528;
16.4598;0.939618;5.4823;-1.83182;-1.09685;
16.5325;0.726143;5.28593;-1.96371;-1.21661;
16.5828;0.503527;5.09352;-1.92412;-1.31484;
16.6177;0.34906;4.89651;-1.97013;-1.39544;
16.6704;0.526535;4.69957;-1.9694;-1.30955;
16.7128;0.424603;4.51424;-1.85322;-1.34557;
16.7537;0.408751;4.31639;-1.97854;-1.36707;
16.805;0.513449;4.10305;-2.13337;-1.33461;
16.8459;0.408044;3.89852;-2.04531;-1.37388;
16.8959;0.499996;3.69013;-2.0839;-1.33532;
16.9394;0.43533;3.48715;-2.02982;-1.35953;
16.9774;0.380117;3.29177;-1.95379;-1.37864;
17.0111;0.33684;3.10411;-1.87656;-1.39319;
17.0327;0.215871;2.921;-1.83116;-1.45345;
17.0478;0.151716;2.72859;-1.92412;-1.49211;
17.0465;-0.0133227;2.52405;-2.04536;-1.57731;
17.0684;0.218795;2.31944;-2.04607;-1.46427;
17.0981;0.297499;2.10841;-2.11033;-1.43075;
17.1321;0.33959;1.91417;-1.94239;-1.39771;
17.1602;0.281201;1.71599;-1.98182;-1.42985;
17.1853;0.250636;1.5031;-2.12891;-1.45361;
17.2084;0.23072;1.33303;-1.70064;-1.43595;
17.2303;0.219691;1.14542;-1.87619;-1.45423;
17.2762;0.45926;0.950625;-1.94791;-1.33925;
17.3234;0.471929;0.755997;-1.94628;-1.33291;
17.3733;0.498221;0.552607;-2.0339;-1.33057;
17.4413;0.680537;0.350342;-2.02264;-1.24623;
17.5332;0.91922;0.134493;-2.15849;-1.1682;
17.6072;0.739338;-0.0469361;-1.81429;-1.18383;
17.6843;0.77112;-0.234186;-1.8725;-1.18015;
17.7824;0.981183;-0.425065;-1.90879;-1.09598;
17.8745;0.920778;-0.595226;-1.70161;-1.0748;
17.9636;0.891445;-0.780886;-1.8566;-1.12315;
18.0542;0.905537;-0.961946;-1.8106;-1.10704;
18.176;1.21783;-1.15236;-1.90415;-1.00179;
18.2842;1.08231;-1.32284;-1.70478;-1.00513;
18.3724;0.881718;-1.4913;-1.68461;-1.08861;
18.4527;0.8033;-1.67111;-1.7981;-1.15065;
18.5397;0.869722;-1.86437;-1.93256;-1.14791;
18.6128;0.731826;-2.04052;-1.76151;-1.17704;
18.7082;0.953789;-2.22238;-1.81867;-1.08779;
18.8013;0.930565;-2.39983;-1.77443;-1.0878;
18.886;0.84691;-2.5626;-1.62776;-1.09105;
18.9721;0.861496;-2.73879;-1.76192;-1.11603;
19.0621;0.899521;-2.91997;-1.81179;-1.10997;
19.1393;0.77225;-3.10557;-1.856;-1.1765;
19.2242;0.848578;-3.29076;-1.85184;-1.14112;
19.3128;0.886198;-3.48158;-1.9082;-1.13602;
19.4018;0.890424;-3.65592;-1.74339;-1.09859;
19.4966;0.947832;-3.83375;-1.77836;-1.08111;
19.5877;0.911441;-4.013;-1.7925;-1.10039;
19.6807;0.929331;-4.212;-1.99002;-1.1339;
19.7659;0.852394;-4.40091;-1.88904;-1.14692;
19.8302;0.642841;-4.58808;-1.87169;-1.23996;
19.8976;0.67352;-4.77508;-1.87003;-1.2251;
19.9901;0.925533;-4.94363;-1.68548;-1.06863;
20.0806;0.905296;-5.11616;-1.72531;-1.08757;
20.1597;0.790666;-5.29532;-1.79163;-1.15519;
20.2414;0.816496;-5.48268;-1.87357;-1.15982;
20.3242;0.828504;-5.66637;-1.83693;-1.14709;
20.4077;0.834943;-5.85068;-1.84303;-1.14543;
20.4783;0.706223;-6.03582;-1.85143;-1.20639;
20.5495;0.711376;-6.22285;-1.87031;-1.20734;
20.6205;0.710048;-6.41301;-1.90164;-1.21344;
20.6836;0.631724;-6.62059;-2.07579;-1.27537;
20.7555;0.718657;-6.79835;-1.77756;-1.18659;
20.8285;0.73014;-6.97762;-1.79267;-1.18402;
20.9007;0.721993;-7.16241;-1.8479;-1.19832;
20.9436;0.428815;-7.38785;-2.25441;-1.38283;
20.9656;0.220364;-7.59048;-2.02628;-1.46247;
20.9907;0.25019;-7.79731;-2.06832;-1.45042;
21.0422;0.515385;-8.00596;-2.0865;-1.32863;
21.0642;0.219853;-8.19915;-1.93194;-1.45748;
21.1099;0.457173;-8.38345;-1.84296;-1.32764;
21.1543;0.444532;-8.58312;-1.99677;-1.35174;
21.1848;0.304731;-8.75656;-1.73437;-1.39687;
21.1928;0.0794987;-8.95919;-2.0263;-1.53158;
21.1772;-0.155846;-9.1489;-1.89707;-1.65276;
21.1778;0.00632709;-9.35903;-2.10136;-1.56779;
21.1746;-0.0321462;-9.56082;-2.01791;-1.58673;
21.1809;0.0633571;-9.75654;-1.95719;-1.53844;
21.1913;0.103638;-9.94959;-1.93047;-1.51716;
21.2025;0.111609;-10.1412;-1.91593;-1.51261;
21.2141;0.116152;-10.341;-1.99783;-1.51272;
21.2263;0.122095;-10.5437;-2.0277;-1.51066;
21.2383;0.120255;-10.7371;-1.9336;-1.50868;
21.2578;0.194698;-10.9208;-1.83716;-1.46521;
21.2721;0.142961;-11.1391;-2.18275;-1.50539;
21.2853;0.131969;-11.3386;-1.99525;-1.50475;
21.3068;0.215236;-11.5251;-1.86465;-1.45588;
21.3574;0.505825;-11.7292;-2.04088;-1.32785;
21.4141;0.567182;-11.9243;-1.95134;-1.28793;
21.4899;0.758397;-12.1088;-1.84468;-1.18073;
21.5768;0.868299;-12.3096;-2.00795;-1.16265;
21.6646;0.878536;-12.4877;-1.78126;-1.11259;
21.7524;0.877614;-12.6681;-1.80405;-1.11803;
21.8242;0.718084;-12.8057;-1.37613;-1.08985;
21.9189;0.947341;-12.9652;-1.59501;-1.03485;
22.0181;0.99153;-13.1314;-1.66196;-1.03288;
22.1219;1.03848;-13.294;-1.62602;-1.00243;
22.2285;1.06593;-13.4584;-1.64373;-0.99549;
22.3514;1.22869;-13.6253;-1.66885;-0.936153;
22.4866;1.35162;-13.7902;-1.64914;-0.884223;
22.6166;1.29999;-13.9489;-1.5876;-0.88467;
22.7451;1.28556;-14.1111;-1.62177;-0.900527;
22.8601;1.14946;-14.2597;-1.48603;-0.912416;
22.9718;1.11696;-14.4352;-1.75497;-1.004;
23.0747;1.02965;-14.5933;-1.58125;-0.993605;
23.1818;1.0713;-14.7667;-1.73393;-1.01736;
23.294;1.12153;-14.9437;-1.76934;-1.00585;
23.3884;0.943889;-15.09;-1.46363;-0.998019;
23.4998;1.11393;-15.2626;-1.72522;-0.997468;
23.6071;1.07349;-15.4347;-1.72113;-1.01313;
23.7193;1.12161;-15.6073;-1.72598;-0.994534;
23.8339;1.14584;-15.7549;-1.47618;-0.910727;
23.9513;1.17475;-15.8952;-1.40315;-0.873766;
24.0695;1.18163;-16.0583;-1.63129;-0.943912;
24.1883;1.18818;-16.2232;-1.64876;-0.946346;
24.3249;1.36548;-16.3961;-1.72911;-0.902366;
24.4523;1.27401;-16.5547;-1.58547;-0.893893;
24.608;1.55734;-16.7156;-1.60915;-0.801761;
24.7524;1.44418;-16.8598;-1.44224;-0.784726;
24.8812;1.28765;-16.999;-1.39176;-0.824234;
25.0168;1.35568;-17.1552;-1.56235;-0.856107;
25.1572;1.40388;-17.3065;-1.51316;-0.822842;
25.2833;1.26127;-17.4507;-1.44181;-0.852089;
25.4123;1.29041;-17.639;-1.88281;-0.969963;
25.5266;1.14285;-17.8026;-1.63593;-0.961015;
25.6453;1.18746;-17.9557;-1.53166;-0.911312;
25.7655;1.20185;-18.1154;-1.5967;-0.925563;
25.8852;1.19662;-18.2758;-1.60429;-0.929932;
26.021;1.35756;-18.4324;-1.56513;-0.856297;
26.1464;1.25439;-18.5677;-1.35315;-0.823256;
26.2696;1.23231;-18.7042;-1.36543;-0.836598;
26.4064;1.36796;-18.8574;-1.53201;-0.841907;
26.5457;1.39259;-19.0293;-1.71836;-0.889735;
26.6855;1.39801;-19.1772;-1.4792;-0.813608;
26.8343;1.48802;-19.3185;-1.41366;-0.759776;
26.9896;1.55318;-19.4609;-1.42406;-0.742055;
27.1434;1.53775;-19.6178;-1.56904;-0.795469;
27.2832;1.39806;-19.775;-1.5714;-0.843705;
27.3913;1.08108;-19.9307;-1.55687;-0.963845;
27.5006;1.09273;-20.0877;-1.57072;-0.962969;
27.6145;1.1391;-20.2448;-1.57031;-0.943228;
27.7442;1.29743;-20.408;-1.63264;-0.899305;
27.8677;1.23448;-20.5659;-1.57841;-0.907064;
27.9825;1.14875;-20.7459;-1.80017;-1.00281;
28.0756;0.930864;-20.9095;-1.63569;-1.05341;
28.1789;1.03325;-21.0878;-1.78319;-1.04563;
28.2931;1.14173;-21.2413;-1.53477;-0.931206;
28.4056;1.12476;-21.3943;-1.53066;-0.937081;
28.549;1.43446;-21.5656;-1.71246;-0.873508;
28.6693;1.20242;-21.7155;-1.49895;-0.89473;
28.7845;1.15236;-21.8706;-1.55117;-0.931856;
28.9059;1.21358;-22.0259;-1.55343;-0.907611;
29.0319;1.26001;-22.1909;-1.64982;-0.918568;
29.1545;1.22581;-22.3478;-1.56841;-0.907403;
29.2868;1.32295;-22.5095;-1.61758;-0.885262;
29.4131;1.26355;-22.6633;-1.53796;-0.883037;
29.5551;1.42041;-22.8151;-1.51799;-0.818594;
29.6759;1.20731;-22.9808;-1.65732;-0.941214;
29.799;1.2313;-23.1376;-1.56776;-0.905028;
29.941;1.42033;-23.2812;-1.43597;-0.790875;

-29.9253;1.33634;-23.4346;-1.53361;-0.854025;
-29.7934;1.31933;-23.5889;-1.54284;-0.863334;
-29.6738;1.19584;-23.75;-1.61135;-0.93235;
-29.5531;1.20676;-23.9273;-1.77358;-0.973338;
-29.4466;1.06486;-24.0967;-1.69322;-1.0094;
-29.336;1.10606;-24.2672;-1.70493;-0.995306;
-29.2383;0.976907;-24.4351;-1.67917;-1.04388;
-29.1497;0.886343;-24.6105;-1.75469;-1.10305;
-29.0726;0.771053;-24.7896;-1.79066;-1.16419;
-28.9965;0.761163;-24.9739;-1.84309;-1.17915;
-28.9213;0.752015;-25.1807;-2.0675;-1.22194;
-28.8483;0.730157;-25.3614;-1.80745;-1.18687;
-28.77;0.783077;-25.5427;-1.81252;-1.16298;
-28.692;0.780042;-25.7259;-1.83222;-1.1683;
-28.6102;0.817823;-25.9102;-1.84303;-1.15316;
-28.5287;0.815228;-26.0966;-1.8638;-1.15847;
-28.4485;0.801536;-26.2798;-1.83229;-1.15843;
-28.3658;0.827109;-26.4528;-1.73007;-1.12484;
-28.2852;0.805851;-26.6205;-1.67684;-1.12281;
-28.1785;1.06669;-26.791;-1.70484;-1.01171;
-28.0732;1.05358;-26.9611;-1.7012;-1.01629;
-27.9771;0.960753;-27.1112;-1.50118;-1.00148;
-27.8725;1.04568;-27.2913;-1.80052;-1.04464;
-27.7622;1.1038;-27.468;-1.76712;-1.01246;
-27.6259;1.36211;-27.65;-1.8207;-0.928499;
-27.5016;1.24365;-27.8059;-1.55815;-0.89718;
-27.3555;1.46121;-27.9699;-1.63991;-0.842958;
-27.1985;1.56978;-28.1047;-1.34844;-0.709697;
-27.0485;1.49942;-28.2477;-1.42955;-0.761549;
-26.9043;1.44219;-28.3799;-1.32245;-0.742114;
-26.7605;1.43851;-28.5137;-1.3381;-0.749252;
-26.5985;1.61922;-28.6583;-1.44576;-0.728866;
-26.4382;1.60354;-28.7845;-1.26245;-0.666944;
-26.2688;1.69422;-28.9188;-1.34262;-0.670133;
-26.1301;1.38664;-29.0492;-1.30429;-0.754804;
-25.9749;1.55246;-29.1876;-1.38341;-0.727879;
-25.812;1.62814;-29.3078;-1.20281;-0.636271;
-25.6751;1.36966;-29.438;-1.30132;-0.759818;
-25.5322;1.42848;-29.5714;-1.33432;-0.751328;
-25.3776;1.54592;-29.6823;-1.1085;-0.622077;
-25.2151;1.62533;-29.7985;-1.16212;-0.620723;
-25.041;1.74158;-29.8838;-0.853665;-0.455751;
-24.8558;1.85118;-29.9865;-1.02658;-0.506332;

-24.6673;1.8852;29.9215;-0.920333;-0.454155;
-24.4849;1.82392;29.8281;-0.93352;-0.473059;
-24.3036;1.81286;29.7404;-0.876981;-0.450568;
-24.1272;1.76388;29.6524;-0.880407;-0.462953;
-23.9445;1.82727;29.5692;-0.831538;-0.427063;
-23.7665;1.77998;29.4891;-0.801101;-0.422906;
-23.5835;1.8299;29.3774;-1.11767;-0.548308;
-23.413;1.70491;29.2768;-1.00526;-0.532758;
-23.2435;1.69516;29.1604;-1.16442;-0.601887;
-23.0758;1.67734;29.0501;-1.10262;-0.581533;
-22.8991;1.76702;28.9488;-1.01319;-0.520625;
-22.7023;1.96812;28.8498;-0.990405;-0.466223;
-22.5412;1.61046;28.7458;-1.03935;-0.573115;
-22.3665;1.74729;28.6308;-1.1504;-0.58225;
-22.1908;1.75704;28.5175;-1.13304;-0.572752;
-22.0232;1.6762;28.4099;-1.07617;-0.570749;
-21.8553;1.67918;28.3007;-1.0914;-0.576349;
-21.6869;1.68355;28.1927;-1.07977;-0.57028;
-21.5299;1.57035;28.0832;-1.0958;-0.609253;
-21.3553;1.74559;27.9643;-1.18864;-0.597816;
-21.1971;1.58191;27.8384;-1.25927;-0.672323;
-21.0447;1.52392;27.6998;-1.38586;-0.737987;
-20.8967;1.48058;27.5669;-1.32933;-0.731623;
-20.7528;1.4387;27.4225;-1.44352;-0.787074;
-20.6167;1.36056;27.2805;-1.42036;-0.806897;
-20.4968;1.19957;27.1475;-1.33016;-0.836974;
-20.3673;1.29473;26.9981;-1.49327;-0.856491;
-20.2595;1.07814;26.8651;-1.32979;-0.889529;
-20.1364;1.2306;26.7285;-1.36599;-0.837492;
-20.0119;1.24518;26.5667;-1.6184;-0.915;
-19.9088;1.03104;26.4187;-1.48004;-0.962336;
-19.7847;1.24159;26.2544;-1.64292;-0.923645;
-19.6428;1.41888;26.1188;-1.35613;-0.76279;
-19.485;1.57752;26.0108;-1.08011;-0.600375;
-19.3191;1.65887;25.8967;-1.14128;-0.602619;
-19.17;1.49165;25.794;-1.02707;-0.602997;
-19.0021;1.67828;25.6836;-1.10324;-0.581534;
-18.8413;1.6086;25.5494;-1.34252;-0.695481;
-18.6849;1.56408;25.4263;-1.23064;-0.666651;
-18.5415;1.43367;25.3034;-1.22933;-0.708818;
-18.3978;1.43734;25.1615;-1.41835;-0.778749;
-18.257;1.40724;25.0234;-1.38144;-0.776146;
-18.1138;1.43277;24.8787;-1.44698;-0.790332;
-17.967;1.46771;24.7363;-1.42376;-0.770198;
-17.8088;1.5824;24.6048;-1.31525;-0.693463;
-17.669;1.39746;24.4679;-1.36883;-0.775051;
-17.5322;1.36825;24.3193;-1.48649;-0.826793;
-17.3764;1.55794;24.1946;-1.24682;-0.674926;
-17.2064;1.69987;24.066;-1.28602;-0.647674;
-17.0386;1.67769;23.9482;-1.17769;-0.612047;
-16.8855;1.53096;23.8283;-1.19876;-0.664296;
-16.725;1.60494;23.7106;-1.17751;-0.632973;
-16.5461;1.78961;23.5852;-1.25379;-0.611125;
-16.3802;1.65898;23.4706;-1.14583;-0.604447;
-16.2177;1.62497;23.373;-0.976673;-0.541184;
-16.0449;1.72762;23.2747;-0.982807;-0.517222;
-15.8609;1.83999;23.1702;-1.04511;-0.516554;
-15.6941;1.66805;23.0747;-0.955149;-0.520039;
-15.5247;1.69448;22.9795;-0.951315;-0.511567;
-15.3525;1.72221;22.8814;-0.98121;-0.517872;
-15.1787;1.73779;22.7826;-0.988067;-0.516994;
-15.017;1.61705;22.6903;-0.923378;-0.518844;
-14.8517;1.65287;22.5864;-1.03852;-0.560978;
-14.6711;1.80611;22.4977;-0.887339;-0.456662;
-14.4995;1.71623;22.4067;-0.909474;-0.4873;
-14.308;1.91453;22.3078;-0.98916;-0.476887;
-14.1323;1.7568;22.2214;-0.864314;-0.457214;
-13.9658;1.66561;22.144;-0.773584;-0.434801;
-13.7712;1.94572;22.0854;-0.586201;-0.292627;
-13.5777;1.93529;22.0261;-0.593346;-0.297494;
-13.389;1.88633;21.9671;-0.589941;-0.303109;
-13.2167;1.72342;21.9116;-0.55479;-0.311437;
-13.0273;1.89422;21.8503;-0.612642;-0.312808;
-12.8477;1.79553;21.7999;-0.504281;-0.2738;
-12.6859;1.61772;21.7542;-0.456771;-0.275191;
-12.488;1.9791;21.6931;-0.610833;-0.299366;
-12.2902;1.97827;21.6363;-0.568274;-0.279726;
-12.0975;1.92723;21.5627;-0.735941;-0.364775;
-11.9107;1.86786;21.4918;-0.708865;-0.362716;
-11.7424;1.6831;21.412;-0.798159;-0.442812;
-11.5515;1.90864;21.3334;-0.78569;-0.390508;
-11.3677;1.83783;21.2605;-0.729171;-0.377707;
-11.1724;1.95344;21.1873;-0.732135;-0.358589;
-10.9905;1.8188;21.0957;-0.916034;-0.46656;
-10.8038;1.86682;20.9968;-0.988912;-0.487149;
-10.6348;1.6898;20.8862;-1.10632;-0.579675;
-10.475;1.5988;20.7784;-1.07824;-0.59334;
-10.3114;1.636;20.6673;-1.11049;-0.596343;
-10.1557;1.55618;20.567;-1.0032;-0.572606;
-9.9813;1.74454;20.4531;-1.13916;-0.578472;
-9.81423;1.67066;20.34;-1.13037;-0.594848;
-9.63303;1.81203;20.2027;-1.37295;-0.648404;
-9.47547;1.57555;20.097;-1.057;-0.590911;
-9.3137;1.61773;19.9737;-1.2333;-0.651368;
-9.13424;1.7946;19.8376;-1.36132;-0.648958;
-8.97222;1.62019;19.7033;-1.34331;-0.692239;
-8.81957;1.52653;19.5749;-1.28354;-0.699145;
-8.66602;1.53544;19.4482;-1.26702;-0.68991;
-8.51092;1.551;19.301;-1.4718;-0.759203;
-8.36572;1.45199;19.1632;-1.37783;-0.759197;
-8.21791;1.47816;19.0411;-1.22134;-0.69055;
-8.05324;1.64666;18.9162;-1.2495;-0.649116;
-7.88518;1.68065;18.797;-1.19187;-0.616857;
-7.77271;1.12469;18.6631;-1.33871;-0.872061;
-7.62235;1.50363;18.4898;-1.73308;-0.856168;
-7.48345;1.38896;18.3513;-1.38513;-0.784016;
-7.34904;1.34407;18.215;-1.36318;-0.792457;
-7.20992;1.39126;18.079;-1.35911;-0.773708;
-7.05532;1.54601;17.9246;-1.5445;-0.784908;
-6.94024;1.15078;17.7894;-1.35162;-0.865484;
-6.81129;1.28947;17.6253;-1.64172;-0.904995;
-6.68603;1.25264;17.4705;-1.54776;-0.890398;
-6.56679;1.19237;17.3229;-1.47618;-0.891354;
-6.43929;1.27499;17.1702;-1.52628;-0.874864;
-6.3193;1.1999;17.0093;-1.60978;-0.930257;
-6.18226;1.3704;16.8283;-1.80964;-0.922654;
-6.05293;1.2933;16.666;-1.62281;-0.89792;
-5.91215;1.40785;16.5235;-1.42536;-0.791577;
-5.76927;1.42874;16.3848;-1.38695;-0.770558;
-5.63248;1.36787;16.2476;-1.37171;-0.786799;
-5.48531;1.47171;16.1175;-1.30076;-0.723818;
-5.33475;1.50562;16.0136;-1.03918;-0.604119;
-5.16965;1.65098;15.9055;-1.08082;-0.579638;
-5.00555;1.64107;15.7876;-1.17935;-0.62313;
-4.84907;1.5648;15.6853;-1.02286;-0.578952;
-4.68164;1.67428;15.5759;-1.09381;-0.578696;
-4.51379;1.67854;15.4675;-1.08454;-0.573645;
-4.32586;1.87927;15.3693;-0.982168;-0.481589;
-4.14922;1.76634;15.2744;-0.948984;-0.49301;
-3.9775;1.71728;15.1832;-0.911511;-0.487973;
-3.80314;1.74352;15.1026;-0.806007;-0.433024;
-3.64229;1.60854;15.0383;-0.643456;-0.380529;
-3.44316;1.99134;14.9553;-0.829593;-0.394734;
-3.25701;1.86144;14.8977;-0.576208;-0.300194;
-3.05597;2.01039;14.8315;-0.662163;-0.318179;
-2.86559;1.90387;14.768;-0.634718;-0.321795;
-2.67466;1.90928;14.7211;-0.46857;-0.240661;
-2.48894;1.85717;14.6975;-0.236503;-0.126664;
-2.271;2.17939;14.6526;-0.448913;-0.20314;
-2.07836;1.92642;14.6132;-0.394295;-0.201889;
-1.89182;1.86542;14.5743;-0.388445;-0.2053;
-1.69462;1.97194;14.5098;-0.645032;-0.316134;
-1.48527;2.09351;14.441;-0.688431;-0.317702;
-1.29719;1.88081;14.3694;-0.716002;-0.363749;
-1.10242;1.94767;14.2978;-0.716021;-0.352293;
-0.914625;1.87799;14.2291;-0.687006;-0.350698;
-0.724146;1.90479;14.1665;-0.625897;-0.317476;
-0.528524;1.95622;14.1;-0.664517;-0.327464;
-0.330715;1.97808;14.0349;-0.651008;-0.317946;
-0.141059;1.89656;13.972;-0.629031;-0.320252;
0.0766378;2.17697;13.8715;-1.00505;-0.432517;
0.265713;1.89075;13.7661;-1.05393;-0.508515;
0.446534;1.80821;13.6931;-0.729953;-0.383682;
0.619123;1.72589;13.6128;-0.803885;-0.435899;
0.809721;1.90598;13.5501;-0.626048;-0.317363;
0.989584;1.79863;13.4958;-0.543732;-0.293568;
1.18967;2.00091;13.4214;-0.743249;-0.355659;
1.37645;1.86772;13.3531;-0.683134;-0.350643;
1.57179;1.95339;13.2836;-0.695577;-0.342087;
1.75335;1.81566;13.2422;-0.41388;-0.224121;
1.93098;1.77633;13.2057;-0.365136;-0.202733;
2.11385;1.8287;13.166;-0.396893;-0.213721;
2.30733;1.93472;13.1262;-0.397883;-0.202826;
2.51599;2.08662;13.0818;-0.444042;-0.209677;
2.70595;1.89961;13.0473;-0.345246;-0.179784;
2.92943;2.23484;13.0063;-0.409862;-0.181381;
3.13897;2.09536;12.9551;-0.511389;-0.239379;
3.32734;1.88374;12.8708;-0.843011;-0.42079;
3.50743;1.8009;12.7696;-1.01225;-0.51207;
3.70436;1.96923;12.6789;-0.906823;-0.431548;
3.88922;1.8486;12.5916;-0.873707;-0.441515;
4.05726;1.68043;12.5182;-0.733709;-0.411672;
4.22495;1.67689;12.44;-0.781569;-0.436147;
4.40303;1.7808;12.3551;-0.849692;-0.445193;
4.5669;1.63872;12.2566;-0.985099;-0.541258;
4.75024;1.8334;12.149;-1.07557;-0.53055;
4.9258;1.75557;12.0433;-1.05746;-0.54214;
5.09489;1.69098;11.9482;-0.950678;-0.512166;
5.25229;1.57397;11.8384;-1.09747;-0.608885;
5.41981;1.67515;11.727;-1.11428;-0.586976;
5.58972;1.69919;11.6194;-1.07598;-0.564497;
5.74568;1.55952;11.5166;-1.028;-0.582799;
5.91415;1.68471;11.4143;-1.0227;-0.545586;
6.0771;1.62951;11.3088;-1.05517;-0.574642;
6.23376;1.56661;11.2088;-1.00021;-0.568214;
6.41321;1.79452;11.0793;-1.2951;-0.625141;
6.58729;1.74076;10.9475;-1.31837;-0.648191;
6.75613;1.68839;10.8246;-1.22885;-0.629158;
6.9117;1.55574;10.722;-1.02591;-0.58298;
7.08704;1.7534;10.5991;-1.22883;-0.61128;
7.26106;1.7402;10.4838;-1.15262;-0.58501;
7.42008;1.59025;10.3867;-0.971876;-0.548575;
7.57435;1.54266;10.2737;-1.12918;-0.631861;
7.73249;1.5814;10.154;-1.1972;-0.647999;
7.87587;1.43375;10.047;-1.0701;-0.64117;
8.03671;1.60843;9.9263;-1.20706;-0.643793;
8.19825;1.61539;9.80764;-1.18653;-0.63352;
8.33;1.31754;9.68531;-1.22333;-0.748336;
8.47917;1.49165;9.54191;-1.43404;-0.765708;
8.62314;1.43976;9.37327;-1.68633;-0.864109;
8.76085;1.37711;9.21411;-1.59167;-0.857545;
8.89571;1.34857;9.06569;-1.48415;-0.833225;
9.01621;1.20503;8.88859;-1.77106;-0.973343;
9.12945;1.13239;8.72292;-1.65664;-0.971201;
9.25035;1.20892;8.56111;-1.61809;-0.929136;
9.37852;1.28179;8.39264;-1.68476;-0.920413;
9.48984;1.11321;8.23571;-1.56931;-0.953814;
9.60415;1.14305;8.07338;-1.6233;-0.957287;
9.72205;1.17904;7.914;-1.59375;-0.933862;
9.84835;1.26297;7.75896;-1.55039;-0.88721;
9.97387;1.25523;7.59971;-1.59255;-0.9033;
10.1252;1.51299;7.46248;-1.37226;-0.736661;
10.29;1.64865;7.32271;-1.39774;-0.703221;
10.4416;1.51607;7.1946;-1.2811;-0.701594;
10.6247;1.83074;7.06804;-1.26556;-0.604854;
10.7873;1.62559;6.96319;-1.04856;-0.572876;
10.9607;1.73406;6.84569;-1.17499;-0.59553;
11.1219;1.61171;6.72922;-1.16465;-0.625743;
11.2632;1.41396;6.58503;-1.44195;-0.795197;
11.4005;1.37252;6.44738;-1.37649;-0.786841;
11.5315;1.30956;6.28588;-1.61494;-0.889443;
11.6391;1.07688;6.1262;-1.5968;-0.977459;
11.7539;1.14713;5.96128;-1.64929;-0.963077;
11.8637;1.098;5.79263;-1.68641;-0.993657;
11.9708;1.07156;5.62176;-1.70875;-1.01069;
12.0816;1.10779;5.45225;-1.69513;-0.991954;
12.1901;1.08547;5.2892;-1.63047;-0.983436;
12.3031;1.1297;5.12026;-1.68943;-0.981396;
12.4236;1.20483;4.96438;-1.5588;-0.912784;
12.5404;1.16761;4.80945;-1.54927;-0.924961;
12.664;1.23684;4.64526;-1.64185;-0.925175;
12.7858;1.2174;4.50091;-1.44354;-0.870181;
12.9174;1.31664;4.35316;-1.47747;-0.842894;
13.0631;1.45655;4.19039;-1.62771;-0.840834;
13.1849;1.21772;4.04133;-1.49065;-0.885834;
13.3129;1.28044;3.88722;-1.5411;-0.877518;
13.4844;1.71439;3.72784;-1.59376;-0.74895;
13.6349;1.5052;3.59486;-1.32977;-0.723596;
13.7792;1.44283;3.46282;-1.32044;-0.741136;
13.9186;1.39406;3.34444;-1.18383;-0.704026;
14.0727;1.54103;3.22177;-1.22664;-0.67229;
14.2428;1.70098;3.08365;-1.38121;-0.68202;
14.3965;1.53766;2.9527;-1.30951;-0.705439;
14.5448;1.48263;2.80619;-1.46507;-0.779439;
14.7036;1.58857;2.65038;-1.55811;-0.775719;
14.8641;1.60495;2.50917;-1.41209;-0.72156;
15.0093;1.45167;2.38127;-1.27907;-0.722278;
15.1624;1.53041;2.24591;-1.35354;-0.724145;
15.319;1.56617;2.14452;-1.01393;-0.574541;
15.5017;1.82764;2.01785;-1.2667;-0.606066;
15.6755;1.73779;1.89168;-1.26169;-0.627984;
15.8017;1.2618;1.76589;-1.25794;-0.783868;
15.9406;1.38937;1.62767;-1.38215;-0.782793;
16.0567;1.16108;1.48049;-1.47179;-0.902864;
16.1983;1.41601;1.3389;-1.41592;-0.785368;
16.3407;1.42374;1.19778;-1.41122;-0.780983;
16.4863;1.45574;1.06143;-1.3635;-0.752688;
16.6333;1.4705;0.924224;-1.37205;-0.750775;
16.7633;1.29951;0.77821;-1.46015;-0.843542;
16.8996;1.36308;0.634791;-1.43418;-0.810813;
17.0426;1.42971;0.501788;-1.33003;-0.749297;
17.1749;1.32306;0.36716;-1.34628;-0.794095;
17.3208;1.45969;0.241096;-1.26064;-0.712357;
17.4752;1.54398;0.114269;-1.26827;-0.687671;
17.6314;1.56192;-0.0131982;-1.27467;-0.684479;
17.8061;1.74655;-0.128382;-1.15184;-0.583022;
17.9761;1.70036;-0.240714;-1.12332;-0.583818;
18.1608;1.8465;-0.339494;-0.987797;-0.49122;
18.3563;1.95535;-0.456486;-1.16991;-0.539179;
18.5164;1.60137;-0.544865;-0.883795;-0.5043;
18.6927;1.76254;-0.641122;-0.962572;-0.499866;
18.8683;1.75567;-0.737066;-0.959434;-0.500134;
19.03;1.61704;-0.841951;-1.04885;-0.575407;
19.2199;1.89964;-0.950188;-1.08238;-0.517901;
19.4092;1.89234;-1.06377;-1.13579;-0.540571;
19.5805;1.71375;-1.16934;-1.05575;-0.552137;
19.7463;1.65786;-1.28683;-1.17488;-0.616521;
19.9104;1.64085;-1.40559;-1.18757;-0.626489;
20.0373;1.26854;-1.51829;-1.12704;-0.726401;
20.1708;1.33523;-1.64556;-1.27269;-0.761421;
20.3159;1.45131;-1.78197;-1.36408;-0.754423;
20.4638;1.47894;-1.91609;-1.34124;-0.73661;
20.6119;1.48084;-2.05748;-1.41391;-0.762283;
20.7526;1.40728;-2.19569;-1.38209;-0.776368;
20.8982;1.45577;-2.33595;-1.40255;-0.766783;
21.0385;1.40248;-2.46424;-1.28294;-0.740914;
21.186;1.47554;-2.59996;-1.35723;-0.743656;
21.3121;1.26129;-2.73168;-1.31716;-0.807063;
21.4604;1.48229;-2.86978;-1.38102;-0.750044;
21.615;1.54611;-3.01229;-1.42505;-0.744674;
21.762;1.47024;-3.14822;-1.35934;-0.746226;
21.9092;1.47159;-3.28461;-1.36391;-0.747439;
22.0546;1.45414;-3.45075;-1.66138;-0.851818;
22.1959;1.41334;-3.60672;-1.55971;-0.834592;
22.3247;1.2875;-3.7657;-1.58974;-0.890058;
22.4432;1.18511;-3.92698;-1.61285;-0.937101;
22.5611;1.17942;-4.08872;-1.61737;-0.940728;
22.6706;1.09519;-4.25821;-1.69488;-0.997115;
22.7859;1.15265;-4.42225;-1.64045;-0.958302;
22.9245;1.3861;-4.56899;-1.46739;-0.813879;
23.0697;1.45245;-4.75354;-1.84551;-0.90402;
23.1911;1.21363;-4.91195;-1.58412;-0.917056;
23.309;1.17895;-5.07171;-1.59751;-0.935024;
23.4384;1.29365;-5.2654;-1.93698;-0.981961;
23.5454;1.07039;-5.43214;-1.66737;-1.00009;
23.6637;1.18268;-5.5977;-1.65562;-0.950508;
23.7828;1.19075;-5.76028;-1.62582;-0.938657;
23.9007;1.17962;-5.93039;-1.70104;-0.964468;
24.0184;1.17699;-6.10075;-1.70359;-0.966211;
24.1187;1.00321;-6.24799;-1.47242;-0.972708;
24.2317;1.12938;-6.41176;-1.63774;-0.967086;
24.334;1.02282;-6.57226;-1.605;-1.00342;
24.4449;1.10916;-6.73201;-1.59746;-0.963886;
24.5637;1.18807;-6.91051;-1.78502;-0.98355;
24.671;1.07344;-7.08402;-1.73506;-1.01676;
24.7723;1.01257;-7.25712;-1.73103;-1.04151;
24.8855;1.13218;-7.41959;-1.6247;-0.962184;
24.9758;0.903007;-7.58328;-1.63692;-1.06669;
25.0749;0.990939;-7.76466;-1.81382;-1.07078;
25.1709;0.960101;-7.94013;-1.75469;-1.07013;
25.2689;0.980456;-8.11997;-1.79838;-1.07165;
25.3438;0.748048;-8.28879;-1.68824;-1.1537;
25.4332;0.894711;-8.48056;-1.91765;-1.13425;
25.5035;0.703052;-8.65203;-1.71474;-1.18169;
25.5794;0.758689;-8.83852;-1.86491;-1.18442;
25.6319;0.524723;-9.01881;-1.80281;-1.28756;
25.7047;0.727969;-9.21803;-1.99225;-1.22047;
25.7571;0.524775;-9.41194;-1.93907;-1.30649;
25.806;0.488569;-9.58963;-1.77691;-1.30247;
25.8599;0.538775;-9.78275;-1.93122;-1.29873;
25.9002;0.402949;-9.9796;-1.96849;-1.36889;
25.9408;0.405923;-10.1835;-2.03901;-1.37429;
25.9812;0.404343;-10.3951;-2.11603;-1.38199;
26.0384;0.5722;-10.604;-2.08853;-1.30339;
26.0983;0.59892;-10.7982;-1.94274;-1.27176;
26.1483;0.500339;-10.9807;-1.82467;-1.30317;
26.1977;0.49342;-11.1721;-1.91362;-1.31845;
26.2457;0.480472;-11.3479;-1.75866;-1.3041;
26.2985;0.527635;-11.5403;-1.92371;-1.3031;
26.3486;0.500935;-11.7454;-2.05073;-1.33122;
26.3912;0.426398;-11.9659;-2.205;-1.37978;
26.4221;0.308327;-12.1694;-2.03557;-1.42047;
26.4446;0.224924;-12.3614;-1.91973;-1.45416;
26.4816;0.370592;-12.5518;-1.90414;-1.37857;
26.5176;0.360117;-12.7522;-2.00433;-1.39302;
26.5581;0.40455;-12.9489;-1.96679;-1.36793;
26.6016;0.435317;-13.1452;-1.96234;-1.3525;
26.6662;0.645925;-13.3304;-1.85265;-1.23533;
26.7411;0.748681;-13.5052;-1.74746;-1.16602;
26.8203;0.791871;-13.6794;-1.74257;-1.14427;
26.8969;0.766731;-13.8639;-1.84501;-1.17694;
26.9701;0.731439;-14.06;-1.96092;-1.21377;
27.0441;0.740619;-14.2391;-1.7912;-1.17873;
27.1275;0.833353;-14.4197;-1.80609;-1.13849;
27.219;0.91571;-14.5984;-1.78626;-1.09709;
27.3073;0.882922;-14.776;-1.77618;-1.10948;
27.4;0.926506;-14.9605;-1.8449;-1.10539;
27.4916;0.915871;-15.1457;-1.8525;-1.11164;
27.5789;0.873179;-15.3216;-1.75871;-1.10996;
27.6911;1.12172;-15.5061;-1.84446;-1.0244;
27.7907;0.996642;-15.6804;-1.74317;-1.05141;
27.9009;1.10123;-15.8527;-1.72297;-1.00209;
28.0047;1.03829;-16.0139;-1.61199;-0.998578;
28.1235;1.18839;-16.1766;-1.62758;-0.940116;
28.248;1.2452;-16.3349;-1.58264;-0.904167;
28.3689;1.2083;-16.4805;-1.45658;-0.878298;
28.4952;1.26347;-16.6535;-1.72996;-0.939992;
28.6178;1.2258;-16.8176;-1.64104;-0.929241;
28.7288;1.11004;-16.9719;-1.54231;-0.946956;
28.8433;1.14485;-17.1233;-1.51392;-0.923332;
28.9486;1.05347;-17.292;-1.68699;-1.01258;
29.0559;1.07251;-17.4572;-1.65248;-0.995103;
29.1627;1.06779;-17.6281;-1.70907;-1.01236;
29.2575;0.947925;-17.8007;-1.72538;-1.06841;
29.3529;0.953981;-17.9739;-1.73215;-1.06738;
29.4497;0.968939;-18.147;-1.73113;-1.06053;
29.5362;0.864362;-18.33;-1.83033;-1.1296;
29.6218;0.85577;-18.5112;-1.81197;-1.12956;
29.7173;0.955566;-18.7051;-1.93862;-1.11284;
29.7948;0.77442;-18.8679;-1.62827;-1.12685;
29.874;0.791974;-19.056;-1.88113;-1.17231;
29.9423;0.683174;-19.2427;-1.86716;-1.22004;

-29.9792;0.784836;-19.4135;-1.70791;-1.14005;
-29.8881;0.911732;-19.5942;-1.80716;-1.10355;
-29.7902;0.978579;-19.8042;-2.09986;-1.1347;
-29.7075;0.82668;-19.9845;-1.80227;-1.14074;
-29.6223;0.851975;-20.1777;-1.93257;-1.15558;
-29.5341;0.882553;-20.3593;-1.81635;-1.1185;
-29.4525;0.815705;-20.5455;-1.86189;-1.15788;
-29.3723;0.801846;-20.7289;-1.834;-1.15863;
-29.3021;0.702269;-20.9005;-1.71603;-1.18235;
-29.2289;0.732014;-21.0854;-1.84868;-1.19377;
-29.1552;0.737012;-21.2622;-1.76749;-1.17574;
