#1 AntPos X	#2 AntVel X	#3 AntPos Y	#4 AntVel Y	#5 AntAngle	
2.19632;-1.70608;-6.92753;0.739234;2.73272;
2.00948;-1.86839;-6.85402;0.735155;2.76673;
1.79189;-2.17591;-6.81532;0.386987;2.96558;
1.59263;-1.99259;-6.7896;0.257223;3.01321;
1.38543;-2.07203;-6.75347;0.361302;2.96896;
1.19588;-1.89553;-6.72645;0.27016;3.00002;
1.00682;-1.89056;-6.68479;0.416633;2.92468;
0.815114;-1.91708;-6.63999;0.447986;2.91203;
0.61431;-2.00804;-6.59631;0.43681;2.9274;
0.430912;-1.83398;-6.54337;0.529368;2.86059;
0.237535;-1.93377;-6.51866;0.247123;3.01449;
0.0448504;-1.92685;-6.49262;0.260424;3.00725;
-0.153255;-1.98105;-6.47051;0.221014;3.03049;
-0.354379;-2.01124;-6.45898;0.115386;3.08429;
-0.553358;-1.98979;-6.43366;0.253138;3.01505;
-0.747432;-1.94074;-6.40942;0.242453;3.01731;
-0.967285;-2.19853;-6.38387;0.255488;3.0259;
-1.16198;-1.94691;-6.36793;0.159342;3.05993;
-1.35934;-1.97364;-6.3357;0.322373;2.97968;
-1.56317;-2.03829;-6.29894;0.367592;2.96317;
-1.75388;-1.90712;-6.26269;0.362489;2.95376;
-1.96324;-2.09357;-6.21613;0.465628;2.92275;
-2.11733;-1.54088;-6.16929;0.468379;2.8465;
-2.30872;-1.91391;-6.11112;0.581635;2.84656;
-2.49996;-1.91242;-6.05419;0.569346;2.85224;
-2.67;-1.70037;-5.99807;0.561246;2.82278;
-2.86237;-1.92377;-5.94034;0.577292;2.85006;
-3.05857;-1.96196;-5.87912;0.612114;2.83917;
-3.2625;-2.03933;-5.8163;0.628278;2.84274;
-3.45387;-1.9137;-5.75467;0.616224;2.83007;
-3.6498;-1.9593;-5.68461;0.700647;2.79816;
-3.8214;-1.716;-5.6205;0.641082;2.78406;
-4.01057;-1.89171;-5.55049;0.700106;2.78713;
-4.21529;-2.0472;-5.49265;0.578369;2.86625;
-4.39219;-1.76896;-5.42278;0.698727;2.76541;
-4.57794;-1.85747;-5.35158;0.712034;2.77553;
-4.7676;-1.89662;-5.27738;0.741965;2.76869;
-4.94929;-1.81688;-5.20458;0.728062;2.76046;
-5.13443;-1.8515;-5.13091;0.736696;2.76291;
-5.32281;-1.88374;-5.06086;0.70047;2.78559;
-5.5135;-1.90695;-5.00606;0.547956;2.86178;
-5.71178;-1.98279;-4.94147;0.645889;2.82668;
-5.89714;-1.85362;-4.87726;0.642161;2.8081;
-6.08008;-1.82931;-4.81132;0.659379;2.79564;
-6.26905;-1.88975;-4.74308;0.682363;2.79508;
-6.45883;-1.89775;-4.66989;0.731897;2.7735;
-6.62926;-1.70431;-4.61891;0.509818;2.85093;
-6.81164;-1.82386;-4.56821;0.506987;2.87046;
-7.01229;-2.00648;-4.51659;0.516279;2.88975;
-7.20905;-1.96761;-4.46639;0.50194;2.89182;
-7.40612;-1.97071;-4.40217;0.642174;2.82658;
-7.60231;-1.96188;-4.34082;0.613537;2.8385;
-7.80221;-1.99896;-4.27735;0.634718;2.83414;
-7.9906;-1.88397;-4.21049;0.668578;2.80058;
-8.16895;-1.78349;-4.1398;0.706924;2.76422;
-8.35954;-1.90589;-4.06654;0.732627;2.7746;
-8.54902;-1.89478;-3.98304;0.83495;2.72653;
-8.73306;-1.84044;-3.90304;0.800054;2.73153;
-8.93764;-2.04573;-3.79753;1.05507;2.66543;
-9.12663;-1.88994;-3.71129;0.862432;2.71349;
-9.31438;-1.87743;-3.64924;0.620442;2.82242;
-9.50846;-1.94083;-3.58507;0.641706;2.82227;
-9.69887;-1.90415;-3.52236;0.627113;2.82344;
-9.88643;-1.87562;-3.48188;0.404747;2.92906;
-10.0975;-2.11112;-3.41684;0.650423;2.84273;
-10.2982;-2.0067;-3.36659;0.502499;2.89623;
-10.4834;-1.85153;-3.30781;0.587792;2.83419;
-10.6766;-1.93191;-3.25033;0.574861;2.85238;
-10.8726;-1.96048;-3.18781;0.625216;2.83288;
-11.0745;-2.01848;-3.11883;0.689764;2.81231;
-11.2638;-1.89319;-3.05382;0.650132;2.81081;
-11.4513;-1.87526;-2.9875;0.663179;2.80167;
-11.6419;-1.90606;-2.91841;0.690899;2.79385;
-11.8497;-2.07839;-2.83817;0.802411;2.77315;
-12.036;-1.86299;-2.74746;0.907054;2.6885;
-12.2157;-1.79659;-2.64599;1.01471;2.62746;
-12.4146;-1.98878;-2.55165;0.943454;2.69864;
-12.5906;-1.75975;-2.46365;0.879974;2.6779;
-12.7717;-1.81114;-2.37867;0.849792;2.70288;
-12.9632;-1.91543;-2.28712;0.915498;2.69573;
-13.1441;-1.80925;-2.20004;0.870788;2.69302;
-13.3271;-1.82952;-2.10916;0.908768;2.68057;
-13.5001;-1.72979;-2.01572;0.934388;2.64633;
-13.6769;-1.76837;-1.92083;0.948954;2.64907;
-13.8354;-1.58478;-1.80638;1.14451;2.51613;
-14.0139;-1.78468;-1.69165;1.14725;2.57027;
-14.1756;-1.61758;-1.5741;1.17552;2.51316;
-14.3017;-1.26132;-1.46072;1.13377;2.4094;
-14.4527;-1.50999;-1.32694;1.3378;2.41658;
-14.6019;-1.49202;-1.19575;1.31195;2.42033;
-14.749;-1.47055;-1.0645;1.31246;2.41294;
-14.8926;-1.43634;-0.899037;1.65467;2.28568;
-15.0159;-1.23308;-0.761816;1.37221;2.30284;
-15.1266;-1.10694;-0.615841;1.45975;2.21959;
-15.2138;-0.871717;-0.446992;1.68849;2.04737;
-15.3078;-0.940306;-0.272397;1.74594;2.06482;
-15.4073;-0.994204;-0.108231;1.64166;2.11533;
-15.5105;-1.03219;0.0670677;1.75299;2.10295;
-15.6226;-1.12077;0.244913;1.77846;2.13312;
-15.6985;-0.759586;0.421593;1.76679;1.97683;
-15.7844;-0.859297;0.593108;1.71515;2.03525;
-15.8691;-0.84667;0.776252;1.83144;2.00383;
-15.9521;-0.829567;0.951989;1.75736;2.01184;
-16.0453;-0.931926;1.109;1.57015;2.10644;
-16.1593;-1.14063;1.28465;1.75649;2.14673;
-16.2529;-0.936093;1.46146;1.76807;2.05772;
-16.333;-0.801102;1.64173;1.80266;1.98898;
-16.4174;-0.84325;1.83637;1.94645;1.97961;
-16.5008;-0.83439;2.02297;1.86604;1.99127;
-16.5905;-0.897017;2.20053;1.77559;2.03859;
-16.6784;-0.878886;2.38115;1.80618;2.02367;
-16.7336;-0.552346;2.56423;1.83074;1.86382;
-16.7777;-0.441052;2.72534;1.61111;1.83801;
-16.8298;-0.520467;2.92474;1.99408;1.82611;
-16.8773;-0.475545;3.1157;1.90952;1.81487;
-16.9419;-0.645134;3.31055;1.94852;1.89053;
-17.0034;-0.615039;3.49896;1.88408;1.88633;
-17.0533;-0.499822;3.6886;1.89641;1.8285;
-17.1027;-0.493883;3.88092;1.9232;1.82217;
-17.154;-0.51281;4.08544;2.04526;1.81646;
-17.2018;-0.478048;4.27187;1.8643;1.82181;
-17.2424;-0.405507;4.47242;2.00543;1.77031;
-17.2727;-0.303262;4.68182;2.09401;1.71462;
-17.3013;-0.286133;4.87962;1.97799;1.71446;
-17.307;-0.0572523;5.09317;2.13552;1.5976;
-17.3057;0.0135735;5.28814;1.94967;1.56383;
-17.3073;-0.0167946;5.4966;2.08461;1.57885;
-17.3049;0.0246823;5.69887;2.0227;1.55859;
-17.2981;0.0674865;5.86392;1.65048;1.52993;
-17.2935;0.0465542;6.05641;1.92496;1.54662;
-17.2863;0.0717558;6.25912;2.02712;1.53541;
-17.2831;0.0315478;6.45851;1.99381;1.55497;
-17.2985;-0.153814;6.68354;2.25034;1.63904;
-17.3105;-0.119398;6.88541;2.0187;1.62987;
-17.3251;-0.146631;7.06919;1.83778;1.65041;
-17.3511;-0.259722;7.2652;1.96016;1.70253;
-17.3842;-0.331473;7.4569;1.91701;1.74201;
-17.4191;-0.348395;7.65771;2.00807;1.74258;
-17.4491;-0.300409;7.86343;2.05716;1.7158;
-17.4684;-0.193113;8.05015;1.86725;1.67385;
-17.4713;-0.0281329;8.257;2.06851;1.5844;
-17.4818;-0.105377;8.4791;2.22093;1.61821;
-17.4793;0.0244259;8.66487;1.85776;1.55765;
-17.4783;0.0101828;8.88219;2.1732;1.56611;
-17.4645;0.138766;9.08136;1.99166;1.50124;
-17.4484;0.160446;9.27006;1.88705;1.48598;
-17.4239;0.245219;9.46668;1.96617;1.44672;
-17.3984;0.254577;9.66653;1.9985;1.44409;
-17.3806;0.178275;9.85708;1.9055;1.47751;
-17.3526;0.280118;10.0466;1.89544;1.42407;
-17.3038;0.487537;10.229;1.82334;1.30952;
-17.2416;0.622785;10.4213;1.92338;1.25765;
-17.1801;0.614992;10.6105;1.89181;1.25649;
-17.1112;0.68902;10.7746;1.64118;1.17331;
-17.0286;0.825237;10.982;2.0745;1.19219;
-16.9557;0.729178;11.166;1.8394;1.19338;
-16.8829;0.727942;11.3477;1.81765;1.18987;
-16.8055;0.774687;11.5401;1.92316;1.18786;
-16.7175;0.879893;11.7278;1.87734;1.13251;
-16.6355;0.819498;11.8989;1.71069;1.12405;
-16.5433;0.921751;12.0834;1.84508;1.10749;
-16.4541;0.892182;12.2642;1.80823;1.11244;
-16.3869;0.671958;12.4394;1.75217;1.20459;
-16.3005;0.864666;12.6225;1.83099;1.1296;
-16.2316;0.688704;12.7974;1.7484;1.19556;
-16.1831;0.484399;12.9913;1.93924;1.32602;
-16.1351;0.480729;13.1765;1.85245;1.31689;
-16.0747;0.603513;13.3688;1.92293;1.26668;
-15.9976;0.770999;13.5682;1.99404;1.20185;
-15.8873;1.1029;13.7501;1.8183;1.02557;
-15.7785;1.08815;13.9195;1.69483;1.00004;
-15.6687;1.09865;14.0931;1.73598;1.00656;
-15.5598;1.08832;14.2619;1.68811;0.99816;
-15.4532;1.06621;14.4363;1.74356;1.02195;
-15.3381;1.1514;14.5988;1.62546;0.954485;
-15.2237;1.14346;14.7615;1.62699;0.958188;
-15.1555;0.681858;14.929;1.67468;1.18414;
-15.0711;0.843825;15.1326;2.03617;1.17792;
-14.9912;0.79971;15.3183;1.8569;1.16413;
-14.9028;0.883445;15.4927;1.74401;1.10192;
-14.8276;0.751899;15.6678;1.75062;1.16512;
-14.7384;0.89234;15.8514;1.83617;1.11843;
-14.6487;0.896706;16.016;1.64605;1.07198;
-14.5545;0.94201;16.1836;1.67548;1.05861;
-14.4542;1.0038;16.3594;1.75814;1.05202;
-14.3751;0.7901;16.513;1.53645;1.09582;
-14.2876;0.875612;16.6723;1.59311;1.06824;
-14.2061;0.814402;16.8443;1.71978;1.12853;
-14.1199;0.862051;17.0216;1.77324;1.11829;
-14.0334;0.865365;17.206;1.84383;1.13199;
-13.9546;0.788028;17.3952;1.89238;1.17621;
-13.8756;0.789766;17.5746;1.79366;1.15603;
-13.785;0.906288;17.7479;1.73309;1.08897;
-13.7055;0.794741;17.9338;1.85869;1.16674;
-13.601;1.04561;18.0952;1.61368;0.995855;
-13.462;1.38996;18.2599;1.64719;0.869892;
-13.3415;1.20452;18.411;1.51107;0.897808;
-13.2169;1.24588;18.5673;1.56285;0.897774;
-13.0958;1.21081;18.7289;1.61675;0.927988;
-12.9779;1.17983;18.9014;1.7247;0.970838;
-12.8795;0.983879;19.0879;1.86439;1.08522;
-12.7852;0.942944;19.2684;1.80536;1.08947;
-12.6901;0.950975;19.4292;1.60829;1.0368;
-12.5831;1.06932;19.6002;1.70947;1.01181;
-12.4828;1.0038;19.7748;1.74601;1.04903;
-12.3911;0.916363;19.9369;1.62144;1.05639;
-12.2933;0.978502;20.1103;1.7334;1.05689;
-12.2074;0.859061;20.3033;1.93095;1.1522;
-12.1244;0.829811;20.4815;1.78177;1.13495;
-12.0339;0.904715;20.6445;1.6293;1.06391;
-11.9131;1.20787;20.8208;1.76296;0.970117;
-11.7846;1.28532;20.9911;1.70309;0.924296;
-11.652;1.32646;21.155;1.63892;0.890379;
-11.5267;1.25284;21.3104;1.55469;0.892499;
-11.4155;1.11137;21.4629;1.52526;0.941102;
-11.2955;1.20018;21.6286;1.65641;0.943771;
-11.1785;1.17042;21.7889;1.60319;0.94018;
-11.0682;1.10242;21.9464;1.57539;0.96022;
-10.9741;0.941629;22.0956;1.49125;1.00758;
-10.8664;1.07649;22.2658;1.70226;1.0069;
-10.7467;1.19718;22.4251;1.59288;0.926281;
-10.6277;1.18998;22.5859;1.60801;0.933704;
-10.5159;1.11849;22.7472;1.61298;0.964494;
-10.4022;1.13679;22.9119;1.64737;0.966772;
-10.2898;1.12397;23.0883;1.7634;1.00334;
-10.2039;0.858599;23.2582;1.69946;1.10298;
-10.1124;0.915482;23.4406;1.8235;1.10551;
-10.0297;0.826607;23.6165;1.75943;1.13159;
-9.93684;0.92872;23.7734;1.56943;1.03646;
-9.82782;1.09022;23.9444;1.70994;1.0032;
-9.72275;1.05068;24.1131;1.68691;1.01375;
-9.61024;1.12514;24.2941;1.81018;1.01467;
-9.49975;1.10485;24.4581;1.63962;0.977841;
-9.38581;1.13937;24.6233;1.65149;0.966878;
-9.27233;1.13486;24.7968;1.73552;0.991684;
-9.15334;1.18993;24.9559;1.59135;0.928736;
-9.02312;1.30219;25.1074;1.51408;0.860497;
-8.88659;1.36525;25.2697;1.62383;0.871691;
-8.7645;1.22087;25.4082;1.38499;0.848297;
-8.63745;1.27059;25.5583;1.50021;0.86808;
-8.51204;1.25404;25.7141;1.55853;0.893237;
-8.39516;1.16886;25.8619;1.47808;0.901692;
-8.27234;1.22812;26.0122;1.50317;0.885763;
-8.14657;1.25773;26.1663;1.54106;0.886288;
-8.02026;1.26313;26.3211;1.54751;0.886233;
-7.88743;1.32824;26.4549;1.3386;0.789285;
-7.71691;1.70524;26.5891;1.34104;0.666408;
-7.53029;1.8662;26.6898;1.0078;0.495155;
-7.35126;1.79033;26.7966;1.06743;0.537637;
-7.18972;1.61535;26.8971;1.00558;0.556808;
-7.0421;1.47626;27.0002;1.0305;0.609414;
-6.87798;1.64118;27.1136;1.13379;0.604551;
-6.73401;1.43965;27.2176;1.04019;0.625688;
-6.57775;1.56266;27.3371;1.19538;0.653009;
-6.42024;1.57507;27.4653;1.2823;0.683294;
-6.22427;1.95971;27.5779;1.12502;0.521136;
-6.05647;1.678;27.6898;1.11951;0.588351;
-5.9002;1.5627;27.805;1.15227;0.635363;
-5.74255;1.57652;27.929;1.24008;0.666511;
-5.57659;1.65961;28.0524;1.23363;0.639215;
-5.40468;1.71907;28.1659;1.13484;0.583478;
-5.24328;1.61404;28.2691;1.03216;0.568949;
-5.07313;1.70151;28.3809;1.11754;0.581135;
-4.91249;1.60634;28.4687;0.878611;0.50051;
-4.72451;1.87984;28.578;1.09262;0.526503;
-4.55638;1.68123;28.6815;1.03488;0.551774;
-4.37392;1.82469;28.7774;0.958972;0.48388;
-4.18309;1.90822;28.8543;0.769295;0.383217;
-3.99212;1.90972;28.9199;0.655829;0.330798;
-3.80272;1.89406;28.9796;0.597607;0.30563;
-3.63173;1.70989;29.0394;0.597531;0.336189;
-3.45505;1.76673;29.1368;0.973808;0.503759;
-3.2802;1.74856;29.2313;0.94546;0.49568;
-3.10208;1.78114;29.3289;0.975779;0.501184;
-2.91752;1.84567;29.4145;0.85621;0.434355;
-2.7304;1.87119;29.4991;0.845993;0.424612;
-2.57776;1.52642;29.5811;0.819828;0.49288;
-2.3968;1.80951;29.6784;0.972811;0.49328;
-2.22085;1.75955;29.7797;1.01321;0.522461;
-2.04843;1.72422;29.8826;1.02857;0.537874;
-1.89815;1.50277;29.9821;0.995856;0.585237;

-1.72611;1.72042;-29.8777;1.40172;0.683674;
-1.58074;1.45368;-29.7359;1.41805;0.772993;
-1.43245;1.48286;-29.5919;1.44009;0.770764;
-1.28112;1.51337;-29.4656;1.26248;0.695261;
-1.11632;1.64795;-29.3419;1.23681;0.643828;
-0.943969;1.72352;-29.2271;1.14876;0.587901;
-0.793788;1.50181;-29.121;1.06073;0.614939;
-0.631061;1.62727;-29.0092;1.11761;0.601812;
-0.46621;1.64851;-28.904;1.05273;0.568316;
-0.307553;1.58657;-28.8055;0.984511;0.555378;
-0.143742;1.63811;-28.6985;1.06973;0.578499;
0.0570783;2.0082;-28.6022;0.963656;0.447406;
0.233298;1.7622;-28.504;0.982157;0.508467;
0.451566;2.18268;-28.4258;0.781112;0.343667;
0.639408;1.87841;-28.3698;0.560368;0.289914;
0.820538;1.81131;-28.3188;0.510494;0.274712;
1.00938;1.88837;-28.2646;0.541422;0.279223;
1.20109;1.91719;-28.1956;0.690318;0.345615;
1.41781;2.1671;-28.1039;0.917276;0.400407;
1.61203;1.94224;-28.0273;0.765889;0.375611;
1.79822;1.8619;-27.9582;0.690438;0.355106;
1.99211;1.93892;-27.898;0.601901;0.301;
2.19004;1.97927;-27.835;0.63084;0.308545;
2.34522;1.55187;-27.7639;0.710876;0.42955;
2.53659;1.91369;-27.6769;0.869348;0.426405;
2.71648;1.79883;-27.5999;0.77008;0.404494;
2.88734;1.70862;-27.528;0.719194;0.398411;
3.07636;1.89023;-27.4432;0.848254;0.421819;
3.24413;1.6777;-27.3698;0.734097;0.412462;
3.42716;1.83024;-27.2917;0.781131;0.403387;
3.63028;2.03123;-27.2042;0.874403;0.406504;
3.81738;1.87098;-27.1226;0.815911;0.411224;
3.99916;1.81786;-27.0413;0.813404;0.420732;
4.20018;2.01018;-26.9505;0.908109;0.424313;
4.37042;1.70236;-26.8768;0.737014;0.408573;
4.52596;1.55542;-26.798;0.787603;0.468724;
4.71295;1.86992;-26.7;0.98031;0.48286;
4.8828;1.69853;-26.6386;0.613276;0.346496;
5.07941;1.96603;-26.5858;0.528329;0.262527;
5.26243;1.83018;-26.5283;0.575075;0.304448;
5.44964;1.87213;-26.4503;0.780055;0.394792;
5.63445;1.84807;-26.3835;0.668538;0.347103;
5.82588;1.91429;-26.3091;0.743227;0.370337;
6.00422;1.78349;-26.2578;0.512788;0.279967;
6.19571;1.91488;-26.1992;0.586117;0.29703;
6.40306;2.07347;-26.1429;0.563036;0.26515;
6.59246;1.89404;-26.0895;0.534457;0.275028;
6.77174;1.79281;-26.0432;0.463006;0.252735;
6.96917;1.97423;-25.9941;0.490685;0.243609;
7.1559;1.86733;-25.9491;0.450593;0.236777;
7.36999;2.14093;-25.8973;0.517274;0.237069;
7.5647;1.94711;-25.8549;0.424639;0.214725;
7.773;2.08293;-25.8215;0.333922;0.158961;
7.98486;2.11859;-25.7836;0.378434;0.176762;
8.18517;2.00317;-25.746;0.376144;0.185613;
8.39303;2.07855;-25.6941;0.519315;0.244833;
8.57672;1.83692;-25.6452;0.488745;0.260043;
8.75417;1.77452;-25.5748;0.704402;0.377877;
8.93703;1.82855;-25.4884;0.863299;0.441097;
9.11408;1.7705;-25.4019;0.865706;0.454778;
9.26935;1.55278;-25.3247;0.771581;0.461168;
9.44087;1.71518;-25.2276;0.971271;0.515257;
9.61691;1.7604;-25.1438;0.838192;0.444377;
9.80776;1.90851;-25.0749;0.688338;0.346147;
9.98229;1.74527;-25.0093;0.656804;0.35994;
10.1764;1.94125;-24.9429;0.663073;0.329146;
10.3653;1.88884;-24.8595;0.834161;0.415868;
10.5517;1.86449;-24.7972;0.623476;0.322705;
10.7416;1.89862;-24.7341;0.631223;0.320969;
10.909;1.67407;-24.6753;0.587731;0.337635;
11.0774;1.68357;-24.6027;0.725481;0.406873;
11.2626;1.85206;-24.5234;0.793428;0.40475;
11.4464;1.83806;-24.4431;0.80263;0.411715;
11.6258;1.79407;-24.3629;0.802294;0.420515;
11.806;1.8018;-24.292;0.709307;0.375033;
12;1.94069;-24.2213;0.707159;0.349432;
12.1904;1.90405;-24.1553;0.659707;0.333532;
12.3605;1.70028;-24.0896;0.657085;0.368778;
12.5547;1.94179;-24.001;0.886084;0.428099;
12.7288;1.74101;-23.9349;0.660713;0.362709;
12.9156;1.86849;-23.8631;0.717745;0.366753;
13.0977;1.82111;-23.7877;0.754474;0.392767;
13.2844;1.86648;-23.7109;0.767981;0.390346;
13.4695;1.85165;-23.6211;0.897985;0.451547;
13.6396;1.70117;-23.5564;0.646319;0.363082;
13.83;1.90354;-23.4884;0.680445;0.343308;
14.0158;1.85762;-23.4154;0.729792;0.37434;
14.1894;1.73642;-23.3543;0.610863;0.338272;
14.379;1.89568;-23.293;0.613805;0.313139;
14.5834;2.04437;-23.2025;0.904336;0.416477;
14.7764;1.92957;-23.1494;0.531019;0.268553;
14.9664;1.90024;-23.1015;0.478972;0.246915;
15.1591;1.92736;-23.0532;0.483045;0.245567;
15.355;1.9583;-23.0001;0.530843;0.264712;
15.5605;2.05525;-22.9276;0.724976;0.339117;
15.7434;1.82961;-22.8666;0.610603;0.322111;
15.9431;1.9963;-22.8072;0.593802;0.289117;
16.1311;1.88056;-22.7576;0.496001;0.257879;
16.3273;1.96153;-22.6879;0.697043;0.341438;
16.521;1.93757;-22.6176;0.702827;0.347976;
16.7115;1.90454;-22.5473;0.702831;0.353525;
16.8952;1.83671;-22.4751;0.722509;0.374779;
17.0707;1.7558;-22.3916;0.835131;0.443972;
17.2695;1.98729;-22.2973;0.942286;0.442759;
17.4571;1.8763;-22.2012;0.961509;0.473558;
17.6219;1.64768;-22.1151;0.860978;0.481516;
17.8184;1.96548;-22.0284;0.867016;0.415446;
18.004;1.85537;-21.9389;0.894566;0.449265;
18.184;1.80044;-21.8674;0.714848;0.377953;
18.3455;1.61548;-21.7966;0.708363;0.413237;
18.527;1.81423;-21.7358;0.608337;0.323533;
18.7097;1.82707;-21.6555;0.80256;0.413888;
18.9031;1.93388;-21.5867;0.688633;0.342089;
19.0924;1.89308;-21.5216;0.650413;0.330939;
19.2731;1.80774;-21.4506;0.710453;0.374462;
19.4701;1.96994;-21.3588;0.91808;0.436116;
19.6669;1.96748;-21.2781;0.806404;0.388983;
19.8627;1.95801;-21.1932;0.849402;0.409309;
20.0234;1.60733;-21.1089;0.843079;0.483072;
20.2019;1.78461;-21.0068;1.02088;0.519613;
20.3865;1.84609;-20.9055;1.01239;0.50161;
20.571;1.84507;-20.8093;0.962455;0.480807;
20.7518;1.80802;-20.7176;0.916762;0.469274;
20.9307;1.78928;-20.6294;0.881953;0.45796;
21.0783;1.47522;-20.5518;0.776124;0.484314;
21.2572;1.7897;-20.4608;0.909675;0.470252;
21.4512;1.9396;-20.3627;0.981631;0.468516;
21.636;1.84828;-20.2683;0.944217;0.472299;
21.8216;1.85633;-20.177;0.912667;0.456946;
22.0274;2.05778;-20.1325;0.444961;0.212955;
22.2124;1.84969;-20.0822;0.502695;0.265364;
22.3965;1.84101;-20.0198;0.624681;0.327124;
22.5779;1.8142;-19.9611;0.586355;0.312605;
22.7899;2.12022;-19.9006;0.605743;0.278285;
22.982;1.92043;-19.8469;0.536838;0.272582;
23.2085;2.26511;-19.7906;0.562245;0.243302;
23.4191;2.10634;-19.7411;0.494998;0.230815;
23.6417;2.22547;-19.6943;0.467989;0.207268;
23.8197;1.78027;-19.6572;0.371145;0.205532;
24.0155;1.95772;-19.6168;0.404281;0.203644;
24.1979;1.82442;-19.5676;0.492058;0.263438;
24.3864;1.88484;-19.5275;0.400518;0.20938;
24.5817;1.95345;-19.4885;0.390345;0.197225;
24.7832;2.0144;-19.4481;0.404563;0.198199;
25.0111;2.27879;-19.4122;0.35882;0.156178;
25.2063;1.95218;-19.3835;0.286984;0.145962;
25.3944;1.88087;-19.3528;0.307209;0.161904;
25.6015;2.07164;-19.3202;0.325558;0.155876;
25.7884;1.86886;-19.2789;0.412698;0.217341;
25.9772;1.88786;-19.2397;0.391781;0.204622;
26.1724;1.95237;-19.1997;0.400852;0.202501;
26.374;2.01535;-19.1691;0.305832;0.150602;
26.5711;1.97118;-19.1464;0.226549;0.114429;
26.7732;2.02064;-19.1232;0.232115;0.114371;
26.971;1.97874;-19.0871;0.360819;0.180366;
27.1695;1.98481;-19.0395;0.476529;0.235628;
27.366;1.96521;-18.9999;0.395485;0.198591;
27.5633;1.97223;-18.9618;0.381677;0.191162;
27.7641;2.00825;-18.927;0.347489;0.171334;
27.9617;1.97607;-18.8951;0.318905;0.160004;
28.1391;1.77423;-18.8544;0.406957;0.225471;
28.3229;1.83834;-18.8041;0.503751;0.267459;
28.5009;1.77916;-18.7491;0.549864;0.299746;
28.7045;2.03665;-18.6959;0.531952;0.255482;
28.8935;1.89006;-18.6586;0.37295;0.194819;
29.0983;2.04773;-18.6;0.585682;0.278577;
29.2878;1.89471;-18.5226;0.774457;0.388025;
29.4813;1.93576;-18.4306;0.919694;0.443536;
29.675;1.93619;-18.3589;0.716594;0.354472;
29.8458;1.70826;-18.2854;0.734974;0.406307;

-29.9706;1.8365;-18.2032;0.822641;0.421139;
-29.8207;1.49833;-18.1195;0.836767;0.50932;
-29.6345;1.86177;-18.0212;0.983311;0.485921;
-29.4584;1.76165;-17.9295;0.916165;0.479567;
-29.283;1.75416;-17.8365;0.930116;0.487543;
-29.1023;1.80709;-17.7598;0.767453;0.401607;
-28.9311;1.71112;-17.6877;0.720833;0.398703;
-28.746;1.8516;-17.6063;0.813832;0.414113;
-28.5646;1.81379;-17.5124;0.939718;0.478021;
-28.3802;1.84395;-17.4056;1.06706;0.524597;
-28.2122;1.68056;-17.3149;0.907626;0.495189;
-28.0421;1.70072;-17.2128;1.02087;0.540609;
-27.8682;1.73928;-17.1072;1.05611;0.545705;
-27.7048;1.63381;-17.0005;1.06642;0.578283;
-27.5331;1.71654;-16.8985;1.01994;0.536131;
-27.3551;1.78053;-16.7936;1.04992;0.532787;
-27.1549;2.00179;-16.6801;1.13469;0.515679;
-26.953;2.0192;-16.5658;1.14308;0.515124;
-26.7785;1.74423;-16.4672;0.986037;0.514523;
-26.604;1.74539;-16.3679;0.992482;0.517035;
-26.4527;1.51317;-16.233;1.34927;0.7282;
-26.3206;1.32131;-16.1053;1.27656;0.768175;
-26.1693;1.51252;-15.9726;1.32754;0.720355;
-26.016;1.53345;-15.8562;1.16387;0.649229;
-25.8489;1.67077;-15.731;1.25234;0.643219;
-25.6816;1.67243;-15.6098;1.21203;0.627119;
-25.5079;1.73692;-15.4664;1.43398;0.690147;
-25.3592;1.487;-15.3325;1.33894;0.733053;
-25.2083;1.50949;-15.1929;1.39543;0.746153;
-25.0617;1.46584;-15.0568;1.36181;0.748625;
-24.9025;1.5925;-14.9408;1.15976;0.629444;
-24.7408;1.61628;-14.8091;1.31715;0.683778;
-24.5866;1.54252;-14.6831;1.2597;0.684812;
-24.4214;1.65204;-14.5638;1.19325;0.62553;
-24.2751;1.46246;-14.4494;1.14383;0.663747;
-24.1178;1.57375;-14.3267;1.22651;0.662026;
-23.9642;1.53536;-14.2084;1.18365;0.656762;
-23.8112;1.53056;-14.0876;1.20748;0.667944;
-23.67;1.41181;-13.9642;1.23381;0.71822;
-23.5031;1.66862;-13.8149;1.49311;0.729943;
-23.3505;1.52576;-13.6903;1.2466;0.685044;
-23.191;1.59561;-13.5685;1.21813;0.65204;
-23.0326;1.584;-13.4536;1.14838;0.627298;
-22.879;1.53556;-13.3552;0.983992;0.569883;
-22.7158;1.63228;-13.2485;1.06757;0.579209;
-22.5428;1.72975;-13.1472;1.01208;0.529392;
-22.3581;1.84709;-13.0294;1.17836;0.567864;
-22.1915;1.66656;-12.9068;1.22651;0.63445;
-22.0175;1.74011;-12.7828;1.23923;0.618839;
-21.8505;1.66929;-12.6722;1.10613;0.585203;
-21.6724;1.78118;-12.5679;1.04349;0.529943;
-21.5151;1.57303;-12.4697;0.981536;0.557864;
-21.3475;1.67612;-12.3689;1.00842;0.541625;
-21.1835;1.64006;-12.26;1.08928;0.586272;
-21.0169;1.66609;-12.1482;1.11759;0.59085;
-20.848;1.6883;-12.0263;1.21907;0.625386;
-20.6725;1.75565;-11.8936;1.32676;0.647144;
-20.4989;1.73609;-11.7957;0.978656;0.51331;
-20.3241;1.74752;-11.7014;0.94385;0.495217;
-20.1539;1.70244;-11.5971;1.04281;0.549588;
-19.9966;1.57304;-11.4776;1.19469;0.649537;
-19.8364;1.60174;-11.3547;1.2291;0.654512;
-19.6772;1.5919;-11.2274;1.27342;0.674703;
-19.5051;1.72121;-11.109;1.18318;0.602227;
-19.3357;1.69387;-10.9937;1.15381;0.597976;
-19.1595;1.7623;-10.8778;1.15848;0.581538;
-19.0048;1.54674;-10.7608;1.16972;0.647489;
-18.8543;1.50472;-10.6477;1.13139;0.644715;
-18.7014;1.52958;-10.5101;1.37631;0.732702;
-18.5315;1.69863;-10.386;1.24113;0.631011;
-18.3645;1.66974;-10.2646;1.21362;0.628505;
-18.1981;1.66469;-10.1477;1.1691;0.612263;
-18.0281;1.69993;-10.0405;1.07175;0.562521;
-17.8647;1.63374;-9.9302;1.10311;0.593892;
-17.6882;1.76464;-9.81948;1.1072;0.56035;
-17.5051;1.83174;-9.72318;0.963019;0.484028;
-17.3255;1.79581;-9.63711;0.860657;0.446916;
-17.1449;1.80589;-9.55099;0.861248;0.445006;
-16.9622;1.82685;-9.4667;0.842895;0.432288;
-16.7938;1.68422;-9.38939;0.773088;0.430329;
-16.5925;2.01268;-9.31402;0.753656;0.358292;
-16.4148;1.77734;-9.22508;0.889411;0.463981;
-16.2394;1.75417;-9.13377;0.913108;0.479942;
-16.0656;1.73711;-9.06515;0.68618;0.376199;
-15.8813;1.84327;-8.99967;0.654828;0.341347;
-15.693;1.88343;-8.93264;0.670258;0.341895;
-15.5045;1.88501;-8.86597;0.666774;0.339988;
-15.3026;2.0191;-8.81599;0.499781;0.242649;
-15.1112;1.91368;-8.76524;0.507451;0.259205;
-14.9147;1.96466;-8.70815;0.570898;0.282796;
-14.7145;2.00234;-8.64888;0.592754;0.287811;
-14.5039;2.10625;-8.61125;0.376301;0.176794;
-14.316;1.87862;-8.57812;0.331248;0.174532;
-14.1207;1.9536;-8.53399;0.441375;0.222198;
-13.9364;1.84224;-8.49512;0.388679;0.207933;
-13.7419;1.94569;-8.45461;0.405119;0.20528;
-13.5297;2.12174;-8.40177;0.52838;0.244066;
-13.3302;1.99445;-8.35432;0.474435;0.233537;
-13.1163;2.13986;-8.31522;0.391083;0.180766;
-12.9224;1.93851;-8.27628;0.389346;0.198211;
-12.7518;1.70588;-8.2167;0.595839;0.336039;
-12.5574;1.94422;-8.14978;0.669143;0.331472;
-12.3688;1.88544;-8.10894;0.408475;0.21335;
-12.1704;1.98483;-8.08795;0.20988;0.105351;
-11.9796;1.90761;-8.06098;0.269653;0.140426;
-11.7806;1.98996;-8.05487;0.0610957;0.0306924;
-11.5744;2.06227;-8.02939;0.254819;0.122939;
-11.3695;2.04891;-8.00172;0.27669;0.13423;
-11.1779;1.91574;-7.96145;0.402733;0.207206;
-10.9884;1.89478;-7.90599;0.554551;0.284721;
-10.7964;1.91996;-7.85004;0.559514;0.283566;
-10.5983;1.98174;-7.79493;0.551146;0.271257;
-10.4076;1.90643;-7.73349;0.614357;0.311748;
-10.2205;1.87086;-7.67014;0.633532;0.326512;
-10.0405;1.80002;-7.59729;0.728452;0.384544;
-9.84476;1.95783;-7.51842;0.788772;0.382988;
-9.65353;1.91224;-7.45579;0.626296;0.31651;
-9.45692;1.96608;-7.39264;0.631435;0.310759;
-9.25596;2.00962;-7.33578;0.568654;0.275757;
-9.05932;1.96648;-7.29183;0.439497;0.219881;
-8.84473;2.14582;-7.23173;0.600932;0.273053;
-8.64262;2.02109;-7.18735;0.443891;0.216197;
-8.44477;1.97849;-7.14998;0.373658;0.186661;
-8.24626;1.98519;-7.1065;0.434839;0.215636;
-8.06386;1.82398;-7.05499;0.515074;0.275224;
-7.87512;1.8874;-7.02769;0.272964;0.143629;
-7.66406;2.11057;-7.0078;0.198972;0.0939965;
-7.45445;2.09616;-6.99064;0.171505;0.0816367;
-7.25606;1.98387;-6.98523;0.0541431;0.0272848;
-7.05564;2.00418;-6.99668;-0.114487;-0.0570621;
-6.83938;2.16259;-7.02933;-0.326479;-0.149835;
-6.64721;1.92174;-7.07627;-0.469399;-0.239566;
-6.45003;1.97177;-7.13183;-0.555602;-0.274657;
-6.26161;1.8842;-7.19093;-0.591048;-0.303965;
-6.07104;1.9057;-7.25499;-0.640583;-0.324275;
-5.88234;1.88701;-7.33462;-0.796298;-0.399318;
-5.69894;1.83398;-7.41013;-0.755121;-0.390586;
-5.51673;1.82209;-7.49194;-0.818072;-0.422001;
-5.34674;1.69988;-7.55695;-0.65008;-0.365266;
-5.15416;1.92581;-7.62063;-0.63683;-0.319362;
-4.96136;1.92806;-7.67516;-0.545269;-0.27561;
-4.76819;1.93165;-7.73307;-0.579172;-0.291303;
-4.57613;1.92064;-7.79114;-0.580625;-0.293573;
-4.40016;1.75963;-7.84117;-0.50032;-0.277022;
-4.20921;1.90955;-7.88647;-0.453021;-0.232933;
-4.00363;2.05575;-7.95148;-0.650135;-0.3063;
-3.81478;1.88859;-7.99043;-0.389434;-0.203353;
-3.62014;1.94637;-8.03033;-0.399008;-0.2022;
-3.41498;2.05158;-8.07434;-0.440066;-0.211299;
-3.22444;1.90542;-8.12918;-0.548466;-0.280269;
-3.03035;1.94085;-8.18234;-0.531559;-0.267325;
-2.8127;2.17656;-8.25;-0.676594;-0.301385;
-2.60905;2.03651;-8.29208;-0.420827;-0.203773;
-2.40405;2.04996;-8.34741;-0.553268;-0.263611;
-2.2157;1.88353;-8.3952;-0.477971;-0.248518;
-2.01471;2.00989;-8.44196;-0.467609;-0.228588;
-1.81948;1.95232;-8.4814;-0.394398;-0.199332;
-1.62597;1.93508;-8.52879;-0.473906;-0.240176;
-1.4054;2.20567;-8.57325;-0.444599;-0.198905;
-1.22095;1.84458;-8.60243;-0.291752;-0.156868;
-1.01664;2.04306;-8.62243;-0.199974;-0.0975686;
-0.812548;2.04091;-8.64065;-0.182255;-0.0890647;
-0.631641;1.80907;-8.65085;-0.101971;-0.0563067;
-0.429917;2.01724;-8.66027;-0.0941852;-0.0466562;
-0.240771;1.89146;-8.67717;-0.168983;-0.0891034;
-0.0425896;1.98181;-8.6932;-0.160319;-0.0807193;
0.153944;1.96534;-8.71026;-0.170646;-0.0866104;
0.355493;2.01549;-8.72112;-0.108564;-0.0538129;
0.557923;2.02429;-8.73899;-0.178741;-0.0880696;
0.756409;1.98487;-8.75775;-0.187518;-0.0941946;
0.949931;1.93522;-8.77557;-0.178291;-0.0918703;
1.13794;1.88005;-8.7903;-0.147285;-0.0781812;
1.32503;1.87091;-8.82881;-0.385061;-0.202981;
1.53108;2.06054;-8.88069;-0.518772;-0.246639;
1.71598;1.84902;-8.94475;-0.64062;-0.333521;
1.90807;1.92088;-9.00173;-0.569862;-0.288397;
2.10844;2.00366;-9.04737;-0.456404;-0.223963;
2.30493;1.96489;-9.09251;-0.451371;-0.2258;
2.50167;1.96743;-9.13867;-0.461629;-0.230466;
2.71689;2.15223;-9.18533;-0.466523;-0.21346;
2.90314;1.86251;-9.22611;-0.40781;-0.215555;
3.10259;1.99449;-9.2679;-0.417913;-0.206545;
3.28187;1.79278;-9.31423;-0.463276;-0.252881;
3.47148;1.89613;-9.35658;-0.423541;-0.219764;
3.65;1.78517;-9.43696;-0.803787;-0.423069;
3.83296;1.8296;-9.52068;-0.837221;-0.429155;
4.02179;1.88834;-9.60187;-0.811857;-0.406041;
4.19817;1.76378;-9.68667;-0.848038;-0.448177;
4.38103;1.82855;-9.76951;-0.82836;-0.425357;
4.56666;1.85632;-9.84693;-0.774196;-0.395125;
4.74187;1.75216;-9.92057;-0.736401;-0.397868;
4.93346;1.91589;-9.98594;-0.653746;-0.328835;
5.11899;1.85531;-10.0593;-0.733575;-0.376528;
5.33846;2.19469;-10.1345;-0.751513;-0.32991;
5.53426;1.95793;-10.2097;-0.752766;-0.367047;
5.72186;1.87608;-10.2798;-0.700588;-0.357394;
5.89744;1.75578;-10.3428;-0.630282;-0.344649;
6.09134;1.93898;-10.3919;-0.491244;-0.248131;
6.26984;1.785;-10.4435;-0.515914;-0.28136;
6.43974;1.699;-10.49;-0.464966;-0.267129;
6.64784;2.08104;-10.5426;-0.526022;-0.247583;
6.82772;1.79874;-10.5926;-0.499769;-0.271008;
7.02063;1.92917;-10.6491;-0.565116;-0.284961;
7.22288;2.02247;-10.6998;-0.506837;-0.245546;
7.42053;1.9765;-10.758;-0.582258;-0.286487;
7.61399;1.93459;-10.8195;-0.614625;-0.307618;
7.80438;1.90386;-10.8782;-0.587552;-0.299338;
8.00395;1.99577;-10.9337;-0.554983;-0.271227;
8.19555;1.91592;-10.98;-0.462861;-0.237045;
8.40723;2.11683;-11.0182;-0.381376;-0.178252;
8.60523;1.98001;-11.0131;0.0501782;0.025337;
8.80373;1.98497;-11.0141;-0.00902454;-0.00454641;
9.01568;2.11952;-11.0271;-0.130201;-0.0613527;
9.21147;1.95794;-11.03;-0.0296828;-0.0151591;
9.40173;1.90263;-11.0386;-0.0854604;-0.0448868;
9.59856;1.9683;-11.0554;-0.167847;-0.0850693;
9.7948;1.96232;-11.0751;-0.197575;-0.100346;
9.97821;1.83412;-11.0967;-0.215779;-0.117109;
10.1764;1.98154;-11.1197;-0.229949;-0.115528;
10.3754;1.99059;-11.1255;-0.0580564;-0.0291572;
10.5751;1.99684;-11.1307;-0.0515679;-0.0258191;
10.7798;2.04659;-11.1456;-0.149171;-0.0727591;
10.9881;2.08384;-11.1579;-0.123249;-0.0590764;
11.1876;1.99448;-11.1702;-0.122965;-0.0615749;
11.3864;1.98762;-11.1854;-0.152061;-0.0763552;
11.5857;1.99311;-11.2022;-0.167628;-0.0839065;
11.7836;1.97971;-11.2244;-0.222033;-0.111688;
11.9863;2.02687;-11.2414;-0.169763;-0.0835612;
12.2076;2.21281;-11.26;-0.186822;-0.0842279;
12.4086;2.01;-11.2721;-0.120633;-0.0599446;
12.6035;1.9488;-11.2594;0.126915;0.0650326;
12.8218;2.18289;-11.2419;0.175395;0.0801775;
13.0231;2.01326;-11.2267;0.151349;0.0750348;
13.2368;2.1373;-11.2048;0.218963;0.102092;
13.4284;1.91556;-11.1619;0.429422;0.22053;
13.636;2.07631;-11.1091;0.528185;0.249102;
13.8319;1.95911;-11.0626;0.46458;0.232837;
14.015;1.83097;-11.0261;0.365155;0.196849;
14.1747;1.59631;-10.9918;0.343142;0.211738;
14.3702;1.95543;-10.9498;0.420031;0.211587;
14.5557;1.85505;-10.9178;0.319937;0.170788;
14.7275;1.71768;-10.8796;0.382094;0.218883;
14.92;1.92526;-10.8286;0.509706;0.258809;
15.1186;1.98584;-10.7717;0.568816;0.278967;
15.3094;1.90771;-10.7161;0.555888;0.283539;
15.5015;1.92147;-10.66;0.561814;0.284459;
15.6972;1.95721;-10.6001;0.59857;0.296795;
15.8922;1.94964;-10.5474;0.526639;0.263824;
16.0719;1.79712;-10.472;0.754313;0.397402;
16.2344;1.62465;-10.4058;0.662128;0.386999;
16.423;1.88614;-10.3319;0.738908;0.373379;
16.5936;1.7059;-10.2687;0.632133;0.35487;
16.7805;1.86891;-10.2009;0.677663;0.347853;
16.9779;1.97458;-10.1297;0.71215;0.346139;
17.1306;1.52681;-10.0862;0.434705;0.277374;
17.3192;1.88605;-10.0227;0.635558;0.325027;
17.5014;1.8222;-9.9735;0.491777;0.263601;
17.6957;1.94248;-9.92221;0.512877;0.258141;
17.8987;2.02991;-9.87215;0.500669;0.241819;
18.0895;1.90823;-9.82225;0.499015;0.255778;
18.2752;1.85672;-9.77736;0.448821;0.237178;
18.4654;1.90216;-9.75573;0.216334;0.113244;
18.6736;2.08267;-9.73618;0.195478;0.0935854;
18.8746;2.00942;-9.71643;0.197538;0.0979911;
19.0907;2.16114;-9.70085;0.155808;0.0719709;
19.2921;2.01408;-9.69438;0.0646879;0.0321067;
19.496;2.03911;-9.66168;0.326986;0.159003;
19.6868;1.90806;-9.63176;0.299203;0.155543;
19.8835;1.96722;-9.60079;0.309702;0.15615;
20.068;1.84475;-9.55702;0.437654;0.232937;
20.2541;1.86094;-9.50459;0.524367;0.274654;
20.4454;1.91262;-9.45057;0.540163;0.275252;
20.6494;2.03988;-9.39679;0.537849;0.2578;
20.866;2.16671;-9.33042;0.663686;0.297236;
21.0588;1.92795;-9.27496;0.554606;0.280103;
21.257;1.98133;-9.21308;0.618748;0.302693;
21.449;1.92024;-9.15356;0.595216;0.300578;
21.6575;2.08541;-9.09425;0.593067;0.277074;
21.8542;1.96707;-9.04629;0.479696;0.239194;
22.0289;1.74644;-9.00565;0.406315;0.228587;
22.2214;1.92554;-8.99003;0.156198;0.0809417;
22.4216;2.00161;-8.97346;0.165765;0.082627;
22.6182;1.96562;-8.95452;0.189358;0.0960388;
22.8224;2.0422;-8.92101;0.335109;0.162643;
23.0272;2.04868;-8.87871;0.422963;0.203596;
23.2291;2.01844;-8.83102;0.476923;0.232028;
23.4311;2.02023;-8.77977;0.512487;0.248437;
23.6279;1.96748;-8.73556;0.442179;0.22107;
23.8213;1.93477;-8.69593;0.396256;0.202014;
24.0171;1.95761;-8.65582;0.401147;0.202119;
24.21;1.92857;-8.63158;0.24233;0.124998;
24.4097;1.99789;-8.62671;0.0487289;0.0243853;
24.6006;1.9086;-8.61264;0.140696;0.073584;
24.8222;2.21583;-8.57993;0.327056;0.146542;
25.0256;2.03393;-8.53352;0.464186;0.224378;
25.2212;1.95637;-8.49135;0.421612;0.212261;
25.4257;2.04526;-8.44025;0.511009;0.244838;
25.6151;1.89389;-8.38648;0.537771;0.276669;
25.8133;1.98205;-8.33726;0.492148;0.243381;
26.008;1.94665;-8.29117;0.460885;0.232477;
26.1894;1.814;-8.23621;0.549622;0.294196;
26.3813;1.91858;-8.18484;0.513666;0.261598;
26.5658;1.84525;-8.13934;0.455044;0.241778;
26.7678;2.02031;-8.11936;0.199762;0.0985566;
26.9666;1.98757;-8.09948;0.198867;0.0997237;
27.162;1.95438;-8.07549;0.23986;0.122118;
27.3578;1.95743;-8.03991;0.355769;0.17979;
27.5674;2.09688;-8.00023;0.396793;0.187019;
27.741;1.73539;-7.97067;0.295597;0.168715;
27.9366;1.95597;-7.95443;0.16248;0.0828787;
28.1541;2.17507;-7.91337;0.41055;0.186558;
28.3891;2.35035;-7.86902;0.443508;0.186506;
28.5847;1.9563;-7.83095;0.380751;0.192225;
28.7797;1.94963;-7.7804;0.505446;0.253668;
28.9852;2.0549;-7.73128;0.491211;0.234641;
29.1827;1.97529;-7.67838;0.529005;0.26167;
29.3791;1.96339;-7.62795;0.504325;0.251429;
29.565;1.85896;-7.60212;0.258233;0.138029;
29.7581;1.93121;-7.5782;0.239221;0.123244;
29.9514;1.93363;-7.54127;0.369362;0.188746;

-29.8402;2.08364;-7.46562;0.756485;0.348261;
-29.653;1.87215;-7.3758;0.898186;0.447326;
-29.4767;1.76255;-7.29021;0.855845;0.452039;
-29.2979;1.78801;-7.20919;0.810203;0.425455;
-29.1187;1.79214;-7.13482;0.743723;0.393363;
-28.9311;1.8758;-7.05596;0.788631;0.397988;
-28.761;1.70104;-6.9707;0.852538;0.464595;
-28.583;1.77981;-6.89037;0.803298;0.423966;
-28.398;1.85067;-6.81791;0.724618;0.373196;
-28.213;1.84946;-6.7689;0.490084;0.259034;
-28.0394;1.73595;-6.71741;0.514909;0.288349;
-27.8506;1.88866;-6.65678;0.606308;0.310633;
-27.655;1.95607;-6.59389;0.628923;0.311085;
-27.4506;2.04325;-6.52231;0.715851;0.336986;
-27.2534;1.97217;-6.45633;0.659717;0.322811;
-27.0659;1.87494;-6.39187;0.644653;0.331163;
-26.8778;1.88109;-6.32905;0.628225;0.322322;
-26.7091;1.68708;-6.27782;0.512279;0.294801;
-26.5389;1.70215;-6.24178;0.360361;0.208629;
-26.3646;1.74296;-6.18341;0.583701;0.323152;
-26.2001;1.64527;-6.13187;0.515395;0.303576;
-26.0165;1.83556;-6.06496;0.669163;0.349581;
-25.8531;1.63363;-6.01187;0.530841;0.314182;
-25.6467;2.06482;-5.92158;0.902913;0.412228;
-25.4451;2.01575;-5.83607;0.855126;0.401212;
-25.2656;1.79498;-5.74678;0.892848;0.461576;
-25.0677;1.97916;-5.66778;0.790042;0.3798;
-24.8822;1.85449;-5.59397;0.738119;0.378795;
-24.6778;2.04454;-5.51086;0.831072;0.386082;
-24.4903;1.87459;-5.43372;0.771368;0.39037;
-24.311;1.79313;-5.36285;0.708685;0.376381;
-24.1349;1.76063;-5.29731;0.655457;0.356389;
-23.9491;1.85795;-5.22181;0.754993;0.385976;
-23.7646;1.84545;-5.15557;0.662399;0.344614;
-23.5716;1.92962;-5.09749;0.580839;0.292385;
-23.3669;2.0471;-5.03476;0.627296;0.297346;
-23.1665;2.00413;-4.97353;0.612285;0.296506;
-22.9867;1.79816;-4.9034;0.701265;0.371848;
-22.8042;1.82449;-4.8331;0.703005;0.367784;
-22.643;1.61215;-4.76883;0.642693;0.379347;
-22.4865;1.56485;-4.68418;0.846485;0.495858;
-22.3032;1.83306;-4.61127;0.72916;0.378594;
-22.1097;1.93535;-4.54867;0.62602;0.312844;
-21.9032;2.06505;-4.48724;0.614246;0.289115;
-21.7226;1.80628;-4.42303;0.642111;0.341555;
-21.5413;1.81235;-4.34129;0.817364;0.423683;
-21.3695;1.7183;-4.27447;0.668256;0.370906;
-21.1891;1.80428;-4.19399;0.804734;0.419534;
-20.9962;1.92902;-4.12849;0.655078;0.327373;
-20.8317;1.64457;-4.06088;0.676083;0.390039;
-20.6344;1.97304;-3.98517;0.757052;0.366374;
-20.4427;1.91759;-3.89202;0.931479;0.452186;
-20.2521;1.90591;-3.80698;0.850492;0.419721;
-20.0718;1.80291;-3.73679;0.701843;0.371234;
-19.8719;1.99924;-3.65887;0.779225;0.371648;
-19.6678;2.04006;-3.58836;0.705099;0.332773;
-19.4771;1.90705;-3.5068;0.815592;0.404133;
-19.2952;1.81988;-3.43076;0.760426;0.395793;
-19.1209;1.74209;-3.35414;0.766123;0.414316;
-18.9679;1.53049;-3.2949;0.5924;0.369308;
-18.7815;1.86383;-3.22265;0.722582;0.369846;
-18.5891;1.92392;-3.15864;0.640098;0.321185;
-18.3782;2.10882;-3.1016;0.570373;0.26415;
-18.168;2.10207;-3.06069;0.409125;0.192226;
-17.959;2.09015;-3.01424;0.464495;0.218677;
-17.7506;2.08387;-2.96536;0.488758;0.230379;
-17.5492;2.0145;-2.94299;0.22375;0.110616;
-17.343;2.06148;-2.92411;0.188742;0.091302;
-17.1452;1.97831;-2.90726;0.168556;0.0849967;
-16.9585;1.8667;-2.88753;0.197257;0.105281;
-16.7492;2.09314;-2.8624;0.251298;0.119486;
-16.5203;2.28946;-2.85084;0.115615;0.0504558;
-16.3317;1.8855;-2.84049;0.103461;0.0548167;
-16.1288;2.02916;-2.83685;0.0364757;0.0179739;
-15.9324;1.9639;-2.84147;-0.0462172;-0.023529;
-15.7306;2.01846;-2.8472;-0.0573082;-0.0283844;
-15.5356;1.94964;-2.85819;-0.109954;-0.0563375;
-15.339;1.96616;-2.87344;-0.152467;-0.0773907;
-15.1302;2.08841;-2.86245;0.109871;0.0525615;
-14.9344;1.95707;-2.85881;0.0364165;0.0186055;
-14.7361;1.9836;-2.88277;-0.239532;-0.120174;
-14.5377;1.98371;-2.90587;-0.231006;-0.115929;
-14.3692;1.68503;-2.93571;-0.298443;-0.175297;
-14.1737;1.95544;-2.96269;-0.269747;-0.137082;
-13.9785;1.95199;-2.99586;-0.331755;-0.168349;
-13.7893;1.89143;-3.0356;-0.39738;-0.207084;
-13.592;1.97295;-3.06122;-0.256225;-0.129146;
-13.4043;1.87718;-3.08295;-0.217245;-0.115217;
-13.2271;1.77189;-3.10573;-0.227894;-0.127914;
-13.0281;1.99046;-3.14099;-0.352516;-0.175286;
-12.8359;1.92198;-3.17363;-0.326461;-0.168251;
-12.6437;1.92184;-3.18088;-0.0725014;-0.037707;
-12.4451;1.98593;-3.18768;-0.0680018;-0.0342284;
-12.245;2.00114;-3.19125;-0.0356769;-0.0178264;
-12.051;1.93954;-3.2055;-0.142447;-0.0733119;
-11.8399;2.1112;-3.23158;-0.260832;-0.122924;
-11.6429;1.97006;-3.25705;-0.254665;-0.128555;
-11.4431;1.99806;-3.27911;-0.220673;-0.109998;
-11.2564;1.867;-3.29978;-0.206725;-0.110277;
-11.0566;1.99752;-3.32741;-0.276265;-0.137432;
-10.8642;1.92448;-3.36046;-0.330481;-0.170066;
-10.6723;1.91909;-3.39456;-0.341041;-0.175874;
-10.484;1.88305;-3.43526;-0.40697;-0.212849;
-10.2874;1.96542;-3.47659;-0.413244;-0.207238;
-10.0716;2.15838;-3.53154;-0.549541;-0.249311;
-9.85567;2.15935;-3.56701;-0.354745;-0.162828;
-9.65676;1.98916;-3.61354;-0.465242;-0.229758;
-9.46002;1.96739;-3.6741;-0.605646;-0.298637;
-9.26774;1.92272;-3.73135;-0.572522;-0.289407;
-9.07036;1.97384;-3.80729;-0.759329;-0.367244;
-8.88152;1.88843;-3.8811;-0.73817;-0.372629;
-8.69769;1.83827;-3.95373;-0.726256;-0.376255;
-8.50405;1.93639;-4.02852;-0.747903;-0.368585;
-8.3176;1.8645;-4.10585;-0.773296;-0.393155;
-8.14534;1.72262;-4.16447;-0.586163;-0.327984;
-7.9365;2.08836;-4.23049;-0.660277;-0.306226;
-7.74474;1.91765;-4.29434;-0.63844;-0.321386;
-7.55383;1.90906;-4.35881;-0.644745;-0.325702;
-7.36984;1.83992;-4.41831;-0.594961;-0.31275;
-7.17952;1.90319;-4.4793;-0.609906;-0.310125;
-6.97648;2.03043;-4.54057;-0.612658;-0.29305;
-6.79085;1.85627;-4.58293;-0.423666;-0.224391;
-6.59842;1.92433;-4.6307;-0.477725;-0.243336;
-6.39694;2.01483;-4.68735;-0.566423;-0.274053;
-6.2046;1.92339;-4.73221;-0.448682;-0.229178;
-6.01089;1.93707;-4.7763;-0.440888;-0.223793;
-5.81621;1.94681;-4.82058;-0.442776;-0.223633;
-5.62042;1.95785;-4.867;-0.464208;-0.232801;
-5.41281;2.07614;-4.89722;-0.302143;-0.144516;
-5.20317;2.09638;-4.92896;-0.317429;-0.150276;
-5.00635;1.96824;-4.96124;-0.322798;-0.162556;
-4.8078;1.9855;-4.98975;-0.285148;-0.14264;
-4.5985;2.09295;-5.02064;-0.308828;-0.146499;
-4.40294;1.95563;-5.04123;-0.205908;-0.104903;
-4.20456;1.98378;-5.06098;-0.197487;-0.0992238;
-4.01167;1.92896;-5.10518;-0.441998;-0.22525;
-3.83163;1.80035;-5.15014;-0.449641;-0.244744;
-3.63558;1.96053;-5.19978;-0.496374;-0.247973;
-3.44467;1.90908;-5.25743;-0.5765;-0.29327;
-3.24477;1.99901;-5.33436;-0.769342;-0.367389;
-3.0576;1.87166;-5.40632;-0.719625;-0.36706;
-2.84507;2.12529;-5.47588;-0.695583;-0.316301;
-2.67086;1.74219;-5.53175;-0.558708;-0.310331;
-2.47022;2.00633;-5.59958;-0.678258;-0.325997;
-2.28558;1.84641;-5.66722;-0.676387;-0.351144;
-2.10038;1.85201;-5.73111;-0.638906;-0.332196;
-1.88967;2.10709;-5.79248;-0.613716;-0.283422;
-1.70027;1.89405;-5.84498;-0.52499;-0.27039;
-1.50427;1.95998;-5.89378;-0.487967;-0.244004;
-1.30388;2.00386;-5.93655;-0.427785;-0.210323;
-1.08315;2.20733;-6.00929;-0.727358;-0.318315;
-0.883146;2.00003;-6.08028;-0.709902;-0.341073;
-0.711648;1.71498;-6.15013;-0.698532;-0.386794;
-0.526687;1.84961;-6.22511;-0.749793;-0.385134;
-0.343211;1.83475;-6.29681;-0.716968;-0.372525;
-0.154967;1.88244;-6.34251;-0.457055;-0.23819;
0.0575088;2.12476;-6.39049;-0.479795;-0.222087;
0.259927;2.02419;-6.43938;-0.488846;-0.236965;
0.465158;2.05231;-6.47002;-0.306383;-0.148193;
0.660608;1.9545;-6.5022;-0.321845;-0.163204;
0.873399;2.12791;-6.52722;-0.25018;-0.117033;
1.08908;2.15677;-6.52504;0.0218019;0.0101082;
1.29945;2.10369;-6.52614;-0.0109626;-0.00521107;
1.53034;2.30891;-6.53536;-0.0922634;-0.0399385;
1.73092;2.00582;-6.53886;-0.0349604;-0.0174277;
1.93307;2.02152;-6.5342;0.0465337;0.0230151;
2.13325;2.00177;-6.52983;0.0437201;0.0218372;
2.33044;1.97192;-6.52322;0.0660977;0.033507;
2.52743;1.96994;-6.50908;0.141469;0.0716909;
2.72642;1.98983;-6.4947;0.14373;0.0721072;
2.92884;2.02427;-6.47925;0.15449;0.0761713;
3.13871;2.09862;-6.45087;0.283858;0.134443;
3.33033;1.91624;-6.4433;0.0757083;0.0394881;
3.51719;1.86859;-6.44477;-0.0147353;-0.00788564;
3.7286;2.11411;-6.45281;-0.0803571;-0.0379916;
3.92847;1.99869;-6.46042;-0.0761242;-0.0380686;
4.1299;2.01427;-6.4703;-0.0988224;-0.0490218;
4.3329;2.03006;-6.4782;-0.0789562;-0.0388739;
4.53287;1.99966;-6.49042;-0.122202;-0.0610358;
4.72625;1.93385;-6.50288;-0.124659;-0.0643722;
4.93935;2.13096;-6.50767;-0.0479134;-0.0224807;
5.13745;1.98102;-6.51916;-0.114907;-0.0579389;
5.32975;1.92298;-6.53191;-0.127452;-0.0661814;
5.52469;1.94941;-6.55631;-0.24401;-0.124524;
5.72111;1.96422;-6.58717;-0.308595;-0.155834;
5.91702;1.95906;-6.61214;-0.249737;-0.126794;
6.11224;1.95219;-6.64423;-0.3209;-0.162922;
6.31264;2.00399;-6.68355;-0.393175;-0.193735;
6.50649;1.93851;-6.71426;-0.307039;-0.157084;
6.70246;1.95969;-6.75437;-0.401177;-0.201924;
6.8852;1.82744;-6.79674;-0.423638;-0.227796;
7.09174;2.06535;-6.84315;-0.464172;-0.221069;
7.28577;1.94035;-6.88733;-0.441786;-0.223867;
7.4786;1.92831;-6.92405;-0.367128;-0.188137;
7.67268;1.94081;-6.96777;-0.437215;-0.221576;
7.8647;1.92017;-7.01514;-0.473747;-0.241891;
8.06289;1.98186;-7.0589;-0.437592;-0.217312;
8.25754;1.94655;-7.10522;-0.463138;-0.233584;
8.44329;1.85744;-7.13925;-0.340384;-0.181244;
8.64046;1.9717;-7.16642;-0.271637;-0.136906;
8.85035;2.09892;-7.21221;-0.457977;-0.214829;
9.02336;1.73016;-7.26951;-0.572916;-0.31977;
9.20325;1.79886;-7.32223;-0.527197;-0.28509;
9.39163;1.88385;-7.37788;-0.556554;-0.287263;
9.58279;1.91151;-7.43478;-0.568967;-0.289303;
9.77406;1.91272;-7.51535;-0.805745;-0.398696;
9.94316;1.69099;-7.58564;-0.702919;-0.393955;
10.1487;2.05559;-7.65015;-0.645035;-0.304065;
10.3309;1.82211;-7.73188;-0.817283;-0.421636;
10.502;1.71025;-7.80521;-0.733318;-0.405066;
10.7156;2.13629;-7.87968;-0.744671;-0.335411;
10.9073;1.91697;-7.93162;-0.519458;-0.264624;
11.1142;2.06913;-7.975;-0.43383;-0.206674;
11.32;2.05851;-8.02643;-0.514248;-0.244805;
11.5258;2.05716;-8.07559;-0.491597;-0.234569;
11.7222;1.96422;-8.12506;-0.494716;-0.246732;
11.915;1.92801;-8.16432;-0.392587;-0.200877;
12.1111;1.96168;-8.20373;-0.394138;-0.198279;
12.3107;1.99503;-8.2352;-0.31463;-0.156419;
12.5031;1.92409;-8.26122;-0.260271;-0.134454;
12.7;1.96976;-8.2877;-0.26477;-0.133617;
12.8856;1.85523;-8.31397;-0.262675;-0.140651;
13.0832;1.97614;-8.33855;-0.24578;-0.123738;
13.274;1.90871;-8.36214;-0.23592;-0.122978;
13.4743;2.00264;-8.38285;-0.207169;-0.103081;
13.6752;2.00894;-8.40632;-0.234633;-0.116268;
13.8543;1.7906;-8.40861;-0.0229158;-0.0127972;
14.0564;2.0212;-8.42422;-0.156138;-0.077097;
14.249;1.92608;-8.42525;-0.0102654;-0.00532963;
14.4506;2.01566;-8.40843;0.168241;0.0832743;
14.6525;2.01985;-8.40868;-0.00256939;-0.00127207;
14.8499;1.974;-8.40307;0.0561227;0.0284233;
15.0386;1.88655;-8.38882;0.142541;0.0754133;
15.2185;1.79872;-8.37035;0.184657;0.102302;
15.4361;2.17657;-8.33976;0.305886;0.139621;
15.6377;2.01594;-8.2911;0.486632;0.236861;
15.8368;1.99064;-8.25836;0.327361;0.162991;
16.0476;2.10829;-8.22606;0.323005;0.152025;
16.2499;2.02328;-8.19619;0.298723;0.146584;
16.4189;1.68986;-8.16903;0.271557;0.159336;
16.6317;2.12817;-8.15306;0.159765;0.0749308;
16.8299;1.98154;-8.15634;-0.032792;-0.0165473;
17.0247;1.94843;-8.16468;-0.0833881;-0.0427715;
17.2288;2.0405;-8.16931;-0.0463019;-0.0226876;
17.4208;1.92053;-8.15069;0.186119;0.0966085;
17.6199;1.9905;-8.13021;0.20485;0.102553;
17.8174;1.975;-8.10193;0.282771;0.142209;
18.0166;1.99197;-8.08505;0.168839;0.0845577;
18.2164;1.99792;-8.06881;0.162394;0.0811031;
18.4154;1.99069;-8.05236;0.164492;0.0824432;
18.6145;1.99064;-8.06083;-0.0847199;-0.0425336;
18.8405;2.25959;-8.06828;-0.0745267;-0.0329705;
19.0449;2.044;-8.05931;0.0896946;0.0438538;
19.2429;1.98068;-8.05716;0.0215347;0.0108719;
19.4354;1.92496;-8.06193;-0.0476481;-0.0247478;
19.6339;1.98425;-8.06927;-0.0734073;-0.0369782;
19.8289;1.95045;-8.07209;-0.0282105;-0.0144626;
20.0333;2.04404;-8.06986;0.0222669;0.0108931;
20.2397;2.0636;-8.07577;-0.059077;-0.0286203;
20.4415;2.01803;-8.0751;0.00664299;0.0032918;
20.6147;1.73262;-8.06321;0.11897;0.0685571;
20.8136;1.98894;-8.05505;0.0815495;0.0409786;
21.0005;1.86854;-8.04354;0.115113;0.0615281;
21.1963;1.95839;-8.00941;0.341312;0.172549;
21.3817;1.85352;-7.98832;0.210926;0.11331;
21.5719;1.90276;-7.95653;0.317904;0.165546;
21.7752;2.03225;-7.92172;0.348095;0.169639;
21.9787;2.03499;-7.88419;0.375281;0.182365;
22.1658;1.87139;-7.8484;0.357933;0.188984;
22.3637;1.97934;-7.81204;0.363567;0.181656;
22.5542;1.90457;-7.80906;0.0298136;0.0156525;
22.7647;2.10506;-7.78971;0.193468;0.0916489;
22.969;2.04314;-7.76303;0.266767;0.129833;
23.1664;1.97364;-7.72031;0.427245;0.213187;
23.3749;2.08468;-7.6808;0.395103;0.187305;
23.561;1.86156;-7.62868;0.521182;0.272981;
23.7533;1.92297;-7.57361;0.550756;0.278942;
23.9451;1.91785;-7.51818;0.554269;0.281339;
24.1117;1.66595;-7.46399;0.541838;0.314452;
24.3023;1.90661;-7.40223;0.617665;0.313292;
24.5266;2.24256;-7.31914;0.830925;0.354842;
24.686;1.59367;-7.22412;0.950149;0.537622;
24.8711;1.85148;-7.1244;0.997221;0.494054;
25.0652;1.94079;-7.02614;0.982545;0.468643;
25.2574;1.92164;-6.93908;0.870672;0.425419;
25.4379;1.80579;-6.84974;0.893329;0.4594;
25.6333;1.95373;-6.75917;0.905717;0.434092;
25.8245;1.9114;-6.68453;0.746378;0.37228;
26.0293;2.04828;-6.61244;0.720943;0.338433;
26.2211;1.91833;-6.55349;0.589518;0.298147;
26.422;2.00844;-6.48775;0.657365;0.316313;
26.6069;1.84898;-6.42947;0.582799;0.305343;
26.7971;1.90227;-6.3699;0.595698;0.303478;
26.9858;1.88668;-6.30056;0.693386;0.352193;
27.1675;1.81757;-6.23008;0.704798;0.369918;
27.3635;1.95955;-6.16005;0.700287;0.343226;
27.5559;1.92407;-6.0884;0.716515;0.356485;
27.7431;1.87236;-6.01864;0.697601;0.356646;
27.9338;1.90695;-5.93402;0.846228;0.417652;
28.132;1.982;-5.86168;0.723384;0.349955;
28.3303;1.98347;-5.77574;0.859412;0.408869;
28.5293;1.98943;-5.67493;1.00813;0.469027;
28.7074;1.7808;-5.5849;0.90024;0.468059;
28.891;1.83611;-5.48453;1.00374;0.500279;
29.0837;1.92739;-5.38926;0.952745;0.459092;
29.263;1.793;-5.30013;0.891269;0.461311;
29.4513;1.88233;-5.20094;0.991863;0.484962;
29.62;1.68738;-5.08765;1.13289;0.591267;
29.7741;1.5407;-4.99592;0.917289;0.537008;
29.9572;1.83175;-4.88212;1.13808;0.555938;

-29.8742;1.68536;-4.77353;1.0859;0.572366;
-29.6993;1.74895;-4.66118;1.12351;0.571009;
-29.5469;1.52427;-4.5401;1.21075;0.671267;
-29.3981;1.48809;-4.41956;1.20537;0.680816;
-29.259;1.39127;-4.26676;1.52802;0.832205;
-29.1339;1.25091;-4.1181;1.48662;0.871291;
-29.0109;1.22995;-3.98755;1.30553;0.815197;
-28.876;1.34929;-3.8312;1.56344;0.858787;
-28.7355;1.40491;-3.68873;1.4247;0.792392;
-28.6163;1.19156;-3.54465;1.44087;0.879821;
-28.4947;1.21574;-3.37771;1.66939;0.941358;
-28.3775;1.1723;-3.21654;1.6117;0.941937;
-28.2341;1.43444;-3.03665;1.79893;0.897651;
-28.1116;1.22435;-2.89356;1.43085;0.863015;
-27.9779;1.33743;-2.73366;1.59903;0.87425;
-27.8318;1.46121;-2.58413;1.49531;0.79693;
-27.7104;1.2136;-2.4466;1.37523;0.847749;
-27.5886;1.21795;-2.29928;1.47321;0.879967;
-27.4602;1.28379;-2.14628;1.53003;0.872687;
-27.3307;1.2953;-1.99269;1.53589;0.870174;
-27.2217;1.09018;-1.85144;1.41253;0.913495;
-27.0916;1.30117;-1.69371;1.57732;0.88104;
-26.9639;1.27651;-1.53655;1.57162;0.888647;
-26.8442;1.19693;-1.36408;1.72466;0.964104;
-26.7345;1.09746;-1.19134;1.72735;1.00479;
-26.6261;1.08373;-1.02301;1.68335;0.998799;
-26.5132;1.129;-0.856855;1.66154;0.973967;
-26.4144;0.988182;-0.698891;1.57964;1.01178;
-26.2962;1.18142;-0.500576;1.98315;1.03352;
-26.1967;0.994967;-0.320074;1.80502;1.06702;
-26.1025;0.942233;-0.143988;1.76085;1.07946;
-26.0014;1.01137;0.0243843;1.68373;1.02988;
-25.8966;1.04803;0.208417;1.84033;1.05312;
-25.7801;1.16518;0.375108;1.66691;0.960738;
-25.6438;1.36235;0.555271;1.80162;0.923352;
-25.5178;1.26029;0.696482;1.41211;0.842147;
-25.3774;1.40349;0.826838;1.30356;0.748499;
-25.2275;1.49916;0.939758;1.1292;0.645562;
-25.0682;1.59354;1.05837;1.18612;0.639864;
-24.9223;1.45849;1.17891;1.20544;0.69069;
-24.7661;1.5626;1.29569;1.16773;0.64177;
-24.6042;1.61865;1.41632;1.20628;0.640446;
-24.4466;1.57624;1.53801;1.21698;0.657483;
-24.2888;1.57776;1.66509;1.27072;0.678022;
-24.1332;1.55648;1.79039;1.25302;0.677802;
-23.9811;1.52022;1.91574;1.25354;0.689549;
-23.8267;1.54479;2.04167;1.2593;0.683936;
-23.6604;1.66249;2.17525;1.33581;0.676871;
-23.5064;1.53981;2.30681;1.31558;0.707032;
-23.3482;1.58272;2.43341;1.266;0.674672;
-23.1923;1.55837;2.56675;1.33337;0.707746;
-23.0495;1.428;2.68189;1.15139;0.67857;
-22.8921;1.57374;2.81116;1.29272;0.687672;
-22.7448;1.47292;2.92718;1.16018;0.66718;
-22.6203;1.24579;3.04951;1.22331;0.776296;
-22.4822;1.38073;3.17957;1.30058;0.755515;
-22.3334;1.48835;3.32195;1.42384;0.763248;
-22.1881;1.45268;3.45988;1.37932;0.759497;
-22.0352;1.52862;3.58618;1.26296;0.69052;
-21.8785;1.56763;3.71315;1.26977;0.680803;
-21.7245;1.53957;3.84469;1.31541;0.707041;
-21.5811;1.43447;3.97909;1.34399;0.752844;
-21.436;1.45101;4.11182;1.32729;0.740896;
-21.3027;1.33285;4.25442;1.42596;0.819136;
-21.1629;1.39819;4.40359;1.49176;0.817763;
-21.0406;1.22287;4.54223;1.38634;0.84797;
-20.9114;1.29216;4.69775;1.55517;0.877508;
-20.7875;1.23852;4.87006;1.72317;0.947598;
-20.6713;1.16239;5.04608;1.76018;0.987156;
-20.5618;1.09508;5.2104;1.6432;0.982954;
-20.4342;1.27567;5.39879;1.88392;0.97558;
-20.3239;1.10258;5.56675;1.67959;0.989893;
-20.2081;1.15872;5.71985;1.53096;0.922921;
-20.11;0.980715;5.89648;1.76633;1.06395;
-20.0117;0.982985;6.07075;1.74273;1.05723;
-19.9132;0.984429;6.24541;1.74662;1.05756;
-19.7989;1.1436;6.42559;1.80176;1.00524;
-19.6682;1.3071;6.57966;1.54067;0.867233;
-19.5316;1.36576;6.74545;1.65793;0.881727;
-19.4084;1.23163;6.92527;1.79815;0.970247;
-19.2915;1.16907;7.08797;1.62704;0.947745;
-19.183;1.08529;7.24001;1.52044;0.95087;
-19.0667;1.16287;7.40299;1.62976;0.951051;
-18.9558;1.10902;7.562;1.59006;0.961767;
-18.8371;1.18735;7.73451;1.72518;0.968003;
-18.7226;1.14522;7.89418;1.5967;0.948594;
-18.6253;0.972432;8.05399;1.59802;1.02413;
-18.5374;0.878627;8.18644;1.32458;0.985109;
-18.4223;1.15173;8.35408;1.67642;0.968838;
-18.3001;1.22152;8.52154;1.6745;0.940557;
-18.1574;1.42746;8.70873;1.87195;0.919312;
-18.0476;1.09763;8.86442;1.55689;0.956714;
-17.9355;1.1212;9.05054;1.86125;1.02862;
-17.822;1.13537;9.22854;1.77993;1.003;
-17.7175;1.04443;9.39268;1.64146;1.00412;
-17.6148;1.02709;9.55471;1.62027;1.00582;
-17.522;0.927602;9.72871;1.73998;1.08101;
-17.4283;0.937462;9.91228;1.83577;1.09865;
-17.3356;0.927144;10.1072;1.94935;1.12685;
-17.2417;0.93914;10.3037;1.96507;1.12497;
-17.1557;0.859699;10.5139;2.10165;1.1825;
-17.0851;0.706436;10.7015;1.87602;1.21066;
-17.0154;0.69635;10.8878;1.86274;1.21305;
-16.9478;0.676502;11.0703;1.82561;1.21592;
-16.8835;0.642265;11.2587;1.88361;1.24218;
-16.823;0.605324;11.4429;1.84259;1.25339;
-16.763;0.600405;11.6313;1.88382;1.26226;
-16.7035;0.594531;11.8253;1.93969;1.27338;
-16.6288;0.746733;12.0122;1.86873;1.19064;
-16.5515;0.773093;12.2015;1.89287;1.18305;
-16.4521;0.994174;12.4089;2.07447;1.12389;
-16.3755;0.76617;12.5864;1.77467;1.16324;
-16.2953;0.801842;12.7704;1.84017;1.15986;
-16.2366;0.587171;12.9742;2.03774;1.29025;
-16.1839;0.527486;13.1682;1.94039;1.30537;
-16.1306;0.532867;13.3613;1.93145;1.3016;
-16.08;0.505703;13.5664;2.05096;1.32905;
-16.0298;0.501925;13.7575;1.91096;1.31394;
-15.9796;0.501984;13.9519;1.94373;1.31806;
-15.9291;0.504974;14.1598;2.07908;1.33253;
-15.8824;0.467358;14.3547;1.9484;1.33538;
-15.833;0.493312;14.5477;1.93052;1.32062;
-15.7905;0.425114;14.7352;1.87481;1.34782;
-15.7526;0.379391;14.9368;2.01557;1.38474;
-15.7147;0.378575;15.1327;1.95914;1.37991;
-15.6733;0.414522;15.309;1.76378;1.33997;
-15.6237;0.495867;15.5016;1.92598;1.31881;
-15.5703;0.534343;15.6943;1.92644;1.30023;
-15.5145;0.557114;15.8864;1.921;1.28853;
-15.4599;0.546259;16.0688;1.8237;1.27977;
-15.3976;0.622809;16.2497;1.80946;1.2393;
-15.3186;0.790853;16.442;1.923;1.18062;
-15.2347;0.838502;16.6401;1.98143;1.17047;
-15.1415;0.93251;16.8308;1.90631;1.11585;
-15.067;0.744416;17.0348;2.03974;1.22086;
-14.9931;0.739448;17.2325;1.97757;1.21297;
-14.9224;0.706437;17.424;1.9152;1.21742;
-14.8492;0.732482;17.6036;1.79578;1.18351;
-14.7675;0.816283;17.8135;2.09922;1.19994;
-14.6917;0.758519;17.9933;1.79755;1.17149;
-14.6148;0.768528;18.1776;1.84337;1.17579;
-14.5413;0.735187;18.3657;1.88127;1.19825;
-14.4453;0.959867;18.5528;1.87039;1.09665;
-14.3358;1.09585;18.7114;1.58584;0.966123;
-14.2374;0.983826;18.8773;1.65948;1.03565;
-14.1348;1.02547;19.0417;1.64424;1.01315;
-14.0241;1.10687;19.2119;1.70152;0.994059;
-13.9151;1.09035;19.3823;1.70445;1.00169;
-13.8132;1.01899;19.5703;1.87925;1.07394;
-13.7269;0.862698;19.7542;1.83889;1.13214;
-13.6354;0.915522;19.9566;2.02476;1.14615;
-13.5434;0.919858;20.1426;1.85966;1.11145;
-13.4556;0.877788;20.3213;1.78663;1.11413;
-13.3666;0.890557;20.4935;1.72211;1.09354;
-13.272;0.945142;20.6841;1.90604;1.11046;
-13.1741;0.979451;20.8611;1.76988;1.06535;
-13.0767;0.973819;21.0353;1.74221;1.0611;
-12.9795;0.972375;21.2138;1.78472;1.07193;
-12.9051;0.743593;21.3765;1.62771;1.14227;
-12.8426;0.625611;21.564;1.87468;1.2487;
-12.7726;0.69934;21.7479;1.83919;1.20744;
-12.6827;0.899729;21.9489;2.00958;1.14984;
-12.5885;0.941946;22.164;2.15165;1.15815;
-12.5085;0.799414;22.3474;1.83317;1.15958;
-12.4074;1.01104;22.5183;1.7091;1.03661;
-12.3042;1.03198;22.6923;1.74039;1.03557;
-12.201;1.03196;22.8646;1.72337;1.03126;
-12.0994;1.01574;23.0498;1.85128;1.06897;
-12.0015;0.978971;23.225;1.75245;1.06135;
-11.8992;1.02361;23.3958;1.70814;1.03093;
-11.7903;1.08862;23.5805;1.84725;1.03827;
-11.6746;1.15723;23.7557;1.75191;0.987039;
-11.5647;1.09863;23.9248;1.69106;0.994651;
-11.4607;1.04053;24.0875;1.62618;1.00158;
-11.347;1.1372;24.2728;1.85326;1.02042;
-11.2431;1.0383;24.4447;1.71935;1.02752;
-11.1513;0.918136;24.5989;1.5421;1.03378;
-11.0896;0.617175;24.7831;1.84171;1.24745;
-11.0188;0.708468;24.9849;2.01816;1.23319;
-10.9621;0.566605;25.1775;1.92583;1.28466;
-10.9055;0.566044;25.3685;1.90962;1.28263;
-10.8692;0.362499;25.5598;1.91354;1.38358;
-10.8354;0.338374;25.7588;1.98957;1.40233;
-10.7985;0.369388;25.9688;2.10027;1.3967;
-10.7792;0.192237;26.1582;1.89346;1.46962;
-10.7623;0.168991;26.3552;1.97056;1.48525;
-10.7472;0.151842;26.5455;1.9027;1.49116;
-10.7463;0.00886379;26.7407;1.95205;1.56626;
-10.7452;0.0103085;26.941;2.00288;1.56565;
-10.7598;-0.145393;27.1469;2.05937;1.64128;
-10.7747;-0.148836;27.3491;2.02193;1.64427;
-10.7829;-0.0826305;27.5413;1.92229;1.61376;
-10.8001;-0.171806;27.7453;2.03933;1.65484;
-10.7952;0.049008;27.9409;1.95618;1.54575;
-10.8005;-0.0528708;28.1227;1.81826;1.59987;
-10.7982;0.0232044;28.3254;2.02699;1.55935;
-10.8018;-0.0358829;28.5341;2.087;1.58799;
-10.8203;-0.185618;28.763;2.28884;1.65172;
-10.8392;-0.188773;28.9605;1.9755;1.66606;
-10.839;0.00199321;29.1476;1.87033;1.56973;
-10.8274;0.116279;29.3446;1.96981;1.51183;
-10.8156;0.117812;29.5442;1.99654;1.51186;
-10.7899;0.25742;29.7214;1.77152;1.4265;
-10.7479;0.419122;29.8964;1.75066;1.33581;

-10.6828;0.65143;-29.9062;1.97333;1.25194;
-10.6225;0.602655;-29.6974;2.08854;1.28987;
-10.566;0.565822;-29.5196;1.77787;1.26267;
-10.5057;0.602617;-29.3287;1.9095;1.2651;
-10.4466;0.591073;-29.1373;1.91306;1.27113;
-10.3988;0.478082;-28.9344;2.02968;1.33947;
-10.3534;0.453346;-28.7387;1.95711;1.34317;
-10.2925;0.609557;-28.5574;1.81292;1.24644;
-10.2274;0.650959;-28.3651;1.92264;1.24433;
-10.17;0.573934;-28.1816;1.83489;1.26765;
-10.111;0.589819;-27.9918;1.89775;1.26946;
-10.0572;0.53779;-27.8031;1.88741;1.29322;
-9.99954;0.576947;-27.6215;1.81597;1.26317;
-9.93989;0.596521;-27.4293;1.92218;1.26988;
-9.89203;0.478605;-27.2611;1.6816;1.29352;
-9.84919;0.428337;-27.0602;2.00889;1.36072;
-9.80837;0.408209;-26.871;1.89283;1.35839;
-9.74559;0.627854;-26.6639;2.07021;1.27633;
-9.6869;0.586824;-26.4757;1.88277;1.26866;
-9.60409;0.828095;-26.2858;1.89882;1.15955;
-9.52369;0.804042;-26.0933;1.92433;1.17501;
-9.45984;0.638521;-25.896;1.97359;1.25789;
-9.39892;0.609203;-25.7051;1.90885;1.26187;
-9.34084;0.580795;-25.517;1.88118;1.27134;
-9.27247;0.683684;-25.3045;2.12442;1.25944;
-9.21879;0.536834;-25.1105;1.94078;1.30094;
-9.15261;0.661724;-24.9251;1.8537;1.22792;
-9.08481;0.678019;-24.7355;1.896;1.22736;
-9.02666;0.581569;-24.5427;1.92757;1.27777;
-8.97383;0.528284;-24.3418;2.00946;1.31372;
-8.92094;0.528898;-24.1697;1.72045;1.27255;
-8.88538;0.355611;-23.9698;1.9997;1.3948;
-8.84744;0.379326;-23.7844;1.85328;1.36891;
-8.80656;0.4088;-23.5882;1.96235;1.36541;
-8.742;0.645663;-23.3962;1.9204;1.24646;
-8.67597;0.660225;-23.2118;1.84414;1.227;
-8.59073;0.852484;-23.0095;2.02294;1.17197;
-8.51855;0.721759;-22.8339;1.75593;1.18081;
-8.44006;0.784864;-22.6419;1.91999;1.18274;
-8.34577;0.942941;-22.4296;2.12313;1.15284;
-8.27623;0.695351;-22.2273;2.02258;1.23966;
-8.22135;0.548836;-22.0143;2.13024;1.31864;
-8.17168;0.496718;-21.8206;1.93673;1.31974;
-8.11108;0.605955;-21.612;2.08637;1.28814;
-8.09175;0.193332;-21.407;2.04926;1.47673;
-8.05814;0.336055;-21.1935;2.13542;1.4147;
-8.01996;0.381839;-21.0297;1.63784;1.34175;
-7.9916;0.283584;-20.8299;1.99791;1.4298;
-7.96205;0.295479;-20.6315;1.98457;1.42299;
-7.93208;0.299793;-20.4283;2.03158;1.42429;
-7.91703;0.150454;-20.2302;1.98161;1.49502;
-7.90368;0.13351;-20.0284;2.01758;1.50472;
-7.89242;0.112566;-19.8304;1.97989;1.514;
-7.88563;0.067922;-19.6316;1.98835;1.53665;
-7.87521;0.104245;-19.4469;1.84705;1.51442;
-7.86488;0.103222;-19.244;2.02871;1.51996;
-7.8406;0.242852;-19.0862;1.57833;1.41813;
-7.81173;0.288673;-18.9151;1.71095;1.40365;
-7.77984;0.318903;-18.7294;1.85698;1.40072;
-7.74304;0.367983;-18.5341;1.95256;1.38452;
-7.69206;0.509854;-18.3396;1.94553;1.3145;
-7.62464;0.674185;-18.1496;1.90005;1.22983;
-7.55847;0.661702;-17.9732;1.76339;1.21181;
-7.48671;0.717618;-17.8075;1.65749;1.16221;
-7.40949;0.772135;-17.6307;1.76755;1.15894;
-7.33669;0.728072;-17.4414;1.89262;1.20356;
-7.26314;0.73546;-17.254;1.87398;1.19681;
-7.18928;0.73856;-17.0697;1.84353;1.18975;
-7.10799;0.812931;-16.8852;1.84494;1.15576;
-6.99775;1.10242;-16.6979;1.87306;1.03882;
-6.89768;1.00064;-16.5238;1.74094;1.04914;
-6.80221;0.954789;-16.3542;1.69577;1.058;
-6.70564;0.965631;-16.1816;1.72586;1.06068;
-6.59295;1.12696;-16.0221;1.59574;0.955901;
-6.4643;1.28645;-15.8355;1.86523;0.967016;
-6.35619;1.08111;-15.6655;1.70015;1.00441;
-6.23187;1.24321;-15.5001;1.65382;0.926195;
-6.11037;1.21496;-15.3408;1.59329;0.919315;
-5.97653;1.33844;-15.1841;1.56725;0.863981;
-5.84578;1.30751;-15.0302;1.53918;0.866598;
-5.72912;1.16663;-14.8678;1.62341;0.947678;
-5.61404;1.15074;-14.7029;1.64951;0.961667;
-5.49296;1.21082;-14.545;1.57928;0.916696;
-5.3725;1.2046;-14.418;1.26917;0.811491;
-5.22968;1.42824;-14.2751;1.42983;0.785955;
-5.09215;1.37523;-14.133;1.42083;0.801708;
-4.94386;1.48293;-13.9872;1.45815;0.776971;
-4.7937;1.50162;-13.8449;1.42248;0.758342;
-4.65703;1.36664;-13.7018;1.43103;0.808407;
-4.54081;1.16221;-13.575;1.26798;0.828896;
-4.40637;1.34444;-13.4155;1.59553;0.8706;
-4.30257;1.03802;-13.2686;1.46819;0.955385;
-4.18931;1.13261;-13.106;1.62645;0.962509;
-4.05998;1.29325;-12.9245;1.81482;0.951658;
-3.94866;1.11319;-12.7633;1.61254;0.966589;
-3.8319;1.16764;-12.6015;1.61792;0.945658;
-3.70698;1.24914;-12.4656;1.3585;0.827311;
-3.56942;1.37568;-12.3226;1.43023;0.804836;
-3.4197;1.49715;-12.1865;1.36073;0.737699;
-3.27214;1.47558;-12.0542;1.32352;0.731127;
-3.11459;1.57555;-11.9342;1.1994;0.650668;
-2.93451;1.80082;-11.8135;1.20717;0.590546;
-2.76518;1.6933;-11.6993;1.14188;0.593304;
-2.60226;1.62912;-11.5914;1.0788;0.584903;
-2.43533;1.66934;-11.4806;1.1085;0.58618;
-2.26863;1.66703;-11.3683;1.12302;0.592832;
-2.10639;1.62232;-11.2554;1.12859;0.607808;
-1.93197;1.74424;-11.1407;1.14754;0.581913;
-1.76766;1.64308;-11.0307;1.09969;0.589814;
-1.60277;1.64895;-10.9231;1.07628;0.578275;
-1.43975;1.63021;-10.8104;1.12702;0.604884;
-1.28774;1.52003;-10.7109;0.994828;0.579519;
-1.12115;1.66597;-10.5832;1.27729;0.6541;
-0.961449;1.59698;-10.4602;1.22915;0.655972;
-0.802696;1.58753;-10.3412;1.19008;0.643275;
-0.640563;1.62134;-10.2132;1.2801;0.668324;
-0.490717;1.49846;-10.0946;1.18662;0.669777;
-0.317964;1.72753;-9.94355;1.51012;0.71835;
-0.173148;1.44815;-9.80048;1.43078;0.779365;
-0.0110401;1.62108;-9.66382;1.36659;0.700424;
0.139002;1.50042;-9.48363;1.80189;0.876435;
0.276316;1.37313;-9.32237;1.6126;0.865431;
0.406175;1.29859;-9.1667;1.55669;0.875546;
0.53763;1.31455;-9.01619;1.50511;0.852878;
0.656738;1.19107;-8.84529;1.70899;0.962123;
0.737062;0.803247;-8.67435;1.70934;1.1315;
0.819079;0.820172;-8.47204;2.0231;1.18564;
0.893158;0.740784;-8.27539;1.96658;1.21055;
0.961854;0.686961;-8.08487;1.90517;1.22473;
1.01964;0.577874;-7.87898;2.05891;1.29717;
1.07345;0.538097;-7.68621;1.92767;1.29858;
1.14127;0.678201;-7.50402;1.82195;1.21445;
1.21105;0.697815;-7.31657;1.87443;1.21441;
1.27674;0.656839;-7.13484;1.81733;1.22397;
1.33918;0.624401;-6.939;1.95839;1.26215;
1.40829;0.691155;-6.75829;1.80707;1.20549;
1.47865;0.703544;-6.58402;1.74278;1.18711;
1.5568;0.781497;-6.3983;1.85716;1.17249;
1.65145;0.946567;-6.20457;1.93727;1.1163;
1.76365;1.12196;-6.01002;1.94551;1.04769;
1.86077;0.971182;-5.85868;1.51339;1.00026;
1.97408;1.13313;-5.67723;1.81457;1.01258;
2.07916;1.05079;-5.50632;1.7091;1.01955;
2.1837;1.04537;-5.33611;1.70209;1.02002;
2.28764;1.03942;-5.16564;1.70464;1.02323;
2.39777;1.10133;-4.99267;1.72977;1.00383;
2.51348;1.15707;-4.81651;1.76155;0.989621;
2.62068;1.07206;-4.64468;1.71831;1.01299;
2.72562;1.04938;-4.46819;1.76491;1.03437;
2.82044;0.948218;-4.29713;1.7106;1.06464;
2.90717;0.867204;-4.08976;2.0737;1.17471;
2.99424;0.870707;-3.91065;1.79109;1.11831;
3.09085;0.966093;-3.73227;1.78382;1.07443;
3.18378;0.929357;-3.55722;1.75043;1.08271;
3.28593;1.02154;-3.3866;1.70628;1.03134;
3.37395;0.880161;-3.20581;1.80783;1.11772;
3.46518;0.912257;-3.03278;1.73029;1.0856;
3.54905;0.838704;-2.85834;1.74438;1.12262;
3.63586;0.868177;-2.67787;1.80479;1.12243;
3.73177;0.959049;-2.49844;1.79426;1.07992;
3.82803;0.96264;-2.30198;1.96459;1.11518;
3.9134;0.853651;-2.11733;1.84651;1.13776;
3.97538;0.619787;-1.93584;1.81493;1.24172;
4.03906;0.636787;-1.74829;1.87551;1.24348;
4.09459;0.55533;-1.54212;2.06167;1.30768;
4.14655;0.519615;-1.34934;1.92783;1.30752;
4.21385;0.672999;-1.16066;1.88674;1.22817;
4.29862;0.847672;-0.967618;1.93044;1.15704;
4.39445;0.958372;-0.791442;1.76176;1.07258;
4.49072;0.962611;-0.614026;1.77417;1.07368;
4.59018;0.994626;-0.43605;1.77976;1.06118;
4.69311;1.02934;-0.254721;1.81329;1.05449;
4.78853;0.954185;-0.0818838;1.72837;1.06636;
4.89511;1.06582;0.0881393;1.70023;1.01085;
4.97752;0.824098;0.228163;1.40024;1.03885;
5.06876;0.912354;0.387666;1.59502;1.05122;
5.1709;1.02147;0.561744;1.74078;1.04015;
5.25339;0.824888;0.740431;1.78687;1.13831;
5.33623;0.828405;0.915134;1.74702;1.12802;
5.45306;1.16831;1.10463;1.89497;1.01831;
5.57274;1.19679;1.26863;1.63999;0.940377;
5.69066;1.17916;1.41687;1.48245;0.89886;
5.82049;1.29831;1.57643;1.59551;0.88774;
5.94869;1.28204;1.72474;1.48313;0.857992;
6.08628;1.37585;1.86829;1.43546;0.8066;
6.23733;1.51048;1.99508;1.26797;0.698337;
6.38982;1.52489;2.12732;1.32238;0.714393;
6.54189;1.52072;2.25322;1.25902;0.691529;
6.67181;1.29922;2.37471;1.21488;0.751866;
6.82403;1.5222;2.48801;1.13304;0.63987;
7.00537;1.81335;2.60368;1.15671;0.567812;
7.17926;1.73896;2.69745;0.937639;0.494509;
7.37123;1.91968;2.77772;0.802669;0.396035;
7.55425;1.83017;2.85329;0.755696;0.391586;
7.73256;1.78318;2.93079;0.775029;0.410002;
7.91646;1.83898;3.01252;0.817306;0.418216;
8.09094;1.74482;3.09663;0.841107;0.449193;
8.27114;1.80202;3.18338;0.867494;0.448658;
8.43333;1.62184;3.2804;0.970193;0.539099;
8.60218;1.68846;3.38338;1.0298;0.547671;
8.77118;1.6901;3.48754;1.04166;0.55234;
8.94831;1.77121;3.59837;1.10825;0.559103;
9.11728;1.68974;3.70078;1.02408;0.54486;
9.26054;1.43258;3.80638;1.05607;0.635248;
9.41776;1.5722;3.91867;1.12282;0.620175;
9.57533;1.57573;4.01074;0.920721;0.528806;
9.74182;1.66486;4.11042;0.996837;0.539502;
9.90483;1.63009;4.22129;1.10866;0.597259;
10.0784;1.73565;4.33156;1.10268;0.565981;
10.2778;1.99434;4.43691;1.05351;0.485993;
10.4421;1.6426;4.51516;0.782569;0.444607;
10.6222;1.80079;4.60085;0.85691;0.444144;
10.8065;1.84343;4.68991;0.890579;0.450044;
10.9677;1.61213;4.77472;0.848114;0.484296;
11.1396;1.71865;4.85167;0.769477;0.420959;
