#1 AntPos X	#2 AntVel X	#3 AntPos Y	#4 AntVel Y	#5 AntAngle	
13.6355;0.203518;-16.7729;1.83159;1.46013;
13.657;0.215628;-16.5743;1.98595;1.46264;
13.6788;0.217557;-16.3765;1.97843;1.46127;
13.6695;-0.0931366;-16.1803;1.96145;1.61824;
13.6536;-0.158766;-15.9781;2.02185;1.64916;
13.6377;-0.159284;-15.7762;2.01978;1.6495;
13.6461;0.0839427;-15.5834;1.92737;1.52727;
13.6537;0.076819;-15.3887;1.94724;1.53137;
13.6816;0.278779;-15.1703;2.18443;1.44386;
13.7061;0.244801;-14.9758;1.94499;1.44559;
13.7326;0.264661;-14.7758;1.99929;1.43918;
13.7589;0.263146;-14.578;1.97865;1.43858;
13.806;0.471295;-14.3777;2.00253;1.33965;
13.8531;0.471166;-14.1797;1.97999;1.33718;
13.8985;0.45354;-13.9825;1.97255;1.3448;
13.9394;0.409016;-13.7643;2.18139;1.38545;
13.9755;0.361282;-13.5648;1.99476;1.39162;
14.0029;0.274406;-13.3838;1.81035;1.42036;
14.0398;0.368246;-13.1973;1.86542;1.3759;
14.0765;0.367722;-12.9952;2.02105;1.39082;
14.1097;0.331294;-12.7886;2.06606;1.4118;
14.1272;0.174971;-12.606;1.82608;1.47527;
14.1333;0.0615284;-12.4051;2.00902;1.54018;
14.1334;0.00116704;-12.2034;2.01611;1.57022;
14.1333;-0.0012679;-12.0033;2.00139;1.57143;
14.1389;0.0556415;-11.8094;1.93945;1.54211;
14.1614;0.225355;-11.6096;1.99768;1.45846;
14.1698;0.0835832;-11.4148;1.94782;1.52791;
14.159;-0.107284;-11.2042;2.10619;1.62169;
14.1476;-0.114399;-11.0055;1.98704;1.62831;
14.1489;0.0125893;-10.8033;2.02171;1.56457;
14.1333;-0.155695;-10.6004;2.0287;1.64739;
14.1136;-0.196876;-10.4017;1.98735;1.66954;
14.0955;-0.181176;-10.2024;1.99351;1.66143;
14.0757;-0.19822;-10.0025;1.99888;1.66964;
14.0543;-0.213295;-9.79895;2.03519;1.67522;
14.0265;-0.278216;-9.5984;2.00549;1.70864;
13.989;-0.374781;-9.41001;1.88389;1.76717;
13.9533;-0.356884;-9.2126;1.9741;1.74965;
13.9412;-0.121886;-9.02257;1.90033;1.63485;
13.9235;-0.17655;-8.82128;2.01288;1.65828;
13.9032;-0.203027;-8.62287;1.98412;1.67277;
13.8897;-0.13495;-8.4197;2.03166;1.63712;
13.875;-0.147208;-8.22763;1.92072;1.64729;
13.8518;-0.232112;-8.03079;1.96845;1.68817;
13.8133;-0.384668;-7.82891;2.01882;1.75908;
13.7865;-0.268203;-7.6158;2.13105;1.69599;
13.7518;-0.346784;-7.43905;1.76748;1.76454;
13.7146;-0.372481;-7.24313;1.9592;1.75867;
13.6802;-0.343736;-7.04827;1.94858;1.7454;
13.6536;-0.265843;-6.85047;1.97809;1.70439;
13.6268;-0.268474;-6.65255;1.97916;1.70562;
13.6002;-0.265088;-6.45433;1.98216;1.70374;
13.5698;-0.304505;-6.26394;1.90395;1.72939;
13.5222;-0.475713;-6.05234;2.11601;1.79194;
13.4826;-0.396384;-5.86141;1.90931;1.77549;
13.4359;-0.466714;-5.65734;2.04064;1.79564;
13.3934;-0.425008;-5.45662;2.00719;1.77946;
13.3692;-0.242074;-5.27262;1.84007;1.7016;
13.3463;-0.228688;-5.07708;1.95535;1.68722;
13.3238;-0.225604;-4.86733;2.09751;1.67794;
13.3014;-0.223692;-4.66907;1.98261;1.68315;
13.2842;-0.171846;-4.47022;1.9885;1.657;
13.2592;-0.249841;-4.27638;1.93837;1.69898;
13.2369;-0.223844;-4.07426;2.02123;1.68109;
13.2275;-0.0937051;-3.87557;1.98688;1.61792;
13.2229;-0.0460176;-3.67742;1.98153;1.59402;
13.2033;-0.196017;-3.4687;2.08717;1.66444;
13.1795;-0.237323;-3.27945;1.89256;1.69554;
13.1523;-0.272679;-3.10968;1.69765;1.73006;
13.1274;-0.248725;-2.8978;2.11885;1.68765;
13.0957;-0.3168;-2.68928;2.08514;1.72158;
13.0541;-0.415756;-2.48943;1.99855;1.7759;
13.0129;-0.412836;-2.29529;1.9414;1.78032;
12.9558;-0.570762;-2.09696;1.98323;1.85102;
12.8809;-0.748923;-1.8932;2.03766;1.92301;
12.8121;-0.688083;-1.70785;1.85351;1.92626;
12.735;-0.770819;-1.51711;1.90737;1.95486;
12.6476;-0.873977;-1.32161;1.95496;1.9912;
12.5584;-0.892056;-1.13688;1.8473;2.02067;
12.4712;-0.871662;-0.959366;1.77517;2.02724;
12.3775;-0.937567;-0.780492;1.78874;2.05358;
12.2795;-0.979312;-0.595984;1.84508;2.05876;
12.1943;-0.852028;-0.405037;1.90948;1.99049;
12.1166;-0.777318;-0.22341;1.81626;1.97519;
12.0345;-0.820857;-0.0418496;1.8156;1.99541;
11.9561;-0.784671;0.139138;1.80987;1.97989;
11.8563;-0.997587;0.336798;1.9766;2.0382;
11.7671;-0.892374;0.526998;1.902;2.00948;
11.6795;-0.875777;0.708175;1.81177;2.02106;
11.6028;-0.766969;0.91302;2.04845;1.92905;
11.5196;-0.8318;1.12391;2.10888;1.94649;
11.4269;-0.926662;1.2744;1.50489;2.12273;
11.3356;-0.913025;1.439;1.64606;2.07722;
11.2443;-0.913546;1.61223;1.73229;2.05609;
11.1502;-0.941182;1.79113;1.78898;2.05511;
11.0467;-1.03434;1.99586;2.04725;2.03862;
10.9494;-0.973441;2.17172;1.75868;2.07633;
10.8522;-0.971467;2.34628;1.74556;2.07864;
10.7497;-1.0254;2.51917;1.72888;2.10613;
10.6541;-0.956334;2.70116;1.81991;2.05462;
10.5544;-0.997068;2.88767;1.86509;2.06173;
10.4732;-0.812083;3.06124;1.73568;2.00842;
10.383;-0.901087;3.23414;1.72909;2.05121;
10.2975;-0.855295;3.41079;1.76647;2.02171;
10.2236;-0.739199;3.58136;1.70564;1.97975;
10.1392;-0.84358;3.76814;1.86781;1.99501;
10.0583;-0.8091;3.95111;1.8297;1.98715;
9.96532;-0.930127;4.13929;1.88184;2.02984;
9.87761;-0.87706;4.31954;1.80244;2.02366;
9.78658;-0.910275;4.49001;1.70475;2.06124;
9.68276;-1.03822;4.66082;1.70811;2.11694;
9.58534;-0.974245;4.82432;1.63499;2.10817;
9.50111;-0.842273;4.98705;1.62726;2.04843;
9.42031;-0.807986;5.18089;1.93847;1.96571;
9.34484;-0.754678;5.3717;1.90804;1.94744;
9.26176;-0.830793;5.56558;1.93878;1.97564;
9.16611;-0.956526;5.73378;1.68203;2.08786;
9.06944;-0.966676;5.90322;1.69443;2.08924;
8.98299;-0.864538;6.08462;1.81393;2.01556;
8.87866;-1.04329;6.259;1.74389;2.10993;
8.76955;-1.09108;6.42642;1.67416;2.14838;
8.66098;-1.08571;6.58835;1.61935;2.16142;
8.54643;-1.1455;6.75324;1.64885;2.17797;
8.43102;-1.15408;6.91916;1.65918;2.17854;
8.30587;-1.25151;7.09967;1.80514;2.17701;
8.19301;-1.12864;7.26441;1.6474;2.17145;
8.07929;-1.13718;7.44131;1.76898;2.14212;
7.94666;-1.32627;7.59159;1.50278;2.29388;
7.79513;-1.51534;7.72696;1.35368;2.41248;
7.64595;-1.49182;7.85995;1.32993;2.41351;
7.49732;-1.48627;7.98036;1.20416;2.46067;
7.32741;-1.69906;8.11523;1.34862;2.47068;
7.15544;-1.71972;8.23904;1.23816;2.51758;
7.01023;-1.45215;8.34053;1.01491;2.53161;
6.83941;-1.70817;8.43106;0.90525;2.65427;
6.67476;-1.64649;8.54384;1.12783;2.54101;
6.5139;-1.60864;8.6532;1.09356;2.54455;
6.35783;-1.56068;8.80033;1.47133;2.38565;
6.20769;-1.50137;8.92117;1.20844;2.46388;
6.04779;-1.59901;9.0371;1.15924;2.5143;
5.89912;-1.48672;9.1633;1.26203;2.43776;
5.7519;-1.47224;9.27055;1.07246;2.51203;
5.57154;-1.80357;9.38053;1.09985;2.59399;
5.40249;-1.6905;9.48369;1.03157;2.59369;
5.23681;-1.65675;9.58557;1.01877;2.59027;
5.07723;-1.59585;9.68481;0.992413;2.58525;
4.91501;-1.62217;9.78029;0.954772;2.60962;
4.76421;-1.50802;9.88072;1.00435;2.55405;
4.60182;-1.62392;9.98779;1.07065;2.55871;
4.45215;-1.49669;10.0978;1.09971;2.50791;
4.28396;-1.68184;10.2189;1.21138;2.51739;
4.12115;-1.62817;10.3359;1.17054;2.51828;
3.98185;-1.39299;10.4735;1.37571;2.36244;
3.85565;-1.26196;10.625;1.51493;2.26535;
3.72694;-1.2871;10.7552;1.30208;2.35041;
3.59006;-1.36879;10.8981;1.42876;2.33476;
3.44667;-1.43397;11.0402;1.42105;2.36072;
3.28045;-1.66218;11.1905;1.50291;2.40647;
3.13247;-1.47974;11.3226;1.32085;2.41287;
2.9966;-1.3587;11.465;1.42407;2.33271;
2.86139;-1.35216;11.615;1.50019;2.30434;
2.71919;-1.42193;11.7663;1.51319;2.32511;
2.57974;-1.39459;11.8951;1.2874;2.39614;
2.43023;-1.49504;12.0264;1.31319;2.42086;
2.28648;-1.43751;12.1733;1.46896;2.34537;
2.14847;-1.3801;12.3162;1.42943;2.33864;
1.98864;-1.5983;12.4602;1.4393;2.40849;
1.84329;-1.45355;12.6114;1.51246;2.33633;
1.69818;-1.45105;12.7587;1.47312;2.34865;
1.55795;-1.40231;12.9036;1.44922;2.33974;
1.41627;-1.41684;13.0619;1.58239;2.30106;
1.27535;-1.40916;13.2067;1.44865;2.34238;
1.13599;-1.39361;13.3507;1.43929;2.34007;
1.00509;-1.30899;13.4925;1.41882;2.31596;
0.874469;-1.30621;13.6655;1.72979;2.21757;
0.72752;-1.4695;13.799;1.33513;2.40407;
0.579958;-1.47562;13.9183;1.19298;2.46171;
0.412505;-1.67452;14.0384;1.20114;2.51935;
0.233849;-1.78656;14.164;1.2556;2.52899;
0.0683546;-1.65494;14.2785;1.14456;2.53652;
-0.099379;-1.67734;14.417;1.38528;2.45127;
-0.236242;-1.36863;14.5253;1.083;2.47218;
-0.391129;-1.54888;14.6306;1.05261;2.54469;
-0.554035;-1.62906;14.7444;1.13817;2.53176;
-0.73516;-1.81125;14.8552;1.10841;2.59243;
-0.897948;-1.62788;14.9498;0.945836;2.61524;
-1.0456;-1.47648;15.0371;0.873229;2.6075;
-1.2373;-1.91704;15.1242;0.871171;2.71506;
-1.41381;-1.76513;15.2169;0.926486;2.65824;
-1.59964;-1.85829;15.3077;0.908019;2.68708;
-1.79614;-1.96504;15.4008;0.9309;2.69918;
-2.00639;-2.10241;15.4913;0.904886;2.73515;
-2.18746;-1.81076;15.569;0.777455;2.73604;
-2.38077;-1.93312;15.6483;0.792402;2.75257;
-2.5743;-1.93523;15.7275;0.792551;2.75289;
-2.7535;-1.79199;15.7878;0.603367;2.81681;
-2.93154;-1.78042;15.85;0.621497;2.80574;
-3.12015;-1.8861;15.911;0.610343;2.82863;
-3.3143;-1.94147;15.9678;0.568009;2.85697;
-3.51114;-1.96841;16.0225;0.546354;2.87085;
-3.69498;-1.83844;16.0795;0.570057;2.84092;
-3.88585;-1.90866;16.134;0.545594;2.86317;
-4.08081;-1.94959;16.1883;0.542662;2.87012;
-4.26644;-1.8563;16.221;0.327266;2.96709;
-4.47181;-2.0537;16.2646;0.435763;2.93251;
-4.65271;-1.80905;16.3029;0.382518;2.93322;
-4.83926;-1.86548;16.3581;0.552439;2.85368;
-5.03187;-1.92615;16.4286;0.705454;2.79051;
-5.20627;-1.74392;16.5193;0.906987;2.66201;
-5.36585;-1.59583;16.5935;0.74128;2.70674;
-5.54032;-1.74475;16.6932;0.997707;2.62214;
-5.73312;-1.92799;16.8072;1.13939;2.60784;
-5.88704;-1.5392;16.8736;0.664267;2.73417;
-6.05863;-1.71587;16.9662;0.926327;2.64657;
-6.24999;-1.91358;17.0565;0.90227;2.701;
-6.42913;-1.79136;17.1417;0.852764;2.69729;
-6.62432;-1.95193;17.1985;0.567337;2.85873;
-6.82524;-2.00924;17.2537;0.551802;2.87357;
-7.00333;-1.78087;17.3162;0.625196;2.80397;
-7.18405;-1.80717;17.3882;0.720336;2.7623;
-7.38121;-1.97165;17.4623;0.741178;2.78202;
-7.57101;-1.89797;17.527;0.646355;2.81336;
-7.7713;-2.00287;17.5851;0.58179;2.85889;
-7.95092;-1.79621;17.6441;0.589672;2.82439;
-8.13651;-1.85591;17.7032;0.590706;2.83345;
-8.32901;-1.92507;17.7739;0.707504;2.78939;
-8.53652;-2.07501;17.8516;0.776933;2.78333;
-8.72365;-1.87138;17.9288;0.771603;2.75051;
-8.92482;-2.01162;17.9913;0.625036;2.84034;
-9.12449;-1.99678;18.0441;0.527901;2.88313;
-9.30876;-1.84268;18.1069;0.628581;2.81285;
-9.51777;-2.09012;18.1671;0.601286;2.86148;
-9.70898;-1.91212;18.2189;0.517999;2.87704;
-9.8952;-1.86217;18.2718;0.529234;2.86469;
-10.0775;-1.82321;18.3305;0.587208;2.83001;
-10.2676;-1.9008;18.3911;0.606308;2.83282;
-10.4506;-1.82961;18.4545;0.63328;2.80837;
-10.6442;-1.93629;18.5117;0.572577;2.85408;
-10.8196;-1.75453;18.562;0.502746;2.86253;
-11.0098;-1.90123;18.6183;0.563123;2.85364;
-11.1891;-1.7931;18.6721;0.538303;2.84995;
-11.3926;-2.0348;18.7394;0.672624;2.82234;
-11.5943;-2.01787;18.7911;0.517066;2.89075;
-11.7863;-1.91994;18.8462;0.551223;2.86201;
-11.9731;-1.86722;18.9183;0.720644;2.77326;
-12.1573;-1.8421;18.9943;0.760054;2.75027;
-12.3483;-1.90995;19.0691;0.747811;2.76841;
-12.523;-1.7471;19.1485;0.794047;2.71501;
-12.7054;-1.82438;19.2316;0.830713;2.71431;
-12.9156;-2.10228;19.2861;0.545453;2.88773;
-13.116;-2.00389;19.3287;0.425865;2.93219;
-13.3098;-1.93732;19.3707;0.419652;2.92827;
-13.4941;-1.84386;19.4173;0.466523;2.89378;
-13.7106;-2.16494;19.4798;0.625374;2.86038;
-13.865;-1.54379;19.5344;0.545251;2.80208;
-14.0499;-1.84831;19.5902;0.558332;2.84823;
-14.2444;-1.94589;19.6575;0.672551;2.80882;
-14.428;-1.83531;19.7177;0.602381;2.82445;
-14.6158;-1.87821;19.7801;0.624054;2.82081;
-14.8177;-2.01937;19.847;0.669438;2.82149;
-14.996;-1.7832;19.9146;0.675219;2.77962;
-15.1846;-1.88514;19.9849;0.703767;2.78429;
-15.3697;-1.85147;20.0643;0.793457;2.73671;
-15.5545;-1.84747;20.1431;0.788493;2.7382;
-15.7386;-1.84135;20.2267;0.835147;2.71579;
-15.9033;-1.6468;20.2996;0.729584;2.72455;
-16.0844;-1.81169;20.3813;0.816973;2.71795;
-16.2678;-1.8339;20.4657;0.84417;2.71019;
-16.4505;-1.82631;20.5449;0.791511;2.73263;
-16.6403;-1.89841;20.6309;0.860198;2.71615;
-16.828;-1.87732;20.719;0.88118;2.70274;
-17.0082;-1.80213;20.7965;0.775363;2.73529;
-17.1668;-1.5859;20.8787;0.821484;2.66366;
-17.3493;-1.82508;20.9814;1.02726;2.62893;
-17.5273;-1.78003;21.0901;1.08719;2.59329;
-17.6993;-1.71985;21.1943;1.04192;2.59691;
-17.8713;-1.71956;21.2931;0.987263;2.62041;
-18.0447;-1.73457;21.3927;0.99649;2.62014;
-18.2275;-1.82767;21.4841;0.913929;2.6779;
-18.403;-1.75437;21.5793;0.951512;2.64463;
-18.5907;-1.87772;21.6688;0.895909;2.69641;
-18.7624;-1.71633;21.747;0.781424;2.71435;
-18.9413;-1.78923;21.8343;0.873274;2.68753;
-19.1197;-1.78428;21.9216;0.873118;2.68651;
-19.2989;-1.79202;22.0012;0.795559;2.72379;
-19.4819;-1.82993;22.0811;0.79877;2.73002;
-19.6629;-1.81037;22.1537;0.726892;2.75978;
-19.8442;-1.81228;22.2283;0.745568;2.7513;
-20.0216;-1.77429;22.3066;0.783129;2.72593;
-20.2161;-1.94463;22.3952;0.88576;2.71418;
-20.4095;-1.93392;22.4599;0.647254;2.81863;
-20.599;-1.89583;22.5231;0.631395;2.8201;
-20.7946;-1.95559;22.6185;0.954523;2.68751;
-20.9575;-1.62945;22.6958;0.772734;2.69877;
-21.1575;-1.99978;22.7899;0.941238;2.70168;
-21.348;-1.90511;22.8786;0.887077;2.70582;
-21.5377;-1.8964;22.9828;1.04154;2.63935;
-21.7122;-1.74564;23.0911;1.08311;2.58626;
-21.8867;-1.74439;23.209;1.17925;2.54714;
-22.0532;-1.66578;23.3217;1.12653;2.54697;
-22.2429;-1.89694;23.4302;1.0855;2.62184;
-22.4159;-1.72924;23.5278;0.976064;2.62772;
-22.5824;-1.66535;23.6268;0.989687;2.60539;
-22.7504;-1.67981;23.7398;1.1298;2.54951;
-22.9203;-1.6995;23.8432;1.03397;2.59502;
-23.0972;-1.76886;23.9356;0.924274;2.66009;
-23.2661;-1.68928;24.0557;1.20062;2.5237;
-23.4283;-1.62119;24.1767;1.21033;2.50029;
-23.5814;-1.53174;24.2892;1.12538;2.50795;
-23.7523;-1.70876;24.3701;0.80868;2.69957;
-23.9366;-1.8432;24.4629;0.927883;2.67522;
-24.1181;-1.81454;24.5592;0.962773;2.65377;
-24.2982;-1.8013;24.6588;0.996244;2.6364;
-24.4697;-1.71454;24.7505;0.916829;2.65054;
-24.644;-1.7434;24.8417;0.912203;2.65953;
-24.8035;-1.59517;24.9294;0.876823;2.639;
-24.9719;-1.68373;25.0228;0.934164;2.63506;
-25.1432;-1.71327;25.1188;0.960057;2.63083;
-25.3292;-1.8596;25.2029;0.841163;2.7168;
-25.4973;-1.68126;25.2932;0.902974;2.64872;
-25.6923;-1.94973;25.3745;0.812616;2.7467;
-25.884;-1.91712;25.4713;0.968148;2.67395;
-26.0588;-1.74829;25.5512;0.799542;2.71266;
-26.2317;-1.72882;25.6224;0.71151;2.75116;
-26.4129;-1.81236;25.7063;0.839287;2.70791;
-26.599;-1.86052;25.7811;0.74746;2.75958;
-26.7877;-1.88677;25.8348;0.537825;2.86391;
-26.9765;-1.88864;25.8967;0.618933;2.82491;
-27.1651;-1.88596;25.9672;0.705054;2.78384;
-27.3582;-1.93103;26.0354;0.681215;2.80245;
-27.545;-1.86803;26.1029;0.674981;2.79486;
-27.7397;-1.94673;26.1698;0.669089;2.81054;
-27.9352;-1.95527;26.2207;0.509415;2.88672;
-28.1104;-1.75203;26.2859;0.651923;2.78537;
-28.2966;-1.86119;26.363;0.770554;2.74907;
-28.4705;-1.73947;26.4473;0.843675;2.69;
-28.6577;-1.87175;26.5317;0.843687;2.71812;
-28.8416;-1.83901;26.6312;0.994716;2.64577;
-29.0234;-1.81824;26.7209;0.897312;2.68315;
-29.2172;-1.93825;26.8147;0.938476;2.69068;
-29.3905;-1.73296;26.9042;0.894826;2.66495;
-29.5761;-1.85603;27.005;1.00777;2.64416;
-29.7493;-1.73127;27.1005;0.955426;2.63732;
-29.9226;-1.73373;27.2006;1.00095;2.618;

29.9035;-1.73822;27.2983;0.976213;2.62988;
29.7228;-1.80731;27.397;0.987212;2.64165;
29.5637;-1.59127;27.4829;0.859433;2.64639;
29.3917;-1.71991;27.6271;1.44207;2.44384;
29.2384;-1.53343;27.7554;1.28287;2.44493;
29.0855;-1.52849;27.8998;1.44357;2.38476;
28.9357;-1.49788;28.0396;1.39795;2.39069;
28.7612;-1.74513;28.17;1.30435;2.49974;
28.6025;-1.58656;28.2825;1.12447;2.52502;
28.4592;-1.43329;28.3944;1.11905;2.4787;
28.3037;-1.55475;28.5192;1.24839;2.46506;
28.1473;-1.56408;28.6435;1.24296;2.4701;
27.9841;-1.63187;28.7687;1.25229;2.48705;
27.825;-1.59176;28.8899;1.21218;2.49075;
27.6531;-1.71901;28.9974;1.07437;2.583;
27.4899;-1.63186;29.1205;1.2308;2.49539;
27.3224;-1.67439;29.2335;1.13066;2.54766;
27.1481;-1.74353;29.3414;1.07867;2.58756;
26.9714;-1.76701;29.4539;1.12534;2.57451;
26.8021;-1.69294;29.5614;1.07478;2.57593;
26.6341;-1.67959;29.668;1.06577;2.57616;
26.465;-1.69143;29.7867;1.1869;2.52972;
26.321;-1.44014;29.9065;1.19853;2.44751;

26.1638;-1.57144;-29.9434;1.50088;2.37916;
26.0208;-1.43056;-29.7965;1.46925;2.34285;
25.8816;-1.39196;-29.6551;1.41355;2.3485;
25.7406;-1.40956;-29.5257;1.2944;2.39876;
25.5862;-1.54448;-29.405;1.20625;2.47854;
25.4348;-1.5141;-29.2854;1.19639;2.47288;
25.2903;-1.4445;-29.1733;1.12153;2.4814;
25.1257;-1.64582;-29.0547;1.18532;2.51744;
24.9585;-1.67282;-28.9367;1.18001;2.52725;
24.7886;-1.69895;-28.8217;1.15034;2.54641;
24.6249;-1.63616;-28.7082;1.13515;2.53505;
24.4622;-1.62739;-28.5903;1.17911;2.51458;
24.3168;-1.45411;-28.4827;1.07582;2.50462;
24.1573;-1.59456;-28.3698;1.12882;2.52557;
23.9905;-1.66864;-28.2611;1.08663;2.56437;
23.862;-1.28466;-28.1341;1.2705;2.36174;
23.7016;-1.60371;-27.9879;1.46212;2.40235;
23.5424;-1.59191;-27.8543;1.33531;2.44363;
23.3977;-1.44775;-27.7194;1.34958;2.39127;
23.2479;-1.49776;-27.5915;1.27891;2.43485;
23.0962;-1.51655;-27.4394;1.52077;2.3548;
22.9569;-1.39337;-27.2918;1.47584;2.32746;
22.8178;-1.39061;-27.1433;1.48501;2.32338;
22.6733;-1.4454;-27.0273;1.16018;2.46523;
22.5203;-1.52991;-26.9007;1.26621;2.45023;
22.3654;-1.54902;-26.7733;1.2743;2.45319;
22.2077;-1.57752;-26.6416;1.3168;2.44603;
22.0656;-1.42075;-26.4954;1.46143;2.34208;
21.9386;-1.26942;-26.359;1.36428;2.32019;
21.8033;-1.35308;-26.2056;1.53454;2.29344;
21.6686;-1.34778;-26.0543;1.51298;2.29851;
21.5362;-1.32374;-25.9423;1.11912;2.43976;
21.383;-1.53225;-25.8242;1.18105;2.48491;
21.2312;-1.51721;-25.7036;1.20606;2.46996;
21.0732;-1.58031;-25.5841;1.19571;2.49386;
20.9143;-1.58884;-25.449;1.35066;2.43705;
20.7651;-1.49227;-25.3149;1.34082;2.4096;
20.6206;-1.44467;-25.1812;1.33759;2.39466;
20.4769;-1.43737;-25.0408;1.40383;2.368;
20.3322;-1.44698;-24.8969;1.43884;2.35902;
20.1972;-1.34974;-24.7433;1.53608;2.29171;
20.0725;-1.24691;-24.5734;1.69901;2.20392;
19.9193;-1.53178;-24.4248;1.48607;2.37134;
19.7695;-1.4982;-24.2906;1.34149;2.41132;
19.6171;-1.52417;-24.1686;1.22038;2.46643;
19.4609;-1.56249;-24.0436;1.24982;2.46692;
19.301;-1.59818;-23.9129;1.30702;2.45608;
19.1549;-1.46189;-23.7901;1.228;2.44293;
19.0078;-1.47011;-23.6627;1.27434;2.4274;
18.8651;-1.42769;-23.528;1.34624;2.38555;
18.7263;-1.38824;-23.3895;1.38524;2.35728;
18.5857;-1.40531;-23.2501;1.39408;2.36021;
18.4433;-1.42445;-23.1099;1.40188;2.36418;
18.3107;-1.32566;-23.0012;1.08687;2.45485;
18.1715;-1.39169;-22.8942;1.07058;2.48587;
18.0061;-1.65441;-22.7534;1.4082;2.43641;
17.8496;-1.56468;-22.6175;1.35883;2.42649;
17.7017;-1.47973;-22.4849;1.32566;2.41106;
17.5477;-1.53973;-22.3532;1.31731;2.43389;
17.3831;-1.64545;-22.2145;1.38675;2.44131;
17.2255;-1.57607;-22.085;1.29493;2.45381;
17.0461;-1.79484;-21.9676;1.17451;2.56215;
16.8898;-1.5629;-21.8652;1.02327;2.5619;
16.7054;-1.84393;-21.7535;1.11689;2.59698;
16.5093;-1.96026;-21.6571;0.964022;2.68454;
16.318;-1.91382;-21.5566;1.00545;2.65786;
16.1231;-1.94835;-21.4715;0.850963;2.7298;
15.9392;-1.83893;-21.4008;0.707474;2.77433;
15.7544;-1.84797;-21.3293;0.714857;2.77249;
15.5697;-1.84775;-21.2604;0.68871;2.78481;
15.381;-1.88684;-21.1898;0.706307;2.78341;
15.1917;-1.89324;-21.1306;0.591921;2.83857;
14.9894;-2.02237;-21.0639;0.666352;2.8233;
14.7885;-2.00866;-21.0116;0.523664;2.88657;
14.595;-1.93538;-20.9611;0.504373;2.88666;
14.3975;-1.97558;-20.9046;0.565742;2.86269;
14.203;-1.94426;-20.8456;0.589485;2.84721;
14.0296;-1.73467;-20.7711;0.745049;2.73591;
13.8425;-1.87068;-20.7069;0.641632;2.81117;
13.6685;-1.74011;-20.6432;0.637166;2.79059;
13.4552;-2.13304;-20.5533;0.899745;2.74242;
13.2719;-1.8329;-20.476;0.772204;2.74286;
13.1049;-1.67038;-20.4067;0.693334;2.74816;
12.929;-1.75823;-20.3155;0.912368;2.66293;
12.7485;-1.80541;-20.2262;0.892601;2.68243;
12.5844;-1.64107;-20.1515;0.746602;2.71463;
12.4066;-1.77797;-20.0756;0.759174;2.73804;
12.2357;-1.70887;-20.0022;0.734013;2.73589;
12.0536;-1.82113;-19.9151;0.871291;2.69535;
11.8787;-1.74878;-19.8253;0.898197;2.66711;
11.6967;-1.81974;-19.7451;0.801905;2.72652;
11.5232;-1.7351;-19.6585;0.865564;2.67886;
11.3579;-1.65275;-19.5666;0.918985;2.63413;
11.1858;-1.72135;-19.4755;0.911526;2.65459;
10.9931;-1.92733;-19.3965;0.790153;2.75252;
10.8152;-1.77846;-19.3124;0.840888;2.69993;
10.6323;-1.82919;-19.2518;0.605543;2.8219;
10.4195;-2.1282;-19.1926;0.591673;2.87043;
10.2218;-1.97657;-19.1401;0.525841;2.88158;
10.0303;-1.91562;-19.0848;0.552208;2.86094;
9.83537;-1.9491;-19.0306;0.542187;2.87028;
9.63947;-1.95897;-18.9739;0.567404;2.85966;
9.44939;-1.90078;-18.9157;0.581351;2.84478;
9.2432;-2.06193;-18.8637;0.520032;2.89454;
9.05485;-1.88352;-18.8275;0.362629;2.95139;
8.85657;-1.98276;-18.801;0.264627;3.00891;
8.65811;-1.98463;-18.7751;0.259148;3.01175;
8.43983;-2.18275;-18.7518;0.233211;3.03515;
8.2332;-2.06635;-18.7248;0.269746;3.01178;
8.01975;-2.1345;-18.6863;0.385037;2.96312;
7.81305;-2.06699;-18.6493;0.369734;2.96459;
7.62619;-1.86855;-18.6106;0.386869;2.93744;
7.42429;-2.01899;-18.567;0.436566;2.92864;
7.22558;-1.98717;-18.5225;0.444914;2.92133;
7.03144;-1.94138;-18.4841;0.383942;2.94634;
6.83597;-1.95465;-18.436;0.481029;2.90029;
6.64468;-1.91289;-18.3988;0.37239;2.94932;
6.44475;-1.99938;-18.3667;0.320913;2.98244;
6.24957;-1.95181;-18.3349;0.31726;2.98046;
6.04875;-2.0082;-18.286;0.48942;2.90254;
5.8435;-2.05244;-18.2279;0.5814;2.86555;
5.65315;-1.90355;-18.1793;0.48592;2.89166;
5.46546;-1.87687;-18.1138;0.654362;2.80613;
5.2754;-1.90063;-18.0456;0.682673;2.79676;
5.08828;-1.87113;-17.9775;0.680452;2.7928;
4.9127;-1.75586;-17.9133;0.641926;2.7911;
4.70005;-2.12647;-17.8503;0.63023;2.85347;
4.50367;-1.96384;-17.8256;0.247062;3.01644;
4.30074;-2.02926;-17.8051;0.204847;3.04099;
4.10101;-1.99734;-17.7774;0.276751;3.00391;
3.90364;-1.9737;-17.761;0.163913;3.05873;
3.70501;-1.98632;-17.7398;0.21221;3.03516;
3.50286;-2.02148;-17.6952;0.446297;2.9243;
3.30717;-1.95688;-17.6528;0.424053;2.92819;
3.11351;-1.93658;-17.6129;0.399074;2.93837;
2.91661;-1.96901;-17.5727;0.401876;2.94026;
2.71496;-2.01651;-17.5508;0.218844;3.03349;
2.49403;-2.20927;-17.5506;0.00173722;3.14081;
2.27315;-2.20878;-17.5604;-0.0974013;-3.09752;
2.0727;-2.0045;-17.5774;-0.170503;-3.05674;
1.89056;-1.82144;-17.6144;-0.369962;-2.9412;
1.68336;-2.07196;-17.6806;-0.661678;-2.83248;
1.49258;-1.90785;-17.7333;-0.527191;-2.87199;
1.3005;-1.92075;-17.7787;-0.453613;-2.90968;
1.11091;-1.89596;-17.8037;-0.250322;-3.01032;
0.905682;-2.05225;-17.8305;-0.2678;-3.01184;
0.708374;-1.97308;-17.8558;-0.252659;-3.01423;
0.509228;-1.99146;-17.8794;-0.236673;-3.0233;
0.291095;-2.18133;-17.8817;-0.0225687;-3.13125;
0.0697602;-2.21335;-17.8762;0.0547905;3.11684;
-0.132395;-2.02155;-17.8642;0.119584;3.08251;
-0.331392;-1.98997;-17.8612;0.0299727;3.12653;
-0.517816;-1.86424;-17.8699;-0.0864244;-3.09527;
-0.720297;-2.02482;-17.8754;-0.055363;-3.11426;
-0.912042;-1.91744;-17.8884;-0.130014;-3.07389;
-1.10115;-1.89108;-17.8833;0.0514396;3.1144;
-1.30323;-2.02077;-17.8857;-0.0244471;-3.1295;
-1.51105;-2.07822;-17.8946;-0.0890834;-3.09875;
-1.70307;-1.92025;-17.9147;-0.200722;-3.03744;
-1.90036;-1.97282;-17.9211;-0.0641695;-3.10908;
-2.07893;-1.78572;-17.934;-0.129046;-3.06945;
-2.25892;-1.79988;-17.9658;-0.317678;-2.96689;
-2.44109;-1.8218;-17.999;-0.332477;-2.96108;
-2.64142;-2.00324;-18.0398;-0.408068;-2.94064;
-2.83359;-1.92173;-18.0816;-0.417424;-2.9277;
-3.01974;-1.86154;-18.1124;-0.308255;-2.97749;
-3.2202;-2.00457;-18.1416;-0.292103;-2.99689;
-3.41418;-1.93982;-18.1643;-0.226249;-3.02548;
-3.61156;-1.97379;-18.1793;-0.150008;-3.06574;
-3.81248;-2.00912;-18.1946;-0.153024;-3.06557;
-4.00892;-1.96442;-18.2192;-0.246166;-3.01693;
-4.20203;-1.9311;-18.2435;-0.242984;-3.01642;
-4.40109;-1.99062;-18.2616;-0.181756;-3.05054;
-4.59974;-1.98648;-18.2791;-0.174911;-3.05377;
-4.79265;-1.92918;-18.3008;-0.21626;-3.02996;
-4.98478;-1.92126;-18.3358;-0.350123;-2.96133;
-5.17154;-1.86761;-18.3747;-0.389469;-2.936;
-5.37279;-2.0125;-18.4181;-0.433793;-2.92929;
-5.57049;-1.97693;-18.4654;-0.472738;-2.90687;
-5.76601;-1.95525;-18.5245;-0.591463;-2.84784;
-5.95613;-1.90123;-18.5727;-0.48181;-2.8934;
-6.14972;-1.93583;-18.6418;-0.690763;-2.79885;
-6.33561;-1.85895;-18.7118;-0.70055;-2.7812;
-6.51926;-1.8365;-18.7894;-0.775654;-2.74197;
-6.70241;-1.83144;-18.8711;-0.816694;-2.72213;
-6.88522;-1.82815;-18.9589;-0.878062;-2.69383;
-7.07624;-1.91021;-19.0353;-0.764199;-2.76103;
-7.27665;-2.00411;-19.1082;-0.728797;-2.79281;
-7.44022;-1.63569;-19.1743;-0.660946;-2.75758;
-7.63168;-1.91462;-19.2519;-0.776007;-2.75652;
-7.81579;-1.84107;-19.3199;-0.680246;-2.78767;
-8.00196;-1.86171;-19.3796;-0.59719;-2.83119;
-8.18688;-1.84921;-19.4405;-0.608399;-2.82374;
-8.35839;-1.71504;-19.5252;-0.847628;-2.68257;
-8.53227;-1.73887;-19.6186;-0.933678;-2.64883;
-8.70888;-1.76605;-19.7163;-0.977073;-2.63626;
-8.88136;-1.72481;-19.8092;-0.928947;-2.64756;
-9.05766;-1.76301;-19.9076;-0.984288;-2.6324;
-9.23088;-1.73225;-20.0058;-0.981591;-2.62605;
-9.4034;-1.72521;-20.1059;-1.0008;-2.61593;
-9.58532;-1.81916;-20.2172;-1.11323;-2.59243;
-9.78838;-2.03063;-20.302;-0.848033;-2.74599;
-9.9525;-1.64118;-20.3745;-0.725506;-2.72536;
-10.1291;-1.76609;-20.4442;-0.69653;-2.76593;
-10.3241;-1.95003;-20.5289;-0.84759;-2.73157;
-10.508;-1.83918;-20.6085;-0.795202;-2.7335;
-10.7027;-1.94694;-20.7049;-0.964594;-2.6816;
-10.8766;-1.7383;-20.7774;-0.724603;-2.74665;
-11.0617;-1.85114;-20.8539;-0.765456;-2.7495;
-11.2495;-1.87872;-20.9418;-0.878436;-2.70422;
-11.4238;-1.74294;-21.0373;-0.955615;-2.64007;
-11.5867;-1.62884;-21.1356;-0.982254;-2.59894;
-11.7548;-1.68091;-21.2319;-0.963833;-2.62096;
-11.9316;-1.76752;-21.339;-1.07067;-2.59696;
-12.1107;-1.79146;-21.4287;-0.896902;-2.67742;
-12.277;-1.66254;-21.5216;-0.929051;-2.63201;
-12.4273;-1.50342;-21.6293;-1.07746;-2.51976;
-12.5983;-1.70969;-21.7501;-1.2074;-2.52671;
-12.7584;-1.60113;-21.8627;-1.12593;-2.52872;
-12.9118;-1.53459;-21.9487;-0.860273;-2.63066;
-13.0925;-1.80643;-22.0589;-1.10221;-2.59374;
-13.2677;-1.75162;-22.1689;-1.09984;-2.58091;
-13.4254;-1.57781;-22.2888;-1.1988;-2.49186;
-13.5866;-1.61163;-22.4215;-1.32659;-2.4529;
-13.7396;-1.52973;-22.549;-1.27544;-2.4466;
-13.9217;-1.82146;-22.6827;-1.33737;-2.50826;
-14.0924;-1.70643;-22.7971;-1.14386;-2.55106;
-14.2654;-1.73059;-22.8972;-1.00071;-2.61732;
-14.4328;-1.67408;-23.0062;-1.09003;-2.56443;
-14.598;-1.65202;-23.1132;-1.0696;-2.56701;
-14.7721;-1.74062;-23.2278;-1.14633;-2.55921;
-14.9389;-1.66768;-23.3376;-1.09845;-2.55915;
-15.0994;-1.60589;-23.4312;-0.935211;-2.61424;
-15.2833;-1.83844;-23.5305;-0.993445;-2.64617;
-15.4584;-1.75063;-23.6191;-0.88565;-2.67323;
-15.639;-1.80642;-23.7097;-0.906568;-2.67646;
-15.8259;-1.86935;-23.8019;-0.921665;-2.68353;
-16.0121;-1.86191;-23.9095;-1.07647;-2.61739;
-16.1879;-1.75785;-23.9832;-0.736725;-2.74472;
-16.3747;-1.86812;-24.0599;-0.766754;-2.75212;
-16.5646;-1.89863;-24.1517;-0.918392;-2.69106;
-16.7406;-1.76023;-24.1993;-0.475415;-2.8778;
-16.9018;-1.61204;-24.2851;-0.858658;-2.65217;
-17.0764;-1.74603;-24.3859;-1.00775;-2.61813;
-17.249;-1.72603;-24.4857;-0.997592;-2.61753;
-17.436;-1.86994;-24.6024;-1.16744;-2.58348;
-17.6253;-1.89331;-24.7273;-1.24875;-2.55853;
-17.7931;-1.67795;-24.8266;-0.993309;-2.60709;
-17.9325;-1.39356;-24.9434;-1.16798;-2.44403;
-18.0833;-1.5083;-25.0692;-1.25766;-2.44656;
-18.2406;-1.57247;-25.1993;-1.30148;-2.45021;
-18.3947;-1.54084;-25.3261;-1.26786;-2.45308;
-18.5449;-1.50238;-25.4599;-1.33755;-2.41417;
-18.699;-1.54139;-25.5959;-1.36009;-2.4186;
-18.8362;-1.37171;-25.7399;-1.44022;-2.33183;
-18.9737;-1.37517;-25.8808;-1.40942;-2.34389;
-19.1061;-1.32426;-26.0333;-1.52475;-2.28594;
-19.2345;-1.28323;-26.1833;-1.49993;-2.27849;
-19.3833;-1.48804;-26.3333;-1.50011;-2.35216;
-19.5254;-1.42142;-26.4751;-1.41737;-2.35762;
-19.6584;-1.32981;-26.6033;-1.28219;-2.37442;
-19.8009;-1.42468;-26.7438;-1.40553;-2.36296;
-19.9668;-1.65988;-26.8736;-1.29816;-2.47788;
-20.1152;-1.484;-26.9994;-1.25799;-2.43843;
-20.2814;-1.66132;-27.1267;-1.2723;-2.48803;
-20.4288;-1.47389;-27.2493;-1.22661;-2.44751;
-20.6146;-1.85838;-27.4043;-1.54921;-2.44668;
-20.779;-1.64422;-27.5252;-1.20956;-2.50734;
-20.9363;-1.57309;-27.6427;-1.1752;-2.49997;
-21.0986;-1.62277;-27.7618;-1.19114;-2.5084;
-21.2607;-1.62083;-27.885;-1.23109;-2.49201;
-21.4199;-1.59203;-28.0059;-1.20996;-2.49172;
-21.5774;-1.57491;-28.1021;-0.961814;-2.59334;
-21.7406;-1.63194;-28.2059;-1.03721;-2.57543;
-21.911;-1.70398;-28.3142;-1.08332;-2.5753;
-22.0727;-1.61731;-28.4159;-1.01751;-2.58002;
-22.2607;-1.88008;-28.5102;-0.9429;-2.67673;
-22.4407;-1.79979;-28.5978;-0.875764;-2.68873;
-22.6242;-1.83495;-28.6791;-0.813144;-2.72446;
-22.8353;-2.11127;-28.7631;-0.840124;-2.76288;
-23.0147;-1.79399;-28.8283;-0.651837;-2.79308;
-23.2004;-1.85717;-28.9012;-0.729385;-2.76736;
-23.4044;-2.03933;-28.9741;-0.72885;-2.79834;
-23.5882;-1.83837;-29.036;-0.618376;-2.81711;
-23.7807;-1.92506;-29.1098;-0.738218;-2.77541;
-23.9706;-1.89914;-29.1826;-0.72772;-2.77567;
-24.1568;-1.86197;-29.2538;-0.712042;-2.77634;
-24.3463;-1.89492;-29.3218;-0.680128;-2.79699;
-24.5664;-2.20043;-29.3981;-0.762737;-2.80792;
-24.7494;-1.83013;-29.4759;-0.778446;-2.73942;
-24.9374;-1.88006;-29.5454;-0.695099;-2.78746;
-25.13;-1.92644;-29.5998;-0.543925;-2.86641;
-25.3175;-1.8747;-29.6604;-0.606117;-2.82889;
-25.5037;-1.86253;-29.7204;-0.599711;-2.83009;
-25.6829;-1.79179;-29.7873;-0.669417;-2.78405;
-25.8702;-1.87299;-29.8518;-0.644787;-2.81005;
-26.0594;-1.89153;-29.9171;-0.652725;-2.80931;
-26.2597;-2.00308;-29.9825;-0.654571;-2.82575;

-26.4541;-1.94439;29.9777;-0.398119;-2.93963;
-26.6544;-2.00307;29.9366;-0.410782;-2.93932;
-26.852;-1.97602;29.9015;-0.350886;-2.96585;
-27.0342;-1.82169;29.872;-0.29437;-2.98139;
-27.2439;-2.09662;29.8354;-0.366679;-2.96845;
-27.4392;-1.95362;29.8013;-0.34128;-2.96865;
-27.6365;-1.97276;29.7664;-0.348463;-2.96676;
-27.8364;-1.99848;29.7359;-0.304915;-2.99019;
-28.0054;-1.69055;29.7063;-0.295857;-2.96834;
-28.2352;-2.29837;29.643;-0.633595;-2.8726;
-28.418;-1.82711;29.5749;-0.681124;-2.78476;
-28.5929;-1.74958;29.5034;-0.715011;-2.75363;
-28.761;-1.68039;29.4208;-0.825341;-2.68504;
-28.9419;-1.80971;29.3319;-0.889565;-2.68473;
-29.1207;-1.78743;29.244;-0.879135;-2.68449;
-29.3146;-1.93979;29.1679;-0.760113;-2.76813;
-29.5019;-1.87285;29.0805;-0.874326;-2.70482;
-29.6962;-1.94256;28.9906;-0.899444;-2.70796;
-29.8895;-1.93339;28.9143;-0.762232;-2.76606;

29.9243;-1.86132;28.8401;-0.74267;-2.76195;
29.7788;-1.45583;28.7553;-0.847297;-2.61451;
29.6078;-1.7096;28.6601;-0.952662;-2.6332;
29.4427;-1.6512;28.566;-0.940434;-2.62387;
29.2671;-1.75624;28.4566;-1.09473;-2.58419;
29.081;-1.86046;28.3442;-1.124;-2.59813;
28.905;-1.76047;28.2371;-1.07012;-2.59541;
28.737;-1.68006;28.1341;-1.03081;-2.59127;
28.5625;-1.74409;28.0348;-0.992204;-2.62436;
28.3896;-1.72925;27.9388;-0.960607;-2.63453;
28.2155;-1.74134;27.8417;-0.971306;-2.63279;
28.0376;-1.77928;27.738;-1.03675;-2.61401;
27.8614;-1.76138;27.6471;-0.908436;-2.66542;
27.6935;-1.67964;27.542;-1.05138;-2.5823;
27.5414;-1.52071;27.4387;-1.03323;-2.5448;
27.3557;-1.85717;27.3239;-1.1473;-2.58821;
27.1804;-1.7522;27.2145;-1.09453;-2.58324;
27.012;-1.68497;27.1121;-1.02413;-2.59546;
26.8416;-1.70351;27.0092;-1.02906;-2.59818;
26.6644;-1.77242;26.8899;-1.19302;-2.54915;
26.493;-1.71372;26.8129;-0.769249;-2.71967;
26.2971;-1.95908;26.7242;-0.887878;-2.71607;
26.1054;-1.91674;26.633;-0.911114;-2.69786;
25.9216;-1.83848;26.5495;-0.835252;-2.71515;
25.7405;-1.81063;26.4666;-0.829397;-2.71205;
25.5532;-1.87318;26.3801;-0.864624;-2.70915;
25.3689;-1.84277;26.3229;-0.5721;-2.84057;
25.1716;-1.97285;26.2902;-0.327109;-2.97728;
24.9801;-1.91515;26.2575;-0.326825;-2.97257;
24.7865;-1.93625;26.2056;-0.518916;-2.87974;
24.5888;-1.97663;26.1495;-0.561601;-2.86477;
24.4019;-1.8694;26.0981;-0.513223;-2.87366;
24.1958;-2.06086;26.066;-0.321505;-2.98683;
23.9975;-1.98296;26.0302;-0.357567;-2.96319;
23.8003;-1.97227;25.9888;-0.41485;-2.93427;
23.6037;-1.96577;25.9476;-0.411182;-2.9354;
23.4057;-1.98026;25.9231;-0.245367;-3.01831;
23.2163;-1.89336;25.9057;-0.174269;-3.04981;
23.0166;-1.99746;25.884;-0.216456;-3.03365;
22.8232;-1.93367;25.8798;-0.0421419;-3.1198;
22.6165;-2.06675;25.8889;0.0913381;3.09743;
22.4118;-2.04763;25.8918;0.0284423;3.1277;
22.2086;-2.03164;25.8728;-0.189465;-3.0486;
22.0225;-1.86109;25.8826;0.0973713;3.08932;
21.8165;-2.06041;25.8902;0.0762054;3.10462;
21.6246;-1.91854;25.898;0.0781516;3.10088;
21.43;-1.94652;25.8868;-0.111972;-3.08413;
21.2287;-2.0126;25.8669;-0.1989;-3.04309;
21.0399;-1.88806;25.8342;-0.326988;-2.97011;
20.8284;-2.11532;25.8098;-0.243901;-3.0268;
20.6333;-1.95019;25.7954;-0.144716;-3.06752;
20.4311;-2.02215;25.8077;0.123704;3.08049;
20.2301;-2.00977;25.8189;0.111238;3.0863;
20.0379;-1.92227;25.8298;0.108952;3.08497;
19.86;-1.77934;25.8258;-0.0390988;-3.11962;
19.6415;-2.18507;25.8386;0.128007;3.08308;
19.4444;-1.97043;25.8373;-0.0133705;-3.13481;
19.2484;-1.96008;25.8296;-0.0772508;-3.1022;
19.0502;-1.9824;25.8119;-0.177108;-3.05249;
18.8542;-1.9599;25.8046;-0.0727955;-3.10447;
18.663;-1.91216;25.8057;0.0106709;3.13601;
18.4621;-2.00876;25.8024;-0.0321919;-3.12557;
18.2536;-2.08487;25.8254;0.229608;3.0319;
18.0564;-1.97223;25.8461;0.207179;3.03693;
17.8546;-2.01775;25.8334;-0.127224;-3.07862;
17.6609;-1.93711;25.8404;0.0697464;3.1056;
17.4619;-1.98961;25.8315;-0.088822;-3.09698;
17.2627;-1.9924;25.8285;-0.0296119;-3.12673;
17.0497;-2.12974;25.8397;0.111508;3.08928;
16.8459;-2.03826;25.8451;0.0542766;3.11497;
16.6451;-2.00805;25.8568;0.116662;3.08356;
16.4397;-2.05363;25.865;0.0821176;3.10163;
16.2308;-2.08918;25.8768;0.11764;3.08534;
16.0364;-1.94427;25.8977;0.209248;3.03438;
15.8232;-2.13176;25.9187;0.210481;3.04318;
15.6064;-2.16776;25.9243;0.055901;3.11581;
15.4183;-1.88147;25.9356;0.112742;3.08174;
15.2215;-1.96832;25.9328;-0.0277031;-3.12752;
15.0119;-2.09535;25.942;0.091493;3.09796;
14.8246;-1.87314;25.9458;0.0379108;3.12136;
14.6251;-1.99494;25.9506;0.0489168;3.11708;
14.4226;-2.02489;25.9525;0.0189504;3.13223;
14.223;-1.99642;25.9537;0.0110927;3.13604;
14.0351;-1.87937;25.9523;-0.0136543;-3.13433;
13.8337;-2.01351;25.9566;0.0428128;3.12033;
13.6306;-2.0315;25.9522;-0.0437156;-3.12008;
13.4371;-1.93475;25.9591;0.0691576;3.10586;
13.2515;-1.85581;25.954;-0.05097;-3.11413;
13.0543;-1.97228;25.9565;0.0245997;3.12912;
12.8787;-1.75545;25.9468;-0.096587;-3.08663;
12.6741;-2.04637;25.9506;0.0378448;3.1231;
12.4721;-2.02;25.9552;0.0462618;3.11869;
12.2776;-1.94526;25.9519;-0.0333599;-3.12445;
12.0832;-1.94329;25.937;-0.14926;-3.06494;
11.8849;-1.98362;25.9192;-0.177193;-3.0525;
11.6693;-2.15573;25.9124;-0.0686166;-3.10977;
11.4683;-2.00957;25.9035;-0.0883598;-3.09765;
11.2681;-2.00192;25.8947;-0.0883542;-3.09749;
11.0737;-1.94441;25.8825;-0.122149;-3.07885;
10.8853;-1.88381;25.8805;-0.019947;-3.131;
10.7015;-1.83827;25.8843;0.0378404;3.12101;
10.5067;-1.94757;25.8916;0.0729917;3.10413;
10.2984;-2.08362;25.8999;0.0826925;3.10193;
10.089;-2.09358;25.9036;0.03745;3.12371;
9.89097;-1.98053;25.9108;0.0718168;3.10535;
9.69459;-1.96382;25.914;0.0321595;3.12522;
9.48939;-2.05199;25.922;0.0799912;3.10263;
9.3185;-1.70891;25.9296;0.0765078;3.09685;
9.11719;-2.01308;25.9343;0.046405;3.11854;
8.92559;-1.91605;25.951;0.166897;3.05471;
8.73334;-1.92251;26.0011;0.501088;2.88662;
8.54044;-1.92892;26.0496;0.485263;2.89513;
8.33831;-2.0213;26.0854;0.357971;2.96631;
8.13468;-2.0363;26.1261;0.406509;2.94455;
7.94338;-1.91306;26.1876;0.615679;2.83023;
7.75797;-1.85408;26.2449;0.573001;2.84185;
7.56306;-1.94907;26.2944;0.494559;2.8931;
7.37112;-1.91945;26.3324;0.37995;2.94617;
7.17477;-1.96345;26.3695;0.371675;2.95451;
6.97751;-1.97264;26.43;0.604997;2.84401;
6.76757;-2.09939;26.4942;0.641421;2.84507;
6.5725;-1.95071;26.5562;0.61993;2.83389;
6.38633;-1.8617;26.6039;0.477491;2.89052;
6.1931;-1.93232;26.66;0.560815;2.85912;
6.02307;-1.70026;26.7116;0.515843;2.84703;
5.83158;-1.9149;26.769;0.573747;2.85048;
5.63492;-1.96662;26.8134;0.444741;2.91919;
5.43367;-2.01249;26.8586;0.451622;2.92084;
5.21386;-2.19808;26.8929;0.343311;2.98666;
5.0255;-1.8836;26.9386;0.456428;2.90386;
4.82959;-1.95916;26.9864;0.478481;2.90205;
4.63112;-1.98471;27.0335;0.470558;2.9088;
4.43195;-1.99165;27.0817;0.482345;2.90398;
4.23735;-1.94598;27.1324;0.507233;2.88661;
4.03782;-1.99534;27.1843;0.51832;2.88744;
3.85507;-1.82748;27.2398;0.555476;2.84651;
3.65233;-2.02736;27.2866;0.467663;2.91488;
3.45856;-1.93775;27.3322;0.456113;2.91042;
3.26493;-1.93633;27.3672;0.350117;2.96271;
3.05816;-2.06771;27.3758;0.0858238;3.10011;
2.85407;-2.04081;27.3911;0.152995;3.06676;
2.65348;-2.00594;27.4082;0.171341;3.05638;
2.45743;-1.9605;27.4266;0.183268;3.04838;
2.27609;-1.81345;27.4491;0.225692;3.01777;
2.08066;-1.95422;27.4756;0.264583;3.00702;
1.86802;-2.12645;27.5014;0.258586;3.02058;
1.66939;-1.98631;27.5247;0.232432;3.02511;
1.47757;-1.91813;27.5483;0.236551;3.01889;
1.28501;-1.92568;27.5706;0.222639;3.02649;
1.08581;-1.992;27.5958;0.252019;3.01575;
0.911935;-1.73872;27.6414;0.455478;2.88539;
0.714793;-1.97142;27.6844;0.430801;2.92645;
0.523653;-1.9114;27.7295;0.45101;2.90987;
0.324204;-1.99449;27.7647;0.351342;2.96723;
0.0899018;-2.34302;27.808;0.433098;2.95881;
-0.111308;-2.0121;27.8387;0.306751;2.9903;
-0.331953;-2.20645;27.8787;0.400512;2.96203;
-0.523868;-1.91915;27.9108;0.321393;2.97567;
-0.724575;-2.00707;27.9469;0.360369;2.96394;
-0.908327;-1.83752;27.9834;0.364731;2.94565;
-1.10411;-1.95785;28.0214;0.380797;2.94949;
-1.30001;-1.95895;28.0578;0.363357;2.95819;
-1.50772;-2.07708;28.0984;0.405856;2.94863;
-1.69841;-1.90698;28.1397;0.413761;2.92793;
-1.89414;-1.95722;28.1764;0.366181;2.95664;
-2.09935;-2.05211;28.2266;0.502668;2.90137;
-2.30305;-2.03702;28.2716;0.449905;2.92422;
-2.48323;-1.80186;28.3062;0.345524;2.95213;
-2.67982;-1.96587;28.3438;0.376504;2.95236;
-2.87806;-1.98242;28.3887;0.448424;2.91914;
-3.05688;-1.7882;28.4558;0.671444;2.7824;
-3.24322;-1.86335;28.5277;0.718991;2.77334;
-3.43772;-1.945;28.6131;0.853593;2.72804;
-3.62373;-1.86016;28.6756;0.625529;2.8172;
-3.82097;-1.97232;28.7329;0.572537;2.85907;
-4.01523;-1.94268;28.7899;0.570107;2.85614;
-4.20801;-1.92778;28.8442;0.543455;2.86682;
-4.40004;-1.92029;28.8989;0.54647;2.86435;
-4.61145;-2.11407;28.9631;0.641895;2.84681;
-4.78623;-1.7478;29.0256;0.625285;2.79802;
-4.96045;-1.74219;29.0939;0.682864;2.76804;
-5.13922;-1.78774;29.1581;0.642181;2.79673;
-5.34208;-2.02861;29.2102;0.521262;2.89008;
-5.52236;-1.80279;29.2332;0.229798;3.01481;
-5.71981;-1.97452;29.257;0.237976;3.02165;
-5.92174;-2.01928;29.2839;0.269234;3.00904;
-6.11414;-1.92398;29.3245;0.406329;2.93346;
-6.308;-1.93859;29.3728;0.482073;2.89786;
-6.49915;-1.9115;29.4091;0.363838;2.9535;
-6.6973;-1.98154;29.468;0.588925;2.8527;
-6.88888;-1.91582;29.5177;0.496473;2.88803;
-7.07993;-1.91045;29.5641;0.464468;2.9031;
-7.27475;-1.94821;29.6403;0.761926;2.76879;
-7.47204;-1.97294;29.7039;0.636182;2.82967;
-7.65858;-1.86538;29.7708;0.668662;2.7974;
-7.8371;-1.78518;29.8306;0.597977;2.81837;
-8.02006;-1.82964;29.8935;0.628781;2.81057;
-8.1996;-1.79531;29.97;0.765507;2.73854;

-8.38291;-1.83316;-29.9843;0.456564;2.8975;
-8.55517;-1.72261;-29.9311;0.53248;2.8418;
-8.75475;-1.99582;-29.858;0.730706;2.79063;
-8.93546;-1.80707;-29.7923;0.656486;2.79313;
-9.12689;-1.91432;-29.7219;0.704028;2.78918;
-9.31992;-1.93029;-29.6501;0.71806;2.78546;
-9.5004;-1.80477;-29.5793;0.708046;2.76773;
-9.6893;-1.88898;-29.5029;0.764579;2.75699;
-9.87299;-1.83695;-29.427;0.758504;2.75;
-10.0551;-1.82081;-29.3553;0.717318;2.76631;
-10.2468;-1.91752;-29.2915;0.637837;2.82047;
-10.4475;-2.00695;-29.2553;0.361847;2.96321;
-10.65;-2.02519;-29.2236;0.317328;2.98617;
-10.8465;-1.96473;-29.1877;0.359234;2.96075;
-11.0433;-1.96787;-29.1517;0.359502;2.9609;
-11.2314;-1.88123;-29.0998;0.519376;2.87222;
-11.4336;-2.02156;-29.0622;0.375971;2.95771;
-11.6333;-1.99726;-29.0254;0.367796;2.95948;
-11.8291;-1.95774;-28.9944;0.309974;2.98456;
-12.0297;-2.00585;-28.9852;0.0918723;3.09582;
-12.1987;-1.68994;-28.9775;0.0768223;3.09617;
-12.3961;-1.97393;-28.9685;0.0905921;3.09573;
-12.6001;-2.04018;-28.9697;-0.0117405;-3.13584;
-12.7975;-1.97416;-28.9884;-0.187541;-3.04688;
-12.9912;-1.93758;-29.0057;-0.173195;-3.05244;
-13.1867;-1.95502;-29.0282;-0.224392;-3.02732;
-13.3869;-2.00128;-29.0447;-0.164966;-3.05935;
-13.608;-2.21077;-29.0767;-0.320845;-2.99747;
-13.8071;-1.99174;-29.0984;-0.216254;-3.03344;
-14.0118;-2.04685;-29.1182;-0.198727;-3.04481;
-14.2062;-1.94368;-29.142;-0.237362;-3.02007;
-14.4014;-1.95178;-29.178;-0.360628;-2.95888;
-14.5969;-1.95545;-29.205;-0.269882;-3.00444;
-14.7897;-1.92821;-29.2308;-0.257625;-3.00877;
-14.9871;-1.97409;-29.2553;-0.244985;-3.01812;
-15.1838;-1.96686;-29.2861;-0.307589;-2.98646;
-15.3746;-1.9082;-29.3269;-0.408059;-2.93092;
-15.5649;-1.90288;-29.3831;-0.56245;-2.8542;
-15.7569;-1.91937;-29.4401;-0.569817;-2.853;
-15.9602;-2.03347;-29.48;-0.39942;-2.94764;
-16.1605;-2.00301;-29.5202;-0.402163;-2.94345;
-16.358;-1.97528;-29.5543;-0.341077;-2.97061;
-16.5701;-2.1208;-29.589;-0.34619;-2.97978;
-16.7736;-2.03468;-29.6065;-0.175818;-3.0554;
-16.9923;-2.18676;-29.6184;-0.118017;-3.08768;
-17.1874;-1.95142;-29.6331;-0.146994;-3.06641;
-17.3861;-1.98679;-29.6372;-0.0411703;-3.12087;
-17.5811;-1.95025;-29.6454;-0.0824998;-3.09932;
-17.7758;-1.94732;-29.6554;-0.0998665;-3.09035;
-17.9664;-1.9053;-29.6554;0.000162775;3.14151;
-18.1741;-2.07696;-29.652;0.033777;3.12533;
-18.3822;-2.08141;-29.6424;0.0964774;3.09527;
-18.5802;-1.97977;-29.6306;0.117803;3.08216;
-18.7802;-2.00063;-29.6331;-0.0248329;-3.12918;
-18.9825;-2.02259;-29.6295;0.035668;3.12396;
-19.1847;-2.02157;-29.6271;0.0235938;3.12992;
-19.3854;-2.00753;-29.6267;0.00403922;3.13958;
-19.5855;-2.00067;-29.6275;-0.00735536;-3.13792;
-19.7904;-2.04905;-29.6332;-0.057007;-3.11378;
-19.9866;-1.96229;-29.6508;-0.176597;-3.05184;
-20.1856;-1.98997;-29.6708;-0.199435;-3.04171;
-20.3805;-1.94877;-29.6849;-0.141091;-3.06932;
-20.5834;-2.02899;-29.6944;-0.095054;-3.09478;
-20.793;-2.09591;-29.7106;-0.162011;-3.06445;
-20.9915;-1.98513;-29.7266;-0.160467;-3.06093;
-21.1926;-2.01139;-29.7421;-0.154423;-3.06497;
-21.3852;-1.92531;-29.7612;-0.191565;-3.04242;
-21.5868;-2.01665;-29.7825;-0.212408;-3.03665;
-21.7844;-1.97573;-29.7997;-0.171988;-3.05476;
-21.989;-2.04592;-29.8464;-0.467458;-2.91696;
-22.186;-1.96993;-29.8912;-0.447686;-2.91813;
-22.3812;-1.95216;-29.9353;-0.441351;-2.91925;

-22.5909;-2.09677;29.9953;-0.693989;-2.82196;
-22.7868;-1.95969;29.9323;-0.630153;-2.83048;
-22.9625;-1.75699;29.878;-0.542592;-2.84207;
-23.1548;-1.92306;29.8191;-0.588572;-2.84459;
-23.3402;-1.85307;29.7613;-0.578708;-2.83889;
-23.5421;-2.01971;29.7014;-0.598266;-2.85361;
-23.7401;-1.98015;29.6472;-0.542349;-2.87426;
-23.9353;-1.95148;29.5849;-0.623402;-2.83239;
-24.1254;-1.90148;29.5207;-0.641369;-2.81628;
-24.3167;-1.91246;29.4582;-0.625544;-2.82547;
-24.5032;-1.86519;29.4144;-0.437716;-2.91109;
-24.6558;-1.52615;29.3708;-0.436375;-2.86309;
-24.8248;-1.69011;29.3158;-0.549773;-2.8271;
-25.0107;-1.85886;29.263;-0.528116;-2.86478;
-25.2028;-1.9211;29.2089;-0.54115;-2.86702;
-25.3704;-1.67589;29.1659;-0.430015;-2.89042;
-25.5709;-2.00501;29.1178;-0.480238;-2.9065;
-25.7687;-1.97736;29.0743;-0.435483;-2.92482;
-25.9613;-1.92681;29.0339;-0.404069;-2.93488;
-26.1643;-2.02974;28.9967;-0.371426;-2.9606;
-26.36;-1.95741;28.9606;-0.361602;-2.95892;
-26.5556;-1.95541;28.9266;-0.339751;-2.96956;
-26.7633;-2.07696;28.9186;-0.080083;-3.10305;
-26.9643;-2.00974;28.9137;-0.0493349;-3.11705;
-27.1692;-2.04898;28.9058;-0.0789401;-3.10309;
-27.3657;-1.9652;28.8929;-0.128301;-3.0764;
-27.5406;-1.74929;28.8652;-0.277856;-2.98407;
-27.7356;-1.95034;28.8205;-0.446887;-2.91635;
-27.9196;-1.83965;28.7756;-0.448739;-2.90234;
-28.1202;-2.00572;28.7666;-0.0902755;-3.09661;
-28.3179;-1.97714;28.7565;-0.100346;-3.09088;
-28.5354;-2.17536;28.7325;-0.239941;-3.03174;
-28.724;-1.88537;28.7196;-0.129458;-3.07304;
-28.9307;-2.0672;28.6897;-0.298619;-2.99813;
-29.1412;-2.1047;28.6614;-0.283081;-3.0079;
-29.3501;-2.08939;28.662;0.00564595;3.13889;
-29.5689;-2.18824;28.6612;-0.00780654;-3.13803;
-29.7641;-1.95198;28.6784;0.171908;3.05375;
-29.9601;-1.95938;28.6904;0.120127;3.08036;

29.8323;-2.07647;28.6887;-0.0167797;-3.13351;
29.6318;-2.00458;28.687;-0.0168342;-3.1332;
29.426;-2.05869;28.6875;0.00474397;3.13929;
29.2246;-2.01381;28.7064;0.188591;3.04822;
29.0283;-1.96246;28.7523;0.459523;2.91158;
28.836;-1.92385;28.7937;0.413307;2.92998;
28.6249;-2.11085;28.8557;0.620461;2.85571;
28.4304;-1.94426;28.9103;0.546301;2.86767;
28.2401;-1.90377;28.9582;0.478719;2.89524;
28.0535;-1.8654;29.0075;0.492775;2.88333;
27.8647;-1.88824;29.0605;0.530109;2.8679;
27.673;-1.91679;29.115;0.545015;2.86457;
27.4738;-1.99259;29.1529;0.378637;2.95381;
27.2766;-1.97138;29.2129;0.600764;2.84579;
27.0707;-2.05913;29.265;0.520412;2.89404;
26.8678;-2.02893;29.3245;0.595383;2.85616;
26.6764;-1.91439;29.3788;0.542412;2.86549;
26.4809;-1.95451;29.4385;0.597741;2.8448;
26.2873;-1.936;29.4965;0.579262;2.85087;
26.0925;-1.94798;29.5794;0.828922;2.73927;
25.9097;-1.8279;29.6465;0.670952;2.7898;
25.7227;-1.87095;29.7159;0.694848;2.78599;
25.5267;-1.95996;29.8109;0.94968;2.69039;
25.3712;-1.55493;29.9027;0.917503;2.60851;

25.1996;-1.71577;-29.9975;0.998254;2.61465;
25.023;-1.76538;-29.8969;1.00588;2.62369;
24.8487;-1.74342;-29.799;0.97929;2.62981;
24.6748;-1.73903;-29.7101;0.888831;2.6691;
24.5043;-1.70552;-29.6117;0.984551;2.61805;
24.339;-1.6521;-29.5111;1.00598;2.59465;
24.17;-1.69064;-29.406;1.05109;2.58536;
24.0005;-1.69437;-29.2979;1.08019;2.57404;
23.837;-1.63511;-29.1865;1.11487;2.54317;
23.6602;-1.76811;-29.0722;1.1426;2.56787;
23.5015;-1.58766;-28.9469;1.25298;2.47347;
23.3374;-1.64008;-28.8241;1.2282;2.49882;
23.1864;-1.51087;-28.7069;1.17161;2.482;
23.057;-1.29364;-28.594;1.1288;2.42414;
22.8987;-1.5832;-28.4606;1.33459;2.44119;
22.7411;-1.57579;-28.3402;1.20332;2.48942;
22.5727;-1.68405;-28.2275;1.12707;2.55179;
22.4228;-1.49841;-28.1274;1.00129;2.55251;
22.2596;-1.63297;-28.0123;1.15099;2.52762;
22.0882;-1.71373;-27.8803;1.32044;2.4851;
21.9451;-1.43043;-27.7592;1.21044;2.43931;
21.7693;-1.7584;-27.6091;1.50077;2.43508;
21.644;-1.25305;-27.4857;1.23465;2.36359;
21.5103;-1.33672;-27.3494;1.36297;2.34647;
21.373;-1.37342;-27.2062;1.43173;2.33541;
21.2292;-1.43772;-27.0609;1.45275;2.35099;
21.1041;-1.25132;-26.9312;1.29744;2.3381;
20.9681;-1.35958;-26.7826;1.48544;2.31199;
20.8195;-1.48583;-26.6298;1.5289;2.34191;
20.6827;-1.36865;-26.4872;1.42605;2.33566;
20.5466;-1.36029;-26.3515;1.3563;2.35766;
20.4091;-1.37571;-26.2059;1.45658;2.32765;
20.2712;-1.37881;-26.0609;1.45;2.33103;
20.127;-1.44211;-25.9152;1.45651;2.35123;
19.9805;-1.46502;-25.7702;1.45024;2.36126;
19.8402;-1.40284;-25.6208;1.49376;2.32482;
19.7096;-1.30615;-25.4836;1.3722;2.33154;
19.5731;-1.36499;-25.3179;1.65714;2.25982;
19.4388;-1.34287;-25.1637;1.54214;2.28723;
19.3217;-1.171;-24.9998;1.63853;2.1913;
19.195;-1.26731;-24.8284;1.71412;2.20744;
19.0765;-1.1841;-24.6677;1.60749;2.20568;
18.9528;-1.23734;-24.4963;1.71354;2.1962;
18.8391;-1.13663;-24.3392;1.57127;2.19704;
18.7297;-1.09492;-24.1719;1.67263;2.15041;
18.6203;-1.09382;-24.0051;1.66767;2.15131;
18.5085;-1.11749;-23.8425;1.62639;2.17281;
18.402;-1.06518;-23.6688;1.73692;2.12091;
18.2973;-1.04713;-23.4885;1.80275;2.09702;
18.2185;-0.787963;-23.3309;1.57598;2.03443;
18.1364;-0.821163;-23.1457;1.8527;1.988;
18.057;-0.793398;-22.9647;1.80977;1.98396;
17.9783;-0.787033;-22.782;1.82719;1.97751;
17.8983;-0.800302;-22.5881;1.93909;1.96222;
17.8047;-0.935598;-22.4064;1.81675;2.04636;
17.713;-0.917661;-22.2262;1.80193;2.04183;
17.619;-0.940118;-22.0427;1.83513;2.04423;
17.5241;-0.949059;-21.8464;1.96252;2.02123;
17.4368;-0.873018;-21.6658;1.80646;2.02098;
17.3488;-0.880066;-21.4874;1.78393;2.02909;
17.2594;-0.893693;-21.3109;1.76504;2.0395;
17.1689;-0.904849;-21.1326;1.78236;2.04056;
17.0881;-0.808387;-20.9459;1.8676;1.97929;
17.0023;-0.857583;-20.7563;1.89579;1.99561;
16.9203;-0.819677;-20.5693;1.86984;1.98394;
16.8246;-0.957811;-20.3891;1.80247;2.05924;
16.7424;-0.82117;-20.2133;1.75798;2.00779;
16.661;-0.814554;-20.0327;1.80544;1.99462;
16.5779;-0.830631;-19.8471;1.85644;1.99151;
16.5169;-0.610333;-19.6756;1.71458;1.91278;
16.4395;-0.774265;-19.4832;1.92412;1.95337;
16.3694;-0.700389;-19.2891;1.94148;1.91702;
16.3063;-0.631576;-19.1082;1.80872;1.90674;
16.2484;-0.578851;-18.929;1.79207;1.88322;
16.214;-0.343356;-18.7477;1.81307;1.75796;
16.1885;-0.255773;-18.5522;1.95505;1.70088;
16.1587;-0.297198;-18.3519;2.00279;1.71811;
16.1218;-0.369512;-18.143;2.08915;1.74586;
16.0781;-0.437169;-17.953;1.90019;1.79693;
16.043;-0.35098;-17.7555;1.97508;1.74666;
16.008;-0.350144;-17.5585;1.96913;1.74677;
15.9846;-0.233242;-17.3679;1.90684;1.69251;
15.9542;-0.304361;-17.1443;2.23526;1.70613;
15.9118;-0.424394;-16.9663;1.78024;1.80482;
15.8674;-0.443651;-16.7713;1.95029;1.79447;
15.8334;-0.340219;-16.5542;2.17037;1.72629;
15.8098;-0.235784;-16.3834;1.70802;1.70797;
15.792;-0.178324;-16.2035;1.79993;1.66955;
15.7736;-0.183439;-16.0057;1.97755;1.66329;
15.7458;-0.277762;-15.8065;1.99152;1.70937;
15.7216;-0.242755;-15.6161;1.90452;1.69758;
15.6958;-0.257811;-15.4203;1.95791;1.70172;
15.6739;-0.218412;-15.2233;1.97034;1.6812;
15.6652;-0.0876531;-15.0333;1.89952;1.61691;
15.6616;-0.0354205;-14.8431;1.90208;1.58942;
15.6691;0.0740935;-14.6544;1.88732;1.53156;
15.6773;0.0822222;-14.454;2.00405;1.52979;
15.6915;0.142733;-14.2537;2.00306;1.49966;
15.7002;0.0865111;-14.0491;2.04528;1.52852;
15.7126;0.124504;-13.8514;1.97702;1.5079;
15.7255;0.128359;-13.6516;1.99857;1.50666;
15.7423;0.168168;-13.4649;1.86706;1.48097;
15.7511;0.0884481;-13.2621;2.02728;1.5272;
15.7456;-0.0559592;-13.077;1.85113;1.60102;
15.7437;-0.0186165;-12.8885;1.88508;1.58067;
15.7421;-0.0163353;-12.6907;1.97778;1.57906;
15.7382;-0.0386803;-12.4999;1.9082;1.59106;
15.7322;-0.0602431;-12.2992;2.00772;1.60079;
15.7278;-0.0438878;-12.0896;2.0957;1.59174;
15.7388;0.110639;-11.895;1.94583;1.514;
15.7463;0.074222;-11.697;1.9802;1.53333;
15.7466;0.0036463;-11.4939;2.03039;1.569;
15.7483;0.0167003;-11.2952;1.98694;1.56239;
15.7451;-0.0321023;-11.0862;2.09074;1.58615;
15.7372;-0.0786507;-10.8777;2.08462;1.60851;
15.7177;-0.19519;-10.6617;2.16056;1.66089;
15.6885;-0.291732;-10.4591;2.02556;1.71384;
15.6534;-0.350945;-10.26;1.99127;1.74525;
15.6144;-0.389991;-10.0703;1.89663;1.77359;
15.5637;-0.507755;-9.85628;2.14031;1.80372;
15.5189;-0.447844;-9.66592;1.9036;1.80186;
15.4767;-0.421761;-9.48849;1.77432;1.80417;
15.4329;-0.437476;-9.27536;2.13128;1.77325;
15.3852;-0.477249;-9.07236;2.03001;1.8017;
15.3431;-0.421725;-8.87326;1.99095;1.77953;
15.3055;-0.375211;-8.68252;1.90741;1.76503;
15.2583;-0.472371;-8.48691;1.95615;1.80774;
15.2078;-0.504718;-8.28392;2.02989;1.8145;
15.1587;-0.491151;-8.08815;1.95769;1.81661;
15.1169;-0.418537;-7.8841;2.04046;1.77311;
15.0915;-0.253051;-7.68646;1.97644;1.69814;
15.0661;-0.254382;-7.48808;1.98379;1.69833;
15.0437;-0.224081;-7.28977;1.98311;1.68331;
15.0193;-0.244099;-7.09208;1.97686;1.69365;
14.9952;-0.240505;-6.88966;2.02418;1.68906;
14.9763;-0.189639;-6.68244;2.07221;1.66206;
14.9438;-0.324763;-6.473;2.09441;1.72463;
14.9122;-0.315996;-6.27624;1.96768;1.73003;
14.8847;-0.274807;-6.09567;1.80566;1.72183;
14.8529;-0.318569;-5.90017;1.95501;1.73233;
14.8137;-0.392024;-5.71096;1.8921;1.7751;
14.7728;-0.408575;-5.50887;2.02087;1.77028;
14.7497;-0.230817;-5.2927;2.16169;1.67717;
14.7305;-0.191798;-5.09457;1.98134;1.6673;
14.7025;-0.280762;-4.89781;1.96759;1.71253;
14.6801;-0.223639;-4.67605;2.21761;1.6713;
14.6804;0.00253918;-4.48596;1.90086;1.56946;
14.6835;0.03173;-4.29443;1.91534;1.55423;
14.6892;0.056719;-4.08075;2.13685;1.54426;
14.7056;0.164058;-3.88855;1.9219;1.48564;
14.7168;0.112344;-3.67055;2.18004;1.51931;
14.7264;0.0958632;-3.47104;1.99507;1.52278;
14.7364;0.0993342;-3.27486;1.9618;1.52021;
14.7512;0.148412;-3.07886;1.95999;1.49522;
14.7648;0.135991;-2.8813;1.97561;1.50207;
14.7869;0.221102;-2.69551;1.85793;1.45235;
14.812;0.251189;-2.49925;1.96258;1.4435;
14.825;0.129788;-2.30859;1.90664;1.50283;
14.8245;-0.00511733;-2.10498;2.03613;1.57331;
14.8227;-0.0176235;-1.90761;1.97369;1.57973;
14.8445;0.217555;-1.70258;2.05022;1.46508;
14.8644;0.199442;-1.51459;1.87998;1.4651;
14.901;0.36571;-1.29163;2.22952;1.40821;
14.933;0.319587;-1.09117;2.00466;1.4127;
14.9476;0.146727;-0.905468;1.857;1.49195;
14.9542;0.0656823;-0.701844;2.03624;1.53855;
14.9556;0.0135018;-0.527035;1.74809;1.56307;
14.9574;0.0188805;-0.337972;1.89063;1.56081;
14.957;-0.00469099;-0.142452;1.95519;1.5732;
14.9688;0.118384;0.0478422;1.90294;1.50867;
14.9887;0.19878;0.250367;2.02525;1.47296;
15.0166;0.279433;0.441573;1.91205;1.42568;
15.0617;0.450467;0.641939;2.00367;1.34965;
15.1034;0.417177;0.845849;2.0391;1.36899;
15.1409;0.375183;1.03535;1.89505;1.37534;
15.1753;0.343878;1.23615;2.00795;1.40118;
15.2077;0.323529;1.43179;1.95637;1.40691;
15.2387;0.310913;1.63071;1.98927;1.41576;
15.2684;0.296104;1.82741;1.96692;1.42138;
15.3038;0.354752;2.01938;1.9198;1.38807;
15.3318;0.27965;2.21239;1.93002;1.4269;
15.3481;0.163012;2.41635;2.03964;1.49104;
15.384;0.358535;2.62484;2.08487;1.40049;
15.4191;0.350963;2.83573;2.10891;1.40589;
15.4641;0.450874;3.02285;1.87122;1.33435;
15.5198;0.556575;3.22312;2.00264;1.29972;
15.5743;0.545183;3.41929;1.96176;1.29973;
15.6184;0.440441;3.60471;1.8542;1.33758;
15.6442;0.258173;3.82786;2.23151;1.45561;
15.666;0.217778;4.02661;1.98743;1.46165;
15.6873;0.213863;4.22009;1.93486;1.46071;
15.7169;0.296011;4.41591;1.95816;1.42076;
15.7474;0.30413;4.59166;1.75752;1.39945;
15.7578;0.104416;4.79337;2.01712;1.51908;
15.801;0.431619;4.99135;1.97976;1.35614;
15.8432;0.422381;5.19074;1.99388;1.36204;
15.8689;0.256635;5.38401;1.93273;1.43878;
15.8825;0.136862;5.59423;2.10222;1.50578;
15.9118;0.292185;5.78559;1.91363;1.41928;
15.9602;0.48445;5.98089;1.95301;1.32765;
16.0046;0.443439;6.17671;1.9582;1.3481;
16.0489;0.443082;6.37198;1.95265;1.34766;
16.0835;0.34659;6.55616;1.84177;1.38479;
16.1455;0.619406;6.74994;1.93787;1.26143;
16.2072;0.617362;6.9315;1.81556;1.24302;
16.273;0.658066;7.12656;1.95065;1.24543;
16.343;0.700043;7.33082;2.04257;1.24062;
16.4088;0.658048;7.52799;1.97171;1.24868;
16.4584;0.496144;7.71056;1.82567;1.30545;
16.5149;0.565159;7.90262;1.92062;1.28462;
16.5738;0.588583;8.09905;1.9643;1.27967;
16.6468;0.729892;8.26928;1.7023;1.16574;
16.7373;0.905184;8.46714;1.97859;1.14173;
16.8223;0.849473;8.65245;1.85309;1.14097;
16.9044;0.821162;8.8547;2.02247;1.18511;
16.9834;0.790642;9.02078;1.66081;1.12649;
17.0604;0.769384;9.20921;1.88433;1.18315;
17.1359;0.755698;9.39181;1.82599;1.1784;
17.2135;0.775315;9.57684;1.85031;1.174;
17.299;0.855131;9.75352;1.76677;1.12002;
17.3725;0.735478;9.93285;1.79328;1.18159;
17.4471;0.746087;10.1151;1.82219;1.18217;
17.5373;0.901721;10.3009;1.85801;1.11897;
17.619;0.817149;10.4871;1.86199;1.15725;
17.6839;0.648438;10.692;2.04916;1.26432;
17.7158;0.318961;10.8915;1.99536;1.41229;
17.7501;0.343733;11.1035;2.11948;1.41002;
17.8024;0.522901;11.2974;1.93931;1.30743;
17.8409;0.384864;11.5133;2.15855;1.39435;
17.9049;0.639714;11.7113;1.98054;1.25837;
17.9559;0.509841;11.8817;1.70401;1.28007;
18.0147;0.588162;12.0717;1.89964;1.27054;
18.0759;0.612455;12.263;1.91296;1.26095;
18.1269;0.509368;12.4435;1.80568;1.29585;
18.1824;0.55499;12.6042;1.60657;1.23818;
18.2336;0.511794;12.7795;1.75283;1.28671;
18.2945;0.60938;12.9673;1.87826;1.25707;
18.3419;0.474414;13.1577;1.90402;1.3266;
18.3693;0.273616;13.3661;2.08401;1.44025;
18.4116;0.422948;13.5711;2.05047;1.36738;
18.4578;0.461973;13.7844;2.13201;1.35741;
18.5037;0.458968;13.9802;1.95873;1.34063;
18.5614;0.576769;14.1623;1.82098;1.26406;
18.6206;0.59252;14.3313;1.69023;1.23363;
18.6834;0.627934;14.5235;1.92105;1.25487;
18.7511;0.677203;14.7144;1.90991;1.23005;
18.8186;0.675009;14.9041;1.89625;1.22881;
18.885;0.663599;15.1009;1.96845;1.24564;
18.9449;0.59883;15.2927;1.91781;1.26814;
19.0004;0.554982;15.4983;2.05575;1.30712;
19.0509;0.505706;15.6852;1.86904;1.30655;
19.1057;0.547482;15.8908;2.05643;1.3106;
19.1369;0.312458;16.1006;2.09817;1.42296;
19.1722;0.352608;16.2975;1.9685;1.39355;
19.2036;0.314149;16.496;1.98549;1.41387;
19.2305;0.268564;16.687;1.90974;1.43108;
19.2572;0.267443;16.8879;2.00879;1.43844;
19.2829;0.257291;17.0872;1.99309;1.44241;
19.2817;-0.0126932;17.2928;2.05638;1.57697;
19.2929;0.112649;17.4753;1.82423;1.50912;
19.2926;-0.00291386;17.6792;2.03897;1.57223;
19.2907;-0.019866;17.8997;2.20565;1.5798;
19.2887;-0.019569;18.0999;2.0014;1.58057;
19.2825;-0.0616559;18.3098;2.09907;1.60016;
19.2775;-0.0499966;18.5104;2.00638;1.59571;
19.2751;-0.0245028;18.7142;2.03825;1.58282;
19.2769;0.0186253;18.8799;1.65723;1.55956;
19.28;0.0302081;19.0783;1.98355;1.55557;
19.2873;0.0729618;19.2812;2.02933;1.53486;
19.2925;0.0521667;19.472;1.90716;1.54345;
19.2818;-0.106752;19.6666;1.94688;1.62557;
19.2455;-0.362573;19.8821;2.15448;1.73752;
19.1965;-0.490295;20.0874;2.05273;1.80525;
19.1452;-0.512872;20.2931;2.05729;1.81511;
19.1045;-0.407755;20.4822;1.89092;1.78318;
19.0574;-0.470116;20.6895;2.07344;1.79376;
19.0212;-0.362167;20.8662;1.76683;1.77298;
19.0008;-0.204577;21.0672;2.00983;1.67224;
18.969;-0.317612;21.2532;1.85985;1.73994;
18.9308;-0.381737;21.441;1.87807;1.77132;
18.8829;-0.479618;21.6405;1.99476;1.80676;
18.8476;-0.353089;21.832;1.91503;1.75313;
18.7917;-0.559125;22.0266;1.94596;1.85059;
18.7458;-0.45872;22.2245;1.97904;1.79856;
18.6834;-0.62373;22.4282;2.03773;1.86783;
18.609;-0.744554;22.6047;1.76505;1.96998;
18.543;-0.659241;22.8133;2.08566;1.87694;
18.4819;-0.611138;23.02;2.06686;1.85829;
18.4351;-0.467922;23.207;1.87038;1.81594;
18.3935;-0.416631;23.3986;1.91545;1.78497;
18.345;-0.484298;23.5892;1.90602;1.81962;
18.2818;-0.632267;23.7835;1.94365;1.8853;
18.2187;-0.630865;23.9793;1.95772;1.88253;
18.1503;-0.68446;24.1644;1.85057;1.92506;
18.1005;-0.498178;24.3479;1.83516;1.83587;
18.0548;-0.45641;24.5413;1.93411;1.80254;
18.019;-0.357639;24.7474;2.06061;1.74264;
17.9851;-0.339898;24.9445;1.9714;1.74153;
17.9518;-0.332157;25.1388;1.94286;1.74012;
17.9137;-0.38125;25.3199;1.81102;1.77828;
17.8669;-0.467822;25.5238;2.03866;1.79637;
17.844;-0.229705;25.722;1.98256;1.68615;
17.8212;-0.227683;25.9318;2.09795;1.6789;
17.796;-0.25236;26.1332;2.01379;1.69546;
17.7723;-0.236423;26.3339;2.00683;1.68806;
17.7487;-0.236079;26.5383;2.04425;1.68577;
17.7395;-0.0919054;26.7414;2.03134;1.61601;
17.727;-0.124749;26.937;1.9554;1.63451;
17.6904;-0.366738;27.1309;1.93915;1.75771;
17.6509;-0.394771;27.3266;1.95763;1.76979;
17.6048;-0.461344;27.5238;1.97196;1.80061;
17.5609;-0.438182;27.7185;1.94669;1.7922;
17.5334;-0.275728;27.9153;1.9678;1.71001;
17.4948;-0.385742;28.1116;1.96306;1.76482;
17.4569;-0.379413;28.3068;1.95228;1.76275;
17.4192;-0.37683;28.4994;1.92534;1.76407;
17.3761;-0.430253;28.7167;2.17378;1.7662;
17.337;-0.39111;28.9143;1.97608;1.76619;
17.3095;-0.275649;29.1158;2.01431;1.7068;
17.2973;-0.121319;29.329;2.13224;1.62763;
17.2689;-0.284264;29.5377;2.08748;1.70614;
17.239;-0.298847;29.7197;1.81958;1.73358;
17.2109;-0.281451;29.9192;1.99477;1.71097;

17.183;-0.27924;-29.8965;1.84337;1.72114;
17.1393;-0.436395;-29.7406;1.5587;1.84378;
17.0966;-0.42684;-29.515;2.25574;1.75781;
17.0588;-0.378703;-29.3187;1.96306;1.76137;
17.0362;-0.225739;-29.1024;2.16338;1.67477;
17.0242;-0.119618;-28.9101;1.92256;1.63293;
17.0041;-0.201183;-28.7072;2.02962;1.6696;
17.0025;-0.0162538;-28.5125;1.94702;1.57914;
16.9788;-0.23663;-28.3083;2.04159;1.68619;
16.9433;-0.355483;-28.1331;1.75225;1.77095;
16.8987;-0.445912;-27.9348;1.98309;1.79197;
16.8573;-0.413987;-27.7418;1.9298;1.78212;
16.813;-0.442349;-27.547;1.94805;1.79408;
16.7723;-0.407014;-27.3524;1.9459;1.77699;
16.7167;-0.55638;-27.1671;1.85289;1.86251;
16.7105;-0.06236;-26.9727;1.94376;1.60287;
16.7052;-0.0522506;-26.7777;1.95059;1.59758;
16.6833;-0.219693;-26.593;1.84643;1.68922;
16.6542;-0.290538;-26.3919;2.01099;1.71428;
16.6249;-0.293586;-26.2038;1.88103;1.72562;
16.6177;-0.0714153;-26.0048;1.99067;1.60666;
16.6062;-0.114937;-25.8034;2.01379;1.62781;
16.6007;-0.055655;-25.6029;2.00495;1.59855;
16.5972;-0.0342865;-25.3872;2.1567;1.58669;
16.5942;-0.0306692;-25.1884;1.98818;1.58622;
16.5858;-0.0833796;-24.9975;1.90874;1.61445;
16.582;-0.0386025;-24.7981;1.99457;1.59015;
16.5835;0.0148593;-24.5911;2.06954;1.56362;
16.5573;-0.261795;-24.3868;2.04301;1.69824;
16.5281;-0.291706;-24.194;1.92794;1.72096;
16.5036;-0.245112;-23.9996;1.94416;1.69621;
16.4622;-0.414406;-23.7858;2.1385;1.76221;
16.4455;-0.166705;-23.6092;1.76594;1.66492;
16.4226;-0.228643;-23.4162;1.92985;1.68872;
16.4104;-0.122521;-23.2096;2.06573;1.63004;
16.4375;0.271557;-23.0011;2.08541;1.44131;
16.4484;0.108432;-22.7866;2.14501;1.52029;
16.4532;0.0479059;-22.5893;1.97305;1.54652;
16.4605;0.0739304;-22.3793;2.09955;1.5356;
16.4665;0.0593146;-22.1805;1.98841;1.54098;
16.4827;0.16244;-22.0026;1.779;1.47974;
16.5013;0.185898;-21.8037;1.98892;1.4776;
16.5212;0.199262;-21.6041;1.99535;1.47126;
16.5406;0.193582;-21.4082;1.95916;1.47231;
16.5727;0.321273;-21.2171;1.91143;1.40427;
16.6101;0.373267;-21.0142;2.02866;1.38883;
16.6403;0.30277;-20.8088;2.05393;1.42444;
16.6728;0.324962;-20.6112;1.97668;1.40786;
16.7076;0.348064;-20.4129;1.98267;1.39701;
16.7427;0.350984;-20.2146;1.98259;1.39558;
16.758;0.152755;-20.0205;1.94128;1.49227;
16.7857;0.276731;-19.8107;2.09783;1.43964;
16.8124;0.267038;-19.6051;2.05582;1.44163;
16.8324;0.200504;-19.3943;2.10835;1.47598;
16.8428;0.103713;-19.218;1.76318;1.51204;
16.8488;0.0600249;-18.9794;2.38547;1.54564;
16.8618;0.129514;-18.7767;2.02734;1.507;
16.8838;0.220293;-18.5854;1.91307;1.45615;
16.8969;0.130821;-18.3991;1.86323;1.5007;
16.9126;0.15737;-18.201;1.98054;1.49151;
16.9259;0.133063;-18.0019;1.9908;1.50406;
16.937;0.110837;-17.8021;1.99848;1.51539;
16.948;0.110025;-17.6051;1.96991;1.515;
16.9728;0.248435;-17.4046;2.0053;1.44754;
16.9987;0.258082;-17.2077;1.96822;1.44042;
17.0247;0.260134;-17.0093;1.98425;1.44044;
17.0172;-0.0743486;-16.8066;2.02753;1.60745;
17.0024;-0.148458;-16.6081;1.98519;1.64544;
16.9789;-0.234549;-16.4091;1.98904;1.68818;
16.951;-0.278848;-16.2144;1.94717;1.71304;
16.9229;-0.281826;-16.0176;1.96841;1.713;
16.8896;-0.332725;-15.8142;2.03351;1.73298;
16.8365;-0.530926;-15.6236;1.90664;1.84238;
16.7884;-0.480484;-15.4288;1.94793;1.81263;
16.7381;-0.503915;-15.2338;1.9502;1.82366;
16.6888;-0.492743;-15.041;1.92801;1.82101;
16.6262;-0.62568;-14.8901;1.50892;1.96387;
16.5621;-0.640896;-14.712;1.78096;1.91623;
16.4945;-0.675878;-14.532;1.79949;1.93009;
16.4254;-0.691528;-14.3272;2.04785;1.89646;
16.3678;-0.576217;-14.1433;1.83927;1.8744;
16.3046;-0.631175;-13.9405;2.02803;1.87252;
16.2484;-0.562422;-13.7428;1.9766;1.84801;
16.1967;-0.516617;-13.556;1.8687;1.84052;
16.1475;-0.492822;-13.3418;2.1421;1.79693;
16.1025;-0.450056;-13.1403;2.01448;1.7906;
16.0549;-0.475816;-12.9221;2.18237;1.78546;
16.0051;-0.49729;-12.7191;2.03002;1.81103;
15.9569;-0.482047;-12.5257;1.93342;1.81514;
15.9151;-0.417887;-12.3474;1.78333;1.80097;
15.8673;-0.478688;-12.168;1.7945;1.83148;
15.8156;-0.516312;-11.975;1.92947;1.83226;
15.7671;-0.485239;-11.7797;1.95306;1.81432;
15.6973;-0.698424;-11.5752;2.04465;1.89996;
15.6278;-0.69447;-11.3978;1.77403;1.94392;
15.5643;-0.635216;-11.2063;1.91506;1.89107;
15.5014;-0.629304;-11.0271;1.79218;1.90849;
15.437;-0.643773;-10.8385;1.88572;1.89978;
15.3755;-0.61457;-10.6604;1.78135;1.90301;
15.3132;-0.623217;-10.4579;2.02554;1.86928;
15.2581;-0.551601;-10.2685;1.89311;1.85432;
15.2213;-0.367183;-10.0921;1.76404;1.77602;
15.1779;-0.434779;-9.89995;1.92184;1.79328;
15.1385;-0.394055;-9.70745;1.925;1.77271;
15.0861;-0.523605;-9.49929;2.08167;1.81722;
15.046;-0.400832;-9.32163;1.7766;1.7927;
14.9892;-0.568421;-9.11547;2.06151;1.83984;
14.9351;-0.540311;-8.9239;1.91573;1.84569;
14.8829;-0.522397;-8.73024;1.93663;1.83427;
14.8437;-0.392074;-8.53056;1.99681;1.76468;
14.8128;-0.308678;-8.33234;1.98221;1.72528;
14.7681;-0.447227;-8.15313;1.79209;1.81536;
14.7187;-0.4943;-7.97545;1.77681;1.84213;
14.6648;-0.538484;-7.78293;1.92518;1.84353;
14.5888;-0.760086;-7.58741;1.95517;1.94157;
14.5436;-0.451789;-7.38107;2.06339;1.78635;
14.4985;-0.451219;-7.19768;1.83393;1.81204;
14.4665;-0.320018;-7.00629;1.91387;1.73647;
14.4288;-0.377683;-6.80466;2.01627;1.75597;
14.3907;-0.380964;-6.60372;2.00944;1.75816;
14.3557;-0.349947;-6.38306;2.20661;1.72808;
14.3197;-0.359731;-6.19431;1.88747;1.75913;
14.301;-0.186972;-6.00962;1.84696;1.67168;
14.2775;-0.235171;-5.81149;1.98126;1.68894;
14.2498;-0.276849;-5.59876;2.1273;1.70021;
14.2204;-0.294078;-5.40052;1.98239;1.71807;
14.1934;-0.270005;-5.20087;1.99653;1.70522;
14.1791;-0.142601;-4.99621;2.04662;1.64036;
14.1817;0.0254995;-4.80925;1.86956;1.55716;
14.1938;0.120922;-4.60843;2.00823;1.51066;
14.2072;0.134809;-4.40822;2.00211;1.50356;
14.2264;0.191989;-4.22172;1.86499;1.46821;
14.2447;0.182184;-4.02776;1.93961;1.47714;
14.2532;0.0850449;-3.84134;1.8642;1.52521;
14.2626;0.0942999;-3.64723;1.94102;1.52225;
14.2808;0.181916;-3.4572;1.90031;1.47536;
14.3187;0.379237;-3.24795;2.09252;1.39151;
14.3409;0.221492;-3.05624;1.91707;1.45577;
14.3606;0.196936;-2.84328;2.1296;1.47858;
14.3794;0.188237;-2.64862;1.94663;1.4744;
14.4028;0.233993;-2.45253;1.96092;1.45203;
14.4078;0.0498756;-2.27829;1.74237;1.54218;
14.4186;0.108059;-2.08186;1.96428;1.51584;
14.4117;-0.0683527;-1.87756;2.04306;1.60424;
14.4144;0.0264786;-1.69079;1.86765;1.55662;
14.4261;0.117509;-1.47462;2.16175;1.51649;
14.4087;-0.174821;-1.25243;2.22185;1.64932;
14.4002;-0.0846388;-1.04345;2.08982;1.61127;
14.3572;-0.429577;-0.845618;1.97832;1.78462;
14.3156;-0.416733;-0.663468;1.8215;1.79571;
14.2745;-0.410301;-0.460583;2.02885;1.77034;
14.2345;-0.400479;-0.267836;1.92747;1.77566;
14.1943;-0.401732;-0.0564471;2.11389;1.7586;
14.1534;-0.408572;0.13825;1.94697;1.77765;
14.1116;-0.418094;0.334297;1.96047;1.78091;
14.0703;-0.413376;0.527588;1.93292;1.78148;
14.0209;-0.49361;0.731324;2.03736;1.8085;
14.0069;-0.140373;0.927813;1.96489;1.64212;
13.9889;-0.180148;1.13859;2.10779;1.65606;
