#1 AntVel X	#2 AntVel Y	#3 Speed	#4 Turning Angle Rad		#5 Turning Angle Deg	#6 Detected Phero Left	#7 Detected Phero Right	
-1.46831;-0.721385;1.63595;0.0475361;2.72362;0.7;0.7
-1.87335;-0.983187;2.11568;-0.0266469;-1.52675;0.7;0.7
-1.80359;-0.913565;2.02177;0.014458;0.828384;0.7;0.7
-1.80481;-0.931488;2.03102;-0.00759983;-0.435438;0.7;0.7
-1.8388;-0.917736;2.0551;0.0135309;0.775264;0.7;0.7
-2.00497;-0.994362;2.238;0.00252163;0.144479;0.7;0.7
-1.7224;-0.873802;1.93137;-0.00908191;-0.520355;0.7;0.7
-1.91293;-1.05335;2.18377;-0.0338573;-1.93988;0.7;0.7
-1.61138;-0.866462;1.82956;0.00997904;0.571757;0.7;0.7
-1.76315;-1.03508;2.04453;-0.0374892;-2.14798;0.7;0.7
-1.789;-0.839447;1.97616;0.0921245;5.27835;0.7;0.7
-1.80788;-0.860483;2.00221;-0.00550723;-0.315541;0.7;0.7
-1.74463;-1.03406;2.02806;-0.0908084;-5.20294;0.7;0.7
-1.65551;-0.760084;1.82166;0.104628;5.99474;0.7;0.7
-1.76411;-0.671637;1.88764;0.0666351;3.81791;0.7;0.7
-1.87407;-0.727928;2.01048;-0.00670467;-0.384149;0.7;0.7
-1.90476;-0.624608;2.00456;0.0536136;3.07184;0.7;0.7
-1.75249;-0.498654;1.82205;0.0396564;2.27214;0.7;0.7
-1.9479;-0.517367;2.01544;0.017606;1.00875;0.7;0.7
-1.97019;-0.579634;2.05369;-0.0265208;-1.51953;0.7;0.7
-1.67535;-0.416265;1.72629;0.0425958;2.44056;0.7;0.7
-2.01623;-0.50196;2.07778;-0.000466171;-0.0267097;0.7;0.7
-1.94115;-0.48159;2;0.000814282;0.0466549;0.7;0.7
-1.98475;-0.744321;2.11973;-0.115603;-6.62356;0.7;0.7
-1.79032;-0.830516;1.97357;-0.0755593;-4.32923;0.7;0.7
-2.03559;-0.957025;2.24934;-0.00513333;-0.294118;0.7;0.7
-1.90501;-0.884677;2.10041;0.0047203;0.270453;0.7;0.7
-1.97089;-0.963729;2.1939;-0.0200335;-1.14784;0.7;0.7
-1.81986;-0.905041;2.03248;-0.0067031;-0.384059;0.7;0.7
-1.80003;-0.889298;2.00773;0.00262399;0.150343;0.7;0.7
-1.79128;-0.849488;1.9825;0.0160484;0.919505;0.7;0.7
-1.75517;-0.925736;1.98434;-0.0425293;-2.43675;0.7;0.7
-1.82219;-1.04178;2.09897;-0.0340105;-1.94866;0.7;0.7
-1.76516;-1.02119;2.03927;-0.00511501;-0.293069;0.7;0.7
-1.82771;-0.983673;2.07561;0.0307409;1.76132;0.7;0.7
-1.65905;-0.996941;1.93555;-0.0473502;-2.71297;0.7;0.7
-1.68406;-0.852931;1.88773;0.0722745;4.14103;0.7;0.7
-1.79505;-0.897185;2.00677;0.00531704;0.304644;0.7;0.7
-1.78673;-1.03329;2.064;-0.0608262;-3.48508;0.7;0.7
-1.74169;-0.962608;1.99;0.0194202;1.1127;0.7;0.7
-1.70437;-0.960847;1.95655;-0.00843995;-0.483574;0.7;0.7
-1.68401;-0.950869;1.93392;-0.00067571;-0.0387153;0.7;0.7
-1.74605;-1.00415;2.0142;-0.00788841;-0.451973;0.7;0.7
-1.63005;-0.932533;1.87795;0.00226314;0.129669;0.7;0.7
-1.92326;-0.952559;2.14623;0.0597768;3.42496;0.7;0.7
-1.97757;-0.891715;2.16932;0.0362526;2.07712;0.7;0.7
-1.89179;-0.866594;2.08083;-0.00593878;-0.340267;0.7;0.7
-1.8266;-0.739586;1.97065;0.0448309;2.56862;0.7;0.7
-1.76735;-0.721681;1.90901;-0.00295439;-0.169274;0.7;0.7
-1.97119;-0.983856;2.20308;-0.0752659;-4.31242;0.7;0.7
-1.98702;-0.937778;2.1972;0.0219846;1.25962;0.7;0.7
-2.03565;-0.715883;2.15786;0.102793;5.88959;0.7;0.7
-1.83567;-0.623864;1.93879;0.0105554;0.604782;0.7;0.7
-1.94624;-0.640577;2.04895;0.00964222;0.552458;0.7;0.7
-2.05366;-0.700302;2.16978;-0.0106683;-0.611249;0.7;0.7
-1.85007;-0.618328;1.95066;0.00608847;0.348844;0.7;0.7
-1.8669;-0.758521;2.01511;-0.0633779;-3.63129;0.7;0.7
-1.86208;-0.758595;2.01067;-0.000937436;-0.0537111;0.7;0.7
-1.79825;-0.790605;1.96437;-0.0273527;-1.5672;0.7;0.7
-1.66655;-0.707768;1.81061;0.012606;0.72227;0.7;0.7
-1.7947;-0.853618;1.98736;-0.0423557;-2.4268;0.7;0.7
-2.00324;-0.976158;2.22842;-0.00946164;-0.542112;0.7;0.7
-1.82805;-0.900924;2.038;-0.00447069;-0.256151;0.7;0.7
-1.81722;-0.852792;2.00737;0.0191226;1.09565;0.7;0.7
-2.03475;-0.697849;2.1511;0.108381;6.20977;0.7;0.7
-1.70431;-0.763544;1.86753;-0.0908012;-5.20252;0.7;0.7
-1.92014;-0.899985;2.1206;-0.0171059;-0.980096;0.7;0.7
-1.99143;-0.61062;2.08295;0.140779;8.06605;0.7;0.7
-1.92958;-0.588435;2.01731;0.00152549;0.0874039;0.7;0.7
-2.00515;-0.709945;2.12712;-0.0442919;-2.53774;0.7;0.7
-1.8499;-0.692027;1.9751;-0.0176839;-1.01321;0.7;0.7
-1.84482;-0.559558;1.92781;0.0634783;3.63704;0.7;0.7
-1.99547;-0.700935;2.115;-0.0433051;-2.4812;0.7;0.7
-1.75169;-0.617074;1.8572;-0.00090017;-0.0515759;0.7;0.7
-2.21026;-0.510651;2.26848;0.111647;6.39688;0.7;0.7
-1.90301;-0.45993;1.9578;-0.0100853;-0.577844;0.7;0.7
-1.87378;-0.385281;1.91298;0.0343478;1.96798;0.7;0.7
-2.16008;-0.397148;2.19628;0.0209624;1.20106;0.7;0.7
-1.56778;-0.440567;1.6285;-0.0921207;-5.27813;0.7;0.7
-1.92902;-0.562835;2.00945;-0.00994333;-0.569711;0.7;0.7
-1.83677;-0.626406;1.94064;-0.0447766;-2.56551;0.7;0.7
-1.9565;-0.605471;2.04805;0.0285501;1.6358;0.7;0.7
-1.80693;-0.696885;1.93666;-0.0679762;-3.89475;0.7;0.7
-2.02716;-0.617958;2.11925;0.0722036;4.13696;0.7;0.7
-1.7856;-0.620129;1.89022;-0.0383719;-2.19855;0.7;0.7
-1.93166;-0.588897;2.01943;0.0383481;2.19718;0.7;0.7
-2.06163;-0.587997;2.14384;0.0180811;1.03597;0.7;0.7
-2.01725;-0.72522;2.14365;-0.0672881;-3.85532;0.7;0.7
-1.86336;-0.583303;1.95253;0.0417467;2.39191;0.7;0.7
-1.91312;-0.607322;2.0072;-0.00401445;-0.230011;0.7;0.7
-1.96044;-0.685749;2.07692;-0.029101;-1.66736;0.7;0.7
-1.8869;-0.6616;1.99953;-0.000743867;-0.0426205;0.7;0.7
-1.85686;-0.911347;2.06845;-0.119026;-6.81968;0.7;0.7
-1.83402;-0.798134;2.00016;0.0457968;2.62396;0.7;0.7
-1.7451;-0.852935;1.94239;-0.0441505;-2.52964;0.7;0.7
-1.68076;-0.974585;1.94288;-0.0708561;-4.05976;0.7;0.7
-1.77283;-1.03019;2.05042;-0.000934032;-0.0535161;0.7;0.7
-1.73211;-0.993322;1.99672;0.00571774;0.327603;0.7;0.7
-1.65061;-1.01398;1.93718;-0.0301854;-1.7295;0.7;0.7
-1.63892;-1.11708;1.98341;-0.0473959;-2.71558;0.7;0.7
-1.42503;-1.20153;1.86397;-0.102245;-5.85821;0.7;0.7
-1.43968;-1.3781;1.99294;-0.063035;-3.61164;0.7;0.7
-1.48067;-1.3567;2.00824;0.0218162;1.24998;0.7;0.7
-1.59536;-1.39628;2.12009;0.0227811;1.30526;0.7;0.7
-1.31087;-1.45756;1.96032;-0.119384;-6.84022;0.7;0.7
-1.26272;-1.71942;2.13327;-0.0990259;-5.67377;0.7;0.7
-1.15113;-1.6426;2.0058;-0.0221755;-1.27056;0.7;0.7
-1.10736;-1.71209;2.03899;-0.0371479;-2.12842;0.7;0.7
-0.931903;-1.78092;2.01001;-0.0920223;-5.27249;0.7;0.7
-0.9333;-1.70647;1.94502;0.0183832;1.05328;0.7;0.7
-0.964431;-1.89633;2.12748;-0.0299869;-1.71812;0.7;0.7
-1.00196;-1.70323;1.97609;0.0612643;3.51019;0.7;0.7
-0.910357;-1.731;1.95579;-0.0475889;-2.72664;0.7;0.7
-1.0811;-1.7314;2.0412;0.0740114;4.24054;0.7;0.7
-1.10869;-1.69373;2.02433;0.0214172;1.22711;0.7;0.7
-0.703848;-1.64527;1.7895;-0.175351;-10.0468;0.7;0.7
-0.753218;-2.03869;2.17338;-0.0503332;-2.88388;0.7;0.7
-0.728097;-1.87514;2.01153;0.0164638;0.943307;0.7;0.7
-0.767436;-1.86548;2.01717;0.0199138;1.14098;0.7;0.7
-0.619578;-1.89252;1.99136;-0.0738996;-4.23413;0.7;0.7
-0.488501;-1.87134;1.93405;-0.0610397;-3.49731;0.7;0.7
-0.529453;-1.83126;1.90626;0.0261;1.49542;0.7;0.7
-0.541377;-1.94683;2.0207;-0.0102169;-0.585384;0.7;0.7
-0.600778;-2.09103;2.17563;0.00854762;0.489742;0.7;0.7
-0.549304;-1.99565;2.06987;-0.0111765;-0.640366;0.7;0.7
-0.588196;-1.92144;2.00945;0.0284651;1.63093;0.7;0.7
-0.679694;-1.8853;2.00408;0.0489545;2.80489;0.7;0.7
-0.582045;-1.87151;1.95993;-0.0444983;-2.54956;0.7;0.7
-0.592349;-1.81084;1.90527;0.0146205;0.837694;0.7;0.7
-0.607365;-1.92266;2.01632;-0.0101641;-0.582362;0.7;0.7
-0.604086;-1.92881;2.0212;-0.00246306;-0.141123;0.7;0.7
-0.671489;-1.79761;1.91893;0.0539815;3.09291;0.7;0.7
-0.647677;-1.94392;2.04898;-0.0358818;-2.05588;0.7;0.7
-0.619369;-1.9469;2.04304;-0.0136065;-0.779597;0.7;0.7
-0.703458;-1.93093;2.05507;0.0413601;2.36976;0.7;0.7
-0.567234;-2.12734;2.20166;-0.0887893;-5.08725;0.7;0.7
-0.507558;-1.92304;1.9889;-0.00252779;-0.144832;0.7;0.7
-0.516871;-1.84235;1.91348;0.0154681;0.886256;0.7;0.7
-0.598526;-1.90903;2.00066;0.0302992;1.73601;0.7;0.7
-0.545634;-1.82856;1.90823;-0.0138328;-0.792559;0.7;0.7
-0.695037;-1.69586;1.83276;0.0989784;5.67105;0.7;0.7
-0.692967;-1.87395;1.99797;-0.0347675;-1.99203;0.7;0.7
-0.700794;-1.86226;1.98976;0.00572628;0.328091;0.7;0.7
-0.74231;-1.85692;1.9998;0.020371;1.16717;0.7;0.7
-0.748496;-1.96675;2.10436;-0.0166431;-0.95358;0.7;0.7
-0.685574;-1.93157;2.04962;-0.0225881;-1.2942;0.7;0.7
-0.64317;-1.85291;1.96136;-0.0069603;-0.398796;0.7;0.7
-0.72887;-1.90356;2.03833;0.0315756;1.80915;0.7;0.7
-0.90246;-1.75162;1.97044;0.110067;6.30639;0.7;0.7
-0.905488;-1.68018;1.90864;0.0185552;1.06313;0.7;0.7
-1.06226;-1.87178;2.1522;0.0218912;1.25427;0.7;0.7
-0.998894;-1.76284;2.02618;-0.000663494;-0.0380154;0.7;0.7
-0.989224;-1.78113;2.0374;-0.00855416;-0.490117;0.7;0.7
-1.03153;-1.52727;1.84299;0.0870598;4.98816;0.7;0.7
-1.12188;-1.69549;2.03305;-0.00948702;-0.543566;0.7;0.7
-1.29735;-1.35451;1.87559;0.179301;10.2732;0.7;0.7
-1.35316;-1.32668;1.89503;0.0314343;1.80105;0.7;0.7
-1.38777;-1.44305;2.00208;-0.0294099;-1.68506;0.7;0.7
-1.45736;-1.42322;2.03702;0.031379;1.79788;0.7;0.7
-1.61595;-1.29757;2.07243;0.0969923;5.55725;0.7;0.7
-1.44845;-1.31057;1.95335;-0.0589114;-3.37538;0.7;0.7
-1.57598;-1.21821;1.99193;0.0774153;4.43557;0.7;0.7
-1.52137;-1.14889;1.90644;0.0112492;0.64453;0.7;0.7
-1.61166;-1.2959;2.06804;-0.0304195;-1.74291;0.7;0.7
-1.54805;-1.28631;2.01273;-0.0160919;-0.921998;0.7;0.7
-1.59282;-1.27135;2.03799;0.0196838;1.1278;0.7;0.7
-1.70252;-1.02433;1.98691;0.131992;7.5626;0.7;0.7
-1.6716;-1.10807;2.00551;-0.0437424;-2.50625;0.7;0.7
-1.6637;-1.12581;2.00882;-0.00953032;-0.546047;0.7;0.7
-1.6433;-1.10475;1.98012;0.00303165;0.173701;0.7;0.7
-1.77674;-1.13453;2.10808;0.023596;1.35195;0.7;0.7
-1.72796;-1.02356;2.00836;0.0335019;1.91952;0.7;0.7
-1.60548;-1.03069;1.90785;-0.0359379;-2.05909;0.7;0.7
-1.70395;-0.814169;1.88847;0.124977;7.16064;0.7;0.7
-1.89583;-0.895173;2.09655;0.00459524;0.263288;0.7;0.7
-1.92332;-0.804448;2.08478;0.0449979;2.57819;0.7;0.7
-1.80924;-0.743111;1.95591;0.00642485;0.368117;0.7;0.7
-1.95054;-0.793387;2.10572;0.00340802;0.195265;0.7;0.7
-1.89597;-0.627657;1.99716;0.0666219;3.81716;0.7;0.7
-1.89553;-0.610633;1.99146;0.00804648;0.46103;0.7;0.7
-2.06127;-0.504626;2.12214;0.0715554;4.09982;0.7;0.7
-1.97545;-0.461643;2.02867;0.0105203;0.60277;0.7;0.7
-2.14287;-0.458363;2.19134;0.0188442;1.07969;0.7;0.7
-1.89057;-0.347312;1.92221;0.0290445;1.66413;0.7;0.7
-1.82883;-0.25145;1.84604;0.0450461;2.58095;0.7;0.7
-2.15964;-0.317534;2.18286;-0.00934955;-0.53569;0.7;0.7
-2.05043;-0.279297;2.06936;0.0106043;0.60758;0.7;0.7
-1.98875;-0.266973;2.00659;0.00193662;0.11096;0.7;0.7
-1.95588;-0.234177;1.96985;0.0142817;0.818279;0.7;0.7
-1.83496;-0.177315;1.84351;0.0228298;1.30805;0.7;0.7
-1.79572;-0.15628;1.80251;0.00952209;0.545576;0.7;0.7
-2.01739;-0.205563;2.02784;-0.0147343;-0.844215;0.7;0.7
-2.30602;-0.299633;2.32541;-0.0276661;-1.58515;0.7;0.7
-2.02164;-0.2681;2.03934;-0.00263492;-0.15097;0.7;0.7
-1.95334;-0.318596;1.97915;-0.0298338;-1.70935;0.7;0.7
-1.95373;-0.294155;1.97575;0.0122413;0.701375;0.7;0.7
-1.9362;-0.275568;1.95571;0.00806348;0.462003;0.7;0.7
-1.99923;-0.26761;2.01706;0.00830937;0.476092;0.7;0.7
-1.88977;-0.390426;1.92968;-0.0706678;-4.04896;0.7;0.7
-1.96036;-0.411911;2.00317;-0.00337406;-0.19332;0.7;0.7
-1.95795;-0.381485;1.99477;0.0146795;0.841074;0.7;0.7
-1.86417;-0.220857;1.87721;0.074503;4.26871;0.7;0.7
-1.96918;-0.187726;1.9781;0.02288;1.31093;0.7;0.7
-1.965;-0.184858;1.97368;0.00124589;0.0713845;0.7;0.7
-1.96082;-0.0840817;1.96263;0.0509443;2.9189;0.7;0.7
-2.07416;-0.00930605;2.07418;0.0383679;2.19832;0.7;0.7
-2.02102;-0.0230948;2.02115;-0.00694018;-0.397643;0.7;0.7
-1.95475;-0.0724581;1.95609;-0.025624;-1.46815;0.7;0.7
-1.94717;-0.0868259;1.94911;-0.00751047;-0.430318;0.7;0.7
-2.00494;-0.201102;2.015;-0.0554077;-3.17463;0.7;0.7
-2.13094;-0.129523;2.13487;0.0392613;2.24951;0.7;0.7
-2.07264;0.0123267;2.07267;0.0666549;3.81905;0.7;0.7
-1.958;0.00734942;1.95801;-0.00219375;-0.125693;0.7;0.7
-2.00783;-0.0467007;2.00837;-0.0270086;-1.54748;0.7;0.7
-1.97653;-0.0234069;1.97667;0.0114133;0.653934;0.7;0.7
-2.18054;0.246467;2.19442;0.124394;7.12727;0.7;0.7
-1.98058;0.196222;1.99027;-0.0138018;-0.790784;0.7;0.7
-1.98806;0.201007;1.99819;0.00201394;0.11539;0.7;0.7
-2.11354;0.334394;2.13983;0.0561501;3.21716;0.7;0.7
-1.93428;0.317039;1.96009;0.00554567;0.317743;0.7;0.7
-1.97866;0.162516;1.98532;-0.0805099;-4.61288;0.7;0.7
-2.04965;0.0926509;2.05174;-0.036778;-2.10722;0.7;0.7
-2.1717;0.0126364;2.17174;-0.039354;-2.25482;0.7;0.7
-1.99451;0.0157222;1.99457;0.00206397;0.118257;0.7;0.7
-2.11596;0.109786;2.11881;0.0439558;2.51848;0.7;0.7
-1.97447;0.0607642;1.97541;-0.0210731;-1.2074;0.7;0.7
-1.80918;0.0810441;1.811;0.0140008;0.802188;0.7;0.7
-2.0022;0.101679;2.00478;0.0059743;0.342302;0.7;0.7
-2.01386;0.0644156;2.01489;-0.018765;-1.07516;0.7;0.7
-1.98875;0.0387041;1.98913;-0.0125162;-0.717128;0.7;0.7
-1.96836;-0.0105537;1.96839;-0.0248206;-1.42212;0.7;0.7
-2.07294;-0.00266987;2.07295;0.00407363;0.233402;0.7;0.7
-2.12131;-0.103725;2.12384;-0.0475699;-2.72555;0.7;0.7
-2.07626;-0.0569218;2.07704;0.0214491;1.22894;0.7;0.7
-2.0178;-0.0474481;2.01836;0.00389828;0.223355;0.7;0.7
-2.00289;-0.0200539;2.00299;0.0134983;0.773395;0.7;0.7
-1.99215;-0.120179;1.99578;-0.0502408;-2.87859;0.7;0.7
-2.2075;0.0105822;2.20753;0.0650467;3.7269;0.7;0.7
-1.94189;-0.00857815;1.94191;-0.00921111;-0.527758;0.7;0.7
-2.00428;0.173599;2.01178;0.0908161;5.20338;0.7;0.7
-1.83976;0.315951;1.8667;0.083677;4.79434;0.7;0.7
-1.99135;0.329566;2.01844;-0.00606329;-0.347401;0.7;0.7
-1.91585;0.415095;1.96031;0.0493531;2.82772;0.7;0.7
-1.90118;0.590033;1.99063;0.0875605;5.01685;0.7;0.7
-1.87515;0.639681;1.98126;0.0278298;1.59453;0.7;0.7
-1.96178;0.369138;1.99621;-0.142766;-8.1799;0.7;0.7
-2.06095;0.419569;2.10323;0.0148458;0.850602;0.7;0.7
-1.98256;0.46626;2.03665;0.0301472;1.72731;0.7;0.7
-1.91021;0.298601;1.93341;-0.0759189;-4.34983;0.7;0.7
-1.81676;0.442525;1.86988;0.0838628;4.80499;0.7;0.7
-1.85267;0.341581;1.88389;-0.0566016;-3.24303;0.7;0.7
-1.97975;0.359921;2.0122;-0.00248763;-0.142531;0.7;0.7
-2.00878;0.309435;2.03247;-0.026997;-1.54681;0.7;0.7
-1.93357;0.327825;1.96117;0.0151062;0.865524;0.7;0.7
-1.94073;0.424854;1.98669;0.0475679;2.72544;0.7;0.7
-1.95472;0.250316;1.97069;-0.0881505;-5.05065;0.7;0.7
-1.84652;-0.016666;1.8466;-0.136389;-7.81453;0.7;0.7
-1.98041;-0.414641;2.02335;-0.197365;-11.3082;0.7;0.7
-1.91824;-0.389517;1.95739;0.00605412;0.346875;0.7;0.7
-1.90438;-0.386249;1.94315;0.000228747;0.0131062;0.7;0.7
-2.03433;-0.339747;2.0625;0.0346271;1.98399;0.7;0.7
-2.03318;-0.227952;2.04591;0.0538297;3.08422;0.7;0.7
-1.94012;-0.194798;1.94987;0.0115806;0.663522;0.7;0.7
-2.00441;-0.22421;2.01692;-0.0113256;-0.648912;0.7;0.7
-1.98074;-0.235816;1.99473;-0.00710139;-0.40688;0.7;0.7
-1.99528;-0.320515;2.02086;-0.0407795;-2.33649;0.7;0.7
-1.97108;-0.400891;2.01143;-0.0413737;-2.37054;0.7;0.7
-1.9648;-0.383036;2.00179;0.008116;0.465013;0.7;0.7
-1.94606;-0.34172;1.97583;0.0187102;1.07202;0.7;0.7
-1.77104;-0.254606;1.78925;0.0310411;1.77852;0.7;0.7
-2.0175;-0.348954;2.04745;-0.0284867;-1.63217;0.7;0.7
-1.95735;-0.342731;1.98713;-0.00207333;-0.118793;0.7;0.7
-1.84929;-0.315826;1.87606;0.00419215;0.240193;0.7;0.7
-1.88601;-0.504735;1.95238;-0.0923423;-5.29082;0.7;0.7
-1.87896;-0.604783;1.97389;-0.0499069;-2.85946;0.7;0.7
-1.92245;-0.604509;2.01525;0.00674209;0.386294;0.7;0.7
-1.7698;-0.642267;1.88274;-0.0434657;-2.4904;0.7;0.7
-1.84451;-0.674956;1.96412;-0.00266965;-0.15296;0.7;0.7
-1.77007;-0.744575;1.9203;-0.0473853;-2.71498;0.7;0.7
-1.95807;-0.821209;2.1233;0.00106233;0.060867;0.7;0.7
-1.78709;-0.771634;1.94656;-0.0104855;-0.600773;0.7;0.7
-1.84453;-0.791341;2.00712;0.00233139;0.133579;0.7;0.7
-1.94111;-0.797674;2.09861;0.0153704;0.880661;0.7;0.7
-1.68315;-0.70089;1.82325;-0.00467792;-0.268025;0.7;0.7
-1.75006;-0.896946;1.96652;-0.0790384;-4.52857;0.7;0.7
-1.67173;-0.945068;1.92037;-0.0409161;-2.34432;0.7;0.7
-1.66479;-0.918485;1.90135;0.0103747;0.594425;0.7;0.7
-1.75437;-0.968747;2.00407;-0.00036584;-0.0209611;0.7;0.7
-1.93979;-1.08219;2.22124;-0.0043577;-0.249678;0.7;0.7
-1.81154;-1.07025;2.10407;-0.0247435;-1.4177;0.7;0.7
-1.72933;-0.904041;1.95138;0.0519285;2.97528;0.7;0.7
-1.6876;-1.01925;1.97152;-0.0616342;-3.53138;0.7;0.7
-1.74782;-0.943005;1.98598;0.0485584;2.78219;0.7;0.7
-1.91971;-1.09003;2.20759;-0.0216417;-1.23998;0.7;0.7
-1.8582;-0.993794;2.10726;0.0253027;1.44974;0.7;0.7
-1.74469;-0.940153;1.98188;-0.00314311;-0.180087;0.7;0.7
-1.76884;-0.941527;2.00382;0.00511415;0.293019;0.7;0.7
-1.7923;-0.924743;2.0168;0.0128113;0.734034;0.7;0.7
-1.87308;-1.14782;2.1968;-0.0734477;-4.20824;0.7;0.7
-1.4191;-0.981595;1.72551;-0.0553592;-3.17185;0.7;0.7
-1.61637;-1.15828;1.98853;-0.0166418;-0.953506;0.7;0.7
-1.66064;-1.16378;2.02783;0.0105131;0.602358;0.7;0.7
-1.73384;-1.18906;2.1024;0.0101374;0.580831;0.7;0.7
-1.57484;-1.12063;1.93286;-0.0173287;-0.992859;0.7;0.7
-1.41855;-1.22263;1.87273;-0.0929008;-5.32282;0.7;0.7
-1.71878;-1.25362;2.12738;0.0811922;4.65197;0.7;0.7
-1.67512;-1.25763;2.09467;-0.0138302;-0.792413;0.7;0.7
-1.5538;-1.23353;1.98391;-0.0270021;-1.5471;0.7;0.7
-1.53907;-1.16175;1.92832;0.0244057;1.39834;0.7;0.7
-1.68347;-1.35972;2.164;-0.0328219;-1.88056;0.7;0.7
-1.58054;-1.32342;2.06145;-0.0176737;-1.01263;0.7;0.7
-1.57359;-1.21539;1.9883;0.0394237;2.25881;0.7;0.7
-1.5814;-1.0374;1.8913;0.0770783;4.41626;0.7;0.7
-1.83063;-1.03998;2.10541;0.0639518;3.66417;0.7;0.7
-1.70208;-0.804212;1.88251;0.0752354;4.31067;0.7;0.7
-1.6019;-1.0074;1.89234;-0.119986;-6.87469;0.7;0.7
-1.75437;-1.01758;2.02812;0.0357787;2.04997;0.7;0.7
-1.73513;-1.02116;2.01331;-0.00633266;-0.362835;0.7;0.7
-1.87075;-0.824684;2.04446;0.116734;6.68839;0.7;0.7
-2.07846;-0.816456;2.23307;0.0409028;2.34356;0.7;0.7
-1.88714;-0.575196;1.97285;0.078447;4.49468;0.7;0.7
-1.95752;-0.463701;2.01169;0.0632575;3.62439;0.7;0.7
-1.611;-0.377445;1.65463;0.00245439;0.140626;0.7;0.7
-1.86105;-0.695285;1.98669;-0.127401;-7.29952;0.7;0.7
-1.87385;-0.632355;1.97767;0.0320785;1.83796;0.7;0.7
-1.68589;-0.557346;1.77563;0.00617958;0.354064;0.7;0.7
-1.90838;-0.663609;2.02047;-0.015372;-0.880749;0.7;0.7
-1.96149;-0.691088;2.07968;-0.00409141;-0.234421;0.7;0.7
-1.99501;-0.767225;2.13745;-0.02839;-1.62663;0.7;0.7
-1.86528;-0.659953;1.97859;0.0270732;1.55118;0.7;0.7
-1.75919;-0.753388;1.91373;-0.0645634;-3.69921;0.7;0.7
-1.71079;-0.832793;1.90272;-0.0483959;-2.77288;0.7;0.7
-1.80725;-0.870689;2.00605;0.00406068;0.23266;0.7;0.7
-1.57922;-0.855784;1.79619;-0.0476435;-2.72977;0.7;0.7
-1.84544;-0.757172;1.99473;0.107256;6.14533;0.7;0.7
-1.75044;-0.644693;1.86539;0.0364633;2.08919;0.7;0.7
-1.90114;-0.668776;2.01534;0.0146297;0.838221;0.7;0.7
-1.87274;-0.728106;2.0093;-0.0325503;-1.86499;0.7;0.7
-1.79687;-0.786156;1.96133;-0.0416147;-2.38435;0.7;0.7
-1.8051;-0.842018;1.99183;-0.0240405;-1.37742;0.7;0.7
-1.90586;-0.673355;2.02131;0.0968428;5.54868;0.7;0.7
-1.91802;-0.635273;2.02049;0.0197784;1.13322;0.7;0.7
-1.8277;-0.754921;1.97747;-0.0718612;-4.11735;0.7;0.7
-1.99051;-0.791961;2.14227;0.0130347;0.746831;0.7;0.7
-1.94508;-0.871558;2.13142;-0.0425921;-2.44035;0.7;0.7
-2.04199;-0.662596;2.1468;0.107492;6.15884;0.7;0.7
-1.7428;-0.564642;1.83199;0.000453161;0.0259642;0.7;0.7
-1.83859;-0.757809;1.98864;-0.0776377;-4.44831;0.7;0.7
-1.90633;-0.847205;2.08611;-0.0272501;-1.56132;0.7;0.7
-1.70255;-0.544657;1.78755;0.108584;6.2214;0.7;0.7
-1.85792;-0.710732;1.98922;-0.0557488;-3.19417;0.7;0.7
-1.80656;-0.823535;1.98541;-0.0623484;-3.5723;0.7;0.7
-1.7767;-0.927541;2.00425;-0.0534224;-3.06088;0.7;0.7
-1.80026;-1.1227;2.12165;-0.0764793;-4.38194;0.7;0.7
-1.62996;-1.04676;1.93713;-0.013255;-0.759455;0.7;0.7
-1.43725;-1.12722;1.82656;-0.0942175;-5.39827;0.7;0.7
-1.63746;-1.26801;2.07102;0.00616748;0.353371;0.7;0.7
-1.59308;-1.21247;2.002;0.00836206;0.479111;0.7;0.7
-1.65692;-1.09973;1.98866;0.0646013;3.70138;0.7;0.7
-1.68173;-1.01045;1.96194;0.0449207;2.57377;0.7;0.7
-1.75759;-0.858565;1.95608;0.0866408;4.96415;0.7;0.7
-1.66659;-0.848686;1.87024;-0.0166118;-0.951788;0.7;0.7
-1.87365;-0.895601;2.0767;0.0251167;1.43908;0.7;0.7
-1.86627;-0.855231;2.05289;0.0161924;0.927758;0.7;0.7
-1.78339;-0.906249;2.00044;-0.040456;-2.31796;0.7;0.7
-1.60151;-0.981308;1.87824;-0.079578;-4.55949;0.7;0.7
-1.7633;-1.00032;2.02728;0.0337051;1.93116;0.7;0.7
-1.68237;-1.04624;1.98116;-0.0403275;-2.31059;0.7;0.7
-2.16044;-1.03564;2.39584;0.109354;6.26552;0.7;0.7
-1.83105;-0.790163;1.99427;0.0396087;2.26941;0.7;0.7
-1.82731;-0.780527;1.98703;0.0037062;0.21235;0.7;0.7
-1.99775;-0.698159;2.11623;0.0674828;3.86648;0.7;0.7
-1.88612;-0.711947;2.01601;-0.0247272;-1.41677;0.7;0.7
-1.95719;-0.8079;2.11738;-0.0305479;-1.75027;0.7;0.7
-1.78202;-0.774305;1.94298;-0.0184177;-1.05526;0.7;0.7
-1.82127;-0.83082;2.00182;-0.0180817;-1.036;0.7;0.7
-1.66113;-0.811356;1.84869;-0.0263745;-1.51115;0.7;0.7
-1.79858;-0.879002;2.00188;-0.000230777;-0.0132225;0.7;0.7
-1.81419;-0.860455;2.0079;0.0117136;0.671139;0.7;0.7
-1.85267;-0.954579;2.08413;-0.0328996;-1.88501;0.7;0.7
-1.77678;-0.883427;1.98428;0.0143589;0.822704;0.7;0.7
-1.88692;-0.907913;2.09399;0.0129481;0.741873;0.7;0.7
-1.82472;-0.839298;2.00849;0.017357;0.994482;0.7;0.7
-1.8328;-0.652311;1.94542;0.0891767;5.10945;0.7;0.7
-1.90877;-0.676401;2.02508;0.00137173;0.0785943;0.7;0.7
-1.90444;-0.663428;2.01669;0.00534641;0.306327;0.7;0.7
-1.85714;-0.72034;1.99195;-0.0347999;-1.99389;0.7;0.7
-1.81776;-0.805545;1.98825;-0.0471339;-2.70057;0.7;0.7
-2.09734;-1.14272;2.38844;-0.0817291;-4.68273;0.7;0.7
-1.75632;-0.955793;1.99955;0.000493081;0.0282515;0.7;0.7
-1.69355;-0.905356;1.92036;0.00744664;0.426661;0.7;0.7
-1.79308;-0.954758;2.03142;0.00165021;0.0945502;0.7;0.7
-1.66286;-1.20396;2.05295;-0.137387;-7.87171;0.7;0.7
-1.71546;-1.33459;2.17346;-0.0344989;-1.97664;0.7;0.7
-1.58996;-1.19728;1.99033;0.0157357;0.901587;0.7;0.7
-1.57937;-1.39693;2.10851;-0.0787416;-4.51156;0.7;0.7
-1.53895;-1.32772;2.03253;0.0123298;0.706445;0.7;0.7
-1.55099;-1.18567;1.95227;0.0591569;3.38944;0.7;0.7
-1.58651;-1.21391;1.99765;-0.000431276;-0.0247103;0.7;0.7
-1.51115;-1.25719;1.96573;-0.0407976;-2.33753;0.7;0.7
-1.43402;-1.27097;1.91619;-0.0312728;-1.7918;0.7;0.7
-1.49815;-1.32761;2.00175;7.03335e-05;0.00402981;0.7;0.7
-1.49454;-1.16791;1.89675;0.0617935;3.54051;0.7;0.7
-1.49433;-1.19166;1.9113;-0.00985901;-0.56488;0.7;0.7
-1.47192;-1.27299;1.94604;-0.0398654;-2.28412;0.7;0.7
-1.51024;-1.29544;1.98972;0.00406398;0.232849;0.7;0.7
-1.49493;-1.20255;1.91858;0.0315599;1.80825;0.7;0.7
-1.54705;-1.24888;1.98823;-0.00172797;-0.0990052;0.7;0.7
-1.62816;-1.27402;2.06737;0.0151815;0.869838;0.7;0.7
-1.6288;-1.26705;2.06359;0.00285397;0.16352;0.7;0.7
-1.79742;-1.16905;2.14416;0.0844625;4.83935;0.7;0.7
-1.72813;-1.15749;2.07996;-0.0135067;-0.773879;0.7;0.7
-1.58533;-1.12391;1.94331;-0.0265399;-1.52062;0.7;0.7
-1.65612;-1.08824;1.98167;0.035354;2.02563;0.7;0.7
-1.6307;-1.09423;1.96381;-0.00965873;-0.553404;0.7;0.7
-1.67373;-0.957717;1.92836;0.0712775;4.0839;0.7;0.7
-1.66511;-1.0091;1.94701;-0.0251048;-1.4384;0.7;0.7
-1.51649;-1.02019;1.82771;-0.0473521;-2.71307;0.7;0.7
-1.87253;-1.34699;2.30668;-0.0314004;-1.79911;0.7;0.7
-1.64567;-1.18335;2.02696;0.000182149;0.0104364;0.7;0.7
-1.65214;-0.925232;1.89357;0.112902;6.46883;0.7;0.7
-1.75824;-0.909845;1.97971;0.0329761;1.88939;0.7;0.7
-1.74338;-0.894431;1.95943;0.00350016;0.200545;0.7;0.7
-1.82891;-0.705709;1.96034;0.105768;6.06004;0.7;0.7
-1.89179;-0.964179;2.12332;-0.103089;-5.90656;0.7;0.7
-1.89973;-0.918488;2.11011;0.0210015;1.2033;0.7;0.7
-1.98531;-0.912814;2.1851;0.0193876;1.11083;0.7;0.7
-1.96046;-0.613711;2.05428;0.12758;7.3098;0.7;0.7
-1.96054;-0.527124;2.03017;0.0407254;2.3334;0.7;0.7
-1.95179;-0.341229;1.98139;0.0895753;5.13229;0.7;0.7
-1.98987;-0.296772;2.01188;0.0250301;1.43412;0.7;0.7
-1.93426;-0.117333;1.93782;0.087464;5.01132;0.7;0.7
-1.90605;-0.0556494;1.90687;0.0313981;1.79898;0.7;0.7
-2.19437;0.159888;2.20019;0.101922;5.8397;0.7;0.7
-1.89421;0.255965;1.91143;0.0615822;3.5284;0.7;0.7
-1.92292;0.483932;1.98288;0.11223;6.43028;0.7;0.7
-1.99663;0.676438;2.10811;0.0801068;4.58978;0.7;0.7
-1.73457;0.567253;1.82497;-0.0105882;-0.606659;0.7;0.7
-2.08393;0.504653;2.14416;-0.0784744;-4.49625;0.7;0.7
-2.02301;0.407531;2.06365;-0.0388027;-2.22323;0.7;0.7
-1.85277;0.161206;1.85977;-0.111998;-6.41699;0.7;0.7
-2.03592;0.162001;2.04236;-0.00738575;-0.423172;0.7;0.7
-1.99371;0.00573868;1.99372;-0.0765256;-4.3846;0.7;0.7
-1.72524;0.306541;1.75226;0.172967;9.91026;0.7;0.7
-2.1465;0.408013;2.18493;0.0119971;0.687382;0.7;0.7
-1.99098;0.380619;2.02704;0.00105008;0.0601653;0.7;0.7
-1.77481;0.249038;1.7922;-0.0494845;-2.83525;0.7;0.7
-1.84315;0.233419;1.85787;-0.013437;-0.769885;0.7;0.7
-2.13419;0.407573;2.17276;0.0627297;3.59415;0.7;0.7
-1.96006;0.376081;1.99581;0.000868306;0.0497503;0.7;0.7
-1.86595;0.298256;1.88964;-0.031068;-1.78007;0.7;0.7
-1.98866;0.259447;2.00551;-0.0287704;-1.64842;0.7;0.7
-1.87341;0.23766;1.88842;-0.00354453;-0.203086;0.7;0.7
-2.06164;0.117947;2.06501;-0.0690378;-3.95557;0.7;0.7
-2.30798;0.170319;2.31426;0.0165141;0.946187;0.7;0.7
-1.94691;0.0812193;1.9486;-0.0319692;-1.8317;0.7;0.7
-2.02209;0.149221;2.02759;0.0319688;1.83168;0.7;0.7
-1.96744;0.173736;1.9751;0.0144151;0.825923;0.7;0.7
-1.96587;0.185044;1.97456;0.00577495;0.33088;0.7;0.7
-1.97767;0.192975;1.98706;0.00341701;0.19578;0.7;0.7
-1.85868;0.13888;1.86386;-0.0226874;-1.29989;0.7;0.7
-1.90061;0.102566;1.90337;-0.0206685;-1.18422;0.7;0.7
-2.0131;0.114345;2.01635;0.00282684;0.161966;0.7;0.7
-1.81984;0.0933199;1.82223;-0.00550543;-0.315438;0.7;0.7
-2.01306;0.0628838;2.01404;-0.0200065;-1.14629;0.7;0.7
-1.79938;0.0647038;1.80054;0.00471575;0.270192;0.7;0.7
-1.98794;0.0366112;1.98827;-0.0175289;-1.00433;0.7;0.7
-1.93359;0.00624569;1.9336;-0.0151845;-0.870008;0.7;0.7
-1.82148;0.132411;1.82629;0.0693361;3.97266;0.7;0.7
-2.12547;0.101374;2.12789;-0.0249073;-1.42708;0.7;0.7
-2.30205;0.182189;2.30925;0.0313188;1.79444;0.7;0.7
-2.21896;0.301264;2.23932;0.0559654;3.20658;0.7;0.7
-2.00244;0.264304;2.01981;-0.00371108;-0.212629;0.7;0.7
-1.97755;0.219199;1.98966;-0.0208388;-1.19398;0.7;0.7
-2.00316;0.435072;2.04987;0.103477;5.92881;0.7;0.7
-1.85018;0.512444;1.91983;0.0563265;3.22727;0.7;0.7
-1.81782;0.597949;1.91364;0.0475923;2.72684;0.7;0.7
-1.87726;0.752226;2.02236;0.0633243;3.62821;0.7;0.7
-1.77292;0.520022;1.84761;-0.0958022;-5.48906;0.7;0.7
-1.88254;0.624362;1.98338;0.0349313;2.00142;0.7;0.7
-1.85191;0.823039;2.02657;0.0979666;5.61307;0.7;0.7
-1.92446;0.75255;2.06637;-0.0454464;-2.60389;0.7;0.7
-1.70463;0.597764;1.8064;-0.0354908;-2.03347;0.7;0.7
-1.87427;0.640228;1.9806;-0.00811051;-0.464698;0.7;0.7
-1.77585;0.591618;1.8718;-0.00757893;-0.43424;0.7;0.7
-1.82231;0.58615;1.91426;-0.0103815;-0.594816;0.7;0.7
-1.8586;0.551662;1.93875;-0.0226684;-1.2988;0.7;0.7
-1.96518;0.369592;1.99963;-0.102634;-5.8805;0.7;0.7
-1.96386;0.370637;1.99853;0.000635983;0.0364391;0.7;0.7
-1.96206;0.362429;1.99526;-0.00387507;-0.222025;0.7;0.7
-2.07908;0.395889;2.11643;0.00550337;0.31532;0.7;0.7
-1.98311;0.345044;2.0129;-0.0158965;-0.910802;0.7;0.7
-1.97354;0.18963;1.98263;-0.0764743;-4.38166;0.7;0.7
-1.94538;0.431956;1.99276;0.122705;7.03046;0.7;0.7
-1.96056;0.378378;1.99674;-0.027846;-1.59546;0.7;0.7
-1.99294;0.3999;2.03267;0.00737766;0.422709;0.7;0.7
-1.84265;0.277596;1.86345;-0.0485029;-2.77901;0.7;0.7
-1.99009;0.298397;2.01233;-0.000692602;-0.0396832;0.7;0.7
-2.05089;0.503152;2.11171;0.0917485;5.2568;0.7;0.7
-1.95083;0.488899;2.01116;0.00497172;0.284858;0.7;0.7
-1.92122;0.458575;1.97519;-0.0112476;-0.64444;0.7;0.7
-1.88777;0.38036;1.92571;-0.0354813;-2.03293;0.7;0.7
-2.07803;0.359823;2.10895;-0.0273682;-1.56808;0.7;0.7
-2.12756;0.450491;2.17473;0.0372032;2.13159;0.7;0.7
-1.89113;0.490258;1.95364;0.044998;2.57819;0.7;0.7
-1.819;0.407212;1.86402;-0.0334225;-1.91497;0.7;0.7
-1.97074;0.442103;2.01972;0.000445494;0.0255249;0.7;0.7
-1.97983;0.22737;1.99284;-0.106338;-6.09273;0.7;0.7
-1.81547;0.285869;1.83784;0.0418387;2.39718;0.7;0.7
-1.97173;0.28434;1.99212;-0.0129594;-0.742521;0.7;0.7
-1.9149;0.219309;1.92741;-0.0291905;-1.67249;0.7;0.7
-1.90212;0.0565083;1.90296;-0.0843316;-4.83184;0.7;0.7
-2.00579;0.133208;2.01021;0.0366152;2.09789;0.7;0.7
-1.92856;0.0681116;1.92976;-0.0310118;-1.77684;0.7;0.7
-2.03319;0.0367549;2.03352;-0.0172272;-0.987044;0.7;0.7
-1.99334;0.028918;1.99355;-0.00356916;-0.204498;0.7;0.7
-2.09376;-0.0719943;2.095;-0.048878;-2.8005;0.7;0.7
-2.01106;-0.0824704;2.01275;-0.00661377;-0.378941;0.7;0.7
-2.01346;-0.14856;2.01893;-0.0326648;-1.87155;0.7;0.7
-2.08134;-0.0765401;2.08274;0.0368923;2.11377;0.7;0.7
-2.11365;-0.0207983;2.11375;0.0269183;1.5423;0.7;0.7
-1.76057;-0.0327798;1.76088;-0.00877701;-0.502886;0.7;0.7
-1.99779;-0.0445937;1.99829;-0.00370113;-0.212059;0.7;0.7
-1.99236;0.0160963;1.99242;0.0303967;1.7416;0.7;0.7
-2.12776;-0.0409459;2.12815;-0.0273202;-1.56533;0.7;0.7
-1.91882;-0.168956;1.92625;-0.0685841;-3.92958;0.7;0.7
-2.06942;-0.214872;2.08055;-0.0156356;-0.895856;0.7;0.7
-1.96508;-0.106561;1.96796;0.0492867;2.82392;0.7;0.7
-2.00761;-0.135843;2.0122;-0.0133868;-0.767005;0.7;0.7
-2.03174;-0.13465;2.0362;0.0013847;0.0793372;0.7;0.7
-1.89928;-0.248839;1.91551;-0.0640994;-3.67262;0.7;0.7
-2.04054;-0.308469;2.06372;-0.0197588;-1.1321;0.7;0.7
-1.55607;-0.508501;1.63705;-0.165811;-9.50026;0.7;0.7
-1.95529;-0.631969;2.05489;0.00323371;0.185278;0.7;0.7
-1.91735;-0.614984;2.01356;0.00223151;0.127856;0.7;0.7
-1.85723;-0.648566;1.96722;-0.025592;-1.46631;0.7;0.7
-1.97959;-0.679179;2.09286;0.00546624;0.313193;0.7;0.7
-1.98313;-0.610191;2.07488;0.032008;1.83392;0.7;0.7
-1.83987;-0.512455;1.9099;0.0268548;1.53866;0.7;0.7
-1.90443;-0.583429;1.99179;-0.0256327;-1.46864;0.7;0.7
-2.11143;-0.507861;2.17165;0.0612306;3.50826;0.7;0.7
-1.86944;-0.494338;1.9337;-0.0224682;-1.28733;0.7;0.7
-1.94964;-0.480151;2.00789;0.0170418;0.976424;0.7;0.7
-1.77842;-0.261678;1.79756;0.0953789;5.46481;0.7;0.7
-1.93978;-0.462885;1.99425;-0.0881536;-5.05083;0.7;0.7
-2.04756;-0.47231;2.10132;0.00754172;0.432109;0.7;0.7
-1.93693;-0.420286;1.982;0.0130313;0.746638;0.7;0.7
-1.9993;-0.359218;2.03131;0.0358981;2.05681;0.7;0.7
-1.9555;-0.362626;1.98883;-0.00558153;-0.319798;0.7;0.7
-2.06478;-0.258749;2.08093;0.0586907;3.36273;0.7;0.7
-2.04816;-0.205149;2.05841;0.0248361;1.423;0.7;0.7
-2.02163;-0.185828;2.03015;0.00816766;0.467973;0.7;0.7
-1.83568;-0.0712184;1.83706;0.0528849;3.03008;0.7;0.7
-1.93917;-0.0192238;1.93927;0.0288643;1.6538;0.7;0.7
-1.89375;0.0917579;1.89597;0.0583283;3.34197;0.7;0.7
-1.99661;0.0783415;1.99815;-0.00919814;-0.527015;0.7;0.7
-2.10842;0.124661;2.1121;0.0198396;1.13672;0.7;0.7
-1.9368;0.0905898;1.93891;-0.0123177;-0.70575;0.7;0.7
-2.01408;0.0927909;2.01622;-0.000700417;-0.0401309;0.7;0.7
-2.04505;0.131474;2.04927;0.0181621;1.04061;0.7;0.7
-1.95317;0.172415;1.96076;0.0238458;1.36626;0.7;0.7
-1.9463;0.118184;1.94989;-0.0273983;-1.56981;0.7;0.7
-1.88694;0.137121;1.89191;0.0118931;0.681425;0.7;0.7
-2.12265;0.113035;2.12565;-0.0193394;-1.10807;0.7;0.7
-2.23049;0.0587958;2.23126;-0.0268478;-1.53826;0.7;0.7
-2.06013;0.0814093;2.06174;0.0131421;0.752987;0.7;0.7
-1.76715;0.0358184;1.76751;-0.0192298;-1.10178;0.7;0.7
-2.12028;0.0587644;2.1211;0.007442;0.426395;0.7;0.7
-2.23564;0.130328;2.23943;0.0305214;1.74875;0.7;0.7
-2.03419;0.193963;2.04341;0.0368347;2.11047;0.7;0.7
-2.11664;0.144404;2.12156;-0.0269468;-1.54394;0.7;0.7
-2.04763;0.122947;2.05132;-0.00814584;-0.466722;0.7;0.7
-1.96226;0.224074;1.97501;0.0537277;3.07837;0.7;0.7
-1.88272;0.136716;1.88768;-0.0412104;-2.36118;0.7;0.7
-2.08803;0.1469;2.09319;-0.00225149;-0.129001;0.7;0.7
-1.64491;0.248017;1.66351;0.0794133;4.55005;0.7;0.7
-2.18615;0.184495;2.19392;-0.0654577;-3.75045;0.7;0.7
-2.18661;0.158208;2.19233;-0.011966;-0.685601;0.7;0.7
-1.88345;0.163874;1.89056;0.0145619;0.834338;0.7;0.7
-2.02861;-0.035459;2.02892;-0.104267;-5.97405;0.7;0.7
-1.99972;-0.0349318;2.00003;1.11315e-05;0.00063779;0.7;0.7
-1.99604;-0.0312992;1.99629;0.00178725;0.102402;0.7;0.7
-2.36053;0.0641083;2.3614;0.042831;2.45404;0.7;0.7
-2.09945;-0.0165754;2.09951;-0.0350467;-2.00803;0.7;0.7
-2.10183;0.207094;2.112;0.106108;6.07957;0.7;0.7
-1.90679;0.192495;1.91648;0.00239807;0.137399;0.7;0.7
-2.1653;0.477284;2.21728;0.116343;6.66597;0.7;0.7
-1.96738;0.31594;1.99259;-0.0577251;-3.3074;0.7;0.7
-1.97418;0.162296;1.98084;-0.0772046;-4.4235;0.7;0.7
-1.96082;0.146393;1.96628;-0.00750423;-0.42996;0.7;0.7
-2.04627;0.101388;2.04878;-0.0250132;-1.43315;0.7;0.7
-1.9877;0.160433;1.99417;0.0310308;1.77793;0.7;0.7
-1.92083;0.0887551;1.92288;-0.0343645;-1.96894;0.7;0.7
-1.98714;0.0437463;1.98762;-0.0241627;-1.38442;0.7;0.7
-1.93812;0.0459531;1.93866;0.00169462;0.0970944;0.7;0.7
-1.98869;0.0721496;1.99;0.0125583;0.719536;0.7;0.7
-1.97398;-0.0233098;1.97411;-0.048072;-2.75432;0.7;0.7
-1.93092;-0.106442;1.93385;-0.0432614;-2.4787;0.7;0.7
-1.45785;-0.125929;1.46328;-0.0310966;-1.7817;0.7;0.7
-1.99691;-0.183262;2.0053;-0.00535071;-0.306573;0.7;0.7
-2.05454;-0.180998;2.0625;0.00364691;0.208953;0.7;0.7
-1.95555;-0.0709837;1.95684;0.0515871;2.95572;0.7;0.7
-2.01942;-0.172033;2.02673;-0.0487016;-2.7904;0.7;0.7
-2.12953;-0.0342411;2.12981;0.0689065;3.94805;0.7;0.7
-2.00965;-0.0158008;2.00971;0.00821547;0.470712;0.7;0.7
-2.04255;-0.238707;2.05645;-0.108477;-6.21529;0.7;0.7
-2.02667;-0.164505;2.03334;0.035347;2.02524;0.7;0.7
-1.96374;-0.34172;1.99326;-0.0912967;-5.23092;0.7;0.7
-1.79862;-0.305819;1.82443;0.00386985;0.221726;0.7;0.7
-2.24499;-0.144231;2.24962;0.104262;5.97375;0.7;0.7
-2.1879;-0.344469;2.21485;-0.0920034;-5.27141;0.7;0.7
-1.96021;-0.249945;1.97608;0.0293362;1.68084;0.7;0.7
-2.01663;-0.266698;2.03418;-0.00466168;-0.267094;0.7;0.7
-2.10122;-0.185768;2.10942;0.0433063;2.48127;0.7;0.7
-2.14004;-0.32516;2.1646;-0.0626075;-3.58714;0.7;0.7
-1.90799;-0.474687;1.96616;-0.0930501;-5.33138;0.7;0.7
-1.92852;-0.474603;1.98606;0.00253582;0.145292;0.7;0.7
-1.99589;-0.543486;2.06856;-0.0245549;-1.40689;0.7;0.7
-1.87695;-0.432209;1.92607;0.0395305;2.26493;0.7;0.7
-1.864;-0.508678;1.93216;-0.0400824;-2.29655;0.7;0.7
-2.09496;-0.558541;2.16814;0.00585777;0.335625;0.7;0.7
-2.1393;-0.534952;2.20517;0.0155169;0.889055;0.7;0.7
-1.98093;-0.409955;2.02291;0.0409647;2.3471;0.7;0.7
-1.92337;-0.365873;1.95786;0.0160901;0.921897;0.7;0.7
-1.93645;-0.2703;1.95522;0.0492899;2.8241;0.7;0.7
-2.03248;-0.202896;2.04258;0.0391922;2.24555;0.7;0.7
-1.67925;-0.290175;1.70414;-0.0716127;-4.1031;0.7;0.7
-2.1414;-0.328863;2.1665;0.0187264;1.07295;0.7;0.7
-2.04279;-0.434147;2.08842;-0.0570267;-3.26739;0.7;0.7
-1.94825;-0.391118;1.98712;0.0112903;0.646886;0.7;0.7
-1.95957;-0.39257;1.99851;0.000403113;0.0230967;0.7;0.7
-1.95275;-0.40252;1.99381;-0.00556551;-0.31888;0.7;0.7
-1.93622;-0.44133;1.98588;-0.0208229;-1.19306;0.7;0.7
-1.95059;-0.444217;2.00053;0.000189114;0.0108355;0.7;0.7
-1.93724;-0.443078;1.98726;-0.000933178;-0.0534671;0.7;0.7
-1.97633;-0.171701;1.98378;0.138188;7.9176;0.7;0.7
-1.96213;-0.157284;1.96842;0.00667241;0.382301;0.7;0.7
-2.04916;-0.302824;2.07142;-0.0667287;-3.82328;0.7;0.7
-2.03307;-0.267863;2.05064;0.0157188;0.90062;0.7;0.7
-2.00884;-0.220462;2.0209;0.0216901;1.24275;0.7;0.7
-1.95015;-0.107091;1.95309;0.0544495;3.11973;0.7;0.7
-1.86515;-0.169576;1.87285;-0.0358094;-2.05173;0.7;0.7
-2.13109;-0.285544;2.15014;-0.0425274;-2.43664;0.7;0.7
-1.85214;-0.169012;1.85983;0.0421958;2.41764;0.7;0.7
-1.98374;-0.194293;1.99323;-0.00663131;-0.379946;0.7;0.7
-1.76836;0.0144965;1.76842;0.105829;6.06355;0.7;0.7
-2.00505;-0.00294727;2.00505;-0.00966741;-0.553902;0.7;0.7
-2.12789;-0.132879;2.13203;-0.0608958;-3.48907;0.7;0.7
-1.80395;-0.0519502;1.8047;0.0335756;1.92374;0.7;0.7
-1.9431;-0.0234732;1.94324;0.0167104;0.957435;0.7;0.7
-1.89755;-0.0387955;1.89795;-0.00836248;-0.479135;0.7;0.7
-1.92454;-0.0236001;1.92469;0.00818007;0.468683;0.7;0.7
-2.18072;0.0163448;2.18078;0.0197571;1.132;0.7;0.7
-2.08668;-0.0213593;2.08679;-0.0177307;-1.01589;0.7;0.7
-1.95187;-0.0853221;1.95373;-0.0334495;-1.91652;0.7;0.7
-1.90042;0.0332987;1.90071;0.0612052;3.5068;0.7;0.7
-2.14443;0.120203;2.1478;0.0384748;2.20444;0.7;0.7
-1.99152;-0.0178359;1.9916;-0.0649504;-3.72139;0.7;0.7
-1.9865;-0.142028;1.99157;-0.0624193;-3.57636;0.7;0.7
-2.00641;-0.0893492;2.0084;0.0268726;1.53968;0.7;0.7
-1.9774;-0.129378;1.98163;-0.0208329;-1.19364;0.7;0.7
-2.01369;0.0766295;2.01514;0.103371;5.92274;0.7;0.7
-2.01245;-0.0435404;2.01292;-0.0596681;-3.41873;0.7;0.7
-1.97283;-0.0838286;1.97461;-0.0208339;-1.1937;0.7;0.7
-1.93252;-0.142693;1.93778;-0.0312382;-1.78982;0.7;0.7
-2.02589;-0.145808;2.03113;0.00185572;0.106325;0.7;0.7
-1.88384;-0.196184;1.89403;-0.0319179;-1.82876;0.7;0.7
-1.97316;-0.377121;2.00888;-0.0850812;-4.8748;0.7;0.7
-1.98473;-0.428308;2.03042;-0.0236946;-1.3576;0.7;0.7
-1.94195;-0.410057;1.98477;0.00444203;0.25451;0.7;0.7
-2.14195;-0.412322;2.18127;0.0179281;1.02721;0.7;0.7
-1.96672;-0.342782;1.99636;0.0176139;1.0092;0.7;0.7
-1.93044;-0.357406;1.96325;-0.0105109;-0.602229;0.7;0.7
-2.1082;-0.309426;2.13079;0.0373373;2.13927;0.7;0.7
-1.98257;-0.493933;2.04317;-0.0984354;-5.63993;0.7;0.7
-1.94091;-0.476399;1.99852;0.0034737;0.199028;0.7;0.7
-1.83062;-0.528855;1.90548;-0.0405438;-2.32299;0.7;0.7
-1.81742;-0.734301;1.96016;-0.102742;-5.88669;0.7;0.7
-2.01525;-0.797278;2.16723;0.00725175;0.415495;0.7;0.7
-1.69028;-0.953136;1.94049;-0.136719;-7.83342;0.7;0.7
-1.61172;-0.945082;1.86838;-0.016898;-0.968186;0.7;0.7
-1.86561;-1.09519;2.16332;-0.000492709;-0.0282301;0.7;0.7
-1.78426;-1.16818;2.13266;-0.0488431;-2.7985;0.7;0.7
-1.48016;-1.19981;1.90536;-0.101486;-5.81472;0.7;0.7
-1.61009;-1.1731;1.99212;0.0515059;2.95107;0.7;0.7
-1.58915;-1.20663;1.99533;-0.0197629;-1.13233;0.7;0.7
-1.6745;-1.43193;2.20326;-0.0580466;-3.32583;0.7;0.7
-1.59086;-1.16224;1.97019;0.0765195;4.38424;0.7;0.7
-1.53662;-1.23632;1.97223;-0.0465692;-2.66822;0.7;0.7
-1.52475;-1.14471;1.90663;0.0335385;1.92161;0.7;0.7
-1.5994;-1.19925;1.99907;0.000602038;0.0344943;0.7;0.7
-1.59331;-1.26508;2.03447;-0.0276892;-1.58648;0.7;0.7
-1.4626;-1.46924;2.07313;-0.116595;-6.68042;0.7;0.7
-1.28679;-1.60432;2.05662;-0.107124;-6.13778;0.7;0.7
-1.30875;-1.49246;1.98501;0.0439028;2.51544;0.7;0.7
-1.28617;-1.42302;1.91813;0.0150149;0.860291;0.7;0.7
-1.26313;-1.52186;1.97777;-0.0421637;-2.4158;0.7;0.7
-1.20004;-1.59107;1.99288;-0.0465574;-2.66754;0.7;0.7
-1.00134;-1.70681;1.97886;-0.115643;-6.62587;0.7;0.7
-0.965406;-1.72795;1.97935;-0.0210627;-1.2068;0.7;0.7
-0.940169;-1.72574;1.96522;-0.010662;-0.610885;0.7;0.7
-1.09566;-1.82603;2.12952;0.0416021;2.38362;0.7;0.7
-1.02851;-1.7131;1.99814;0.000261727;0.0149959;0.7;0.7
-0.808463;-1.508;1.71104;-0.0485781;-2.78332;0.7;0.7
-0.973812;-1.79309;2.04046;0.00540123;0.309468;0.7;0.7
-0.840722;-1.86468;2.04545;-0.0739495;-4.23699;0.7;0.7
-0.824243;-1.82113;1.99897;0.00143975;0.0824917;0.7;0.7
-0.791294;-1.84622;2.00865;-0.0200962;-1.15143;0.7;0.7
-0.741996;-1.89167;2.03199;-0.0311161;-1.78282;0.7;0.7
-0.676415;-1.82021;1.94183;-0.0180034;-1.03152;0.7;0.7
-0.656633;-1.86271;1.97506;-0.0168845;-0.967409;0.7;0.7
-0.579021;-1.9374;2.02208;-0.0484989;-2.77878;0.7;0.7
-0.495271;-1.89375;1.95744;-0.0346143;-1.98325;0.7;0.7
-0.480946;-1.92718;1.98628;-0.011236;-0.643776;0.7;0.7
-0.442393;-1.91813;1.96848;-0.0178899;-1.02502;0.7;0.7
-0.565367;-1.84477;1.92946;0.0707071;4.05122;0.7;0.7
-0.662072;-1.89835;2.01049;0.0381895;2.1881;0.7;0.7
-0.794748;-1.78893;1.95752;0.0824982;4.7268;0.7;0.7
-0.784234;-1.87065;2.02839;-0.0210951;-1.20866;0.7;0.7
-0.766298;-1.8318;1.98562;-0.000765838;-0.0438793;0.7;0.7
-0.632428;-1.94794;2.04803;-0.0822788;-4.71423;0.7;0.7
-0.667711;-1.92027;2.03305;0.0207096;1.18657;0.7;0.7
-0.665487;-1.5654;1.70098;0.0673354;3.85804;0.7;0.7
-0.760775;-1.84323;1.99406;-0.0105348;-0.603597;0.7;0.7
-0.748582;-1.86129;2.00618;-0.00905109;-0.51859;0.7;0.7
-0.750178;-1.81287;1.96195;0.00996382;0.570885;0.7;0.7
-0.738158;-1.92957;2.06594;-0.0269783;-1.54574;0.7;0.7
-0.7374;-1.80893;1.95346;0.0217039;1.24354;0.7;0.7
-0.95691;-1.77835;2.01946;0.106574;6.10624;0.7;0.7
-0.932687;-1.86367;2.08403;-0.0296396;-1.69822;0.7;0.7
-0.996762;-1.8661;2.11563;0.0265735;1.52255;0.7;0.7
-0.778312;-2.00817;2.15372;-0.120838;-6.92349;0.7;0.7
-0.661792;-1.87073;1.98434;-0.0297266;-1.70321;0.7;0.7
-0.724788;-1.87924;2.01416;0.0280811;1.60893;0.7;0.7
-0.716186;-1.86241;1.99537;-0.00098833;-0.0566271;0.7;0.7
-0.796576;-1.82963;1.99551;0.0435112;2.49301;0.7;0.7
-0.627702;-1.82096;1.92611;-0.078672;-4.50757;0.7;0.7
-0.652588;-1.89101;2.00044;0.000349949;0.0200506;0.7;0.7
-0.633723;-1.82363;1.9306;0.00214874;0.123114;0.7;0.7
-0.559493;-1.8513;1.93399;-0.040963;-2.347;0.7;0.7
-0.554364;-1.9035;1.98259;-0.0100948;-0.578389;0.7;0.7
-0.565821;-2.04351;2.12039;-0.0132748;-0.760589;0.7;0.7
-0.548877;-1.79863;1.88052;0.0260669;1.49353;0.7;0.7
-0.670289;-1.98009;2.09046;0.0302198;1.73147;0.7;0.7
-0.524566;-1.87463;1.94664;-0.0535619;-3.06887;0.7;0.7
-0.400003;-2.03444;2.07339;-0.078705;-4.50946;0.7;0.7
-0.361605;-2.00265;2.03503;-0.0155015;-0.88817;0.7;0.7
-0.673092;-2.27231;2.36991;0.109342;6.26482;0.7;0.7
-0.661923;-1.85225;1.96697;0.0552376;3.16488;0.7;0.7
-0.719765;-1.95567;2.08392;0.00943729;0.540717;0.7;0.7
-0.681983;-1.97858;2.09282;-0.0207253;-1.18747;0.7;0.7
-0.773718;-1.90846;2.05933;0.0532363;3.05022;0.7;0.7
-0.946346;-1.78282;2.01842;0.102828;5.89163;0.7;0.7
-1.05012;-1.82208;2.10303;0.0348385;1.9961;0.7;0.7
-1.06536;-1.8636;2.14663;-0.00350926;-0.201066;0.7;0.7
-0.982185;-1.78359;2.03614;-0.0159584;-0.914352;0.7;0.7
-0.830872;-1.75499;1.94174;-0.061195;-3.50622;0.7;0.7
-0.899905;-1.74098;1.95981;0.034902;1.99974;0.7;0.7
-0.983076;-1.69653;1.96078;0.0481107;2.75654;0.7;0.7
-1.02629;-1.78352;2.05772;-0.00302793;-0.173488;0.7;0.7
-1.24461;-1.64979;2.06661;0.124158;7.11373;0.7;0.7
-1.2792;-1.6103;2.05656;0.0249952;1.43212;0.7;0.7
-1.29108;-1.55826;2.02363;0.0205969;1.18011;0.7;0.7
-1.29405;-1.56756;2.03269;-0.00179563;-0.102882;0.7;0.7
-1.27046;-1.58916;2.03458;-0.0157024;-0.899678;0.7;0.7
-1.26975;-1.53071;1.98881;0.0180754;1.03564;0.7;0.7
-1.33024;-1.56796;2.05622;0.0110754;0.634574;0.7;0.7
-1.29389;-1.52512;2.00004;-5.5786e-09;-3.1963e-07;0.7;0.7
-1.2704;-1.53684;1.99394;-0.0127866;-0.732615;0.7;0.7
-1.33701;-1.55797;2.05302;0.0184502;1.05712;0.7;0.7
-1.01854;-1.4669;1.78584;-0.102298;-5.86123;0.7;0.7
-1.32684;-1.65633;2.12225;0.0684713;3.92312;0.7;0.7
-1.19986;-1.42527;1.86308;0.0243481;1.39505;0.7;0.7
-1.28561;-1.51906;1.99006;0.00261101;0.1496;0.7;0.7
-0.938186;-1.78063;2.01267;-0.21743;-12.4578;0.7;0.7
-0.939904;-1.8007;2.03124;-0.00385873;-0.221089;0.7;0.7
-1.08561;-1.85226;2.14696;0.0490724;2.81164;0.7;0.7
-1.03167;-1.70119;1.98957;0.0150059;0.859773;0.7;0.7
-0.9399;-1.78567;2.01792;-0.0606322;-3.47397;0.7;0.7
-0.955333;-1.90115;2.12769;-0.0188643;-1.08084;0.7;0.7
-0.934973;-1.88632;2.10532;-0.00547814;-0.313874;0.7;0.7
-0.941283;-1.84137;2.06801;0.0123881;0.709784;0.7;0.7
-0.906752;-1.78655;2.00349;-0.00289331;-0.165774;0.7;0.7
-0.819734;-1.80645;1.98374;-0.0436691;-2.50206;0.7;0.7
-0.775182;-2.19923;2.33184;-0.0871121;-4.99116;0.7;0.7
-0.691244;-1.78148;1.91089;0.0312514;1.79057;0.7;0.7
-0.830218;-1.62457;1.82441;0.102307;5.86176;0.7;0.7
-0.923396;-1.78786;2.01224;0.00430479;0.246647;0.7;0.7
-0.914272;-1.79652;2.01578;-0.0059932;-0.343385;0.7;0.7
-0.904241;-1.78156;1.99791;-0.00107928;-0.0618383;0.7;0.7
-0.845166;-1.79225;1.98153;-0.0290293;-1.66326;0.7;0.7
-0.885923;-1.96117;2.15199;-0.0163511;-0.936848;0.7;0.7
-0.732243;-1.65471;1.80948;-0.00767557;-0.439778;0.7;0.7
-0.783478;-1.88342;2.03988;-0.0224062;-1.28378;0.7;0.7
-0.920536;-1.8465;2.06324;0.0682609;3.91106;0.7;0.7
-0.906891;-1.72497;1.94884;0.021557;1.23512;0.7;0.7
-0.920862;-1.77145;1.9965;-0.00463993;-0.265848;0.7;0.7
-0.894344;-1.8276;2.03469;-0.0242932;-1.3919;0.7;0.7
-0.839148;-1.87243;2.05187;-0.0337733;-1.93507;0.7;0.7
-0.744892;-1.81781;1.96451;-0.0324191;-1.85748;0.7;0.7
-0.715045;-1.87354;2.00535;-0.0243104;-1.39288;0.7;0.7
-0.651683;-1.93397;2.04081;-0.0395754;-2.2675;0.7;0.7
-0.785135;-1.68672;1.8605;0.110634;6.33887;0.7;0.7
-0.889704;-1.85189;2.05452;0.0122182;0.700052;0.7;0.7
-0.736875;-1.92578;2.06195;-0.0824213;-4.72239;0.7;0.7
-0.635131;-1.78633;1.89589;-0.0238381;-1.36582;0.7;0.7
-0.52595;-1.98395;2.05248;-0.0824693;-4.72514;0.7;0.7
-0.671878;-1.79252;1.9143;0.0994755;5.69953;0.7;0.7
-0.735056;-1.94165;2.07613;0.0032831;0.188108;0.7;0.7
-0.660798;-1.81459;1.93116;-0.0126671;-0.725773;0.7;0.7
-0.942271;-1.79808;2.03001;0.133465;7.64696;0.7;0.7
-0.999253;-1.87562;2.1252;0.00681279;0.390344;0.7;0.7
-0.988428;-1.71376;1.97838;0.0336451;1.92772;0.7;0.7
-1.10315;-1.67663;2.00699;0.0587945;3.36868;0.7;0.7
-1.09568;-1.51818;1.87226;0.0431957;2.47493;0.7;0.7
-1.16927;-1.6183;1.99652;0.000543252;0.031126;0.7;0.7
-1.15722;-1.59879;1.97365;0.000838711;0.0480546;0.7;0.7
-1.11574;-1.66641;2.00544;-0.0365317;-2.09311;0.7;0.7
-1.12144;-1.6853;2.02432;-0.00285608;-0.163641;0.7;0.7
-1.06276;-1.78862;2.08054;-0.0510097;-2.92264;0.7;0.7
-0.974879;-1.63769;1.90589;0.00080856;0.0463271;0.7;0.7
-0.920847;-1.71651;1.94792;-0.0445474;-2.55238;0.7;0.7
-1.11786;-1.80528;2.12336;0.0620396;3.55461;0.7;0.7
-1.07113;-1.6318;1.95195;0.0264355;1.51464;0.7;0.7
-1.25802;-1.4882;1.94868;0.120911;6.92772;0.7;0.7
-1.28377;-1.55876;2.01936;-0.0128214;-0.734612;0.7;0.7
-1.33256;-1.67559;2.14087;-0.0171032;-0.97994;0.7;0.7
-1.3084;-1.37913;1.90103;0.0872355;4.99822;0.7;0.7
-1.57436;-1.53229;2.19693;0.0398516;2.28333;0.7;0.7
-1.41526;-1.41864;2.00387;-0.0147332;-0.844148;0.7;0.7
-1.40996;-1.42207;2.00257;-0.00308505;-0.17676;0.7;0.7
-1.4605;-1.29468;1.95173;0.0643863;3.68906;0.7;0.7
-1.50009;-1.26386;1.96154;0.0251512;1.44106;0.7;0.7
-1.44401;-1.34932;1.97632;-0.051375;-2.94357;0.7;0.7
-1.58441;-1.322;2.0635;0.0561587;3.21766;0.7;0.7
-1.56297;-1.32152;2.04678;-0.00653382;-0.37436;0.7;0.7
-1.40186;-1.34004;1.93931;-0.0609697;-3.49331;0.7;0.7
-1.4491;-1.35438;1.98349;0.0112347;0.643701;0.7;0.7
-1.46252;-1.37627;2.00825;-0.00339966;-0.194786;0.7;0.7
-1.28384;-1.18402;1.74646;0.0100487;0.575751;0.7;0.7
-1.43164;-1.68357;2.20998;-0.12112;-6.93966;0.7;0.7
-1.16885;-1.48813;1.89229;-0.0388998;-2.22879;0.7;0.7
-1.2388;-1.58448;2.01127;-0.00224039;-0.128365;0.7;0.7
-1.48244;-1.71828;2.26938;0.0482842;2.76648;0.7;0.7
-1.25446;-1.69078;2.10533;-0.0735228;-4.21255;0.7;0.7
-1.20361;-1.64829;2.04097;-0.00760525;-0.435749;0.7;0.7
-1.16682;-1.56822;1.95468;0.00895828;0.513272;0.7;0.7
-1.06275;-1.37356;1.7367;0.0188303;1.0789;0.7;0.7
-1.18774;-1.51126;1.92214;0.00759195;0.434987;0.7;0.7
-1.21691;-1.74093;2.12408;-0.0560435;-3.21106;0.7;0.7
-1.0434;-1.69443;1.98992;-0.0581113;-3.32953;0.7;0.7
-1.21985;-1.57248;1.99015;0.107833;6.17837;0.7;0.7
-1.28106;-1.61556;2.06183;0.0106524;0.61034;0.7;0.7
-1.2254;-1.55715;1.98149;-0.00369629;-0.211782;0.7;0.7
-1.07004;-1.42358;1.78089;-0.0221743;-1.27049;0.7;0.7
-1.25128;-1.8488;2.23244;-0.049569;-2.84009;0.7;0.7
-1.02851;-1.44204;1.77125;0.0245598;1.40717;0.7;0.7
-1.24895;-1.41448;1.88697;0.103778;5.94606;0.7;0.7
-1.32599;-1.49458;1.99801;0.00236783;0.135666;0.7;0.7
-1.32367;-1.4617;1.97197;0.0101853;0.583576;0.7;0.7
-1.22407;-1.45872;1.90426;-0.0377261;-2.16155;0.7;0.7
-1.06084;-1.69125;1.99643;-0.137939;-7.90333;0.7;0.7
-1.06327;-1.69434;2.00033;0.000207993;0.0119171;0.7;0.7
-1.12117;-1.55679;1.9185;0.0637163;3.65068;0.7;0.7
-1.1689;-1.62141;1.99883;0.000485254;0.027803;0.7;0.7
-1.11228;-1.73294;2.05918;-0.0540064;-3.09434;0.7;0.7
-1.07573;-1.68307;1.99748;-0.00191262;-0.109585;0.7;0.7
-1.0674;-1.67208;1.98373;-0.000553666;-0.0317227;0.7;0.7
-1.06519;-1.8908;2.17019;-0.0551156;-3.15789;0.7;0.7
-0.982049;-1.81166;2.06071;-0.0163035;-0.934125;0.7;0.7
-1.02161;-1.67379;1.96094;0.0512636;2.93719;0.7;0.7
-0.953101;-1.63373;1.89142;-0.0198822;-1.13917;0.7;0.7
-1.14622;-1.51696;1.90131;0.118961;6.81594;0.7;0.7
-1.17471;-1.60429;1.98839;-0.015044;-0.861956;0.7;0.7
-1.396;-1.74315;2.23324;0.0432258;2.47666;0.7;0.7
-1.27815;-1.48227;1.95724;0.0363299;2.08155;0.7;0.7
-1.3942;-1.76211;2.24696;-0.0422317;-2.4197;0.7;0.7
-1.20415;-1.50839;1.93009;0.00434832;0.24914;0.7;0.7
-1.23661;-1.563;1.99304;-0.00436743;-0.250236;0.7;0.7
-1.03191;-1.5811;1.88805;-0.0910988;-5.21958;0.7;0.7
-1.33966;-1.77236;2.2217;0.0690029;3.95357;0.7;0.7
-1.37279;-1.65999;2.15409;0.0437367;2.50593;0.7;0.7
-1.20196;-1.55703;1.96699;-0.0335725;-1.92356;0.7;0.7
-1.09362;-1.68462;2.00847;-0.081608;-4.67579;0.7;0.7
-0.983574;-1.57684;1.85845;-0.0180881;-1.03637;0.7;0.7
-0.983737;-1.70083;1.96483;-0.033335;-1.90995;0.7;0.7
-1.25253;-1.85044;2.23449;0.0706666;4.0489;0.7;0.7
-1.088;-1.81422;2.11545;-0.0548361;-3.14188;0.7;0.7
-1.24473;-1.54447;1.98362;0.13814;7.91483;0.7;0.7
-1.18062;-1.43837;1.86085;0.00895097;0.512853;0.7;0.7
-1.11853;-1.52181;1.88865;-0.0534661;-3.06338;0.7;0.7
-1.12968;-1.50992;1.88575;0.00849885;0.486948;0.7;0.7
-1.22361;-1.4868;1.92556;0.0462691;2.65103;0.7;0.7
-1.12111;-1.14357;1.60145;0.0868844;4.97811;0.7;0.7
-1.45196;-1.28587;1.9395;0.0705047;4.03962;0.7;0.7
-1.4928;-1.32317;1.9948;-0.000423264;-0.0242512;0.7;0.7
-1.50015;-1.29707;1.98314;0.0123081;0.705203;0.7;0.7
-1.41944;-0.960082;1.71364;0.118226;6.77384;0.7;0.7
-1.49668;-0.667023;1.63859;0.175452;10.0527;0.7;0.7
-1.9871;-0.764309;2.12903;0.0520554;2.98256;0.7;0.7
-1.76994;-0.652378;1.88634;0.0140543;0.805253;0.7;0.7
-1.76857;-0.606964;1.86982;0.0225364;1.29124;0.7;0.7
-2.07719;-0.594577;2.16061;0.0518131;2.96867;0.7;0.7
-1.98196;-0.568557;2.0619;-0.000576601;-0.0330368;0.7;0.7
-1.85476;-0.531334;1.92937;0.000364969;0.0209112;0.7;0.7
-1.92382;-0.546079;1.99982;0.00242168;0.138752;0.7;0.7
-1.78665;-0.75083;1.93801;-0.121259;-6.94762;0.7;0.7
-1.65687;-0.76242;1.82387;-0.0334314;-1.91548;0.7;0.7
-1.70665;-0.670132;1.8335;0.0571041;3.27182;0.7;0.7
-1.94084;-0.834428;2.11261;-0.0318777;-1.82646;0.7;0.7
-1.79713;-0.749624;1.94721;0.0108611;0.622296;0.7;0.7
-1.90236;-0.941816;2.12273;-0.0645217;-3.69682;0.7;0.7
-1.86141;-0.924875;2.07852;-0.00143752;-0.0823636;0.7;0.7
-2.09125;-0.90386;2.27822;0.0531775;3.04685;0.7;0.7
-1.78233;-0.783771;1.94705;-0.0063316;-0.362774;0.7;0.7
-2.0713;-0.799925;2.2204;0.0457445;2.62097;0.7;0.7
-1.69476;-0.544146;1.77997;0.0578696;3.31568;0.7;0.7
-2.01132;-0.491676;2.07055;0.0709272;4.06383;0.7;0.7
-1.86666;-0.55396;1.94713;-0.0487342;-2.79226;0.7;0.7
-1.94779;-0.558744;2.02635;0.00912696;0.522936;0.7;0.7
-2.04358;-0.797109;2.19354;-0.0925445;-5.30241;0.7;0.7
-1.83434;-0.813937;2.00681;-0.0457176;-2.61942;0.7;0.7
-1.99418;-0.921902;2.19697;-0.0154106;-0.882964;0.7;0.7
-1.78807;-0.845176;1.97776;-0.00851733;-0.488007;0.7;0.7
-1.7424;-0.861857;1.9439;-0.0178003;-1.01988;0.7;0.7
-1.73501;-0.84376;1.9293;0.0067109;0.384506;0.7;0.7
-1.78167;-0.878783;1.98661;-0.00558254;-0.319856;0.7;0.7
-1.85336;-0.751875;2.00007;0.0728265;4.17265;0.7;0.7
-2.07871;-1.00884;2.31058;-0.0664421;-3.80685;0.7;0.7
-1.80138;-0.915882;2.02085;-0.018534;-1.06192;0.7;0.7
-1.7862;-0.843923;1.97553;0.0289902;1.66102;0.7;0.7
-1.68464;-1.13138;2.02929;-0.150019;-8.59545;0.7;0.7
-1.66613;-1.06737;1.9787;0.0216399;1.23988;0.7;0.7
-1.77542;-0.724797;1.91767;0.182171;10.4376;0.7;0.7
-1.63885;-0.9273;1.883;-0.127323;-7.29509;0.7;0.7
-1.61618;-1.02825;1.91556;-0.0517171;-2.96317;0.7;0.7
-1.63465;-1.08007;1.95924;-0.0172548;-0.988625;0.7;0.7
-1.66957;-1.10153;2.00021;0.000670625;0.038424;0.7;0.7
-1.79047;-0.881957;1.9959;0.125515;7.19148;0.7;0.7
-1.89377;-0.938121;2.11339;-0.00224134;-0.128419;0.7;0.7
-1.79034;-0.908343;2.00758;-0.00957783;-0.548769;0.7;0.7
-1.77226;-0.909456;1.99198;-0.00460514;-0.263855;0.7;0.7
-1.84519;-0.887791;2.04766;0.0256789;1.47129;0.7;0.7
-1.51754;-0.873183;1.75082;-0.0736876;-4.22199;0.7;0.7
-1.47621;-1.29615;1.96449;-0.198409;-11.368;0.7;0.7
-1.36909;-1.28144;1.87523;-0.0318029;-1.82217;0.7;0.7
-1.45986;-1.37245;2.0037;-0.00220505;-0.12634;0.7;0.7
-1.68889;-1.52444;2.27514;0.0202826;1.16211;0.7;0.7
-1.60721;-1.26899;2.04779;0.0659235;3.77714;0.7;0.7
-1.73649;-1.49709;2.29274;-0.0431572;-2.47272;0.7;0.7
-1.57671;-1.2721;2.0259;0.0326232;1.86917;0.7;0.7
-1.41636;-1.18376;1.84591;-0.0172998;-0.991203;0.7;0.7
-1.66896;-1.43191;2.19905;-0.0129244;-0.740514;0.7;0.7
-1.53584;-1.30085;2.01271;0.00635272;0.363984;0.7;0.7
-1.54372;-1.29513;2.01505;0.00469157;0.268807;0.7;0.7
-1.47905;-1.26264;1.9447;-0.00857434;-0.491274;0.7;0.7
-1.65327;-1.37966;2.15331;0.0112027;0.641867;0.7;0.7
-1.58617;-1.1908;1.98342;0.0514532;2.94805;0.7;0.7
-1.71686;-1.12259;2.0513;0.0648891;3.71787;0.7;0.7
-1.56087;-0.9258;1.81478;0.0437326;2.50569;0.7;0.7
-1.77655;-1.06473;2.07118;-0.00456961;-0.26182;0.7;0.7
-1.65282;-1.08231;1.97565;-0.0398409;-2.28272;0.7;0.7
-1.66326;-1.08188;1.98416;0.00306396;0.175552;0.7;0.7
-1.81667;-1.07032;2.10852;0.0442838;2.53727;0.7;0.7
-1.82198;-0.9861;2.07172;0.0363358;2.08189;0.7;0.7
-1.77244;-0.886008;1.98156;0.0325283;1.86374;0.7;0.7
-1.84554;-1.04868;2.12267;-0.0531743;-3.04666;0.7;0.7
-1.7447;-1.02427;2.02314;-0.0141344;-0.809841;0.7;0.7
-1.7314;-0.979627;1.98933;0.0159682;0.914909;0.7;0.7
-1.71772;-1.08601;2.03223;-0.0488981;-2.80165;0.7;0.7
-1.81152;-1.041;2.08932;0.0422146;2.41872;0.7;0.7
-1.7672;-1.09472;2.07879;-0.0330333;-1.89267;0.7;0.7
-1.68722;-0.963365;1.94288;0.0358019;2.05129;0.7;0.7
-1.74034;-1.00109;2.00773;-0.00319911;-0.183295;0.7;0.7
-1.66626;-0.957782;1.92191;0.000314226;0.0180038;0.7;0.7
-1.86807;-0.886251;2.06764;0.0787166;4.51013;0.7;0.7
-1.79791;-0.865572;1.99542;-0.00570766;-0.327025;0.7;0.7
-1.90856;-0.728196;2.04276;0.0841891;4.82368;0.7;0.7
-1.87063;-0.766604;2.02162;-0.0244408;-1.40035;0.7;0.7
-1.69409;-0.772292;1.86182;-0.0387938;-2.22272;0.7;0.7
-1.76073;-0.875805;1.96652;-0.0338461;-1.93924;0.7;0.7
-1.83199;-0.818272;2.00643;0.0415033;2.37796;0.7;0.7
-1.72457;-1.01063;1.99888;-0.110006;-6.30289;0.7;0.7
-1.80694;-1.01567;2.07283;0.0179967;1.03113;0.7;0.7
-1.73243;-1.00398;2.00233;-0.0131456;-0.753186;0.7;0.7
-1.71273;-0.742211;1.86663;0.116304;6.6637;0.7;0.7
-1.88573;-0.971783;2.1214;-0.0669172;-3.83407;0.7;0.7
-1.72704;-0.819962;1.91181;0.0325733;1.86631;0.7;0.7
-1.96806;-0.945084;2.18322;-0.00442564;-0.25357;0.7;0.7
-1.6554;-0.73635;1.81178;0.0291568;1.67056;0.7;0.7
-1.74339;-0.770328;1.906;0.00247496;0.141805;0.7;0.7
-1.98455;-0.782778;2.13335;0.0403604;2.31248;0.7;0.7
-1.90648;-0.868775;2.0951;-0.0518807;-2.97255;0.7;0.7
-1.8964;-0.882112;2.09152;-0.00780174;-0.447007;0.7;0.7
-1.76722;-0.993133;2.02716;-0.0766083;-4.38933;0.7;0.7
-1.74785;-0.901306;1.96655;0.0358895;2.05632;0.7;0.7
-1.87611;-0.627303;1.9782;0.153423;8.79051;0.7;0.7
-1.80266;-0.632588;1.91043;-0.014816;-0.848893;0.7;0.7
-1.7832;-0.85484;1.97751;-0.109527;-6.27543;0.7;0.7
-1.84349;-0.876668;2.04132;0.00312429;0.179009;0.7;0.7
-1.81639;-0.866338;2.01242;-0.00114554;-0.0656345;0.7;0.7
-1.80547;-0.823661;1.98447;0.0170408;0.976365;0.7;0.7
-1.95667;-0.712458;2.08235;0.0788059;4.51525;0.7;0.7
-1.87263;-0.704496;2.00077;-0.0106325;-0.609196;0.7;0.7
-1.66395;-0.841749;1.86474;-0.108509;-6.2171;0.7;0.7
-2.00078;-0.849344;2.17359;0.0668839;3.83216;0.7;0.7
-1.88817;-0.779281;2.04266;0.0100322;0.574801;0.7;0.7
-1.85759;-0.761835;2.00774;0.00222044;0.127222;0.7;0.7
-1.7674;-0.573489;1.85811;0.0754365;4.32219;0.7;0.7
-1.74246;-0.687801;1.87329;-0.0621913;-3.5633;0.7;0.7
-1.82021;-0.744041;1.96641;-0.012085;-0.692421;0.7;0.7
-1.613;-0.77546;1.78972;-0.060095;-3.44319;0.7;0.7
-1.59554;-0.73324;1.75596;0.0173625;0.9948;0.7;0.7
-1.65634;-0.897574;1.88391;-0.065831;-3.77184;0.7;0.7
-1.80266;-0.779298;1.96389;0.0885617;5.07421;0.7;0.7
-1.74247;-0.754571;1.89883;-0.000625583;-0.0358433;0.7;0.7
-1.87218;-0.826288;2.04641;-0.00697107;-0.399413;0.7;0.7
-1.87905;-0.799015;2.04187;0.0135789;0.778016;0.7;0.7
-2.15846;-0.666837;2.25912;0.10242;5.86826;0.7;0.7
-2.01323;-0.612583;2.10436;0.00426172;0.244179;0.7;0.7
-1.83097;-0.328582;1.86022;0.117809;6.74998;0.7;0.7
-1.98724;-0.504258;2.05022;-0.0709346;-4.06425;0.7;0.7
-2.09737;-0.462506;2.14776;0.0314589;1.80246;0.7;0.7
-1.91677;-0.614907;2.01298;-0.0933886;-5.35077;0.7;0.7
-1.88184;-0.720323;2.01499;-0.0551378;-3.15916;0.7;0.7
-1.97098;-0.839351;2.14226;-0.0370238;-2.12131;0.7;0.7
-1.75073;-0.858969;1.9501;-0.0535337;-3.06726;0.7;0.7
-1.72471;-0.858003;1.92634;-0.00549833;-0.315031;0.7;0.7
-1.79069;-0.890782;2.00001;1.91647e-05;0.00109805;0.7;0.7
-1.91285;-0.783046;2.06692;0.0730577;4.1859;0.7;0.7
-1.87484;-0.610334;1.97168;0.0738301;4.23015;0.7;0.7
-1.9861;-0.833659;2.15397;-0.0826929;-4.73796;0.7;0.7
-1.93801;-0.92887;2.14911;-0.0495317;-2.83796;0.7;0.7
-1.80488;-0.688062;1.93158;0.0827282;4.73997;0.7;0.7
-1.48469;-0.708407;1.64504;-0.0809789;-4.63975;0.7;0.7
-1.87044;-0.854189;2.05625;0.016801;0.962628;0.7;0.7
-1.78577;-0.828663;1.96867;-0.00607241;-0.347923;0.7;0.7
-1.78517;-0.674699;1.90841;0.073114;4.18912;0.7;0.7
-1.86445;-0.693069;1.9891;0.0054527;0.312417;0.7;0.7
-1.81713;-0.88522;2.02128;-0.0974174;-5.58161;0.7;0.7
-2.00974;-1.00091;2.24519;-0.00875186;-0.501445;0.7;0.7
-1.74874;-0.751452;1.90336;0.0562154;3.2209;0.7;0.7
-1.97556;-0.820591;2.1392;0.0121656;0.69704;0.7;0.7
-1.84526;-0.768507;1.99889;-0.000941674;-0.053954;0.7;0.7
-1.88884;-0.756952;2.03487;0.0134766;0.77215;0.7;0.7
-1.69693;-0.749808;1.8552;-0.0349139;-2.00042;0.7;0.7
-1.85887;-0.81562;2.02993;0.00258874;0.148324;0.7;0.7
-1.82286;-0.80164;1.99134;-0.000837484;-0.0479843;0.7;0.7
-1.65952;-0.866381;1.87207;-0.0668287;-3.829;0.7;0.7
-1.69835;-1.08229;2.01389;-0.0862221;-4.94016;0.7;0.7
-1.63378;-1.121;1.98138;-0.0339989;-1.94799;0.7;0.7
-2.01494;-1.06912;2.28101;0.113543;6.50552;0.7;0.7
-1.79537;-0.824858;1.97579;0.0571479;3.27433;0.7;0.7
-1.88282;-0.958181;2.11261;-0.0400732;-2.29602;0.7;0.7
-1.96456;-0.937873;2.17694;0.0253457;1.4522;0.7;0.7
-1.86918;-0.949771;2.09664;-0.0247223;-1.41648;0.7;0.7
-1.89737;-1.00958;2.14925;-0.0188673;-1.08102;0.7;0.7
-1.82449;-1.37703;2.28582;-0.157539;-9.02631;0.7;0.7
-1.33447;-1.41396;1.94425;-0.167783;-9.61328;0.7;0.7
-1.30266;-1.56145;2.03348;-0.0611978;-3.50638;0.7;0.7
-1.33029;-1.52254;2.02183;0.0228266;1.30787;0.7;0.7
-1.27008;-1.52884;1.98757;-0.0249018;-1.42677;0.7;0.7
-1.19336;-1.62055;2.01253;-0.0584734;-3.35028;0.7;0.7
-1.23044;-1.60727;2.02418;0.0186386;1.06791;0.7;0.7
-1.23172;-1.56231;1.98946;0.0142502;0.816479;0.7;0.7
-1.17617;-1.67024;2.04281;-0.054091;-3.09918;0.7;0.7
-1.22573;-1.75485;2.14054;-0.00382812;-0.219335;0.7;0.7
-1.24054;-1.55856;1.992;0.0625605;3.58445;0.7;0.7
-1.31216;-1.4935;1.98804;0.0485884;2.78391;0.7;0.7
-1.27266;-1.40824;1.89811;0.0140153;0.80302;0.7;0.7
-1.41717;-1.41394;2.0019;0.0516693;2.96043;0.7;0.7
-1.63957;-1.08796;1.9677;0.198408;11.3679;0.7;0.7
-1.61958;-0.936666;1.87093;0.0615082;3.52416;0.7;0.7
-1.74997;-1.23547;2.14214;-0.0903955;-5.17928;0.7;0.7
-1.84217;-0.958354;2.07655;0.135036;7.73702;0.7;0.7
-1.7183;-1.26612;2.13439;-0.155329;-8.89972;0.7;0.7
-1.78459;-1.26964;2.19014;0.0166639;0.954774;0.7;0.7
-1.63147;-1.22261;2.03874;-0.0247473;-1.41792;0.7;0.7
-1.49986;-1.50805;2.12692;-0.145009;-8.30839;0.7;0.7
-1.40232;-1.46704;2.02946;-0.0198271;-1.13601;0.7;0.7
-1.49113;-1.47496;2.09737;0.0280008;1.60433;0.7;0.7
-1.51515;-1.44791;2.09574;0.0172406;0.987811;0.7;0.7
-1.37099;-1.55305;2.07161;-0.084873;-4.86286;0.7;0.7
-1.33768;-1.45746;1.97828;0.019357;1.10908;0.7;0.7
-1.0498;-1.46959;1.80604;-0.122284;-7.00634;0.7;0.7
-1.1851;-1.68294;2.05834;-0.00675978;-0.387307;0.7;0.7
-1.26312;-1.7408;2.15078;0.0141726;0.812032;0.7;0.7
-1.08111;-1.49754;1.847;-0.00241012;-0.13809;0.7;0.7
-1.30042;-1.53921;2.015;0.0762126;4.36666;0.7;0.7
-1.62667;-1.84954;2.4631;0.0198694;1.13843;0.7;0.7
-1.63774;-1.48522;2.2109;0.112825;6.4644;0.7;0.7
-1.62822;-1.19012;2.0168;0.105414;6.03975;0.7;0.7
-1.59615;-1.22677;2.01312;-0.0241012;-1.3809;0.7;0.7
-1.60762;-1.2311;2.02486;0.0017529;0.100434;0.7;0.7
-1.2975;-1.3558;1.87662;-0.153834;-8.81403;0.7;0.7
-1.48795;-1.4998;2.11268;0.0180029;1.03149;0.7;0.7
-1.41427;-1.53508;2.08726;-0.0369756;-2.11855;0.7;0.7
-1.32607;-1.43298;1.95241;0.00221103;0.126683;0.7;0.7
-1.21238;-1.4257;1.8715;-0.0419565;-2.40393;0.7;0.7
-1.36866;-1.44143;1.98771;0.0547967;3.13962;0.7;0.7
-1.38114;-1.44775;2.00088;0.00234514;0.134367;0.7;0.7
-1.21608;-1.33385;1.80499;-0.0226089;-1.2954;0.7;0.7
-1.34538;-1.47179;1.99405;0.00131154;0.0751456;0.7;0.7
-1.31067;-1.52394;2.01004;-0.0302544;-1.73345;0.7;0.7
-1.25933;-1.5365;1.98664;-0.0237178;-1.35893;0.7;0.7
-1.25814;-1.68978;2.10672;-0.0465753;-2.66857;0.7;0.7
-1.42495;-1.55012;2.10555;0.10334;5.92095;0.7;0.7
-1.32633;-1.42636;1.94773;0.00572545;0.328044;0.7;0.7
-1.228;-1.41898;1.87657;-0.0357026;-2.04561;0.7;0.7
-1.31229;-1.49958;1.99269;0.0055172;0.316112;0.7;0.7
-1.33943;-1.62648;2.10701;-0.0299714;-1.71724;0.7;0.7
-1.29136;-1.51254;1.98882;0.0177591;1.01752;0.7;0.7
-1.35215;-1.54567;2.05363;0.0120366;0.689648;0.7;0.7
-1.3151;-1.50782;2.00076;-0.00147829;-0.0846999;0.7;0.7
-1.1558;-1.61254;1.98397;-0.0953519;-5.46326;0.7;0.7
-1.11826;-1.57032;1.9278;-0.00306589;-0.175662;0.7;0.7
-1.07204;-1.68432;1.99655;-0.0520026;-2.97953;0.7;0.7
-1.08058;-1.69918;2.01367;-0.000386851;-0.0221649;0.7;0.7
-1.03036;-1.59928;1.90245;0.005904;0.338274;0.7;0.7
-1.02877;-1.49256;1.81276;0.031151;1.78482;0.7;0.7
-1.23091;-1.51858;1.95479;0.0776689;4.4501;0.7;0.7
-1.33011;-1.51936;2.01931;0.0379268;2.17305;0.7;0.7
-1.20752;-1.41862;1.86295;-0.0138904;-0.795861;0.7;0.7
-1.31211;-1.5655;2.04265;-0.00761597;-0.436363;0.7;0.7
-1.24887;-1.49757;1.94997;-0.0024791;-0.142042;0.7;0.7
-1.28506;-1.53657;2.0031;0.00140414;0.0804513;0.7;0.7
-1.21424;-1.48352;1.91709;-0.0105852;-0.606485;0.7;0.7
-1.47566;-1.64161;2.20736;0.0463025;2.65294;0.7;0.7
-1.40192;-1.48797;2.04437;0.0234174;1.34172;0.7;0.7
-1.35556;-1.46105;1.99303;-0.00766969;-0.439441;0.7;0.7
-1.42095;-1.60193;2.14133;-0.0223618;-1.28124;0.7;0.7
-1.27947;-1.44895;1.933;-0.00223835;-0.128248;0.7;0.7
-1.33111;-1.51312;2.01528;-0.00187032;-0.107162;0.7;0.7
-1.3346;-1.50619;2.0124;0.00357542;0.204857;0.7;0.7
-1.36157;-1.48079;2.01162;0.0184126;1.05497;0.7;0.7
-1.38837;-1.46318;2.01705;0.0156887;0.898894;0.7;0.7
-1.34339;-1.40778;1.94591;0.00283019;0.162158;0.7;0.7
-1.40829;-1.40123;1.98664;0.0259107;1.48457;0.7;0.7
-1.54221;-1.40832;2.08848;0.0428359;2.45432;0.7;0.7
-1.48333;-1.39691;2.03756;-0.0153507;-0.879528;0.7;0.7
-1.58434;-1.56177;2.2247;-0.0228222;-1.30762;0.7;0.7
-1.41947;-1.39382;1.98938;0.00194373;0.111367;0.7;0.7
-1.4974;-1.4107;2.05725;0.0206868;1.18526;0.7;0.7
-1.42846;-1.35512;1.96897;-0.00346267;-0.198397;0.7;0.7
-1.46155;-1.3682;2.00202;0.00663419;0.380111;0.7;0.7
-1.59274;-1.43501;2.14385;0.0190708;1.09268;0.7;0.7
-1.51806;-1.36485;2.0414;0.00104575;0.0599172;0.7;0.7
-1.40102;-1.57598;2.10868;-0.111796;-6.40542;0.7;0.7
-1.34008;-1.51344;2.02147;-0.00197633;-0.113235;0.7;0.7
-1.32579;-1.49653;1.99934;0.000255686;0.0146497;0.7;0.7
-1.48663;-1.34964;2.00789;0.108686;6.22727;0.7;0.7
-1.46001;-1.35549;1.99223;-0.0111549;-0.639128;0.7;0.7
-1.50195;-1.43549;2.07761;-0.0144873;-0.830062;0.7;0.7
-1.44974;-1.41237;2.024;-0.00956443;-0.548002;0.7;0.7
-1.52357;-1.55254;2.17523;-0.0224725;-1.28758;0.7;0.7
-1.43361;-1.41792;2.01637;0.0149216;0.854946;0.7;0.7
-1.36718;-1.44168;1.98686;-0.0320237;-1.83482;0.7;0.7
-1.37368;-1.50483;2.03753;-0.0190133;-1.08938;0.7;0.7
-1.19581;-1.42831;1.8628;-0.0428399;-2.45455;0.7;0.7
-1.17164;-1.51395;1.91437;-0.0384064;-2.20053;0.7;0.7
-1.22479;-1.58179;2.00054;0.000256732;0.0147097;0.7;0.7
-1.2716;-1.56446;2.01606;0.0236235;1.35353;0.7;0.7
-1.27325;-1.58698;2.03462;-0.00635288;-0.363993;0.7;0.7
-1.23413;-1.54221;1.97522;-0.00126191;-0.072302;0.7;0.7
-1.14505;-1.5191;1.90231;-0.0289767;-1.66024;0.7;0.7
-1.39668;-1.73152;2.22461;0.0328568;1.88255;0.7;0.7
-1.22726;-1.5292;1.96077;-0.00247101;-0.141578;0.7;0.7
-1.0952;-1.68326;2.00819;-0.0994664;-5.699;0.7;0.7
-1.03515;-1.65101;1.94868;-0.0168059;-0.962904;0.7;0.7
-0.932359;-1.57672;1.83176;-0.0260036;-1.4899;0.7;0.7
-1.22116;-1.70991;2.10119;0.0861503;4.93605;0.7;0.7
-1.54045;-1.408;2.08697;0.210118;12.0389;0.7;0.7
-1.48329;-1.29232;1.96729;0.023808;1.3641;0.7;0.7
-1.41148;-1.36911;1.9664;-0.0534615;-3.06312;0.7;0.7
-1.48171;-1.46509;2.08373;-0.00959514;-0.549761;0.7;0.7
-1.3622;-1.41406;1.96346;-0.0243157;-1.39319;0.7;0.7
-1.3615;-1.37063;1.93192;0.0153323;0.878476;0.7;0.7
-1.41664;-1.42885;2.01208;-0.000948031;-0.0543182;0.7;0.7
-1.43248;-1.55429;2.11372;-0.0364717;-2.08967;0.7;0.7
-1.34323;-1.48298;2.00088;-0.00864382;-0.495254;0.7;0.7
-1.40641;-1.44356;2.0154;0.0363735;2.08405;0.7;0.7
-1.40174;-1.46979;2.03105;-0.0106596;-0.610749;0.7;0.7
-1.30852;-1.55382;2.0314;-0.0617955;-3.54062;0.7;0.7
-1.28765;-1.56375;2.02567;-0.0110424;-0.632681;0.7;0.7
-1.33849;-1.56023;2.05569;0.0201814;1.15631;0.7;0.7
-1.4478;-1.40511;2.01754;0.0913089;5.23161;0.7;0.7
-1.37818;-1.46215;2.00929;-0.0445148;-2.55051;0.7;0.7
-1.43746;-1.42127;2.02146;0.0352189;2.01789;0.7;0.7
-1.44439;-1.40611;2.01579;0.00776603;0.444961;0.7;0.7
-1.37434;-1.15664;1.79628;0.0723755;4.14681;0.7;0.7
-1.59594;-1.46985;2.16967;-0.0447028;-2.56128;0.7;0.7
-1.32132;-1.4207;1.94018;-0.0773293;-4.43064;0.7;0.7
-1.26326;-1.53632;1.989;-0.061;-3.49504;0.7;0.7
-1.39538;-1.84049;2.30965;-0.0394723;-2.26159;0.7;0.7
-1.06233;-1.7286;2.02895;-0.0976416;-5.59445;0.7;0.7
-1.15221;-1.60238;1.97363;0.0723485;4.14527;0.7;0.7
-1.19381;-1.75403;2.12174;-0.025813;-1.47898;0.7;0.7
-1.11947;-1.65254;1.99602;-0.00217906;-0.124851;0.7;0.7
-1.11915;-1.65037;1.99404;0.000476948;0.0273271;0.7;0.7
-0.997876;-1.73666;2.00293;-0.0743599;-4.26051;0.7;0.7
-1.02196;-1.31219;1.6632;0.140164;8.03083;0.7;0.7
-1.11616;-1.53741;1.89985;-0.0337341;-1.93282;0.7;0.7
-1.22582;-1.74595;2.13331;-0.0158325;-0.907137;0.7;0.7
-1.25649;-1.66237;2.0838;0.0350995;2.01105;0.7;0.7
-1.22934;-1.61155;2.02691;0.00443309;0.253997;0.7;0.7
-1.41832;-1.5554;2.10497;0.0876704;5.02314;0.7;0.7
-1.13717;-1.33056;1.7503;-0.0321413;-1.84156;0.7;0.7
-1.50224;-1.64597;2.22844;0.032584;1.86692;0.7;0.7
-1.22706;-1.45337;1.9021;-0.0386075;-2.21205;0.7;0.7
-1.08016;-1.28016;1.67498;-0.000299551;-0.017163;0.7;0.7
-1.28035;-1.59721;2.04704;-0.025144;-1.44065;0.7;0.7
-1.25284;-1.58711;2.02201;-0.00748912;-0.429095;0.7;0.7
-1.2146;-1.73955;2.12162;-0.058701;-3.36332;0.7;0.7
-0.914969;-1.62966;1.86895;-0.0979444;-5.6118;0.7;0.7
-1.07009;-1.83483;2.12407;0.0163917;0.939174;0.7;0.7
-0.739477;-1.53516;1.70398;-0.0790854;-4.53126;0.7;0.7
-0.794713;-1.79765;1.96548;-0.0326441;-1.87037;0.7;0.7
-0.763226;-1.89506;2.04298;-0.033381;-1.91259;0.7;0.7
-0.738096;-1.89754;2.03604;-0.0119048;-0.682094;0.7;0.7
-0.716884;-1.87321;2.0057;-0.00545714;-0.312671;0.7;0.7
-0.716715;-1.86262;1.99575;0.00181701;0.104107;0.7;0.7
-0.629521;-1.8888;1.99095;-0.0456124;-2.6134;0.7;0.7
-0.401515;-1.89879;1.94077;-0.113324;-6.49296;0.7;0.7
-0.518052;-2.07935;2.14291;0.0357812;2.05011;0.7;0.7
-0.457052;-1.85194;1.90751;-0.00221008;-0.126628;0.7;0.7
-0.287005;-1.75317;1.77651;-0.0796936;-4.5661;0.7;0.7
-0.175164;-2.01224;2.01985;-0.0754365;-4.32219;0.7;0.7
-0.162223;-1.99334;1.99993;-0.00562649;-0.322374;0.7;0.7
-0.0620038;-2.00666;2.00762;-0.0503146;-2.88282;0.7;0.7
-0.0494369;-2.00052;2.00113;-0.00618215;-0.354211;0.7;0.7
0.0536129;-2.16058;2.16125;-0.049516;-2.83706;0.7;0.7
0.0481209;-1.99934;1.99992;0.000745204;0.042697;0.7;0.7
0.0398467;-1.89718;1.8976;0.00306368;0.175536;0.7;0.7
-0.103762;-1.88394;1.8868;0.0760217;4.35572;0.7;0.7
-0.308962;-2.04507;2.06827;0.0949209;5.43857;0.7;0.7
-0.298112;-1.97669;1.99905;-0.000257018;-0.014726;0.7;0.7
-0.193673;-1.98279;1.99222;-0.0523175;-2.99757;0.7;0.7
-0.189176;-2.08905;2.09759;-0.00705813;-0.404401;0.7;0.7
-0.433021;-1.86637;1.91594;0.137669;7.88785;0.7;0.7
-0.436033;-1.73963;1.79345;0.0176085;1.00889;0.7;0.7
-0.50072;-1.93347;1.99726;0.00781997;0.448051;0.7;0.7
-0.541843;-1.86678;1.94382;0.0290859;1.6665;0.7;0.7
-0.657544;-2.08437;2.18562;0.0230902;1.32297;0.7;0.7
-0.578543;-1.87231;1.95966;-0.00589057;-0.337505;0.7;0.7
-0.490863;-1.85638;1.92018;-0.0411902;-2.36002;0.7;0.7
-0.607556;-2.12396;2.20914;0.0201062;1.152;0.7;0.7
-0.485865;-2.05627;2.11289;-0.0465799;-2.66883;0.7;0.7
-0.537349;-1.98597;2.05738;0.0322161;1.84584;0.7;0.7
-0.558342;-1.77535;1.86107;0.0404588;2.31812;0.7;0.7
-0.601384;-1.92354;2.01536;-0.00168697;-0.0966565;0.7;0.7
-0.524155;-1.75014;1.82695;-0.0120257;-0.68902;0.7;0.7
-0.546333;-1.80318;1.88412;0.00320094;0.183401;0.7;0.7
-0.566202;-1.78539;1.87302;0.0129056;0.739439;0.7;0.7
-0.622159;-1.78855;1.89367;0.0276674;1.58522;0.7;0.7
-0.715062;-1.81225;1.94822;0.0410532;2.35217;0.7;0.7
-0.879031;-1.56835;1.79789;0.135038;7.73709;0.7;0.7
-0.987326;-1.89181;2.13395;-0.0298451;-1.71;0.7;0.7
-0.729447;-1.91486;2.04909;-0.117042;-6.70602;0.7;0.7
-0.725103;-1.89274;2.02688;0.00188073;0.107758;0.7;0.7
-0.660614;-1.84274;1.95758;-0.0216265;-1.23911;0.7;0.7
-0.789643;-1.83444;1.99717;0.0622595;3.5672;0.7;0.7
-0.775423;-1.86989;2.02429;-0.0133769;-0.766442;0.7;0.7
-0.714786;-1.77494;1.91346;-0.0102654;-0.588164;0.7;0.7
-0.892124;-1.45027;1.7027;0.168639;9.66231;0.7;0.7
-1.21132;-1.4948;1.92399;0.129542;7.42223;0.7;0.7
-1.12866;-1.43061;1.82222;-0.0130642;-0.748525;0.7;0.7
-1.37617;-1.39651;1.96064;0.110106;6.30863;0.7;0.7
-1.137;-1.50249;1.88422;-0.13026;-7.46332;0.7;0.7
-1.37706;-1.52129;2.05198;0.0878711;5.03465;0.7;0.7
-1.33175;-1.49237;2.00018;-0.0070932;-0.40641;0.7;0.7
-1.56104;-1.44527;2.12735;0.0953063;5.46065;0.7;0.7
-1.50442;-1.51291;2.13359;-0.0413046;-2.36658;0.7;0.7
-1.40473;-1.42663;2.00213;-0.00491923;-0.281851;0.7;0.7
-1.46658;-1.38966;2.0204;0.0346592;1.98582;0.7;0.7
-1.4375;-1.45108;2.04256;-0.0316288;-1.8122;0.7;0.7
-1.36849;-1.60221;2.10709;-0.0738105;-4.22903;0.7;0.7
-1.12892;-1.33756;1.75029;-0.00587605;-0.336673;0.7;0.7
-1.26505;-1.65585;2.08379;-0.0486156;-2.78547;0.7;0.7
-1.16287;-1.62788;2.00056;-0.0321033;-1.83938;0.7;0.7
-1.14782;-1.64891;2.00908;-0.0121807;-0.697903;0.7;0.7
-1.14292;-1.63503;1.99489;0.00195799;0.112184;0.7;0.7
-1.03013;-1.74058;2.02257;-0.075676;-4.33592;0.7;0.7
-0.862907;-1.80993;2.00511;-0.0895059;-5.12831;0.7;0.7
-0.851646;-1.87424;2.05866;-0.0183821;-1.05322;0.7;0.7
-0.827506;-1.82084;2.00006;5.74084e-05;0.00328926;0.7;0.7
-0.856441;-1.82534;2.01628;0.0121405;0.6956;0.7;0.7
-0.669102;-1.69468;1.82199;-0.0626642;-3.5904;0.7;0.7
-0.839873;-1.60546;1.81187;0.105948;6.0704;0.7;0.7
-1.02909;-1.79102;2.06561;0.0395367;2.26529;0.7;0.7
-0.859491;-1.64078;1.85226;-0.038991;-2.23402;0.7;0.7
-0.804514;-1.78893;1.9615;-0.05991;-3.43259;0.7;0.7
-0.850572;-1.81788;2.00703;0.0150129;0.860173;0.7;0.7
-0.792567;-1.85272;2.01512;-0.0334048;-1.91395;0.7;0.7
-0.861791;-1.9155;2.10043;0.0185461;1.06261;0.7;0.7
-0.761832;-1.83262;1.98466;-0.0288025;-1.65026;0.7;0.7
-0.725194;-1.76987;1.91268;-0.00509456;-0.291897;0.7;0.7
-0.818848;-1.81324;1.98956;0.0353013;2.02261;0.7;0.7
-0.821587;-1.85405;2.02793;-0.00705252;-0.40408;0.7;0.7
-0.796156;-1.94062;2.09758;-0.0278069;-1.59322;0.7;0.7
-0.853418;-1.84813;2.03566;0.0432827;2.47992;0.7;0.7
-0.872798;-1.96177;2.14717;-0.0139956;-0.80189;0.7;0.7
-0.863204;-2.0769;2.24914;-0.0247057;-1.41553;0.7;0.7
-0.858395;-1.86972;2.05735;0.0364986;2.09122;0.7;0.7
-0.797778;-1.78769;1.95762;-0.0106583;-0.610678;0.7;0.7
-0.860559;-1.83404;2.0259;0.0189769;1.0873;0.7;0.7
-0.714143;-2.17105;2.28549;-0.120927;-6.92862;0.7;0.7
-0.639562;-1.88087;1.98664;0.00997896;0.571752;0.7;0.7
-0.669816;-1.96203;2.07322;0.00121277;0.0694868;0.7;0.7
-0.682076;-1.86011;1.98122;0.0224786;1.28793;0.7;0.7
-0.555935;-1.91629;1.99531;-0.0691029;-3.95931;0.7;0.7
-0.563904;-2.00915;2.08679;-0.00873052;-0.500222;0.7;0.7
-0.751256;-1.99811;2.13467;0.0860051;4.92773;0.7;0.7
-0.720471;-1.67284;1.82139;0.0470454;2.6955;0.7;0.7
-0.807756;-2.03262;2.18724;-0.0284176;-1.62821;0.7;0.7
-0.739137;-1.82366;1.96776;0.00680882;0.390117;0.7;0.7
-0.685028;-1.81025;1.93553;-0.0233076;-1.33543;0.7;0.7
-0.59178;-2.12631;2.20712;-0.0903178;-5.17483;0.7;0.7
-0.602672;-1.98233;2.07192;0.023698;1.35779;0.7;0.7
-0.673873;-1.91455;2.02969;0.0432902;2.48034;0.7;0.7
-0.595446;-1.88201;1.97396;-0.0320093;-1.834;0.7;0.7
-0.609072;-1.67;1.7776;0.0432997;2.48089;0.7;0.7
-0.827841;-1.97231;2.139;0.047677;2.73169;0.7;0.7
-0.900914;-1.57346;1.81313;0.122604;7.02472;0.7;0.7
-0.983986;-1.777;2.03124;-0.014298;-0.819213;0.7;0.7
-0.853088;-1.65427;1.86128;-0.0295859;-1.69514;0.7;0.7
-0.975438;-1.73164;1.98748;0.0368778;2.11294;0.7;0.7
-0.919563;-1.82321;2.04198;-0.0458648;-2.62786;0.7;0.7
-0.990814;-1.74405;2.00584;0.0495092;2.83667;0.7;0.7
-0.959325;-1.70142;1.95323;-0.00323693;-0.185462;0.7;0.7
-1.0036;-1.76017;2.02618;0.00478985;0.274438;0.7;0.7
-0.788759;-1.77278;1.94033;-0.0995681;-5.70483;0.7;0.7
-0.911516;-1.69939;1.92842;0.0736967;4.22251;0.7;0.7
-1.10643;-1.74779;2.06856;0.0720392;4.12754;0.7;0.7
-0.93084;-1.56696;1.82259;-0.0283352;-1.62349;0.7;0.7
-1.02782;-1.71166;1.99655;0.00474501;0.271869;0.7;0.7
-1.1131;-1.76049;2.08287;0.0230346;1.31979;0.7;0.7
-1.0494;-1.68328;1.9836;-0.00634077;-0.363299;0.7;0.7
-1.10881;-1.65418;1.99142;0.0330521;1.89374;0.7;0.7
-1.16962;-1.52152;1.91913;0.0648548;3.71591;0.7;0.7
-1.00089;-1.44807;1.7603;-0.0505874;-2.89845;0.7;0.7
-1.14178;-1.69925;2.04722;-0.013149;-0.753382;0.7;0.7
-1.11436;-1.70873;2.03999;-0.0137481;-0.787709;0.7;0.7
-1.10247;-1.63449;1.97154;0.0155196;0.889209;0.7;0.7
-1.04817;-1.58622;1.90125;-0.00948241;-0.543302;0.7;0.7
-0.934569;-1.67428;1.91746;-0.074817;-4.2867;0.7;0.7
-0.900968;-1.67763;1.90426;-0.0162652;-0.931929;0.7;0.7
-0.947314;-1.41282;1.70102;0.0978165;5.60447;0.7;0.7
-0.977042;-1.57828;1.85622;-0.0363467;-2.08251;0.7;0.7
-1.00281;-1.72111;1.99194;-0.0267465;-1.53246;0.7;0.7
-0.97978;-1.69809;1.96047;-0.0042384;-0.242842;0.7;0.7
-0.992517;-1.73005;1.99454;-0.00247895;-0.142034;0.7;0.7
-0.927047;-1.64691;1.8899;-0.00815698;-0.467361;0.7;0.7
-0.979672;-1.80677;2.05528;-0.01584;-0.907566;0.7;0.7
-0.953545;-1.75561;1.99785;0.000710147;0.0406884;0.7;0.7
-0.917325;-1.79358;2.01455;-0.0247981;-1.42083;0.7;0.7
-0.971628;-1.74947;2.00117;0.0342026;1.95966;0.7;0.7
-0.829078;-1.89575;2.06912;-0.0946964;-5.4257;0.7;0.7
-0.795007;-1.85746;2.02044;-0.00785527;-0.450074;0.7;0.7
-0.706389;-1.86837;1.99744;-0.0429493;-2.46081;0.7;0.7
-0.665944;-1.79765;1.91704;-0.00668943;-0.383276;0.7;0.7
-0.649431;-2.08252;2.18143;-0.0524857;-3.00721;0.7;0.7
-0.427892;-1.95465;2.00094;-0.0867815;-4.97221;0.7;0.7
-0.427663;-1.95014;1.99648;0.000371356;0.0212771;0.7;0.7
-0.338725;-1.92298;1.95259;-0.0415243;-2.37917;0.7;0.7
-0.417623;-1.95876;2.00279;0.0357052;2.04576;0.7;0.7
-0.307722;-1.91083;1.93545;-0.0503921;-2.88725;0.7;0.7
-0.308365;-1.96419;1.98825;-0.00394849;-0.226232;0.7;0.7
-0.551023;-2.05541;2.12799;0.106203;6.08501;0.7;0.7
-0.536303;-1.92555;1.99884;0.00970929;0.556301;0.7;0.7
-0.490916;-1.89232;1.95496;-0.0178052;-1.02016;0.7;0.7
-0.54061;-2.01542;2.08667;0.00823861;0.472038;0.7;0.7
-0.605545;-1.86323;1.95916;0.0521613;2.98862;0.7;0.7
-0.567666;-1.91214;1.99462;-0.0256423;-1.46919;0.7;0.7
-0.640837;-1.99361;2.09408;0.0224258;1.2849;0.7;0.7
-0.584913;-1.994;2.07802;-0.0256806;-1.47139;0.7;0.7
-0.404627;-1.96052;2.00184;-0.0818022;-4.68692;0.7;0.7
-0.347737;-2.15519;2.18306;-0.0435602;-2.49582;0.7;0.7
-0.454754;-1.99453;2.04571;0.0641986;3.67831;0.7;0.7
-0.419951;-1.96279;2.00721;-0.0133898;-0.767181;0.7;0.7
-0.421457;-2.07969;2.12197;-0.0108333;-0.620701;0.7;0.7
-0.454536;-2.04248;2.09244;0.0190275;1.0902;0.7;0.7
-0.432371;-1.97654;2.02327;-0.00361362;-0.207045;0.7;0.7
-0.447598;-1.83798;1.8917;0.0235173;1.34744;0.7;0.7
-0.57026;-1.90129;1.98497;0.0525189;3.00911;0.7;0.7
-0.547471;-1.90226;1.97948;-0.0111691;-0.639945;0.7;0.7
-0.631698;-1.93351;2.03408;0.0355522;2.03699;0.7;0.7
-0.625819;-1.94798;2.04604;-0.00492771;-0.282337;0.7;0.7
-0.673632;-1.92677;2.04113;0.0254825;1.46004;0.7;0.7
-1.01298;-1.98142;2.22535;0.136266;7.80747;0.7;0.7
-0.858198;-1.90383;2.08832;-0.0491018;-2.81332;0.7;0.7
-0.712161;-1.70079;1.84387;-0.0269545;-1.54438;0.7;0.7
-0.909839;-2.01335;2.20939;0.0278918;1.59808;0.7;0.7
-0.783843;-1.8241;1.98538;-0.0185765;-1.06436;0.7;0.7
-0.832179;-1.49602;1.7119;0.10178;5.83154;0.7;0.7
-0.959832;-1.72207;1.97149;0.000847821;0.0485766;0.7;0.7
-1.05051;-1.68854;1.98865;0.0480555;2.75338;0.7;0.7
-1.08471;-1.72224;2.03536;0.0055188;0.316204;0.7;0.7
-1.02336;-1.86756;2.12957;-0.0607787;-3.48236;0.7;0.7
-1.11284;-1.80827;2.12327;0.0503979;2.88759;0.7;0.7
-1.04444;-1.67075;1.97035;0.00701585;0.401978;0.7;0.7
-0.966857;-1.62418;1.89017;-0.0217459;-1.24595;0.7;0.7
-1.11279;-1.63193;1.97522;0.061518;3.52472;0.7;0.7
-1.12503;-1.54399;1.91039;0.0312318;1.78945;0.7;0.7
-1.10263;-1.78354;2.09686;-0.0759871;-4.35374;0.7;0.7
-0.940345;-1.85308;2.07802;-0.0841227;-4.81987;0.7;0.7
-0.863991;-1.8528;2.04435;-0.0332504;-1.90511;0.7;0.7
-0.861768;-1.87522;2.06375;-0.00556643;-0.318933;0.7;0.7
-0.811174;-1.86592;2.03462;-0.0206888;-1.18538;0.7;0.7
-0.884279;-1.75001;1.96074;0.0577941;3.31136;0.7;0.7
-0.868479;-1.63518;1.85151;0.0203554;1.16628;0.7;0.7
-0.950361;-1.78924;2.02597;2.60622e-05;0.00149326;0.7;0.7
-0.755675;-2.10827;2.23961;-0.144092;-8.25584;0.7;0.7
-0.64618;-1.92537;2.03091;-0.0203665;-1.16692;0.7;0.7
-0.679235;-1.903;2.02059;0.0190325;1.09048;0.7;0.7
-0.633979;-1.89561;1.99882;-0.0200823;-1.15063;0.7;0.7
-0.741668;-2.04174;2.17227;0.0256817;1.47146;0.7;0.7
-0.67652;-1.86739;1.98616;-0.00085954;-0.049248;0.7;0.7
-0.675361;-1.89946;2.01595;-0.00595983;-0.341473;0.7;0.7
-0.490086;-1.75571;1.82283;-0.0694041;-3.97656;0.7;0.7
-0.474063;-1.86194;1.92134;-0.0228992;-1.31203;0.7;0.7
-0.346669;-1.88604;1.91764;-0.0675318;-3.86929;0.7;0.7
-0.233264;-1.95732;1.97117;-0.0631629;-3.61897;0.7;0.7
-0.08052;-2.00739;2.009;-0.0785253;-4.49917;0.7;0.7
-0.0849438;-2.04279;2.04455;0.00146796;0.0841081;0.7;0.7
-0.40385;-1.97461;2.01549;0.160181;9.17769;0.7;0.7
-0.301008;-1.97772;2.0005;-0.0506988;-2.90483;0.7;0.7
-0.221544;-1.8754;1.88844;-0.033454;-1.91677;0.7;0.7
-0.317707;-1.90829;1.93456;0.047388;2.71513;0.7;0.7
-0.162842;-1.94646;1.95326;-0.0815083;-4.67008;0.7;0.7
-0.247471;-2.00447;2.01969;0.0393717;2.25583;0.7;0.7
-0.387061;-1.973;2.01061;0.070881;4.06118;0.7;0.7
-0.372931;-1.87412;1.91086;0.00270537;0.155006;0.7;0.7
-0.433297;-2.02315;2.06902;0.0145582;0.834126;0.7;0.7
-0.257236;-2.15941;2.17468;-0.0924182;-5.29517;0.7;0.7
-0.184115;-2.07501;2.08316;-0.0300659;-1.72265;0.7;0.7
-0.142308;-1.86693;1.87235;-0.0124199;-0.711611;0.7;0.7
-0.0703701;-1.92537;1.92666;-0.0395458;-2.26581;0.7;0.7
0.0145208;-1.91344;1.9135;-0.0441213;-2.52796;0.7;0.7
0.129816;-1.89095;1.8954;-0.0609548;-3.49245;0.7;0.7
-0.0504575;-1.99144;1.99207;0.0938753;5.37866;0.7;0.7
0.0991003;-1.94312;1.94565;-0.0762883;-4.371;0.7;0.7
0.0575061;-2.11676;2.11754;0.0237961;1.36341;0.7;0.7
0.029668;-1.97698;1.9772;0.0121548;0.696417;0.7;0.7
0.0302625;-2.05381;2.05404;0.000271902;0.0155788;0.7;0.7
-0.0438079;-1.85937;1.85989;0.0382899;2.19385;0.7;0.7
-0.0491215;-1.96784;1.96846;0.00140069;0.0802534;0.7;0.7
-0.119276;-2.09259;2.09598;0.0319809;1.83237;0.7;0.7
-0.0194238;-2.19297;2.19305;-0.0480807;-2.75482;0.7;0.7
-0.209358;-1.73832;1.75088;0.111003;6.36;0.7;0.7
-0.283808;-2.04117;2.06081;0.0182961;1.04829;0.7;0.7
-0.2722;-1.97447;1.99314;-0.00115968;-0.0664449;0.7;0.7
-0.37519;-1.73691;1.77697;0.0757455;4.3399;0.7;0.7
-0.332193;-1.84903;1.87864;-0.0349802;-2.00422;0.7;0.7
-0.265567;-1.98321;2.00091;-0.0446458;-2.55802;0.7;0.7
-0.271585;-1.97542;1.99401;0.00350941;0.201074;0.7;0.7
-0.222058;-1.90213;1.91505;-0.0204096;-1.16938;0.7;0.7
-0.451972;-1.98668;2.03744;0.107478;6.15805;0.7;0.7
-0.351197;-1.89593;1.92818;-0.0405325;-2.32234;0.7;0.7
-0.344571;-1.99113;2.02073;-0.0118055;-0.676405;0.7;0.7
-0.368304;-1.96638;2.00058;0.0137991;0.790628;0.7;0.7
-0.38251;-1.95842;1.99542;0.00773219;0.443022;0.7;0.7
-0.230154;-1.80636;1.82096;-0.0661567;-3.7905;0.7;0.7
-0.552698;-1.91916;1.99716;0.153672;8.80473;0.7;0.7
-0.489507;-1.89194;1.95424;-0.027221;-1.55965;0.7;0.7
-0.726477;-1.81677;1.95664;0.127215;7.28891;0.7;0.7
-0.735267;-1.72809;1.87801;0.0218796;1.25361;0.7;0.7
-0.831924;-1.85271;2.03092;0.0197721;1.13286;0.7;0.7
-0.627348;-1.95604;2.05418;-0.111689;-6.39933;0.7;0.7
-0.705786;-1.86586;1.99488;0.05127;2.93755;0.7;0.7
-0.803754;-1.96525;2.12326;0.0265977;1.52394;0.7;0.7
-0.77781;-1.85187;2.00858;0.0094129;0.539319;0.7;0.7
-0.922905;-2.13761;2.32833;0.00993213;0.569069;0.7;0.7
-0.833645;-1.8387;2.01886;0.0180954;1.03679;0.7;0.7
-0.808957;-1.75093;1.92877;0.00713416;0.408757;0.7;0.7
-0.955356;-1.90464;2.13081;0.0321207;1.84038;0.7;0.7
-0.632833;-1.77828;1.88752;-0.123029;-7.04903;0.7;0.7
-0.651028;-1.93659;2.04309;-0.0175894;-1.0078;0.7;0.7
-0.747379;-1.84322;1.98898;0.0609131;3.49006;0.7;0.7
-0.680529;-1.91715;2.03435;-0.0441218;-2.52799;0.7;0.7
-0.691946;-1.98136;2.09871;-0.00510794;-0.292663;0.7;0.7
-0.721719;-2.02274;2.14764;0.00673513;0.385895;0.7;0.7
-0.659801;-1.81731;1.93338;0.00554341;0.317614;0.7;0.7
-0.776233;-1.80746;1.96709;0.0573773;3.28748;0.7;0.7
-0.829841;-2.09058;2.24926;-0.0277744;-1.59135;0.7;0.7
-0.672234;-1.77437;1.89745;-0.0157207;-0.900729;0.7;0.7
-0.525246;-1.85033;1.92343;-0.0855575;-4.90209;0.7;0.7
-0.498698;-1.86025;1.92593;-0.0146677;-0.840399;0.7;0.7
-0.658666;-2.41334;2.50161;0.00451502;0.258691;0.7;0.7
-0.487774;-2.03746;2.09504;-0.0314575;-1.80238;0.7;0.7
-0.525533;-2.11762;2.18185;0.00827715;0.474246;0.7;0.7
-0.730272;-1.86336;2.00135;0.130258;7.46323;0.7;0.7
-0.889572;-1.78103;1.99083;0.0897083;5.13991;0.7;0.7
-0.887301;-1.77704;1.98625;-0.000125264;-0.00717708;0.7;0.7
-0.95778;-1.65554;1.91263;0.0613853;3.51712;0.7;0.7
-0.97023;-1.74412;1.99582;-0.0168269;-0.964113;0.7;0.7
-1.0836;-1.79293;2.09494;0.0359711;2.061;0.7;0.7
-1.10722;-1.8481;2.15439;-0.00386158;-0.221252;0.7;0.7
-1.19746;-1.7244;2.09939;0.0672076;3.85071;0.7;0.7
-1.00774;-1.66016;1.94208;-0.0614126;-3.51869;0.7;0.7
-1.03128;-1.71737;2.00322;-0.00477313;-0.27348;0.7;0.7
