#1 AntVel X	#2 AntVel Y	#3 Speed	#4 Turning Angle Rad		#5 Turning Angle Deg	#6 Detected Phero Left	#7 Detected Phero Right	
-0.755221;1.80703;1.9585;0.0131072;0.750985;0.7;0.7
-0.912794;1.99247;2.19161;-0.0337171;-1.93184;0.7;0.7
-0.692752;1.93774;2.05785;0.0862429;4.94136;0.7;0.7
-0.772451;1.62502;1.79927;-0.100388;-5.75184;0.7;0.7
-0.910379;1.63097;1.86785;-0.0653702;-3.74544;0.7;0.7
-0.77022;1.81777;1.97421;0.10832;6.20627;0.7;0.7
-0.893149;1.91344;2.11163;-0.0359332;-2.05882;0.7;0.7
-0.999606;1.76988;2.03266;-0.0774081;-4.43516;0.7;0.7
-1.09094;1.58857;1.92709;-0.0876496;-5.02195;0.7;0.7
-1.20593;1.69093;2.0769;-0.0177405;-1.01646;0.7;0.7
-1.1515;1.62252;1.9896;0.00230932;0.132314;0.7;0.7
-1.15114;1.60261;1.97319;-0.00569107;-0.326074;0.7;0.7
-1.28732;1.49663;1.97411;-0.0874557;-5.01084;0.7;0.7
-1.30482;1.61323;2.07486;0.0302522;1.73332;0.7;0.7
-1.17861;1.62044;2.00373;0.05126;2.93698;0.7;0.7
-1.18718;1.633;2.01893;0.000227532;0.0130366;0.7;0.7
-1.1971;1.56781;1.97258;-0.0235039;-1.34668;0.7;0.7
-1.27752;1.51104;1.97871;-0.0497311;-2.84938;0.7;0.7
-1.18196;1.58666;1.97851;0.0615953;3.52915;0.7;0.7
-1.03937;1.66205;1.96028;0.0813969;4.6637;0.7;0.7
-1.0117;1.73611;2.00939;0.0312239;1.789;0.7;0.7
-0.988923;1.70804;1.97367;0.00280997;0.161;0.7;0.7
-0.924921;1.75942;1.98772;0.0408285;2.3393;0.7;0.7
-1.06769;1.65645;1.97073;-0.0885495;-5.07351;0.7;0.7
-1.09143;1.64717;1.97595;-0.0126449;-0.7245;0.7;0.7
-1.2098;1.65705;2.05169;-0.0454513;-2.60417;0.7;0.7
-1.1909;1.56093;1.96335;-0.0210929;-1.20853;0.7;0.7
-1.29868;1.6975;2.13731;-0.00133329;-0.0763919;0.7;0.7
-1.053;1.60128;1.91649;0.0713681;4.08909;0.7;0.7
-1.10156;1.65179;1.98541;-0.00645823;-0.370029;0.7;0.7
-1.12927;1.9501;2.25347;0.0632587;3.62446;0.7;0.7
-0.989769;1.72983;1.99297;0.00518586;0.297128;0.7;0.7
-1.02621;1.71335;1.99717;-0.0199366;-1.14228;0.7;0.7
-1.01231;1.7095;1.98675;0.00500649;0.286851;0.7;0.7
-1.00031;1.77301;2.03573;0.0209725;1.20164;0.7;0.7
-0.922771;1.74577;1.97464;0.0274214;1.57113;0.7;0.7
-0.90253;1.73175;1.95283;0.00581058;0.332922;0.7;0.7
-0.879223;1.85038;2.04864;0.0368588;2.11185;0.7;0.7
-0.786906;1.76321;1.93084;0.0238122;1.36434;0.7;0.7
-0.609917;1.94419;2.03761;0.115776;6.63346;0.7;0.7
-0.721181;2.00358;2.12942;-0.0415184;-2.37883;0.7;0.7
-0.632195;1.98661;2.08477;0.0374126;2.14358;0.7;0.7
-0.678739;1.79977;1.9235;-0.0525378;-3.0102;0.7;0.7
-0.597564;2.07212;2.15657;0.0798685;4.57613;0.7;0.7
-0.45899;1.94742;2.00078;0.0492983;2.82458;0.7;0.7
-0.409503;2.00503;2.04642;0.0299991;1.71882;0.7;0.7
-0.407452;2.17847;2.21625;0.0165681;0.949279;0.7;0.7
-0.364911;1.96461;1.99821;0.00124968;0.0716014;0.7;0.7
-0.441079;2.00687;2.05477;-0.0326957;-1.87333;0.7;0.7
-0.391332;1.94691;1.98585;0.0179871;1.03059;0.7;0.7
-0.406231;1.92162;1.96409;-0.0099745;-0.571497;0.7;0.7
-0.379789;2.01723;2.05267;0.0222384;1.27416;0.7;0.7
-0.394667;1.87442;1.91551;-0.0214292;-1.2278;0.7;0.7
-0.347934;2.07518;2.10414;0.041404;2.37228;0.7;0.7
-0.0621863;1.75393;1.75503;0.130679;7.48735;0.7;0.7
-0.122953;1.96197;1.96581;-0.027146;-1.55535;0.7;0.7
-0.0925184;2.12907;2.13108;0.0191591;1.09774;0.7;0.7
-0.0768871;2.01419;2.01566;0.00527331;0.302138;0.7;0.7
-0.261592;1.89802;1.91596;-0.0988069;-5.66122;0.7;0.7
-0.179686;1.87599;1.88457;0.0414705;2.37608;0.7;0.7
-0.163162;2.29805;2.30383;0.0246093;1.41001;0.7;0.7
-0.123151;1.90981;1.91377;0.0064871;0.371684;0.7;0.7
-0.398432;2.2364;2.27162;-0.111914;-6.41218;0.7;0.7
-0.54955;1.92196;1.99899;-0.102192;-5.8552;0.7;0.7
-0.39114;1.93229;1.97148;0.0787759;4.51353;0.7;0.7
-0.359534;2.07486;2.10578;0.0281471;1.61271;0.7;0.7
-0.517173;2.25289;2.31148;-0.0540735;-3.09818;0.7;0.7
-0.926382;1.78867;2.01433;-0.252227;-14.4515;0.7;0.7
-0.904083;1.78066;1.99703;0.00807069;0.462417;0.7;0.7
-0.952441;1.684;1.93468;-0.0449221;-2.57384;0.7;0.7
-0.866523;1.75203;1.9546;0.055424;3.17556;0.7;0.7
-0.870438;1.73995;1.94553;-0.00455599;-0.261039;0.7;0.7
-0.88038;1.8083;2.01122;0.0107837;0.617861;0.7;0.7
-0.938109;1.90268;2.12138;-0.00499136;-0.285984;0.7;0.7
-0.84013;1.96303;2.13525;0.0536787;3.07556;0.7;0.7
-0.953522;1.55075;1.82044;-0.146899;-8.4167;0.7;0.7
-0.80625;1.7721;1.94689;0.124312;7.12253;0.7;0.7
-0.789801;1.90026;2.05785;0.0330713;1.89485;0.7;0.7
-0.947214;1.65682;1.90847;-0.125449;-7.1877;0.7;0.7
-0.823247;1.58559;1.78657;0.0404609;2.31824;0.7;0.7
-1.03469;1.40623;1.74587;-0.15545;-8.90664;0.7;0.7
-1.21888;1.62147;2.0285;-0.0102514;-0.587362;0.7;0.7
-1.14426;1.63474;1.99542;0.0338913;1.94183;0.7;0.7
-0.900723;1.58994;1.82735;0.0952711;5.45863;0.7;0.7
-0.950542;1.79002;2.02674;0.0272755;1.56277;0.7;0.7
-1.07796;1.83439;2.12768;-0.0431241;-2.47083;0.7;0.7
-1.02859;1.70313;1.98964;-0.0120321;-0.689388;0.7;0.7
-1.23345;1.48883;1.93339;-0.148548;-8.51118;0.7;0.7
-1.3941;1.45011;2.01155;-0.0738487;-4.23122;0.7;0.7
-1.22594;1.51668;1.95019;0.0859241;4.92309;0.7;0.7
-1.21359;1.46949;1.90584;-0.0105238;-0.602967;0.7;0.7
-1.35753;1.77609;2.23548;0.0376969;2.15987;0.7;0.7
-1.21945;1.60145;2.01288;0.00181395;0.103932;0.7;0.7
-1.20741;1.59312;1.99896;0.00226721;0.129902;0.7;0.7
-1.27472;1.5627;2.01667;-0.0357191;-2.04655;0.7;0.7
-1.05436;1.45402;1.79607;0.0568566;3.25764;0.7;0.7
-1.1415;1.59245;1.95932;0.00546823;0.313307;0.7;0.7
-1.19023;1.67398;2.05399;0.00384411;0.220251;0.7;0.7
-1.1137;1.53081;1.89307;-0.0108797;-0.623359;0.7;0.7
-1.21944;1.76358;2.14412;0.023995;1.37481;0.7;0.7
-0.979725;1.63497;1.90604;0.0651142;3.73077;0.7;0.7
-1.01123;1.71614;1.99192;0.00737753;0.422701;0.7;0.7
-0.820881;1.4894;1.70063;0.0287507;1.64729;0.7;0.7
-0.904889;1.74097;1.96209;0.0243927;1.3976;0.7;0.7
-0.948335;1.7736;2.01122;-0.0116839;-0.669436;0.7;0.7
-0.965896;1.83076;2.06994;0.00553869;0.317344;0.7;0.7
-0.949276;1.76591;2.00488;-0.00776296;-0.444785;0.7;0.7
-0.943348;1.66032;1.9096;-0.0234472;-1.34343;0.7;0.7
-1.01065;1.7383;2.01075;-0.00994528;-0.569823;0.7;0.7
-0.998366;1.74081;2.00678;0.00592253;0.339336;0.7;0.7
-1.03229;1.8349;2.10534;0.00825356;0.472894;0.7;0.7
-0.985019;1.80636;2.05747;0.0132242;0.757692;0.7;0.7
-0.79944;1.87229;2.03582;0.0956807;5.4821;0.7;0.7
-0.704462;2.07054;2.1871;0.0756056;4.33188;0.7;0.7
-0.620636;2.02934;2.12212;0.0311478;1.78464;0.7;0.7
-0.36818;1.85586;1.89203;0.100953;5.78418;0.7;0.7
-0.343789;1.73581;1.76953;0.000319475;0.0183045;0.7;0.7
-0.623579;1.79477;1.90001;-0.138868;-7.95655;0.7;0.7
-0.6351;1.93391;2.03553;0.0170889;0.97912;0.7;0.7
-0.589326;1.88427;1.97428;0.014182;0.81257;0.7;0.7
-0.740128;1.86725;2.00858;-0.0742531;-4.25439;0.7;0.7
-0.738395;2.06699;2.19492;0.0342733;1.96372;0.7;0.7
-0.600247;1.88475;1.97802;0.034783;1.99292;0.7;0.7
-0.590237;1.85786;1.94936;0.00070703;0.0405098;0.7;0.7
-0.616886;1.91792;2.01469;-0.00358008;-0.205123;0.7;0.7
-0.605607;1.88589;1.98074;0.000469495;0.0269001;0.7;0.7
-0.703598;1.66054;1.80345;-0.0900593;-5.16002;0.7;0.7
-0.839323;1.81939;2.00366;-0.0314455;-1.80169;0.7;0.7
-0.791927;1.70286;1.878;-0.00307685;-0.176291;0.7;0.7
-0.920989;1.79584;2.01824;-0.0385659;-2.20966;0.7;0.7
-0.91264;1.78331;2.00327;0.00085304;0.0488756;0.7;0.7
-0.908243;1.7982;2.01455;0.00530991;0.304235;0.7;0.7
-1.21481;1.89691;2.25256;-0.101901;-5.8385;0.7;0.7
-1.08898;1.69341;2.01333;-0.00188044;-0.107741;0.7;0.7
-1.02296;1.55307;1.8597;-0.0109567;-0.62777;0.7;0.7
-1.10624;1.69317;2.02252;0.00371526;0.212869;0.7;0.7
-1.11993;1.65971;2.00222;-0.0148672;-0.851827;0.7;0.7
-1.11849;1.68339;2.0211;0.00714846;0.409577;0.7;0.7
-1.09341;1.5964;1.93495;-0.0140843;-0.806973;0.7;0.7
-1.06593;1.59064;1.91477;0.0101409;0.581032;0.7;0.7
-1.1234;1.64291;1.99027;-0.00937107;-0.536923;0.7;0.7
-1.04151;1.72803;2.01763;0.0573517;3.28601;0.7;0.7
-1.015;1.67887;1.96184;-0.00136567;-0.0782472;0.7;0.7
-0.94923;1.74536;1.98679;0.0456616;2.61622;0.7;0.7
-1.1977;1.84793;2.20212;-0.0769455;-4.40865;0.7;0.7
-1.11313;1.71742;2.0466;-7.68716e-06;-0.000440442;0.7;0.7
-0.923876;1.52942;1.78681;0.0316645;1.81424;0.7;0.7
-0.76984;1.74877;1.91072;0.128715;7.3748;0.7;0.7
-0.868306;1.86362;2.05598;-0.0213269;-1.22194;0.7;0.7
-0.75905;1.89688;2.04311;0.0553751;3.17276;0.7;0.7
-0.757261;1.85307;2.00183;-0.00730074;-0.418302;0.7;0.7
-0.753685;1.76493;1.91912;-0.0156484;-0.896589;0.7;0.7
-0.568526;1.86038;1.94531;0.107008;6.13108;0.7;0.7
-0.691157;2.0758;2.18784;-0.0248298;-1.42264;0.7;0.7
-0.633945;1.89958;2.00257;-0.000693076;-0.0397103;0.7;0.7
-0.704356;1.94599;2.06954;-0.0251768;-1.44253;0.7;0.7
-0.639773;1.82473;1.93363;0.0100622;0.576521;0.7;0.7
-0.596014;2.06682;2.15104;0.0564659;3.23526;0.7;0.7
-0.42465;1.7758;1.82587;0.0460312;2.63739;0.7;0.7
-0.501584;2.03785;2.09867;-0.006613;-0.378897;0.7;0.7
-0.464908;2.02756;2.08018;0.015939;0.913235;0.7;0.7
-0.519939;1.96124;2.02899;-0.0337476;-1.9336;0.7;0.7
-0.464944;1.9595;2.01391;0.0261775;1.49986;0.7;0.7
-0.372153;2.12375;2.15612;0.0594963;3.40889;0.7;0.7
-0.368815;2.01171;2.04523;-0.00784864;-0.449694;0.7;0.7
-0.30037;1.85013;1.87436;0.0203743;1.16736;0.7;0.7
-0.421518;1.93215;1.97759;-0.0538487;-3.0853;0.7;0.7
-0.32244;1.95234;1.97878;0.0511167;2.92877;0.7;0.7
-0.504185;2.04376;2.10503;-0.0781869;-4.47978;0.7;0.7
-0.51012;1.93413;2.00027;-0.0160088;-0.917236;0.7;0.7
-0.393888;1.91648;1.95654;0.0551705;3.16104;0.7;0.7
-0.394929;1.96159;2.00095;0.00402819;0.230798;0.7;0.7
-0.43075;1.9778;2.02416;-0.0157687;-0.903482;0.7;0.7
-0.43839;1.88444;1.93476;-0.014127;-0.809418;0.7;0.7
-0.370461;1.80318;1.84084;0.0259419;1.48636;0.7;0.7
-0.350995;2.07473;2.10421;0.03504;2.00764;0.7;0.7
-0.240668;1.80199;1.81799;0.0348186;1.99496;0.7;0.7
-0.300213;2.11055;2.1318;-0.00852506;-0.48845;0.7;0.7
-0.180835;1.85757;1.86635;0.0442513;2.53541;0.7;0.7
-0.20687;2.06648;2.07681;-0.00273036;-0.156438;0.7;0.7
-0.186386;2.24743;2.25514;0.017031;0.975804;0.7;0.7
-0.115986;2.08255;2.08578;0.0271073;1.55314;0.7;0.7
0.110182;2.18255;2.18532;0.106077;6.07775;0.7;0.7
-0.107446;1.90941;1.91243;-0.106653;-6.11076;0.7;0.7
-0.00287599;1.9856;1.9856;0.0547642;3.13775;0.7;0.7
0.0889539;2.0266;2.02855;0.0453134;2.59627;0.7;0.7
0.218595;1.93729;1.94958;0.0684956;3.92451;0.7;0.7
0.154564;1.98806;1.99406;-0.0347702;-1.99219;0.7;0.7
0.223519;1.9113;1.92432;0.0388269;2.22462;0.7;0.7
0.257546;1.82146;1.83958;0.0240468;1.37778;0.7;0.7
0.266265;1.91004;1.92851;-0.00195426;-0.111971;0.7;0.7
0.136474;1.97876;1.98346;-0.0696496;-3.99063;0.7;0.7
0.20731;2.20312;2.21286;0.0249618;1.43021;0.7;0.7
0.153566;1.8994;1.9056;-0.0131479;-0.753319;0.7;0.7
0.189252;2.00489;2.0138;0.013442;0.770173;0.7;0.7
0.255084;2.01556;2.03163;0.0317722;1.82041;0.7;0.7
0.14666;1.88021;1.88592;-0.0480441;-2.75272;0.7;0.7
0.232005;1.94825;1.96201;0.0406814;2.33087;0.7;0.7
0.145533;2.05694;2.06208;-0.047891;-2.74395;0.7;0.7
0.428374;1.90441;1.952;0.15062;8.62991;0.7;0.7
0.601239;1.9948;2.08344;0.0714887;4.096;0.7;0.7
0.608629;1.95696;2.04942;0.00878077;0.503101;0.7;0.7
0.580619;1.92139;2.00721;-0.00806293;-0.461972;0.7;0.7
0.620354;2.00044;2.09442;0.00724405;0.415053;0.7;0.7
0.736143;1.89416;2.03218;0.0699677;4.00886;0.7;0.7
0.746455;1.80885;1.95682;0.0207058;1.18636;0.7;0.7
0.848623;1.74039;1.93627;0.062303;3.5697;0.7;0.7
1.0297;1.79634;2.07054;0.0668123;3.82806;0.7;0.7
0.940021;1.9967;2.20691;-0.080489;-4.61168;0.7;0.7
1.22319;1.71205;2.10412;0.18036;10.3339;0.7;0.7
1.22035;1.74861;2.13234;-0.0110505;-0.633148;0.7;0.7
1.33663;1.51436;2.01987;0.113826;6.52173;0.7;0.7
1.33155;1.53712;2.03366;-0.00927805;-0.531593;0.7;0.7
1.50894;1.67764;2.25641;0.018647;1.06839;0.7;0.7
1.25992;1.61937;2.05177;-0.0713057;-4.08552;0.7;0.7
1.26341;1.53461;1.98777;0.0275738;1.57986;0.7;0.7
1.13557;1.58589;1.95053;-0.0673643;-3.85969;0.7;0.7
1.18231;1.62917;2.01297;0.00636289;0.364567;0.7;0.7
1.05728;1.67182;1.97808;-0.0638614;-3.65899;0.7;0.7
0.933237;1.71634;1.95365;-0.0658937;-3.77543;0.7;0.7
1.17844;1.75868;2.117;0.0923337;5.29033;0.7;0.7
1.13941;1.69174;2.03966;0.00237162;0.135884;0.7;0.7
0.91291;1.68074;1.91266;-0.0951488;-5.45162;0.7;0.7
0.835137;1.72909;1.92021;-0.0476284;-2.7289;0.7;0.7
0.900603;1.57191;1.81163;0.0703311;4.02968;0.7;0.7
1.14288;1.41844;1.82157;0.157945;9.04958;0.7;0.7
1.24095;1.54786;1.9839;-0.00243571;-0.139556;0.7;0.7
1.23393;1.55453;1.98473;-0.00486374;-0.278672;0.7;0.7
1.30954;1.49748;1.98931;0.0476204;2.72845;0.7;0.7
1.30342;1.57483;2.04426;-0.0271658;-1.55649;0.7;0.7
1.33954;1.40878;1.94397;0.0688272;3.94351;0.7;0.7
1.40716;1.43741;2.01153;0.0145583;0.834128;0.7;0.7
1.4074;1.58468;2.11943;-0.0485492;-2.78167;0.7;0.7
1.33158;1.5612;2.05193;-0.0200295;-1.14761;0.7;0.7
1.14192;1.72251;2.06665;-0.120768;-6.91951;0.7;0.7
1.07498;1.67952;1.99408;-0.0160694;-0.92071;0.7;0.7
0.924094;1.93324;2.14275;-0.123454;-7.07341;0.7;0.7
0.725618;1.63741;1.79099;-0.0287533;-1.64744;0.7;0.7
0.260327;1.89583;1.91362;-0.280679;-16.0817;0.7;0.7
-0.0549238;2.12506;2.12577;-0.162302;-9.29924;0.7;0.7
-0.325233;2.22444;2.24809;-0.11934;-6.83768;0.7;0.7
-0.180772;1.73306;1.74247;0.041248;2.36334;0.7;0.7
-0.323243;2.06925;2.09434;-0.0510285;-2.92372;0.7;0.7
-0.310299;1.97845;2.00263;-0.000611595;-0.0350418;0.7;0.7
-0.255499;1.98714;2.0035;0.027698;1.58698;0.7;0.7
-0.241478;1.71263;1.72957;-0.0122008;-0.699054;0.7;0.7
-0.228057;1.99338;2.00639;0.0261631;1.49904;0.7;0.7
-0.571376;1.99883;2.07889;-0.164518;-9.42618;0.7;0.7
-0.493656;1.99994;2.05996;0.0364312;2.08735;0.7;0.7
-0.575419;1.93676;2.02044;-0.0467987;-2.68137;0.7;0.7
-0.573283;1.92044;2.00418;-0.00129796;-0.0743679;0.7;0.7
-0.588821;2.09446;2.17566;0.0160371;0.918857;0.7;0.7
-0.521891;1.70178;1.78001;-0.0235091;-1.34697;0.7;0.7
-0.635831;1.96073;2.06124;-0.0160164;-0.917672;0.7;0.7
-0.580351;1.99086;2.07372;0.0299358;1.7152;0.7;0.7
-0.445503;1.74768;1.80357;0.0340521;1.95104;0.7;0.7
-0.519251;2.05626;2.12081;0.00224501;0.12863;0.7;0.7
-0.602304;2.02013;2.10801;-0.0424093;-2.42988;0.7;0.7
-0.35384;2.02722;2.05787;0.116956;6.70108;0.7;0.7
-0.365609;1.95854;1.99237;-0.0117467;-0.673034;0.7;0.7
-0.490718;1.71452;1.78336;-0.09421;-5.39784;0.7;0.7
-0.551457;1.92769;2.00501;0.000130772;0.0074927;0.7;0.7
-0.481733;1.9893;2.04679;0.0410414;2.3515;0.7;0.7
-0.437677;1.96378;2.01196;0.0182979;1.04839;0.7;0.7
-0.404768;1.95878;2.00016;0.0155154;0.88897;0.7;0.7
-0.304579;1.99221;2.01536;0.0520645;2.98308;0.7;0.7
-0.489484;1.85908;1.92244;-0.10574;-6.05843;0.7;0.7
-0.332098;1.98701;2.01457;0.0918464;5.26241;0.7;0.7
-0.360977;2.08308;2.11413;-0.00598187;-0.342736;0.7;0.7
-0.283162;2.05892;2.0783;0.0349136;2.0004;0.7;0.7
-0.364912;2.00898;2.04186;-0.0430087;-2.46421;0.7;0.7
-0.415546;1.92316;1.96754;-0.0331226;-1.89779;0.7;0.7
-0.404645;1.98436;2.0252;0.0116446;0.667185;0.7;0.7
-0.438899;2.12326;2.16815;-0.00267989;-0.153546;0.7;0.7
-0.440956;1.97798;2.02654;-0.0155065;-0.888456;0.7;0.7
-0.435459;1.97057;2.01811;0.00185869;0.106495;0.7;0.7
-0.342054;2.03128;2.05988;0.0506582;2.9025;0.7;0.7
-0.422158;2.04693;2.09001;-0.0365599;-2.09473;0.7;0.7
-0.246801;1.71481;1.73248;0.060446;3.4633;0.7;0.7
-0.274855;2.05639;2.07468;0.0100711;0.577033;0.7;0.7
-0.151342;1.93063;1.93655;0.0546412;3.13071;0.7;0.7
-0.136086;1.99309;1.99773;0.0100567;0.576205;0.7;0.7
-0.230379;2.01702;2.03014;-0.0455515;-2.60991;0.7;0.7
-0.318502;2.15298;2.17641;-0.0331456;-1.8991;0.7;0.7
-0.438823;1.83164;1.88347;-0.0882774;-5.05792;0.7;0.7
-0.632684;1.78176;1.89076;-0.106054;-6.07643;0.7;0.7
-0.705293;1.91468;2.04045;-0.0117362;-0.672437;0.7;0.7
-0.540859;1.75946;1.84071;0.0547044;3.13433;0.7;0.7
-0.497186;1.94387;2.00645;0.0478305;2.74048;0.7;0.7
-0.579629;2.09335;2.17212;-0.0197199;-1.12987;0.7;0.7
-0.213846;1.72127;1.73451;0.146519;8.39492;0.7;0.7
-0.265407;2.1273;2.14379;-0.000517454;-0.0296479;0.7;0.7
-0.201161;1.90577;1.91636;0.018957;1.08616;0.7;0.7
0.0421954;1.66317;1.66371;0.130529;7.47877;0.7;0.7
-0.0864417;1.94864;1.95055;-0.0696959;-3.99328;0.7;0.7
0.110728;2.08669;2.08963;0.0973452;5.57747;0.7;0.7
0.0671853;2.04956;2.05066;-0.0202457;-1.15999;0.7;0.7
-0.0490114;1.94846;1.94907;-0.0579172;-3.31841;0.7;0.7
0.00378785;2.0164;2.0164;0.0270272;1.54854;0.7;0.7
0.0230551;1.96014;1.96028;0.00988289;0.566248;0.7;0.7
0.126721;1.98582;1.98986;0.0519653;2.97739;0.7;0.7
0.119336;1.71552;1.71966;0.00572412;0.327968;0.7;0.7
0.135039;1.99425;1.99882;-0.00184006;-0.105428;0.7;0.7
0.112951;2.01629;2.01945;-0.0116502;-0.667508;0.7;0.7
0.146123;1.96795;1.97336;0.0181548;1.0402;0.7;0.7
0.19421;1.88008;1.89008;0.0288186;1.65118;0.7;0.7
0.113261;1.94507;1.94836;-0.0447698;-2.56512;0.7;0.7
0.0961633;1.97527;1.97761;-0.009519;-0.545399;0.7;0.7
0.0954277;1.99778;2.00006;-0.000914605;-0.052403;0.7;0.7
0.160529;1.9626;1.96915;0.033882;1.9413;0.7;0.7
0.286501;2.04776;2.0677;0.0573946;3.28847;0.7;0.7
0.216653;1.85442;1.86703;-0.0227036;-1.30082;0.7;0.7
0.168474;2.00272;2.00979;-0.0323783;-1.85514;0.7;0.7
0.28147;1.888;1.90886;0.0640688;3.67087;0.7;0.7
0.30583;1.93185;1.95591;0.00901252;0.51638;0.7;0.7
0.292313;1.83931;1.86239;0.000600477;0.0344048;0.7;0.7
0.187985;1.85513;1.86463;-0.056619;-3.24403;0.7;0.7
0.28495;2.00041;2.0206;0.0405061;2.32083;0.7;0.7
0.193306;2.07659;2.08557;-0.0486735;-2.78878;0.7;0.7
0.108807;2.10816;2.11096;-0.0412542;-2.36369;0.7;0.7
0.0978403;1.99021;1.99261;-0.00244511;-0.140094;0.7;0.7
-0.20654;1.80793;1.81969;-0.162869;-9.33172;0.7;0.7
-0.0246534;1.77822;1.77839;0.0998847;5.72297;0.7;0.7
-0.0618122;1.99636;1.99731;-0.0170894;-0.979149;0.7;0.7
0.0152168;2.0166;2.01665;0.0384982;2.20578;0.7;0.7
0.0613044;2.07413;2.07504;0.0220024;1.26064;0.7;0.7
0.0946544;2.21155;2.21358;0.0132258;0.757782;0.7;0.7
0.0605641;2.00327;2.00419;-0.0125504;-0.719086;0.7;0.7
0.10918;1.91823;1.92133;0.0266325;1.52593;0.7;0.7
-0.10569;2.06664;2.06934;-0.107952;-6.18522;0.7;0.7
-0.126111;2.06322;2.06707;-0.00995066;-0.570131;0.7;0.7
-0.125881;2.08529;2.08908;0.000754239;0.0432147;0.7;0.7
-0.0358873;2.10408;2.10439;0.0432385;2.47739;0.7;0.7
0.0708001;2.00186;2.00311;0.0524068;3.00269;0.7;0.7
0.146198;1.96622;1.97165;0.038866;2.22686;0.7;0.7
0.33463;1.96368;1.99199;0.0945697;5.41845;0.7;0.7
0.332094;1.95718;1.98515;-0.000709045;-0.0406253;0.7;0.7
0.199202;1.95229;1.96243;-0.066396;-3.80421;0.7;0.7
0.215973;2.07084;2.08207;0.00223363;0.127978;0.7;0.7
0.148297;2.01382;2.01927;-0.0304099;-1.74236;0.7;0.7
-0.041535;1.80813;1.8086;-0.0964741;-5.52756;0.7;0.7
-0.0255411;1.91458;1.91475;0.00962774;0.551629;0.7;0.7
0.0243524;1.99127;1.99142;0.0255685;1.46497;0.7;0.7
-0.0371198;1.95941;1.95976;-0.031171;-1.78597;0.7;0.7
0.0909469;1.86941;1.87162;0.0675538;3.87055;0.7;0.7
0.149491;2.02154;2.02706;0.0252029;1.44402;0.7;0.7
0.408984;1.90422;1.94765;0.137749;7.89242;0.7;0.7
0.585207;1.81994;1.91171;0.0995477;5.70366;0.7;0.7
0.673538;1.95638;2.06907;0.0204571;1.17211;0.7;0.7
0.549287;1.7577;1.84152;-0.0286799;-1.64324;0.7;0.7
0.688632;1.75292;1.88333;0.0714379;4.09309;0.7;0.7
0.80455;1.90405;2.06705;0.0254643;1.459;0.7;0.7
0.750455;1.86452;2.00988;-0.0171385;-0.981964;0.7;0.7
0.759526;1.92091;2.06562;-0.00611906;-0.350596;0.7;0.7
0.962661;1.91791;2.14595;0.088659;5.07979;0.7;0.7
0.789839;1.75466;1.92423;-0.0422233;-2.41922;0.7;0.7
0.863239;1.83045;2.02379;0.0177019;1.01424;0.7;0.7
0.746906;1.68256;1.84089;-0.0228921;-1.31162;0.7;0.7
0.777947;1.7925;1.95404;-0.0083087;-0.476053;0.7;0.7
0.921032;1.93867;2.14633;0.0340479;1.9508;0.7;0.7
0.814069;1.83858;2.01075;-0.0266931;-1.5294;0.7;0.7
0.801649;1.68954;1.87008;0.0261967;1.50096;0.7;0.7
0.974567;1.7404;1.99469;0.0674417;3.86412;0.7;0.7
1.00152;1.49358;1.79829;0.0802233;4.59646;0.7;0.7
1.00681;1.62089;1.90813;-0.0348647;-1.9976;0.7;0.7
1.1245;1.83914;2.15568;-0.00704165;-0.403457;0.7;0.7
0.907262;1.98176;2.17957;-0.119454;-6.84423;0.7;0.7
0.760105;1.6341;1.80223;0.00605714;0.347049;0.7;0.7
0.815556;1.81009;1.98533;-0.0120624;-0.691125;0.7;0.7
0.872591;1.84737;2.04308;0.0179578;1.0289;0.7;0.7
0.726893;1.88194;2.01744;-0.0726845;-4.16452;0.7;0.7
0.712403;1.90597;2.03476;-0.0108989;-0.624463;0.7;0.7
0.713331;1.82488;1.95934;0.0149353;0.855729;0.7;0.7
1.10229;1.83194;2.138;0.169044;9.68553;0.7;0.7
1.05949;1.67034;1.97802;0.023583;1.35121;0.7;0.7
1.08262;1.56475;1.90276;0.0399978;2.2917;0.7;0.7
1.11595;1.57945;1.93391;0.00984904;0.564309;0.7;0.7
1.14203;1.6145;1.97759;0.000542127;0.0310616;0.7;0.7
1.34566;1.50323;2.01755;0.114498;6.56025;0.7;0.7
1.28688;1.61634;2.06606;-0.0577435;-3.30846;0.7;0.7
1.25391;1.48483;1.94345;0.0288791;1.65465;0.7;0.7
1.18337;1.65092;2.03123;-0.0793708;-4.54761;0.7;0.7
1.16193;1.62173;1.99502;-0.000210505;-0.0120611;0.7;0.7
1.24182;1.73928;2.13711;-0.00164918;-0.094491;0.7;0.7
1.123;1.55454;1.91774;0.00555303;0.318165;0.7;0.7
0.920949;1.25906;1.55993;0.00592419;0.339431;0.7;0.7
1.28708;1.57662;2.03527;0.0531069;3.0428;0.7;0.7
1.17207;1.59358;1.97819;-0.0504809;-2.89234;0.7;0.7
1.18849;1.58931;1.98454;0.00794021;0.454941;0.7;0.7
1.12972;1.62036;1.9753;-0.0332456;-1.90483;0.7;0.7
1.07651;1.61685;1.94244;-0.0214418;-1.22852;0.7;0.7
1.17205;1.68209;2.05015;0.0211584;1.21229;0.7;0.7
1.33536;1.64177;2.11627;0.0742756;4.25568;0.7;0.7
1.2714;1.60739;2.04943;-0.0136252;-0.780665;0.7;0.7
1.25369;1.65654;2.07746;-0.0213693;-1.22437;0.7;0.7
1.27193;1.63185;2.06899;0.0142346;0.815584;0.7;0.7
1.34755;1.64693;2.12797;0.0236699;1.35618;0.7;0.7
1.36113;1.4442;1.98454;0.0700456;4.01332;0.7;0.7
1.31392;1.48269;1.9811;-0.0306729;-1.75743;0.7;0.7
1.3862;1.46434;2.01639;0.0328707;1.88335;0.7;0.7
1.37396;1.42786;1.98155;0.00817063;0.468142;0.7;0.7
1.48702;1.33308;1.99708;0.073766;4.22648;0.7;0.7
1.49781;1.37249;2.03155;-0.0108988;-0.624457;0.7;0.7
1.38806;1.54914;2.08003;-0.0984187;-5.63898;0.7;0.7
1.28903;1.48461;1.96613;-0.0156114;-0.894467;0.7;0.7
1.31432;1.51063;2.00236;0.00101807;0.0583312;0.7;0.7
1.26997;1.54792;2.00222;-0.0289392;-1.65809;0.7;0.7
1.36183;1.81989;2.27301;-0.0446654;-2.55914;0.7;0.7
1.22296;1.68151;2.07921;-0.0136001;-0.779226;0.7;0.7
1.07755;1.60297;1.93148;-0.0369761;-2.11857;0.7;0.7
1.11997;1.65524;1.99854;0.00302607;0.173381;0.7;0.7
1.08206;1.66668;1.98713;-0.0190287;-1.09026;0.7;0.7
1.09415;1.66359;1.99115;0.00593844;0.340248;0.7;0.7
1.31657;1.61399;2.08286;0.102483;5.87187;0.7;0.7
1.0354;1.35264;1.70343;-0.0309343;-1.77241;0.7;0.7
1.2577;1.31947;1.82286;0.10811;6.19427;0.7;0.7
1.36954;1.52236;2.04774;-0.0288305;-1.65187;0.7;0.7
1.33705;1.48624;1.99915;-1.72241e-06;-9.86868e-05;0.7;0.7
1.27568;1.55293;2.00971;-0.0449083;-2.57305;0.7;0.7
1.26268;1.63042;2.06219;-0.0287253;-1.64584;0.7;0.7
1.22674;1.5788;1.99937;0.00159645;0.0914698;0.7;0.7
1.225;1.58048;1.99963;-0.00120252;-0.0688992;0.7;0.7
1.2274;1.57658;1.99803;0.00214456;0.122874;0.7;0.7
0.990369;1.49929;1.79686;-0.0777448;-4.45445;0.7;0.7
1.21646;1.73639;2.1201;0.0273464;1.56683;0.7;0.7
0.916442;1.6633;1.89906;-0.107515;-6.16017;0.7;0.7
1.12658;1.75682;2.08701;0.0666142;3.81671;0.7;0.7
1.07835;1.69774;2.01126;-0.00432765;-0.247956;0.7;0.7
0.999075;1.721;1.98997;-0.0399052;-2.2864;0.7;0.7
0.975358;1.73737;1.99243;-0.0144215;-0.826291;0.7;0.7
1.13194;1.63849;1.99147;0.0930016;5.3286;0.7;0.7
1.26983;1.4458;1.92427;0.116135;6.65403;0.7;0.7
1.28691;1.47348;1.95634;-0.00277593;-0.159049;0.7;0.7
1.31801;1.49226;1.99098;0.0055585;0.318479;0.7;0.7
1.32683;1.49366;1.99787;0.00284678;0.163108;0.7;0.7
1.39852;1.19717;1.84094;0.136495;7.82061;0.7;0.7
1.58063;1.33698;2.07025;0.00589941;0.338011;0.7;0.7
1.67658;1.37901;2.17085;0.0137664;0.788755;0.7;0.7
1.53349;1.26981;1.99098;-0.00329598;-0.188846;0.7;0.7
1.516;1.24097;1.95915;0.00564455;0.323409;0.7;0.7
1.42084;1.28486;1.91564;-0.0492131;-2.81971;0.7;0.7
1.54593;1.42306;2.10119;-0.00885376;-0.507283;0.7;0.7
1.59446;1.23864;2.01904;0.0835783;4.78868;0.7;0.7
1.63698;1.30688;2.09467;-0.0132738;-0.760531;0.7;0.7
1.56564;1.25307;2.00535;-0.00122888;-0.0704094;0.7;0.7
1.62311;1.19705;2.01679;0.039503;2.26336;0.7;0.7
1.58546;1.07359;1.91475;0.0402307;2.30505;0.7;0.7
1.68272;1.1536;2.04018;-0.00574035;-0.328898;0.7;0.7
1.57172;1.3273;2.05719;-0.100321;-5.74795;0.7;0.7
1.77977;1.27146;2.18728;0.0809635;4.63887;0.7;0.7
1.65594;1.27595;2.0905;-0.0361902;-2.07355;0.7;0.7
1.62297;1.19729;2.01681;0.0209219;1.19874;0.7;0.7
1.5672;1.13152;1.93299;0.0102496;0.587256;0.7;0.7
1.93093;1.2936;2.3242;0.0350771;2.00977;0.7;0.7
1.65638;1.00154;1.93563;0.0464273;2.66009;0.7;0.7
1.73948;1.10194;2.05914;-0.0208424;-1.19418;0.7;0.7
1.71564;1.24351;2.1189;-0.0624991;-3.58094;0.7;0.7
1.61276;1.18092;1.99889;-0.0048544;-0.278136;0.7;0.7
1.84974;1.20964;2.21015;0.0528862;3.03016;0.7;0.7
1.63218;1.11178;1.97486;-0.0188242;-1.07855;0.7;0.7
1.58874;1.06481;1.91257;0.00751286;0.430455;0.7;0.7
1.79813;1.01042;2.06257;0.0785031;4.4979;0.7;0.7
1.7099;0.798642;1.88721;0.0749974;4.29703;0.7;0.7
1.86764;0.704013;1.99592;0.076476;4.38175;0.7;0.7
1.71726;0.778031;1.88529;-0.0649187;-3.71957;0.7;0.7
1.84633;0.844051;2.03011;-0.00338431;-0.193907;0.7;0.7
2.01919;0.777527;2.16372;0.0612167;3.50746;0.7;0.7
1.84337;0.531616;1.9185;0.0867939;4.97292;0.7;0.7
1.95995;0.244302;1.97511;0.156767;8.98208;0.7;0.7
1.92165;0.25786;1.93887;-0.009382;-0.537549;0.7;0.7
1.97951;0.276366;1.99871;-0.00532642;-0.305181;0.7;0.7
1.95566;0.173143;1.96331;0.0504123;2.88841;0.7;0.7
1.94876;0.238321;1.96328;-0.0333854;-1.91284;0.7;0.7
1.86261;0.290629;1.88515;-0.0330955;-1.89623;0.7;0.7
1.91327;0.444514;1.96423;-0.0734978;-4.21111;0.7;0.7
1.98787;0.436155;2.03516;0.0122968;0.704553;0.7;0.7
2.22349;0.221509;2.23449;0.116691;6.6859;0.7;0.7
1.91316;0.316061;1.9391;-0.0644294;-3.69153;0.7;0.7
2.04357;0.330591;2.07013;0.00334212;0.191489;0.7;0.7
2.02054;0.475427;2.07572;-0.0707106;-4.05142;0.7;0.7
1.96606;0.708303;2.08976;-0.114697;-6.57166;0.7;0.7
1.83748;0.667653;1.95501;-0.00273102;-0.156476;0.7;0.7
1.72231;0.958252;1.97094;-0.159205;-9.12175;0.7;0.7
2.07733;0.873319;2.25344;0.109754;6.28845;0.7;0.7
1.78478;0.694413;1.91511;0.0269177;1.54227;0.7;0.7
1.87791;0.786415;2.03593;-0.0255292;-1.46272;0.7;0.7
1.84808;0.78464;2.00775;-0.00492346;-0.282093;0.7;0.7
1.87113;0.83114;2.04742;-0.0165069;-0.945777;0.7;0.7
2.02395;0.83626;2.18991;0.0261946;1.50084;0.7;0.7
1.62877;0.848082;1.83634;-0.0882422;-5.05591;0.7;0.7
1.58295;0.922543;1.83216;-0.0476161;-2.7282;0.7;0.7
1.97801;1.12053;2.27335;0.0122616;0.70254;0.7;0.7
1.82797;0.88625;2.03148;0.0639794;3.66575;0.7;0.7
1.80779;0.851618;1.99834;0.0111889;0.641074;0.7;0.7
1.91216;1.07174;2.19203;-0.0706093;-4.04561;0.7;0.7
1.85257;1.02377;2.11663;0.00600139;0.343854;0.7;0.7
1.96051;1.27918;2.34092;-0.0732562;-4.19727;0.7;0.7
1.68203;1.11363;2.01727;-0.00670808;-0.384345;0.7;0.7
1.6206;1.07867;1.94676;-0.00244466;-0.140069;0.7;0.7
1.70977;1.06345;2.01352;0.030835;1.76672;0.7;0.7
1.86139;0.959035;2.09392;0.0806747;4.62232;0.7;0.7
1.62695;0.937065;1.87751;-0.0468053;-2.68174;0.7;0.7
1.69804;1.03983;1.99113;-0.0269072;-1.54167;0.7;0.7
1.70986;0.966938;1.96433;0.0347957;1.99365;0.7;0.7
1.55294;0.908909;1.79937;-0.0148578;-0.851288;0.7;0.7
1.79828;1.36416;2.25715;-0.119446;-6.84376;0.7;0.7
1.65405;1.03935;1.9535;0.0879572;5.03957;0.7;0.7
1.72863;1.07706;2.03672;0.00380556;0.218042;0.7;0.7
1.72751;1.13084;2.06472;-0.0223934;-1.28305;0.7;0.7
1.56759;1.11982;1.92649;-0.0406928;-2.33152;0.7;0.7
1.75949;1.11707;2.08414;0.0546257;3.12982;0.7;0.7
1.65546;1.00297;1.93559;0.0209601;1.20093;0.7;0.7
1.69754;1.0671;2.00508;-0.0164813;-0.944309;0.7;0.7
1.5873;1.3336;2.07317;-0.137566;-7.88198;0.7;0.7
1.42167;1.2424;1.88804;-0.0194469;-1.11423;0.7;0.7
1.55642;1.3043;2.03067;0.0207156;1.18692;0.7;0.7
1.39619;1.21754;1.8525;-0.0196619;-1.12654;0.7;0.7
1.67783;1.28383;2.11266;0.0640121;3.66762;0.7;0.7
1.51303;1.28032;1.98204;-0.0491424;-2.81565;0.7;0.7
1.4758;1.33399;1.98935;-0.0326867;-1.87281;0.7;0.7
1.44966;1.33793;1.9727;-0.0103685;-0.594071;0.7;0.7
1.49148;1.34794;2.01034;0.0104481;0.59863;0.7;0.7
1.53735;1.31941;2.0259;0.0256346;1.46875;0.7;0.7
1.53092;1.47101;2.1231;-0.0561878;-3.21932;0.7;0.7
1.39613;1.38759;1.9684;-0.0168858;-0.967487;0.7;0.7
1.42452;1.40511;2.00089;0.00379127;0.217224;0.7;0.7
1.38442;1.55167;2.0795;-0.0637622;-3.6533;0.7;0.7
1.37419;1.39162;1.95576;0.0505998;2.89915;0.7;0.7
1.55473;1.30313;2.02863;0.0941158;5.39244;0.7;0.7
1.24679;1.34285;1.83241;-0.12489;-7.15565;0.7;0.7
1.37592;1.41262;1.97196;0.0239155;1.37026;0.7;0.7
1.21668;1.35816;1.82343;-0.0417328;-2.39111;0.7;0.7
1.3372;1.49758;2.0077;-0.00162034;-0.0928384;0.7;0.7
1.33338;1.56032;2.05244;-0.0217529;-1.24635;0.7;0.7
1.29863;1.5497;2.02189;-0.00965165;-0.552999;0.7;0.7
1.50397;1.64682;2.23024;0.0426109;2.44143;0.7;0.7
1.33975;1.46672;1.98651;9.56055e-05;0.00547779;0.7;0.7
1.3528;1.45593;1.98741;0.00851157;0.487677;0.7;0.7
1.14899;1.4979;1.88783;-0.0943609;-5.40648;0.7;0.7
1.34547;1.48582;2.00449;0.0815315;4.67141;0.7;0.7
1.34777;1.4842;2.00483;0.00139091;0.0796933;0.7;0.7
1.33563;1.56004;2.05369;-0.0292023;-1.67317;0.7;0.7
1.30539;1.60244;2.06685;-0.0244617;-1.40155;0.7;0.7
1.03723;1.48079;1.80792;-0.0725598;-4.15737;0.7;0.7
1.02777;1.92011;2.17787;-0.119575;-6.85114;0.7;0.7
1.1344;1.62073;1.97829;0.119218;6.83069;0.7;0.7
1.21221;1.63677;2.03678;0.0267856;1.5347;0.7;0.7
1.19546;1.59404;1.99251;0.00600998;0.344346;0.7;0.7
1.22333;1.68203;2.07984;-0.0146619;-0.840065;0.7;0.7
1.22772;1.54623;1.97437;0.0422668;2.42171;0.7;0.7
1.22958;1.46543;1.91295;0.0270304;1.54873;0.7;0.7
1.46398;1.47276;2.0766;0.0843;4.83003;0.7;0.7
1.39064;1.46177;2.01759;-0.0219417;-1.25717;0.7;0.7
1.40954;1.48596;2.04814;-0.00145711;-0.0834864;0.7;0.7
1.4044;1.35853;1.95395;0.0429892;2.4631;0.7;0.7
1.47413;1.39218;2.02761;0.0119824;0.686538;0.7;0.7
1.52889;1.49893;2.1411;-0.0186893;-1.07082;0.7;0.7
1.57838;1.38272;2.09838;0.056085;3.21343;0.7;0.7
1.49689;1.33622;2.00653;-0.00932684;-0.534389;0.7;0.7
1.5761;1.35801;2.08046;0.01754;1.00497;0.7;0.7
1.5256;1.25261;1.97395;0.0237542;1.36102;0.7;0.7
1.56135;1.25806;2.00513;0.00921465;0.527961;0.7;0.7
1.69951;1.37376;2.1853;-0.00155975;-0.0893672;0.7;0.7
1.51158;1.27189;1.97549;-0.019702;-1.12884;0.7;0.7
1.48912;1.41976;2.05747;-0.0620603;-3.55579;0.7;0.7
1.40799;1.21904;1.86239;0.0479626;2.74806;0.7;0.7
1.50448;1.31699;1.99949;-0.00544892;-0.3122;0.7;0.7
1.33062;1.56496;2.05418;-0.147106;-8.42858;0.7;0.7
1.17636;1.45716;1.87273;-0.0254686;-1.45924;0.7;0.7
1.27453;1.65957;2.09251;-0.024263;-1.39017;0.7;0.7
1.20767;1.53495;1.95308;0.0117169;0.67133;0.7;0.7
1.22568;1.6618;2.06492;-0.0311356;-1.78394;0.7;0.7
1.1402;1.42742;1.82691;0.0385034;2.20608;0.7;0.7
1.23438;1.54079;1.97426;0.00143382;0.0821518;0.7;0.7
1.27067;1.60668;2.04842;-0.00628494;-0.3601;0.7;0.7
1.23787;1.45755;1.91227;0.0349276;2.00121;0.7;0.7
1.31353;1.59455;2.06591;-0.0150099;-0.860002;0.7;0.7
1.09827;1.6894;2.01501;-0.112623;-6.45283;0.7;0.7
1.0145;1.69463;1.97509;-0.0370117;-2.12061;0.7;0.7
0.960289;1.71164;1.96262;-0.0281539;-1.6131;0.7;0.7
0.992627;1.66749;1.94058;0.0256675;1.47064;0.7;0.7
0.985204;1.76672;2.02285;-0.0282491;-1.61855;0.7;0.7
0.635824;1.799;1.90805;-0.168965;-9.68097;0.7;0.7
0.667668;1.90709;2.02059;-0.00296734;-0.170016;0.7;0.7
0.650797;1.8729;1.98275;-0.00233382;-0.133718;0.7;0.7
0.436325;1.88359;1.93346;-0.106798;-6.11905;0.7;0.7
0.628276;2.08228;2.175;0.0654077;3.74758;0.7;0.7
0.578471;2.05632;2.13614;-0.0188125;-1.07787;0.7;0.7
0.566461;1.84115;1.92632;0.0242502;1.38943;0.7;0.7
0.585524;1.87469;1.96401;0.00425433;0.243755;0.7;0.7
0.463331;1.89685;1.95262;-0.0631579;-3.61868;0.7;0.7
0.450904;1.99354;2.04389;-0.0171328;-0.98164;0.7;0.7
0.40783;2.08592;2.12541;-0.0293599;-1.6822;0.7;0.7
0.244198;1.79086;1.80743;-0.057558;-3.29783;0.7;0.7
0.164695;1.99801;2.00479;-0.053278;-3.05261;0.7;0.7
0.226467;1.96317;1.97619;0.0326063;1.8682;0.7;0.7
0.182977;1.94018;1.94879;-0.0208189;-1.19283;0.7;0.7
0.133389;1.91718;1.92181;-0.0245674;-1.40761;0.7;0.7
-0.0908733;2.07304;2.07503;-0.113272;-6.48999;0.7;0.7
-0.091483;1.99683;1.99892;-0.00197444;-0.113127;0.7;0.7
-0.0192021;1.9619;1.96199;0.035995;2.06236;0.7;0.7
0.0261202;1.90883;1.90901;0.0234702;1.34474;0.7;0.7
-0.0495873;1.99346;1.99408;-0.0385529;-2.20892;0.7;0.7
-0.452471;1.81444;1.87001;-0.219518;-12.5774;0.7;0.7
-0.447878;1.83005;1.88406;0.00437063;0.250419;0.7;0.7
-0.47408;1.99836;2.05382;0.00708861;0.406147;0.7;0.7
-0.34145;1.91799;1.94814;0.0567489;3.25147;0.7;0.7
-0.448857;2.02316;2.07235;-0.0421438;-2.41466;0.7;0.7
-0.366105;1.84455;1.88053;0.0223902;1.28286;0.7;0.7
-0.460665;1.90688;1.96173;-0.0411063;-2.35522;0.7;0.7
-0.596038;2.07699;2.16082;-0.0424233;-2.43067;0.7;0.7
-0.549578;1.91721;1.99442;0.000292989;0.0167871;0.7;0.7
-0.562775;1.98025;2.05866;0.00227569;0.130387;0.7;0.7
-0.601041;1.90588;1.9984;-0.0285963;-1.63845;0.7;0.7
-0.695706;1.98581;2.10415;-0.0314863;-1.80403;0.7;0.7
-0.56757;1.77102;1.85975;0.0268417;1.53792;0.7;0.7
-0.779203;2.05014;2.19322;-0.0530765;-3.04106;0.7;0.7
-0.705789;1.86837;1.99723;0.00202559;0.116058;0.7;0.7
-0.464479;2.24816;2.29564;0.157449;9.02115;0.7;0.7
-0.532487;2.10413;2.17046;-0.0441268;-2.52828;0.7;0.7
-0.506352;1.93022;1.99553;-0.00868439;-0.497579;0.7;0.7
-0.522466;2.04077;2.10658;0.00591686;0.339011;0.7;0.7
-0.512434;1.80416;1.87552;-0.0261101;-1.496;0.7;0.7
-0.430195;1.87793;1.92657;0.0515473;2.95344;0.7;0.7
-0.491556;1.94505;2.0062;-0.022344;-1.28022;0.7;0.7
-0.539156;1.98135;2.05339;-0.0181448;-1.03962;0.7;0.7
-0.509533;2.03221;2.09511;0.0200186;1.14698;0.7;0.7
-0.663524;2.02472;2.13067;-0.0710187;-4.06907;0.7;0.7
-0.604493;1.92915;2.02164;0.0130262;0.746346;0.7;0.7
-0.481188;2.08337;2.13822;0.0766715;4.39295;0.7;0.7
-0.346519;2.01442;2.04401;0.0566337;3.24487;0.7;0.7
-0.282096;2.14419;2.16267;0.0395403;2.26549;0.7;0.7
-0.011022;1.99488;1.99491;0.125286;7.17838;0.7;0.7
0.108565;1.95494;1.95796;0.0610016;3.49513;0.7;0.7
0.080063;2.02045;2.02204;-0.015871;-0.909341;0.7;0.7
0.0191184;1.69664;1.69675;-0.0283376;-1.62363;0.7;0.7
-0.184676;2.17041;2.17825;-0.0961514;-5.50907;0.7;0.7
-0.173997;1.86581;1.87391;-0.00810307;-0.464272;0.7;0.7
-0.196526;2.05543;2.06481;-0.00233646;-0.133869;0.7;0.7
-0.291247;1.83034;1.85337;-0.0624756;-3.57959;0.7;0.7
-0.0858799;1.92042;1.92234;0.113109;6.48068;0.7;0.7
-0.080982;1.91951;1.92122;0.0025256;0.144706;0.7;0.7
0.0564107;2.09153;2.09229;0.0691284;3.96077;0.7;0.7
-0.126148;2.15337;2.15706;-0.0854793;-4.8976;0.7;0.7
-0.223797;2.08439;2.09637;-0.0484435;-2.77561;0.7;0.7
-0.235929;2.03289;2.04653;-0.0085809;-0.491649;0.7;0.7
-0.306953;2.0037;2.02708;-0.0364724;-2.08971;0.7;0.7
-0.29405;1.89137;1.91409;-0.00222294;-0.127365;0.7;0.7
-0.0578489;1.77029;1.77124;0.121568;6.96536;0.7;0.7
-0.0321761;1.89488;1.89516;0.0156871;0.898805;0.7;0.7
0.00330985;2.00893;2.00894;0.0186265;1.06722;0.7;0.7
-0.144745;1.98529;1.99056;-0.0744278;-4.2644;0.7;0.7
0.0239579;1.81353;1.81369;0.0859901;4.92687;0.7;0.7
0.0860981;2.02382;2.02565;0.0293069;1.67916;0.7;0.7
0.0476037;2.07429;2.07483;-0.0195713;-1.12135;0.7;0.7
-0.00542739;2.00301;2.00302;-0.025655;-1.46992;0.7;0.7
-0.0770684;2.07749;2.07892;-0.0343702;-1.96927;0.7;0.7
-0.120696;1.73229;1.73649;-0.0324823;-1.8611;0.7;0.7
-0.168436;1.91172;1.91912;-0.018318;-1.04955;0.7;0.7
-0.105222;1.91134;1.91423;0.032884;1.88411;0.7;0.7
-0.158212;1.95765;1.96403;-0.0256462;-1.46942;0.7;0.7
-0.232996;1.82753;1.84233;-0.0461655;-2.64509;0.7;0.7
-0.248661;1.97129;1.98691;0.00132929;0.0761624;0.7;0.7
-0.230948;2.14305;2.15546;0.0181272;1.03861;0.7;0.7
-0.215585;1.99641;2.00801;-0.000218317;-0.0125086;0.7;0.7
-0.225715;1.95524;1.96822;-0.00736284;-0.42186;0.7;0.7
-0.126654;1.94906;1.95317;0.0500416;2.86717;0.7;0.7
-0.142636;1.9818;1.98693;-0.00695775;-0.39865;0.7;0.7
-0.240211;1.97359;1.98816;-0.0492678;-2.82283;0.7;0.7
-0.209548;1.98448;1.99551;0.015913;0.911745;0.7;0.7
-0.579304;1.91272;1.99852;-0.188884;-10.8222;0.7;0.7
-0.617007;2.03428;2.12579;-0.000398397;-0.0228265;0.7;0.7
-0.584695;1.81474;1.9066;-0.0172049;-0.985769;0.7;0.7
-0.518979;1.84196;1.91367;0.0370561;2.12316;0.7;0.7
-0.371108;2.22734;2.25804;0.109536;6.27595;0.7;0.7
-0.335425;2.07418;2.10113;0.00477216;0.273425;0.7;0.7
-0.393315;1.98809;2.02663;-0.0349868;-2.0046;0.7;0.7
-0.521026;1.84028;1.91261;-0.0805893;-4.61743;0.7;0.7
-0.391591;2.12449;2.16028;0.0936261;5.36438;0.7;0.7
-0.341572;1.80941;1.84137;-0.00430306;-0.246547;0.7;0.7
-0.533483;2.05258;2.12078;-0.0677024;-3.87906;0.7;0.7
-0.5136;2.07392;2.13657;0.011519;0.659993;0.7;0.7
-0.453722;1.96026;2.01208;0.0153076;0.87706;0.7;0.7
-0.483286;1.92991;1.9895;-0.0179178;-1.02661;0.7;0.7
-0.546596;1.95005;2.02521;-0.0279116;-1.59921;0.7;0.7
-0.549226;1.90582;1.98338;-0.00729589;-0.418024;0.7;0.7
-0.480835;1.85866;1.91985;0.0274311;1.57169;0.7;0.7
-0.476267;1.89634;1.95523;0.00708787;0.406105;0.7;0.7
-0.440046;2.08257;2.12855;0.0378252;2.16722;0.7;0.7
-0.276574;2.01844;2.0373;0.0720611;4.1288;0.7;0.7
-0.294498;1.9859;2.00761;-0.0110464;-0.632912;0.7;0.7
-0.260286;2.01882;2.03553;0.0189995;1.08859;0.7;0.7
0.0262073;1.91335;1.91353;0.141918;8.13133;0.7;0.7
0.0558509;1.9593;1.9601;0.0148015;0.848065;0.7;0.7
0.0287914;2.14586;2.14605;-0.0150814;-0.864099;0.7;0.7
-0.0148542;2.08323;2.08328;-0.0205466;-1.17724;0.7;0.7
-0.0121709;1.99951;1.99954;0.00104339;0.0597818;0.7;0.7
-0.0459503;2.04684;2.04735;-0.0163588;-0.937288;0.7;0.7
0.0238574;1.92862;1.92877;0.0348152;1.99476;0.7;0.7
-0.0176744;1.98204;1.98212;-0.0212866;-1.21963;0.7;0.7
-0.282528;2.12262;2.14134;-0.123408;-7.07079;0.7;0.7
-0.0924702;1.77099;1.7734;0.0801591;4.59278;0.7;0.7
0.0350684;1.99326;1.99357;0.069758;3.99684;0.7;0.7
-0.134587;2.20483;2.20894;-0.0785577;-4.50102;0.7;0.7
-0.0935516;2.06583;2.06794;0.0157116;0.900211;0.7;0.7
0.00942151;2.0429;2.04292;0.0498662;2.85712;0.7;0.7
-0.077362;2.00638;2.00787;-0.0431506;-2.47235;0.7;0.7
-0.0308151;2.0031;2.00334;0.0231564;1.32676;0.7;0.7
-0.0283247;1.99884;1.99904;0.00121279;0.0694877;0.7;0.7
-0.0954207;1.98877;1.99105;-0.0337734;-1.93507;0.7;0.7
-0.251543;2.11005;2.12499;-0.0707086;-4.0513;0.7;0.7
-0.262177;2.04839;2.0651;-0.00864762;-0.495472;0.7;0.7
-0.0942221;1.9749;1.97714;0.0796255;4.56221;0.7;0.7
-0.0907245;1.99234;1.9944;0.00216845;0.124243;0.7;0.7
-0.0595888;1.90173;1.90267;0.0141816;0.812547;0.7;0.7
-0.0528451;2.12663;2.12729;0.00647957;0.371252;0.7;0.7
-0.0326341;1.90465;1.90493;0.00771187;0.441857;0.7;0.7
0.215589;2.13084;2.14172;0.117965;6.75887;0.7;0.7
0.214641;2.0436;2.05484;0.00381488;0.218577;0.7;0.7
0.182969;1.99572;2.00409;-0.0132223;-0.757579;0.7;0.7
0.272236;2.03089;2.04905;0.0418285;2.3966;0.7;0.7
0.245412;1.94769;1.96309;-0.00791218;-0.453335;0.7;0.7
0.292183;2.06805;2.08858;0.0150144;0.860261;0.7;0.7
0.36563;2.01846;2.05131;0.0388442;2.22561;0.7;0.7
0.373934;1.96211;1.99742;0.00911992;0.522533;0.7;0.7
0.31823;2.08184;2.10602;-0.0366337;-2.09896;0.7;0.7
0.39145;1.9954;2.03343;0.0420304;2.40817;0.7;0.7
0.475776;2.09227;2.14568;0.0298784;1.71191;0.7;0.7
0.566303;1.9412;2.02212;0.0602558;3.4524;0.7;0.7
0.58186;1.78064;1.87329;0.0319819;1.83243;0.7;0.7
0.60528;1.9955;2.08528;-0.0213308;-1.22216;0.7;0.7
0.553523;1.91116;1.98971;-0.0125892;-0.721306;0.7;0.7
0.565333;1.95713;2.03715;-0.000708752;-0.0406085;0.7;0.7
0.631783;1.94184;2.04203;0.033347;1.91064;0.7;0.7
0.662255;1.94947;2.05888;0.0129283;0.740739;0.7;0.7
0.563822;1.95647;2.03609;-0.0468988;-2.6871;0.7;0.7
0.666207;1.98501;2.09383;0.0432251;2.47662;0.7;0.7
0.717441;1.99523;2.12029;0.0213771;1.22482;0.7;0.7
0.960364;1.96785;2.18969;0.108841;6.23615;0.7;0.7
1.09406;1.84849;2.148;0.0803956;4.60633;0.7;0.7
1.11773;1.74367;2.07116;0.0356193;2.04083;0.7;0.7
1.00339;1.66351;1.94269;-0.0272847;-1.5633;0.7;0.7
0.827316;1.82774;2.00626;-0.117704;-6.74392;0.7;0.7
0.886971;1.71583;1.93153;0.0520523;2.98238;0.7;0.7
0.840899;1.74041;1.93291;-0.0270178;-1.54801;0.7;0.7
1.11465;1.47399;1.848;0.197381;11.3091;0.7;0.7
1.21434;1.56336;1.97957;0.0129361;0.741182;0.7;0.7
1.30929;1.38221;1.90388;0.0979099;5.60983;0.7;0.7
1.43457;1.48792;2.06686;0.00883137;0.506;0.7;0.7
1.32902;1.2901;1.8522;0.0331117;1.89716;0.7;0.7
1.44761;1.44686;2.0467;-0.0145988;-0.836449;0.7;0.7
1.39943;1.44319;2.01027;-0.0156496;-0.896657;0.7;0.7
1.44171;1.3099;1.94791;0.0632583;3.62443;0.7;0.7
1.48165;1.39874;2.03759;-0.0190892;-1.09373;0.7;0.7
1.57589;1.38771;2.0998;0.0346367;1.98454;0.7;0.7
1.52253;1.29784;2.00062;0.0160819;0.921425;0.7;0.7
1.55468;1.21072;1.9705;0.044248;2.53522;0.7;0.7
1.53043;1.24236;1.97121;-0.0202242;-1.15876;0.7;0.7
1.55846;1.27734;2.01504;-0.00470988;-0.269856;0.7;0.7
1.55029;1.27125;2.00486;-0.000234968;-0.0134627;0.7;0.7
1.54323;1.27651;2.00276;-0.00426311;-0.244258;0.7;0.7
1.47736;1.21841;1.91497;0.0014508;0.0831249;0.7;0.7
1.60255;1.35667;2.0997;-0.0128641;-0.73706;0.7;0.7
1.53806;1.30757;2.01876;-0.002078;-0.119061;0.7;0.7
1.41216;1.06454;1.76846;0.0586242;3.35892;0.7;0.7
1.58755;1.38449;2.10645;-0.0712249;-4.08088;0.7;0.7
1.63997;1.33527;2.11482;0.0338346;1.93858;0.7;0.7
1.35476;1.54136;2.05211;-0.166395;-9.53373;0.7;0.7
1.39026;1.56462;2.09305;0.00540274;0.309554;0.7;0.7
1.31135;1.54384;2.02561;-0.0223125;-1.27841;0.7;0.7
1.24812;1.62405;2.04826;-0.0488978;-2.80164;0.7;0.7
1.24637;1.51411;1.96112;0.0334586;1.91704;0.7;0.7
1.36755;1.48754;2.02064;0.0546842;3.13317;0.7;0.7
1.23141;1.31922;1.80464;0.00759364;0.435083;0.7;0.7
1.45183;1.08471;1.8123;0.178146;10.207;0.7;0.7
1.64488;1.05935;1.95649;0.0694959;3.98182;0.7;0.7
1.54938;1.10043;1.9004;-0.0453983;-2.60113;0.7;0.7
1.67498;1.19445;2.05725;-0.00190795;-0.109318;0.7;0.7
1.66008;1.18348;2.03875;0.00014049;0.00804947;0.7;0.7
1.55595;1.03015;1.86606;0.0345192;1.9778;0.7;0.7
1.72732;1.02738;2.00976;0.0482408;2.76399;0.7;0.7
1.65872;1.13946;2.01239;-0.0653418;-3.74381;0.7;0.7
1.68192;1.18897;2.05973;-0.0134353;-0.769788;0.7;0.7
1.79921;1.45751;2.31549;-0.0655094;-3.75341;0.7;0.7
1.79664;1.12235;2.1184;0.122481;7.01767;0.7;0.7
1.54414;1.09611;1.89363;-0.058929;-3.37638;0.7;0.7
1.67506;1.21626;2.07005;-0.0107207;-0.614252;0.7;0.7
1.64797;1.32697;2.11581;-0.0498854;-2.85822;0.7;0.7
1.54046;1.25817;1.98897;-0.00695964;-0.398758;0.7;0.7
1.50076;1.4427;2.08175;-0.0808022;-4.62963;0.7;0.7
1.538;1.44229;2.10847;0.0123793;0.709282;0.7;0.7
1.31554;1.27374;1.83114;-0.0159608;-0.914485;0.7;0.7
1.43656;1.34925;1.97083;0.0151906;0.870356;0.7;0.7
1.40605;1.30364;1.91741;0.00644212;0.369106;0.7;0.7
1.46303;1.35807;1.9962;-0.000587171;-0.0336424;0.7;0.7
1.3827;1.33836;1.92434;-0.0208949;-1.19719;0.7;0.7
1.44968;1.43444;2.03941;-0.0110087;-0.630754;0.7;0.7
1.21715;1.39734;1.85311;-0.0740942;-4.24529;0.7;0.7
1.32277;1.52661;2.01997;-0.00260513;-0.149263;0.7;0.7
1.31545;1.6814;2.13484;-0.0500953;-2.87025;0.7;0.7
1.19364;1.34711;1.79985;0.0611822;3.50548;0.7;0.7
1.31341;1.56836;2.04568;-0.02791;-1.59913;0.7;0.7
1.33442;1.50391;2.01057;0.0285969;1.63848;0.7;0.7
1.31606;1.59354;2.06674;-0.0354379;-2.03044;0.7;0.7
1.32518;1.86088;2.28451;-0.0714999;-4.09664;0.7;0.7
1.15912;1.65049;2.01684;-0.00655847;-0.375772;0.7;0.7
1.12969;1.80842;2.13227;-0.0538901;-3.08768;0.7;0.7
0.83403;1.57417;1.78147;-0.0711502;-4.0766;0.7;0.7
0.860641;1.65277;1.86342;-0.0071272;-0.408358;0.7;0.7
1.02725;1.74842;2.02786;0.0511085;2.9283;0.7;0.7
0.951749;1.71767;1.96372;-0.0252189;-1.44494;0.7;0.7
1.05778;1.80688;2.09373;0.0236496;1.35502;0.7;0.7
1.02189;1.7084;1.9907;0.00943127;0.540372;0.7;0.7
1.04795;1.79253;2.07638;-0.0100296;-0.574653;0.7;0.7
1.05805;1.63366;1.94636;0.0456925;2.61799;0.7;0.7
1.10893;1.72366;2.04957;-0.00303354;-0.173809;0.7;0.7
0.947811;1.49922;1.7737;-0.00792932;-0.454316;0.7;0.7
1.25468;1.53589;1.98323;0.121204;6.94449;0.7;0.7
0.944623;1.72519;1.96688;-0.184009;-10.5429;0.7;0.7
0.963691;1.73103;1.98121;0.00702602;0.402561;0.7;0.7
0.97204;1.74896;2.00093;-0.000711158;-0.0407463;0.7;0.7
1.04545;1.66123;1.96282;0.0544265;3.11841;0.7;0.7
1.04155;1.71861;2.00959;-0.0168475;-0.965288;0.7;0.7
1.28438;1.5345;2.00108;0.152047;8.71163;0.7;0.7
1.27061;1.55134;2.00527;-0.0106549;-0.610478;0.7;0.7
1.39299;1.57353;2.10153;0.0383711;2.1985;0.7;0.7
1.34092;1.40146;1.93963;0.0387112;2.21799;0.7;0.7
1.29015;1.52396;1.99673;-0.0608228;-3.48489;0.7;0.7
1.28091;1.54112;2.00395;-0.0090515;-0.518613;0.7;0.7
1.30427;1.52044;2.00321;0.0155703;0.892113;0.7;0.7
1.37845;1.5594;2.08131;0.0148612;0.851483;0.7;0.7
1.53655;1.51628;2.15873;0.0681531;3.90488;0.7;0.7
1.40698;1.33337;1.93842;0.0202163;1.15831;0.7;0.7
1.4501;1.3378;1.97295;0.013406;0.768107;0.7;0.7
1.47897;1.31465;1.9788;0.0184913;1.05947;0.7;0.7
1.78575;1.14122;2.11927;0.157994;9.05238;0.7;0.7
1.63595;1.01852;1.9271;0.0117905;0.675547;0.7;0.7
1.65162;1.21803;2.05218;-0.078575;-4.50201;0.7;0.7
1.60454;1.13466;1.9652;0.0199258;1.14166;0.7;0.7
1.69324;1.10945;2.02434;0.0354755;2.0326;0.7;0.7
1.75007;1.00878;2.02;0.0571337;3.27352;0.7;0.7
1.8451;0.945965;2.07346;0.049153;2.81626;0.7;0.7
1.88412;0.811247;2.05135;0.0671689;3.8485;0.7;0.7
1.88198;0.776151;2.03574;0.0154196;0.883477;0.7;0.7
2.08009;0.690118;2.19158;0.0708146;4.05738;0.7;0.7
1.9222;0.638374;2.02543;-0.000298835;-0.017122;0.7;0.7
1.81857;0.595777;1.91367;0.00405651;0.232421;0.7;0.7
1.87059;0.828263;2.04576;-0.100247;-5.74371;0.7;0.7
1.68419;0.764066;1.84941;-0.00906581;-0.519432;0.7;0.7
1.74477;0.476157;1.80858;0.159484;9.13776;0.7;0.7
2.13042;0.454341;2.17833;0.0563015;3.22584;0.7;0.7
1.80097;0.367234;1.83803;0.00896453;0.51363;0.7;0.7
1.97208;0.411362;2.01453;-0.00449336;-0.257451;0.7;0.7
1.9722;0.44481;2.02174;-0.0161836;-0.927252;0.7;0.7
2.00664;0.497688;2.06743;-0.0212874;-1.21968;0.7;0.7
2.00086;0.481059;2.05788;0.00716805;0.410699;0.7;0.7
1.94754;0.59342;2.03594;-0.0598179;-3.42731;0.7;0.7
2.0202;0.532373;2.08917;0.0380978;2.18284;0.7;0.7
2.02736;0.499359;2.08796;0.0161651;0.926194;0.7;0.7
1.91179;0.514015;1.97968;-0.0211524;-1.21194;0.7;0.7
1.89833;0.452647;1.95155;0.0285806;1.63755;0.7;0.7
1.94045;0.338183;1.9697;0.0615262;3.52519;0.7;0.7
2.07604;0.321765;2.10082;0.0187816;1.07611;0.7;0.7
1.97533;0.306073;1.9989;4.10809e-05;0.00235376;0.7;0.7
1.85669;0.488093;1.91977;-0.103342;-5.92104;0.7;0.7
1.93427;0.508297;1.99994;9.18475e-05;0.00526247;0.7;0.7
1.86651;0.334037;1.89616;0.079886;4.57713;0.7;0.7
2.00866;0.395482;2.04722;-0.0173132;-0.991974;0.7;0.7
1.967;0.410423;2.00936;-0.0113012;-0.64751;0.7;0.7
1.95367;0.420978;1.99851;-0.00653258;-0.374289;0.7;0.7
2.07258;0.507227;2.13375;-0.027778;-1.59156;0.7;0.7
1.94083;0.553603;2.01824;-0.0378471;-2.16848;0.7;0.7
1.87355;0.523792;1.94539;0.00524906;0.300749;0.7;0.7
1.99207;0.340798;2.02101;0.103175;5.91152;0.7;0.7
1.96722;0.224763;1.98001;0.0556753;3.18996;0.7;0.7
1.99179;0.22133;2.00405;0.00309401;0.177274;0.7;0.7
1.99263;0.220078;2.00475;0.000667335;0.0382355;0.7;0.7
1.81822;0.344263;1.85052;-0.0771258;-4.41899;0.7;0.7
1.9638;0.372133;1.99874;-0.000150433;-0.0086192;0.7;0.7
1.95174;0.354696;1.98371;0.00750562;0.43004;0.7;0.7
1.96143;0.346296;1.99177;0.00501894;0.287564;0.7;0.7
2.07396;0.300291;2.09559;0.0309597;1.77386;0.7;0.7
1.88784;0.293215;1.91047;-0.0102948;-0.589849;0.7;0.7
1.95284;0.342288;1.98261;-0.0194271;-1.11309;0.7;0.7
1.81385;0.117405;1.81764;0.108877;6.2382;0.7;0.7
2.0865;0.0529848;2.08718;0.0392482;2.24876;0.7;0.7
1.98142;0.0483318;1.98201;0.00100097;0.0573513;0.7;0.7
1.91593;0.276107;1.93572;-0.118738;-6.80321;0.7;0.7
1.90558;0.283163;1.9265;-0.00439149;-0.251614;0.7;0.7
2.0551;0.32505;2.08065;-0.00935069;-0.535755;0.7;0.7
1.87009;0.35896;1.90423;-0.0327729;-1.87775;0.7;0.7
1.86058;0.262713;1.87903;0.0493686;2.82861;0.7;0.7
2.05357;0.393908;2.09101;-0.0492418;-2.82135;0.7;0.7
1.8679;0.403114;1.9109;-0.0230374;-1.31995;0.7;0.7
1.92596;0.431527;1.97371;-0.00786592;-0.450684;0.7;0.7
1.95175;0.43727;2.00014;1.76443e-05;0.00101095;0.7;0.7
1.77021;0.539792;1.85068;-0.0755747;-4.33011;0.7;0.7
1.95115;0.547394;2.02649;0.0224571;1.2867;0.7;0.7
2.04468;0.546453;2.11644;0.0123656;0.708495;0.7;0.7
1.94637;0.514875;2.01332;0.00254422;0.145773;0.7;0.7
1.95347;0.530252;2.02415;-0.00644679;-0.369374;0.7;0.7
1.93692;0.40155;1.97811;0.0606369;3.47424;0.7;0.7
1.73837;0.323285;1.76817;0.0205478;1.1773;0.7;0.7
1.81067;0.418306;1.85836;-0.0431699;-2.47345;0.7;0.7
1.9204;0.444888;1.97126;-0.000608617;-0.0348712;0.7;0.7
1.73868;0.42371;1.78957;-0.0113882;-0.652496;0.7;0.7
1.84699;0.503081;1.91428;-0.0268903;-1.5407;0.7;0.7
1.97997;0.491653;2.0401;0.0225359;1.29121;0.7;0.7
1.78416;0.497783;1.8523;-0.028692;-1.64393;0.7;0.7
1.8698;0.650359;1.97968;-0.0626505;-3.58961;0.7;0.7
2.05441;0.7071;2.1727;0.00324781;0.186086;0.7;0.7
1.88965;0.625872;1.9906;0.0116471;0.667328;0.7;0.7
1.79073;0.660521;1.90867;-0.0335343;-1.92137;0.7;0.7
1.83558;0.894405;2.04189;-0.10003;-5.7313;0.7;0.7
1.87584;0.981099;2.11692;-0.0284888;-1.63229;0.7;0.7
1.7764;0.926416;2.00346;0.0011826;0.0677579;0.7;0.7
1.79915;0.994007;2.05547;-0.0240423;-1.37752;0.7;0.7
1.84086;1.04977;2.11914;-0.0135127;-0.774221;0.7;0.7
1.85379;0.844453;2.03706;0.0908222;5.20373;0.7;0.7
1.78303;0.790157;1.95026;0.0102951;0.589863;0.7;0.7
1.70089;0.780779;1.87153;-0.0132006;-0.756337;0.7;0.7
1.57344;0.970914;1.84889;-0.122524;-7.02011;0.7;0.7
1.79246;0.922978;2.01614;0.0773577;4.43227;0.7;0.7
1.74881;0.899379;1.96653;0.000508433;0.0291311;0.7;0.7
1.71049;1.16692;2.07062;-0.123681;-7.08641;0.7;0.7
1.48124;1.12951;1.86276;-0.0527928;-3.02481;0.7;0.7
1.50634;1.17812;1.91234;-0.0122532;-0.702057;0.7;0.7
1.57427;1.16048;1.95577;0.0285028;1.63309;0.7;0.7
1.74133;1.05718;2.03712;0.0895969;5.13352;0.7;0.7
1.66452;1.0271;1.95591;-0.00723227;-0.414379;0.7;0.7
1.61367;0.961691;1.8785;0.0154171;0.883336;0.7;0.7
1.77939;0.922441;2.00428;0.0591867;3.39115;0.7;0.7
1.7663;0.851356;1.96077;0.0291167;1.66826;0.7;0.7
1.78786;0.878411;1.99199;-0.00753489;-0.431717;0.7;0.7
1.75851;0.83669;1.94741;0.0125823;0.720912;0.7;0.7
1.71288;0.813656;1.89631;0.000630905;0.0361482;0.7;0.7
1.90476;1.18722;2.24446;-0.113905;-6.52629;0.7;0.7
1.48734;1.1024;1.85134;-0.0804684;-4.6105;0.7;0.7
1.6131;1.08478;1.94392;0.0458214;2.62537;0.7;0.7
1.68736;1.13197;2.03188;0.00112404;0.0644027;0.7;0.7
1.707;1.12491;2.04432;0.00821887;0.470907;0.7;0.7
1.63525;0.952674;1.89252;0.0551582;3.16033;0.7;0.7
1.56078;1.22203;1.98227;-0.136746;-7.83497;0.7;0.7
1.4305;1.33271;1.95511;-0.0857606;-4.91372;0.7;0.7
1.613;1.51566;2.21337;-0.00426998;-0.244652;0.7;0.7
1.33807;1.15037;1.76459;0.044184;2.53156;0.7;0.7
1.54313;1.32465;2.0337;0.000747522;0.0428299;0.7;0.7
1.48463;1.40458;2.04377;-0.0483359;-2.76944;0.7;0.7
1.4581;1.36078;1.99444;0.00680853;0.3901;0.7;0.7
1.50447;1.18701;1.91635;0.0828998;4.74981;0.7;0.7
1.4212;1.28983;1.91924;-0.0689848;-3.95254;0.7;0.7
1.50903;1.55945;2.17004;-0.0648528;-3.71579;0.7;0.7
1.35602;1.57816;2.08072;-0.059132;-3.38802;0.7;0.7
1.34125;1.50454;2.01559;0.0182455;1.04539;0.7;0.7
1.30724;1.36765;1.89192;0.0347332;1.99007;0.7;0.7
1.28517;1.40721;1.90576;-0.0227165;-1.30156;0.7;0.7
1.40072;1.56905;2.10332;-0.0113207;-0.648629;0.7;0.7
1.31754;1.34835;1.8852;0.0450624;2.58188;0.7;0.7
1.38892;1.47989;2.02958;-0.0201419;-1.15405;0.7;0.7
1.40374;1.50033;2.05463;-0.00154919;-0.0887621;0.7;0.7
1.38455;1.49006;2.03403;-0.00344083;-0.197145;0.7;0.7
1.28929;1.4572;1.94569;-0.0243712;-1.39637;0.7;0.7
1.4158;1.39881;1.99027;0.0670973;3.84439;0.7;0.7
1.42165;1.51553;2.07796;-0.0379885;-2.17658;0.7;0.7
1.25425;1.47474;1.93598;-0.0486651;-2.78831;0.7;0.7
1.2152;1.36611;1.82838;0.0222229;1.27328;0.7;0.7
1.71112;1.16337;2.06915;0.246692;14.1344;0.7;0.7
1.71398;1.20077;2.09275;-0.0140087;-0.802638;0.7;0.7
1.6061;1.17271;1.98867;-0.0195712;-1.12135;0.7;0.7
1.65639;1.11821;1.9985;0.0368681;2.11239;0.7;0.7
1.65305;1.09941;1.98526;0.00690977;0.395901;0.7;0.7
1.75398;1.3144;2.19183;-0.0562034;-3.22022;0.7;0.7
1.50728;1.23727;1.95006;-0.0442281;-2.53408;0.7;0.7
1.49563;1.24136;1.94368;-0.0054288;-0.311047;0.7;0.7
1.35721;1.34403;1.91009;-0.0877554;-5.02802;0.7;0.7
1.58055;1.40681;2.11595;0.0532123;3.04884;0.7;0.7
1.59229;1.1386;1.9575;0.106536;6.10404;0.7;0.7
1.62301;1.03302;1.92387;0.0539566;3.09148;0.7;0.7
1.68532;1.06341;1.99277;0.00392065;0.224637;0.7;0.7
1.90113;0.80257;2.06359;0.163436;9.36421;0.7;0.7
1.87587;0.504803;1.94261;0.136581;7.82553;0.7;0.7
1.9518;0.545812;2.02668;-0.00980436;-0.561749;0.7;0.7
1.98555;0.51332;2.05083;0.0196915;1.12824;0.7;0.7
1.82291;0.611202;1.92265;-0.0705213;-4.04058;0.7;0.7
1.93995;0.6238;2.03777;0.012397;0.710296;0.7;0.7
1.58665;0.63777;1.71003;-0.0710816;-4.07267;0.7;0.7
1.93299;0.656669;2.04149;0.0547109;3.1347;0.7;0.7
1.62289;0.657598;1.75105;-0.0574998;-3.2945;0.7;0.7
1.94271;0.699141;2.06468;0.0395351;2.26519;0.7;0.7
2.01365;0.723387;2.13964;0.000564126;0.032322;0.7;0.7
2.07596;0.321738;2.10075;0.191125;10.9507;0.7;0.7
1.95067;0.300875;1.97373;0.000722853;0.0414164;0.7;0.7
1.99009;0.30789;2.01377;-0.000458259;-0.0262563;0.7;0.7
1.63938;0.0696208;1.64086;0.111052;6.36283;0.7;0.7
1.84649;0.0867213;1.84853;-0.00448875;-0.257187;0.7;0.7
1.92489;0.12924;1.92922;-0.0201099;-1.15221;0.7;0.7
2.21386;0.410773;2.25165;-0.116419;-6.67031;0.7;0.7
1.9334;0.36019;1.96667;-0.0007273;-0.0416712;0.7;0.7
1.87828;0.404119;1.92126;-0.0277357;-1.58914;0.7;0.7
1.97072;0.630604;2.06916;-0.0977681;-5.6017;0.7;0.7
1.84969;0.554211;1.93093;0.0185787;1.06448;0.7;0.7
1.90906;0.535312;1.98269;0.017727;1.01568;0.7;0.7
1.725;0.597991;1.82571;-0.0603124;-3.45564;0.7;0.7
2.18832;0.727543;2.30609;0.0127276;0.729236;0.7;0.7
1.89064;0.592294;1.98125;0.0173777;0.995669;0.7;0.7
1.92931;0.593106;2.01842;0.00534333;0.30615;0.7;0.7
2.01161;0.435826;2.05828;0.0848913;4.86391;0.7;0.7
2.10934;0.339826;2.13654;0.0536246;3.07246;0.7;0.7
2.22633;0.141634;2.23083;0.0962012;5.51192;0.7;0.7
1.75247;0.0360193;1.75284;0.0429813;2.46265;0.7;0.7
1.8257;0.0280516;1.82592;0.00518688;0.297186;0.7;0.7
1.98451;0.043576;1.98499;-0.00659093;-0.377633;0.7;0.7
1.93233;0.0389382;1.93273;0.00180642;0.1035;0.7;0.7
2.01144;-0.0890266;2.01341;0.0643793;3.68866;0.7;0.7
1.99995;-0.10701;2.00281;0.00922401;0.528497;0.7;0.7
2.0071;-0.0941464;2.0093;-0.00658278;-0.377166;0.7;0.7
1.98359;-0.121382;1.9873;0.0142445;0.816149;0.7;0.7
1.78842;-0.155477;1.79517;0.0256006;1.4668;0.7;0.7
2.03995;-0.125069;2.04379;-0.0254846;-1.46016;0.7;0.7
1.91642;-0.193911;1.92621;0.0396079;2.26936;0.7;0.7
2.15969;-0.194536;2.16843;-0.0110073;-0.630669;0.7;0.7
1.97469;-0.171913;1.98216;-0.00299449;-0.171572;0.7;0.7
1.96678;-0.305949;1.99043;0.0674826;3.86647;0.7;0.7
1.98122;-0.293311;2.00282;-0.007344;-0.42078;0.7;0.7
2.01278;-0.298681;2.03482;0.000339559;0.0194553;0.7;0.7
2.02473;-0.435917;2.07112;0.0647421;3.70945;0.7;0.7
1.95623;-0.420774;2.00097;-0.000193037;-0.0110602;0.7;0.7
1.90317;-0.456792;1.95722;0.0236942;1.35758;0.7;0.7
1.78864;-0.490384;1.85465;0.0320296;1.83516;0.7;0.7
2.11959;-0.785472;2.26045;0.0872973;5.00176;0.7;0.7
1.62017;-0.60654;1.72999;0.00332855;0.190712;0.7;0.7
2.25361;-0.733662;2.37002;-0.0434867;-2.49161;0.7;0.7
1.71871;-0.708419;1.85899;0.0762326;4.36781;0.7;0.7
1.77255;-0.723508;1.91453;-0.00343007;-0.196528;0.7;0.7
1.73285;-0.73947;1.88404;0.0158078;0.905719;0.7;0.7
1.81211;-0.623864;1.9165;-0.0717746;-4.11238;0.7;0.7
1.85333;-0.550057;1.93323;-0.0430517;-2.46668;0.7;0.7
2.0786;-0.487105;2.13491;-0.0583243;-3.34174;0.7;0.7
1.8937;-0.552083;1.97253;0.0534858;3.06451;0.7;0.7
1.92661;-0.560447;2.00647;-0.000589242;-0.0337611;0.7;0.7
1.85969;-0.592762;1.95188;0.0254753;1.45963;0.7;0.7
1.86887;-0.583486;1.95784;-0.00593747;-0.340192;0.7;0.7
1.58617;-0.675326;1.72395;0.0998895;5.72325;0.7;0.7
1.88156;-0.904155;2.08753;0.0454412;2.60359;0.7;0.7
1.66058;-0.903532;1.89048;0.0503524;2.88498;0.7;0.7
1.76454;-0.95526;2.00652;-0.00211656;-0.12127;0.7;0.7
1.76496;-0.896186;1.97945;-0.0263482;-1.50964;0.7;0.7
1.56357;-0.656087;1.69564;-0.0725472;-4.15665;0.7;0.7
1.72028;-0.976264;1.97799;0.118888;6.81175;0.7;0.7
1.6528;-0.981323;1.92218;0.0196159;1.12391;0.7;0.7
1.66485;-0.965013;1.92431;-0.0104838;-0.60068;0.7;0.7
1.72119;-0.975132;1.97822;-0.00985616;-0.564716;0.7;0.7
1.47332;-0.608607;1.59407;-0.123721;-7.08868;0.7;0.7
1.51079;-0.57668;1.61711;-0.0270993;-1.55267;0.7;0.7
1.61761;-0.701294;1.76308;0.0444425;2.54637;0.7;0.7
1.74796;-0.662333;1.86924;-0.0468796;-2.686;0.7;0.7
1.88733;-0.79333;2.04729;0.0357207;2.04665;0.7;0.7
1.92062;-0.666986;2.03314;-0.0636755;-3.64834;0.7;0.7
1.96642;-0.597119;2.05509;-0.039437;-2.25957;0.7;0.7
1.872;-0.62768;1.97443;0.0287097;1.64495;0.7;0.7
1.95244;-0.6196;2.04839;-0.0162237;-0.929552;0.7;0.7
1.74637;-0.682456;1.87498;0.0652432;3.73816;0.7;0.7
2.05185;-0.833142;2.21455;0.0131679;0.754468;0.7;0.7
2.00799;-0.789274;2.15754;-0.0111916;-0.641231;0.7;0.7
1.67531;-0.871212;1.8883;0.10503;6.01777;0.7;0.7
1.74651;-0.948639;1.98751;0.0180341;1.03328;0.7;0.7
2.0128;-0.924291;2.21488;-0.0670951;-3.84427;0.7;0.7
2.09891;-0.615616;2.18733;-0.145182;-8.31833;0.7;0.7
1.92158;-0.54487;1.99734;-0.00900063;-0.515698;0.7;0.7
1.86392;-0.545078;1.94198;0.0082038;0.470043;0.7;0.7
1.80219;-0.500205;1.87032;-0.0137651;-0.788683;0.7;0.7
1.81938;-0.817693;1.99468;0.151645;8.68864;0.7;0.7
1.82606;-0.81587;2.00003;-0.00220054;-0.126082;0.7;0.7
1.72798;-0.816294;1.91109;0.0211388;1.21117;0.7;0.7
1.81618;-0.87848;2.01748;0.00919681;0.526938;0.7;0.7
1.85919;-0.867386;2.05157;-0.0139957;-0.801894;0.7;0.7
1.76161;-1.02411;2.03767;0.0900682;5.16053;0.7;0.7
1.73266;-1.01817;2.00967;0.0046862;0.268499;0.7;0.7
1.6921;-1.24404;2.1002;0.102685;5.88339;0.7;0.7
1.68398;-1.08839;2.00509;-0.0601771;-3.4479;0.7;0.7
1.55908;-1.21075;1.97399;0.0865115;4.95674;0.7;0.7
1.54323;-1.2341;1.976;0.0142507;0.816504;0.7;0.7
1.50558;-1.30707;1.99379;0.04039;2.31417;0.7;0.7
1.55434;-1.25072;1.99506;-0.0373592;-2.14052;0.7;0.7
1.65461;-1.18273;2.03386;-0.0569814;-3.26479;0.7;0.7
1.61485;-1.26979;2.05428;0.0457472;2.62112;0.7;0.7
1.58706;-1.25459;2.02306;0.00258751;0.148254;0.7;0.7
1.51464;-1.26156;1.97121;0.0255579;1.46436;0.7;0.7
1.5475;-1.32935;2.04008;0.0152226;0.872192;0.7;0.7
1.53609;-1.29162;2.00695;-0.0105566;-0.604849;0.7;0.7
1.42405;-1.13721;1.8224;-0.0252832;-1.44862;0.7;0.7
1.57651;-1.25232;2.01338;-0.00257955;-0.147797;0.7;0.7
1.42979;-1.35562;1.97028;0.0874823;5.01237;0.7;0.7
1.56004;-1.62076;2.24957;0.0457105;2.61902;0.7;0.7
1.55914;-1.53473;2.18777;-0.0269776;-1.5457;0.7;0.7
1.4198;-1.39952;1.99361;0.000696155;0.0398867;0.7;0.7
1.40825;-1.4267;2.00465;0.0137024;0.785091;0.7;0.7
1.38395;-1.51529;2.05217;0.0387622;2.22091;0.7;0.7
1.4588;-1.52291;2.10888;-0.0237707;-1.36196;0.7;0.7
1.32559;-1.40478;1.93148;0.00749362;0.429353;0.7;0.7
1.36274;-1.51668;2.03897;0.0244164;1.39896;0.7;0.7
1.37399;-1.49563;2.03095;-0.0110449;-0.632828;0.7;0.7
1.13932;-1.50855;1.89044;0.0961846;5.51097;0.7;0.7
1.10004;-1.7692;2.0833;0.0905717;5.18938;0.7;0.7
1.23104;-1.54839;1.97812;-0.115435;-6.61394;0.7;0.7
1.30319;-1.47665;1.96947;-0.051367;-2.94311;0.7;0.7
1.56391;-1.60331;2.23973;-0.04988;-2.85791;0.7;0.7
1.46622;-1.39083;2.02094;-0.0388209;-2.22427;0.7;0.7
1.38972;-1.16723;1.81487;-0.0604144;-3.46149;0.7;0.7
1.58276;-1.42914;2.1325;0.0358375;2.05334;0.7;0.7
1.60271;-1.248;2.0313;-0.0728322;-4.17298;0.7;0.7
1.70449;-0.937676;1.94539;-0.158672;-9.09122;0.7;0.7
1.70053;-0.934725;1.94049;-0.000347935;-0.0199352;0.7;0.7
1.56588;-1.01986;1.86872;0.0747008;4.28004;0.7;0.7
1.77541;-1.06386;2.06976;-0.0374433;-2.14534;0.7;0.7
1.72291;-1.07833;2.03254;0.0193861;1.11074;0.7;0.7
1.69177;-1.09719;2.01641;0.0161202;0.923618;0.7;0.7
1.67944;-1.23307;2.0835;0.0579687;3.32136;0.7;0.7
1.94832;-1.15697;2.26595;-0.0974516;-5.58356;0.7;0.7
1.71979;-1.02607;2.00262;0.00206605;0.118376;0.7;0.7
1.51302;-1.09964;1.87041;0.0905411;5.18762;0.7;0.7
1.60123;-1.54806;2.22721;0.14004;8.02368;0.7;0.7
1.34772;-1.61891;2.10647;0.108042;6.19035;0.7;0.7
1.13068;-1.44004;1.83089;0.0286036;1.63887;0.7;0.7
1.30049;-1.49033;1.97797;-0.0518462;-2.97057;0.7;0.7
1.05697;-1.6031;1.92019;0.134573;7.71049;0.7;0.7
0.866714;-1.80003;1.99783;0.13417;7.68737;0.7;0.7
0.852555;-1.81674;2.00684;0.00996885;0.571173;0.7;0.7
0.992531;-1.9065;2.14938;-0.0412264;-2.3621;0.7;0.7
1.09836;-1.8655;2.16483;-0.0521316;-2.98692;0.7;0.7
1.17345;-1.7967;2.14595;-0.0464321;-2.66036;0.7;0.7
1.25343;-1.85782;2.24111;-0.0149716;-0.85781;0.7;0.7
1.38985;-1.67144;2.1738;-0.100142;-5.73772;0.7;0.7
1.22735;-1.62486;2.03631;0.0467511;2.67864;0.7;0.7
1.29675;-1.48014;1.96784;-0.0725317;-4.15576;0.7;0.7
1.3569;-1.46957;2.00021;-0.0261022;-1.49554;0.7;0.7
1.28008;-1.475;1.953;0.0307905;1.76417;0.7;0.7
1.3822;-1.57152;2.09288;-0.00662707;-0.379703;0.7;0.7
1.25805;-1.44891;1.91886;0.00638515;0.365842;0.7;0.7
1.26207;-1.48465;1.94859;0.0104653;0.599617;0.7;0.7
1.2889;-1.50444;1.98106;-0.0038467;-0.2204;0.7;0.7
1.21098;-1.70483;2.09115;0.0907662;5.20052;0.7;0.7
1.27281;-1.65148;2.08505;-0.0390035;-2.23474;0.7;0.7
1.18714;-1.60266;1.99444;0.0190817;1.0933;0.7;0.7
1.21148;-1.44473;1.88545;-0.0602673;-3.45306;0.7;0.7
1.3349;-1.55416;2.04875;-0.0118381;-0.678275;0.7;0.7
1.28377;-1.5233;1.99211;0.00937769;0.537302;0.7;0.7
1.29772;-1.52926;2.00567;-0.00340536;-0.195113;0.7;0.7
1.27312;-1.55158;2.00705;0.0165397;0.947654;0.7;0.7
1.25012;-1.55023;1.99149;0.0084997;0.486997;0.7;0.7
1.1383;-1.52799;1.90538;0.0383687;2.19836;0.7;0.7
1.197;-1.51135;1.92795;-0.0295819;-1.69492;0.7;0.7
1.27654;-1.56877;2.02252;-0.0131992;-0.756256;0.7;0.7
1.44466;-1.4742;2.06405;-0.0922295;-5.28436;0.7;0.7
1.35368;-1.379;1.93238;-0.000855587;-0.0490215;0.7;0.7
1.30018;-1.38721;1.90127;0.0231098;1.3241;0.7;0.7
1.35142;-1.37712;1.92946;-0.0229535;-1.31514;0.7;0.7
1.2867;-1.46986;1.95349;0.0569284;3.26176;0.7;0.7
1.2131;-1.32302;1.79499;-0.0230351;-1.31981;0.7;0.7
1.15026;-1.71732;2.06695;0.151915;8.7041;0.7;0.7
1.1119;-1.65966;1.9977;-0.000104606;-0.00599349;0.7;0.7
0.971814;-1.79556;2.04168;0.0941872;5.39653;0.7;0.7
1.14888;-1.95354;2.26632;-0.0355369;-2.03612;0.7;0.7
0.981404;-1.59411;1.87199;-0.0202173;-1.15836;0.7;0.7
1.01385;-1.7579;2.02931;0.0287013;1.64447;0.7;0.7
0.858551;-1.71636;1.91911;0.0593188;3.39872;0.7;0.7
0.894116;-1.78989;2.00078;0.000543734;0.0311537;0.7;0.7
0.846742;-1.98851;2.16129;0.0607157;3.47876;0.7;0.7
0.499893;-1.64857;1.7227;0.108147;6.19636;0.7;0.7
0.601259;-1.78108;1.87983;-0.0311533;-1.78495;0.7;0.7
0.545591;-1.71909;1.80359;0.0182518;1.04575;0.7;0.7
0.386368;-1.99542;2.03248;0.116056;6.64951;0.7;0.7
0.446926;-2.04654;2.09477;-0.0237454;-1.36051;0.7;0.7
0.423855;-2.0863;2.12892;0.0145731;0.834975;0.7;0.7
0.415891;-1.91494;1.95958;-0.0134284;-0.769392;0.7;0.7
0.425026;-1.95574;2.0014;-0.000132878;-0.00761333;0.7;0.7
0.667613;-2.11643;2.21923;-0.09157;-5.24657;0.7;0.7
0.678161;-1.75658;1.88294;-0.062875;-3.60247;0.7;0.7
0.747786;-1.87503;2.01865;-0.0110427;-0.632703;0.7;0.7
0.781238;-1.69286;1.86443;-0.0528857;-3.03013;0.7;0.7
0.831609;-1.80534;1.98767;0.000701618;0.0401998;0.7;0.7
1.00546;-1.89414;2.14446;-0.056337;-3.22787;0.7;0.7
0.874219;-1.81335;2.01308;0.0387763;2.22172;0.7;0.7
0.945486;-1.85792;2.08466;-0.0215125;-1.23258;0.7;0.7
0.954802;-2.07221;2.2816;0.0389685;2.23273;0.7;0.7
0.791954;-1.62725;1.80973;-0.0211672;-1.21279;0.7;0.7
0.783083;-1.91178;2.06595;0.0641755;3.67699;0.7;0.7
0.761532;-1.89951;2.04647;0.00747103;0.428059;0.7;0.7
0.759773;-1.81745;1.96987;-0.0146715;-0.840614;0.7;0.7
0.769735;-1.8495;2.00328;0.00158154;0.0906154;0.7;0.7
0.544536;-1.93106;2.00636;0.119529;6.84852;0.7;0.7
0.68183;-2.00916;2.1217;-0.0523132;-2.99733;0.7;0.7
0.46301;-1.96437;2.0182;0.0956866;5.48244;0.7;0.7
0.481065;-1.93909;1.99787;-0.0116995;-0.670329;0.7;0.7
0.442674;-1.60363;1.66361;-0.0261587;-1.49878;0.7;0.7
0.46331;-1.91503;1.97028;0.0319646;1.83144;0.7;0.7
0.286266;-1.85308;1.87506;0.0841027;4.81873;0.7;0.7
0.344634;-2.13457;2.16221;-0.00680265;-0.389763;0.7;0.7
0.0307845;-1.95158;1.95183;0.144299;8.26775;0.7;0.7
0.0393464;-2.03642;2.0368;-0.00354617;-0.203181;0.7;0.7
0.032605;-1.99913;1.9994;0.00301091;0.172513;0.7;0.7
-0.154084;-1.95628;1.96234;0.0949096;5.43792;0.7;0.7
-0.163618;-1.98883;1.99555;0.003482;0.199504;0.7;0.7
-0.129648;-1.75993;1.7647;-0.00854972;-0.489863;0.7;0.7
-0.0736611;-2.05;2.05133;-0.0376171;-2.1553;0.7;0.7
-0.0850449;-2.00243;2.00424;0.00652861;0.374062;0.7;0.7
0.164209;-2.02219;2.02885;-0.123471;-7.07435;0.7;0.7
0.191638;-2.00373;2.01288;-0.0143252;-0.820772;0.7;0.7
0.148458;-1.92253;1.92826;0.0182835;1.04757;0.7;0.7
0.170681;-1.9852;1.99252;-0.00869893;-0.498412;0.7;0.7
0.505204;-1.92051;1.98585;-0.171463;-9.82413;0.7;0.7
0.145925;-2.00897;2.01427;0.18472;10.5837;0.7;0.7
0.354149;-1.88571;1.91868;-0.113135;-6.48216;0.7;0.7
0.38433;-1.99941;2.03602;-0.0042608;-0.244126;0.7;0.7
0.404324;-1.9895;2.03017;-0.0105939;-0.606989;0.7;0.7
0.413721;-1.92582;1.96976;-0.0111133;-0.636745;0.7;0.7
0.421296;-1.94937;1.99437;-0.00123353;-0.0706762;0.7;0.7
0.373364;-2.12533;2.15787;0.0389464;2.23146;0.7;0.7
0.203925;-2.04265;2.0528;0.0743956;4.26255;0.7;0.7
0.216203;-2.02558;2.03709;-0.00682968;-0.391312;0.7;0.7
0.125477;-1.97251;1.9765;0.0428061;2.45261;0.7;0.7
0.107818;-2.00972;2.01261;0.00993064;0.568984;0.7;0.7
0.0152445;-1.96045;1.96051;0.0458209;2.62534;0.7;0.7
-0.117973;-2.07422;2.07758;0.0645905;3.70076;0.7;0.7
-0.14467;-1.95215;1.95751;0.0171582;0.983094;0.7;0.7
0.000134622;-2.12252;2.12252;-0.0740363;-4.24197;0.7;0.7
0.105644;-1.96235;1.96519;-0.0537203;-3.07795;0.7;0.7
0.145188;-1.97708;1.9824;-0.0195205;-1.11844;0.7;0.7
0.148796;-1.9903;1.99586;-0.00131711;-0.0754647;0.7;0.7
0.234409;-2.08098;2.09414;-0.0375494;-2.15142;0.7;0.7
0.215503;-2.02832;2.03973;0.00632056;0.362141;0.7;0.7
0.192069;-2.01337;2.02251;0.0107411;0.615421;0.7;0.7
0.163691;-1.89591;1.90297;0.0089841;0.514751;0.7;0.7
0.0994038;-2.03997;2.04239;0.0374354;2.14489;0.7;0.7
0.266709;-2.04451;2.06184;-0.0810289;-4.64261;0.7;0.7
0.219226;-1.90784;1.9204;0.0153124;0.877337;0.7;0.7
0.200474;-1.9949;2.00495;0.0142492;0.816417;0.7;0.7
0.204608;-1.99115;2.00164;-0.00224205;-0.12846;0.7;0.7
0.183385;-2.17595;2.18366;0.0183194;1.04962;0.7;0.7
0.188823;-2.00277;2.01165;-0.00992351;-0.568575;0.7;0.7
0.128728;-2.02657;2.03066;0.0305682;1.75143;0.7;0.7
0.190733;-2.05444;2.06327;-0.0291392;-1.66955;0.7;0.7
0.187129;-2.09153;2.09989;0.00334172;0.191467;0.7;0.7
0.215128;-1.98465;1.99627;-0.0187423;-1.07386;0.7;0.7
0.341536;-1.96999;1.99938;-0.0636883;-3.64907;0.7;0.7
0.580868;-1.88174;1.96935;-0.127744;-7.31918;0.7;0.7
0.544407;-1.9358;2.0109;0.0252572;1.44713;0.7;0.7
0.445528;-1.94783;1.99813;0.0492871;2.82394;0.7;0.7
0.401773;-1.78447;1.82914;0.00340575;0.195135;0.7;0.7
0.707692;-1.59333;1.74342;-0.19653;-11.2603;0.7;0.7
0.776837;-1.90189;2.05443;0.0302135;1.73111;0.7;0.7
0.742799;-1.91222;2.05142;0.0172645;0.989183;0.7;0.7
0.791563;-1.84155;2.00447;-0.0354495;-2.03111;0.7;0.7
0.785687;-1.65827;1.83498;-0.0365109;-2.09192;0.7;0.7
0.872893;-1.80611;2.00598;-0.00773055;-0.442928;0.7;0.7
0.787212;-1.81272;1.97628;0.0405032;2.32066;0.7;0.7
0.844107;-1.80495;1.99258;-0.0277481;-1.58985;0.7;0.7
0.599671;-1.63151;1.73822;0.085216;4.88252;0.7;0.7
0.672273;-1.70164;1.82962;-0.0240242;-1.37649;0.7;0.7
0.512708;-1.69887;1.77455;0.0831523;4.76427;0.7;0.7
0.614419;-1.90174;1.99853;-0.0193961;-1.11131;0.7;0.7
0.763424;-1.93163;2.07702;-0.063885;-3.66034;0.7;0.7
0.712261;-1.8357;1.96904;0.00625893;0.35861;0.7;0.7
0.690185;-1.84646;1.97124;0.0124151;0.711334;0.7;0.7
0.81561;-1.88041;2.04967;-0.0515427;-2.95318;0.7;0.7
0.80672;-1.80558;1.9776;-0.0109334;-0.626438;0.7;0.7
0.76437;-1.95366;2.09787;0.0472425;2.70679;0.7;0.7
0.736808;-1.90151;2.03927;0.00326946;0.187327;0.7;0.7
0.53708;-1.91841;1.99217;0.0966988;5.54043;0.7;0.7
0.470389;-1.68813;1.75244;0.00122129;0.0699747;0.7;0.7
0.571331;-1.97373;2.05476;-0.0100146;-0.573793;0.7;0.7
0.530045;-1.98302;2.05264;0.0205803;1.17917;0.7;0.7
0.790591;-1.82496;1.98884;-0.147619;-8.45794;0.7;0.7
0.680125;-1.88712;2.00594;0.0628918;3.60344;0.7;0.7
0.620302;-1.93318;2.03026;0.0354198;2.02941;0.7;0.7
0.860576;-1.97322;2.15271;-0.100766;-5.77345;0.7;0.7
0.742664;-1.66936;1.8271;-0.0073289;-0.419915;0.7;0.7
0.764827;-1.83712;1.98997;0.0240943;1.3805;0.7;0.7
0.543813;-2.00862;2.08093;0.130092;7.45374;0.7;0.7
0.688196;-1.8211;1.9468;-0.0969095;-5.55251;0.7;0.7
0.663283;-1.64176;1.77069;-0.0226441;-1.29741;0.7;0.7
0.678681;-1.91413;2.03089;0.0432211;2.47639;0.7;0.7
0.659277;-1.85262;1.96643;-0.00115335;-0.0660821;0.7;0.7
0.707165;-1.94737;2.0718;-0.00644372;-0.369198;0.7;0.7
0.674723;-1.89742;2.01381;0.0066749;0.382443;0.7;0.7
0.59413;-1.73147;1.83056;0.0111081;0.636448;0.7;0.7
0.594099;-1.8647;1.95706;0.0221129;1.26698;0.7;0.7
0.731367;-1.86883;2.00684;-0.0645934;-3.70093;0.7;0.7
0.893741;-1.9825;2.17464;-0.0505033;-2.89363;0.7;0.7
0.80254;-1.74726;1.92276;-0.0070399;-0.403356;0.7;0.7
0.85242;-1.86422;2.04986;0.00170144;0.0974855;0.7;0.7
0.873782;-1.7336;1.94136;-0.0379946;-2.17693;0.7;0.7
0.880736;-1.83185;2.03258;0.0187021;1.07155;0.7;0.7
0.915244;-1.94492;2.14951;0.00832468;0.476969;0.7;0.7
0.753563;-1.72333;1.88089;0.02762;1.58251;0.7;0.7
0.754858;-1.89367;2.03858;0.0329005;1.88506;0.7;0.7
0.773146;-1.81318;1.97114;-0.0237418;-1.36031;0.7;0.7
0.789698;-1.84049;2.00275;-0.00225427;-0.12916;0.7;0.7
0.810185;-1.84873;2.01847;-0.0077168;-0.44214;0.7;0.7
0.770993;-1.82022;1.97677;0.0123696;0.708725;0.7;0.7
0.731751;-1.8338;1.9744;0.0209854;1.20237;0.7;0.7
0.759527;-1.87265;2.02082;-0.00563954;-0.323122;0.7;0.7
0.810565;-1.76737;1.94438;-0.0446904;-2.56057;0.7;0.7
0.870909;-1.82232;2.01973;-0.0158177;-0.906287;0.7;0.7
0.807501;-1.82355;1.99434;0.0289578;1.65916;0.7;0.7
0.827513;-1.84169;2.01906;-0.00542522;-0.310842;0.7;0.7
0.67072;-1.83676;1.95539;0.0721693;4.135;0.7;0.7
0.695907;-1.87345;1.99852;-0.00554025;-0.317433;0.7;0.7
0.715722;-1.81651;1.95243;-0.01967;-1.12701;0.7;0.7
0.709051;-1.90157;2.02946;0.0184238;1.05561;0.7;0.7
0.698197;-1.92865;2.05114;0.00957103;0.54838;0.7;0.7
0.543879;-1.90886;1.98483;0.0697687;3.99745;0.7;0.7
0.505366;-1.73068;1.80296;-0.00653788;-0.374593;0.7;0.7
0.602864;-1.96264;2.05315;-0.0139157;-0.797313;0.7;0.7
0.596402;-1.90312;1.99438;-0.00566715;-0.324704;0.7;0.7
0.682381;-1.88417;2.00393;-0.0437834;-2.5086;0.7;0.7
0.605955;-1.8723;1.96791;0.0344687;1.97491;0.7;0.7
0.633987;-1.63119;1.75006;-0.0576949;-3.30567;0.7;0.7
0.632014;-1.83015;1.9362;0.0381847;2.18782;0.7;0.7
1.09764;-1.86163;2.16113;-0.200233;-11.4725;0.7;0.7
1.03668;-1.70452;1.99502;-0.013674;-0.78346;0.7;0.7
1.03698;-1.7117;2.00131;0.00173152;0.0992087;0.7;0.7
1.14787;-1.88782;2.2094;-0.00162249;-0.0929619;0.7;0.7
1.03087;-1.71032;1.99697;0.00388451;0.222566;0.7;0.7
1.03697;-1.89619;2.16121;0.0419873;2.40569;0.7;0.7
1.00979;-1.78356;2.04958;-0.014729;-0.843908;0.7;0.7
0.820988;-2.03934;2.1984;0.132445;7.58852;0.7;0.7
0.673953;-1.86694;1.98486;0.0362887;2.07919;0.7;0.7
0.776116;-1.79207;1.95291;-0.0622626;-3.56739;0.7;0.7
0.81494;-1.95595;2.11893;0.0139228;0.79772;0.7;0.7
0.863562;-2.00861;2.18638;-0.0112644;-0.645405;0.7;0.7
0.827107;-1.87327;2.04774;-0.00974929;-0.558593;0.7;0.7
1.03534;-1.61892;1.92167;-0.153187;-8.777;0.7;0.7
1.11023;-1.60111;1.94838;-0.0373147;-2.13798;0.7;0.7
1.26288;-1.54417;1.99483;-0.0792327;-4.5397;0.7;0.7
1.02413;-1.47041;1.79191;0.0771567;4.42076;0.7;0.7
1.10442;-1.70243;2.02929;0.0328844;1.88414;0.7;0.7
1.26049;-1.69472;2.11209;-0.0640253;-3.66838;0.7;0.7
1.17377;-1.62512;2.00468;0.0139912;0.801637;0.7;0.7
1.14631;-1.57485;1.94786;-0.00367997;-0.210847;0.7;0.7
1.26479;-1.58467;2.02752;-0.044409;-2.54445;0.7;0.7
1.27438;-1.58993;2.03763;-0.00207007;-0.118606;0.7;0.7
1.1954;-1.57981;1.98111;0.0279197;1.59968;0.7;0.7
1.2293;-1.64863;2.05649;0.00704485;0.40364;0.7;0.7
1.02343;-1.5377;1.84714;0.0534774;3.06403;0.7;0.7
1.07925;-1.64182;1.96478;0.00570946;0.327128;0.7;0.7
1.09158;-1.69149;2.01313;0.00843343;0.4832;0.7;0.7
1.14211;-1.61225;1.9758;-0.0432492;-2.47799;0.7;0.7
1.22025;-1.63384;2.03923;-0.0251498;-1.44098;0.7;0.7
1.23806;-1.74758;2.14168;0.0251218;1.43938;0.7;0.7
1.15911;-1.55938;1.94299;-0.0228415;-1.30872;0.7;0.7
1.19317;-1.60894;2.00308;0.0011126;0.0637474;0.7;0.7
1.29801;-1.6448;2.09528;-0.0300017;-1.71897;0.7;0.7
1.45962;-1.63752;2.19361;-0.059923;-3.43334;0.7;0.7
1.04818;-1.3473;1.70701;0.0668479;3.83011;0.7;0.7
1.17862;-1.53021;1.9315;0.00484574;0.27764;0.7;0.7
0.949237;-1.36875;1.66569;0.0499722;2.8632;0.7;0.7
1.25362;-1.67977;2.09599;-0.0347747;-1.99245;0.7;0.7
1.22983;-1.64008;2.04996;-0.00228057;-0.130667;0.7;0.7
1.22791;-1.4531;1.90244;-0.0581883;-3.33395;0.7;0.7
1.23348;-1.66088;2.06882;0.0628098;3.59873;0.7;0.7
1.21315;-1.59313;2.00244;-0.0120242;-0.688935;0.7;0.7
1.17892;-1.65417;2.03129;0.0316195;1.81167;0.7;0.7
1.21504;-1.35412;1.81933;-0.112125;-6.42431;0.7;0.7
1.33426;-1.57318;2.0628;0.0279125;1.59927;0.7;0.7
1.22335;-1.38361;1.84688;-0.0205925;-1.17986;0.7;0.7
1.39961;-1.48475;2.04044;-0.0318891;-1.82711;0.7;0.7
1.42754;-1.4061;2.00374;-0.0370756;-2.12427;0.7;0.7
1.41417;-1.37738;1.9741;-0.00561306;-0.321605;0.7;0.7
1.56818;-1.29898;2.03631;-0.0804362;-4.60865;0.7;0.7
1.45497;-1.21108;1.89305;0.00239097;0.136992;0.7;0.7
1.5571;-1.2791;2.0151;-0.00648175;-0.371377;0.7;0.7
1.76771;-1.62034;2.39798;0.0542386;3.10764;0.7;0.7
1.51934;-1.41774;2.07808;0.00888845;0.509271;0.7;0.7
1.5578;-1.2467;1.99525;-0.0758971;-4.34859;0.7;0.7
1.59815;-1.25194;2.03013;-0.0104067;-0.59626;0.7;0.7
1.59779;-1.1604;1.97471;-0.0363875;-2.08485;0.7;0.7
1.40586;-1.24064;1.875;0.0949233;5.4387;0.7;0.7
1.39609;-1.21522;1.8509;-0.00680647;-0.389982;0.7;0.7
1.45175;-1.4205;2.03111;0.0582743;3.33887;0.7;0.7
1.41166;-1.11335;1.79786;-0.106718;-6.11447;0.7;0.7
1.80303;-1.32183;2.23565;-0.0351938;-2.01645;0.7;0.7
1.6335;-1.27278;2.07082;0.0293047;1.67903;0.7;0.7
1.60075;-1.25437;2.03368;0.00275804;0.158024;0.7;0.7
1.55639;-1.25215;1.99755;0.012823;0.734705;0.7;0.7
1.45576;-1.14159;1.84999;-0.0124691;-0.714429;0.7;0.7
1.522;-1.25251;1.97111;0.0235496;1.34929;0.7;0.7
1.60051;-1.4025;2.12807;0.0309821;1.77514;0.7;0.7
1.47387;-1.36135;2.00638;0.0261772;1.49984;0.7;0.7
1.4877;-1.54876;2.14753;0.0597708;3.42461;0.7;0.7
1.44433;-1.11145;1.82247;-0.149619;-8.57253;0.7;0.7
1.51134;-1.48204;2.11674;0.119725;6.85974;0.7;0.7
1.42946;-1.35491;1.96956;-0.01698;-0.972882;0.7;0.7
1.40443;-1.33685;1.93896;0.00211904;0.121412;0.7;0.7
1.36989;-1.31931;1.90189;0.00584525;0.334908;0.7;0.7
1.22957;-1.53409;1.96603;0.128551;7.36544;0.7;0.7
0.969779;-1.52609;1.80816;0.109562;6.27742;0.7;0.7
1.02976;-1.6308;1.92871;0.0028685;0.164353;0.7;0.7
1.06636;-1.78498;2.07925;0.0247087;1.4157;0.7;0.7
1.02041;-1.71488;1.99551;0.00175194;0.100379;0.7;0.7
1.00434;-1.64319;1.92582;-0.0118642;-0.679771;0.7;0.7
0.968796;-1.66948;1.93022;0.0228183;1.30739;0.7;0.7
0.971113;-1.91614;2.14817;0.0567275;3.25025;0.7;0.7
0.856706;-1.80287;1.99607;0.0254759;1.45966;0.7;0.7
0.894819;-1.78662;1.99817;-0.0207213;-1.18725;0.7;0.7
0.750136;-2.04244;2.17584;0.112344;6.43683;0.7;0.7
0.667306;-1.8542;1.97062;0.00652291;0.373735;0.7;0.7
0.350162;-1.80208;1.83578;0.153539;8.79711;0.7;0.7
0.38633;-2.02813;2.0646;0.00368787;0.211299;0.7;0.7
0.143811;-1.96742;1.97267;0.115264;6.60415;0.7;0.7
0.174865;-2.00766;2.01526;-0.0139131;-0.797163;0.7;0.7
0.016153;-2.06636;2.06642;0.0790627;4.52996;0.7;0.7
0.0263548;-1.92673;1.92691;-0.00586065;-0.335791;0.7;0.7
0.132926;-2.11839;2.12256;-0.0489885;-2.80684;0.7;0.7
0.125289;-1.99624;2.00017;-1.41038e-05;-0.000808089;0.7;0.7
0.188744;-2.02634;2.03512;-0.0301968;-1.73015;0.7;0.7
0.471279;-1.87595;1.93424;-0.153251;-8.78062;0.7;0.7
0.486795;-1.94092;2.00104;0.000390631;0.0223815;0.7;0.7
0.563374;-2.14732;2.22;-0.0108411;-0.621151;0.7;0.7
0.38325;-1.78396;1.82466;0.0449633;2.57621;0.7;0.7
0.516168;-1.86926;1.93922;-0.0578062;-3.31205;0.7;0.7
0.604008;-1.89242;1.98648;-0.0395304;-2.26493;0.7;0.7
0.568602;-2.1414;2.2156;0.0494121;2.83111;0.7;0.7
0.544863;-1.95518;2.02968;-0.0122418;-0.701405;0.7;0.7
0.684762;-2.01981;2.13273;-0.0550816;-3.15594;0.7;0.7
0.715692;-1.9406;2.06837;-0.0264602;-1.51606;0.7;0.7
0.79455;-1.99783;2.15003;-0.0252049;-1.44413;0.7;0.7
0.873133;-1.65167;1.86826;-0.107764;-6.17444;0.7;0.7
0.901685;-1.91797;2.11935;0.0468294;2.68313;0.7;0.7
0.937239;-1.60161;1.85568;-0.0899928;-5.15621;0.7;0.7
0.995923;-1.85621;2.10651;0.0370093;2.12048;0.7;0.7
0.924275;-1.73073;1.96207;0.00194175;0.111254;0.7;0.7
1.16688;-1.95145;2.27371;-0.0484102;-2.7737;0.7;0.7
1.01941;-1.67388;1.95986;-0.00810284;-0.464259;0.7;0.7
1.01408;-1.68577;1.96727;0.00545735;0.312683;0.7;0.7
0.965367;-1.77216;2.01804;0.0427629;2.45014;0.7;0.7
0.961248;-1.68988;1.94414;-0.0183841;-1.05333;0.7;0.7
0.975571;-1.58425;1.86053;-0.0347715;-1.99226;0.7;0.7
0.95775;-1.85152;2.08456;0.0745777;4.27299;0.7;0.7
0.838402;-1.72137;1.91469;0.0241367;1.38293;0.7;0.7
0.871404;-1.7257;1.93323;-0.0143662;-0.823124;0.7;0.7
0.989164;-1.89136;2.13441;-0.0142653;-0.817339;0.7;0.7
1.12419;-1.52912;1.8979;-0.152086;-8.7139;0.7;0.7
1.04619;-1.81783;2.09738;0.111735;6.40195;0.7;0.7
0.962595;-1.6765;1.9332;0.00101214;0.0579912;0.7;0.7
1.0614;-1.73558;2.03441;-0.0276643;-1.58504;0.7;0.7
0.902503;-1.6092;1.845;0.0377453;2.16265;0.7;0.7
0.941104;-1.73334;1.97234;0.0137191;0.786044;0.7;0.7
1.08244;-1.67878;1.99749;-0.0752878;-4.31368;0.7;0.7
0.836069;-1.54359;1.75547;0.0762942;4.37133;0.7;0.7
1.02356;-1.69801;1.98265;-0.046075;-2.6399;0.7;0.7
1.01746;-1.7634;2.03588;0.0191526;1.09736;0.7;0.7
0.9882;-1.67455;1.94439;-0.00980387;-0.56172;0.7;0.7
1.00258;-1.73834;2.00674;0.00998304;0.571986;0.7;0.7
0.982681;-1.68126;1.94738;-0.00579171;-0.33184;0.7;0.7
1.01608;-1.73273;2.00867;-0.00142772;-0.0818025;0.7;0.7
1.00003;-1.75998;2.02425;0.0136533;0.782277;0.7;0.7
0.850197;-1.75573;1.95075;0.0657502;3.76721;0.7;0.7
0.933532;-1.81808;2.04375;-0.0234049;-1.341;0.7;0.7
1.02856;-1.63524;1.93183;-0.0871019;-4.99057;0.7;0.7
1.13754;-1.63242;1.98967;-0.0471345;-2.70061;0.7;0.7
1.16587;-1.62447;1.99954;-0.0138993;-0.796373;0.7;0.7
0.916502;-1.65076;1.88812;0.115675;6.62769;0.7;0.7
0.958545;-1.74769;1.99329;0.00516321;0.29583;0.7;0.7
0.992338;-1.94924;2.1873;0.0307707;1.76303;0.7;0.7
0.918578;-1.77511;1.9987;-0.00663861;-0.380364;0.7;0.7
0.898193;-1.58171;1.81894;-0.038921;-2.23001;0.7;0.7
1.01928;-1.77166;2.04395;-0.00562537;-0.32231;0.7;0.7
1.00991;-1.6532;1.93726;-0.0263032;-1.50706;0.7;0.7
1.02395;-1.91922;2.17528;0.058277;3.33903;0.7;0.7
1.07598;-1.75054;2.05478;-0.061022;-3.49631;0.7;0.7
1.04794;-1.69953;1.99664;-0.00141287;-0.0809512;0.7;0.7
1.04045;-1.65585;1.9556;-0.00846352;-0.484924;0.7;0.7
0.913292;-1.39578;1.66803;-0.0184045;-1.0545;0.7;0.7
1.1109;-1.68727;2.02015;-0.00285226;-0.163423;0.7;0.7
1.06485;-1.72687;2.02879;0.0297005;1.70171;0.7;0.7
1.03433;-1.64784;1.94557;-0.00797044;-0.456673;0.7;0.7
1.12051;-1.69055;2.02817;-0.0247957;-1.42069;0.7;0.7
1.13653;-1.89591;2.21047;0.0452987;2.59543;0.7;0.7
0.909006;-1.77894;1.99773;0.0676328;3.87507;0.7;0.7
0.883331;-1.81149;2.01538;0.0186932;1.07104;0.7;0.7
0.945763;-1.75231;1.99125;-0.041218;-2.36162;0.7;0.7
0.725762;-1.5269;1.69061;0.0512115;2.9342;0.7;0.7
0.853257;-1.80045;1.9924;0.00114636;0.0656815;0.7;0.7
0.832382;-1.61262;1.81477;-0.0339368;-1.94443;0.7;0.7
0.911395;-1.7259;1.95176;-0.00935206;-0.535834;0.7;0.7
1.05406;-1.65448;1.96172;-0.0813991;-4.66383;0.7;0.7
1.17009;-1.51326;1.91287;-0.0909499;-5.21105;0.7;0.7
1.22359;-1.58239;2.00028;-1.90085e-05;-0.00108911;0.7;0.7
1.02761;-1.85422;2.11993;0.152157;8.71793;0.7;0.7
0.907814;-1.79638;2.01274;0.0381374;2.18511;0.7;0.7
0.900567;-1.67687;1.90339;-0.0249249;-1.42809;0.7;0.7
0.920107;-1.7389;1.96732;0.00616808;0.353405;0.7;0.7
1.01172;-1.70931;1.98628;-0.0477516;-2.73596;0.7;0.7
1.1522;-1.66411;2.02406;-0.0711648;-4.07745;0.7;0.7
1.14933;-1.57252;1.94776;-0.0255565;-1.46428;0.7;0.7
1.205;-1.72818;2.10681;0.0222634;1.2756;0.7;0.7
1.07978;-1.79969;2.09876;0.0684853;3.92392;0.7;0.7
1.05378;-1.74744;2.04059;-0.0022483;-0.128818;0.7;0.7
1.09313;-1.74656;2.06044;-0.0165735;-0.949592;0.7;0.7
