#1 AntVel X	#2 AntVel Y	#3 Speed	#4 Turning Angle Rad		#5 Turning Angle Deg	#6 Detected Phero Left	#7 Detected Phero Right	
-2.08827;0.296055;2.10916;-0.0196128;-1.12373;0.7;0.7
-1.93821;0.362728;1.97186;0.0441738;2.53097;0.7;0.7
-2.03003;0.610136;2.11974;0.10696;6.12835;0.7;0.7
-1.89968;0.57564;1.98498;0.00225885;0.129423;0.7;0.7
-1.97547;0.623541;2.07154;0.0115201;0.660054;0.7;0.7
-1.97193;0.621514;2.06756;-0.000419614;-0.0240421;0.7;0.7
-2.06163;0.492828;2.11972;-0.0706809;-4.04972;0.7;0.7
-1.95875;0.46367;2.01288;-0.00220548;-0.126365;0.7;0.7
-2.0047;0.466544;2.05828;-0.00378399;-0.216807;0.7;0.7
-1.9868;0.52852;2.0559;0.0313398;1.79564;0.7;0.7
-1.97958;0.33776;2.00819;-0.0909993;-5.21388;0.7;0.7
-1.96437;0.0710399;1.96565;-0.132847;-7.61155;0.7;0.7
-2.03673;-0.00253076;2.03673;-0.0373911;-2.14235;0.7;0.7
-2.00981;-0.150374;2.01543;-0.0734382;-4.2077;0.7;0.7
-1.96384;-0.143017;1.96904;0.00198382;0.113665;0.7;0.7
-1.96124;-0.0797405;1.96286;0.0320611;1.83697;0.7;0.7
-1.88344;-0.255691;1.90072;-0.0942966;-5.4028;0.7;0.7
-1.96529;-0.236121;1.97943;0.0153599;0.880055;0.7;0.7
-2.01733;-0.239608;2.03151;0.00135165;0.0774439;0.7;0.7
-1.9252;-0.215375;1.93721;0.00681225;0.390313;0.7;0.7
-2.26302;-0.271617;2.27926;-0.00804434;-0.460907;0.7;0.7
-2.00895;-0.050406;2.00958;0.0943675;5.40686;0.7;0.7
-2.01696;-0.275359;2.03567;-0.110597;-6.33676;0.7;0.7
-1.89914;-0.248872;1.91538;0.00538065;0.308289;0.7;0.7
-1.87043;-0.0450027;1.87097;0.106247;6.08749;0.7;0.7
-1.88904;-0.0164287;1.88911;0.0153588;0.879997;0.7;0.7
-2.11942;0.110991;2.12232;0.0610172;3.49603;0.7;0.7
-1.91227;0.057997;1.91314;-0.0220009;-1.26056;0.7;0.7
-1.78948;0.0689229;1.79081;0.00817687;0.4685;0.7;0.7
-2.01747;0.0541948;2.0182;-0.0116403;-0.66694;0.7;0.7
-1.88959;0.0324878;1.88987;-0.0096649;-0.553758;0.7;0.7
-1.97549;-0.0156959;1.97556;-0.0251365;-1.44021;0.7;0.7
-2.08391;-0.0865251;2.08571;-0.0335516;-1.92236;0.7;0.7
-1.94055;0.0884031;1.94257;0.0870209;4.98593;0.7;0.7
-1.96784;0.212226;1.97925;0.0619081;3.54708;0.7;0.7
-1.85324;0.256809;1.87095;0.0302632;1.73395;0.7;0.7
-1.86258;0.458436;1.91817;0.103637;5.93797;0.7;0.7
-1.94524;0.460439;1.99899;-0.0089095;-0.510477;0.7;0.7
-1.91237;0.75574;2.05628;0.143926;8.24637;0.7;0.7
-1.87914;0.766239;2.02935;0.0108298;0.620504;0.7;0.7
-1.84119;0.906521;2.05226;0.0703338;4.02983;0.7;0.7
-1.78138;0.913593;2.00199;0.0163664;0.937723;0.7;0.7
-1.78321;0.904312;1.99941;-0.00454754;-0.260555;0.7;0.7
-1.68897;0.723602;1.83745;-0.0645607;-3.69906;0.7;0.7
-1.81624;0.639659;1.92559;-0.0661474;-3.78997;0.7;0.7
-1.72647;0.683319;1.85678;0.0382472;2.1914;0.7;0.7
-2.05051;0.717294;2.17235;-0.0403625;-2.3126;0.7;0.7
-2.16823;0.635579;2.25947;-0.0513643;-2.94296;0.7;0.7
-1.93459;0.607276;2.02766;0.0190201;1.08977;0.7;0.7
-1.88166;0.532042;1.95543;-0.0286057;-1.63899;0.7;0.7
-2.01168;0.639006;2.11073;0.0320089;1.83397;0.7;0.7
-1.88161;0.511355;1.94986;-0.0422116;-2.41854;0.7;0.7
-1.87919;0.122878;1.8832;-0.20006;-11.4626;0.7;0.7
-2.1866;0.107509;2.18924;-0.0161684;-0.926379;0.7;0.7
-1.81848;-0.0338611;1.8188;-0.0677459;-3.88156;0.7;0.7
-2.08941;-0.0678357;2.09051;-0.0138366;-0.792781;0.7;0.7
-1.71186;0.0925361;1.71436;0.0864582;4.95369;0.7;0.7
-1.8408;-0.0762626;1.84238;-0.0954085;-5.4665;0.7;0.7
-1.97736;-0.243583;1.9923;-0.0811633;-4.65031;0.7;0.7
-2.09824;-0.213081;2.10903;0.021363;1.22401;0.7;0.7
-2.01705;-0.200545;2.027;0.00210658;0.120698;0.7;0.7
-2.00561;-0.217112;2.01733;-0.00873339;-0.500386;0.7;0.7
-2.09053;-0.0988281;2.09286;0.0605932;3.47174;0.7;0.7
-2.07946;-0.0846119;2.08118;0.00657224;0.376562;0.7;0.7
-2.29606;0.207968;2.30546;0.130997;7.50555;0.7;0.7
-2.06586;0.202953;2.0758;0.00759775;0.435319;0.7;0.7
-2.05349;0.106003;2.05622;-0.0463525;-2.6558;0.7;0.7
-2.28051;0.287024;2.2985;0.0736262;4.21847;0.7;0.7
-2.0556;0.304164;2.07798;0.0217011;1.24338;0.7;0.7
-2.05361;0.488889;2.11101;0.08681;4.97385;0.7;0.7
-1.97817;0.447211;2.02809;-0.011377;-0.651855;0.7;0.7
-1.94311;0.385241;1.98093;-0.0266131;-1.52482;0.7;0.7
-1.91709;0.359688;1.95054;-0.0102568;-0.58767;0.7;0.7
-1.85602;0.271911;1.87584;-0.0399985;-2.29175;0.7;0.7
-1.97801;0.282652;1.99811;-0.00353069;-0.202294;0.7;0.7
-2.04876;0.304034;2.0712;0.00538796;0.308708;0.7;0.7
-1.95578;0.249313;1.97161;-0.0205334;-1.17647;0.7;0.7
-2.04197;-0.0333032;2.04224;-0.143099;-8.19895;0.7;0.7
-2.01785;-0.0320379;2.01811;0.000432041;0.0247541;0.7;0.7
-2.22191;-0.0770911;2.22325;-0.018806;-1.0775;0.7;0.7
-2.03392;0.050138;2.03453;0.0593279;3.39924;0.7;0.7
-1.89816;0.145383;1.90372;0.0517966;2.96773;0.7;0.7
-1.8821;0.141447;1.88741;-0.00142961;-0.0819107;0.7;0.7
-1.95495;-0.0504038;1.9556;-0.10079;-5.77484;0.7;0.7
-1.97259;-0.0494923;1.97322;0.000692235;0.0396621;0.7;0.7
-1.87871;-0.326368;1.90684;-0.146918;-8.41779;0.7;0.7
-1.69065;-0.0538365;1.69151;0.14017;8.03114;0.7;0.7
-1.98354;-0.0532858;1.98426;0.00497548;0.285074;0.7;0.7
-2.17204;0.112023;2.17493;0.0783866;4.49122;0.7;0.7
-2.02489;0.0687302;2.02605;-0.0175994;-1.00837;0.7;0.7
-1.66587;-0.0472998;1.66654;-0.0623155;-3.57041;0.7;0.7
-1.9588;-0.0770759;1.96032;-0.0109424;-0.626954;0.7;0.7
-1.86657;0.00360144;1.86657;0.0412576;2.36389;0.7;0.7
-1.89436;0.0978462;1.89689;0.0496759;2.84622;0.7;0.7
-2.13614;0.114827;2.13922;0.00209719;0.12016;0.7;0.7
-1.9455;0.013706;1.94555;-0.0466577;-2.67329;0.7;0.7
-1.98632;0.0277655;1.98651;0.00693262;0.39721;0.7;0.7
-2.04714;0.0205428;2.04724;-0.00394296;-0.225915;0.7;0.7
-2.06348;0.238049;2.07716;0.104821;6.00579;0.7;0.7
-1.87002;0.20749;1.8815;-0.0043512;-0.249305;0.7;0.7
-2.01947;0.228097;2.03231;0.00196814;0.112766;0.7;0.7
-2.03236;0.266663;2.04978;0.0179908;1.0308;0.7;0.7
-2.00981;0.203444;2.02008;-0.0295811;-1.69487;0.7;0.7
-1.83556;0.300882;1.86006;0.0615916;3.52894;0.7;0.7
-2.24358;0.354212;2.27137;-0.00588803;-0.337359;0.7;0.7
-1.95856;0.332673;1.98661;0.0116651;0.66836;0.7;0.7
-1.98085;0.154939;1.9869;-0.0901909;-5.16756;0.7;0.7
-1.82665;0.0456855;1.82722;-0.0530543;-3.03979;0.7;0.7
-2.00034;0.0470538;2.0009;-0.00148678;-0.0851859;0.7;0.7
-1.79806;0.106143;1.80119;0.0354447;2.03083;0.7;0.7
-2.07482;0.0851879;2.07657;-0.0179284;-1.02722;0.7;0.7
-1.9986;0.0837201;2.00035;0.000830069;0.0475595;0.7;0.7
-1.97752;0.000794084;1.97752;-0.0414634;-2.37568;0.7;0.7
-2.00619;-0.000227618;2.00619;-0.000515013;-0.0295081;0.7;0.7
-2.08239;-0.177589;2.08995;-0.0849622;-4.86798;0.7;0.7
-2.06804;-0.131575;2.07223;0.0215385;1.23406;0.7;0.7
-1.95493;-0.193328;1.96446;-0.0350347;-2.00734;0.7;0.7
-1.93895;-0.41888;1.98368;-0.114193;-6.54278;0.7;0.7
-2.00393;-0.219047;2.01586;0.103888;5.95235;0.7;0.7
-1.98353;-0.213209;1.99496;0.00179885;0.103067;0.7;0.7
-1.97179;-0.205313;1.98246;0.00332719;0.190634;0.7;0.7
-2.03233;-0.16258;2.03882;0.0239239;1.37074;0.7;0.7
-2.22364;-0.161239;2.22948;0.00744224;0.426409;0.7;0.7
-2.06939;-0.438177;2.11527;-0.136275;-7.80798;0.7;0.7
-2.02551;-0.510974;2.08897;-0.0384533;-2.20321;0.7;0.7
-2.04501;-0.418167;2.08733;0.0454124;2.60194;0.7;0.7
-2.09894;-0.319124;2.12307;0.0508161;2.91155;0.7;0.7
-2.01518;-0.25944;2.03182;0.0228462;1.30899;0.7;0.7
-1.89047;-0.183701;1.89938;0.0311703;1.78593;0.7;0.7
-2.02797;-0.162973;2.03451;0.0166777;0.955564;0.7;0.7
-1.91139;-0.324664;1.93877;-0.0880615;-5.04555;0.7;0.7
-2.00279;-0.323664;2.02878;0.00803062;0.460121;0.7;0.7
-1.94441;-0.336898;1.97338;-0.0113405;-0.649763;0.7;0.7
-1.97678;-0.309734;2.0009;0.0161396;0.924728;0.7;0.7
-1.98127;-0.279618;2.00091;0.0152177;0.87191;0.7;0.7
-2.06453;-0.228582;2.07715;0.0299351;1.71515;0.7;0.7
-1.9642;-0.17078;1.97161;0.0235411;1.3488;0.7;0.7
-1.96676;-0.228654;1.98001;-0.029011;-1.66221;0.7;0.7
-1.99927;-0.336624;2.02741;-0.0510695;-2.92607;0.7;0.7
-2.21308;-0.279015;2.2306;0.0413951;2.37176;0.7;0.7
-1.87683;-0.261984;1.89503;-0.0132784;-0.760797;0.7;0.7
-2.2011;-0.39719;2.23665;-0.0398371;-2.2825;0.7;0.7
-1.95439;-0.349872;1.98546;0.00138689;0.079463;0.7;0.7
-1.84203;-0.455849;1.8976;-0.0654543;-3.75026;0.7;0.7
-1.96818;-0.517899;2.03518;-0.0147066;-0.842627;0.7;0.7
-1.92585;-0.571935;2.00898;-0.0313793;-1.7979;0.7;0.7
-1.87635;-0.684851;1.99743;-0.0612841;-3.51132;0.7;0.7
-1.84077;-0.630739;1.94584;0.0198556;1.13764;0.7;0.7
-1.87787;-0.655455;1.98897;-0.00570978;-0.327146;0.7;0.7
-1.90563;-0.686145;2.02539;-0.00978992;-0.560921;0.7;0.7
-1.90053;-0.63401;2.00349;0.0236227;1.35348;0.7;0.7
-2.0194;-0.756571;2.15647;-0.0364769;-2.08997;0.7;0.7
-2.00371;-0.732831;2.13351;0.0078388;0.44913;0.7;0.7
-2.00881;-0.698947;2.12693;0.0157865;0.904499;0.7;0.7
-1.76195;-0.500606;1.83169;0.058015;3.32401;0.7;0.7
-2.28174;-0.485239;2.33277;0.0672844;3.85511;0.7;0.7
-1.77751;-0.241555;1.79385;0.0744722;4.26695;0.7;0.7
-1.94486;-0.190452;1.95416;0.0374532;2.14591;0.7;0.7
-1.81925;0.0564297;1.82012;0.128623;7.36955;0.7;0.7
-2.01483;0.115995;2.01816;0.0264993;1.5183;0.7;0.7
-1.85542;0.0562959;1.85628;-0.0271754;-1.55704;0.7;0.7
-1.91744;0.160016;1.92411;0.0529278;3.03254;0.7;0.7
-2.11819;0.0128361;2.11823;-0.0772;-4.42323;0.7;0.7
-1.96894;0.0972992;1.97134;0.0433171;2.48189;0.7;0.7
-1.97594;0.103177;1.97863;0.0027925;0.159999;0.7;0.7
-1.93779;-0.00593519;1.9378;-0.0552323;-3.16458;0.7;0.7
-2.13998;0.21254;2.15051;0.102057;5.84742;0.7;0.7
-2.01662;0.104137;2.01931;-0.0474004;-2.71584;0.7;0.7
-2.02824;0.101568;2.03078;-0.00155809;-0.089272;0.7;0.7
-2.07213;0.24499;2.08657;0.0676488;3.87599;0.7;0.7
-2.05402;0.259759;2.07038;0.0081122;0.464795;0.7;0.7
-2.15206;0.179977;2.15957;-0.0423601;-2.42706;0.7;0.7
-1.94709;-0.0024039;1.94709;-0.0846709;-4.85129;0.7;0.7
-2.29401;0.0712711;2.29512;0.032293;1.85025;0.7;0.7
-2.00961;-0.00230605;2.00961;-0.0322059;-1.84526;0.7;0.7
-2.18748;-0.00476548;2.18749;-0.00103101;-0.0590725;0.7;0.7
-1.9252;0.0713367;1.92652;0.0392158;2.2469;0.7;0.7
-1.9754;0.138107;1.98022;0.0327626;1.87716;0.7;0.7
-2.17702;-0.139531;2.18149;-0.133805;-7.66647;0.7;0.7
-1.97212;-0.0897858;1.97417;0.0185092;1.0605;0.7;0.7
-2.0146;-0.18623;2.02319;-0.0466824;-2.6747;0.7;0.7
-1.96806;-0.189354;1.97714;-0.00374028;-0.214302;0.7;0.7
-2.18394;-0.0957169;2.18604;0.0521191;2.9862;0.7;0.7
-2.08255;-0.228624;2.09506;-0.0655436;-3.75537;0.7;0.7
-1.82812;-0.000463481;1.82812;0.10909;6.25038;0.7;0.7
-1.96582;0.0262075;1.96599;0.0135843;0.778325;0.7;0.7
-1.98481;-0.00502129;1.98482;-0.0158607;-0.908748;0.7;0.7
-1.9846;0.00130081;1.98461;0.00318531;0.182505;0.7;0.7
-1.97619;0.2282;1.98932;0.11431;6.54949;0.7;0.7
-1.9577;0.232256;1.97143;0.0031195;0.178734;0.7;0.7
-2.005;0.252674;2.02086;0.00727585;0.416876;0.7;0.7
-2.01149;0.259882;2.0282;0.00312633;0.179126;0.7;0.7
-1.95156;0.163831;1.95842;-0.044735;-2.56313;0.7;0.7
-1.99084;0.166014;1.99775;-0.000556151;-0.0318651;0.7;0.7
-2.13301;0.256692;2.1484;0.0365707;2.09535;0.7;0.7
-1.99103;0.0645741;1.99208;-0.0873458;-5.00454;0.7;0.7
-1.7783;-0.189206;1.78834;-0.138419;-7.93085;0.7;0.7
-2.33119;0.0285902;2.33137;0.118262;6.77591;0.7;0.7
-1.96108;0.232271;1.97479;0.105628;6.05203;0.7;0.7
-1.95543;0.182377;1.96391;-0.0248933;-1.42628;0.7;0.7
-2.16063;0.406957;2.19862;0.093172;5.33836;0.7;0.7
-1.96521;0.406548;2.00682;0.0178251;1.0213;0.7;0.7
-1.89986;0.57238;1.98421;0.0886307;5.07816;0.7;0.7
-1.90659;0.56974;1.9899;-0.00224622;-0.128699;0.7;0.7
-1.82937;0.544759;1.90876;-0.000956137;-0.0547826;0.7;0.7
-1.92876;0.502687;1.99319;-0.0344686;-1.97491;0.7;0.7
-1.94465;0.488756;2.00513;-0.00872118;-0.499687;0.7;0.7
-1.95845;0.479666;2.01633;-0.00604023;-0.34608;0.7;0.7
-1.94298;0.47654;2.00057;0.000320764;0.0183784;0.7;0.7
-1.90656;0.517461;1.97554;0.024512;1.40444;0.7;0.7
-1.74148;0.574117;1.83367;0.0534259;3.06108;0.7;0.7
-2.05483;0.675517;2.16302;-0.000836181;-0.0479097;0.7;0.7
-2.1843;0.228276;2.1962;-0.213487;-12.2319;0.7;0.7
-1.8154;0.119994;1.81936;-0.0381275;-2.18454;0.7;0.7
-2.15528;0.293765;2.17521;0.0694635;3.97996;0.7;0.7
-1.80843;0.179339;1.8173;-0.0366203;-2.09819;0.7;0.7
-2.23879;0.338548;2.26424;0.0512373;2.93568;0.7;0.7
-1.98649;0.310703;2.01065;0.00506858;0.290408;0.7;0.7
-1.96159;0.306081;1.98533;-0.000361755;-0.0207271;0.7;0.7
-2.04375;0.244424;2.05831;-0.0357584;-2.04881;0.7;0.7
-1.85715;0.368572;1.89337;0.0768853;4.4052;0.7;0.7
-1.92887;0.505124;1.99392;0.0602079;3.44966;0.7;0.7
-2.29379;0.729944;2.40713;0.051969;2.97761;0.7;0.7
-1.94102;0.43563;1.9893;-0.0873175;-5.00292;0.7;0.7
-1.92934;0.524976;1.99949;0.0448943;2.57226;0.7;0.7
-1.99907;0.156221;2.00516;-0.187681;-10.7534;0.7;0.7
-2.0724;0.357225;2.10297;0.0927066;5.3117;0.7;0.7
-2.12647;0.068788;2.12759;-0.138358;-7.92732;0.7;0.7
-2.10836;-0.0805071;2.1099;-0.0705032;-4.03954;0.7;0.7
-1.81293;-0.165683;1.82049;-0.0529699;-3.03495;0.7;0.7
-2.03801;-0.0362179;2.03833;0.0733666;4.2036;0.7;0.7
-2.06015;-0.241853;2.0743;-0.0990914;-5.67752;0.7;0.7
-1.98769;-0.234308;2.00145;-0.000477447;-0.0273557;0.7;0.7
-2.17269;-0.258631;2.18802;-0.00114164;-0.065411;0.7;0.7
-1.87349;0.0234978;1.87364;0.131021;7.50697;0.7;0.7
-1.81785;0.00891035;1.81787;-0.00764005;-0.437742;0.7;0.7
-2.02695;0.13769;2.03162;0.0629238;3.60527;0.7;0.7
-2.18213;0.163857;2.18827;0.00712448;0.408203;0.7;0.7
-1.79378;0.334165;1.82464;0.10923;6.25845;0.7;0.7
-1.76709;0.496039;1.8354;0.0894854;5.12714;0.7;0.7
-1.72315;0.312357;1.75124;-0.0943427;-5.40544;0.7;0.7
-1.9515;0.456281;2.00414;0.050361;2.88547;0.7;0.7
-2.10212;0.453339;2.15045;-0.0172786;-0.989993;0.7;0.7
-1.94043;0.407182;1.9827;-0.0055658;-0.318897;0.7;0.7
-1.8538;0.457718;1.90947;0.0352271;2.01836;0.7;0.7
-1.90127;0.558357;1.98156;0.0435782;2.49685;0.7;0.7
-1.8519;0.657989;1.96532;0.0557485;3.19415;0.7;0.7
-1.57375;0.514461;1.65571;-0.0254435;-1.4578;0.7;0.7
-1.90832;0.562699;1.98955;-0.0292095;-1.67358;0.7;0.7
-1.94789;0.586792;2.03435;0.00585821;0.335651;0.7;0.7
-1.77942;0.437865;1.8325;-0.0513198;-2.94041;0.7;0.7
-1.75188;0.492811;1.81987;0.0329391;1.88727;0.7;0.7
-2.0518;0.497645;2.11129;-0.0362728;-2.07828;0.7;0.7
-1.89816;0.591554;1.9882;0.0641613;3.67617;0.7;0.7
-1.86747;0.596957;1.96057;0.00728803;0.417573;0.7;0.7
-1.83349;0.66624;1.95079;0.0391432;2.24274;0.7;0.7
-2.13316;0.84572;2.29469;0.0289165;1.65679;0.7;0.7
-1.82489;0.576389;1.91375;-0.0715215;-4.09788;0.7;0.7
-1.88805;0.609131;1.98388;0.00614957;0.352344;0.7;0.7
-1.87311;0.448888;1.92615;-0.0768698;-4.40431;0.7;0.7
-1.94871;0.595626;2.0377;0.0614214;3.51919;0.7;0.7
-1.82626;0.524953;1.90021;-0.0167336;-0.958765;0.7;0.7
-1.92331;0.544986;1.99903;-0.00377954;-0.216552;0.7;0.7
-1.89252;0.493687;1.95585;-0.0209454;-1.20008;0.7;0.7
-1.93968;0.489258;2.00043;-0.0080929;-0.463689;0.7;0.7
-1.9147;0.355772;1.94747;-0.0633669;-3.63065;0.7;0.7
-1.97021;0.520269;2.03774;0.074459;4.26619;0.7;0.7
-1.85958;0.692379;1.98429;0.098254;5.62954;0.7;0.7
-1.82694;0.693906;1.95428;0.00655935;0.375823;0.7;0.7
-1.69433;0.747572;1.85192;0.0525411;3.01038;0.7;0.7
-1.86633;0.795176;2.02866;-0.012757;-0.730924;0.7;0.7
-1.80821;0.786747;1.97195;0.00762014;0.436602;0.7;0.7
-1.79717;0.738678;1.94305;-0.0204186;-1.1699;0.7;0.7
-1.74339;0.848318;1.93883;0.0628884;3.60324;0.7;0.7
-1.95931;0.805636;2.11848;-0.0627523;-3.59544;0.7;0.7
-1.71999;0.878191;1.93121;0.0819659;4.6963;0.7;0.7
-1.75697;0.851889;1.9526;-0.0206106;-1.1809;0.7;0.7
-1.82356;0.881179;2.0253;-0.00133128;-0.0762768;0.7;0.7
-1.74941;0.831039;1.93677;-0.00665373;-0.381231;0.7;0.7
-1.75482;0.742056;1.90526;-0.0434164;-2.48758;0.7;0.7
-1.82378;0.82004;1.99966;0.0224882;1.28848;0.7;0.7
-1.90833;0.832382;2.08197;-0.0112475;-0.644433;0.7;0.7
-1.70624;0.688998;1.8401;-0.0275172;-1.57662;0.7;0.7
-1.91928;0.834843;2.09299;0.0265041;1.51857;0.7;0.7
-1.78499;0.859867;1.98131;0.0386256;2.21309;0.7;0.7
-1.759;0.948359;1.99837;0.0455558;2.61015;0.7;0.7
-1.84668;0.953625;2.07837;-0.0177913;-1.01937;0.7;0.7
-1.88531;0.883937;2.08224;-0.0382582;-2.19203;0.7;0.7
-1.8218;0.840081;2.00616;-0.00635517;-0.364124;0.7;0.7
-1.61976;0.874444;1.84072;0.0629578;3.60721;0.7;0.7
-1.74376;1.10798;2.06599;0.0710163;4.06893;0.7;0.7
-1.80536;0.906421;2.02013;-0.100738;-5.77187;0.7;0.7
-1.80528;0.868502;2.00333;-0.0168977;-0.968169;0.7;0.7
-1.82922;0.985497;2.0778;0.0457611;2.62192;0.7;0.7
-1.76924;0.986349;2.02561;0.014416;0.825976;0.7;0.7
-1.7039;1.04069;1.99657;0.0397162;2.27557;0.7;0.7
-1.65079;0.995658;1.92781;-0.0055749;-0.319418;0.7;0.7
-1.69014;0.989604;1.95855;-0.0130245;-0.746252;0.7;0.7
-1.82427;0.881011;2.02586;-0.0797933;-4.57182;0.7;0.7
-1.81332;0.877448;2.01446;0.000771278;0.044191;0.7;0.7
-1.86292;0.850243;2.04778;-0.0225124;-1.28987;0.7;0.7
-1.81542;0.726386;1.95535;-0.0475562;-2.72477;0.7;0.7
-1.80549;0.737749;1.95041;0.0073003;0.418276;0.7;0.7
-1.90727;0.678947;2.02451;-0.045919;-2.63096;0.7;0.7
-1.93204;0.681773;2.04881;-0.00275568;-0.157889;0.7;0.7
-1.94176;0.481142;2.00048;-0.0963406;-5.51991;0.7;0.7
-1.95491;0.485236;2.01423;0.000402414;0.0230566;0.7;0.7
-2.04964;0.464664;2.10165;-0.0203597;-1.16653;0.7;0.7
-2.03765;-0.0861077;2.03947;-0.26517;-15.1931;0.7;0.7
-1.92534;0.00776745;1.92535;0.0462676;2.65094;0.7;0.7
-1.93541;-0.0137813;1.93546;-0.0111548;-0.639123;0.7;0.7
-2.0748;-0.048424;2.07537;-0.0162144;-0.929016;0.7;0.7
-1.8413;0.0475775;1.84192;0.0491682;2.81713;0.7;0.7
-1.96277;0.104928;1.96557;0.0275751;1.57994;0.7;0.7
-1.99032;0.232136;2.00381;0.0626997;3.59243;0.7;0.7
-2.15358;0.371245;2.18535;0.0545989;3.12829;0.7;0.7
-1.98649;0.302572;2.0094;-0.0195538;-1.12035;0.7;0.7
-1.73922;0.00437893;1.73923;-0.148635;-8.51618;0.7;0.7
-1.87443;0.0584276;1.87534;0.0286431;1.64113;0.7;0.7
-2.06689;0.133059;2.07117;0.0331271;1.89804;0.7;0.7
-2.06923;0.167841;2.07603;0.0166478;0.953849;0.7;0.7
-2.07746;0.212839;2.08834;0.0211595;1.21235;0.7;0.7
-1.80434;0.310701;1.8309;0.0684284;3.92066;0.7;0.7
-1.86023;0.257076;1.87791;-0.0331973;-1.90206;0.7;0.7
-2.15332;0.208304;2.16337;-0.0408901;-2.34283;0.7;0.7
-1.9818;0.226836;1.99474;0.0175275;1.00425;0.7;0.7
-1.95615;0.23395;1.97009;0.00506821;0.290387;0.7;0.7
-1.91032;0.261814;1.92817;0.017172;0.983883;0.7;0.7
-2.07955;0.425479;2.12263;0.0656126;3.75933;0.7;0.7
-1.88975;0.429349;1.93792;0.0215894;1.23698;0.7;0.7
-1.92942;0.398493;1.97014;-0.0197347;-1.13071;0.7;0.7
-1.9625;0.4327;2.00964;0.0133406;0.764362;0.7;0.7
-1.87046;0.476324;1.93015;0.0323447;1.85322;0.7;0.7
-1.99142;0.596007;2.0787;0.041446;2.37468;0.7;0.7
-1.85143;0.636722;1.95786;0.0404346;2.31673;0.7;0.7
-1.6615;0.429792;1.71619;-0.0781083;-4.47528;0.7;0.7
-2.12871;0.55385;2.19959;0.00140832;0.080691;0.7;0.7
-1.97626;0.716829;2.10225;0.0934238;5.35279;0.7;0.7
-1.97856;0.831161;2.14605;0.0497389;2.84983;0.7;0.7
-1.89118;0.785648;2.04788;-0.00396547;-0.227205;0.7;0.7
-1.82484;0.741324;1.96967;-0.00786098;-0.450401;0.7;0.7
-1.85086;0.756402;1.99945;0.00209003;0.11975;0.7;0.7
-1.85364;0.6832;1.97554;-0.0348399;-1.99618;0.7;0.7
-1.61656;0.600435;1.72447;0.00251136;0.14389;0.7;0.7
-1.56958;0.662054;1.7035;0.043524;2.49374;0.7;0.7
-1.83197;0.578144;1.92103;-0.0934657;-5.35519;0.7;0.7
-1.92587;0.570466;2.00859;-0.0177155;-1.01502;0.7;0.7
-1.93406;0.626417;2.03298;0.0252468;1.44653;0.7;0.7
-1.73029;0.709027;1.86993;0.0756781;4.33604;0.7;0.7
-1.85741;0.727101;1.99465;-0.0157804;-0.904151;0.7;0.7
-1.71481;0.7586;1.87511;0.0433779;2.48537;0.7;0.7
-1.73711;0.796641;1.91107;0.0134822;0.772475;0.7;0.7
-1.91176;0.773134;2.06217;-0.0456804;-2.61729;0.7;0.7
-1.82374;0.755208;1.97392;0.00829949;0.475526;0.7;0.7
-1.89821;0.761042;2.04509;-0.0112965;-0.647242;0.7;0.7
-1.79987;0.730532;1.94248;0.00425961;0.244058;0.7;0.7
-1.86928;0.743051;2.01155;-0.00720981;-0.413092;0.7;0.7
-1.9093;0.825358;2.08006;0.0296684;1.69988;0.7;0.7
-1.80708;0.729866;1.94891;-0.0241654;-1.38457;0.7;0.7
-1.87625;0.692614;2;-0.0302271;-1.73189;0.7;0.7
-1.89725;0.658977;2.00843;-0.019334;-1.10775;0.7;0.7
-1.79943;0.5133;1.87121;-0.0564205;-3.23266;0.7;0.7
-1.93509;0.663066;2.04554;0.0522391;2.99308;0.7;0.7
-1.94312;0.643465;2.04689;-0.0103305;-0.591894;0.7;0.7
-1.84216;0.550724;1.92272;-0.0292875;-1.67805;0.7;0.7
-2.00022;0.498379;2.06137;-0.0463077;-2.65323;0.7;0.7
-2.07555;0.15501;2.08133;-0.169645;-9.71993;0.7;0.7
-2.27054;0.00378227;2.27054;-0.0728793;-4.17568;0.7;0.7
-1.99682;-0.0169249;1.99689;-0.0101415;-0.581067;0.7;0.7
-1.98842;0.0441107;1.98891;0.0306559;1.75645;0.7;0.7
-2.09487;0.0994913;2.09724;0.0252769;1.44826;0.7;0.7
-1.9105;0.187883;1.91972;0.05057;2.89745;0.7;0.7
-2.06207;0.111783;2.06509;-0.043871;-2.51362;0.7;0.7
-1.97937;0.101697;1.98198;-0.00282275;-0.161732;0.7;0.7
-1.79749;0.0614704;1.79854;-0.0171488;-0.982553;0.7;0.7
-1.81351;0.148467;1.81957;0.0475006;2.72158;0.7;0.7
-2.07834;0.385358;2.11377;0.101649;5.82404;0.7;0.7
-1.97987;0.370928;2.01432;0.00186833;0.107047;0.7;0.7
-1.95143;0.356948;1.98381;-0.00428645;-0.245595;0.7;0.7
-1.96305;0.439854;2.01172;0.0395105;2.26378;0.7;0.7
-1.98845;0.366628;2.02196;-0.0380948;-2.18267;0.7;0.7
-1.90276;0.339716;1.93284;-0.00565381;-0.323939;0.7;0.7
-2.2139;0.493696;2.26827;0.0427313;2.44832;0.7;0.7
-1.94872;0.436582;1.99702;0.000987467;0.0565777;0.7;0.7
-1.91583;0.435272;1.96465;0.00300858;0.172379;0.7;0.7
-1.95179;0.256766;1.96861;-0.0926023;-5.30572;0.7;0.7
-2.00307;0.257371;2.01954;-0.00301445;-0.172715;0.7;0.7
-1.97386;0.321535;1.99988;0.03369;1.9303;0.7;0.7
-1.86091;0.487017;1.92359;0.0944896;5.41385;0.7;0.7
-1.91517;0.429155;1.96267;-0.0355276;-2.03558;0.7;0.7
-1.94698;0.453307;1.99905;0.00831069;0.476167;0.7;0.7
-1.94754;0.470623;2.00359;0.00835395;0.478646;0.7;0.7
-1.79315;0.518908;1.86673;0.0445833;2.55443;0.7;0.7
-1.73756;0.596593;1.83713;0.0490506;2.81039;0.7;0.7
-1.89266;0.593579;1.98356;-0.026832;-1.53736;0.7;0.7
-1.93602;0.439603;1.98531;-0.0806277;-4.61963;0.7;0.7
-1.94552;0.442123;1.99512;0.000178315;0.0102167;0.7;0.7
-1.72615;0.516498;1.80176;0.0672842;3.8551;0.7;0.7
-2.02758;0.160932;2.03395;-0.211536;-12.1201;0.7;0.7
-2.01629;0.24838;2.03153;0.0433636;2.48455;0.7;0.7
-2.09201;0.402527;2.13038;0.0675197;3.86859;0.7;0.7
-1.86083;0.342804;1.89215;-0.00791059;-0.453244;0.7;0.7
-1.94368;0.349516;1.97485;-0.00425749;-0.243936;0.7;0.7
-1.96997;0.352685;2.00129;-0.000766486;-0.0439164;0.7;0.7
-2.03192;0.178925;2.03979;-0.0893238;-5.11788;0.7;0.7
-2.0195;0.185937;2.02804;0.00398141;0.228118;0.7;0.7
-1.89616;0.215029;1.90832;0.021108;1.2094;0.7;0.7
-2.2223;0.404485;2.25881;0.0671213;3.84577;0.7;0.7
-1.80036;0.278873;1.82183;-0.0263638;-1.51054;0.7;0.7
-1.95454;0.184298;1.96321;-0.059663;-3.41844;0.7;0.7
-1.86442;0.0543578;1.86522;-0.0648673;-3.71662;0.7;0.7
-2.04217;0.148417;2.04755;0.0434016;2.48673;0.7;0.7
-1.99742;0.143816;2.00259;-0.000671542;-0.0384765;0.7;0.7
-1.99611;0.143164;2.00124;-0.000278255;-0.0159428;0.7;0.7
-2.12273;0.0812763;2.12428;-0.0333289;-1.90961;0.7;0.7
-1.94256;-0.0606743;1.94351;-0.069494;-3.98171;0.7;0.7
-1.86185;-0.460362;1.91792;-0.211174;-12.0994;0.7;0.7
-1.99945;-0.44796;2.04901;0.0219961;1.26028;0.7;0.7
-1.99504;-0.409862;2.03671;0.0177807;1.01876;0.7;0.7
-1.86232;-0.65006;1.97251;-0.133215;-7.63268;0.7;0.7
-1.78489;-0.602844;1.88394;0.0101179;0.57971;0.7;0.7
-1.82643;-0.53153;1.9022;0.0425197;2.4362;0.7;0.7
-1.90919;-0.488623;1.97073;0.0326459;1.87047;0.7;0.7
-1.84126;-0.606365;1.93853;-0.0675822;-3.87217;0.7;0.7
-1.95191;-0.639155;2.0539;0.00168909;0.0967778;0.7;0.7
-1.86232;-0.700691;1.98977;-0.0434171;-2.48761;0.7;0.7
-1.84167;-0.703099;1.97131;-0.00483217;-0.276863;0.7;0.7
-1.77072;-0.59944;1.86943;0.0382766;2.19309;0.7;0.7
-1.81139;-0.566232;1.89783;0.0234469;1.34341;0.7;0.7
-1.86786;-0.628702;1.97083;-0.0217065;-1.24369;0.7;0.7
-1.98298;-0.588246;2.06839;0.0363;2.07984;0.7;0.7
-1.93132;-0.564518;2.01213;0.00400401;0.229413;0.7;0.7
-1.89636;-0.527421;1.96834;0.0131082;0.751046;0.7;0.7
-2.00027;-0.433765;2.04676;0.0577194;3.30708;0.7;0.7
-1.975;-0.287804;1.99586;0.0688422;3.94437;0.7;0.7
-2.27395;-0.325436;2.29712;0.00255551;0.14642;0.7;0.7
-1.96899;-0.174316;1.97669;0.0538489;3.08531;0.7;0.7
-2.05752;-0.206654;2.06787;-0.011802;-0.676204;0.7;0.7
-1.96858;-0.107421;1.9715;0.0455888;2.61204;0.7;0.7
-1.97107;-0.0470768;1.97163;0.0306345;1.75523;0.7;0.7
-1.77613;0.293027;1.80013;0.187388;10.7365;0.7;0.7
-1.94102;0.25501;1.9577;-0.0328772;-1.88373;0.7;0.7
-2.11488;0.223325;2.12664;-0.0254238;-1.45668;0.7;0.7
-2.16293;-0.0139413;2.16298;-0.111653;-6.39723;0.7;0.7
-1.92209;0.0298373;1.92232;0.0219676;1.25865;0.7;0.7
-2.02789;0.00884795;2.02791;-0.011159;-0.639365;0.7;0.7
-2.09071;0.0525373;2.09137;0.0207606;1.18949;0.7;0.7
-2.08832;-0.0268995;2.08849;-0.0380039;-2.17746;0.7;0.7
-2.0209;-0.102251;2.02349;-0.0376732;-2.15852;0.7;0.7
-2.02876;-0.0621078;2.02971;0.0199493;1.14301;0.7;0.7
-1.94096;-0.279228;1.96094;-0.112277;-6.43298;0.7;0.7
-1.99935;-0.279904;2.01885;0.0037872;0.21699;0.7;0.7
-1.81347;-0.191128;1.82351;0.0340879;1.95309;0.7;0.7
-2.2528;-0.379701;2.28458;-0.0619709;-3.55067;0.7;0.7
-1.87845;-0.319906;1.90549;-0.00170809;-0.0978664;0.7;0.7
-1.95888;-0.297853;1.9814;0.0177882;1.01919;0.7;0.7
-1.89848;-0.334496;1.92772;-0.0235053;-1.34675;0.7;0.7
-2.11254;-0.321592;2.13687;0.0233314;1.33679;0.7;0.7
-2.06376;-0.29986;2.08543;0.00678221;0.388592;0.7;0.7
-1.96878;-0.272179;1.9875;0.00691103;0.395973;0.7;0.7
-2.01422;-0.187399;2.02291;0.0446057;2.55572;0.7;0.7
-1.97949;-0.169618;1.98675;0.00729245;0.417827;0.7;0.7
-1.95159;-0.237663;1.96601;-0.0357036;-2.04566;0.7;0.7
-1.99855;-0.272399;2.01702;-0.0142813;-0.818256;0.7;0.7
-2.06908;-0.352276;2.09885;-0.0331765;-1.90087;0.7;0.7
-2.00199;-0.303974;2.02494;0.0179554;1.02877;0.7;0.7
-1.98511;-0.233848;1.99884;0.0334246;1.91509;0.7;0.7
-2.07789;-0.448007;2.12564;-0.0950957;-5.44858;0.7;0.7
-1.99312;-0.493653;2.05335;-0.0304362;-1.74387;0.7;0.7
-2.1003;-0.512025;2.16182;0.00367062;0.210311;0.7;0.7
-1.77354;-0.633312;1.88322;-0.103855;-5.95046;0.7;0.7
-1.78191;-0.719941;1.92185;-0.0409978;-2.349;0.7;0.7
-1.88463;-0.961766;2.11585;-0.0878958;-5.03606;0.7;0.7
-1.77407;-0.819601;1.95424;0.0390907;2.23973;0.7;0.7
-1.76331;-0.870813;1.96662;-0.0259361;-1.48603;0.7;0.7
-1.89452;-0.846317;2.07496;0.0385944;2.2113;0.7;0.7
-1.84344;-0.839545;2.02561;-0.00723281;-0.41441;0.7;0.7
-1.70365;-0.945502;1.94843;-0.0793092;-4.54408;0.7;0.7
-1.9215;-0.715874;2.05052;0.150033;8.59625;0.7;0.7
-1.81132;-0.585367;1.90356;0.0440533;2.52407;0.7;0.7
-1.86149;-0.728692;1.99903;-0.0605423;-3.46882;0.7;0.7
-1.70712;-0.519327;1.78437;0.0778031;4.45779;0.7;0.7
-1.92253;-0.561404;2.00282;0.0112023;0.641847;0.7;0.7
-1.84889;-0.681208;1.97039;-0.0688949;-3.94739;0.7;0.7
-1.61526;-0.772795;1.79061;-0.0932384;-5.34217;0.7;0.7
-1.8462;-0.856422;2.03517;0.0119089;0.682328;0.7;0.7
-1.79539;-0.845884;1.98467;-0.00595833;-0.341387;0.7;0.7
-1.81521;-0.85212;2.00526;0.0013991;0.0801625;0.7;0.7
-1.86082;-0.649628;1.97096;0.103017;5.90245;0.7;0.7
-2.1183;-0.670777;2.22197;0.0292117;1.67371;0.7;0.7
-1.90005;-0.600359;1.99264;0.000625185;0.0358205;0.7;0.7
-2.02063;-0.570332;2.09958;0.0309452;1.77303;0.7;0.7
-1.90583;-0.503734;1.97128;0.0166958;0.956598;0.7;0.7
-2.17497;-0.409831;2.21325;0.0721556;4.13421;0.7;0.7
-2.09541;-0.290908;2.11551;0.0482978;2.76726;0.7;0.7
-2.04106;-0.296109;2.06243;-0.00612184;-0.350755;0.7;0.7
-1.96538;-0.0488301;1.96599;0.119231;6.83143;0.7;0.7
-1.91208;0.115335;1.91555;0.0850864;4.87509;0.7;0.7
-1.90487;0.00951025;1.90489;-0.0552538;-3.16581;0.7;0.7
-1.90113;0.134517;1.90588;0.0656463;3.76126;0.7;0.7
-2.01562;0.117707;2.01905;-0.0123074;-0.705161;0.7;0.7
-1.9181;0.229733;1.93181;0.0608718;3.4877;0.7;0.7
-1.92543;0.217954;1.93773;-0.00648577;-0.371607;0.7;0.7
-1.9868;0.222907;1.99927;-0.000991113;-0.0567866;0.7;0.7
-2.03367;0.228845;2.0465;0.000330211;0.0189197;0.7;0.7
-2.07955;0.21572;2.09071;-0.00869229;-0.498032;0.7;0.7
-1.98247;0.201162;1.99265;-0.00224013;-0.12835;0.7;0.7
-2.17165;0.381596;2.20492;0.0728172;4.17212;0.7;0.7
-1.87893;0.512257;1.94751;0.0922224;5.28396;0.7;0.7
-1.93434;0.522062;2.00355;-0.0025526;-0.146253;0.7;0.7
-1.87162;0.683619;1.99256;0.086589;4.96119;0.7;0.7
-1.96568;0.735347;2.09872;0.00777525;0.445489;0.7;0.7
-1.58926;0.69633;1.73512;0.0549771;3.14996;0.7;0.7
-1.81118;0.732575;1.95372;-0.0285952;-1.63838;0.7;0.7
-1.75378;0.530193;1.83217;-0.0907785;-5.20123;0.7;0.7
-1.83561;0.775305;1.99263;0.106062;6.07688;0.7;0.7
-1.81851;0.831771;1.99971;0.029343;1.68123;0.7;0.7
-1.98315;0.765304;2.12569;-0.0606879;-3.47716;0.7;0.7
-1.97203;0.267633;1.99011;-0.233405;-13.3731;0.7;0.7
-1.98649;0.281604;2.00635;0.00593135;0.339842;0.7;0.7
-1.94248;0.34383;1.97268;0.0343696;1.96924;0.7;0.7
-2.03804;0.359707;2.06954;-0.000493628;-0.0282828;0.7;0.7
-1.83214;0.652545;1.94487;0.16746;9.59474;0.7;0.7
-1.70907;0.634916;1.8232;0.0135391;0.775734;0.7;0.7
-1.85384;0.81869;2.02657;0.0601657;3.44724;0.7;0.7
-1.8191;0.871787;2.01721;0.0310415;1.77855;0.7;0.7
-1.91923;0.905069;2.12193;-0.00625065;-0.358136;0.7;0.7
-1.82528;0.84253;2.01035;-0.00820312;-0.470004;0.7;0.7
-1.72168;0.75764;1.88101;-0.0178931;-1.0252;0.7;0.7
-1.82969;0.808233;2.00025;0.00140035;0.080234;0.7;0.7
-2.03053;0.959828;2.24596;0.025612;1.46746;0.7;0.7
-1.78601;0.832491;1.9705;-0.00539337;-0.309018;0.7;0.7
-1.82396;0.665336;1.94152;-0.0863996;-4.95033;0.7;0.7
-1.82398;0.497878;1.89071;-0.0833055;-4.77306;0.7;0.7
-1.97135;0.52024;2.03884;-0.00845263;-0.4843;0.7;0.7
-2.07875;0.378525;2.11294;-0.077899;-4.46328;0.7;0.7
-1.91757;0.295805;1.94025;-0.0270649;-1.55071;0.7;0.7
-1.98678;0.330375;2.01406;0.0117251;0.671797;0.7;0.7
-1.86549;0.316023;1.89206;0.00303279;0.173766;0.7;0.7
-1.92167;0.386815;1.96021;0.0308248;1.76613;0.7;0.7
-2.09806;0.189622;2.10661;-0.108502;-6.2167;0.7;0.7
-1.98643;0.17893;1.99448;-0.000301301;-0.0172633;0.7;0.7
-2.00082;0.18953;2.00978;0.00461065;0.264171;0.7;0.7
-1.99593;0.157581;2.00214;-0.0156568;-0.897069;0.7;0.7
-2.03106;0.207438;2.04163;0.0229923;1.31736;0.7;0.7
-2.09612;-0.025824;2.09628;-0.114099;-6.53739;0.7;0.7
-2.13277;-0.102512;2.13523;-0.0357092;-2.04599;0.7;0.7
-2.11234;-0.265941;2.12902;-0.077211;-4.42386;0.7;0.7
-2.05312;-0.196639;2.06251;0.0297547;1.70482;0.7;0.7
-1.95803;-0.190427;1.96726;-0.00146474;-0.0839232;0.7;0.7
-1.94949;-0.168168;1.95673;0.0108997;0.624504;0.7;0.7
-1.90772;-0.0563437;1.90855;0.0565239;3.23858;0.7;0.7
-1.98085;-0.0301914;1.98108;0.0142856;0.818502;0.7;0.7
-2.02215;0.124139;2.02596;0.0765529;4.38616;0.7;0.7
-2.0396;0.0522449;2.04027;-0.0357028;-2.04562;0.7;0.7
-2.01311;0.0440467;2.0136;-0.00373332;-0.213903;0.7;0.7
-2.0233;0.0562678;2.02408;0.00592634;0.339554;0.7;0.7
-2.35126;-0.181996;2.35829;-0.105052;-6.01904;0.7;0.7
-1.98371;0.123781;1.98757;0.139568;7.99663;0.7;0.7
-2.00347;0.146085;2.00879;0.0104688;0.599817;0.7;0.7
-2.09551;0.025809;2.09567;-0.0604712;-3.46475;0.7;0.7
-1.84991;-0.000441063;1.84991;-0.0125541;-0.719299;0.7;0.7
-2.00747;0.065927;2.00855;0.0330675;1.89463;0.7;0.7
-2.0728;0.0324062;2.07305;-0.0171963;-0.985278;0.7;0.7
-1.8119;-0.341239;1.84375;-0.201784;-11.5614;0.7;0.7
-1.75674;-0.5292;1.83472;-0.106442;-6.09866;0.7;0.7
-1.87355;-0.504158;1.9402;0.0297283;1.70331;0.7;0.7
-1.88401;-0.376281;1.92122;0.0657354;3.76636;0.7;0.7
-1.95675;-0.403951;1.99801;-0.00645012;-0.369564;0.7;0.7
-1.80889;-0.453302;1.86482;-0.0419606;-2.40417;0.7;0.7
-2.01092;-0.467821;2.06462;0.0169665;0.972108;0.7;0.7
-2.06608;-0.513458;2.12892;-0.0150097;-0.859991;0.7;0.7
-1.89811;-0.563322;1.97994;-0.0449172;-2.57357;0.7;0.7
-2.10334;-0.745819;2.23165;-0.0522554;-2.99401;0.7;0.7
-1.93214;-0.667804;2.04429;0.00798081;0.457267;0.7;0.7
-1.68089;-0.856984;1.88674;-0.138714;-7.94771;0.7;0.7
-1.78192;-0.909506;2.00061;-0.000451097;-0.0258459;0.7;0.7
-1.8476;-0.916743;2.06253;0.0113529;0.650471;0.7;0.7
-1.6507;-0.99271;1.92621;-0.0808529;-4.63253;0.7;0.7
-1.70817;-1.07782;2.01979;-0.0214467;-1.22881;0.7;0.7
-1.71737;-1.12849;2.05496;-0.0184629;-1.05784;0.7;0.7
-1.71179;-1.06967;2.01852;0.0228345;1.30832;0.7;0.7
-1.70042;-1.01641;1.98104;0.0197573;1.13201;0.7;0.7
-1.83294;-0.926612;2.05385;0.0706944;4.05049;0.7;0.7
-1.84183;-1.03317;2.11181;-0.0431468;-2.47213;0.7;0.7
-1.76717;-0.884055;1.97597;0.0473507;2.713;0.7;0.7
-1.86229;-0.919176;2.07678;0.00536771;0.307547;0.7;0.7
-1.80508;-0.886357;2.01096;0.0020427;0.117038;0.7;0.7
-1.7933;-0.885329;1.99994;-0.00213407;-0.122273;0.7;0.7
-1.66164;-0.963144;1.92059;-0.0667283;-3.82325;0.7;0.7
-1.64945;-0.934408;1.89573;0.00988982;0.566645;0.7;0.7
-1.82942;-0.910267;2.04337;0.0537194;3.07789;0.7;0.7
-1.65638;-0.883066;1.87707;-0.028098;-1.6099;0.7;0.7
-1.78795;-0.947528;2.02351;0.00248006;0.142097;0.7;0.7
-1.68059;-1.06229;1.98818;-0.0763633;-4.3753;0.7;0.7
-1.83421;-1.09386;2.13562;0.0259407;1.48629;0.7;0.7
-1.71776;-1.02462;2.00014;-8.87823e-05;-0.00508685;0.7;0.7
-1.87701;-1.25065;2.2555;-0.0499141;-2.85987;0.7;0.7
-1.63016;-1.09883;1.96592;-0.00536146;-0.307189;0.7;0.7
-1.68666;-1.07809;2.00178;0.02437;1.3963;0.7;0.7
-1.68425;-1.06984;1.99531;0.0028356;0.162468;0.7;0.7
-1.47489;-1.28147;1.95383;-0.149439;-8.56225;0.7;0.7
-1.5478;-1.29772;2.01984;0.0176036;1.00861;0.7;0.7
-1.53714;-1.35296;2.04776;-0.0240183;-1.37615;0.7;0.7
-1.50188;-1.32824;2.00496;-0.00236505;-0.135508;0.7;0.7
-1.43181;-1.39897;2.0018;-0.0496781;-2.84635;0.7;0.7
-1.30075;-1.53097;2.00894;-0.0927219;-5.31257;0.7;0.7
-1.30244;-1.54592;2.02144;-0.00414978;-0.237765;0.7;0.7
-1.27923;-1.5178;1.98498;0.000182757;0.0104712;0.7;0.7
-1.12655;-1.34023;1.75081;-0.00131733;-0.0754773;0.7;0.7
-1.36558;-1.45398;1.99471;0.0550653;3.15501;0.7;0.7
-1.33039;-1.58288;2.06771;-0.0551127;-3.15772;0.7;0.7
-1.36753;-1.4682;2.00643;0.0509705;2.92039;0.7;0.7
-1.34031;-1.41284;1.94744;0.0091476;0.524119;0.7;0.7
-1.38779;-1.30523;1.90515;0.0569849;3.26499;0.7;0.7
-1.45099;-1.34172;1.97626;0.00846093;0.484776;0.7;0.7
-1.44844;-1.38385;2.00325;-0.0163067;-0.934304;0.7;0.7
-1.2192;-1.28051;1.76809;-0.0473229;-2.7114;0.7;0.7
-1.3761;-1.40515;1.96674;0.0140767;0.806536;0.7;0.7
-1.48266;-1.44923;2.07329;0.0218432;1.25152;0.7;0.7
-1.38718;-1.18543;1.82469;0.0668615;3.83088;0.7;0.7
-1.45951;-1.12781;1.84449;0.0492462;2.8216;0.7;0.7
-1.4578;-1.22285;1.90277;-0.0400861;-2.29677;0.7;0.7
-1.4569;-1.33542;1.97634;-0.0439423;-2.51771;0.7;0.7
-1.47379;-1.35485;2.00191;-0.00145512;-0.0833722;0.7;0.7
-1.47695;-1.35424;2.00384;0.00129;0.0739117;0.7;0.7
-1.49345;-1.332;2.00115;0.0137654;0.788701;0.7;0.7
-1.63295;-1.13857;1.9907;0.119445;6.8437;0.7;0.7
-1.41682;-1.06701;1.77366;-0.0366102;-2.09761;0.7;0.7
-1.51373;-1.19762;1.9302;-0.0238483;-1.36641;0.7;0.7
-1.59845;-1.4324;2.14634;-0.0613336;-3.51416;0.7;0.7
-1.48127;-1.27299;1.95312;0.0207474;1.18874;0.7;0.7
-1.36253;-1.16601;1.79333;0.00208611;0.119526;0.7;0.7
-1.55789;-1.31428;2.03823;0.00704842;0.403845;0.7;0.7
-1.52777;-1.29021;1.99968;-0.000513852;-0.0294415;0.7;0.7
-1.58989;-1.36117;2.09297;-0.00675158;-0.386837;0.7;0.7
-1.58761;-1.24874;2.01986;0.041563;2.38138;0.7;0.7
-1.55698;-1.29601;2.02579;-0.0276936;-1.58673;0.7;0.7
-1.58218;-1.23365;2.00629;0.0319279;1.82933;0.7;0.7
-1.32083;-1.16329;1.76007;-0.0598133;-3.42705;0.7;0.7
-1.46994;-1.322;1.97697;-0.0103931;-0.59548;0.7;0.7
-1.33177;-1.34784;1.8948;-0.0589351;-3.37673;0.7;0.7
-1.3446;-1.4316;1.96403;-0.0253303;-1.45132;0.7;0.7
-1.33237;-1.4416;1.96301;-0.00803247;-0.460227;0.7;0.7
-1.36707;-1.46565;2.00425;0.00457112;0.261906;0.7;0.7
-1.29924;-1.38541;1.89931;0.00270173;0.154797;0.7;0.7
-1.49941;-1.64706;2.22734;-0.0148072;-0.848393;0.7;0.7
-1.37784;-1.44064;1.99346;0.0246138;1.41027;0.7;0.7
-1.42979;-1.3916;1.99521;0.0358151;2.05206;0.7;0.7
-1.3808;-1.49519;2.03524;-0.0532907;-3.05333;0.7;0.7
-1.35066;-1.46118;1.98981;0.000469057;0.026875;0.7;0.7
-1.37312;-1.47745;2.01701;0.00270209;0.154818;0.7;0.7
-1.30967;-1.38534;1.90642;0.00851373;0.487801;0.7;0.7
-1.31365;-1.43636;1.94648;-0.0165242;-0.946766;0.7;0.7
-1.36144;-1.44021;1.98184;0.0164858;0.944567;0.7;0.7
-1.37075;-1.48981;2.02448;-0.0134887;-0.772847;0.7;0.7
-1.45468;-1.4677;2.06645;0.0371421;2.12809;0.7;0.7
-1.37887;-1.44418;1.99673;-0.0186789;-1.07022;0.7;0.7
-1.20214;-1.27805;1.75459;-0.00746304;-0.427601;0.7;0.7
-1.53806;-1.39475;2.07628;0.0794224;4.55057;0.7;0.7
-1.18347;-1.63646;2.01956;-0.208105;-11.9235;0.7;0.7
-1.39351;-1.65784;2.16571;0.072867;4.17497;0.7;0.7
-1.37871;-1.56469;2.08545;0.0233092;1.33552;0.7;0.7
-1.31083;-1.57712;2.05075;-0.0288462;-1.65277;0.7;0.7
-1.1485;-1.67176;2.02826;-0.0914995;-5.24253;0.7;0.7
-1.09852;-1.5528;1.90208;0.0137547;0.788085;0.7;0.7
-1.13698;-1.86461;2.18391;-0.0681337;-3.90377;0.7;0.7
-1.04015;-1.69704;1.99044;0.0022922;0.131333;0.7;0.7
-0.95681;-1.59401;1.85913;-0.00925859;-0.530478;0.7;0.7
-1.07303;-1.69766;2.00834;0.0230561;1.32102;0.7;0.7
-0.967887;-1.6428;1.90672;-0.0312431;-1.7901;0.7;0.7
-1.01649;-1.71081;1.99;0.00369637;0.211786;0.7;0.7
-0.957536;-1.70446;1.95501;-0.0242704;-1.39059;0.7;0.7
-1.15409;-1.63115;1.99814;0.103919;5.9541;0.7;0.7
-1.17598;-1.60011;1.98577;0.018029;1.03299;0.7;0.7
-1.16283;-1.56181;1.94716;0.00620484;0.355511;0.7;0.7
-1.18516;-1.59628;1.98814;-0.00134459;-0.0770392;0.7;0.7
-1.40862;-1.57733;2.11476;0.0903055;5.17412;0.7;0.7
-1.30953;-1.68345;2.13281;-0.0678462;-3.8873;0.7;0.7
-1.32112;-1.71869;2.16778;-0.00576325;-0.33021;0.7;0.7
-1.19534;-1.60769;2.00337;-0.0160088;-0.917236;0.7;0.7
-1.1501;-1.6407;2.00366;-0.0279542;-1.60166;0.7;0.7
-1.28315;-1.55926;2.01935;0.0771787;4.42201;0.7;0.7
-1.22641;-1.61131;2.02494;-0.0379818;-2.1762;0.7;0.7
-1.19413;-1.60705;2.00214;-0.0115397;-0.661179;0.7;0.7
-1.19708;-1.48966;1.91104;0.0378874;2.17079;0.7;0.7
-1.23762;-1.40501;1.87236;0.0452127;2.5905;0.7;0.7
-1.25173;-1.46228;1.92486;-0.0141688;-0.811811;0.7;0.7
-1.31496;-1.53552;2.02162;0.00020481;0.0117347;0.7;0.7
-1.18621;-1.44107;1.86649;-0.0194798;-1.11611;0.7;0.7
-1.29752;-1.57304;2.03912;0.00101468;0.0581367;0.7;0.7
-1.28552;-1.36939;1.87824;0.0641067;3.67304;0.7;0.7
-1.37383;-1.55813;2.0773;-0.0311974;-1.78748;0.7;0.7
-1.47362;-1.41924;2.04593;0.0815721;4.67374;0.7;0.7
-1.42958;-1.38949;1.99358;-0.00457262;-0.261992;0.7;0.7
-1.47148;-1.21054;1.90543;0.0827606;4.74183;0.7;0.7
-1.53881;-1.26337;1.99099;0.000998037;0.0571833;0.7;0.7
-1.61702;-1.1701;1.99597;0.0610147;3.49589;0.7;0.7
-1.56285;-1.12498;1.92564;0.00249444;0.142921;0.7;0.7
-1.62776;-1.23737;2.04467;-0.02607;-1.4937;0.7;0.7
-1.59863;-1.14883;1.96861;0.0268528;1.53855;0.7;0.7
-1.69177;-1.01174;1.97122;0.0841484;4.82135;0.7;0.7
-1.75278;-0.950669;1.99399;0.0420033;2.40661;0.7;0.7
-1.81189;-0.997456;2.0683;-0.00625968;-0.358653;0.7;0.7
-1.79299;-1.33171;2.23344;-0.135603;-7.76947;0.7;0.7
-1.61999;-1.20212;2.01729;0.000439577;0.0251859;0.7;0.7
-1.634;-1.17684;2.01368;0.0142288;0.81525;0.7;0.7
-1.8259;-1.35791;2.27548;-0.0152857;-0.875805;0.7;0.7
-1.74923;-1.21327;2.12881;0.033034;1.89271;0.7;0.7
-1.59568;-1.16099;1.97335;-0.0225802;-1.29375;0.7;0.7
-1.60312;-1.19378;1.99878;-0.0110783;-0.634742;0.7;0.7
-1.62248;-1.18;2.0062;0.0112733;0.645913;0.7;0.7
-1.62142;-1.16792;1.99826;0.0045809;0.262466;0.7;0.7
-1.77197;-1.20609;2.14348;0.0266016;1.52416;0.7;0.7
-1.52128;-1.22634;1.95402;-0.0808434;-4.63198;0.7;0.7
-1.5142;-1.12395;1.88576;0.0399261;2.2876;0.7;0.7
-1.50732;-1.26163;1.96563;-0.0583605;-3.34381;0.7;0.7
-1.51875;-1.05246;1.84778;0.0908998;5.20818;0.7;0.7
-1.68116;-1.20165;2.06646;-0.014572;-0.834912;0.7;0.7
-1.65166;-1.17526;2.02712;0.00212575;0.121797;0.7;0.7
-1.61726;-1.21665;2.0238;-0.026522;-1.5196;0.7;0.7
-1.65215;-1.06275;1.96444;0.0733479;4.20253;0.7;0.7
-1.68342;-1.09073;2.00589;-0.003297;-0.188904;0.7;0.7
-1.76086;-1.15288;2.1047;-0.00477381;-0.273519;0.7;0.7
-1.6899;-1.28696;2.12416;-0.0711686;-4.07766;0.7;0.7
-1.37635;-1.41788;1.97603;-0.149402;-8.5601;0.7;0.7
-1.32921;-1.43845;1.95856;-0.0245849;-1.40861;0.7;0.7
-1.26432;-1.59254;2.03339;-0.0749399;-4.29374;0.7;0.7
-1.29687;-1.76871;2.19321;-0.0383305;-2.19617;0.7;0.7
-1.20433;-1.69603;2.08012;-0.0152173;-0.871887;0.7;0.7
-1.21106;-1.69829;2.08587;0.00200393;0.114817;0.7;0.7
-1.02175;-1.71312;1.99469;-0.0816784;-4.67983;0.7;0.7
-1.09574;-1.40149;1.77899;0.125781;7.2067;0.7;0.7
-1.19069;-1.54997;1.95453;-0.00852033;-0.488179;0.7;0.7
-1.23108;-1.65505;2.06271;-0.0155053;-0.888386;0.7;0.7
-1.22241;-1.44609;1.89353;0.0622293;3.56548;0.7;0.7
-1.39629;-1.50458;2.05266;0.0463125;2.65351;0.7;0.7
-1.524;-1.41672;2.08079;0.0737757;4.22704;0.7;0.7
-1.46514;-1.3607;1.99954;0.000478612;0.0274224;0.7;0.7
-1.29113;-1.28737;1.82328;-0.0354821;-2.03297;0.7;0.7
-1.70368;-1.33322;2.16332;0.119927;6.87131;0.7;0.7
-1.71901;-1.13796;2.06154;0.0792582;4.54116;0.7;0.7
-1.59591;-1.24083;2.02153;-0.0761215;-4.36144;0.7;0.7
-1.7323;-1.13041;2.0685;0.082712;4.73905;0.7;0.7
-1.59531;-1.05002;1.90986;-0.00394928;-0.226277;0.7;0.7
-1.71016;-1.1333;2.05159;-0.00313082;-0.179383;0.7;0.7
-1.74263;-1.12126;2.07219;0.0134978;0.773368;0.7;0.7
-1.92766;-1.08596;2.21251;0.0587067;3.36365;0.7;0.7
-1.76044;-1.11768;2.08527;-0.0526378;-3.01593;0.7;0.7
-1.58698;-0.881257;1.81525;0.0587707;3.36731;0.7;0.7
-1.68235;-1.20298;2.06821;-0.113855;-6.52344;0.7;0.7
-1.6474;-1.13399;1.99996;0.0178944;1.02527;0.7;0.7
-1.67625;-1.10513;2.00777;0.0199884;1.14525;0.7;0.7
-1.6653;-1.09765;1.99451;0.000111554;0.00639157;0.7;0.7
-1.64337;-1.17492;2.02017;-0.037919;-2.1726;0.7;0.7
-1.50259;-1.02916;1.82125;0.020151;1.15456;0.7;0.7
-1.62992;-1.13236;1.98466;-0.00664714;-0.380853;0.7;0.7
-1.60605;-1.21856;2.016;-0.041886;-2.39989;0.7;0.7
-1.64827;-1.16655;2.01932;0.0331666;1.90031;0.7;0.7
-1.59918;-1.16035;1.9758;-0.0117943;-0.675763;0.7;0.7
-1.47078;-1.24228;1.92522;-0.073679;-4.2215;0.7;0.7
-1.53877;-1.40548;2.08403;-0.0387842;-2.22217;0.7;0.7
-1.55791;-1.51199;2.17099;-0.0302838;-1.73513;0.7;0.7
-1.77683;-1.45193;2.29461;0.0853338;4.88927;0.7;0.7
-1.59203;-1.32402;2.07065;-0.00863774;-0.494906;0.7;0.7
-1.46069;-1.3002;1.95554;-0.0335886;-1.92448;0.7;0.7
-1.57935;-1.36856;2.08981;0.0133192;0.763134;0.7;0.7
-1.69812;-1.3298;2.15684;0.0496647;2.84558;0.7;0.7
-1.5816;-1.23555;2.007;0.00117604;0.0673823;0.7;0.7
-1.64742;-0.94604;1.89973;0.141899;8.13022;0.7;0.7
-1.68159;-1.0166;1.965;-0.0224818;-1.28811;0.7;0.7
-1.49734;-1.15942;1.89375;-0.115125;-6.5962;0.7;0.7
-1.59801;-1.14837;1.96783;0.0357656;2.04922;0.7;0.7
-1.70824;-1.29373;2.14285;-0.0250682;-1.4363;0.7;0.7
-1.58795;-1.38309;2.10583;-0.0683668;-3.91713;0.7;0.7
-1.51254;-1.0994;1.86988;0.0880292;5.0437;0.7;0.7
-1.5766;-1.30377;2.04585;-0.0624381;-3.57744;0.7;0.7
-1.56063;-1.38124;2.08408;-0.0335327;-1.92128;0.7;0.7
-1.49301;-1.27286;1.96195;0.0185215;1.0612;0.7;0.7
-1.49375;-1.27009;1.96072;0.00132153;0.075718;0.7;0.7
-1.5387;-1.35672;2.05141;-0.0179793;-1.03014;0.7;0.7
-1.49882;-1.33355;2.00619;-0.00448137;-0.256764;0.7;0.7
-1.44649;-1.30907;1.95089;-0.00845926;-0.48468;0.7;0.7
-1.25121;-1.52308;1.97112;-0.14751;-8.4517;0.7;0.7
-1.20274;-1.53805;1.95248;-0.0240519;-1.37807;0.7;0.7
-1.18223;-1.70093;2.07143;-0.056265;-3.22375;0.7;0.7
-1.11841;-1.5826;1.9379;0.00780309;0.447084;0.7;0.7
-1.11333;-1.69334;2.02654;-0.0335898;-1.92456;0.7;0.7
-1.0524;-1.63663;1.9458;-0.0101526;-0.581702;0.7;0.7
-1.19442;-1.81164;2.16994;0.0114283;0.654793;0.7;0.7
-1.05724;-1.70744;2.00826;-0.0284701;-1.63122;0.7;0.7
-0.974921;-1.72039;1.97743;-0.0388544;-2.2262;0.7;0.7
-0.979946;-1.77669;2.02902;-0.011524;-0.660276;0.7;0.7
-1.00824;-1.82661;2.0864;0.000316407;0.0181288;0.7;0.7
-1.01612;-1.86559;2.12437;-0.00561896;-0.321943;0.7;0.7
-0.72529;-1.5694;1.72889;-0.0658285;-3.77169;0.7;0.7
-0.837931;-1.81491;1.99901;-0.000373088;-0.0213764;0.7;0.7
-0.826128;-1.88265;2.05593;-0.0190236;-1.08997;0.7;0.7
-0.75675;-1.8217;1.97263;-0.0197929;-1.13405;0.7;0.7
-0.854016;-1.77763;1.97213;0.0541467;3.10237;0.7;0.7
-0.692185;-1.73048;1.86378;-0.0673608;-3.85949;0.7;0.7
-0.800268;-1.85526;2.0205;0.0267337;1.53173;0.7;0.7
-0.837272;-1.83221;2.01446;0.0213997;1.22611;0.7;0.7
-0.881019;-1.91926;2.11181;0.0017097;0.0979588;0.7;0.7
-0.607287;-2.23535;2.31638;-0.165076;-9.45814;0.7;0.7
-0.594264;-1.88731;1.97866;0.0397736;2.27886;0.7;0.7
-0.582655;-1.97418;2.05837;-0.0180547;-1.03446;0.7;0.7
-0.492582;-1.95061;2.01184;-0.0396348;-2.27091;0.7;0.7
-0.390773;-1.98804;2.02608;-0.0532683;-3.05205;0.7;0.7
-0.387089;-1.96714;2.00487;0.000207313;0.0118781;0.7;0.7
-0.375221;-1.79374;1.83256;0.0119158;0.682726;0.7;0.7
-0.4522;-1.95449;2.00612;0.0211541;1.21204;0.7;0.7
-0.251992;-1.96181;1.97793;-0.0996155;-5.70755;0.7;0.7
-0.219667;-2.00763;2.01961;-0.0187663;-1.07523;0.7;0.7
-0.238859;-2.00108;2.01529;0.00981984;0.562635;0.7;0.7
-0.329675;-2.23382;2.25802;0.0277234;1.58843;0.7;0.7
-0.404594;-1.81219;1.85681;0.0731341;4.19027;0.7;0.7
-0.363235;-1.88443;1.91912;-0.0292399;-1.67533;0.7;0.7
-0.308428;-1.91482;1.9395;-0.0307179;-1.76;0.7;0.7
-0.33846;-1.97164;2.00048;0.0103046;0.590411;0.7;0.7
-0.4073;-1.86957;1.91342;0.0444993;2.54962;0.7;0.7
-0.574062;-1.97898;2.06056;0.0678247;3.88607;0.7;0.7
-0.561747;-1.69888;1.78934;0.0370092;2.12047;0.7;0.7
-0.567042;-1.97151;2.05143;-0.0392807;-2.25062;0.7;0.7
-0.341524;-1.91093;1.94121;-0.103206;-5.91325;0.7;0.7
-0.622576;-1.99105;2.08611;0.126202;7.23087;0.7;0.7
-0.752498;-1.97388;2.11245;0.0611631;3.50439;0.7;0.7
-0.882822;-2.02677;2.21069;0.04658;2.66884;0.7;0.7
-0.794581;-1.84716;2.01081;-0.00456214;-0.261392;0.7;0.7
-0.610234;-1.75333;1.85649;-0.0713063;-4.08555;0.7;0.7
-0.842029;-1.90408;2.08196;0.0814373;4.66601;0.7;0.7
-0.739722;-1.87997;2.02027;-0.0414994;-2.37774;0.7;0.7
-0.774676;-1.98366;2.12956;-0.00255341;-0.146299;0.7;0.7
-0.768547;-1.81958;1.97523;0.0273314;1.56597;0.7;0.7
-0.72437;-1.69441;1.84275;0.00434424;0.248907;0.7;0.7
-0.797107;-1.85325;2.0174;0.00220307;0.126226;0.7;0.7
-0.916766;-1.73384;1.96129;0.0801874;4.5944;0.7;0.7
-0.774469;-1.8312;1.98824;-0.086266;-4.94268;0.7;0.7
-0.656601;-1.89084;2.0016;-0.0658887;-3.77515;0.7;0.7
-0.544442;-1.77017;1.85201;-0.0358444;-2.05373;0.7;0.7
-0.537334;-1.9234;1.99705;-0.0259608;-1.48744;0.7;0.7
-0.412014;-1.86092;1.90598;-0.0545327;-3.12449;0.7;0.7
-0.318931;-1.84628;1.87362;-0.0468341;-2.6834;0.7;0.7
-0.340053;-1.94877;1.97821;0.0017029;0.097569;0.7;0.7
-0.436785;-2.28734;2.32867;0.0159288;0.912651;0.7;0.7
-0.555503;-1.78733;1.87167;0.11265;6.45435;0.7;0.7
-0.788146;-1.90247;2.05927;0.0914156;5.23773;0.7;0.7
-0.711404;-1.7109;1.85291;0.00130657;0.0748611;0.7;0.7
-0.763068;-1.8433;1.995;-0.00156871;-0.0898804;0.7;0.7
-0.821443;-1.82153;1.99818;0.0311663;1.7857;0.7;0.7
-0.78731;-1.76649;1.934;-0.00439041;-0.251552;0.7;0.7
-0.77149;-1.72193;1.88686;0.00195507;0.112017;0.7;0.7
-0.757588;-1.82726;1.97808;-0.0281886;-1.61509;0.7;0.7
-0.603959;-1.95108;2.04242;-0.0928348;-5.31904;0.7;0.7
-0.543667;-1.94635;2.02086;-0.0278132;-1.59358;0.7;0.7
-0.515103;-2.03041;2.09473;-0.0239315;-1.37118;0.7;0.7
-0.560894;-1.88054;1.96241;0.0414092;2.37257;0.7;0.7
-0.693677;-1.95598;2.07534;0.0509448;2.91892;0.7;0.7
-0.7044;-1.85051;1.98004;0.0229111;1.31271;0.7;0.7
-0.571328;-1.87924;1.96417;-0.0685757;-3.9291;0.7;0.7
-0.590873;-1.91244;2.00163;0.00451807;0.258866;0.7;0.7
-0.52427;-1.9673;2.03596;-0.03922;-2.24714;0.7;0.7
-0.682242;-2.02704;2.13877;0.0642222;3.67966;0.7;0.7
-0.638376;-1.89511;1.99974;0.00025514;0.0146184;0.7;0.7
-0.638006;-1.90157;2.00575;-0.00120359;-0.0689606;0.7;0.7
-0.455678;-1.74534;1.80384;-0.0683312;-3.91509;0.7;0.7
-0.505488;-1.93606;2.00096;7.76334e-06;0.000444807;0.7;0.7
-0.559873;-2.00051;2.07738;0.0174934;1.0023;0.7;0.7
-0.494862;-1.93238;1.99474;-0.022182;-1.27093;0.7;0.7
-0.143557;-2.06992;2.07489;-0.181458;-10.3968;0.7;0.7
-0.0398921;-1.84981;1.85024;-0.0476811;-2.73193;0.7;0.7
-0.0610115;-2.02714;2.02806;0.00852608;0.488508;0.7;0.7
-0.244213;-2.07835;2.09265;0.0868782;4.97776;0.7;0.7
-0.219428;-1.94414;1.95649;-0.00457582;-0.262175;0.7;0.7
-0.177825;-1.99499;2.0029;-0.0234898;-1.34587;0.7;0.7
-0.126026;-1.87711;1.88134;-0.0218631;-1.25266;0.7;0.7
-0.145999;-1.97906;1.98444;0.00660089;0.378203;0.7;0.7
-0.176525;-2.02213;2.02982;0.0134371;0.769891;0.7;0.7
-0.244264;-2.07342;2.08776;0.0301912;1.72983;0.7;0.7
-0.0987505;-2.01317;2.01559;-0.0682539;-3.91066;0.7;0.7
-0.0785732;-2.00869;2.01023;-0.00991636;-0.568166;0.7;0.7
-0.204312;-2.18529;2.19482;0.0541263;3.10121;0.7;0.7
-0.151794;-1.92189;1.92787;-0.0144048;-0.825336;0.7;0.7
-0.146357;-2.11227;2.11734;-0.00963984;-0.552322;0.7;0.7
-0.0671449;-2.00991;2.01103;-0.0357838;-2.05026;0.7;0.7
-0.0969334;-2.11222;2.11444;0.0124651;0.714196;0.7;0.7
-0.105978;-2.02335;2.02612;0.0064702;0.370715;0.7;0.7
-0.208389;-1.86995;1.88153;0.0586532;3.36058;0.7;0.7
-0.279544;-1.91187;1.9322;0.034203;1.95969;0.7;0.7
-0.257821;-1.97796;1.99469;-0.0155699;-0.892091;0.7;0.7
-0.315858;-1.84758;1.87439;0.0397046;2.27491;0.7;0.7
-0.157673;-1.90173;1.90825;-0.0865995;-4.96179;0.7;0.7
-0.0712118;-1.71056;1.71204;-0.0411145;-2.35569;0.7;0.7
-0.154013;-1.90165;1.90788;0.0392064;2.24636;0.7;0.7
-0.103952;-1.97958;1.98231;-0.028349;-1.62428;0.7;0.7
-0.103144;-1.99579;1.99845;-0.000828989;-0.0474976;0.7;0.7
-0.0862707;-1.79627;1.79834;-0.00364425;-0.2088;0.7;0.7
-0.131771;-2.05225;2.05648;0.0161295;0.924151;0.7;0.7
0.135504;-2.02399;2.02852;-0.130969;-7.50399;0.7;0.7
0.0122645;-2.12179;2.12182;0.0610689;3.49899;0.7;0.7
0.0197209;-2.00579;2.00588;-0.00405151;-0.232134;0.7;0.7
-0.0172591;-2.07749;2.07756;0.0181392;1.0393;0.7;0.7
-0.0151555;-1.99212;1.99217;-0.000699884;-0.0401004;0.7;0.7
0.0699482;-1.6845;1.68595;-0.0491084;-2.8137;0.7;0.7
0.317083;-2.17229;2.19531;-0.103443;-5.92684;0.7;0.7
0.284537;-2.02546;2.04535;0.00537709;0.308084;0.7;0.7
0.264883;-1.98525;2.00284;0.0069241;0.396722;0.7;0.7
0.422892;-1.85258;1.90023;-0.0917845;-5.25886;0.7;0.7
0.621467;-2.19115;2.27758;-0.051941;-2.976;0.7;0.7
0.588971;-1.79613;1.89023;-0.0404942;-2.32014;0.7;0.7
0.662878;-1.70055;1.82518;-0.054822;-3.14107;0.7;0.7
0.824153;-1.60699;1.806;-0.102196;-5.85539;0.7;0.7
0.816883;-2.00183;2.16209;0.0864377;4.95252;0.7;0.7
0.644549;-1.87139;1.97927;0.055744;3.1939;0.7;0.7
0.656156;-1.90346;2.01338;-0.000263392;-0.0150912;0.7;0.7
0.609551;-1.81321;1.91293;0.0076584;0.438794;0.7;0.7
0.629478;-1.95919;2.05783;0.0134254;0.769218;0.7;0.7
0.663873;-1.85164;1.96705;-0.033379;-1.91247;0.7;0.7
0.613952;-2.05128;2.14119;0.0534412;3.06195;0.7;0.7
0.746051;-2.10934;2.23739;-0.0491416;-2.81561;0.7;0.7
0.829345;-1.81867;1.99884;-0.0878903;-5.03574;0.7;0.7
0.827659;-1.81687;1.99651;0.000394791;0.0226198;0.7;0.7
0.83935;-1.78416;1.97173;-0.0122738;-0.703235;0.7;0.7
0.843337;-1.77701;1.96698;-0.0033799;-0.193654;0.7;0.7
0.854402;-1.78134;1.97565;-0.00412068;-0.236097;0.7;0.7
0.923594;-1.62926;1.87283;-0.068484;-3.92385;0.7;0.7
1.07962;-1.89668;2.18243;-0.00176372;-0.101053;0.7;0.7
1.02729;-1.58706;1.89052;-0.056995;-3.26557;0.7;0.7
1.03457;-1.52455;1.84244;-0.0217564;-1.24655;0.7;0.7
1.04468;-1.65092;1.95369;0.0320503;1.83634;0.7;0.7
1.11091;-1.67167;2.00713;-0.0223603;-1.28115;0.7;0.7
1.05119;-1.72673;2.02153;0.0396926;2.27422;0.7;0.7
1.10355;-1.70892;2.03426;-0.0265444;-1.52088;0.7;0.7
0.916969;-1.72075;1.94982;0.0837755;4.79998;0.7;0.7
0.911148;-1.77238;1.99287;0.0147636;0.845892;0.7;0.7
0.960098;-1.97448;2.19553;0.022258;1.27529;0.7;0.7
1.03426;-1.90151;2.16458;-0.0455709;-2.61102;0.7;0.7
0.949625;-1.69866;1.94608;-0.0115988;-0.664564;0.7;0.7
0.926085;-1.96327;2.17073;0.0690043;3.95366;0.7;0.7
0.848156;-1.81044;1.99926;0.00263977;0.151248;0.7;0.7
0.915074;-1.77787;1.99954;-0.037224;-2.13278;0.7;0.7
0.993341;-1.75048;2.01269;-0.0408144;-2.33849;0.7;0.7
1.08134;-1.76455;2.06953;-0.0336333;-1.92705;0.7;0.7
1.00799;-1.87919;2.13246;0.0574482;3.29154;0.7;0.7
1.12871;-2.04697;2.33754;-0.0115829;-0.663649;0.7;0.7
0.996761;-1.79393;2.05225;-0.00323224;-0.185194;0.7;0.7
0.821637;-1.9104;2.07959;0.100984;5.78594;0.7;0.7
0.731032;-1.95391;2.08619;0.048157;2.75919;0.7;0.7
0.474404;-1.83836;1.89859;0.105466;6.04278;0.7;0.7
0.498706;-1.98934;2.0509;0.00692099;0.396544;0.7;0.7
0.501423;-1.94037;2.00411;-0.0072568;-0.415784;0.7;0.7
0.551521;-1.88047;1.95968;-0.0324039;-1.85661;0.7;0.7
0.569157;-1.93363;2.01565;-0.000974457;-0.0558323;0.7;0.7
0.687986;-1.7405;1.87154;-0.0901694;-5.16632;0.7;0.7
0.724646;-1.7463;1.89068;-0.016905;-0.968585;0.7;0.7
0.677343;-1.92785;2.04337;0.0554623;3.17775;0.7;0.7
0.668585;-1.90183;2.01593;-0.000178516;-0.0102282;0.7;0.7
0.638486;-1.8893;1.99428;0.012155;0.696428;0.7;0.7
0.699713;-1.83953;1.96811;-0.0375784;-2.15308;0.7;0.7
0.580737;-1.77098;1.86377;0.0466067;2.67037;0.7;0.7
0.749221;-1.79966;1.94939;-0.0776192;-4.44725;0.7;0.7
0.75678;-1.84476;1.99396;0.0051932;0.297548;0.7;0.7
0.72109;-1.84747;1.98321;0.0171681;0.983661;0.7;0.7
0.678223;-1.81791;1.94031;0.0150428;0.86189;0.7;0.7
0.665206;-2.09161;2.19484;0.0491641;2.81689;0.7;0.7
0.519577;-1.87928;1.94979;0.0381825;2.1877;0.7;0.7
0.396485;-2.11443;2.15128;0.0843765;4.83442;0.7;0.7
0.253425;-2.04316;2.05882;0.0619559;3.54981;0.7;0.7
0.292299;-1.9053;1.92759;-0.0288217;-1.65136;0.7;0.7
0.543514;-1.90746;1.98339;-0.125357;-7.18244;0.7;0.7
0.557967;-1.85637;1.93841;-0.0143948;-0.824761;0.7;0.7
0.590902;-1.90652;1.99599;-0.00856972;-0.491009;0.7;0.7
0.382275;-2.09582;2.1304;0.120133;6.88313;0.7;0.7
0.44512;-2.02314;2.07153;-0.0361482;-2.07114;0.7;0.7
0.419693;-1.9677;2.01197;0.00642198;0.367952;0.7;0.7
0.718176;-1.99164;2.11717;-0.13594;-7.7888;0.7;0.7
0.67505;-2.10041;2.20622;0.0351193;2.01219;0.7;0.7
0.485939;-1.79875;1.86323;0.0471073;2.69905;0.7;0.7
0.51286;-1.87127;1.94028;-0.00364589;-0.208894;0.7;0.7
0.415768;-1.88941;1.93462;0.0509021;2.91647;0.7;0.7
0.532223;-1.8804;1.95427;-0.0592231;-3.39323;0.7;0.7
0.50169;-1.83963;1.90681;0.00958402;0.549124;0.7;0.7
0.427899;-1.86698;1.91539;0.0409368;2.3455;0.7;0.7
0.51277;-1.86858;1.93766;-0.0425226;-2.43637;0.7;0.7
0.538216;-2.00854;2.0794;0.0060108;0.344394;0.7;0.7
0.377725;-2.20541;2.23752;0.0921872;5.28194;0.7;0.7
0.29984;-2.04475;2.06661;0.0240251;1.37653;0.7;0.7
0.292415;-1.98601;2.00742;-0.000585815;-0.0335647;0.7;0.7
0.288617;-1.97745;1.9984;0.00125616;0.0719726;0.7;0.7
0.439173;-1.91225;1.96203;-0.0808176;-4.63051;0.7;0.7
0.363005;-2.22339;2.25282;0.0639097;3.66175;0.7;0.7
0.384818;-1.88841;1.92722;-0.0391875;-2.24528;0.7;0.7
0.478763;-2.02672;2.0825;-0.0309469;-1.77313;0.7;0.7
0.525527;-1.85032;1.92351;-0.0447582;-2.56446;0.7;0.7
0.519397;-1.76551;1.84032;-0.00938782;-0.537882;0.7;0.7
0.51546;-1.82282;1.8943;0.0105334;0.603518;0.7;0.7
0.588833;-1.84845;1.93997;-0.032806;-1.87965;0.7;0.7
0.582177;-2.11002;2.18886;0.0391796;2.24483;0.7;0.7
0.765403;-1.90791;2.05572;-0.112305;-6.43458;0.7;0.7
0.725726;-1.88114;2.01628;0.0133208;0.763224;0.7;0.7
0.713504;-1.92545;2.0534;0.0133201;0.763187;0.7;0.7
0.925408;-1.78946;2.01458;-0.122393;-7.01258;0.7;0.7
0.953327;-1.85927;2.08943;0.00348001;0.19939;0.7;0.7
1.00093;-1.81152;2.06965;-0.0310006;-1.77621;0.7;0.7
0.97741;-1.83736;2.08116;0.0158981;0.910896;0.7;0.7
0.959877;-1.82086;2.05837;0.00375469;0.215128;0.7;0.7
1.00906;-1.78494;2.05042;-0.0293912;-1.68399;0.7;0.7
1.00643;-1.67244;1.95191;-0.0271943;-1.55812;0.7;0.7
1.06994;-1.65183;1.96807;-0.0330561;-1.89397;0.7;0.7
1.35655;-1.53442;2.04809;-0.14917;-8.54683;0.7;0.7
1.50753;-1.74986;2.30969;0.0128091;0.733905;0.7;0.7
1.48745;-1.57916;2.16939;-0.044361;-2.5417;0.7;0.7
1.43964;-1.4724;2.05925;-0.0186468;-1.06838;0.7;0.7
1.41367;-1.38904;1.98189;-0.0200397;-1.14819;0.7;0.7
1.09484;-1.55264;1.89983;0.180015;10.3141;0.7;0.7
1.05297;-1.77719;2.06571;0.0792912;4.54305;0.7;0.7
1.06373;-1.63454;1.95019;-0.0420472;-2.40913;0.7;0.7
1.17325;-1.57446;1.96353;-0.0634767;-3.63694;0.7;0.7
1.27937;-1.57399;2.02836;-0.0421056;-2.41247;0.7;0.7
1.36205;-1.63671;2.12932;-0.0115493;-0.661729;0.7;0.7
1.51043;-1.78422;2.33769;-0.00842748;-0.482859;0.7;0.7
1.32994;-1.55632;2.04716;-0.00463916;-0.265804;0.7;0.7
1.2325;-1.48408;1.92913;0.0140751;0.806446;0.7;0.7
1.38538;-1.45492;2.00899;-0.0678685;-3.88858;0.7;0.7
1.36198;-1.44855;1.98829;0.00631098;0.361592;0.7;0.7
1.53508;-1.43111;2.09871;-0.0658259;-3.77154;0.7;0.7
1.51402;-1.47123;2.11111;0.0207044;1.18627;0.7;0.7
1.43897;-1.4051;2.0112;0.00242298;0.138827;0.7;0.7
1.38904;-1.41153;1.98036;0.0199373;1.14232;0.7;0.7
1.40197;-1.44886;2.01611;0.00841902;0.482374;0.7;0.7
1.42721;-1.2116;1.87214;-0.0979709;-5.61332;0.7;0.7
1.38726;-1.43363;1.99494;0.097961;5.61275;0.7;0.7
1.37545;-1.36837;1.94018;-0.0190193;-1.08972;0.7;0.7
1.30405;-1.48146;1.97364;0.0661863;3.7922;0.7;0.7
1.3484;-1.53296;2.04161;0.000360842;0.0206747;0.7;0.7
1.24123;-1.52755;1.96826;0.0390789;2.23906;0.7;0.7
1.28829;-1.56564;2.02753;-0.00616666;-0.353323;0.7;0.7
1.26897;-1.55278;2.00534;0.00336487;0.192793;0.7;0.7
1.3203;-1.55307;2.03843;-0.0194089;-1.11205;0.7;0.7
1.33313;-1.51865;2.02078;-0.0158687;-0.909208;0.7;0.7
1.58515;-1.66428;2.29837;-0.0406181;-2.32724;0.7;0.7
1.38725;-1.48364;2.03117;0.00921305;0.527869;0.7;0.7
1.48813;-1.45364;2.08029;-0.0452838;-2.59457;0.7;0.7
1.4002;-1.40689;1.98492;0.0141084;0.808349;0.7;0.7
1.40951;-1.43331;2.01024;0.00598644;0.342998;0.7;0.7
1.12978;-1.47905;1.86118;0.124715;7.14563;0.7;0.7
1.16646;-1.63648;2.00965;0.033056;1.89397;0.7;0.7
1.07034;-1.57316;1.90275;0.021822;1.25031;0.7;0.7
1.03305;-1.78051;2.0585;0.0717015;4.10819;0.7;0.7
0.984177;-1.71939;1.98114;0.00585638;0.335546;0.7;0.7
1.10233;-1.737;2.05725;-0.0456091;-2.61321;0.7;0.7
0.96615;-1.70293;1.95791;0.0494222;2.83168;0.7;0.7
0.961339;-1.79602;2.03712;0.0246059;1.40981;0.7;0.7
0.850723;-1.76233;1.95692;0.0417241;2.39062;0.7;0.7
0.847956;-1.83012;2.01702;0.0158472;0.907978;0.7;0.7
0.68435;-1.93002;2.04776;0.0931351;5.33625;0.7;0.7
0.569352;-1.66418;1.75888;0.011112;0.636671;0.7;0.7
0.71875;-1.78715;1.92627;-0.0527423;-3.02191;0.7;0.7
0.748256;-1.74855;1.90192;-0.0219687;-1.25871;0.7;0.7
0.786728;-1.87412;2.03256;0.00690534;0.395647;0.7;0.7
0.79366;-1.8266;1.99158;-0.0124449;-0.713043;0.7;0.7
0.819111;-1.91675;2.08444;0.00603633;0.345856;0.7;0.7
0.831466;-1.7332;1.92232;-0.0434464;-2.4893;0.7;0.7
0.840738;-1.71519;1.91016;-0.00845391;-0.484373;0.7;0.7
1.00042;-1.67317;1.94945;-0.0831346;-4.76326;0.7;0.7
1.04779;-1.79343;2.07708;0.0101411;0.58104;0.7;0.7
1.01558;-1.69625;1.97703;-0.0107322;-0.614909;0.7;0.7
1.05916;-1.7032;2.00567;-0.0168648;-0.966282;0.7;0.7
0.987844;-1.77334;2.02991;0.0481014;2.75601;0.7;0.7
1.05207;-1.71323;2.01048;-0.0424692;-2.43331;0.7;0.7
0.988945;-1.75611;2.01542;0.0378323;2.16763;0.7;0.7
1.06115;-1.85235;2.13477;-0.00734935;-0.421087;0.7;0.7
0.930008;-1.75059;1.98229;0.0318915;1.82725;0.7;0.7
0.942334;-1.8017;2.03325;0.00644081;0.369031;0.7;0.7
0.911986;-1.64004;1.87655;-0.0255991;-1.46672;0.7;0.7
1.06186;-1.74028;2.03866;-0.0403659;-2.3128;0.7;0.7
1.01942;-1.58535;1.88482;-0.0235951;-1.3519;0.7;0.7
1.02429;-1.69218;1.97804;0.0271414;1.55509;0.7;0.7
1.14661;-1.65279;2.01157;-0.0621973;-3.56364;0.7;0.7
1.22425;-1.6664;2.06777;-0.0271044;-1.55297;0.7;0.7
1.29658;-1.95122;2.34273;0.0471183;2.69968;0.7;0.7
1.30243;-1.8373;2.25211;-0.0301626;-1.72819;0.7;0.7
1.00564;-1.60967;1.89798;0.0582443;3.33715;0.7;0.7
1.04615;-1.7045;1.99994;0.00794091;0.454981;0.7;0.7
0.984033;-1.71927;1.98096;0.0306318;1.75507;0.7;0.7
0.969501;-1.53579;1.8162;-0.0432536;-2.47825;0.7;0.7
1.02939;-1.70346;1.99033;0.0195252;1.11871;0.7;0.7
0.869955;-1.71476;1.92282;0.0740769;4.24429;0.7;0.7
1.00136;-1.82828;2.08455;-0.0315818;-1.8095;0.7;0.7
1.04286;-1.66513;1.96474;-0.0584513;-3.34901;0.7;0.7
1.10028;-1.72752;2.04816;-0.00759258;-0.435023;0.7;0.7
1.21389;-1.73931;2.12102;-0.0422024;-2.41802;0.7;0.7
1.25135;-1.59241;2.02526;-0.0567127;-3.2494;0.7;0.7
1.37483;-1.54898;2.07111;-0.0598671;-3.43013;0.7;0.7
1.27677;-1.48974;1.962;0.0173358;0.99327;0.7;0.7
1.30938;-1.24078;1.80389;-0.103723;-5.94289;0.7;0.7
1.48986;-1.35795;2.01587;-0.0193912;-1.11104;0.7;0.7
1.47809;-1.34727;1.99997;1.38277e-05;0.000792269;0.7;0.7
1.50903;-1.28351;1.98105;-0.0343121;-1.96594;0.7;0.7
1.3991;-1.21913;1.85574;0.0119533;0.684874;0.7;0.7
1.53316;-1.356;2.04678;0.00738906;0.423362;0.7;0.7
1.57476;-1.12916;1.93775;-0.10209;-5.84933;0.7;0.7
1.61469;-1.12959;1.97058;-0.0116302;-0.666362;0.7;0.7
1.50358;-1.14911;1.89241;0.042122;2.41341;0.7;0.7
1.47961;-0.974232;1.77155;-0.0702763;-4.02654;0.7;0.7
1.67501;-1.4016;2.18406;0.114478;6.55908;0.7;0.7
1.53228;-1.29721;2.00765;0.00574781;0.329325;0.7;0.7
1.49938;-1.16976;1.9017;-0.0399826;-2.29083;0.7;0.7
1.63748;-1.11323;1.98006;-0.0654555;-3.75032;0.7;0.7
1.68275;-1.16371;2.04594;0.00796307;0.45625;0.7;0.7
1.54822;-1.16948;1.94027;0.0418941;2.40036;0.7;0.7
1.55143;-1.12989;1.91926;-0.0174671;-1.00079;0.7;0.7
1.51529;-1.37709;2.04755;0.108193;6.19903;0.7;0.7
1.29843;-1.24055;1.79579;0.0249531;1.42971;0.7;0.7
1.32434;-1.29728;1.85387;0.0124679;0.714361;0.7;0.7
1.4245;-1.27162;1.90951;-0.0463222;-2.65406;0.7;0.7
1.65477;-1.62816;2.32146;0.0485403;2.78116;0.7;0.7
1.25013;-1.54232;1.98534;0.112358;6.43762;0.7;0.7
1.24191;-1.68851;2.09604;0.0469841;2.69199;0.7;0.7
1.1321;-1.5565;1.92467;0.00532147;0.304898;0.7;0.7
1.17903;-1.62561;2.00816;0.00134374;0.0769906;0.7;0.7
1.23388;-1.57797;2.00312;-0.0361367;-2.07048;0.7;0.7
1.33532;-1.71984;2.17736;0.00343598;0.196867;0.7;0.7
1.36994;-1.63882;2.136;-0.0360734;-2.06685;0.7;0.7
1.2339;-1.30398;1.79523;-0.0615207;-3.52487;0.7;0.7
1.36294;-1.43977;1.98256;-0.000200716;-0.0115002;0.7;0.7
1.39873;-1.38389;1.96764;-0.0327392;-1.87582;0.7;0.7
1.45298;-1.3725;1.99872;-0.0231455;-1.32614;0.7;0.7
1.47633;-1.36206;2.00867;-0.0117611;-0.67386;0.7;0.7
1.48763;-1.27645;1.9602;-0.0360149;-2.0635;0.7;0.7
1.56297;-1.31777;2.04436;-0.00865675;-0.495995;0.7;0.7
1.45698;-1.40526;2.02424;0.0668418;3.82975;0.7;0.7
1.4469;-1.39846;2.01227;0.00104697;0.0599868;0.7;0.7
1.37752;-1.23932;1.85297;-0.0357419;-2.04786;0.7;0.7
1.47829;-1.33498;1.99186;0.00186947;0.107113;0.7;0.7
1.3234;-0.998737;1.65797;-0.0880195;-5.04315;0.7;0.7
1.57949;-1.29202;2.04062;0.0391362;2.24234;0.7;0.7
1.77154;-1.20095;2.14024;-0.0898704;-5.14919;0.7;0.7
1.67842;-1.04876;1.97914;-0.0372572;-2.13468;0.7;0.7
1.73849;-1.10212;2.0584;0.00651672;0.37338;0.7;0.7
1.70864;-1.04788;2.00437;-0.014882;-0.852673;0.7;0.7
1.709;-1.0082;1.98423;-0.0171397;-0.98203;0.7;0.7
1.74369;-1.04062;2.0306;0.00506877;0.290419;0.7;0.7
1.72311;-1.01849;2.0016;-0.00422604;-0.242134;0.7;0.7
2.13587;-0.991528;2.3548;-0.0992101;-5.68432;0.7;0.7
1.7258;-0.783772;1.89544;-0.00832195;-0.476813;0.7;0.7
1.90394;-0.899421;2.10569;0.0150262;0.860937;0.7;0.7
1.74463;-0.891688;1.95929;0.0311666;1.78572;0.7;0.7
1.90398;-0.758939;2.04967;-0.093188;-5.33928;0.7;0.7
1.93242;-0.795626;2.08981;0.0112686;0.645641;0.7;0.7
1.80448;-0.800965;1.97426;0.027176;1.55707;0.7;0.7
1.95813;-0.742752;2.09427;-0.0551986;-3.16265;0.7;0.7
1.8955;-0.636634;1.99956;-0.0385222;-2.20716;0.7;0.7
1.82331;-0.767537;1.97827;0.0744152;4.26368;0.7;0.7
1.69104;-0.886682;1.9094;0.0844877;4.84079;0.7;0.7
1.71257;-0.927344;1.94752;0.0133587;0.765398;0.7;0.7
1.82305;-1.08411;2.12103;0.0402003;2.30331;0.7;0.7
1.7686;-1.05828;2.06105;0.00273078;0.156462;0.7;0.7
1.71657;-1.02695;2.00031;-8.49959e-05;-0.00486991;0.7;0.7
1.69564;-1.10978;2.02652;0.04039;2.31418;0.7;0.7
1.76177;-1.0336;2.04258;-0.0489552;-2.80493;0.7;0.7
1.72515;-1.01199;2.00007;-5.68996e-05;-0.00326011;0.7;0.7
1.75237;-1.05447;2.04516;0.0111834;0.640764;0.7;0.7
1.79896;-0.979952;2.04855;-0.0429056;-2.45831;0.7;0.7
1.82988;-1.06348;2.11648;0.02767;1.58537;0.7;0.7
1.76208;-0.949904;2.00181;-0.0320404;-1.83578;0.7;0.7
1.75935;-0.915604;1.98334;-0.0145685;-0.834715;0.7;0.7
1.63046;-0.975591;1.90005;0.0593555;3.40082;0.7;0.7
1.74525;-1.04531;2.03435;0.000438528;0.0251258;0.7;0.7
1.95497;-1.00046;2.1961;-0.0666412;-3.81826;0.7;0.7
1.7414;-0.981159;1.99878;0.0400924;2.29713;0.7;0.7
1.7345;-0.975382;1.98994;-0.000828742;-0.0474834;0.7;0.7
1.74323;-0.972874;1.99633;-0.00323819;-0.185535;0.7;0.7
1.74315;-1.00239;2.01081;0.0128375;0.735536;0.7;0.7
1.80129;-1.18128;2.15409;0.058572;3.35593;0.7;0.7
1.64677;-1.12984;1.9971;0.0208907;1.19695;0.7;0.7
1.6585;-1.10164;1.99104;-0.015012;-0.860126;0.7;0.7
1.59013;-1.14803;1.96125;0.0390008;2.23458;0.7;0.7
1.90584;-1.34064;2.33014;-0.0122881;-0.704059;0.7;0.7
1.57653;-1.01267;1.87375;-0.0420574;-2.40971;0.7;0.7
1.76485;-1.14439;2.10341;0.00430232;0.246505;0.7;0.7
1.82563;-1.07545;2.11884;-0.0429221;-2.45925;0.7;0.7
1.77343;-1.14429;2.11056;0.040669;2.33016;0.7;0.7
1.68513;-1.08845;2.00609;0.000474934;0.0272117;0.7;0.7
1.68247;-1.0836;2.00122;-0.00131572;-0.0753854;0.7;0.7
1.69726;-1.13321;2.0408;0.0165169;0.94635;0.7;0.7
1.66153;-1.08947;1.98686;-0.00832696;-0.477099;0.7;0.7
1.58356;-1.10489;1.93092;0.0288241;1.6515;0.7;0.7
1.67529;-1.19935;2.06035;0.0121237;0.694638;0.7;0.7
1.63583;-1.15919;2.00491;-0.00482876;-0.276667;0.7;0.7
1.59203;-1.31033;2.06192;0.0721499;4.13388;0.7;0.7
1.57414;-1.2955;2.03868;-3.71328e-05;-0.00212755;0.7;0.7
1.79844;-1.37987;2.26681;-0.034149;-1.95659;0.7;0.7
1.60216;-1.23463;2.02268;0.00210306;0.120496;0.7;0.7
1.49659;-1.26197;1.95764;0.0439949;2.52072;0.7;0.7
1.58611;-1.40365;2.11801;0.02389;1.36879;0.7;0.7
1.50063;-1.33459;2.00824;0.00245838;0.140855;0.7;0.7
1.52259;-1.29145;1.99653;-0.0234563;-1.34395;0.7;0.7
1.55199;-1.31412;2.03362;-0.000851626;-0.0487946;0.7;0.7
1.51416;-1.34897;2.02791;0.0251738;1.44235;0.7;0.7
1.50032;-1.2651;1.96251;-0.0272244;-1.55984;0.7;0.7
1.62752;-1.54504;2.2441;0.0588626;3.37258;0.7;0.7
1.51707;-1.39336;2.05984;-0.0164895;-0.944778;0.7;0.7
1.48923;-1.50782;2.11927;0.048686;2.7895;0.7;0.7
1.45781;-1.28274;1.94181;-0.0699989;-4.01064;0.7;0.7
1.43942;-1.34701;1.97139;0.0306404;1.75557;0.7;0.7
1.50968;-1.49991;2.12811;0.0299105;1.71375;0.7;0.7
1.59489;-1.44939;2.15509;-0.0445138;-2.55045;0.7;0.7
1.43472;-1.26172;1.91059;-0.0163125;-0.93464;0.7;0.7
1.37609;-1.30758;1.89826;0.0385505;2.20878;0.7;0.7
1.40061;-0.992945;1.71687;-0.143178;-8.20347;0.7;0.7
1.6949;-1.03806;1.98752;-0.0671698;-3.84855;0.7;0.7
1.7344;-1.04879;2.02684;-0.00566426;-0.324538;0.7;0.7
1.65043;-1.11735;1.99308;0.0512617;2.93708;0.7;0.7
1.66166;-1.15962;2.02629;0.0141673;0.811725;0.7;0.7
1.65146;-1.12468;1.99805;-0.0114206;-0.654352;0.7;0.7
1.4438;-1.16815;1.85719;0.0823803;4.72004;0.7;0.7
1.73306;-1.43023;2.24701;0.00970187;0.555876;0.7;0.7
1.67985;-0.879954;1.89637;-0.207428;-11.8848;0.7;0.7
1.7619;-0.871652;1.96572;-0.0231121;-1.32422;0.7;0.7
1.78539;-0.873495;1.98762;-0.00441046;-0.252701;0.7;0.7
1.73815;-1.04146;2.02628;0.0848055;4.859;0.7;0.7
1.84728;-1.3147;2.26735;0.0787199;4.51032;0.7;0.7
1.63486;-1.16912;2.00988;0.00226999;0.130061;0.7;0.7
1.69141;-1.17008;2.05669;-0.0156131;-0.894567;0.7;0.7
1.55756;-1.20606;1.96991;0.0536999;3.07678;0.7;0.7
1.5789;-1.17553;1.96845;-0.018901;-1.08295;0.7;0.7
1.68354;-1.24879;2.09613;-0.00177865;-0.101909;0.7;0.7
1.62751;-1.19516;2.01921;-0.00479808;-0.27491;0.7;0.7
1.75756;-1.30428;2.18865;0.00501348;0.287251;0.7;0.7
1.60978;-1.19383;2.00415;-0.000312484;-0.017904;0.7;0.7
1.67144;-0.983148;1.93915;-0.106412;-6.09695;0.7;0.7
2.00599;-0.98294;2.23387;-0.0760818;-4.35917;0.7;0.7
1.70847;-0.929931;1.94516;0.0428423;2.45468;0.7;0.7
1.81743;-1.02057;2.08437;0.0132059;0.756644;0.7;0.7
1.57062;-0.772121;1.75015;-0.0547596;-3.13749;0.7;0.7
1.82024;-0.729528;1.96099;-0.0757221;-4.33855;0.7;0.7
1.90182;-0.752659;2.04534;-0.0043415;-0.248749;0.7;0.7
1.77377;-0.555983;1.85887;-0.0730955;-4.18807;0.7;0.7
1.90626;-0.826185;2.07759;0.105222;6.02879;0.7;0.7
1.77947;-0.717653;1.91873;-0.0256256;-1.46824;0.7;0.7
2.21297;-0.829527;2.36334;-0.0247071;-1.41561;0.7;0.7
1.87667;-0.701551;2.00351;-0.000894293;-0.0512392;0.7;0.7
1.88372;-0.707603;2.01224;0.00159014;0.0911083;0.7;0.7
1.95509;-0.691564;2.0738;-0.0193436;-1.10831;0.7;0.7
1.91578;-0.880772;2.10855;0.090939;5.21042;0.7;0.7
1.81808;-0.830862;1.99893;-0.00226804;-0.129949;0.7;0.7
1.74397;-0.802482;1.91975;0.00259852;0.148884;0.7;0.7
1.82877;-0.831367;2.00887;-0.00458239;-0.262551;0.7;0.7
1.87281;-0.599255;1.96635;-0.116995;-6.7033;0.7;0.7
1.86111;-0.638176;1.96748;0.0206549;1.18344;0.7;0.7
1.80677;-0.567581;1.89382;-0.0259573;-1.48724;0.7;0.7
1.99031;-0.630974;2.08794;0.0026205;0.150144;0.7;0.7
1.94838;-0.7169;2.07608;0.0455737;2.61118;0.7;0.7
1.72185;-0.799688;1.89849;0.0822209;4.71091;0.7;0.7
1.76288;-0.733682;1.90946;-0.0404141;-2.31556;0.7;0.7
1.91884;-0.735972;2.05514;-0.0281351;-1.61202;0.7;0.7
1.86845;-0.717931;2.00163;0.000600471;0.0344044;0.7;0.7
1.7424;-0.765331;1.90307;0.047024;2.69428;0.7;0.7
1.8132;-0.712234;1.94807;-0.0395817;-2.26786;0.7;0.7
1.89136;-0.748753;2.03418;0.00266188;0.152515;0.7;0.7
1.87818;-0.802028;2.04226;0.0266338;1.526;0.7;0.7
2.00124;-0.866244;2.18068;0.00491986;0.281887;0.7;0.7
1.88299;-0.655346;1.99377;-0.0735807;-4.21586;0.7;0.7
1.78958;-0.541931;1.86983;-0.040875;-2.34196;0.7;0.7
2.09632;-0.568942;2.17215;-0.0290313;-1.66337;0.7;0.7
1.91803;-0.582507;2.00453;0.0298322;1.70926;0.7;0.7
1.999;-0.562342;2.0766;-0.020625;-1.18172;0.7;0.7
1.80776;-0.488155;1.87251;-0.0104815;-0.600545;0.7;0.7
1.70751;-0.64992;1.82702;0.0999494;5.72668;0.7;0.7
1.92871;-0.808529;2.09133;0.033262;1.90577;0.7;0.7
1.82489;-0.760659;1.97707;-0.00202782;-0.116186;0.7;0.7
1.87172;-0.716731;2.00425;-0.0292238;-1.6744;0.7;0.7
1.91048;-0.737866;2.04802;0.00286848;0.164352;0.7;0.7
1.85509;-0.723297;1.99111;0.00319691;0.18317;0.7;0.7
1.90634;-0.69507;2.0291;-0.0221374;-1.26838;0.7;0.7
1.85766;-0.549518;1.93723;-0.0620195;-3.55346;0.7;0.7
1.78805;-0.50347;1.85758;-0.013142;-0.75298;0.7;0.7
1.85242;-0.6139;1.95149;0.0455454;2.60956;0.7;0.7
1.90105;-0.663781;2.0136;0.0159168;0.911968;0.7;0.7
1.91179;-0.610799;2.00699;-0.02669;-1.52922;0.7;0.7
1.64166;-0.681484;1.77749;0.0842308;4.82607;0.7;0.7
1.75846;-0.752271;1.91261;0.0107694;0.617043;0.7;0.7
1.82573;-0.814408;1.99914;0.0153417;0.879015;0.7;0.7
1.80859;-0.802203;1.97852;-0.00210515;-0.120616;0.7;0.7
1.94619;-0.87756;2.1349;0.00613404;0.351455;0.7;0.7
1.97569;-0.899075;2.17064;0.00344958;0.197646;0.7;0.7
1.81197;-0.807481;1.98375;-0.00784152;-0.449286;0.7;0.7
1.88173;-0.792538;2.04182;-0.0205926;-1.17987;0.7;0.7
1.80365;-0.829821;1.98539;0.0325754;1.86644;0.7;0.7
1.74972;-0.906822;1.97075;0.046952;2.69015;0.7;0.7
1.77398;-0.924138;2.00026;0.00210426;0.120565;0.7;0.7
1.80018;-0.902826;2.01389;-0.0153955;-0.882098;0.7;0.7
1.85007;-0.853215;2.03734;-0.0327511;-1.8765;0.7;0.7
1.95336;-0.840306;2.12643;-0.0258572;-1.48151;0.7;0.7
1.83908;-0.837581;2.02083;0.0211096;1.20949;0.7;0.7
1.94343;-0.990698;2.18138;0.0440671;2.52486;0.7;0.7
1.78536;-0.906048;2.00211;-0.00181255;-0.103851;0.7;0.7
1.8419;-0.839543;2.02421;-0.0419508;-2.4036;0.7;0.7
1.77592;-1.0036;2.03988;0.0867037;4.96775;0.7;0.7
1.64763;-0.878227;1.86707;-0.0246542;-1.41258;0.7;0.7
1.68177;-1.16741;2.04724;0.117075;6.7079;0.7;0.7
1.63118;-1.17959;2.013;0.0193019;1.10591;0.7;0.7
1.71011;-1.20328;2.09102;-0.0129367;-0.741218;0.7;0.7
1.59944;-1.15423;1.97242;0.011948;0.684567;0.7;0.7
1.79717;-1.27501;2.20352;-0.00806385;-0.462024;0.7;0.7
1.77936;-1.15456;2.12112;-0.0414649;-2.37577;0.7;0.7
1.68032;-1.10968;2.01367;0.00807297;0.462547;0.7;0.7
1.74474;-1.21306;2.125;0.0238941;1.36903;0.7;0.7
1.68315;-1.25469;2.09934;0.033031;1.89254;0.7;0.7
1.62271;-1.24305;2.0441;0.0131083;0.751048;0.7;0.7
1.60211;-1.26913;2.04388;0.0162599;0.931621;0.7;0.7
1.61071;-1.11318;1.95795;-0.0652083;-3.73616;0.7;0.7
1.56311;-1.13006;1.92882;0.0212344;1.21664;0.7;0.7
1.62639;-1.16964;2.0033;-0.0024973;-0.143085;0.7;0.7
1.67236;-1.12396;2.01496;-0.0317319;-1.8181;0.7;0.7
1.71333;-1.2487;2.12008;0.0380624;2.18082;0.7;0.7
1.56665;-1.09855;1.91343;-0.0182662;-1.04657;0.7;0.7
1.58545;-1.10482;1.93243;-0.00293144;-0.167959;0.7;0.7
1.73243;-1.09829;2.05123;-0.0435875;-2.49738;0.7;0.7
1.72772;-1.18055;2.09254;0.034411;1.97161;0.7;0.7
1.66342;-1.15021;2.02236;0.00555396;0.318218;0.7;0.7
1.56459;-1.09823;1.91156;0.00703424;0.403032;0.7;0.7
1.72016;-1.17102;2.08092;-0.0143208;-0.82052;0.7;0.7
1.67936;-1.20051;2.06433;0.0229342;1.31403;0.7;0.7
1.68484;-1.02289;1.97104;-0.0749954;-4.29692;0.7;0.7
1.67271;-1.09218;1.9977;0.032804;1.87953;0.7;0.7
1.86002;-1.19405;2.2103;-0.00773746;-0.443324;0.7;0.7
1.67303;-1.06691;1.98427;-0.00301402;-0.17269;0.7;0.7
1.68873;-1.07471;2.0017;-0.000932437;-0.0534247;0.7;0.7
1.7232;-1.06767;2.02715;-0.0120571;-0.690821;0.7;0.7
1.72968;-1.07617;2.03714;0.00187178;0.107245;0.7;0.7
1.70007;-1.04977;1.99806;-0.00339302;-0.194405;0.7;0.7
1.58257;-1.16323;1.96409;0.0806736;4.62226;0.7;0.7
1.65126;-1.14053;2.00686;-0.0293916;-1.68402;0.7;0.7
1.64481;-1.1491;2.00645;0.00534079;0.306005;0.7;0.7
1.6033;-1.11816;1.9547;-0.000813803;-0.0466275;0.7;0.7
1.6846;-1.0921;2.00763;-0.0338155;-1.93748;0.7;0.7
1.75382;-1.20257;2.12651;0.0258838;1.48303;0.7;0.7
1.5575;-1.14023;1.93027;0.030887;1.7697;0.7;0.7
1.77301;-1.1686;2.12348;-0.0491888;-2.81831;0.7;0.7
1.84172;-0.938442;2.06703;-0.111496;-6.38827;0.7;0.7
1.89735;-0.769944;2.04762;-0.0857593;-4.91365;0.7;0.7
1.86229;-0.76088;2.01173;0.0023783;0.136267;0.7;0.7
1.85744;-0.767965;2.00994;0.00417601;0.239268;0.7;0.7
1.86424;-0.775337;2.01904;0.00208704;0.119578;0.7;0.7
1.90687;-0.530029;1.97916;-0.123024;-7.04873;0.7;0.7
1.88628;-0.582378;1.97413;0.0283458;1.62409;0.7;0.7
2.06053;-0.762729;2.19717;0.0550615;3.15479;0.7;0.7
1.75872;-0.428563;1.81018;-0.115501;-6.61771;0.7;0.7
1.89589;-0.605261;1.99016;0.0700008;4.01075;0.7;0.7
1.9139;-0.59392;2.00393;-0.00812434;-0.465491;0.7;0.7
1.93313;-0.704432;2.05748;0.048548;2.7816;0.7;0.7
2.07794;-0.728975;2.2021;-0.0120438;-0.690061;0.7;0.7
1.77709;-0.674844;1.90091;0.0255244;1.46244;0.7;0.7
1.71058;-0.568853;1.80268;-0.0418801;-2.39955;0.7;0.7
1.84552;-0.597908;1.93996;-0.00773852;-0.443384;0.7;0.7
1.91326;-0.64206;2.01812;0.0104686;0.599805;0.7;0.7
1.80144;-0.758318;1.95455;0.0746597;4.27769;0.7;0.7
1.84392;-0.695297;1.97065;-0.0378462;-2.16843;0.7;0.7
1.80295;-0.729409;1.9449;0.0238465;1.3663;0.7;0.7
1.79995;-0.843109;1.98763;0.0536194;3.07216;0.7;0.7
1.50814;-0.904542;1.7586;0.102198;5.85551;0.7;0.7
1.89862;-0.909674;2.10529;-0.0934448;-5.35399;0.7;0.7
1.52247;-0.98776;1.81482;0.128716;7.37489;0.7;0.7
1.6872;-1.0629;1.99409;-0.0133544;-0.765151;0.7;0.7
1.68375;-1.1559;2.04233;0.0394398;2.25973;0.7;0.7
1.64431;-1.13034;1.99535;0.000627289;0.035941;0.7;0.7
1.54824;-1.07814;1.88665;0.00604465;0.346333;0.7;0.7
1.63019;-1.13955;1.989;0.0017914;0.102639;0.7;0.7
1.66456;-1.32315;2.12638;0.0615482;3.52645;0.7;0.7
1.56565;-1.24144;1.99811;-0.00120897;-0.0692688;0.7;0.7
1.41799;-1.25012;1.89037;0.0521498;2.98796;0.7;0.7
1.38774;-1.15278;1.80409;-0.0293841;-1.68359;0.7;0.7
1.48089;-1.2114;1.91325;-0.00754569;-0.432336;0.7;0.7
1.56451;-1.27087;2.01564;-0.00342962;-0.196503;0.7;0.7
1.55929;-1.30726;2.03478;0.015503;0.888254;0.7;0.7
1.24775;-1.43503;1.90163;0.157388;9.01766;0.7;0.7
1.13816;-1.57757;1.94529;0.0907193;5.19783;0.7;0.7
1.2416;-1.62845;2.04778;-0.0264358;-1.51466;0.7;0.7
1.19847;-1.34974;1.80504;-0.0746854;-4.27916;0.7;0.7
1.33573;-1.48014;1.99373;-0.00805491;-0.461512;0.7;0.7
1.25759;-1.59755;2.03315;0.0672728;3.85445;0.7;0.7
1.20279;-1.41132;1.85433;-0.0389109;-2.22943;0.7;0.7
1.28937;-1.52774;1.99912;0.00481618;0.275947;0.7;0.7
1.23128;-1.40716;1.8698;-0.0178523;-1.02286;0.7;0.7
1.31496;-1.53723;2.02292;0.0112088;0.642218;0.7;0.7
1.20837;-1.56066;1.97379;0.0487707;2.79436;0.7;0.7
1.12313;-1.59117;1.94762;0.0442118;2.53315;0.7;0.7
1.16604;-1.66743;2.03469;0.00438129;0.251029;0.7;0.7
1.20352;-1.62159;2.01941;-0.0282173;-1.61673;0.7;0.7
1.19539;-1.60997;2.00523;-0.000200909;-0.0115112;0.7;0.7
1.01326;-1.66524;1.94928;0.0920485;5.27399;0.7;0.7
1.00424;-1.82699;2.0848;0.0440424;2.52345;0.7;0.7
1.00333;-1.69026;1.96562;-0.0331095;-1.89703;0.7;0.7
1.04996;-1.85562;2.13207;0.0207847;1.19088;0.7;0.7
0.933483;-1.80848;2.03519;0.038413;2.2009;0.7;0.7
0.92203;-1.76399;1.99043;-0.00513764;-0.294365;0.7;0.7
1.01254;-1.76242;2.03257;-0.0398331;-2.28227;0.7;0.7
1.00955;-1.73354;2.00608;-0.00587972;-0.336883;0.7;0.7
1.00546;-1.72403;1.99581;-0.000626759;-0.0359107;0.7;0.7
1.22916;-1.6413;2.05053;-0.114814;-6.57836;0.7;0.7
1.24244;-1.73335;2.13265;0.0208882;1.19681;0.7;0.7
0.84339;-1.57658;1.78799;0.13069;7.48799;0.7;0.7
0.909922;-1.57365;1.81778;-0.0330397;-1.89303;0.7;0.7
0.946749;-1.70041;1.94621;0.0162221;0.929456;0.7;0.7
0.932258;-1.6868;1.92728;0.00313392;0.17956;0.7;0.7
1.18477;-1.9466;2.2788;-0.0418467;-2.39764;0.7;0.7
1.03493;-1.70696;1.99619;0.0017032;0.097586;0.7;0.7
1.10105;-1.806;2.11517;-0.00245321;-0.140559;0.7;0.7
0.873236;-1.54853;1.77777;0.0340311;1.94984;0.7;0.7
1.10382;-2.0024;2.28649;0.00966255;0.553623;0.7;0.7
1.03028;-1.61141;1.91262;-0.0650602;-3.72768;0.7;0.7
1.19128;-1.49678;1.91298;-0.103371;-5.92274;0.7;0.7
1.35417;-1.54807;2.05677;-0.0464556;-2.66171;0.7;0.7
1.28582;-1.42034;1.91591;-0.017043;-0.976491;0.7;0.7
1.2517;-1.35813;1.84696;-0.00891243;-0.510645;0.7;0.7
1.32959;-1.56053;2.05013;0.0389801;2.23339;0.7;0.7
1.2653;-1.44278;1.91901;-0.0142927;-0.818913;0.7;0.7
1.33193;-1.51702;2.01876;-0.00056611;-0.0324357;0.7;0.7
1.51675;-1.34001;2.0239;-0.126666;-7.25743;0.7;0.7
1.55877;-1.26866;2.00979;-0.0404608;-2.31823;0.7;0.7
1.67852;-1.29285;2.1187;-0.026825;-1.53696;0.7;0.7
1.63887;-1.27707;2.07769;0.00562766;0.322441;0.7;0.7
1.56505;-1.22246;1.9859;0.0011589;0.0664;0.7;0.7
1.60305;-1.22241;2.01595;-0.0116218;-0.665883;0.7;0.7
1.47501;-1.2681;1.94518;0.0586236;3.35889;0.7;0.7
1.43511;-1.31514;1.94657;0.0316928;1.81586;0.7;0.7
1.44989;-1.26484;1.92406;-0.0244672;-1.40187;0.7;0.7
1.80729;-1.24623;2.19531;-0.113654;-6.51191;0.7;0.7
1.66639;-1.40677;2.18079;0.0974349;5.58261;0.7;0.7
1.6225;-1.30534;2.08241;-0.0236229;-1.35349;0.7;0.7
1.37891;-1.26612;1.87202;0.0652864;3.74064;0.7;0.7
1.50055;-1.39905;2.05158;0.00762608;0.436942;0.7;0.7
1.40454;-1.23826;1.87244;-0.027846;-1.59546;0.7;0.7
1.4165;-1.29133;1.91677;0.0166476;0.953835;0.7;0.7
1.41613;-1.23913;1.88173;-0.0203725;-1.16726;0.7;0.7
1.45466;-1.49535;2.08617;0.0803552;4.60401;0.7;0.7
1.33303;-1.45392;1.97253;0.0295574;1.69351;0.7;0.7
1.3446;-1.46002;1.98485;-0.00222297;-0.127367;0.7;0.7
1.39654;-1.46977;2.02745;-0.0155842;-0.892911;0.7;0.7
1.42976;-1.26112;1.90647;-0.0881322;-5.0496;0.7;0.7
1.3713;-1.32793;1.90889;0.0465257;2.66573;0.7;0.7
1.44334;-1.33315;1.96482;-0.0236012;-1.35225;0.7;0.7
1.52559;-1.31985;2.01728;-0.0325176;-1.86312;0.7;0.7
1.47608;-1.2673;1.94547;-0.00377297;-0.216175;0.7;0.7
1.42108;-1.20729;1.86467;-0.00520684;-0.29833;0.7;0.7
1.36038;-1.32906;1.90185;0.0695173;3.98305;0.7;0.7
1.36596;-1.33847;1.91243;0.00148021;0.08481;0.7;0.7
1.43943;-1.1673;1.85325;-0.0938563;-5.37757;0.7;0.7
1.64434;-1.19593;2.03325;-0.0525612;-3.01153;0.7;0.7
1.90777;-1.17527;2.24073;-0.0766835;-4.39364;0.7;0.7
1.73439;-1.0342;2.01933;-0.0144443;-0.827599;0.7;0.7
1.74587;-1.00599;2.01497;-0.0149424;-0.856135;0.7;0.7
1.80786;-1.02586;2.07865;-0.00660818;-0.378621;0.7;0.7
1.76085;-0.970828;2.01075;-0.0122669;-0.702842;0.7;0.7
1.73306;-0.981191;1.99154;0.0112947;0.647139;0.7;0.7
1.71927;-1.02456;2.0014;0.022254;1.27506;0.7;0.7
1.82045;-0.987494;2.07103;-0.040396;-2.31452;0.7;0.7
1.66445;-0.992611;1.93795;0.0407147;2.33278;0.7;0.7
1.6758;-1.07521;1.99108;0.0327165;1.87452;0.7;0.7
1.75264;-1.13521;2.08817;0.00431211;0.247066;0.7;0.7
1.62041;-1.04324;1.92719;-0.00275428;-0.157808;0.7;0.7
1.67794;-1.03593;1.97196;-0.0189109;-1.08352;0.7;0.7
1.67007;-0.981444;1.93711;-0.0218018;-1.24915;0.7;0.7
1.69344;-0.86835;1.90309;-0.057486;-3.2937;0.7;0.7
1.81041;-0.962963;2.05058;0.0150285;0.86107;0.7;0.7
1.74495;-0.961657;1.9924;0.0148507;0.850881;0.7;0.7
1.85641;-1.13648;2.17666;0.0456416;2.61507;0.7;0.7
1.78726;-1.06156;2.07875;-0.0133666;-0.765849;0.7;0.7
1.64953;-1.05145;1.95614;0.0315166;1.80577;0.7;0.7
1.6823;-1.0656;1.99139;-0.00285632;-0.163655;0.7;0.7
1.67451;-1.04318;1.97287;-0.00748415;-0.42881;0.7;0.7
1.54619;-0.860542;1.76953;-0.0492807;-2.82358;0.7;0.7
1.78303;-0.967606;2.02866;-0.0106619;-0.610883;0.7;0.7
1.69355;-0.869335;1.90364;-0.0229546;-1.3152;0.7;0.7
2.26681;-0.828986;2.41364;-0.12365;-7.08464;0.7;0.7
2.10292;-0.767061;2.23844;-0.000833466;-0.0477541;0.7;0.7
2.18419;-0.307409;2.20572;-0.209939;-12.0286;0.7;0.7
2.02828;-0.188828;2.03705;-0.0469945;-2.69258;0.7;0.7
2.10209;-0.153866;2.10771;-0.0197631;-1.13234;0.7;0.7
2.0196;-0.202651;2.02974;0.0269411;1.54361;0.7;0.7
1.91155;-0.201311;1.92212;0.00491893;0.281834;0.7;0.7
2.13486;-0.199194;2.14414;-0.0118909;-0.681297;0.7;0.7
2.04;-0.25147;2.05544;0.0296149;1.69681;0.7;0.7
2.01563;-0.231685;2.0289;-0.00820889;-0.470335;0.7;0.7
2.1534;-0.0291665;2.15359;-0.100898;-5.78104;0.7;0.7
1.94779;-0.0728141;1.94915;0.0238219;1.3649;0.7;0.7
1.98937;0.0341778;1.98966;-0.0545441;-3.12514;0.7;0.7
1.99304;0.0184759;1.99312;0.00790859;0.453129;0.7;0.7
2.04389;0.0882343;2.04579;-0.0338731;-1.94079;0.7;0.7
1.97877;0.215805;1.99051;-0.0654875;-3.75216;0.7;0.7
1.98804;0.216091;1.99974;0.000359888;0.0206201;0.7;0.7
1.7719;0.334408;1.80318;-0.0782641;-4.4842;0.7;0.7
2.01091;0.546297;2.0838;-0.0787297;-4.51088;0.7;0.7
1.92799;0.446025;1.97891;0.0379218;2.17276;0.7;0.7
1.9268;0.445465;1.97762;0.000139977;0.00802007;0.7;0.7
2.056;0.395331;2.09367;0.03724;2.1337;0.7;0.7
1.98358;0.43526;2.03077;-0.0260454;-1.49229;0.7;0.7
1.88968;0.49602;1.95369;-0.0406899;-2.33136;0.7;0.7
