#1 AntVel X	#2 AntVel Y	#3 Speed	#4 Turning Angle Rad		#5 Turning Angle Deg	#6 Detected Phero Left	#7 Detected Phero Right	
-0.811023;1.70961;1.89222;-0.0646814;-3.70597;0.7;0.7
-0.723153;1.85354;1.98961;0.0709679;4.06616;0.7;0.7
-0.802968;2.00197;2.15699;-0.00946121;-0.542087;0.7;0.7
-0.708299;1.73886;1.87759;-0.0053678;-0.307552;0.7;0.7
-0.706791;1.91887;2.0449;0.0338963;1.94211;0.7;0.7
-0.713578;1.84925;1.98215;-0.0153531;-0.879668;0.7;0.7
-0.453597;1.94625;1.99841;0.139296;7.98107;0.7;0.7
-0.564274;1.97316;2.05226;-0.0495659;-2.83992;0.7;0.7
-0.519822;1.88065;1.95117;0.00886742;0.508066;0.7;0.7
-0.467469;1.93465;1.99033;0.0325873;1.86711;0.7;0.7
-0.479625;1.93556;1.9941;-0.00581868;-0.333386;0.7;0.7
-0.479329;1.8116;1.87394;-0.0157577;-0.902847;0.7;0.7
-0.368423;1.92422;1.95918;0.0694854;3.98122;0.7;0.7
-0.381161;1.94108;1.97815;-0.0047214;-0.270516;0.7;0.7
-0.332688;1.9841;2.0118;0.0277663;1.59089;0.7;0.7
-0.373717;2.10057;2.13355;-0.00993874;-0.569448;0.7;0.7
-0.340475;1.96374;1.99304;0.00439647;0.251899;0.7;0.7
-0.541008;1.76541;1.84645;-0.125689;-7.20143;0.7;0.7
-0.747846;1.82309;1.97051;-0.0919132;-5.26624;0.7;0.7
-0.828567;2.04096;2.20274;0.00363467;0.208251;0.7;0.7
-0.904082;1.86793;2.07522;-0.0651271;-3.73151;0.7;0.7
-0.695513;1.96806;2.08734;0.111067;6.36365;0.7;0.7
-0.681282;1.83643;1.95873;-0.0155419;-0.890483;0.7;0.7
-0.762689;1.84238;1.99401;-0.0372471;-2.1341;0.7;0.7
-0.78686;1.81909;1.98198;-0.0157633;-0.903168;0.7;0.7
-0.778456;1.79672;1.95811;-0.000597815;-0.0342523;0.7;0.7
-0.887678;1.64115;1.86584;-0.0869689;-4.98295;0.7;0.7
-0.81377;1.51151;1.71665;0.00193971;0.111137;0.7;0.7
-0.947339;1.42356;1.70996;-0.0932944;-5.34538;0.7;0.7
-0.955572;1.55948;1.82896;0.037432;2.1447;0.7;0.7
-0.986939;1.85283;2.09929;0.0603055;3.45525;0.7;0.7
-0.981065;1.839;2.08433;-0.000631347;-0.0361735;0.7;0.7
-0.949892;1.82029;2.05323;0.00910588;0.521728;0.7;0.7
-0.822915;1.95219;2.11855;0.0820314;4.70005;0.7;0.7
-0.929259;1.86881;2.0871;-0.0625099;-3.58155;0.7;0.7
-0.963474;1.91516;2.14386;-0.00466478;-0.267272;0.7;0.7
-0.901111;1.78713;2.00146;-0.000914264;-0.0523835;0.7;0.7
-0.911532;1.79798;2.01584;-0.0021917;-0.125575;0.7;0.7
-0.869745;1.83775;2.03317;0.0271791;1.55725;0.7;0.7
-0.939074;1.649;1.89765;-0.0756433;-4.33404;0.7;0.7
-1.09861;1.73156;2.05067;-0.0477006;-2.73304;0.7;0.7
-1.04862;1.53776;1.86126;-0.0331059;-1.89683;0.7;0.7
-0.954571;1.66546;1.91962;0.0780329;4.47096;0.7;0.7
-1.01106;1.39988;1.72682;-0.105053;-6.0191;0.7;0.7
-1.1795;1.62856;2.01083;-0.00131652;-0.0754309;0.7;0.7
-1.25447;1.77581;2.17421;0.0117954;0.675828;0.7;0.7
-1.16718;1.74936;2.10299;0.0266515;1.52702;0.7;0.7
-1.11693;1.71862;2.04968;0.0120665;0.691362;0.7;0.7
-1.03576;1.62206;1.92455;0.0080255;0.459827;0.7;0.7
-1.20993;1.64024;2.03822;-0.0672717;-3.85438;0.7;0.7
-1.17631;1.57459;1.96546;-0.00606565;-0.347536;0.7;0.7
-1.31346;1.57432;2.05028;-0.0536916;-3.0763;0.7;0.7
-1.61003;1.38235;2.12205;-0.166028;-9.51272;0.7;0.7
-1.53162;1.28665;2.00033;-0.0107656;-0.616824;0.7;0.7
-1.48708;1.30213;1.9766;0.0204917;1.17409;0.7;0.7
-1.38045;1.31137;1.90403;0.0405538;2.32356;0.7;0.7
-1.54735;1.25469;1.99212;-0.0784083;-4.49247;0.7;0.7
-1.59432;1.26134;2.03293;-0.0120115;-0.688208;0.7;0.7
-1.54685;1.28439;2.01057;0.023641;1.35453;0.7;0.7
-1.50268;1.33355;2.00908;0.0328753;1.88362;0.7;0.7
-1.44018;1.25108;1.9077;-0.0105876;-0.606626;0.7;0.7
-1.44085;1.24149;1.90193;-0.00403736;-0.231324;0.7;0.7
-1.47208;1.19783;1.89785;-0.0281689;-1.61396;0.7;0.7
-1.5465;1.28591;2.01127;0.010614;0.608139;0.7;0.7
-1.58425;1.3001;2.04942;-0.00645265;-0.36971;0.7;0.7
-1.49911;1.28713;1.97586;0.0222637;1.27561;0.7;0.7
-1.51982;1.31182;2.00766;0.00260934;0.149504;0.7;0.7
-1.75322;1.32712;2.19887;-0.0641339;-3.6746;0.7;0.7
-1.57903;1.21797;1.99419;0.00907935;0.520208;0.7;0.7
-1.4649;1.09147;1.82681;-0.0166742;-0.955361;0.7;0.7
-1.64235;1.11836;1.98697;-0.0425215;-2.4363;0.7;0.7
-1.9408;0.919213;2.14748;-0.155499;-8.90945;0.7;0.7
-1.53506;0.88114;1.76998;0.0787631;4.51279;0.7;0.7
-1.7576;0.985221;2.0149;-0.0101827;-0.583428;0.7;0.7
-1.78243;1.00142;2.04448;0.000971129;0.0556416;0.7;0.7
-1.8448;0.901982;2.0535;-0.0571242;-3.27298;0.7;0.7
-1.44978;0.846683;1.67891;0.0738235;4.22978;0.7;0.7
-1.72754;0.966257;1.97941;-0.018603;-1.06588;0.7;0.7
-1.7154;1.03247;2.00215;0.0318275;1.82358;0.7;0.7
-1.58494;1.02642;1.88827;0.0328934;1.88465;0.7;0.7
-1.76368;1.29735;2.18945;0.0595241;3.41048;0.7;0.7
-1.59693;1.19288;1.99328;0.00734813;0.421017;0.7;0.7
-1.63369;0.861662;1.847;-0.156216;-8.95049;0.7;0.7
-1.76356;0.92325;1.99061;-0.00306999;-0.175897;0.7;0.7
-1.66888;1.01437;1.95298;0.0638665;3.65928;0.7;0.7
-1.60063;1.11041;1.94808;0.0603575;3.45823;0.7;0.7
-1.50969;1.05056;1.83925;0.00144841;0.082988;0.7;0.7
-1.58628;1.02334;1.88773;-0.0350158;-2.00626;0.7;0.7
-1.60433;1.17485;1.98851;0.0591379;3.38835;0.7;0.7
-1.9016;1.01086;2.15358;-0.143482;-8.22092;0.7;0.7
-1.83478;0.883498;2.03641;-0.0398326;-2.28224;0.7;0.7
-1.93438;0.750515;2.07488;-0.0786539;-4.50654;0.7;0.7
-1.91571;0.740211;2.05375;-0.0013892;-0.0795953;0.7;0.7
-1.90095;0.620497;1.99966;-0.0532079;-3.04859;0.7;0.7
-1.8584;0.716442;1.99172;0.0524475;3.00502;0.7;0.7
-1.88974;0.77573;2.04277;0.021563;1.23547;0.7;0.7
-2.06901;0.804483;2.21991;-0.0186848;-1.07056;0.7;0.7
-1.82642;0.790186;1.99003;0.0374893;2.14798;0.7;0.7
-1.9811;0.661635;2.08866;-0.0859982;-4.92733;0.7;0.7
-1.88998;0.709018;2.0186;0.0365713;2.09538;0.7;0.7
-1.87152;0.691304;1.99512;-0.00506261;-0.290066;0.7;0.7
-1.66824;0.916596;1.90347;0.148576;8.51278;0.7;0.7
-1.80728;1.02313;2.07679;0.0127219;0.728914;0.7;0.7
-1.72183;0.944903;1.96407;-0.0132298;-0.75801;0.7;0.7
-1.83571;0.908898;2.04839;-0.0421669;-2.41599;0.7;0.7
-1.96152;0.880349;2.15001;-0.0378728;-2.16995;0.7;0.7
-1.85479;0.802744;2.02105;-0.0134105;-0.768366;0.7;0.7
-1.85491;0.777158;2.01114;-0.0116984;-0.670271;0.7;0.7
-1.63672;0.693831;1.77771;0.00419691;0.240465;0.7;0.7
-1.86494;0.732726;2.00372;-0.0265858;-1.52325;0.7;0.7
-1.68858;0.868164;1.89869;0.100528;5.75983;0.7;0.7
-1.78794;0.918643;2.01013;-0.000267998;-0.0153552;0.7;0.7
-1.84005;0.824007;2.01612;-0.0535881;-3.07037;0.7;0.7
-1.70563;0.858189;1.90936;0.0451271;2.58559;0.7;0.7
-1.93283;0.743014;2.07073;-0.0991644;-5.6817;0.7;0.7
-1.84635;0.717713;1.98094;0.00374409;0.214521;0.7;0.7
-1.81273;0.786072;1.97583;0.0384203;2.20132;0.7;0.7
-1.828;0.791193;1.99187;-0.000689571;-0.0395095;0.7;0.7
-1.84717;0.921913;2.06445;0.0544478;3.11963;0.7;0.7
-1.74826;0.817418;1.92992;-0.0255632;-1.46466;0.7;0.7
-1.98078;0.805222;2.13819;-0.0512475;-2.93626;0.7;0.7
-1.83495;0.768797;1.98949;0.0106433;0.609817;0.7;0.7
-1.85862;0.710326;1.98973;-0.0317064;-1.81664;0.7;0.7
-1.79131;0.913503;2.01079;0.106538;6.10416;0.7;0.7
-1.83402;1.06291;2.11976;0.0536623;3.07462;0.7;0.7
-1.7524;1.00823;2.02174;-0.0031584;-0.180963;0.7;0.7
-1.66397;0.807623;1.84961;-0.0702249;-4.02359;0.7;0.7
-1.716;0.871601;1.92467;0.0181016;1.03714;0.7;0.7
-1.89485;0.823573;2.06609;-0.0599623;-3.43559;0.7;0.7
-1.84416;0.994111;2.09504;0.0843984;4.83567;0.7;0.7
-1.87758;0.918548;2.09023;-0.0394194;-2.25857;0.7;0.7
-1.85206;1.0129;2.11095;0.0454776;2.60567;0.7;0.7
-1.82865;0.948617;2.06006;-0.0219255;-1.25624;0.7;0.7
-1.76433;0.918763;1.98922;0.00156664;0.0897618;0.7;0.7
-1.72593;0.933766;1.96233;0.015821;0.906478;0.7;0.7
-1.70956;0.913187;1.93817;-0.00532122;-0.304883;0.7;0.7
-1.73597;0.887931;1.94988;-0.0178067;-1.02025;0.7;0.7
-1.84082;1.14689;2.16886;0.084387;4.83502;0.7;0.7
-1.66402;1.10072;1.99514;0.0272219;1.5597;0.7;0.7
-1.68589;1.14704;2.0391;0.0130289;0.746498;0.7;0.7
-1.43438;1.05522;1.78071;0.0368265;2.11;0.7;0.7
-1.60544;1.17616;1.99017;-0.00198424;-0.113689;0.7;0.7
-1.63099;1.1893;2.01856;-0.00223021;-0.127781;0.7;0.7
-1.57456;1.25235;2.01187;0.0418598;2.39839;0.7;0.7
-1.37329;0.950831;1.67033;-0.0663182;-3.79975;0.7;0.7
-1.60121;1.12874;1.95906;0.00843888;0.483512;0.7;0.7
-1.55905;0.926388;1.81351;-0.0778818;-4.4623;0.7;0.7
-1.74309;1.01695;2.01806;-0.00800857;-0.458857;0.7;0.7
-1.5635;1.01194;1.8624;0.0462885;2.65213;0.7;0.7
-1.79056;1.08147;2.09182;-0.0310802;-1.78076;0.7;0.7
-1.79507;1.10747;2.10921;0.00944247;0.541013;0.7;0.7
-1.70259;1.05446;2.00268;0.00172225;0.0986777;0.7;0.7
-1.7143;1.11724;2.04623;0.0230729;1.32198;0.7;0.7
-1.65761;1.10305;1.99107;0.0095739;0.548544;0.7;0.7
-1.67348;1.10373;2.00468;-0.0041036;-0.235119;0.7;0.7
-1.92797;0.98352;2.16435;-0.111333;-6.37892;0.7;0.7
-1.80829;0.95466;2.04482;0.0140257;0.803614;0.7;0.7
-1.56036;1.11455;1.91754;0.134508;7.70673;0.7;0.7
-1.66555;1.23932;2.07604;0.0194545;1.11466;0.7;0.7
-1.7026;1.30615;2.1459;0.0146794;0.841067;0.7;0.7
-1.60077;1.11589;1.95133;-0.0456119;-2.61337;0.7;0.7
-1.6258;1.13083;1.9804;-0.00104074;-0.0596299;0.7;0.7
-1.77192;1.24664;2.16652;0.00537312;0.307857;0.7;0.7
-1.63368;1.12432;1.98318;-0.0103379;-0.592316;0.7;0.7
-1.73012;1.02638;2.01166;-0.0673335;-3.85793;0.7;0.7
-1.81527;1.00168;2.07329;-0.0312061;-1.78798;0.7;0.7
-1.78782;0.941472;2.02056;-0.0195273;-1.11883;0.7;0.7
-1.74383;0.750803;1.89859;-0.0781427;-4.47725;0.7;0.7
-1.76213;0.863463;1.96231;0.0490648;2.81121;0.7;0.7
-1.71887;1.10791;2.04499;0.116914;6.69868;0.7;0.7
-1.72361;1.10805;2.04905;-0.00119291;-0.0683489;0.7;0.7
-1.65225;1.13263;2.0032;0.0295877;1.69525;0.7;0.7
-1.54117;1.38754;2.07376;0.132054;7.56613;0.7;0.7
-1.50779;1.27184;1.97256;-0.0322739;-1.84916;0.7;0.7
-1.72793;1.25625;2.13633;-0.0720806;-4.12991;0.7;0.7
-1.61796;1.18283;2.00422;0.00263697;0.151087;0.7;0.7
-1.61222;1.20763;2.01435;0.0116243;0.666022;0.7;0.7
-1.48847;1.19029;1.90586;0.0316469;1.81324;0.7;0.7
-1.59544;1.24336;2.02271;-0.0125341;-0.718151;0.7;0.7
-1.83161;1.15453;2.16512;-0.0995819;-5.70562;0.7;0.7
-1.74559;1.0818;2.05362;-0.00762302;-0.436767;0.7;0.7
-1.64046;1.05703;1.95152;0.0175905;1.00786;0.7;0.7
-1.71174;0.923052;1.94476;-0.0778421;-4.46003;0.7;0.7
-1.52701;0.87626;1.76057;0.0264108;1.51323;0.7;0.7
-1.76347;1.02278;2.0386;0.00460774;0.264004;0.7;0.7
-1.72472;0.998489;1.9929;-0.000787715;-0.0451327;0.7;0.7
-1.67913;1.04392;1.97718;0.0314419;1.80149;0.7;0.7
-1.7349;0.936154;1.97136;-0.0613996;-3.51794;0.7;0.7
-1.74008;0.646219;1.8562;-0.139237;-7.97768;0.7;0.7
-1.88574;0.610601;1.98214;-0.0424421;-2.43175;0.7;0.7
-1.94028;0.613537;2.03497;-0.00688272;-0.394351;0.7;0.7
-2.05162;0.488925;2.10907;-0.0723138;-4.14328;0.7;0.7
-1.89229;0.471349;1.95011;0.0101727;0.58285;0.7;0.7
-1.90696;0.497442;1.97077;0.0110488;0.633048;0.7;0.7
-1.91475;0.509086;1.98127;0.00469479;0.268992;0.7;0.7
-1.91203;0.643404;2.01738;0.0647364;3.70912;0.7;0.7
-1.77248;0.677625;1.8976;0.0405566;2.32372;0.7;0.7
-1.91788;0.741321;2.05617;0.00368428;0.211094;0.7;0.7
-2.23135;0.671799;2.33029;-0.0764007;-4.37744;0.7;0.7
-1.9279;0.60809;2.02153;0.0130983;0.750478;0.7;0.7
-1.91286;0.610399;2.00789;0.00334988;0.191934;0.7;0.7
-1.8744;0.460962;1.93025;-0.06775;-3.88179;0.7;0.7
-1.94098;0.480489;1.99957;0.00153222;0.0877898;0.7;0.7
-1.94361;0.476382;2.00114;-0.00230797;-0.132237;0.7;0.7
-1.98197;0.487203;2.04098;0.000674204;0.0386291;0.7;0.7
-1.86249;0.7638;2.01302;0.148143;8.48795;0.7;0.7
-1.76685;0.7461;1.91792;0.0103813;0.594804;0.7;0.7
-1.88497;0.787172;2.04273;-0.00397122;-0.227534;0.7;0.7
-1.77627;0.932403;2.00612;0.0877955;5.03031;0.7;0.7
-1.83758;0.889969;2.04175;-0.0323643;-1.85434;0.7;0.7
-1.79561;0.851716;1.98737;-0.00811809;-0.465132;0.7;0.7
-1.79944;0.861784;1.99516;0.00373694;0.214111;0.7;0.7
-1.58561;0.635587;1.70825;-0.0654044;-3.7474;0.7;0.7
-1.80188;0.852606;1.99342;0.0607219;3.47911;0.7;0.7
-1.77657;0.793944;1.94591;-0.0216883;-1.24265;0.7;0.7
-1.79593;1.10002;2.10604;0.129295;7.40803;0.7;0.7
-1.56021;1.11216;1.91603;0.0697181;3.99455;0.7;0.7
-1.68763;1.29024;2.12434;0.0334509;1.9166;0.7;0.7
-1.63951;1.13454;1.99378;-0.0473974;-2.71567;0.7;0.7
-1.71129;1.1812;2.07936;-0.00119286;-0.0683461;0.7;0.7
-1.79342;1.13021;2.11984;-0.0418144;-2.39579;0.7;0.7
-1.57006;0.993961;1.85824;0.00205439;0.117708;0.7;0.7
-1.65611;1.0622;1.96747;0.0059084;0.338526;0.7;0.7
-1.83502;1.06801;2.12319;-0.0431989;-2.47512;0.7;0.7
-1.69981;0.894477;1.92079;-0.042688;-2.44584;0.7;0.7
-1.43122;0.930862;1.70731;0.0922495;5.28551;0.7;0.7
-1.69754;0.932972;1.93702;-0.0741151;-4.24648;0.7;0.7
-1.86648;1.01043;2.12243;-0.00635535;-0.364134;0.7;0.7
-1.72962;0.937011;1.96713;0.000297843;0.0170651;0.7;0.7
-1.8507;0.816147;2.02267;-0.0811424;-4.64912;0.7;0.7
-1.64207;0.768883;1.81317;0.022579;1.29368;0.7;0.7
-1.82;0.894199;2.0278;0.0187606;1.0749;0.7;0.7
-1.72249;1.03583;2.00995;0.0847379;4.85512;0.7;0.7
-1.70985;1.12027;2.04416;0.0385963;2.2114;0.7;0.7
-1.4772;1.21658;1.91368;0.108935;6.24149;0.7;0.7
-1.54061;1.04209;1.85996;-0.0942288;-5.39891;0.7;0.7
-1.56733;1.1549;1.94687;0.0403177;2.31003;0.7;0.7
-1.71629;0.994751;1.98373;-0.109755;-6.28851;0.7;0.7
-1.57622;1.02831;1.88199;0.0527724;3.02364;0.7;0.7
-1.90506;1.15454;2.2276;-0.033204;-1.90245;0.7;0.7
-1.71459;1.0177;1.99387;-0.00918068;-0.526014;0.7;0.7
-2.04365;1.01611;2.28232;-0.0742624;-4.25492;0.7;0.7
-1.77766;0.877742;1.98255;-0.00276135;-0.158214;0.7;0.7
-1.62312;0.925231;1.8683;0.0594493;3.40619;0.7;0.7
-1.80308;0.928458;2.02809;-0.0425756;-2.4394;0.7;0.7
-1.90136;0.773809;2.05279;-0.0890116;-5.09999;0.7;0.7
-1.92757;0.702811;2.0517;-0.0368767;-2.11288;0.7;0.7
-2.00269;0.783958;2.15066;0.0234861;1.34565;0.7;0.7
-1.75735;0.795423;1.92899;0.0519189;2.97473;0.7;0.7
-1.70153;0.783258;1.87315;0.00637282;0.365136;0.7;0.7
-1.56174;0.836273;1.77155;0.0602141;3.45001;0.7;0.7
-1.78911;1.01785;2.05838;0.0256237;1.46813;0.7;0.7
-1.77937;1.05809;2.07019;0.019225;1.10151;0.7;0.7
-1.58203;0.847413;1.7947;-0.0447129;-2.56186;0.7;0.7
-1.83455;0.851324;2.02246;-0.0572813;-3.28198;0.7;0.7
-1.79384;0.825076;1.97449;-0.00337856;-0.193578;0.7;0.7
-1.80755;0.83747;1.99213;0.00277564;0.159032;0.7;0.7
-1.82729;0.798873;1.99429;-0.0217246;-1.24473;0.7;0.7
-1.71945;0.517285;1.79557;-0.119918;-6.87079;0.7;0.7
-1.82293;0.620123;1.92552;0.0356673;2.04358;0.7;0.7
-1.89711;0.65619;2.00739;0.00510945;0.29275;0.7;0.7
-1.88457;0.736761;2.02347;0.0396674;2.27277;0.7;0.7
-1.73333;0.604393;1.83568;-0.0371692;-2.12964;0.7;0.7
-2.01645;0.555448;2.09155;-0.0667135;-3.8224;0.7;0.7
-1.90902;0.437404;1.95849;-0.0435559;-2.49557;0.7;0.7
-1.96457;0.318227;1.99018;-0.0646483;-3.70407;0.7;0.7
-2.08042;0.580627;2.15992;0.111578;6.39295;0.7;0.7
-1.91865;0.503617;1.98364;-0.015472;-0.88648;0.7;0.7
-1.89164;0.573164;1.97657;0.0375107;2.14921;0.7;0.7
-1.97613;0.583848;2.06057;-0.00692785;-0.396936;0.7;0.7
-2.27952;0.473467;2.32817;-0.082485;-4.72604;0.7;0.7
-2.03177;0.11248;2.03488;-0.149488;-8.56503;0.7;0.7
-1.99783;0.167426;2.00484;0.0283042;1.62171;0.7;0.7
-1.9574;0.185497;1.96617;0.0108763;0.623167;0.7;0.7
-1.96103;0.015575;1.96109;-0.0865428;-4.95854;0.7;0.7
-2.13282;-0.057817;2.1336;-0.0350437;-2.00786;0.7;0.7
-2.00824;0.199327;2.01811;0.126032;7.22113;0.7;0.7
-1.99048;0.197277;2.00024;-0.000143487;-0.00822121;0.7;0.7
-2.25352;0.0163053;2.25358;-0.091552;-5.24554;0.7;0.7
-1.96544;-0.0156916;1.96551;-0.0152189;-0.871979;0.7;0.7
-1.93079;0.0858909;1.9327;0.052439;3.00453;0.7;0.7
-2.17595;0.114211;2.17895;0.00798432;0.457468;0.7;0.7
-1.98894;0.0116487;1.98897;-0.0465831;-2.66902;0.7;0.7
-1.95608;-0.116608;1.95955;-0.0653993;-3.74711;0.7;0.7
-2.09179;-0.0983938;2.0941;0.0125393;0.71845;0.7;0.7
-1.88549;0.0296482;1.88573;0.0627265;3.59396;0.7;0.7
-2.00031;0.244976;2.01525;0.106139;6.08132;0.7;0.7
-1.91499;0.135142;1.91975;-0.0514083;-2.94548;0.7;0.7
-2.00596;0.153908;2.01186;0.00612165;0.350745;0.7;0.7
-1.99058;0.247641;2.00592;0.0471952;2.70408;0.7;0.7
-1.99733;0.222717;2.00971;-0.0127222;-0.72893;0.7;0.7
-2.12228;0.0965039;2.12447;-0.0656079;-3.75906;0.7;0.7
-2.03236;0.0841252;2.03411;-0.00407142;-0.233275;0.7;0.7
-2.10009;0.200514;2.10964;0.0538213;3.08373;0.7;0.7
-1.89186;0.217567;1.90433;0.0193081;1.10627;0.7;0.7
-1.98362;0.22628;1.99648;-0.000915076;-0.05243;0.7;0.7
-2.09268;0.255398;2.10821;0.0078595;0.450316;0.7;0.7
-1.99437;0.240784;2.00885;-0.00129259;-0.0740598;0.7;0.7
-1.98665;0.279791;2.00625;0.0197651;1.13245;0.7;0.7
-1.92056;0.365958;1.95512;0.0483747;2.77167;0.7;0.7
-1.93911;0.439377;1.98826;0.0345346;1.97868;0.7;0.7
-2.09957;0.315409;2.12313;-0.0737145;-4.22353;0.7;0.7
-1.97898;0.29697;2.00113;-0.000158968;-0.00910817;0.7;0.7
-2.0955;0.285181;2.11482;-0.01369;-0.784379;0.7;0.7
-2.05444;0.302678;2.07661;0.0110153;0.63113;0.7;0.7
-2.19706;0.215851;2.20763;-0.0483453;-2.76998;0.7;0.7
-1.93666;0.335866;1.96557;0.073786;4.22762;0.7;0.7
-2.00395;0.26391;2.02126;-0.040776;-2.33629;0.7;0.7
-2.00282;0.178399;2.01075;-0.0421015;-2.41224;0.7;0.7
-2.03891;0.0979317;2.04126;-0.0408453;-2.34026;0.7;0.7
-1.98107;0.021063;1.98119;-0.0373628;-2.14073;0.7;0.7
-2.00511;-0.24785;2.02037;-0.133617;-7.6557;0.7;0.7
-2.04205;-0.20913;2.05273;0.0209292;1.19915;0.7;0.7
-1.94941;-0.142901;1.95464;0.0288826;1.65485;0.7;0.7
-1.97208;-0.154636;1.97813;-0.00507907;-0.291009;0.7;0.7
-2.04005;-0.373764;2.074;-0.102951;-5.89865;0.7;0.7
-2.16151;-0.365494;2.1922;0.0136961;0.784727;0.7;0.7
-2.48554;-0.509128;2.53715;-0.0345337;-1.97864;0.7;0.7
-1.91894;-0.527297;1.99007;-0.0661261;-3.78875;0.7;0.7
-1.81799;-0.535078;1.8951;-0.0180738;-1.03555;0.7;0.7
-1.99799;-0.584876;2.08184;0.00146482;0.0839279;0.7;0.7
-1.87695;-0.549081;1.95561;0.00017778;0.0101861;0.7;0.7
-2.15815;-0.69408;2.26701;-0.0265638;-1.52199;0.7;0.7
-1.91018;-0.576313;1.99522;0.0181406;1.03938;0.7;0.7
-2.05879;-0.793877;2.20654;-0.0750136;-4.29796;0.7;0.7
-1.7663;-0.763447;1.92423;-0.0399433;-2.28858;0.7;0.7
-1.90002;-0.890766;2.09846;-0.0304139;-1.74259;0.7;0.7
-1.69683;-0.76779;1.86245;0.0134729;0.77194;0.7;0.7
-1.84258;-0.979288;2.08665;-0.0635906;-3.64347;0.7;0.7
-1.7599;-0.937343;1.99396;-0.00088503;-0.0507085;0.7;0.7
-1.65819;-0.975036;1.92362;-0.0421629;-2.41576;0.7;0.7
-1.61526;-1.01921;1.90994;-0.0313359;-1.79541;0.7;0.7
-1.67882;-1.0658;1.98856;-0.00275791;-0.158016;0.7;0.7
-1.73312;-1.18867;2.10158;-0.0355177;-2.03502;0.7;0.7
-1.60968;-1.32622;2.08565;-0.0879771;-5.04071;0.7;0.7
-1.81842;-1.32115;2.24769;0.0608312;3.48537;0.7;0.7
-1.62647;-1.15376;1.99414;0.0113332;0.649342;0.7;0.7
-1.55852;-1.17732;1.95322;-0.0299744;-1.71741;0.7;0.7
-1.63875;-1.08303;1.9643;0.062964;3.60757;0.7;0.7
-1.67324;-1.08464;1.99403;0.00886531;0.507945;0.7;0.7
-1.66757;-1.02848;1.95923;0.022478;1.28789;0.7;0.7
-1.67116;-1.06417;1.98122;-0.0143789;-0.823851;0.7;0.7
-1.68644;-1.06583;1.99501;0.00340992;0.195374;0.7;0.7
-1.69955;-1.06664;2.00653;0.00315192;0.180592;0.7;0.7
-1.78107;-1.01457;2.04977;0.0426696;2.44479;0.7;0.7
-1.72676;-0.974809;1.98292;0.00386674;0.221548;0.7;0.7
-1.80724;-0.999928;2.06542;0.00856463;0.490717;0.7;0.7
-1.95429;-0.999913;2.19524;0.0324421;1.8588;0.7;0.7
-1.89135;-1.12127;2.19873;-0.0622167;-3.56475;0.7;0.7
-1.72395;-0.898999;1.94428;0.0544599;3.12033;0.7;0.7
-1.78342;-0.897131;1.99636;0.0146041;0.836753;0.7;0.7
-1.85069;-0.887465;2.05247;0.0189363;1.08497;0.7;0.7
-1.80499;-0.871304;2.00428;-0.00258898;-0.148338;0.7;0.7
-1.71126;-0.911865;1.93905;-0.0398618;-2.28391;0.7;0.7
-1.81644;-0.944801;2.04746;0.00996163;0.570759;0.7;0.7
-2.02293;-0.863501;2.19952;0.0761873;4.36521;0.7;0.7
-2.3048;-0.895433;2.47263;0.0328808;1.88393;0.7;0.7
-1.81457;-0.71483;1.95029;-0.00471003;-0.269865;0.7;0.7
-2.00082;-0.692556;2.11729;0.0420419;2.40882;0.7;0.7
-1.87395;-0.575155;1.96023;0.0354343;2.03023;0.7;0.7
-1.82251;-0.618244;1.92452;-0.0292502;-1.67591;0.7;0.7
-1.87025;-0.655261;1.98172;-0.00994982;-0.570083;0.7;0.7
-1.54416;-0.85722;1.76614;-0.169784;-9.72789;0.7;0.7
-1.75444;-0.979232;2.00922;-0.002296;-0.131551;0.7;0.7
-1.74758;-1.02024;2.02359;-0.0193507;-1.10872;0.7;0.7
-1.67638;-1.07198;1.98982;-0.0405072;-2.32089;0.7;0.7
-1.68706;-1.07565;2.0008;0.00133269;0.0763573;0.7;0.7
-1.65346;-1.0521;1.9598;0.000913568;0.0523436;0.7;0.7
-1.64438;-1.09889;1.97776;-0.0224277;-1.28501;0.7;0.7
-1.66867;-1.07427;1.98457;0.0171191;0.98085;0.7;0.7
-1.58586;-1.15528;1.96205;-0.057593;-3.29984;0.7;0.7
-1.53076;-1.30988;2.0147;-0.0782104;-4.48113;0.7;0.7
-1.5075;-1.30627;1.99472;-0.00620613;-0.355585;0.7;0.7
-1.50863;-1.31239;1.99958;-0.00194202;-0.111269;0.7;0.7
-1.48224;-1.31113;1.97892;-0.00827321;-0.47402;0.7;0.7
-1.46265;-1.21788;1.90331;0.0298813;1.71207;0.7;0.7
-1.54094;-1.27903;2.00261;0.00154972;0.0887923;0.7;0.7
-1.84229;-1.13168;2.16211;0.141935;8.13228;0.7;0.7
-1.95935;-1.12309;2.2584;0.0303758;1.7404;0.7;0.7
-1.68566;-0.915149;1.91806;0.0230994;1.3235;0.7;0.7
-1.77417;-0.843588;1.96451;0.0535349;3.06733;0.7;0.7
-1.80284;-0.971642;2.048;-0.0504784;-2.8922;0.7;0.7
-1.75481;-1.02032;2.02987;-0.0323398;-1.85293;0.7;0.7
-1.56345;-0.884941;1.79652;0.0116032;0.664815;0.7;0.7
-1.727;-0.995945;1.9936;-0.00804689;-0.461053;0.7;0.7
-1.75723;-0.991089;2.01746;0.00957274;0.548478;0.7;0.7
-1.84612;-0.975396;2.08795;0.0274632;1.57352;0.7;0.7
-1.79956;-0.883991;2.00496;0.0294645;1.68819;0.7;0.7
-1.82525;-0.595294;1.91987;0.141339;8.09811;0.7;0.7
-1.93888;-0.5769;2.02288;0.0260641;1.49336;0.7;0.7
-2.06544;-0.524016;2.13088;0.0407378;2.3341;0.7;0.7
-2.03944;-0.419511;2.08214;0.0455946;2.61238;0.7;0.7
-1.93493;-0.230713;1.94864;0.0841939;4.82395;0.7;0.7
-1.80384;-0.0930317;1.80623;0.0671468;3.84723;0.7;0.7
-1.83905;-0.257382;1.85697;-0.0875216;-5.01462;0.7;0.7
-2.26921;-0.241202;2.282;0.0331545;1.89961;0.7;0.7
-2.26828;-0.250236;2.28204;-0.00397962;-0.228016;0.7;0.7
-1.96661;-0.251175;1.98259;-0.0171564;-0.982991;0.7;0.7
-2.05775;-0.313968;2.08156;-0.0243788;-1.3968;0.7;0.7
-2.019;-0.335953;2.04676;-0.0134742;-0.772012;0.7;0.7
-2.06149;-0.331148;2.08792;0.00561008;0.321434;0.7;0.7
-1.99304;-0.303664;2.01604;0.00807539;0.462685;0.7;0.7
-2.11107;-0.335486;2.13756;-0.00639996;-0.366691;0.7;0.7
-2.00044;-0.315295;2.02513;0.00127224;0.0728938;0.7;0.7
-1.90901;-0.370463;1.94462;-0.035351;-2.02546;0.7;0.7
-1.91256;-0.410829;1.95618;-0.0199128;-1.14092;0.7;0.7
-1.92632;-0.397463;1.9669;0.00811358;0.464874;0.7;0.7
-2.00328;-0.280327;2.0228;0.0644458;3.69247;0.7;0.7
-1.99814;-0.282718;2.01804;-0.00152625;-0.0874478;0.7;0.7
-1.9516;-0.00925926;1.95162;0.135813;7.78153;0.7;0.7
-2.10879;-0.00655231;2.1088;0.00163728;0.0938095;0.7;0.7
-2.03341;0.133758;2.0378;0.0687926;3.94152;0.7;0.7
-2.01311;0.0879178;2.01503;-0.0220406;-1.26283;0.7;0.7
-2.05664;0.0817129;2.05826;-0.00393449;-0.225429;0.7;0.7
-2.07185;-0.0477586;2.0724;-0.0627575;-3.59574;0.7;0.7
-1.95851;-0.145349;1.9639;-0.0510312;-2.92387;0.7;0.7
-1.85207;0.228784;1.86615;0.196984;11.2864;0.7;0.7
-1.88766;0.247473;1.90382;0.00745062;0.426889;0.7;0.7
-1.9059;0.055173;1.9067;-0.101416;-5.81072;0.7;0.7
-1.78281;-0.343881;1.81567;-0.219487;-12.5757;0.7;0.7
-1.77188;-0.0960077;1.77448;0.136415;7.81603;0.7;0.7
-1.93695;-0.171647;1.94454;-0.0342546;-1.96264;0.7;0.7
-2.16305;0.235736;2.17586;0.19694;11.2839;0.7;0.7
-1.94666;0.308352;1.97093;0.0485404;2.78116;0.7;0.7
-2.08567;0.335688;2.11251;0.00248622;0.14245;0.7;0.7
-1.95129;0.237641;1.9657;-0.038391;-2.19964;0.7;0.7
-1.9875;0.281007;2.00726;0.0192664;1.10388;0.7;0.7
-1.93253;0.242226;1.94765;-0.0157656;-0.903304;0.7;0.7
-1.95713;0.467557;2.0122;0.109814;6.29186;0.7;0.7
-1.83207;0.47128;1.89172;0.0172748;0.989773;0.7;0.7
-1.90804;0.563805;1.98959;0.0355343;2.03597;0.7;0.7
-1.93123;0.577371;2.01569;0.0031934;0.182968;0.7;0.7
-2.19776;0.572981;2.27122;-0.035473;-2.03246;0.7;0.7
-1.88208;0.514034;1.95101;0.0115838;0.6637;0.7;0.7
-1.9662;0.537332;2.0383;0.000152047;0.00871168;0.7;0.7
-1.94601;0.595104;2.03497;0.030006;1.71922;0.7;0.7
-1.83173;0.695177;1.95921;0.0659513;3.77873;0.7;0.7
-1.87296;0.693927;1.99738;-0.00791024;-0.453223;0.7;0.7
-1.88677;0.650857;1.99588;-0.0226414;-1.29725;0.7;0.7
-1.9556;0.579302;2.0396;-0.0441833;-2.53151;0.7;0.7
-1.90525;0.545398;1.98178;-0.0091881;-0.526439;0.7;0.7
-1.95711;0.671098;2.06898;0.0515333;2.95264;0.7;0.7
-1.89538;0.610002;1.99112;-0.0189699;-1.08689;0.7;0.7
-1.90328;0.609446;1.99847;-0.00147511;-0.0845175;0.7;0.7
-1.60328;0.601783;1.7125;0.0491807;2.81784;0.7;0.7
-1.60158;0.478873;1.67164;-0.0685333;-3.92667;0.7;0.7
-1.82172;0.574912;1.91029;0.0151549;0.868312;0.7;0.7
-1.86797;0.833412;2.04546;0.11396;6.5294;0.7;0.7
-1.85054;0.726288;1.98796;-0.0456528;-2.61571;0.7;0.7
-1.92652;0.645154;2.03168;-0.0508597;-2.91405;0.7;0.7
-1.89803;0.635948;2.00174;0.000159233;0.00912339;0.7;0.7
-1.58836;0.698215;1.73504;0.0908566;5.2057;0.7;0.7
-1.79319;0.745454;1.94196;-0.0201786;-1.15615;0.7;0.7
-1.91043;0.715536;2.04003;-0.0356101;-2.04031;0.7;0.7
-1.87546;0.64733;1.98404;-0.0260147;-1.49053;0.7;0.7
-1.74351;0.560387;1.83136;-0.0213704;-1.22444;0.7;0.7
-2.06691;0.615825;2.1567;-0.0214134;-1.2269;0.7;0.7
-1.87803;0.652663;1.98821;0.0448972;2.57242;0.7;0.7
-1.85177;0.659092;1.96557;0.00747597;0.428341;0.7;0.7
-1.98428;0.76371;2.12617;0.0254609;1.4588;0.7;0.7
-1.8875;0.758971;2.03437;0.0149145;0.854536;0.7;0.7
-1.65167;0.752018;1.81481;0.0449399;2.57487;0.7;0.7
-1.83916;0.821624;2.01434;-0.00712064;-0.407983;0.7;0.7
-1.66667;0.726278;1.81804;-0.00918445;-0.52623;0.7;0.7
-1.60256;0.66025;1.73324;-0.0201478;-1.15438;0.7;0.7
-1.85999;0.736218;2.0004;-0.0139103;-0.796999;0.7;0.7
-1.7982;0.761395;1.95276;0.0236356;1.35422;0.7;0.7
-1.819;0.869449;2.01611;0.0453474;2.59821;0.7;0.7
-1.78957;0.850474;1.98138;-0.00223577;-0.1281;0.7;0.7
-1.94653;0.97841;2.17859;0.0221167;1.26719;0.7;0.7
-1.71708;0.874667;1.92702;0.00537408;0.307912;0.7;0.7
-2.11404;0.828778;2.27069;-0.0975127;-5.58707;0.7;0.7
-1.77211;0.735122;1.91853;0.019604;1.12322;0.7;0.7
-2.10311;0.718781;2.22254;-0.0638999;-3.66119;0.7;0.7
-1.90275;0.795964;2.06252;0.0668769;3.83176;0.7;0.7
-1.83578;0.772975;1.99188;0.00232759;0.133361;0.7;0.7
-1.9783;0.720401;2.10539;-0.0493037;-2.82489;0.7;0.7
-1.94123;0.692504;2.06105;-0.00656458;-0.376123;0.7;0.7
-1.78578;0.541108;1.86596;-0.0484457;-2.77573;0.7;0.7
-1.7709;0.455056;1.82843;-0.0426945;-2.44621;0.7;0.7
-2.09258;0.603891;2.17797;0.0294326;1.68636;0.7;0.7
-1.75057;0.428415;1.80223;-0.0409425;-2.34583;0.7;0.7
-1.85278;0.409208;1.89743;-0.0226386;-1.2971;0.7;0.7
-2.00352;0.440299;2.05133;-0.00104868;-0.0600851;0.7;0.7
-1.95089;0.432127;1.99818;0.00165854;0.0950274;0.7;0.7
-1.89392;0.312727;1.91956;-0.0543373;-3.1133;0.7;0.7
-2.04031;0.383672;2.07607;0.0222302;1.27369;0.7;0.7
-1.94779;0.365313;1.98175;-0.000476564;-0.0273051;0.7;0.7
-1.98969;0.451052;2.04018;0.0375278;2.15018;0.7;0.7
-1.99761;0.218915;2.00957;-0.113774;-6.51875;0.7;0.7
-2.00754;0.272579;2.02596;0.0257999;1.47822;0.7;0.7
-1.94622;0.201165;1.95659;-0.0319564;-1.83097;0.7;0.7
-1.95585;0.299387;1.97863;0.0488975;2.80162;0.7;0.7
-1.97179;0.44718;2.02186;0.0711227;4.07503;0.7;0.7
-1.95592;0.501117;2.0191;0.0277936;1.59245;0.7;0.7
-2.09083;0.520251;2.15458;-0.00693729;-0.397477;0.7;0.7
-1.95567;0.591852;2.04326;0.0499994;2.86475;0.7;0.7
-1.90702;0.569862;1.99034;-0.00349555;-0.20028;0.7;0.7
-1.87101;0.666718;1.98625;0.0519353;2.97567;0.7;0.7
-2.13082;0.613054;2.21726;-0.0621705;-3.56211;0.7;0.7
-1.96559;0.7272;2.0958;0.0742078;4.25179;0.7;0.7
-1.93939;0.702714;2.06278;-0.00672656;-0.385404;0.7;0.7
-2.15746;0.620343;2.24487;-0.0676413;-3.87556;0.7;0.7
-2.10285;0.681784;2.21061;0.0335443;1.92195;0.7;0.7
-1.99232;0.474703;2.04809;-0.0796198;-4.56188;0.7;0.7
-1.95884;0.437151;2.00703;-0.0143359;-0.821387;0.7;0.7
-1.9569;0.369544;1.99149;-0.0329265;-1.88655;0.7;0.7
-1.86796;0.277729;1.88849;-0.0390439;-2.23705;0.7;0.7
-1.9601;0.0905239;1.96219;-0.101449;-5.81261;0.7;0.7
-2.03863;0.00514502;2.03864;-0.0436267;-2.49963;0.7;0.7
-2.02887;-0.0972664;2.0312;-0.0504282;-2.88932;0.7;0.7
-1.98113;0.133632;1.98563;0.115255;6.60362;0.7;0.7
-1.79352;0.137425;1.79878;0.00912296;0.522707;0.7;0.7
-1.95322;0.127545;1.95738;-0.0112662;-0.645507;0.7;0.7
-2.07078;0.149941;2.0762;0.00707463;0.405347;0.7;0.7
-1.97807;0.293951;1.99979;0.0752436;4.31114;0.7;0.7
-1.94032;0.149279;1.94606;-0.0707417;-4.0532;0.7;0.7
-1.9942;0.148761;1.99974;-0.00232451;-0.133185;0.7;0.7
-2.01937;0.119683;2.02291;-0.0152609;-0.874387;0.7;0.7
-1.97755;0.062481;1.97854;-0.0276137;-1.58215;0.7;0.7
-2.00102;0.0593542;2.0019;-0.00193138;-0.11066;0.7;0.7
-1.91314;0.105165;1.91603;0.0252615;1.44738;0.7;0.7
-2.13379;-0.00993684;2.13381;-0.0595716;-3.4132;0.7;0.7
-2.06115;0.125028;2.06494;0.0652419;3.73809;0.7;0.7
-2.21607;0.0730806;2.21728;-0.0276195;-1.58248;0.7;0.7
-1.91312;0.169566;1.92062;0.0554369;3.1763;0.7;0.7
-2.18717;0.266391;2.20334;0.0327976;1.87917;0.7;0.7
-2.01808;0.181332;2.02621;-0.0315871;-1.80981;0.7;0.7
-2.00124;0.209861;2.01222;0.0148705;0.852017;0.7;0.7
-2.03886;0.165764;2.04558;-0.0233593;-1.33839;0.7;0.7
-1.99422;0.159594;2.00059;-0.00126569;-0.0725188;0.7;0.7
-2.16761;0.171371;2.17438;-0.000962876;-0.0551688;0.7;0.7
-1.94475;0.110881;1.94791;-0.0219416;-1.25716;0.7;0.7
-2.2428;0.150287;2.24783;0.00995486;0.570372;0.7;0.7
-1.9504;0.139802;1.95541;0.00464713;0.266261;0.7;0.7
-1.90697;0.0362573;1.90731;-0.0525452;-3.01062;0.7;0.7
-1.92511;0.00893686;1.92514;-0.0143686;-0.823259;0.7;0.7
-1.92379;0.0125957;1.92383;0.00190502;0.10915;0.7;0.7
-1.89319;0.0147621;1.89325;0.00125009;0.0716249;0.7;0.7
-1.98482;0.0275072;1.98501;0.0060606;0.347247;0.7;0.7
-2.02284;0.0192653;2.02293;-0.0043343;-0.248337;0.7;0.7
-1.8588;-0.0642126;1.85991;-0.0440551;-2.52417;0.7;0.7
-2.00313;-0.2842;2.02319;-0.106405;-6.09658;0.7;0.7
-1.78961;-0.298309;1.8143;-0.0242344;-1.38853;0.7;0.7
-1.97033;-0.330547;1.99786;-0.00104325;-0.0597735;0.7;0.7
-1.96171;-0.325053;1.98846;0.00200828;0.115066;0.7;0.7
-1.79917;-0.362147;1.83526;-0.0344246;-1.97238;0.7;0.7
-1.73139;-0.320943;1.76088;0.0153438;0.879137;0.7;0.7
-2.09934;-0.544964;2.16892;-0.0706956;-4.05056;0.7;0.7
-2.05634;-0.608968;2.14462;-0.0339306;-1.94408;0.7;0.7
-1.93366;-0.319414;1.95986;0.124205;7.11642;0.7;0.7
-1.97835;-0.332783;2.00615;-0.00294365;-0.168659;0.7;0.7
-1.95247;-0.292343;1.97423;0.0180259;1.03281;0.7;0.7
-1.98776;-0.313377;2.01232;-0.00773994;-0.443466;0.7;0.7
-2.03175;-0.268294;2.04938;0.0250745;1.43667;0.7;0.7
-1.96812;-0.369064;2.00243;-0.0540767;-3.09837;0.7;0.7
-1.93872;-0.459932;1.99253;-0.0475612;-2.72506;0.7;0.7
-1.96019;-0.389871;1.99858;0.0365967;2.09684;0.7;0.7
-2.0659;-0.323043;2.09101;0.0412198;2.36172;0.7;0.7
-1.96353;-0.329774;1.99103;-0.0112844;-0.646547;0.7;0.7
-1.89914;-0.407048;1.94228;-0.0447408;-2.56346;0.7;0.7
-1.95707;-0.420548;2.00175;-0.000529707;-0.03035;0.7;0.7
-1.95154;-0.798735;2.10867;-0.176817;-10.1309;0.7;0.7
-1.86155;-0.809526;2.02995;-0.0217128;-1.24405;0.7;0.7
-1.83749;-0.507693;1.90634;0.140626;8.05726;0.7;0.7
-1.99691;-0.169135;2.00406;0.185075;10.604;0.7;0.7
-2.0697;-0.293918;2.09047;-0.0565695;-3.24119;0.7;0.7
-2.05661;-0.154449;2.0624;0.0661081;3.78772;0.7;0.7
-2.17784;-0.288655;2.19689;-0.0568156;-3.2553;0.7;0.7
-1.79611;-0.186999;1.80582;0.0280342;1.60624;0.7;0.7
-1.85741;-0.190992;1.8672;0.00127258;0.0729132;0.7;0.7
-1.98123;-0.21007;1.99233;-0.00316832;-0.181531;0.7;0.7
-1.7397;-0.397018;1.78443;-0.118732;-6.80287;0.7;0.7
-1.99558;-0.335558;2.02359;0.0577755;3.31029;0.7;0.7
-1.93235;0.0400827;1.93276;0.187332;10.7334;0.7;0.7
-1.99738;0.0473549;1.99794;0.00296401;0.169825;0.7;0.7
-1.77953;0.0525811;1.7803;0.00583516;0.33433;0.7;0.7
-1.88316;0.35671;1.91665;0.157664;9.03349;0.7;0.7
-1.91687;0.379249;1.95402;0.00812266;0.465394;0.7;0.7
-2.20071;0.273036;2.21759;-0.0718896;-4.11897;0.7;0.7
-1.99402;0.160493;2.00047;-0.0431226;-2.47074;0.7;0.7
-2.07633;0.19815;2.08576;0.0148306;0.849731;0.7;0.7
-1.90642;0.287307;1.92795;0.054435;3.1189;0.7;0.7
-1.9714;0.217066;1.98331;-0.0399135;-2.28687;0.7;0.7
-1.8958;0.198013;1.90612;-0.00559533;-0.320589;0.7;0.7
-2.04707;-0.0516736;2.04772;-0.129308;-7.4088;0.7;0.7
-1.99979;-0.0746593;2.00119;-0.0120789;-0.692068;0.7;0.7
-2.00239;-0.0252324;2.00255;0.0247157;1.41611;0.7;0.7
-1.98593;0.0105823;1.98596;0.017929;1.02726;0.7;0.7
-1.86419;0.244264;1.88012;0.124959;7.15961;0.7;0.7
-2.04891;0.307978;2.07193;0.0189088;1.08339;0.7;0.7
-2.01236;0.306331;2.03554;0.00186866;0.107067;0.7;0.7
-1.98991;0.315055;2.0147;0.00595813;0.341376;0.7;0.7
-1.90267;0.367595;1.93785;0.0338254;1.93805;0.7;0.7
-1.92107;0.40173;1.96263;0.0152984;0.876533;0.7;0.7
-1.80018;0.512142;1.87162;0.0710251;4.06944;0.7;0.7
-1.93841;0.54742;2.01423;-0.00193325;-0.110767;0.7;0.7
-2.1264;0.6227;2.2157;0.00963923;0.552287;0.7;0.7
-1.9123;0.610676;2.00744;0.0242267;1.38809;0.7;0.7
-1.88382;0.617747;1.98253;0.00776786;0.445066;0.7;0.7
-1.92569;0.662471;2.03645;0.0144636;0.828702;0.7;0.7
-1.75621;0.6477;1.87184;0.0219927;1.26009;0.7;0.7
-1.72524;0.709856;1.86557;0.0370115;2.1206;0.7;0.7
-1.82512;0.779417;1.98458;0.0132654;0.760052;0.7;0.7
-1.86941;0.772262;2.02265;-0.0118542;-0.679195;0.7;0.7
-1.90002;0.719028;2.03152;-0.0299748;-1.71743;0.7;0.7
-1.81637;0.63688;1.92479;-0.0245381;-1.40593;0.7;0.7
-1.93588;0.540493;2.00992;-0.0649739;-3.72273;0.7;0.7
-1.97454;0.538223;2.04658;-0.0061477;-0.352238;0.7;0.7
-1.86887;0.494272;1.93313;-0.00756068;-0.433195;0.7;0.7
-1.97098;0.540005;2.04362;0.00885931;0.507601;0.7;0.7
-1.78473;0.476672;1.84729;-0.00642409;-0.368073;0.7;0.7
-1.9396;0.505018;2.00426;-0.00627419;-0.359485;0.7;0.7
-1.898;0.596708;1.98959;0.0498866;2.85829;0.7;0.7
-2.08336;0.551172;2.15503;-0.0459695;-2.63386;0.7;0.7
-2.1598;0.489069;2.21448;-0.0359482;-2.05968;0.7;0.7
-1.77559;0.133698;1.78062;-0.14753;-8.45287;0.7;0.7
-1.95068;0.183436;1.95929;0.0186056;1.06602;0.7;0.7
-2.13777;0.13818;2.14223;-0.0292137;-1.67382;0.7;0.7
-2.09575;0.122966;2.09935;-0.00594053;-0.340367;0.7;0.7
-1.99089;0.110401;1.99395;-0.00321067;-0.183958;0.7;0.7
-1.98816;0.0413572;1.98859;-0.0345976;-1.9823;0.7;0.7
-2.01421;0.0368021;2.01455;-0.0025296;-0.144936;0.7;0.7
-2.12237;0.0210192;2.12247;-0.00836579;-0.479324;0.7;0.7
-2.07271;0.0329085;2.07297;0.00597234;0.34219;0.7;0.7
-2.00374;0.0373321;2.00409;0.00275338;0.157757;0.7;0.7
-2.02207;0.0118761;2.02211;-0.0127559;-0.730861;0.7;0.7
-1.95073;0.0225474;1.95086;0.00568477;0.325713;0.7;0.7
-1.99687;0.021132;1.99698;-0.000975748;-0.0559063;0.7;0.7
-1.95202;0.0602017;1.95294;0.0202488;1.16017;0.7;0.7
-1.99377;0.0474625;1.99433;-0.00703009;-0.402794;0.7;0.7
-1.8594;-0.0130321;1.85944;-0.0308096;-1.76526;0.7;0.7
-2.02441;0.0966135;2.02672;0.0546967;3.13389;0.7;0.7
-2.02734;0.0713816;2.0286;-0.0124931;-0.715803;0.7;0.7
-2.00641;0.0672903;2.00754;-0.00166985;-0.0956752;0.7;0.7
-1.77175;0.131789;1.77664;0.040722;2.3332;0.7;0.7
-1.84376;0.0939916;1.84615;-0.0233129;-1.33573;0.7;0.7
-1.97531;0.104529;1.97807;0.00193438;0.110832;0.7;0.7
-2.03258;0.141798;2.03752;0.0167809;0.961474;0.7;0.7
-1.96215;0.0703786;1.96341;-0.0337967;-1.93641;0.7;0.7
-2.04967;0.196509;2.05907;0.0597289;3.42221;0.7;0.7
-2.20067;0.0809287;2.20215;-0.0588235;-3.37034;0.7;0.7
-2.31347;0.219664;2.32388;0.0579081;3.31789;0.7;0.7
-1.97368;0.200106;1.9838;0.0063759;0.365312;0.7;0.7
-2.04331;0.235547;2.05684;0.0137285;0.786582;0.7;0.7
-2.11482;0.1674;2.12144;-0.0357796;-2.05002;0.7;0.7
-1.98222;0.165976;1.98916;0.00454652;0.260496;0.7;0.7
-2.08837;0.149178;2.09369;-0.012226;-0.700498;0.7;0.7
-2.27706;0.0150239;2.27711;-0.0647136;-3.70782;0.7;0.7
-1.97362;0.0353518;1.97394;0.0113124;0.64815;0.7;0.7
-1.90686;-0.00463759;1.90686;-0.0203422;-1.16553;0.7;0.7
-1.96838;0.00710954;1.96839;0.00604392;0.346291;0.7;0.7
-2.04502;-0.0377542;2.04537;-0.0220713;-1.26459;0.7;0.7
-1.89943;-0.0821317;1.9012;-0.0247539;-1.4183;0.7;0.7
-2.03589;-0.0997564;2.03833;-0.00574645;-0.329247;0.7;0.7
-2.12976;-0.0922963;2.13176;0.0056504;0.323744;0.7;0.7
-2.04139;-0.0585361;2.04223;0.0146426;0.838961;0.7;0.7
-2.01157;-0.141823;2.01656;-0.0417203;-2.39039;0.7;0.7
-1.91554;-0.0786624;1.91716;0.0293447;1.68133;0.7;0.7
-1.90798;-0.162563;1.91489;-0.0439541;-2.51839;0.7;0.7
-2.13251;0.0744131;2.1338;0.119877;6.86844;0.7;0.7
-1.9441;0.0962022;1.94648;0.0145634;0.834419;0.7;0.7
-2.11151;-0.0218968;2.11163;-0.0598137;-3.42708;0.7;0.7
-2.16742;0.000491166;2.16742;0.0105965;0.607132;0.7;0.7
-1.91468;-0.0118454;1.91471;-0.00641315;-0.367447;0.7;0.7
-1.81697;0.200613;1.82801;0.116152;6.655;0.7;0.7
-1.73209;0.146759;1.7383;-0.0254377;-1.45747;0.7;0.7
-2.02716;0.211586;2.03817;0.0194716;1.11564;0.7;0.7
-2.02277;0.239682;2.03692;0.0139426;0.798851;0.7;0.7
-2.0929;0.151245;2.09836;-0.0458015;-2.62423;0.7;0.7
-1.97115;0.192232;1.98051;0.025075;1.43669;0.7;0.7
-2.04521;0.355291;2.07584;0.074787;4.28498;0.7;0.7
-1.76177;0.154752;1.76855;-0.0843881;-4.83508;0.7;0.7
-1.98824;0.21672;2.00002;0.0209581;1.20081;0.7;0.7
-1.99741;0.154163;2.00335;-0.0315433;-1.8073;0.7;0.7
-1.99438;0.158587;2.00068;0.00232104;0.132986;0.7;0.7
-2.02226;0.139032;2.02703;-0.0107073;-0.613482;0.7;0.7
-1.92068;0.350774;1.95245;0.111997;6.41693;0.7;0.7
-1.98869;0.402293;2.02897;0.018958;1.08621;0.7;0.7
-1.93766;0.488725;1.99835;0.0474732;2.72002;0.7;0.7
-2.00428;0.545757;2.07725;0.0187804;1.07604;0.7;0.7
-1.90816;0.575619;1.99309;0.0271298;1.55443;0.7;0.7
-2.10089;0.684003;2.20944;0.0217728;1.24749;0.7;0.7
-1.85882;0.615236;1.95799;0.00487972;0.279587;0.7;0.7
-1.93778;0.447327;1.98874;-0.0927623;-5.31489;0.7;0.7
-1.72245;0.426791;1.77454;0.0160181;0.917769;0.7;0.7
-1.91749;0.529259;1.98919;0.0264225;1.5139;0.7;0.7
-1.96123;0.537949;2.03367;-0.00160456;-0.0919344;0.7;0.7
-1.76555;0.486677;1.8314;0.00126527;0.0724945;0.7;0.7
-1.98553;0.294088;2.00719;-0.121926;-6.98584;0.7;0.7
-2.04357;0.384984;2.07952;0.0391593;2.24366;0.7;0.7
-1.98665;0.371241;2.02104;-0.00146846;-0.0841364;0.7;0.7
-2.00029;0.361865;2.03276;-0.00576686;-0.330417;0.7;0.7
-2.15101;0.529848;2.21531;0.0625465;3.58365;0.7;0.7
-1.97309;0.487888;2.03252;0.00089144;0.0510758;0.7;0.7
-1.82949;0.769975;1.98491;0.155959;8.93576;0.7;0.7
-1.68823;0.886871;1.907;0.0853368;4.88944;0.7;0.7
-1.77926;0.907558;1.99736;-0.0120276;-0.689131;0.7;0.7
-1.79331;0.88536;1.99995;-0.0130796;-0.749406;0.7;0.7
-2.07485;0.920686;2.26995;-0.0409638;-2.34705;0.7;0.7
-1.78947;0.783885;1.95363;-0.00475603;-0.2725;0.7;0.7
-1.95196;0.774312;2.09993;-0.0352312;-2.0186;0.7;0.7
-1.80191;0.731083;1.94457;0.00778886;0.446269;0.7;0.7
-1.87907;0.731585;2.01646;-0.0141562;-0.81109;0.7;0.7
-1.97958;0.649766;2.08349;-0.0541232;-3.10103;0.7;0.7
-1.91785;0.668587;2.03105;0.0182832;1.04755;0.7;0.7
-1.86768;0.631982;1.97171;-0.00915442;-0.52451;0.7;0.7
-1.85707;0.581927;1.94611;-0.0226174;-1.29588;0.7;0.7
-1.94297;0.693293;2.06296;0.0390727;2.2387;0.7;0.7
-2.09178;0.84178;2.2548;0.0398545;2.2835;0.7;0.7
-1.92108;0.643666;2.02604;-0.0592951;-3.39736;0.7;0.7
-1.82833;0.541937;1.90695;-0.0351373;-2.01322;0.7;0.7
-1.94759;0.534758;2.01967;-0.0201904;-1.15683;0.7;0.7
-1.95049;0.515138;2.01737;-0.00976016;-0.559216;0.7;0.7
-1.93531;0.513274;2.00221;0.00103716;0.0594246;0.7;0.7
-1.9408;0.316876;1.9665;-0.0974047;-5.58088;0.7;0.7
-1.91898;0.47749;1.97749;0.0820293;4.69993;0.7;0.7
-1.80118;0.606378;1.90051;0.0808654;4.63324;0.7;0.7
-1.92298;0.562805;2.00365;-0.0400159;-2.29274;0.7;0.7
-1.77975;0.560537;1.86594;0.0203958;1.16859;0.7;0.7
-1.98728;0.65317;2.09187;0.0124346;0.712448;0.7;0.7
-1.89286;0.382865;1.93119;-0.117977;-6.75956;0.7;0.7
-1.95356;0.408801;1.99587;0.00670761;0.384318;0.7;0.7
-1.87116;0.445337;1.92343;0.0273702;1.56819;0.7;0.7
-1.93183;0.449775;1.9835;-0.00490552;-0.281066;0.7;0.7
-1.95949;0.525818;2.02881;0.0334206;1.91486;0.7;0.7
-1.76978;0.575068;1.86087;0.0520074;2.97981;0.7;0.7
-1.90238;0.611601;1.99828;-0.00311938;-0.178727;0.7;0.7
-2.23626;0.465294;2.28415;-0.105915;-6.0685;0.7;0.7
-1.9631;0.321188;1.9892;-0.0429654;-2.46174;0.7;0.7
-1.81498;0.334119;1.84547;0.0198763;1.13883;0.7;0.7
-2.23099;0.38407;2.26381;-0.0115712;-0.66298;0.7;0.7
-1.96465;0.339083;1.9937;0.000427114;0.0244718;0.7;0.7
-1.96418;0.366953;1.99816;0.0137855;0.789852;0.7;0.7
-2.06928;0.610625;2.1575;0.102253;5.85864;0.7;0.7
-1.95486;0.539872;2.02804;-0.0174933;-1.00229;0.7;0.7
-1.9214;0.535958;1.99475;0.0025741;0.147485;0.7;0.7
-1.82065;0.464723;1.87902;-0.0221113;-1.26689;0.7;0.7
-2.01751;0.407634;2.05828;-0.0505508;-2.89635;0.7;0.7
-1.90321;0.372318;1.93929;-0.00617802;-0.353974;0.7;0.7
-1.87829;0.354632;1.91148;-0.0065779;-0.376886;0.7;0.7
-1.9503;0.293905;1.97232;-0.037037;-2.12206;0.7;0.7
-1.90898;0.297811;1.93207;0.00518644;0.297161;0.7;0.7
-2.00575;0.341252;2.03458;0.0137645;0.788649;0.7;0.7
-1.85791;0.416518;1.90403;0.0520169;2.98035;0.7;0.7
-2.15448;0.313141;2.17711;-0.0762058;-4.36627;0.7;0.7
-1.86276;0.263331;1.88128;-0.00389815;-0.223348;0.7;0.7
-1.98177;0.280277;2.00149;6.04765e-05;0.00346505;0.7;0.7
-1.91024;0.606512;2.00422;0.166942;9.56508;0.7;0.7
-1.86792;0.598432;1.96144;0.00260295;0.149138;0.7;0.7
-1.89824;0.59472;1.98923;-0.00642762;-0.368276;0.7;0.7
-1.88997;0.587022;1.97904;-0.00246262;-0.141098;0.7;0.7
-1.88104;0.556409;1.9616;-0.0135524;-0.776497;0.7;0.7
-2.06517;0.704398;2.18199;0.0411124;2.35557;0.7;0.7
-1.93408;0.640376;2.03734;-0.00897086;-0.513992;0.7;0.7
-1.76511;0.526517;1.84196;-0.0298512;-1.71035;0.7;0.7
-1.86332;0.513877;1.93288;-0.0207926;-1.19133;0.7;0.7
-1.9181;0.428225;1.96532;-0.0494437;-2.83292;0.7;0.7
-1.86883;0.461266;1.92491;0.0223321;1.27954;0.7;0.7
-1.83933;0.49277;1.9042;0.0197755;1.13305;0.7;0.7
-1.95137;0.607917;2.04387;0.0402445;2.30584;0.7;0.7
-1.78743;0.683962;1.91382;0.0634561;3.63577;0.7;0.7
-1.915;0.518396;1.98392;-0.101093;-5.79223;0.7;0.7
-1.7892;0.443756;1.84341;-0.0212543;-1.21778;0.7;0.7
-2.03643;0.395396;2.07446;-0.051338;-2.94145;0.7;0.7
-2.04386;0.353897;2.07428;-0.020324;-1.16448;0.7;0.7
-1.95079;0.287674;1.97189;-0.0250407;-1.43473;0.7;0.7
-1.99435;0.0898601;1.99637;-0.101383;-5.80884;0.7;0.7
-1.99806;0.0909769;2.00013;0.000474268;0.0271736;0.7;0.7
-2.02897;0.202928;2.03909;0.0541826;3.10443;0.7;0.7
-1.94017;0.180244;1.94852;-0.00704831;-0.403838;0.7;0.7
-1.9955;0.190348;2.00456;0.00246534;0.141253;0.7;0.7
-1.9303;0.127546;1.93451;-0.0291211;-1.66852;0.7;0.7
-1.87286;0.0413744;1.87332;-0.0438917;-2.51481;0.7;0.7
-2.0506;-0.018599;2.05068;-0.0311578;-1.78521;0.7;0.7
-2.09366;-0.0426062;2.09409;-0.0112776;-0.646156;0.7;0.7
-2.02203;0.0270063;2.02221;0.0337026;1.93101;0.7;0.7
-2.00948;0.0634877;2.01048;0.0182284;1.04441;0.7;0.7
-2.06845;-0.104418;2.07109;-0.0820222;-4.69953;0.7;0.7
-1.94882;0.0479399;1.94941;0.075033;4.29908;0.7;0.7
-1.99288;0.0162949;1.99294;-0.0164181;-0.940686;0.7;0.7
-1.93634;-0.101601;1.939;-0.060599;-3.47207;0.7;0.7
-1.93568;-0.122026;1.93953;-0.0105342;-0.603562;0.7;0.7
-2.06946;-0.195619;2.07868;-0.0312898;-1.79278;0.7;0.7
-1.9664;-0.235144;1.98041;-0.0247692;-1.41917;0.7;0.7
-1.99704;-0.22371;2.00953;0.00745979;0.427415;0.7;0.7
-1.82642;-0.120878;1.83042;0.0454696;2.60522;0.7;0.7
-1.9958;-0.129365;1.99998;0.00135819;0.0778187;0.7;0.7
-2.05791;0.137857;2.06253;0.131617;7.54109;0.7;0.7
-2.01227;0.141936;2.01727;0.00353003;0.202256;0.7;0.7
-1.83498;-0.075571;1.83653;-0.111579;-6.39301;0.7;0.7
-1.96509;-0.104433;1.96787;-0.0119336;-0.683746;0.7;0.7
-1.95102;-0.181154;1.95941;-0.0394913;-2.26269;0.7;0.7
-1.97685;-0.191053;1.98607;-0.00376031;-0.21545;0.7;0.7
-2.05712;-0.303489;2.07939;-0.0501285;-2.87215;0.7;0.7
-1.94046;-0.251135;1.95664;0.0177691;1.01809;0.7;0.7
-2.01048;-0.249328;2.02588;0.00532115;0.304879;0.7;0.7
-2.17419;-0.0385155;2.17453;0.105671;6.0545;0.7;0.7
-1.99399;-0.0349312;1.9943;0.000196598;0.0112642;0.7;0.7
-2.18542;0.0950526;2.18749;0.060983;3.49407;0.7;0.7
-2.12134;0.0989802;2.12365;0.00315886;0.180989;0.7;0.7
-1.86578;-0.00407818;1.86578;-0.0488112;-2.79668;0.7;0.7
-2.0638;-0.169582;2.07075;-0.0797998;-4.57219;0.7;0.7
-1.95488;-0.177534;1.96293;-0.00858194;-0.491709;0.7;0.7
-1.86158;-0.234547;1.8763;-0.0347658;-1.99193;0.7;0.7
-1.95118;-0.228795;1.96455;0.00860641;0.493111;0.7;0.7
-2.04423;-0.265662;2.06142;-0.0125056;-0.716518;0.7;0.7
-2.00093;-0.399678;2.04046;-0.0679186;-3.89145;0.7;0.7
-2.05403;-0.114317;2.05721;0.141553;8.11041;0.7;0.7
-1.94545;-0.191264;1.95483;-0.0424007;-2.42938;0.7;0.7
-1.93469;-0.143287;1.93999;0.0240711;1.37917;0.7;0.7
-2.148;-0.177953;2.15536;-0.00872996;-0.50019;0.7;0.7
-2.12481;-0.395917;2.16138;-0.101561;-5.81902;0.7;0.7
-1.97196;-0.328481;1.99913;0.0191579;1.09767;0.7;0.7
-1.95954;-0.315121;1.98472;0.00561197;0.321542;0.7;0.7
-1.61586;-0.525845;1.69927;-0.155169;-8.89053;0.7;0.7
-2.09455;-0.78208;2.2358;-0.0427385;-2.44874;0.7;0.7
-1.78026;-0.59482;1.877;0.0348974;1.99947;0.7;0.7
-1.78069;-0.540428;1.86089;0.0277995;1.59279;0.7;0.7
-1.83938;-0.521068;1.91176;0.0186069;1.0661;0.7;0.7
-1.92296;-0.522272;1.99262;0.0108516;0.621753;0.7;0.7
-1.88674;-0.52144;1.95747;-0.00444007;-0.254397;0.7;0.7
-1.77782;-0.563635;1.86503;-0.0373716;-2.14123;0.7;0.7
-1.83617;-0.789234;1.9986;-0.0989393;-5.6688;0.7;0.7
-1.60999;-0.861412;1.82595;-0.0853352;-4.88934;0.7;0.7
-1.82097;-0.975786;2.06594;-0.000635933;-0.0364363;0.7;0.7
-1.73582;-1.01861;2.01262;-0.0387482;-2.22011;0.7;0.7
-1.72647;-1.02678;2.00873;-0.00586517;-0.33605;0.7;0.7
-1.36324;-1.06298;1.72869;-0.125733;-7.20394;0.7;0.7
-1.57083;-1.48092;2.15885;-0.0936762;-5.36725;0.7;0.7
-1.44304;-1.40282;2.01253;-0.015323;-0.877942;0.7;0.7
-1.50558;-1.26705;1.96779;0.0716877;4.1074;0.7;0.7
-1.41569;-1.26851;1.90086;-0.0310412;-1.77853;0.7;0.7
-1.51433;-1.33944;2.02171;0.00643147;0.368496;0.7;0.7
-1.47187;-1.30842;1.96936;-0.00248761;-0.142529;0.7;0.7
-1.52891;-1.37918;2.05906;-0.00727773;-0.416983;0.7;0.7
-1.43809;-1.1968;1.87094;0.0398796;2.28493;0.7;0.7
-1.57156;-1.36747;2.08322;-0.0219938;-1.26015;0.7;0.7
-1.51214;-1.31962;2.00698;-0.00144832;-0.0829829;0.7;0.7
-1.50824;-1.22991;1.94614;0.0334223;1.91496;0.7;0.7
-1.69226;-1.34617;2.16239;0.0121115;0.693937;0.7;0.7
-1.63509;-1.38005;2.13964;-0.0290261;-1.66307;0.7;0.7
-1.57284;-1.23108;1.99734;0.0368977;2.11408;0.7;0.7
-1.57597;-1.23496;2.0022;-0.0005596;-0.0320627;0.7;0.7
-1.56242;-1.23266;1.99013;-0.00329141;-0.188584;0.7;0.7
-1.57306;-1.28042;2.0283;-0.0152359;-0.872954;0.7;0.7
-1.4978;-1.40182;2.05147;-0.0691095;-3.95968;0.7;0.7
-1.46646;-1.40039;2.0277;-0.0100479;-0.575701;0.7;0.7
-1.53947;-1.42054;2.09474;0.0171159;0.98067;0.7;0.7
-1.44172;-1.38764;2.00102;-0.0210445;-1.20576;0.7;0.7
-1.44904;-1.37586;1.99817;0.00678778;0.388911;0.7;0.7
-1.39163;-1.3409;1.93252;-0.00733478;-0.420252;0.7;0.7
-1.52652;-1.19725;1.94002;0.101738;5.82915;0.7;0.7
-1.56843;-1.23112;1.9939;-0.000396181;-0.0226995;0.7;0.7
-1.65885;-1.30051;2.10787;0.000591567;0.0338943;0.7;0.7
-1.5897;-1.19426;1.98831;0.0206001;1.1803;0.7;0.7
-1.75611;-1.31255;2.19242;0.00245256;0.140521;0.7;0.7
-1.62823;-1.18371;2.01303;0.0132367;0.758407;0.7;0.7
-1.76035;-1.24442;2.15579;0.0132571;0.759574;0.7;0.7
-1.60781;-1.14711;1.97508;-0.00434879;-0.249167;0.7;0.7
-1.66433;-1.35031;2.14321;-0.0619069;-3.547;0.7;0.7
-1.56773;-1.28709;2.02839;-0.00580156;-0.332405;0.7;0.7
-1.45909;-1.37253;2.00319;-0.06743;-3.86345;0.7;0.7
-1.49618;-1.22104;1.93119;0.070355;4.03104;0.7;0.7
-1.52567;-1.50141;2.14053;-0.0929006;-5.32282;0.7;0.7
-1.29866;-1.4454;1.94312;-0.0614373;-3.5201;0.7;0.7
-1.33894;-1.42527;1.95555;0.022202;1.27208;0.7;0.7
-1.29713;-1.5131;1.99299;-0.0454801;-2.60582;0.7;0.7
-1.32352;-1.49217;1.99456;0.0168781;0.967047;0.7;0.7
-1.30434;-1.49094;1.98097;-0.00683234;-0.391464;0.7;0.7
-1.3654;-1.5256;2.04738;0.011299;0.647384;0.7;0.7
-1.20978;-1.42084;1.86611;-0.0247018;-1.41531;0.7;0.7
-1.29583;-1.55262;2.02233;-0.00984713;-0.564199;0.7;0.7
-1.26;-1.53602;1.9867;-0.00849381;-0.486659;0.7;0.7
-1.21655;-1.56185;1.97974;-0.0252486;-1.44664;0.7;0.7
-1.20783;-1.60774;2.01089;-0.0174442;-0.99948;0.7;0.7
-1.21496;-1.60559;2.01347;0.00347742;0.199242;0.7;0.7
-1.01644;-1.65978;1.94628;-0.0982976;-5.63204;0.7;0.7
-0.998724;-1.4941;1.79716;0.0397486;2.27743;0.7;0.7
-0.94585;-1.71527;1.95877;-0.0852933;-4.88694;0.7;0.7
-1.1788;-1.63737;2.01756;0.12004;6.87776;0.7;0.7
-1.16846;-1.63381;2.00864;-0.0031405;-0.179938;0.7;0.7
-1.08883;-1.36789;1.74834;0.0514507;2.94791;0.7;0.7
-1.26931;-1.55797;2.00958;0.0113631;0.651058;0.7;0.7
-1.16358;-1.50221;1.90014;-0.0246064;-1.40984;0.7;0.7
-1.64127;-1.60949;2.29875;0.136126;7.79944;0.7;0.7
-1.40569;-1.42666;2.00283;-0.0171808;-0.984386;0.7;0.7
-1.49856;-1.56517;2.16689;-0.0143322;-0.821174;0.7;0.7
-1.37945;-1.45428;2.00444;-0.00466244;-0.267138;0.7;0.7
-1.19942;-1.45444;1.8852;-0.0693968;-3.97614;0.7;0.7
-1.21717;-1.50397;1.93479;-0.00921081;-0.52774;0.7;0.7
-1.19676;-1.58277;1.98428;-0.032986;-1.88996;0.7;0.7
-1.35978;-1.56099;2.07019;0.0692124;3.96558;0.7;0.7
-1.64419;-1.5994;2.29379;0.0825896;4.73204;0.7;0.7
-1.17562;-1.58231;1.97123;-0.160215;-9.17965;0.7;0.7
-1.0862;-1.54337;1.88727;-0.0257287;-1.47415;0.7;0.7
-0.9282;-1.57108;1.82478;-0.0796301;-4.56247;0.7;0.7
-1.19451;-1.91197;2.25444;0.0247931;1.42054;0.7;0.7
-0.855486;-1.76577;1.96209;-0.107267;-6.14593;0.7;0.7
-0.871154;-1.79921;1.99902;-0.000240996;-0.0138081;0.7;0.7
-0.624233;-1.43912;1.56868;-0.0416509;-2.38642;0.7;0.7
-0.783304;-1.88436;2.04069;-0.0153108;-0.877247;0.7;0.7
-0.717369;-1.85323;1.98723;-0.0246256;-1.41094;0.7;0.7
-0.845046;-1.87705;2.0585;0.0536896;3.07619;0.7;0.7
-0.805644;-1.87268;2.03863;-0.0167448;-0.959409;0.7;0.7
-0.515104;-1.83996;1.9107;-0.133308;-7.638;0.7;0.7
-0.455387;-2.02545;2.07601;-0.0518105;-2.96853;0.7;0.7
-0.616298;-2.02636;2.11801;0.074095;4.24533;0.7;0.7
-0.506357;-1.93137;1.99664;-0.0388456;-2.22569;0.7;0.7
-0.475688;-1.8553;1.91531;-0.00541724;-0.310385;0.7;0.7
-0.519358;-1.88935;1.95943;0.0172736;0.989705;0.7;0.7
-0.380588;-1.62937;1.67323;-0.0387962;-2.22286;0.7;0.7
-0.486125;-1.86508;1.92739;0.0255081;1.46151;0.7;0.7
-0.527432;-2.00141;2.06974;0.00269828;0.1546;0.7;0.7
-0.50316;-1.90846;1.97368;0.000109663;0.00628325;0.7;0.7
-0.515644;-1.94556;2.01273;0.00129927;0.0744424;0.7;0.7
-0.460583;-2.11924;2.16871;-0.0450746;-2.58259;0.7;0.7
-0.382974;-1.91283;1.95079;-0.0164052;-0.939947;0.7;0.7
-0.276455;-1.86476;1.88514;-0.0504203;-2.88887;0.7;0.7
-0.0800363;-1.9517;1.95334;-0.106195;-6.0845;0.7;0.7
-0.174166;-1.97322;1.98089;0.0470511;2.69583;0.7;0.7
-0.167328;-2.0114;2.01835;-0.00503802;-0.288658;0.7;0.7
-0.0138941;-1.99415;1.9942;-0.0760314;-4.35628;0.7;0.7
0.0764506;-2.05021;2.05163;-0.0442392;-2.53472;0.7;0.7
-0.194162;-2.04846;2.05764;0.131774;7.5501;0.7;0.7
-0.198213;-2.02494;2.03462;0.00307283;0.17606;0.7;0.7
-0.296993;-2.07407;2.09523;0.044651;2.55831;0.7;0.7
-0.287614;-1.99043;2.0111;0.00127942;0.0733052;0.7;0.7
-0.286294;-1.95169;1.97257;0.00214626;0.122972;0.7;0.7
-0.370225;-1.97349;2.00791;0.039792;2.27991;0.7;0.7
-0.372565;-2.12175;2.15421;-0.0116228;-0.66594;0.7;0.7
-0.532612;-1.85847;1.93328;0.105286;6.03242;0.7;0.7
-0.467559;-2.04136;2.09422;-0.0539469;-3.09093;0.7;0.7
-0.59864;-2.11933;2.20226;0.0501347;2.87251;0.7;0.7
-0.490967;-1.9732;2.03336;-0.0314284;-1.80072;0.7;0.7
-0.489466;-1.9709;2.03077;-0.000443769;-0.0254261;0.7;0.7
-0.433856;-1.95047;1.99814;-0.0245493;-1.40657;0.7;0.7
-0.184354;-2.23865;2.24623;-0.136708;-7.83278;0.7;0.7
-0.266768;-2.04996;2.06724;0.0472412;2.70672;0.7;0.7
-0.399058;-2.06305;2.10129;0.0616655;3.53317;0.7;0.7
-0.204057;-2.09927;2.10916;-0.0941725;-5.39569;0.7;0.7
-0.164592;-2.01005;2.01678;-0.0151971;-0.870727;0.7;0.7
-0.167506;-1.98736;1.99441;0.00238465;0.13663;0.7;0.7
-0.206562;-2.10677;2.11687;0.0136478;0.781959;0.7;0.7
-0.35622;-2.10712;2.13701;0.0697379;3.99569;0.7;0.7
-0.440393;-1.87159;1.92271;0.0636278;3.6456;0.7;0.7
-0.364405;-1.99469;2.02771;-0.0504055;-2.88802;0.7;0.7
-0.302443;-1.98364;2.00656;-0.0293911;-1.68398;0.7;0.7
-0.439044;-1.78919;1.84227;0.0893284;5.11814;0.7;0.7
-0.448027;-1.94189;1.9929;-0.0138824;-0.795402;0.7;0.7
-0.309745;-1.9653;1.98956;-0.0704286;-4.03526;0.7;0.7
-0.308117;-1.93936;1.96368;0.00123785;0.0709237;0.7;0.7
-0.32144;-1.90292;1.92988;0.00978017;0.560362;0.7;0.7
-0.184206;-1.91003;1.91889;-0.0711946;-4.07915;0.7;0.7
-0.210556;-1.81521;1.82738;0.0193349;1.10781;0.7;0.7
-0.122204;-2.10853;2.11207;-0.0575873;-3.29951;0.7;0.7
0.00745851;-1.85265;1.85266;-0.0619179;-3.54763;0.7;0.7
0.155309;-2.21579;2.22123;-0.0659516;-3.77875;0.7;0.7
0.0522527;-1.94109;1.94179;0.0430647;2.46742;0.7;0.7
0.0990751;-1.99076;1.99323;-0.0228136;-1.30712;0.7;0.7
0.211354;-2.17029;2.18056;-0.0473526;-2.71311;0.7;0.7
0.239548;-2.00846;2.02269;-0.0216301;-1.23932;0.7;0.7
0.284587;-2.02006;2.04001;-0.0212501;-1.21754;0.7;0.7
0.297752;-1.99751;2.01958;-0.00801288;-0.459104;0.7;0.7
0.202227;-1.76082;1.7724;0.0336251;1.92658;0.7;0.7
0.279706;-1.97495;1.99466;-0.0263446;-1.50943;0.7;0.7
0.460617;-1.84911;1.90562;-0.103442;-5.92678;0.7;0.7
0.462829;-1.97795;2.03137;0.014274;0.817841;0.7;0.7
0.467647;-2.01825;2.07172;0.00216743;0.124185;0.7;0.7
0.257484;-2.14445;2.15985;0.108194;6.19906;0.7;0.7
0.244416;-1.9809;1.99592;-0.00326791;-0.187237;0.7;0.7
0.0267042;-1.94514;1.94532;0.109038;6.24741;0.7;0.7
0.026955;-2.01616;2.01634;0.000359121;0.0205761;0.7;0.7
0.0206488;-2.24685;2.24694;0.00417886;0.239431;0.7;0.7
0.049438;-2.0359;2.0365;-0.0150885;-0.864506;0.7;0.7
-0.0256001;-1.95496;1.95513;0.0373725;2.14129;0.7;0.7
-0.00517858;-2.02587;2.02588;-0.010538;-0.60378;0.7;0.7
0.198625;-1.93272;1.9429;-0.104966;-6.01413;0.7;0.7
0.222269;-1.98523;1.99763;-0.00908702;-0.520648;0.7;0.7
0.216269;-2.064;2.07529;0.00709627;0.406587;0.7;0.7
0.21927;-1.99565;2.00766;-0.00503392;-0.288422;0.7;0.7
0.339651;-2.07654;2.10413;-0.0526953;-3.01922;0.7;0.7
0.219182;-1.98972;2.00176;0.0524155;3.00319;0.7;0.7
0.241275;-1.96068;1.97547;-0.0127262;-0.729157;0.7;0.7
0.281832;-1.70682;1.72994;-0.0412033;-2.36078;0.7;0.7
0.302679;-1.94828;1.97165;0.00951896;0.545396;0.7;0.7
0.319091;-1.9705;1.99617;-0.00641553;-0.367583;0.7;0.7
0.418703;-1.91648;1.96169;-0.0545545;-3.12574;0.7;0.7
0.424105;-2.07006;2.11306;0.0130161;0.745765;0.7;0.7
0.41058;-1.94635;1.98918;-0.00582189;-0.33357;0.7;0.7
0.48781;-1.95284;2.01284;-0.0368852;-2.11337;0.7;0.7
0.482496;-1.93726;1.99644;0.00069118;0.0396017;0.7;0.7
0.54152;-1.75807;1.83958;-0.054703;-3.13425;0.7;0.7
0.553642;-2.00503;2.08006;0.0293849;1.68363;0.7;0.7
0.449026;-1.9089;1.961;0.0383857;2.19934;0.7;0.7
0.249585;-2.04908;2.06422;0.109821;6.29227;0.7;0.7
-0.0351162;-1.93154;1.93186;0.139385;7.98617;0.7;0.7
0.0509588;-1.96947;1.97013;-0.0440469;-2.5237;0.7;0.7
-0.120677;-2.08448;2.08797;0.0836971;4.79549;0.7;0.7
-0.114856;-1.98148;1.9848;7.14316e-05;0.00409273;0.7;0.7
-0.021035;-1.97182;1.97193;-0.0472326;-2.70623;0.7;0.7
-0.229476;-2.01876;2.03177;0.102518;5.87386;0.7;0.7
-0.164189;-2.11929;2.12564;-0.0358668;-2.05502;0.7;0.7
-0.281016;-1.96368;1.98368;0.0648228;3.71407;0.7;0.7
-0.348758;-1.83784;1.87064;0.0453938;2.60088;0.7;0.7
-0.396321;-2.04068;2.07881;0.00428734;0.245647;0.7;0.7
-0.407762;-1.95927;2.00126;0.0133671;0.76588;0.7;0.7
-0.383652;-1.94349;1.981;-0.0102924;-0.589709;0.7;0.7
-0.426819;-2.00181;2.04681;0.0151731;0.869354;0.7;0.7
-0.382217;-1.9223;1.95993;-0.0137971;-0.790513;0.7;0.7
-0.45356;-2.01664;2.06702;0.0249538;1.42975;0.7;0.7
-0.559337;-1.96135;2.03954;0.0565782;3.24169;0.7;0.7
-0.531108;-1.89186;1.965;-0.00411739;-0.235909;0.7;0.7
-0.408299;-1.9667;2.00864;-0.06899;-3.95284;0.7;0.7
-0.405683;-1.94288;1.98478;0.00114882;0.0658224;0.7;0.7
-0.410185;-1.95388;1.99647;0.00108165;0.061974;0.7;0.7
-0.421525;-1.96371;2.00845;0.00451959;0.258953;0.7;0.7
-0.489911;-1.98518;2.04473;0.0305019;1.74763;0.7;0.7
-0.499275;-1.91381;1.97786;0.0132424;0.758735;0.7;0.7
-0.64918;-1.95486;2.05983;0.0654347;3.74913;0.7;0.7
-0.692482;-1.89532;2.01786;0.0296687;1.69989;0.7;0.7
-0.588069;-1.91667;2.00486;-0.052596;-3.01353;0.7;0.7
-0.578502;-1.93452;2.01917;-0.00712318;-0.408128;0.7;0.7
-0.537195;-1.95103;2.02364;-0.0218955;-1.25452;0.7;0.7
-0.489968;-2.11495;2.17096;-0.0410279;-2.35072;0.7;0.7
-0.424914;-2.01409;2.05843;-0.0197319;-1.13055;0.7;0.7
-0.48786;-1.94989;2.01;0.0372437;2.13391;0.7;0.7
-0.346789;-1.93454;1.96538;-0.0677876;-3.88394;0.7;0.7
-0.375779;-1.89615;1.93303;0.0182669;1.04662;0.7;0.7
-0.252525;-2.03163;2.04727;-0.0719824;-4.12429;0.7;0.7
-0.373983;-1.69159;1.73243;0.0939219;5.38133;0.7;0.7
-0.281602;-1.96961;1.98964;-0.0755731;-4.33002;0.7;0.7
-0.370592;-1.8804;1.91657;0.0525764;3.0124;0.7;0.7
-0.063082;-2.0479;2.04887;-0.163794;-9.38469;0.7;0.7
-0.0241532;-1.95099;1.95114;-0.0184142;-1.05505;0.7;0.7
-0.0271665;-1.99684;1.99702;0.00122457;0.0701624;0.7;0.7
-0.118329;-2.11353;2.11684;0.0423243;2.425;0.7;0.7
-0.12627;-2.00925;2.01322;0.00683372;0.391543;0.7;0.7
-0.0070448;-1.93386;1.93388;-0.0591191;-3.38727;0.7;0.7
-0.0226648;-2.04634;2.04647;0.00743247;0.425849;0.7;0.7
-0.0184907;-1.99051;1.9906;-0.00178617;-0.10234;0.7;0.7
-0.0162652;-2.0695;2.06957;-0.00142984;-0.0819239;0.7;0.7
-0.239735;-1.93141;1.94623;0.115633;6.62529;0.7;0.7
-0.485167;-2.05666;2.11311;0.108173;6.19786;0.7;0.7
-0.447268;-1.94752;1.99822;-0.00591931;-0.339151;0.7;0.7
-0.580096;-1.83482;1.92434;0.0804689;4.61053;0.7;0.7
-0.757383;-1.68741;1.84959;0.115676;6.62775;0.7;0.7
-0.893799;-1.91265;2.11119;0.0152635;0.874534;0.7;0.7
-0.798777;-1.82538;1.9925;-0.024664;-1.41315;0.7;0.7
-1.02437;-1.8063;2.07655;0.103392;5.92393;0.7;0.7
-0.921034;-1.78247;2.00637;-0.0389508;-2.23172;0.7;0.7
-0.917936;-1.77477;1.99811;0.000391139;0.0224106;0.7;0.7
-1.0014;-1.82559;2.08221;0.0243962;1.3978;0.7;0.7
-0.956761;-1.71387;1.96284;0.00743424;0.425951;0.7;0.7
-1.02215;-1.58455;1.88563;0.0637534;3.6528;0.7;0.7
-1.04311;-1.69711;1.99204;-0.0217941;-1.24871;0.7;0.7
-1.0843;-1.68184;2.00107;0.0215346;1.23384;0.7;0.7
-1.14715;-1.60698;1.97442;0.0473193;2.71119;0.7;0.7
-1.39789;-1.65879;2.16926;0.0802846;4.59997;0.7;0.7
-1.20054;-1.49899;1.92049;-0.0249626;-1.43025;0.7;0.7
-1.09533;-1.58047;1.92292;-0.0692462;-3.96751;0.7;0.7
-1.12763;-1.58625;1.94621;0.0119471;0.684521;0.7;0.7
-1.07895;-1.64537;1.96758;-0.0375808;-2.15322;0.7;0.7
-1.1095;-1.68948;2.02122;0.000669001;0.0383309;0.7;0.7
-1.1898;-1.73219;2.10145;0.0207832;1.19079;0.7;0.7
-1.15903;-1.83744;2.17245;-0.0391108;-2.24088;0.7;0.7
-1.19439;-1.69894;2.07677;0.0499997;2.86477;0.7;0.7
-1.15351;-1.61496;1.98461;0.00748292;0.42874;0.7;0.7
-1.03392;-1.50259;1.82395;-0.0175445;-1.00523;0.7;0.7
-1.28756;-1.64382;2.08805;0.0617731;3.53934;0.7;0.7
-1.16481;-1.559;1.94609;-0.0227828;-1.30536;0.7;0.7
-1.20857;-1.56187;1.97486;0.0168799;0.967146;0.7;0.7
-1.44535;-1.42109;2.02695;0.135303;7.75231;0.7;0.7
-1.35694;-1.47485;2.00412;-0.0500776;-2.86923;0.7;0.7
-1.42737;-1.36682;1.97626;0.0632815;3.62576;0.7;0.7
-1.12746;-1.37854;1.78088;-0.121523;-6.96277;0.7;0.7
-1.30554;-1.58254;2.05155;0.00423782;0.242809;0.7;0.7
-1.12842;-1.4676;1.85126;-0.0342983;-1.96515;0.7;0.7
-1.21277;-1.62011;2.02375;-0.0128962;-0.738898;0.7;0.7
-1.16361;-1.66073;2.02781;-0.0314166;-1.80004;0.7;0.7
-1.3395;-1.67484;2.14461;0.0634367;3.63466;0.7;0.7
-1.26066;-1.50128;1.96039;0.0238909;1.36885;0.7;0.7
-1.3375;-1.49655;2.00713;0.0308395;1.76698;0.7;0.7
-1.42911;-1.55722;2.1136;0.0131919;0.755842;0.7;0.7
-1.35614;-1.40637;1.95371;0.0246883;1.41453;0.7;0.7
-1.32393;-1.26688;1.83243;0.0401984;2.3032;0.7;0.7
-1.49412;-1.27159;1.96197;0.0582679;3.3385;0.7;0.7
-1.53519;-1.13454;1.90892;0.0686722;3.93462;0.7;0.7
-1.81304;-1.04686;2.09357;0.112802;6.46309;0.7;0.7
-1.70873;-1.19244;2.08367;-0.0856453;-4.90712;0.7;0.7
-1.68206;-1.26169;2.10266;-0.0342727;-1.96368;0.7;0.7
-1.70828;-1.1452;2.05662;0.0529844;3.03578;0.7;0.7
-1.61226;-1.07094;1.93554;0.00424805;0.243395;0.7;0.7
-1.7062;-1.05408;2.00554;0.0329261;1.88652;0.7;0.7
-1.63615;-1.0497;1.94393;-0.0170239;-0.975398;0.7;0.7
-1.72112;-1.1074;2.04661;-0.00131333;-0.0752485;0.7;0.7
-1.70581;-1.09075;2.02473;0.00282668;0.161957;0.7;0.7
-1.52824;-1.06231;1.86119;-0.0385351;-2.2079;0.7;0.7
-1.75355;-0.911813;1.97645;0.127941;7.33046;0.7;0.7
-1.76497;-0.9216;1.9911;-0.00171638;-0.0983414;0.7;0.7
-1.9394;-1.05994;2.21015;-0.0189547;-1.08603;0.7;0.7
-1.53874;-0.956657;1.81188;-0.0560595;-3.21198;0.7;0.7
-1.71632;-1.08516;2.0306;-0.00757;-0.433729;0.7;0.7
-1.65865;-1.09709;1.98865;-0.0205701;-1.17858;0.7;0.7
-1.5212;-1.29539;1.99803;-0.121023;-6.93412;0.7;0.7
-1.70907;-1.13501;2.05162;0.119167;6.82776;0.7;0.7
-1.68666;-1.12937;2.02985;-0.00379275;-0.217309;0.7;0.7
-1.86695;-1.28206;2.26477;-0.0117304;-0.6721;0.7;0.7
-1.65409;-1.13153;2.00409;0.00179457;0.102822;0.7;0.7
-1.54721;-1.05581;1.87313;0.00114513;0.0656114;0.7;0.7
-1.84757;-1.20894;2.20795;0.0193935;1.11117;0.7;0.7
-1.74668;-1.42762;2.25588;-0.1058;-6.0619;0.7;0.7
-1.41776;-1.29343;1.91912;-0.054352;-3.11414;0.7;0.7
-1.50342;-1.34509;2.01731;0.0096986;0.555689;0.7;0.7
-1.47531;-1.20714;1.90623;0.0441145;2.52758;0.7;0.7
-1.70253;-1.40843;2.20959;-0.00538302;-0.308424;0.7;0.7
-1.50374;-1.31212;1.99572;-0.0263094;-1.50742;0.7;0.7
-1.37422;-1.28573;1.88191;-0.0346927;-1.98775;0.7;0.7
-1.38152;-1.33368;1.92023;-0.0156332;-0.895718;0.7;0.7
-1.50981;-1.54495;2.16018;-0.0291207;-1.66849;0.7;0.7
-1.5735;-1.45512;2.14319;0.0505648;2.89715;0.7;0.7
-1.47172;-1.35318;1.99926;0.00287552;0.164755;0.7;0.7
-1.62121;-1.21233;2.02437;0.101372;5.8082;0.7;0.7
-1.45367;-1.25189;1.91843;-0.0688718;-3.94607;0.7;0.7
-1.54116;-1.28478;2.00645;0.0160359;0.918788;0.7;0.7
-1.52973;-1.2982;2.00634;-0.00878781;-0.503505;0.7;0.7
-1.47707;-1.30178;1.96885;-0.0186928;-1.07102;0.7;0.7
-1.42396;-1.36963;1.97574;-0.0435529;-2.49539;0.7;0.7
-1.26388;-1.41975;1.90081;-0.0774605;-4.43816;0.7;0.7
-1.21745;-1.62562;2.03096;-0.0845741;-4.84574;0.7;0.7
-1.16971;-1.59358;1.9768;-0.00961303;-0.550786;0.7;0.7
-1.12473;-1.46944;1.85048;0.0201031;1.15182;0.7;0.7
-1.23405;-1.61412;2.03181;-0.000559623;-0.032064;0.7;0.7
-1.21426;-1.78059;2.15522;-0.0542323;-3.10728;0.7;0.7
-1.1314;-1.68465;2.02931;-0.00710113;-0.406865;0.7;0.7
-1.085;-1.72434;2.03729;-0.0297719;-1.7058;0.7;0.7
-1.07032;-1.71366;2.02045;-0.00333112;-0.190859;0.7;0.7
-1.12151;-1.73593;2.06669;0.0152969;0.876446;0.7;0.7
-1.1572;-1.78798;2.12979;0.000814371;0.04666;0.7;0.7
-1.23141;-2.09917;2.4337;-0.0438891;-2.51466;0.7;0.7
-1.0359;-1.72875;2.01536;0.00932188;0.534105;0.7;0.7
-0.972145;-1.68147;1.94227;-0.0156446;-0.89637;0.7;0.7
-1.01497;-1.70243;1.98203;0.0134135;0.768538;0.7;0.7
-1.05435;-1.70822;2.0074;0.0153747;0.880903;0.7;0.7
-1.01115;-1.61408;1.90464;0.00666037;0.381611;0.7;0.7
-0.920026;-1.78834;2.01112;-0.0845011;-4.84156;0.7;0.7
-0.979164;-2.03116;2.25485;-0.0259443;-1.4865;0.7;0.7
-0.850615;-1.96582;2.14196;-0.0408261;-2.33916;0.7;0.7
-0.72991;-1.83475;1.97461;-0.0297467;-1.70436;0.7;0.7
-0.81213;-1.87093;2.03959;0.0309048;1.77071;0.7;0.7
-0.713064;-1.80147;1.93746;-0.0326349;-1.86984;0.7;0.7
-0.780616;-1.80975;1.97093;0.0303279;1.73766;0.7;0.7
-0.722814;-1.82694;1.96473;-0.0304835;-1.74658;0.7;0.7
-0.733211;-1.8621;2.00125;-0.00163351;-0.0935934;0.7;0.7
-0.996605;-1.63936;1.91852;0.171114;9.80408;0.7;0.7
-1.04036;-1.7086;2.00041;0.000710349;0.0407;0.7;0.7
-1.06831;-1.73413;2.03678;0.00520233;0.298072;0.7;0.7
-1.21609;-1.67257;2.06793;0.0765316;4.38493;0.7;0.7
-1.45396;-1.51705;2.1013;0.135498;7.76345;0.7;0.7
-1.39415;-1.55135;2.08575;-0.032085;-1.83834;0.7;0.7
-1.34075;-1.46116;1.98307;0.0103691;0.594107;0.7;0.7
-1.28326;-1.47198;1.95281;-0.0254428;-1.45777;0.7;0.7
-1.37668;-1.28412;1.88261;0.103164;5.91084;0.7;0.7
-1.43645;-1.36747;1.98328;-0.0101764;-0.583066;0.7;0.7
-1.4299;-1.06764;1.78451;0.119445;6.84369;0.7;0.7
-1.67945;-1.25227;2.09494;0.000650246;0.0372564;0.7;0.7
-1.26474;-1.12347;1.69167;-0.0856076;-4.90495;0.7;0.7
-1.48876;-1.31535;1.98659;0.00267799;0.153437;0.7;0.7
-1.48966;-1.24246;1.93979;0.0284697;1.63119;0.7;0.7
-1.53345;-1.27308;1.99304;0.00227431;0.130308;0.7;0.7
-1.54116;-1.27861;2.0025;0.000339365;0.0194442;0.7;0.7
-1.50076;-1.26701;1.96408;-0.00859393;-0.492396;0.7;0.7
-1.59021;-1.33868;2.07866;0.00141722;0.081201;0.7;0.7
-1.46661;-1.31131;1.96735;-0.0298213;-1.70863;0.7;0.7
-1.52197;-1.46719;2.11401;-0.0375233;-2.14992;0.7;0.7
-1.37934;-1.52493;2.05621;-0.0684108;-3.91965;0.7;0.7
-1.23344;-1.45855;1.91016;-0.0333403;-1.91026;0.7;0.7
-1.24244;-1.59013;2.01796;-0.0387123;-2.21805;0.7;0.7
-1.31941;-1.63054;2.0975;0.0170561;0.977241;0.7;0.7
-1.23886;-1.64582;2.05997;-0.0350674;-2.00922;0.7;0.7
-1.13959;-1.65687;2.01094;-0.0427576;-2.44983;0.7;0.7
-1.18157;-1.55631;1.95402;0.0468815;2.68611;0.7;0.7
-1.29697;-1.67579;2.11905;0.00927929;0.531664;0.7;0.7
-1.24388;-1.57332;2.00563;0.010335;0.592149;0.7;0.7
-1.39117;-1.44299;2.00439;0.0981307;5.62248;0.7;0.7
-1.03643;-1.65246;1.9506;-0.206933;-11.8564;0.7;0.7
-0.894579;-1.65849;1.88438;-0.065521;-3.75408;0.7;0.7
-0.883706;-1.82145;2.02451;-0.0429526;-2.461;0.7;0.7
-0.874608;-1.76028;1.96559;0.00941955;0.5397;0.7;0.7
-0.885733;-1.80855;2.01379;-0.00571654;-0.327534;0.7;0.7
-1.07007;-1.91333;2.19223;0.0545183;3.12367;0.7;0.7
-1.06495;-1.86641;2.14886;0.0085797;0.49158;0.7;0.7
-1.29228;-2.05562;2.42808;0.0427114;2.44718;0.7;0.7
-1.10319;-1.67049;2.00189;0.0224312;1.28521;0.7;0.7
-1.08497;-1.67425;1.99506;-0.0086613;-0.496256;0.7;0.7
-1.07109;-1.66255;1.97771;-0.00267425;-0.153223;0.7;0.7
-1.08111;-1.68784;2.0044;-0.00263164;-0.150782;0.7;0.7
-1.02775;-1.75168;2.03092;-0.0390888;-2.23963;0.7;0.7
-1.00773;-1.74106;2.01167;-0.00591046;-0.338644;0.7;0.7
-1.06053;-1.68228;1.98866;0.037794;2.16544;0.7;0.7
-0.937137;-1.72699;1.96487;-0.0653056;-3.74173;0.7;0.7
-0.933178;-1.73666;1.9715;-0.00410438;-0.235163;0.7;0.7
-0.849904;-1.67466;1.87798;-0.0234339;-1.34266;0.7;0.7
-0.955151;-1.868;2.09803;0.00302655;0.173409;0.7;0.7
-0.760653;-1.87885;2.02699;-0.0879837;-5.0411;0.7;0.7
-0.855164;-1.5378;1.75958;0.122831;7.03771;0.7;0.7
-0.991911;-1.74416;2.00649;0.00957804;0.548781;0.7;0.7
-0.978328;-1.75257;2.00714;-0.00795317;-0.455683;0.7;0.7
-0.989919;-1.75428;2.01431;0.00461061;0.264168;0.7;0.7
-0.999001;-1.76496;2.02807;0.00131255;0.0752036;0.7;0.7
-1.03576;-1.4186;1.75648;0.1156;6.62338;0.7;0.7
-1.23912;-1.68533;2.09183;0.00332696;0.190621;0.7;0.7
-1.13104;-1.7509;2.08444;-0.060446;-3.4633;0.7;0.7
-0.99793;-1.69617;1.96796;-0.0417363;-2.39132;0.7;0.7
-1.19104;-1.81026;2.16694;0.0501337;2.87245;0.7;0.7
-0.954391;-1.7361;1.98114;-0.0792998;-4.54355;0.7;0.7
-0.95929;-1.73118;1.97919;0.00336834;0.192992;0.7;0.7
-0.919226;-1.73745;1.96563;-0.0193775;-1.11025;0.7;0.7
-0.803853;-1.90491;2.06758;-0.0873108;-5.00254;0.7;0.7
-1.06181;-1.97548;2.24276;0.0938737;5.37857;0.7;0.7
-0.920143;-1.71185;1.94348;1.42897e-05;0.000818742;0.7;0.7
-0.91934;-1.77092;1.99533;-0.0143705;-0.823371;0.7;0.7
-0.734688;-1.91684;2.05281;-0.112824;-6.46433;0.7;0.7
-0.77295;-1.84115;1.99682;0.0314628;1.80269;0.7;0.7
-0.785163;-1.80999;1.97295;0.0118224;0.677372;0.7;0.7
-0.790597;-1.92458;2.08064;-0.0195242;-1.11865;0.7;0.7
-0.819917;-1.70941;1.89588;0.0574614;3.29229;0.7;0.7
-0.896039;-1.72201;1.94119;0.0325564;1.86534;0.7;0.7
-0.945319;-1.77516;2.01117;0.0095389;0.546539;0.7;0.7
-1.01416;-1.68791;1.96915;0.0517052;2.96249;0.7;0.7
-1.12914;-1.97994;2.27928;-0.022748;-1.30336;0.7;0.7
-0.99011;-1.71507;1.98035;0.00527474;0.30222;0.7;0.7
-0.987146;-1.79885;2.0519;-0.0216657;-1.24135;0.7;0.7
-0.921879;-1.86197;2.07769;-0.0421685;-2.41608;0.7;0.7
-0.995581;-1.99142;2.22642;0.00386886;0.221669;0.7;0.7
-0.990109;-1.89438;2.13752;0.0180126;1.03205;0.7;0.7
-0.937629;-1.73103;1.96865;0.0148096;0.848529;0.7;0.7
-0.869715;-1.68575;1.89688;-0.0201143;-1.15247;0.7;0.7
-0.769389;-1.84511;1.9991;-0.081238;-4.6546;0.7;0.7
-0.780101;-1.6909;1.86218;0.0371879;2.13071;0.7;0.7
-0.826899;-1.64316;1.83949;0.0339803;1.94693;0.7;0.7
-0.875415;-1.75275;1.95921;-0.00302503;-0.173321;0.7;0.7
-0.893285;-1.78497;1.99602;0.000796355;0.0456278;0.7;0.7
-0.90288;-1.49638;1.74767;0.0788921;4.52019;0.7;0.7
-0.885293;-1.71829;1.93294;-0.0671493;-3.84737;0.7;0.7
-1.08632;-1.70551;2.02209;0.0913974;5.23669;0.7;0.7
-1.19545;-1.77572;2.14063;0.0253788;1.4541;0.7;0.7
-1.0897;-1.65245;1.9794;-0.00953905;-0.546547;0.7;0.7
-1.10059;-1.66931;1.99948;-9.61987e-05;-0.00551178;0.7;0.7
-1.12531;-1.64485;1.99295;0.0171174;0.980753;0.7;0.7
-1.15925;-1.75212;2.1009;-0.0154982;-0.887983;0.7;0.7
-1.12286;-1.66807;2.01079;0.00797054;0.456678;0.7;0.7
-1.20073;-1.71509;2.09363;0.0183149;1.04937;0.7;0.7
-1.16578;-1.61574;1.9924;0.0142276;0.81518;0.7;0.7
-1.25017;-1.55656;1.99645;0.0516434;2.95895;0.7;0.7
-1.29218;-1.54778;2.01627;0.0189759;1.08724;0.7;0.7
-1.23092;-1.59961;2.01839;-0.039768;-2.27854;0.7;0.7
-1.08226;-1.66441;1.98534;-0.0793306;-4.54531;0.7;0.7
-1.08969;-1.67648;1.9995;-0.000173497;-0.00994064;0.7;0.7
-0.939541;-1.67881;1.92384;-0.0661496;-3.79009;0.7;0.7
-0.864963;-1.80398;2.00063;-0.0631257;-3.61684;0.7;0.7
-0.900141;-1.75683;1.97401;0.026398;1.5125;0.7;0.7
-0.910615;-1.76462;1.98573;0.00290612;0.166508;0.7;0.7
-0.863079;-1.89004;2.07777;-0.0480293;-2.75188;0.7;0.7
-0.810835;-1.78918;1.96433;-0.0028652;-0.164164;0.7;0.7
-0.819823;-1.8276;2.00305;-0.00383008;-0.219448;0.7;0.7
-0.801438;-1.85088;2.01694;-0.0130416;-0.747228;0.7;0.7
-0.788535;-1.83928;2.00118;-0.0036136;-0.207044;0.7;0.7
-1.00511;-2.06391;2.29564;0.0481714;2.76002;0.7;0.7
-1.13004;-2.00061;2.2977;0.060983;3.49407;0.7;0.7
-0.960657;-1.81394;2.05262;-0.027128;-1.55432;0.7;0.7
-0.877003;-1.77308;1.97812;-0.0277081;-1.58756;0.7;0.7
-0.866964;-1.83626;2.03063;-0.0182261;-1.04428;0.7;0.7
-1.05937;-1.6136;1.93028;0.139842;8.01237;0.7;0.7
-1.33357;-1.54876;2.04379;0.129929;7.4444;0.7;0.7
-1.27227;-1.58112;2.02944;-0.0333052;-1.90824;0.7;0.7
-1.27182;-1.62844;2.06624;-0.0145243;-0.832181;0.7;0.7
-1.20747;-1.62231;2.02234;-0.0232138;-1.33005;0.7;0.7
-1.33856;-1.64154;2.11811;0.04424;2.53477;0.7;0.7
-1.32097;-1.58644;2.06441;0.010266;0.588199;0.7;0.7
-1.07145;-1.32805;1.70638;-0.015479;-0.88688;0.7;0.7
-1.36056;-1.42892;1.97305;0.0820308;4.70002;0.7;0.7
-1.36612;-1.45015;1.99229;-0.00532421;-0.305055;0.7;0.7
-1.28003;-1.70161;2.12931;-0.110635;-6.33891;0.7;0.7
-0.954276;-1.5488;1.81918;-0.0927349;-5.31332;0.7;0.7
-0.989823;-1.78771;2.04344;-0.0465349;-2.66625;0.7;0.7
-0.918444;-1.75583;1.98154;-0.0237247;-1.35933;0.7;0.7
-0.941635;-1.871;2.09459;-0.0156748;-0.898099;0.7;0.7
-0.859438;-1.63594;1.84796;0.017452;0.999926;0.7;0.7
-0.656516;-1.67916;1.80294;-0.111013;-6.36059;0.7;0.7
-0.621542;-1.83624;1.93858;-0.0463256;-2.65426;0.7;0.7
-0.635435;-2.06956;2.16491;-0.0284786;-1.63171;0.7;0.7
-0.769633;-1.83042;1.98564;0.100124;5.7367;0.7;0.7
-0.492292;-1.85748;1.92161;-0.13895;-7.96127;0.7;0.7
-0.556081;-2.02471;2.09969;0.00896193;0.513481;0.7;0.7
-0.515196;-2.04197;2.10596;-0.0208925;-1.19705;0.7;0.7
-0.243422;-2.12075;2.13468;-0.132864;-7.61255;0.7;0.7
-0.251649;-2.00403;2.01977;0.0106365;0.609424;0.7;0.7
-0.173216;-1.95853;1.96617;-0.036705;-2.10304;0.7;0.7
-0.104987;-2.02101;2.02374;-0.0363116;-2.0805;0.7;0.7
-0.365999;-1.91021;1.94496;0.137406;7.87278;0.7;0.7
-0.356555;-1.97755;2.00944;-0.0109222;-0.625796;0.7;0.7
-0.507491;-2.03984;2.10203;0.0654538;3.75023;0.7;0.7
-0.404235;-2.04585;2.0854;-0.0487636;-2.79395;0.7;0.7
-0.474561;-1.95269;2.00953;0.043333;2.4828;0.7;0.7
-0.466904;-1.94169;1.99703;-0.00242521;-0.138954;0.7;0.7
-0.148061;-1.90986;1.91559;-0.158613;-9.08784;0.7;0.7
-0.149308;-1.99204;1.99763;-0.00255769;-0.146545;0.7;0.7
-0.137285;-1.99605;2.00076;-0.00614218;-0.351921;0.7;0.7
-0.139986;-2.21477;2.21919;-0.00554826;-0.317892;0.7;0.7
-0.139098;-2.16762;2.17207;0.00096134;0.0550807;0.7;0.7
-0.070441;-1.72604;1.72748;-0.0232951;-1.33471;0.7;0.7
-0.143292;-2.00675;2.01186;0.030496;1.74729;0.7;0.7
-0.147397;-1.97961;1.98509;0.00303642;0.173974;0.7;0.7
-0.341193;-1.97128;2.00058;0.0970641;5.56136;0.7;0.7
-0.377301;-1.92074;1.95745;0.022581;1.29379;0.7;0.7
-0.474093;-1.87098;1.93011;0.054204;3.10566;0.7;0.7
-0.479661;-1.89047;1.95038;0.000311825;0.0178663;0.7;0.7
-0.541574;-2.15742;2.22436;-0.002535;-0.145245;0.7;0.7
-0.469126;-1.99019;2.04473;-0.0144529;-0.82809;0.7;0.7
-0.415441;-1.99791;2.04065;-0.0264777;-1.51706;0.7;0.7
-0.387046;-2.0662;2.10214;-0.0198391;-1.1367;0.7;0.7
-0.270299;-2.05269;2.07041;-0.0542496;-3.10827;0.7;0.7
-0.255585;-2.00526;2.02148;-0.00415349;-0.237977;0.7;0.7
-0.394193;-1.93301;1.97279;0.0743955;4.26255;0.7;0.7
-0.37547;-1.9907;2.0258;-0.0147473;-0.844959;0.7;0.7
-0.167103;-1.99006;1.99707;-0.10265;-5.8814;0.7;0.7
-0.169528;-2.01759;2.0247;5.58861e-05;0.00320204;0.7;0.7
-0.172561;-1.94409;1.95174;0.00470149;0.269376;0.7;0.7
-0.266393;-2.28668;2.30214;0.0274454;1.5725;0.7;0.7
-0.127302;-2.02379;2.02779;-0.0531547;-3.04554;0.7;0.7
-0.226381;-2.09229;2.1045;0.0449584;2.57593;0.7;0.7
-0.1979;-1.9536;1.9636;-0.00682271;-0.390912;0.7;0.7
-0.158889;-1.906;1.91261;-0.0177854;-1.01903;0.7;0.7
-0.0189139;-2.08206;2.08215;-0.0740864;-4.24484;0.7;0.7
-0.0157464;-2.03487;2.03493;-0.00134581;-0.0771093;0.7;0.7
-0.0312322;-2.07895;2.07919;0.00728378;0.41733;0.7;0.7
0.0786558;-2.01301;2.01454;-0.0540758;-3.09832;0.7;0.7
-0.0811536;-2.06786;2.06945;0.0782791;4.48506;0.7;0.7
-0.174795;-1.68858;1.6976;0.0639236;3.66255;0.7;0.7
-0.16368;-1.67872;1.68668;-0.00595281;-0.341071;0.7;0.7
-0.175648;-2.07108;2.07852;-0.0125886;-0.721274;0.7;0.7
-0.173644;-2.00229;2.0098;0.00189914;0.108813;0.7;0.7
-0.222778;-1.99482;2.00722;0.0247107;1.41582;0.7;0.7
-0.219505;-1.97846;1.9906;-0.00072189;-0.0413613;0.7;0.7
-0.0829855;-2.00362;2.00534;-0.0691012;-3.95921;0.7;0.7
-0.0575419;-1.96967;1.97051;-0.0121885;-0.698349;0.7;0.7
-0.146067;-2.00034;2.00567;0.0436859;2.50302;0.7;0.7
-0.137328;-2.03362;2.03825;-0.00546506;-0.313125;0.7;0.7
-0.0708481;-1.93256;1.93386;-0.0307827;-1.76372;0.7;0.7
-0.0178258;-1.95154;1.95162;-0.0275098;-1.57619;0.7;0.7
0.0696793;-1.77927;1.78063;-0.0482757;-2.76599;0.7;0.7
0.00753914;-2.04053;2.04054;0.035447;2.03097;0.7;0.7
0.0301136;-1.90731;1.90755;-0.0120925;-0.692849;0.7;0.7
-0.174179;-1.94134;1.94914;0.105269;6.03144;0.7;0.7
-0.167146;-1.92745;1.93468;-0.00297897;-0.170683;0.7;0.7
-0.347349;-2.03676;2.06617;0.0824123;4.72187;0.7;0.7
-0.318723;-2.07544;2.09977;-0.0165359;-0.947437;0.7;0.7
-0.529952;-2.09265;2.15871;0.0956513;5.48042;0.7;0.7
-0.483816;-1.77629;1.841;0.0178943;1.02527;0.7;0.7
-0.455268;-2.04772;2.09772;-0.0471535;-2.7017;0.7;0.7
-0.434718;-1.95061;1.99846;0.000508212;0.0291184;0.7;0.7
-0.569888;-2.09865;2.17465;0.0458762;2.62851;0.7;0.7
-0.52872;-1.92694;1.99816;0.00263718;0.151099;0.7;0.7
-0.623485;-1.97043;2.06671;0.0386609;2.21511;0.7;0.7
-0.643443;-1.84967;1.95839;0.0283219;1.62273;0.7;0.7
-0.415529;-2.0062;2.04878;-0.130541;-7.47942;0.7;0.7
-0.19568;-2.05118;2.06049;-0.109124;-6.25233;0.7;0.7
-0.201528;-2.00102;2.01114;0.00526338;0.30157;0.7;0.7
-0.190536;-1.99123;2.00033;-0.00497751;-0.28519;0.7;0.7
-0.142725;-2.01897;2.024;-0.0248224;-1.42222;0.7;0.7
-0.0931684;-2.051;2.05311;-0.0251798;-1.4427;0.7;0.7
0.00373991;-2.05639;2.05639;-0.0472134;-2.70513;0.7;0.7
0.0103897;-2.00096;2.00099;-0.00337364;-0.193295;0.7;0.7
-0.0545092;-2.01767;2.01841;0.0322017;1.84502;0.7;0.7
0.187428;-2.09622;2.10459;-0.116185;-6.65688;0.7;0.7
0.159226;-1.99078;1.99713;0.00936341;0.536484;0.7;0.7
0.218186;-2.17264;2.18357;-0.0202771;-1.16179;0.7;0.7
0.175258;-1.94228;1.95017;0.0100994;0.578651;0.7;0.7
0.203558;-1.95525;1.96582;-0.0137449;-0.787527;0.7;0.7
0.237668;-1.99779;2.01188;-0.0146743;-0.840776;0.7;0.7
0.336049;-2.14128;2.16749;-0.0372602;-2.13486;0.7;0.7
0.308724;-1.97721;2.00117;0.000778178;0.0445863;0.7;0.7
0.326905;-1.99825;2.02481;-0.00726828;-0.416442;0.7;0.7
0.347834;-1.89641;1.92804;-0.0192422;-1.1025;0.7;0.7
0.493349;-1.77264;1.84001;-0.0900427;-5.15907;0.7;0.7
0.685917;-2.04875;2.16052;-0.0516239;-2.95783;0.7;0.7
0.625118;-1.88853;1.9893;0.00341105;0.195439;0.7;0.7
0.625252;-1.65209;1.76645;-0.0421453;-2.41475;0.7;0.7
0.5922;-1.78048;1.87639;0.0407065;2.33231;0.7;0.7
0.630823;-1.90132;2.00323;0.000741875;0.0425063;0.7;0.7
0.69711;-1.74572;1.87976;-0.0595713;-3.41319;0.7;0.7
0.615215;-1.88232;1.98031;0.0640316;3.66874;0.7;0.7
0.633349;-1.94266;2.0433;0.000738607;0.0423191;0.7;0.7
0.804432;-1.94401;2.10388;-0.0771905;-4.42269;0.7;0.7
0.942748;-2.00708;2.21746;-0.0467789;-2.68023;0.7;0.7
0.853463;-2.03232;2.20425;0.0415424;2.3802;0.7;0.7
0.805479;-1.7238;1.90271;-0.0395394;-2.26544;0.7;0.7
0.811517;-2.03022;2.1864;0.0568568;3.25765;0.7;0.7
0.699181;-1.93961;2.06178;0.0342882;1.96457;0.7;0.7
0.611657;-1.81493;1.91523;0.020917;1.19846;0.7;0.7
0.793778;-1.97619;2.12965;-0.0568868;-3.25937;0.7;0.7
0.821453;-1.7605;1.94271;-0.0546289;-3.13001;0.7;0.7
0.588334;-1.90874;1.99736;0.137584;7.88297;0.7;0.7
0.569423;-1.89369;1.97744;0.00689606;0.395115;0.7;0.7
0.774013;-2.07587;2.21547;-0.0648001;-3.71277;0.7;0.7
0.694784;-1.82273;1.95065;-0.00728125;-0.417185;0.7;0.7
0.718716;-1.88393;2.01637;-0.000278585;-0.0159617;0.7;0.7
0.76464;-1.61629;1.78804;-0.0774275;-4.43627;0.7;0.7
0.870606;-1.82072;2.01816;-0.00414649;-0.237576;0.7;0.7
0.847971;-1.77237;1.96478;-0.000221971;-0.012718;0.7;0.7
0.978071;-1.85752;2.09928;-0.0384087;-2.20065;0.7;0.7
0.961639;-1.77416;2.01801;-0.0120409;-0.689894;0.7;0.7
1.05181;-1.45834;1.79807;-0.128139;-7.34185;0.7;0.7
0.748827;-2.14897;2.2757;0.289539;16.5894;0.7;0.7
0.650965;-1.92173;2.02899;0.00869318;0.498082;0.7;0.7
0.634586;-1.87961;1.98384;0.00100758;0.0577298;0.7;0.7
0.473972;-1.87356;1.93258;0.0778196;4.45873;0.7;0.7
0.36363;-2.01225;2.04484;0.0690014;3.95349;0.7;0.7
0.190664;-1.99383;2.00292;0.0834416;4.78085;0.7;0.7
0.0948929;-2.33588;2.33781;0.0547357;3.13612;0.7;0.7
0.0347175;-2.10327;2.10356;0.0240967;1.38064;0.7;0.7
0.117912;-1.93165;1.93525;-0.0444615;-2.54745;0.7;0.7
0.129352;-1.96546;1.96971;-0.00475133;-0.272231;0.7;0.7
0.0785109;-2.02497;2.02649;0.0269658;1.54503;0.7;0.7
0.157363;-2.02706;2.03316;-0.0387239;-2.21872;0.7;0.7
0.135376;-2.08538;2.08977;0.0126501;0.724796;0.7;0.7
0.317345;-2.06244;2.08671;-0.0878459;-5.0332;0.7;0.7
0.309559;-1.94032;1.96486;-0.00553472;-0.317116;0.7;0.7
0.430351;-1.98527;2.03138;-0.0552631;-3.16634;0.7;0.7
0.452741;-1.97087;2.0222;-0.0123292;-0.706413;0.7;0.7
0.38688;-2.10807;2.14328;0.0442952;2.53793;0.7;0.7
0.366657;-1.96895;2.0028;-0.00260705;-0.149373;0.7;0.7
0.308851;-1.96665;1.99076;0.0283392;1.62372;0.7;0.7
0.299019;-2.00951;2.03164;0.00805348;0.46143;0.7;0.7
0.397438;-1.95101;1.99108;-0.0532413;-3.0505;0.7;0.7
0.480047;-1.98629;2.04347;-0.0361744;-2.07264;0.7;0.7
0.619729;-1.81351;1.91648;-0.0921539;-5.28003;0.7;0.7
0.766961;-2.05894;2.19715;-0.0272914;-1.56368;0.7;0.7
0.878947;-1.9743;2.16111;-0.0622713;-3.56788;0.7;0.7
0.675961;-1.81054;1.93261;0.0615291;3.52536;0.7;0.7
0.678908;-1.78836;1.91289;-0.0054988;-0.315058;0.7;0.7
0.71136;-1.85301;1.98486;-0.00372605;-0.213487;0.7;0.7
0.678419;-1.8832;2.00168;0.0207716;1.19012;0.7;0.7
0.542172;-2.08417;2.15354;0.0912774;5.22981;0.7;0.7
0.532725;-1.85097;1.9261;-0.0257381;-1.47469;0.7;0.7
0.674415;-1.69283;1.82223;-0.0988865;-5.66578;0.7;0.7
0.805607;-2.04026;2.19355;0.00305904;0.17527;0.7;0.7
0.898451;-1.97278;2.16774;-0.0512922;-2.93883;0.7;0.7
0.897516;-1.90387;2.10481;-0.0131666;-0.75439;0.7;0.7
0.797771;-1.97634;2.13128;0.0568636;3.25805;0.7;0.7
0.742765;-1.86383;2.00638;0.0044309;0.253872;0.7;0.7
0.881073;-2.00465;2.18973;-0.0348727;-1.99806;0.7;0.7
0.906672;-1.93346;2.13549;-0.0243912;-1.39752;0.7;0.7
0.986881;-1.85461;2.10084;-0.0505242;-2.89483;0.7;0.7
0.930382;-1.76885;1.99861;0.00479926;0.274978;0.7;0.7
1.16905;-1.94523;2.26949;-0.0569259;-3.26161;0.7;0.7
1.12995;-1.77989;2.10827;-0.0245026;-1.40389;0.7;0.7
1.06682;-2.03081;2.29397;0.0819477;4.69526;0.7;0.7
1.24079;-1.68237;2.09044;-0.151773;-8.69597;0.7;0.7
1.10424;-1.58489;1.93163;0.0269428;1.54371;0.7;0.7
1.24069;-1.53158;1.97105;-0.0723256;-4.14395;0.7;0.7
1.28475;-1.63427;2.07881;0.014624;0.837896;0.7;0.7
1.23289;-1.56482;1.99216;-0.00107938;-0.0618441;0.7;0.7
1.39044;-1.62982;2.14235;-0.0389969;-2.23436;0.7;0.7
1.35764;-1.48576;2.01262;-0.0340652;-1.95179;0.7;0.7
1.32744;-1.45535;1.96981;0.000907341;0.0519868;0.7;0.7
1.33577;-1.54892;2.04535;0.0278225;1.59411;0.7;0.7
1.33602;-1.53536;2.03526;-0.00444563;-0.254716;0.7;0.7
1.36039;-1.61813;2.11401;0.0170072;0.97444;0.7;0.7
1.36651;-1.53493;2.05508;-0.0283372;-1.6236;0.7;0.7
1.34124;-1.4538;1.97799;-0.0177328;-1.01601;0.7;0.7
1.27733;-1.50293;1.9724;0.0407177;2.33295;0.7;0.7
1.36026;-1.5415;2.05585;-0.0185913;-1.0652;0.7;0.7
1.50916;-1.4419;2.08726;-0.0851624;-4.87945;0.7;0.7
1.46314;-1.42215;2.04042;0.00858118;0.491666;0.7;0.7
1.34714;-1.3015;1.87315;-0.00302203;-0.173149;0.7;0.7
1.38354;-1.42882;1.9889;0.0333267;1.90948;0.7;0.7
1.50222;-1.48505;2.11235;-0.0218462;-1.25169;0.7;0.7
1.48024;-1.35207;2.0048;-0.0394735;-2.26166;0.7;0.7
1.49616;-1.32932;2.0014;-0.0137581;-0.788282;0.7;0.7
1.60405;-1.41031;2.13587;-0.00520266;-0.298091;0.7;0.7
1.46854;-1.34282;1.98992;0.0194942;1.11693;0.7;0.7
1.52378;-1.57872;2.19414;0.0623935;3.57489;0.7;0.7
1.49717;-1.44643;2.08174;-0.0349414;-2.00199;0.7;0.7
1.36695;-1.36383;1.93095;0.0160913;0.921966;0.7;0.7
1.46928;-1.40759;2.03472;-0.0202952;-1.16283;0.7;0.7
1.4988;-1.35208;2.01855;-0.0299793;-1.71769;0.7;0.7
1.39676;-1.56003;2.09396;0.106581;6.10666;0.7;0.7
1.19255;-1.41889;1.85349;0.0312916;1.79287;0.7;0.7
1.28587;-1.54994;2.0139;0.00639652;0.366493;0.7;0.7
1.16822;-1.77078;2.12141;0.109369;6.26639;0.7;0.7
1.192;-1.57165;1.97254;-0.0657018;-3.76444;0.7;0.7
1.0257;-1.54026;1.85053;0.0613881;3.51728;0.7;0.7
1.15137;-1.81969;2.15335;0.0233526;1.338;0.7;0.7
1.09448;-1.67092;1.99747;-0.0157524;-0.902547;0.7;0.7
0.910385;-1.8424;2.05505;0.120951;6.92996;0.7;0.7
1.13238;-1.67387;2.02093;-0.135842;-7.78316;0.7;0.7
1.33906;-1.70313;2.1665;-0.0715085;-4.09714;0.7;0.7
1.18857;-1.54594;1.95003;0.0108426;0.621234;0.7;0.7
