#1 AntVel X	#2 AntVel Y	#3 Speed	#4 Turning Angle Rad		#5 Turning Angle Deg	#6 Detected Phero Left	#7 Detected Phero Right	
-1.43075;1.27539;1.91668;0.00953873;0.546529;0.7;0.7
-1.47314;1.32205;1.97938;0.00334772;0.19181;0.7;0.7
-1.6411;0.795311;1.82366;-0.28013;-16.0503;0.7;0.7
-1.92781;0.67245;2.04172;-0.115648;-6.62613;0.7;0.7
-1.9385;0.640688;2.04163;-0.0164148;-0.940501;0.7;0.7
-1.80229;0.456358;1.85917;-0.0712071;-4.07987;0.7;0.7
-1.98217;0.426963;2.02763;-0.0358373;-2.05332;0.7;0.7
-2.01498;0.395965;2.05351;-0.0181218;-1.0383;0.7;0.7
-2.099;0.315146;2.12253;-0.0450112;-2.57895;0.7;0.7
-1.95772;0.253533;1.97407;-0.0202397;-1.15965;0.7;0.7
-1.80783;0.261837;1.82669;0.0150468;0.862116;0.7;0.7
-2.08039;0.218457;2.09183;-0.0392103;-2.24658;0.7;0.7
-2.42183;0.192027;2.42943;-0.0254997;-1.46102;0.7;0.7
-2.13831;0.331919;2.16392;0.0748712;4.2898;0.7;0.7
-1.98806;0.335573;2.01619;0.0132219;0.757561;0.7;0.7
-1.97214;0.102283;1.9748;-0.1154;-6.61194;0.7;0.7
-1.99329;0.128259;1.99742;0.0124389;0.712697;0.7;0.7
-1.94029;0.165283;1.94732;0.0207228;1.18733;0.7;0.7
-1.98567;0.171387;1.99305;0.00111934;0.0641333;0.7;0.7
-1.97457;0.254434;1.99089;0.042051;2.40934;0.7;0.7
-2.04478;0.201654;2.0547;-0.0298487;-1.71021;0.7;0.7
-1.92842;0.0284148;1.92863;-0.0835672;-4.78805;0.7;0.7
-2.01143;-0.0637448;2.01244;-0.0464144;-2.65935;0.7;0.7
-1.88383;-0.221437;1.8968;-0.0853281;-4.88894;0.7;0.7
-2.03131;-0.249846;2.04662;-0.00537364;-0.307887;0.7;0.7
-1.76399;-0.21529;1.77708;0.000935886;0.0536223;0.7;0.7
-1.96896;-0.0416103;1.9694;0.100317;5.74771;0.7;0.7
-2.02589;0.169867;2.033;0.104782;6.00359;0.7;0.7
-1.93619;0.0943983;1.93849;-0.0349364;-2.00171;0.7;0.7
-2.00564;0.0721492;2.00693;-0.0127583;-0.730999;0.7;0.7
-1.9272;0.0205338;1.92731;-0.0253034;-1.44978;0.7;0.7
-2.21656;-0.0212069;2.21666;-0.0202215;-1.15861;0.7;0.7
-2.0933;0.0919689;2.09532;0.0534739;3.06383;0.7;0.7
-2.06228;0.0685428;2.06342;-0.0106825;-0.612063;0.7;0.7
-2.05145;-0.235781;2.06495;-0.147656;-8.46005;0.7;0.7
-1.79375;-0.239744;1.8097;-0.0184361;-1.05631;0.7;0.7
-2.07034;-0.29813;2.09169;-0.0101501;-0.581557;0.7;0.7
-2.04309;-0.214767;2.05435;0.0382836;2.19349;0.7;0.7
-2.25924;-0.329017;2.28307;-0.039881;-2.28502;0.7;0.7
-1.981;-0.302257;2.00392;-0.00679508;-0.38933;0.7;0.7
-2.13772;-0.169946;2.14447;0.0720782;4.12978;0.7;0.7
-1.99061;-0.145042;1.99589;0.00659757;0.378013;0.7;0.7
-1.83316;-0.154847;1.83969;-0.0115352;-0.660917;0.7;0.7
-2.19355;-0.0979867;2.19574;0.0396289;2.27057;0.7;0.7
-1.91426;-0.180577;1.92276;-0.0494136;-2.83119;0.7;0.7
-2.08189;-0.019337;2.08198;0.0847664;4.85676;0.7;0.7
-2.00737;-0.0248045;2.00752;-0.00306822;-0.175796;0.7;0.7
-1.90709;-0.0994042;1.90968;-0.0397202;-2.2758;0.7;0.7
-1.93662;-0.11384;1.93997;-0.00663872;-0.38037;0.7;0.7
-1.87255;-0.289117;1.89474;-0.0944729;-5.4129;0.7;0.7
-2.0845;-0.336816;2.11154;-0.00700842;-0.401553;0.7;0.7
-2.02454;-0.17534;2.03212;0.0738046;4.22869;0.7;0.7
-1.85492;-0.187541;1.86437;-0.0143703;-0.82336;0.7;0.7
-1.8016;-0.18766;1.81135;-0.00302616;-0.173386;0.7;0.7
-1.95601;-0.304523;1.97957;-0.0506576;-2.90246;0.7;0.7
-1.69526;-0.237014;1.71175;0.0155364;0.89017;0.7;0.7
-1.99459;-0.267263;2.01241;0.00570881;0.327091;0.7;0.7
-1.96124;-0.216398;1.97314;0.0233075;1.33542;0.7;0.7
-1.98471;-0.225994;1.99754;-0.0034857;-0.199716;0.7;0.7
-2.03326;-0.254041;2.04907;-0.0109196;-0.625649;0.7;0.7
-2.03007;-0.133752;2.03447;0.0585078;3.35225;0.7;0.7
-2.12652;-0.159448;2.13249;-0.00904989;-0.51852;0.7;0.7
-1.87966;-0.149853;1.88563;-0.00471421;-0.270105;0.7;0.7
-1.98852;-0.20072;1.99862;-0.021044;-1.20573;0.7;0.7
-1.94801;-0.154603;1.95414;0.0214001;1.22614;0.7;0.7
-2.09188;-0.130352;2.09593;0.0169655;0.972051;0.7;0.7
-1.9497;-0.12702;1.95383;-0.00282317;-0.161755;0.7;0.7
-1.89598;-0.0408258;1.89642;0.0435269;2.49391;0.7;0.7
-1.94443;-0.0538964;1.94518;-0.00618172;-0.354187;0.7;0.7
-1.914;-0.155135;1.92027;-0.0531651;-3.04613;0.7;0.7
-1.83067;-0.170505;1.83859;-0.0119939;-0.687197;0.7;0.7
-2.02093;-0.187441;2.0296;0.000385001;0.022059;0.7;0.7
-1.89666;-0.143054;1.90205;0.0172036;0.985693;0.7;0.7
-2.11064;-0.11572;2.11381;0.0205093;1.17509;0.7;0.7
-1.91038;-0.218946;1.92289;-0.0593382;-3.39983;0.7;0.7
-2.03381;-0.0552293;2.03456;0.0869615;4.98253;0.7;0.7
-2.01736;-0.0651342;2.01841;-0.00512664;-0.293735;0.7;0.7
-1.95062;-0.0342405;1.95092;0.0147238;0.843612;0.7;0.7
-1.81997;-0.0237904;1.82013;0.0044807;0.256725;0.7;0.7
-1.99001;-0.0105657;1.99004;0.00776177;0.444717;0.7;0.7
-2.0674;0.0267542;2.06757;0.0182496;1.04562;0.7;0.7
-1.76149;-0.170282;1.7697;-0.10931;-6.26302;0.7;0.7
-1.96627;-0.373838;2.0015;-0.0915128;-5.2433;0.7;0.7
-2.14226;-0.367246;2.17351;0.0181039;1.03727;0.7;0.7
-2.13645;-0.44606;2.18252;-0.0360501;-2.06552;0.7;0.7
-2.00613;-0.564418;2.08401;-0.0684284;-3.92066;0.7;0.7
-1.9328;-0.552246;2.01014;-0.00405085;-0.232097;0.7;0.7
-2.07144;-0.476087;2.12544;0.0523971;3.00213;0.7;0.7
-1.91275;-0.505959;1.97854;-0.0326855;-1.87274;0.7;0.7
-2.05634;-0.332236;2.08301;0.0984143;5.63872;0.7;0.7
-2.26816;-0.452841;2.31292;-0.0368778;-2.11294;0.7;0.7
-1.96777;-0.496782;2.02951;-0.0502313;-2.87804;0.7;0.7
-1.9455;-0.525296;2.01517;-0.0164253;-0.941101;0.7;0.7
-1.89193;-0.652472;2.00128;-0.068382;-3.918;0.7;0.7
-1.60198;-0.557332;1.69616;-0.00270568;-0.155024;0.7;0.7
-1.89678;-0.646887;2.00406;0.0061305;0.351252;0.7;0.7
-1.8842;-0.61536;1.98214;0.0130059;0.745183;0.7;0.7
-1.83978;-0.764076;1.99214;-0.077964;-4.46701;0.7;0.7
-1.82734;-1.00514;2.08554;-0.109256;-6.25991;0.7;0.7
-1.82231;-0.985491;2.07172;0.00714258;0.40924;0.7;0.7
-1.73235;-0.929199;1.96582;0.0034198;0.19594;0.7;0.7
-1.72449;-0.978132;1.98258;-0.0236264;-1.35369;0.7;0.7
-1.87503;-0.997873;2.12403;0.026886;1.54045;0.7;0.7
-1.75425;-0.933166;1.98701;0.00018949;0.010857;0.7;0.7
-1.72364;-0.941661;1.96409;-0.0111386;-0.638196;0.7;0.7
-1.69225;-0.776001;1.86169;0.0700636;4.01435;0.7;0.7
-2.0712;-1.05327;2.32363;-0.0404958;-2.32024;0.7;0.7
-1.90962;-1.19899;2.25482;-0.0902131;-5.16883;0.7;0.7
-1.54823;-1.25282;1.99162;-0.119661;-6.85609;0.7;0.7
-1.66101;-1.10699;1.99609;0.0924662;5.29792;0.7;0.7
-1.65445;-1.09183;1.98225;0.00452985;0.259541;0.7;0.7
-1.78932;-1.06323;2.08137;0.0471757;2.70297;0.7;0.7
-1.61983;-1.1028;1.9596;-0.0615819;-3.52838;0.7;0.7
-1.57019;-1.24454;2.00359;-0.0724804;-4.15282;0.7;0.7
-1.48035;-1.16718;1.88514;0.00255784;0.146553;0.7;0.7
-1.54791;-1.04057;1.86516;0.0758022;4.34314;0.7;0.7
-1.75169;-1.32728;2.19775;-0.0565687;-3.24115;0.7;0.7
-1.59947;-1.29618;2.05874;-0.0326177;-1.86885;0.7;0.7
-1.4878;-1.3349;1.99888;-0.0502441;-2.87878;0.7;0.7
-1.51394;-1.35303;2.03044;0.00195264;0.111878;0.7;0.7
-1.34512;-1.35907;1.91218;-0.0612243;-3.50789;0.7;0.7
-1.45308;-1.61135;2.16977;-0.0464451;-2.66111;0.7;0.7
-1.3439;-1.65668;2.13322;-0.0522618;-2.99438;0.7;0.7
-1.26459;-1.62178;2.05654;-0.0192611;-1.10358;0.7;0.7
-1.10043;-1.57788;1.92371;-0.05329;-3.05329;0.7;0.7
-1.17108;-1.74067;2.09794;-0.0167647;-0.960548;0.7;0.7
-1.15546;-1.70186;2.05704;0.00422999;0.242361;0.7;0.7
-1.17401;-1.66203;2.03485;0.0185413;1.06234;0.7;0.7
-1.16306;-1.51507;1.91001;0.0397192;2.27574;0.7;0.7
-1.11015;-1.63844;1.97913;-0.059199;-3.39185;0.7;0.7
-0.874949;-1.50473;1.74062;-0.0688304;-3.94369;0.7;0.7
-1.00152;-1.8143;2.07237;-0.0222916;-1.27721;0.7;0.7
-0.966988;-1.80551;2.04815;-0.0126866;-0.726887;0.7;0.7
-0.612314;-1.56324;1.67888;-0.118375;-6.78237;0.7;0.7
-0.882337;-2.02046;2.20472;0.0384122;2.20086;0.7;0.7
-0.782205;-1.93376;2.08597;-0.0273607;-1.56766;0.7;0.7
-0.730752;-1.6663;1.81949;0.0289117;1.65652;0.7;0.7
-0.775945;-1.70418;1.87252;0.013977;0.800821;0.7;0.7
-0.825521;-1.82431;2.0024;-0.00232761;-0.133362;0.7;0.7
-0.791913;-1.59436;1.7802;0.0360623;2.06622;0.7;0.7
-0.620722;-1.90333;2.00199;-0.145753;-8.35101;0.7;0.7
-0.580022;-1.84073;1.92995;-0.0099943;-0.572631;0.7;0.7
-0.66419;-1.9891;2.09706;0.0170193;0.975132;0.7;0.7
-0.64849;-1.90713;2.01437;0.00549546;0.314866;0.7;0.7
-0.756067;-1.76971;1.92445;0.0759863;4.35369;0.7;0.7
-0.731275;-1.96591;2.09752;-0.0476383;-2.72947;0.7;0.7
-0.75317;-2.04789;2.182;-0.00369375;-0.211636;0.7;0.7
-0.594225;-1.76663;1.86389;-0.0279518;-1.60152;0.7;0.7
-0.636296;-1.87993;1.9847;0.00189163;0.108382;0.7;0.7
-0.746514;-1.94572;2.08401;0.0399859;2.29102;0.7;0.7
-0.648075;-1.79814;1.91136;-0.0204268;-1.17037;0.7;0.7
-0.522817;-1.81992;1.89353;-0.0661813;-3.79191;0.7;0.7
-0.820756;-1.97502;2.13877;0.114114;6.53823;0.7;0.7
-0.531102;-1.87158;1.94548;-0.117352;-6.72379;0.7;0.7
-0.528526;-1.95442;2.02462;-0.0123943;-0.710139;0.7;0.7
-0.456975;-1.93485;1.98808;-0.0321774;-1.84363;0.7;0.7
-0.411881;-1.93231;1.97572;-0.0219196;-1.2559;0.7;0.7
-0.392963;-1.93031;1.9699;-0.00918063;-0.526011;0.7;0.7
-0.375688;-1.95086;1.9867;-0.010584;-0.606421;0.7;0.7
-0.306378;-1.90621;1.93067;-0.0308832;-1.76948;0.7;0.7
-0.252961;-1.80542;1.82306;-0.0201582;-1.15498;0.7;0.7
-0.255947;-1.82758;1.84541;-6.31905e-05;-0.00362055;0.7;0.7
-0.297706;-1.95768;1.98018;0.0117728;0.674532;0.7;0.7
-0.469608;-1.98524;2.04003;0.0813643;4.66183;0.7;0.7
-0.317475;-1.593;1.62433;-0.0355634;-2.03763;0.7;0.7
-0.385491;-1.9697;2.00707;-0.00344851;-0.197585;0.7;0.7
-0.421263;-1.95092;1.99588;0.0193982;1.11143;0.7;0.7
-0.410151;-2.0609;2.10131;-0.0162167;-0.92915;0.7;0.7
-0.283791;-1.85898;1.88051;-0.0449589;-2.57595;0.7;0.7
-0.276931;-1.9809;2.00017;-0.0125901;-0.721357;0.7;0.7
-0.299777;-2.01642;2.03858;0.00868683;0.497719;0.7;0.7
-0.243951;-1.87054;1.88638;-0.017901;-1.02565;0.7;0.7
-0.251324;-2.04683;2.0622;-0.00751055;-0.430323;0.7;0.7
-0.356178;-1.79062;1.8257;0.0741755;4.24994;0.7;0.7
-0.412093;-1.969;2.01166;0.00996141;0.570746;0.7;0.7
-0.331513;-2.18741;2.21239;-0.0559019;-3.20294;0.7;0.7
-0.436556;-1.91052;1.95976;0.0742341;4.2533;0.7;0.7
-0.377829;-1.83047;1.86906;-0.0210918;-1.20847;0.7;0.7
-0.133777;-2.03979;2.04417;-0.138062;-7.91039;0.7;0.7
-0.501697;-2.00546;2.06726;0.179645;10.2929;0.7;0.7
-0.310462;-1.99767;2.02165;-0.0909564;-5.21142;0.7;0.7
-0.310536;-1.91775;1.94273;0.00635497;0.364113;0.7;0.7
-0.414698;-1.92463;1.9688;0.0516907;2.96166;0.7;0.7
-0.419424;-1.95668;2.00113;-0.00106508;-0.0610248;0.7;0.7
-0.542324;-1.89226;1.96844;0.06796;3.89382;0.7;0.7
-0.434238;-2.07563;2.12056;-0.0728856;-4.17604;0.7;0.7
-0.499097;-1.9793;2.04126;0.0407755;2.33626;0.7;0.7
-0.598556;-1.77289;1.8712;0.0785909;4.50293;0.7;0.7
-0.628621;-1.90431;2.00538;-0.00675792;-0.3872;0.7;0.7
-0.579694;-1.92923;2.01444;-0.0269458;-1.54388;0.7;0.7
-0.445701;-1.92296;1.97394;-0.0641395;-3.67492;0.7;0.7
-0.487654;-1.93846;1.99886;0.0186965;1.07123;0.7;0.7
-0.600845;-1.89649;1.98939;0.0603618;3.45848;0.7;0.7
-0.577631;-1.91806;2.00315;-0.0143006;-0.819365;0.7;0.7
-0.672362;-1.82646;1.94628;0.0602137;3.44999;0.7;0.7
-0.632701;-1.91443;2.01627;-0.0335384;-1.92161;0.7;0.7
-0.702465;-1.88639;2.01294;0.0372875;2.13641;0.7;0.7
-0.799535;-1.81149;1.98009;0.0591749;3.39047;0.7;0.7
-0.841895;-1.75243;1.94417;0.032206;1.84527;0.7;0.7
-0.824226;-1.93713;2.10519;-0.0455737;-2.61118;0.7;0.7
-0.821888;-1.83437;2.01007;0.0189469;1.08558;0.7;0.7
-0.853187;-1.76119;1.95697;0.0298893;1.71253;0.7;0.7
-0.818382;-1.86914;2.04045;-0.0384263;-2.20166;0.7;0.7
-0.828;-1.81192;1.99215;0.015943;0.913467;0.7;0.7
-0.782698;-1.73833;1.90641;-0.0055687;-0.319063;0.7;0.7
-0.827032;-1.98096;2.14667;-0.0275759;-1.57998;0.7;0.7
-0.703451;-1.87932;2.00666;-0.0373257;-2.13861;0.7;0.7
-0.810433;-1.89347;2.05962;0.0462543;2.65018;0.7;0.7
-0.722065;-1.80208;1.94136;-0.0233261;-1.33649;0.7;0.7
-0.730712;-1.86029;1.99865;-0.00681508;-0.390475;0.7;0.7
-0.653721;-1.94438;2.05133;-0.0499423;-2.86148;0.7;0.7
-0.704085;-1.81606;1.94777;0.0455201;2.60811;0.7;0.7
-0.772931;-1.91202;2.06234;0.0143054;0.819638;0.7;0.7
-0.925492;-1.98382;2.18908;0.052344;2.99909;0.7;0.7
-0.883555;-1.8686;2.06697;0.00517872;0.296719;0.7;0.7
-0.866762;-1.81421;2.01063;0.00401434;0.230005;0.7;0.7
-0.894846;-1.77212;1.98524;0.0219052;1.25507;0.7;0.7
-1.00533;-1.83453;2.09193;0.0337045;1.93112;0.7;0.7
-0.935061;-1.84764;2.07077;-0.0328071;-1.87971;0.7;0.7
-0.878341;-1.80156;2.00427;-0.0148691;-0.851938;0.7;0.7
-0.914697;-1.909;2.11683;-0.0068055;-0.389926;0.7;0.7
-0.827401;-1.91575;2.08679;-0.0391332;-2.24217;0.7;0.7
-0.700093;-1.78976;1.92181;-0.0348269;-1.99544;0.7;0.7
-0.61651;-1.81242;1.91441;-0.0449877;-2.57761;0.7;0.7
-0.608532;-1.89664;1.99188;-0.0174096;-0.997498;0.7;0.7
-0.578639;-1.96552;2.04892;-0.0241643;-1.38451;0.7;0.7
-0.732019;-1.85347;1.99279;0.0898345;5.14714;0.7;0.7
-0.752499;-1.82312;1.97231;0.0153118;0.877302;0.7;0.7
-0.77129;-1.88035;2.03239;-0.00219756;-0.125911;0.7;0.7
-0.661316;-1.71739;1.84031;-0.0216841;-1.24241;0.7;0.7
-0.438059;-1.92093;1.97025;-0.14336;-8.21394;0.7;0.7
-0.373741;-1.8328;1.87052;-0.0230512;-1.32073;0.7;0.7
-0.425622;-1.94532;1.99134;0.0142389;0.815827;0.7;0.7
-0.486599;-1.8493;1.91225;0.0418953;2.40043;0.7;0.7
-0.460616;-2.00235;2.05464;-0.0311896;-1.78703;0.7;0.7
-0.56319;-1.85676;1.9403;0.0683938;3.91868;0.7;0.7
-0.453978;-1.95921;2.01112;-0.0668018;-3.82746;0.7;0.7
-0.470485;-1.98537;2.04036;0.00498684;0.285725;0.7;0.7
-0.375527;-1.77543;1.81471;-0.0242417;-1.38895;0.7;0.7
-0.204551;-2.09031;2.10029;-0.110895;-6.35384;0.7;0.7
-0.172329;-1.97272;1.98024;-0.0104115;-0.596533;0.7;0.7
-0.0822466;-2.27037;2.27186;-0.0509243;-2.91775;0.7;0.7
-0.0619608;-2.00167;2.00263;-0.00526562;-0.301698;0.7;0.7
-0.240389;-1.9504;1.96515;0.0916881;5.25334;0.7;0.7
-0.115812;-1.92804;1.93151;-0.0626375;-3.58886;0.7;0.7
0.0619159;-1.95925;1.96022;-0.0915866;-5.24753;0.7;0.7
-0.0843577;-1.7066;1.70869;0.0809813;4.63989;0.7;0.7
-0.102891;-2.00139;2.00404;0.00197456;0.113134;0.7;0.7
-0.143785;-1.89628;1.90173;0.0243151;1.39315;0.7;0.7
-0.217113;-1.96265;1.97462;0.0344948;1.9764;0.7;0.7
-0.268973;-2.03764;2.05531;0.021069;1.20716;0.7;0.7
-0.495196;-2.02475;2.08443;0.108619;6.22341;0.7;0.7
-0.379661;-2.03789;2.07295;-0.0556731;-3.18984;0.7;0.7
-0.533421;-2.17691;2.24131;0.0561113;3.21494;0.7;0.7
-0.532772;-2.03452;2.10312;0.0158142;0.906085;0.7;0.7
-0.499768;-1.91683;1.98091;-0.00106667;-0.061116;0.7;0.7
-0.451269;-1.96634;2.01745;-0.029457;-1.68776;0.7;0.7
-0.448905;-1.96827;2.01881;-0.00135514;-0.0776439;0.7;0.7
-0.47438;-2.07522;2.12875;0.000494951;0.0283586;0.7;0.7
-0.271018;-2.19857;2.21521;-0.102079;-5.84871;0.7;0.7
-0.185457;-2.05785;2.06619;-0.0327727;-1.87774;0.7;0.7
-0.06299;-1.94357;1.94459;-0.0574808;-3.29341;0.7;0.7
-0.049497;-1.97424;1.97486;-0.00733189;-0.420087;0.7;0.7
-0.0095412;-2.01185;2.01188;-0.0203237;-1.16446;0.7;0.7
0.154736;-1.95225;1.95838;-0.0838374;-4.80353;0.7;0.7
0.187403;-1.9618;1.97073;-0.0161422;-0.924882;0.7;0.7
0.18311;-2.01127;2.01959;0.00444544;0.254705;0.7;0.7
0.209908;-2.09184;2.10234;-0.00921953;-0.52824;0.7;0.7
0.362874;-2.26397;2.29287;-0.058919;-3.37581;0.7;0.7
0.229042;-2.01025;2.02326;0.0454823;2.60595;0.7;0.7
0.222615;-1.98211;1.99457;0.00160453;0.0919328;0.7;0.7
0.251923;-1.96029;1.97641;-0.0159691;-0.914962;0.7;0.7
0.314248;-2.03555;2.05966;-0.025358;-1.45291;0.7;0.7
0.238199;-1.99449;2.00867;0.0343051;1.96553;0.7;0.7
0.0891239;-2.09609;2.09799;0.0763721;4.3758;0.7;0.7
0.208821;-1.86375;1.87542;-0.0690844;-3.95825;0.7;0.7
0.29526;-1.84973;1.87315;-0.04671;-2.67629;0.7;0.7
0.578971;-1.94657;2.03085;-0.13081;-7.49486;0.7;0.7
0.58904;-1.92538;2.01347;-0.00779503;-0.446622;0.7;0.7
0.623896;-1.88086;1.98164;-0.0233934;-1.34034;0.7;0.7
0.644727;-1.9037;2.00991;-0.00626047;-0.358699;0.7;0.7
0.575131;-1.86597;1.95259;0.0275652;1.57937;0.7;0.7
0.584312;-1.89466;1.98271;-0.000163593;-0.00937319;0.7;0.7
0.410394;-2.08256;2.12261;0.104576;5.99178;0.7;0.7
0.240494;-1.81952;1.83534;0.0631561;3.61858;0.7;0.7
0.0683446;-1.95341;1.95461;0.0964398;5.52559;0.7;0.7
0.012717;-1.87403;1.87407;0.0281872;1.61501;0.7;0.7
0.0762596;-1.91685;1.91837;-0.032977;-1.88944;0.7;0.7
0.0690588;-2.07631;2.07746;0.00651472;0.373266;0.7;0.7
-0.0729248;-1.95009;1.95146;0.0706262;4.04658;0.7;0.7
-0.0222898;-2.13927;2.13938;-0.0269591;-1.54464;0.7;0.7
-0.117233;-1.85225;1.85595;0.0527888;3.02458;0.7;0.7
-0.0108901;-1.99282;1.99285;-0.0577432;-3.30844;0.7;0.7
-0.129328;-2.16729;2.17115;0.0541371;3.10183;0.7;0.7
-0.0828148;-1.84729;1.84915;-0.0148013;-0.84805;0.7;0.7
-0.219906;-2.08218;2.09376;0.0604231;3.46199;0.7;0.7
-0.0364472;-2.11141;2.11172;-0.0879632;-5.03992;0.7;0.7
0.00147194;-2.05793;2.05793;-0.0179756;-1.02993;0.7;0.7
0.103076;-1.99872;2.00137;-0.0508102;-2.91121;0.7;0.7
-0.333622;-1.79507;1.82581;0.235283;13.4807;0.7;0.7
-0.358748;-1.95897;1.99155;-0.00263429;-0.150934;0.7;0.7
-0.356389;-1.95831;1.99047;-0.00110559;-0.0633459;0.7;0.7
-0.210388;-1.98579;1.9969;-0.0744647;-4.26651;0.7;0.7
-0.155466;-1.94317;1.94938;-0.0257172;-1.47349;0.7;0.7
-0.160244;-2.00522;2.01161;-9.18938e-05;-0.00526513;0.7;0.7
-0.184079;-1.98022;1.98875;0.0129483;0.741884;0.7;0.7
0.0311111;-2.02562;2.02585;-0.10805;-6.19082;0.7;0.7
0.237987;-1.94914;1.96361;-0.106139;-6.08134;0.7;0.7
0.21542;-2.03334;2.04472;0.0159468;0.913684;0.7;0.7
0.238298;-2.08201;2.0956;-0.00840943;-0.481825;0.7;0.7
0.202358;-2.00964;2.0198;0.013604;0.779454;0.7;0.7
0.294943;-2.18015;2.20001;-0.0341133;-1.95455;0.7;0.7
-0.0706191;-1.9062;1.9075;0.171499;9.82618;0.7;0.7
-0.0769918;-2.14055;2.14193;-0.00107739;-0.0617298;0.7;0.7
-0.060758;-2.03516;2.03607;-0.00610755;-0.349937;0.7;0.7
-0.026541;-1.96771;1.96789;-0.0163578;-0.937235;0.7;0.7
-0.120274;-1.95355;1.95725;0.0480018;2.7503;0.7;0.7
-0.146133;-1.99403;1.99938;0.0116654;0.668377;0.7;0.7
-0.150238;-1.87206;1.87808;0.0069265;0.396859;0.7;0.7
-0.123065;-1.91388;1.91783;-0.0158684;-0.909193;0.7;0.7
-0.129797;-1.97447;1.97873;0.00143058;0.0819664;0.7;0.7
-0.12928;-1.98375;1.98795;-0.000565601;-0.0324065;0.7;0.7
-0.0472785;-1.92054;1.92112;-0.0404653;-2.31849;0.7;0.7
-0.140576;-2.03472;2.03957;0.0443669;2.54204;0.7;0.7
-0.010834;-1.80823;1.80827;-0.0629878;-3.60893;0.7;0.7
-0.201752;-2.18608;2.19537;0.0860376;4.92959;0.7;0.7
-0.184441;-1.99459;2.0031;0.00017939;0.0102783;0.7;0.7
-0.254752;-1.98971;2.00595;0.0351334;2.01299;0.7;0.7
-0.292009;-1.97467;1.99615;0.0194712;1.11562;0.7;0.7
-0.469978;-1.78575;1.84655;0.110534;6.33316;0.7;0.7
-0.540633;-1.94148;2.01535;0.0142366;0.815696;0.7;0.7
-0.528684;-1.99009;2.05912;-0.011923;-0.683135;0.7;0.7
-0.432042;-2.09483;2.13892;-0.0562707;-3.22407;0.7;0.7
-0.362172;-1.93611;1.96969;-0.0184655;-1.05799;0.7;0.7
-0.428791;-2.0176;2.06267;0.0244845;1.40286;0.7;0.7
-0.485884;-1.95312;2.01265;0.0344141;1.97178;0.7;0.7
-0.444695;-2.1632;2.20844;-0.0410753;-2.35344;0.7;0.7
-0.241529;-2.04411;2.05833;-0.0851349;-4.87787;0.7;0.7
-0.219984;-1.97562;1.98783;-0.00672034;-0.385047;0.7;0.7
-0.287181;-1.74636;1.76982;0.0520937;2.98475;0.7;0.7
-0.251661;-2.32683;2.3404;-0.0552494;-3.16556;0.7;0.7
-0.249479;-1.99272;2.00827;0.0168104;0.963164;0.7;0.7
-0.398158;-2.23779;2.27293;0.0515346;2.95272;0.7;0.7
-0.651578;-1.86737;1.97778;0.159637;9.14655;0.7;0.7
-0.825198;-1.84842;2.02426;0.0841646;4.82228;0.7;0.7
-0.834988;-1.84903;2.02882;0.00428541;0.245536;0.7;0.7
-0.701096;-1.73596;1.87219;-0.0403348;-2.31101;0.7;0.7
-0.842183;-1.86913;2.05011;0.0394961;2.26296;0.7;0.7
-0.75483;-1.70459;1.86424;-0.00646251;-0.370274;0.7;0.7
-0.599129;-1.98364;2.07214;-0.123545;-7.0786;0.7;0.7
-0.655957;-1.92501;2.03371;0.0350913;2.01058;0.7;0.7
-0.576541;-2.02588;2.10633;-0.0511571;-2.93109;0.7;0.7
-0.388985;-1.7417;1.78461;-0.0575274;-3.29608;0.7;0.7
-0.485014;-2.02475;2.08203;0.0153831;0.881387;0.7;0.7
-0.432758;-1.9422;1.98983;-0.015876;-0.909626;0.7;0.7
-0.419187;-1.97146;2.01554;-0.00973031;-0.557506;0.7;0.7
-0.636124;-1.70738;1.82203;0.147135;8.43022;0.7;0.7
-0.38337;-1.71216;1.75456;-0.136366;-7.81317;0.7;0.7
-0.419451;-1.93581;1.98074;-0.00689549;-0.395083;0.7;0.7
-0.586913;-2.01549;2.09921;0.0699838;4.00978;0.7;0.7
-0.569238;-1.89695;1.98052;0.00816556;0.467852;0.7;0.7
-0.618169;-1.98128;2.07547;0.0109041;0.624761;0.7;0.7
-0.745853;-2.06813;2.19851;0.0436894;2.50322;0.7;0.7
-0.679123;-1.88108;1.99991;0.000342166;0.0196047;0.7;0.7
-0.676625;-1.89995;2.01684;-0.00434249;-0.248806;0.7;0.7
-0.676185;-1.90681;2.02315;-0.00134268;-0.0769301;0.7;0.7
-0.666477;-1.83504;1.95232;0.00759991;0.435443;0.7;0.7
-0.738874;-1.80425;1.94968;0.0403042;2.30926;0.7;0.7
-0.725085;-1.85979;1.99614;-0.0169378;-0.970463;0.7;0.7
-0.730769;-1.87301;2.01052;0.000245087;0.0140425;0.7;0.7
-0.838728;-1.97739;2.14792;0.0291654;1.67105;0.7;0.7
-0.86876;-1.76423;1.96653;0.0564164;3.23242;0.7;0.7
-0.915341;-1.93584;2.14133;-0.0158891;-0.910378;0.7;0.7
-0.792554;-1.68135;1.85878;-0.0011945;-0.0684397;0.7;0.7
-1.03227;-1.78245;2.05979;0.0844419;4.83816;0.7;0.7
-1.14263;-1.68621;2.03689;0.070621;4.04629;0.7;0.7
-1.05035;-1.47778;1.81303;0.0223592;1.28109;0.7;0.7
-1.24173;-1.73569;2.13413;0.00308047;0.176498;0.7;0.7
-1.11199;-1.58571;1.93675;-0.00942178;-0.539828;0.7;0.7
-1.12669;-1.55178;1.91767;0.0164317;0.941464;0.7;0.7
-1.21399;-1.63234;2.03428;0.0114607;0.656649;0.7;0.7
-1.19113;-1.64765;2.03311;-0.013517;-0.774467;0.7;0.7
-1.07959;-1.78943;2.08988;-0.0830958;-4.76104;0.7;0.7
-1.05235;-1.74393;2.03684;8.89032e-05;0.00509378;0.7;0.7
-1.04287;-1.62518;1.93101;0.0275778;1.58009;0.7;0.7
-1.0411;-1.6307;1.9347;-0.00231563;-0.132676;0.7;0.7
-1.06678;-1.61335;1.93414;0.016022;0.917994;0.7;0.7
-1.08323;-1.38625;1.75928;0.0790795;4.53092;0.7;0.7
-1.13964;-1.56111;1.93283;-0.0327108;-1.87419;0.7;0.7
-1.17921;-1.61572;2.00027;-0.000121703;-0.00697308;0.7;0.7
-1.26745;-1.59918;2.04053;0.0397185;2.2757;0.7;0.7
-1.10054;-1.37263;1.75935;0.00563427;0.32282;0.7;0.7
-1.09559;-1.56393;1.90949;-0.0647387;-3.70925;0.7;0.7
-1.07546;-1.51287;1.85618;0.0069028;0.395501;0.7;0.7
-1.32155;-1.64643;2.11121;0.0583821;3.34505;0.7;0.7
-1.17439;-1.57572;1.96522;-0.0358844;-2.05603;0.7;0.7
-1.19374;-1.47094;1.89438;0.0412577;2.36389;0.7;0.7
-1.24092;-1.4785;1.93024;0.0165124;0.946089;0.7;0.7
-1.15518;-1.38952;1.80699;-0.00469047;-0.268744;0.7;0.7
-0.912064;-1.437;1.70201;-0.128021;-7.33508;0.7;0.7
-1.09202;-1.68467;2.00764;0.0095711;0.548384;0.7;0.7
-0.929545;-1.77913;2.00733;-0.093653;-5.36592;0.7;0.7
-0.849432;-1.78205;1.97415;-0.0366611;-2.10052;0.7;0.7
-0.920889;-1.78891;2.01202;0.0305973;1.7531;0.7;0.7
-1.04227;-1.74106;2.02919;0.0640233;3.66827;0.7;0.7
-1.15435;-1.47687;1.87448;0.12401;7.10527;0.7;0.7
-1.25894;-1.34046;1.83896;0.0906168;5.19196;0.7;0.7
-1.30207;-1.54799;2.02279;-0.0547226;-3.13537;0.7;0.7
-1.26339;-1.59084;2.03148;-0.0281512;-1.61295;0.7;0.7
-1.24653;-1.56386;1.99987;0.00178778;0.102432;0.7;0.7
-1.13288;-1.51644;1.89288;-0.0313442;-1.79589;0.7;0.7
-1.33377;-1.46183;1.97886;0.0980026;5.61514;0.7;0.7
-1.35579;-1.35274;1.91522;0.0469054;2.68748;0.7;0.7
-1.72904;-1.35636;2.19757;0.119078;6.82268;0.7;0.7
-1.55129;-1.37771;2.07476;-0.0610133;-3.4958;0.7;0.7
-1.50767;-1.31139;1.9982;0.010322;0.59141;0.7;0.7
-1.5113;-1.28449;1.98342;0.0114325;0.655034;0.7;0.7
-1.53322;-1.35733;2.0477;-0.020171;-1.15571;0.7;0.7
-1.28887;-1.22176;1.77591;-0.0340524;-1.95106;0.7;0.7
-1.22577;-1.46628;1.91115;-0.115826;-6.63636;0.7;0.7
-1.32074;-1.57353;2.05435;0.00197894;0.113385;0.7;0.7
-1.21822;-1.59509;2.00708;-0.0460455;-2.63821;0.7;0.7
-1.23901;-1.58571;2.01236;0.0110417;0.632643;0.7;0.7
-1.16173;-1.60723;1.98313;-0.0373966;-2.14267;0.7;0.7
-1.10786;-1.7285;2.05307;-0.0558954;-3.20257;0.7;0.7
-1.14275;-1.87104;2.19241;-0.021687;-1.24258;0.7;0.7
-0.90557;-1.76199;1.98108;-0.0735488;-4.21404;0.7;0.7
-1.02001;-1.74392;2.02031;0.0544942;3.12228;0.7;0.7
-1.01707;-1.7464;2.02097;-0.00187544;-0.107455;0.7;0.7
-0.911694;-1.65368;1.88834;-0.0235115;-1.34711;0.7;0.7
-1.00588;-1.67284;1.95196;0.0375241;2.14997;0.7;0.7
-1.06676;-1.67842;1.98874;0.0247923;1.4205;0.7;0.7
-1.09611;-1.36998;1.75451;0.108632;6.22416;0.7;0.7
-1.42099;-1.62419;2.15806;0.0439677;2.51916;0.7;0.7
-1.18845;-1.74825;2.11396;-0.121732;-6.97472;0.7;0.7
-1.03571;-1.58828;1.89613;-0.0191877;-1.09937;0.7;0.7
-1.02302;-1.64079;1.93359;-0.0203333;-1.16501;0.7;0.7
-1.0572;-1.69846;2.0006;-0.000754302;-0.0432183;0.7;0.7
-1.10574;-1.68702;2.01711;0.0234307;1.34248;0.7;0.7
-0.894142;-1.59642;1.82977;-0.0696335;-3.9897;0.7;0.7
-0.988853;-1.78115;2.03724;-0.00374944;-0.214827;0.7;0.7
-0.992062;-1.75636;2.01717;0.00735804;0.421585;0.7;0.7
-0.994692;-1.67287;1.94625;0.022275;1.27627;0.7;0.7
-1.05365;-1.57431;1.89437;0.053366;3.05764;0.7;0.7
-1.09131;-1.65233;1.98019;-0.00610526;-0.349806;0.7;0.7
-1.02419;-1.81314;2.08241;-0.069512;-3.98274;0.7;0.7
-0.936822;-1.68884;1.93127;-0.00773431;-0.443144;0.7;0.7
-0.9306;-2.07149;2.27093;-0.0842327;-4.82618;0.7;0.7
-0.80507;-1.87813;2.0434;-0.0172598;-0.988912;0.7;0.7
-0.703978;-1.91283;2.03826;-0.052317;-2.99754;0.7;0.7
-0.624542;-1.94789;2.04556;-0.0423761;-2.42797;0.7;0.7
-0.586057;-1.75999;1.855;0.0111707;0.640035;0.7;0.7
-0.66023;-1.97045;2.07812;0.00186803;0.10703;0.7;0.7
-0.215291;-1.72466;1.73804;-0.19912;-11.4087;0.7;0.7
-0.260682;-2.00943;2.02626;0.00482024;0.276179;0.7;0.7
-0.253695;-1.9502;1.96663;0.000351335;0.02013;0.7;0.7
-0.783974;-1.87771;2.0348;0.266155;15.2496;0.7;0.7
-0.874482;-1.86189;2.05703;0.0435779;2.49683;0.7;0.7
-0.829022;-1.80993;1.99076;-0.00957372;-0.548534;0.7;0.7
-0.851053;-1.8154;2.00498;0.00885584;0.507402;0.7;0.7
-0.762865;-1.67071;1.83664;-0.0100366;-0.575056;0.7;0.7
-0.80803;-1.81587;1.98753;-0.00966548;-0.553791;0.7;0.7
-0.816792;-1.663;1.85276;0.0378749;2.17007;0.7;0.7
-0.938729;-1.83095;2.05757;0.0172084;0.985971;0.7;0.7
-0.944078;-1.76656;2.003;0.0170434;0.976516;0.7;0.7
-1.00521;-1.80568;2.06662;0.0171663;0.983557;0.7;0.7
-1.22821;-1.68373;2.0841;0.122257;7.00484;0.7;0.7
-1.51195;-1.6908;2.26822;0.0993902;5.69464;0.7;0.7
-1.40923;-1.75777;2.25293;-0.0538291;-3.08418;0.7;0.7
-1.24556;-1.82452;2.20914;-0.0767798;-4.39916;0.7;0.7
-1.15411;-1.51981;1.90835;0.0504719;2.89183;0.7;0.7
-1.26065;-1.60694;2.04242;0.0157431;0.902014;0.7;0.7
-1.19177;-1.64799;2.03376;-0.0391138;-2.24106;0.7;0.7
-1.25333;-1.56026;2.00131;0.0506339;2.90111;0.7;0.7
-1.19699;-1.54053;1.9509;-0.0161832;-0.927228;0.7;0.7
-1.22437;-1.57324;1.99353;0.000779913;0.0446857;0.7;0.7
-1.1069;-1.60984;1.95367;-0.0589917;-3.37998;0.7;0.7
-1.11987;-1.63853;1.98467;-0.00280495;-0.160712;0.7;0.7
-1.19367;-1.67042;2.05308;0.0209132;1.19824;0.7;0.7
-1.04392;-1.57009;1.88546;-0.0336884;-1.9302;0.7;0.7
-1.35898;-1.65257;2.13958;0.101451;5.81273;0.7;0.7
-1.20986;-1.58799;1.99637;-0.0371569;-2.12893;0.7;0.7
-1.01834;-1.63285;1.92438;-0.0934251;-5.35287;0.7;0.7
-1.06739;-1.66897;1.9811;0.0113587;0.650805;0.7;0.7
-1.1178;-1.60542;1.95623;0.0392258;2.24747;0.7;0.7
-1.42524;-1.57326;2.12284;0.127857;7.32565;0.7;0.7
-1.35065;-1.52061;2.03384;-0.00980465;-0.561765;0.7;0.7
-1.32426;-1.50679;2.00601;-0.00525885;-0.30131;0.7;0.7
-1.36715;-1.4576;1.99842;0.0323772;1.85507;0.7;0.7
-1.3599;-1.44482;1.98414;0.00174057;0.0997272;0.7;0.7
-1.17882;-1.38176;1.81628;-0.0488221;-2.7973;0.7;0.7
-1.23213;-1.65474;2.06308;-0.0662678;-3.79686;0.7;0.7
-1.17952;-1.62625;2.00897;-0.0125361;-0.718267;0.7;0.7
-1.16742;-1.61934;1.99628;-0.00287157;-0.164529;0.7;0.7
-1.22611;-1.53902;1.96772;0.0480827;2.75494;0.7;0.7
-1.32477;-1.62542;2.09691;0.0111253;0.637435;0.7;0.7
-1.20309;-1.51857;1.93739;-0.0138395;-0.792943;0.7;0.7
-1.39956;-1.66345;2.1739;0.0294556;1.68768;0.7;0.7
-1.17426;-1.69104;2.05877;-0.092497;-5.29969;0.7;0.7
-1.17844;-1.61373;1.99821;0.0237852;1.36279;0.7;0.7
-1.15109;-1.68261;2.03867;-0.0307646;-1.76268;0.7;0.7
-1.12525;-1.68502;2.0262;-0.0111972;-0.641552;0.7;0.7
-1.15822;-1.72631;2.07885;0.00216141;0.12384;0.7;0.7
-1.10961;-1.64498;1.98423;0.00249088;0.142717;0.7;0.7
-1.13289;-1.68412;2.02971;-0.00127701;-0.0731672;0.7;0.7
-0.844059;-1.38489;1.62184;-0.0448003;-2.56687;0.7;0.7
-1.04484;-1.82632;2.10408;-0.0277057;-1.58742;0.7;0.7
-1.02399;-1.7496;2.02723;0.00986811;0.565401;0.7;0.7
-0.550382;-1.93714;2.01381;-0.252694;-14.4783;0.7;0.7
-0.593003;-1.88203;1.97325;0.0284128;1.62794;0.7;0.7
-0.564101;-1.90735;1.98902;-0.0176851;-1.01328;0.7;0.7
-0.494644;-1.90002;1.96335;-0.0328708;-1.88336;0.7;0.7
-0.541012;-1.86039;1.93746;0.0283172;1.62246;0.7;0.7
-0.324735;-1.96073;1.98744;-0.118871;-6.81081;0.7;0.7
-0.262112;-2.24973;2.26495;-0.0481439;-2.75844;0.7;0.7
-0.354038;-1.94582;1.97777;0.0639937;3.66657;0.7;0.7
-0.270479;-1.96339;1.98193;-0.0430798;-2.46829;0.7;0.7
-0.349191;-1.93957;1.97075;0.0412277;2.36217;0.7;0.7
-0.284829;-1.95594;1.97657;-0.0335211;-1.92062;0.7;0.7
-0.2031;-2.41959;2.4281;-0.0608628;-3.48718;0.7;0.7
-0.276563;-2.04869;2.06728;0.0504403;2.89002;0.7;0.7
-0.334448;-1.84568;1.87574;0.0450768;2.58271;0.7;0.7
-0.155728;-2.05449;2.06039;-0.103606;-5.9362;0.7;0.7
-0.115649;-1.95819;1.9616;-0.0166635;-0.954747;0.7;0.7
-0.666932;-1.77695;1.89799;0.300064;17.1924;0.7;0.7
-0.69777;-1.86538;1.99161;-0.00110518;-0.063322;0.7;0.7
-0.58359;-1.82267;1.91382;-0.0480793;-2.75474;0.7;0.7
-0.618757;-1.87655;1.97593;0.00863482;0.494738;0.7;0.7
-0.851561;-1.91805;2.09859;0.0993248;5.69089;0.7;0.7
-0.706043;-1.79697;1.9307;-0.0434528;-2.48966;0.7;0.7
-0.72702;-1.94266;2.07424;-0.0162723;-0.932333;0.7;0.7
-0.668049;-1.85167;1.96849;-0.0118558;-0.679285;0.7;0.7
-0.578307;-1.70008;1.79575;-0.0183622;-1.05208;0.7;0.7
-0.635134;-1.89978;2.00314;-0.00524811;-0.300695;0.7;0.7
-0.645397;-1.92289;2.02831;0.00118562;0.0679311;0.7;0.7
-0.741294;-1.92881;2.06635;0.0430991;2.4694;0.7;0.7
-0.639759;-1.86461;1.97131;-0.0364021;-2.08569;0.7;0.7
-0.676128;-1.76261;1.88784;0.0357639;2.04912;0.7;0.7
-0.717366;-1.86499;1.9982;0.000918591;0.0526314;0.7;0.7
-0.633895;-1.82353;1.93057;-0.0326503;-1.87072;0.7;0.7
-0.728229;-1.90482;2.03927;0.0306102;1.75384;0.7;0.7
-0.540455;-1.98915;2.06126;-0.0998657;-5.72188;0.7;0.7
-0.425492;-1.97858;2.02381;-0.0534741;-3.06384;0.7;0.7
-0.400651;-1.99478;2.03461;-0.0136106;-0.779829;0.7;0.7
-0.39475;-1.9718;2.01093;-0.000627164;-0.0359338;0.7;0.7
-0.338151;-2.00793;2.0362;-0.0307432;-1.76145;0.7;0.7
-0.269922;-1.94044;1.95912;-0.0286255;-1.64012;0.7;0.7
-0.285679;-1.98939;2.00979;0.00440942;0.252641;0.7;0.7
0.0555621;-1.89839;1.89921;-0.171886;-9.84835;0.7;0.7
0.0390902;-1.72585;1.72629;0.00661371;0.378938;0.7;0.7
0.13614;-1.86845;1.8734;-0.0500882;-2.86984;0.7;0.7
-0.0630379;-2.12623;2.12716;0.102373;5.86555;0.7;0.7
-0.0721101;-1.97305;1.97436;0.00689226;0.394897;0.7;0.7
-0.089615;-2.01723;2.01922;0.00786419;0.450585;0.7;0.7
0.0259399;-1.7223;1.72249;-0.0594556;-3.40656;0.7;0.7
0.099313;-1.98196;1.98445;-0.0350065;-2.00572;0.7;0.7
0.124135;-1.97818;1.98207;-0.0126033;-0.722117;0.7;0.7
0.302613;-2.17703;2.19796;-0.0754482;-4.32286;0.7;0.7
0.265415;-2.06103;2.07804;0.0100448;0.575527;0.7;0.7
0.20717;-1.81866;1.83042;0.0146487;0.839307;0.7;0.7
0.301846;-2.15973;2.18072;-0.0254367;-1.45742;0.7;0.7
0.480551;-1.89796;1.95786;-0.10912;-6.25212;0.7;0.7
0.311683;-1.79645;1.82329;0.0761923;4.3655;0.7;0.7
0.37524;-1.92363;1.95988;-0.0208611;-1.19525;0.7;0.7
0.347476;-1.97238;2.00276;0.0182689;1.04673;0.7;0.7
0.452552;-2.01017;2.06049;-0.0470576;-2.6962;0.7;0.7
0.437318;-2.02192;2.06867;0.00843158;0.483094;0.7;0.7
0.440759;-2.07365;2.11998;0.00357203;0.204662;0.7;0.7
0.446642;-1.86934;1.92196;-0.0250981;-1.43802;0.7;0.7
0.453945;-1.95193;2.00402;0.00603305;0.345668;0.7;0.7
0.574537;-1.92138;2.00544;-0.0620599;-3.55577;0.7;0.7
0.717586;-2.04338;2.16572;-0.0471618;-2.70217;0.7;0.7
0.547831;-1.90098;1.97834;0.0571406;3.27391;0.7;0.7
0.545815;-1.8308;1.91043;-0.0091585;-0.524744;0.7;0.7
0.729179;-1.98515;2.11483;-0.0622779;-3.56826;0.7;0.7
0.718435;-1.93336;2.06253;-0.00376858;-0.215924;0.7;0.7
0.713601;-1.98834;2.11252;0.0112112;0.642355;0.7;0.7
0.661894;-1.84774;1.96272;0.000597931;0.0342589;0.7;0.7
0.602743;-1.95365;2.04451;0.0447201;2.56227;0.7;0.7
0.455119;-2.22332;2.26943;0.0973443;5.57742;0.7;0.7
0.259262;-2.2099;2.22506;0.0851282;4.87749;0.7;0.7
0.192395;-1.92959;1.93916;0.0174052;0.997244;0.7;0.7
0.19386;-1.97821;1.98768;0.00169318;0.0970119;0.7;0.7
0.298411;-2.02256;2.04445;-0.0487986;-2.79595;0.7;0.7
0.343481;-1.9422;1.97234;-0.0285566;-1.63617;0.7;0.7
0.489798;-2.06189;2.11926;-0.0581844;-3.33372;0.7;0.7
0.524092;-1.90789;1.97857;-0.0348586;-1.99725;0.7;0.7
0.433191;-1.87983;1.9291;0.0415966;2.38331;0.7;0.7
0.441178;-1.89959;1.95014;-0.00171608;-0.0983241;0.7;0.7
0.474008;-1.79677;1.85824;-0.0297312;-1.70347;0.7;0.7
0.46509;-1.89293;1.94923;0.0170097;0.974583;0.7;0.7
0.402874;-1.95451;1.9956;0.0376468;2.157;0.7;0.7
0.154987;-1.83329;1.83983;0.118939;6.81468;0.7;0.7
0.265381;-2.02136;2.0387;-0.0462018;-2.64717;0.7;0.7
0.0781578;-2.07812;2.07959;0.0929496;5.32562;0.7;0.7
0.0765473;-2.05851;2.05993;0.000423593;0.0242701;0.7;0.7
0.0849449;-2.04543;2.0472;-0.00433651;-0.248464;0.7;0.7
0.0816479;-1.99753;1.9992;0.000653492;0.0374424;0.7;0.7
0.154394;-1.98565;1.99164;-0.036747;-2.10545;0.7;0.7
0.0503976;-2.12309;2.12369;0.0538652;3.08625;0.7;0.7
0.0790458;-1.78405;1.7858;-0.0205446;-1.17712;0.7;0.7
0.169011;-1.8746;1.88221;-0.0456369;-2.6148;0.7;0.7
0.352885;-2.20641;2.23445;-0.0686781;-3.93497;0.7;0.7
0.405401;-2.07527;2.11449;-0.0343264;-1.96676;0.7;0.7
0.322401;-1.88192;1.90933;0.0232515;1.33221;0.7;0.7
0.327009;-1.95349;1.98067;0.00380838;0.218204;0.7;0.7
0.285702;-1.87529;1.89693;0.0146717;0.840628;0.7;0.7
0.33794;-1.97895;2.0076;-0.0179477;-1.02833;0.7;0.7
0.41556;-1.95423;1.99793;-0.0403901;-2.31418;0.7;0.7
0.374502;-2.00312;2.03783;0.0247004;1.41523;0.7;0.7
0.00801764;-1.94894;1.94896;0.180711;10.354;0.7;0.7
0.25134;-1.59602;1.61569;-0.152082;-8.71368;0.7;0.7
0.287517;-2.06522;2.08514;0.0178669;1.0237;0.7;0.7
0.283497;-1.96853;1.98884;-0.00470206;-0.269408;0.7;0.7
0.284555;-1.98488;2.00517;0.000640079;0.0366738;0.7;0.7
0.303849;-2.19164;2.2126;0.00462918;0.265232;0.7;0.7
0.268548;-1.94801;1.96643;0.000767877;0.0439961;0.7;0.7
0.255418;-1.68953;1.70873;-0.0130467;-0.747523;0.7;0.7
0.299128;-1.91849;1.94167;-0.00463227;-0.265409;0.7;0.7
0.351831;-2.05396;2.08388;-0.014974;-0.857947;0.7;0.7
0.261134;-1.8513;1.86963;0.0295177;1.69124;0.7;0.7
0.313749;-1.99423;2.01876;-0.0159197;-0.912131;0.7;0.7
0.306397;-1.97502;1.99864;0.00214003;0.122614;0.7;0.7
0.330812;-1.95823;1.98598;-0.0134449;-0.770337;0.7;0.7
0.450903;-2.02167;2.07134;-0.0520892;-2.98449;0.7;0.7
0.522751;-1.88096;1.95225;-0.0516333;-2.95837;0.7;0.7
0.534999;-1.92821;2.00105;0.000425942;0.0244047;0.7;0.7
0.548092;-1.91329;1.99024;-0.00834422;-0.478089;0.7;0.7
0.686536;-1.74988;1.87974;-0.0948847;-5.4365;0.7;0.7
0.622232;-1.64109;1.75509;0.0114692;0.657138;0.7;0.7
0.718655;-1.86993;2.00328;-0.00450737;-0.258254;0.7;0.7
0.565941;-1.89671;1.97934;0.076947;4.40874;0.7;0.7
0.365758;-1.81716;1.8536;0.0913446;5.23366;0.7;0.7
0.494881;-2.0097;2.06973;-0.0428167;-2.45321;0.7;0.7
0.45413;-1.88801;1.94185;0.00539268;0.308978;0.7;0.7
0.448727;-1.90942;1.96144;0.00523118;0.299724;0.7;0.7
0.448847;-1.95171;2.00266;0.00477309;0.273478;0.7;0.7
0.398941;-1.96319;2.00332;0.0255655;1.4648;0.7;0.7
0.200188;-1.88907;1.89965;0.0949024;5.43751;0.7;0.7
0.179335;-2.02658;2.0345;0.0173162;0.992147;0.7;0.7
0.188196;-2.19634;2.20438;0.00278389;0.159505;0.7;0.7
0.26247;-1.99928;2.01643;-0.0450584;-2.58166;0.7;0.7
0.181759;-2.05434;2.06237;0.0422903;2.42306;0.7;0.7
0.311426;-2.30802;2.32893;-0.0458764;-2.62853;0.7;0.7
0.178994;-2.1441;2.15156;0.0508333;2.91253;0.7;0.7
0.172444;-1.98073;1.98823;-0.00355281;-0.203561;0.7;0.7
-0.0188499;-1.9956;1.99569;0.0962873;5.51685;0.7;0.7
0.0371726;-2.03294;2.03328;-0.0277285;-1.58873;0.7;0.7
0.0428821;-2.02826;2.02871;-0.00285611;-0.163643;0.7;0.7
0.0672546;-2.02967;2.03078;-0.0119845;-0.686659;0.7;0.7
0.459021;-2.24842;2.29479;-0.168262;-9.6407;0.7;0.7
0.362261;-1.88221;1.91675;0.0112447;0.644275;0.7;0.7
0.373521;-1.92649;1.96236;-0.00137009;-0.0785003;0.7;0.7
0.543122;-1.89573;1.972;-0.0875132;-5.01414;0.7;0.7
0.602489;-1.92181;2.01404;-0.0247715;-1.4193;0.7;0.7
0.525564;-1.8278;1.90186;0.0238098;1.3642;0.7;0.7
0.549339;-1.93034;2.00698;0.00273365;0.156627;0.7;0.7
0.524252;-1.90394;1.9748;0.00856016;0.490461;0.7;0.7
0.571444;-1.77812;1.86768;-0.042259;-2.42126;0.7;0.7
0.744271;-2.05177;2.18259;-0.0370336;-2.12187;0.7;0.7
0.638257;-1.82619;1.93452;0.0117541;0.67346;0.7;0.7
0.623323;-1.90917;2.00835;0.0206519;1.18327;0.7;0.7
0.614986;-1.87468;1.97298;-0.00140731;-0.0806331;0.7;0.7
0.747129;-2.07993;2.21005;-0.0278691;-1.59678;0.7;0.7
0.309643;-1.622;1.65129;0.156223;8.95092;0.7;0.7
0.565765;-1.83348;1.91879;-0.110672;-6.34105;0.7;0.7
0.590735;-1.9163;2.00529;0.00027947;0.0160125;0.7;0.7
0.721297;-1.89062;2.02354;-0.0654438;-3.74965;0.7;0.7
0.96086;-1.91225;2.14008;-0.101157;-5.79589;0.7;0.7
0.945448;-1.89229;2.11534;0.00227363;0.130269;0.7;0.7
0.854641;-1.70782;1.90973;-0.000638164;-0.0365641;0.7;0.7
0.867817;-1.65434;1.86814;-0.0191204;-1.09552;0.7;0.7
0.882878;-1.55499;1.78814;-0.0332751;-1.90652;0.7;0.7
0.97899;-1.77032;2.02298;0.0112419;0.644115;0.7;0.7
0.877013;-1.69796;1.91107;0.0283751;1.62577;0.7;0.7
0.917337;-1.77674;1.99957;0.000162408;0.00930527;0.7;0.7
0.819712;-1.7731;1.95341;0.0435682;2.49627;0.7;0.7
0.759537;-1.9281;2.07231;0.057776;3.31032;0.7;0.7
0.595152;-1.9257;2.01558;0.0755171;4.32681;0.7;0.7
0.377157;-1.73435;1.77488;0.0856161;4.90544;0.7;0.7
0.500855;-2.0846;2.14392;-0.0216658;-1.24136;0.7;0.7
0.612328;-2.04607;2.13573;-0.0549926;-3.15084;0.7;0.7
0.594742;-1.90075;1.99162;-0.0124606;-0.713942;0.7;0.7
0.743366;-1.88667;2.02784;-0.0720834;-4.13007;0.7;0.7
0.724141;-1.96006;2.08955;0.0214366;1.22822;0.7;0.7
0.727771;-2.13372;2.25442;0.0251876;1.44314;0.7;0.7
0.657805;-1.86868;1.98108;-0.00976268;-0.559361;0.7;0.7
0.618229;-2.05264;2.14372;0.0459234;2.63122;0.7;0.7
0.601402;-1.86702;1.96149;-0.0190774;-1.09305;0.7;0.7
0.4801;-1.68906;1.75597;0.0346871;1.98742;0.7;0.7
0.6951;-1.95671;2.07651;-0.0643971;-3.68968;0.7;0.7
0.675538;-1.88461;2.00203;-0.00284878;-0.163223;0.7;0.7
0.780099;-1.95197;2.10208;-0.0360202;-2.06381;0.7;0.7
0.724334;-1.63864;1.79159;-0.0360065;-2.06302;0.7;0.7
0.740535;-1.9614;2.09654;0.0552011;3.16279;0.7;0.7
0.703982;-1.79999;1.93276;-0.0118046;-0.676353;0.7;0.7
0.815939;-2.00823;2.16766;-0.01311;-0.75115;0.7;0.7
0.725449;-1.86558;2.00166;0.0150566;0.862678;0.7;0.7
0.726798;-1.81249;1.95278;-0.0104972;-0.601445;0.7;0.7
0.735622;-1.87636;2.0154;0.00773104;0.442956;0.7;0.7
0.935613;-1.57146;1.82889;-0.163382;-9.36112;0.7;0.7
1.07163;-1.68658;1.99824;-0.0290181;-1.66261;0.7;0.7
0.956965;-1.67939;1.93291;0.0480941;2.75559;0.7;0.7
0.867965;-1.66365;1.87645;0.0370631;2.12356;0.7;0.7
0.927583;-1.74607;1.97716;-0.00745046;-0.42688;0.7;0.7
0.981296;-1.68966;1.95394;-0.0378307;-2.16754;0.7;0.7
0.889698;-1.75745;1.96982;0.0575272;3.29607;0.7;0.7
1.06569;-1.56001;1.88927;-0.130682;-7.48753;0.7;0.7
1.13166;-1.68928;2.0333;0.00906784;0.519549;0.7;0.7
1.20421;-1.74659;2.12148;-0.0133755;-0.766357;0.7;0.7
1.2131;-1.52501;1.94866;-0.0683541;-3.9164;0.7;0.7
1.19958;-1.21045;1.70417;-0.108912;-6.24019;0.7;0.7
1.40519;-1.42967;2.00462;0.00412367;0.236269;0.7;0.7
1.43323;-1.37302;1.98477;-0.0300881;-1.72392;0.7;0.7
1.20162;-1.35805;1.81334;0.082487;4.72616;0.7;0.7
1.29861;-1.57478;2.04116;0.0347822;1.99287;0.7;0.7
1.27299;-1.54126;1.99899;-0.000779575;-0.0446664;0.7;0.7
1.08915;-1.38001;1.75804;0.0222181;1.273;0.7;0.7
1.12309;-1.32347;1.73577;-0.0355322;-2.03584;0.7;0.7
1.33522;-1.6039;2.08694;0.00943529;0.540602;0.7;0.7
1.27653;-1.4621;1.94095;-0.0235034;-1.34664;0.7;0.7
1.28733;-1.39733;1.89993;-0.0267055;-1.53011;0.7;0.7
1.33603;-1.49628;2.00595;0.0155685;0.892011;0.7;0.7
1.41005;-1.53105;2.08143;-0.0154018;-0.88246;0.7;0.7
1.3578;-1.46922;2.00056;-0.00172575;-0.0988784;0.7;0.7
1.2345;-1.68197;2.08638;0.112849;6.46576;0.7;0.7
1.16501;-1.66035;2.0283;0.0213157;1.2213;0.7;0.7
1.06935;-1.63842;1.95651;0.0335911;1.92463;0.7;0.7
1.25309;-1.60964;2.03989;-0.0832389;-4.76924;0.7;0.7
1.22673;-1.53077;1.96166;-0.014093;-0.80747;0.7;0.7
1.02598;-1.51854;1.83265;0.0813975;4.66373;0.7;0.7
1.22851;-1.60062;2.01772;-0.0604347;-3.46265;0.7;0.7
1.22674;-1.58858;2.0071;-0.00295315;-0.169203;0.7;0.7
1.16084;-1.59863;1.97564;0.0295126;1.69095;0.7;0.7
1.18225;-1.74152;2.1049;0.0316616;1.81407;0.7;0.7
1.18339;-1.59005;1.98209;-0.04341;-2.48721;0.7;0.7
1.13126;-1.6111;1.9686;0.027633;1.58325;0.7;0.7
1.13506;-1.53084;1.90574;-0.0258384;-1.48043;0.7;0.7
1.08716;-1.86615;2.15973;0.110511;6.3318;0.7;0.7
1.00922;-1.73685;2.00877;0.00112518;0.0644681;0.7;0.7
1.15819;-1.75962;2.10657;-0.0557422;-3.19379;0.7;0.7
1.01854;-1.60188;1.89827;0.0157627;0.903135;0.7;0.7
1.08227;-1.76593;2.07119;0.016533;0.94727;0.7;0.7
0.978281;-1.7016;1.96277;0.0280525;1.60729;0.7;0.7
1.0395;-1.73256;2.02048;-0.0186295;-1.06739;0.7;0.7
1.14322;-1.70859;2.05578;-0.049287;-2.82394;0.7;0.7
1.10874;-1.66019;1.99638;0.000874807;0.0501227;0.7;0.7
1.31858;-1.76144;2.2003;-0.0537767;-3.08118;0.7;0.7
1.20708;-1.54413;1.95994;-0.0209066;-1.19786;0.7;0.7
1.23154;-1.56869;1.99436;-0.00207866;-0.119099;0.7;0.7
1.15373;-1.643;2.00762;0.0533685;3.05779;0.7;0.7
1.1122;-1.66256;2.00028;0.0226131;1.29564;0.7;0.7
1.0142;-1.69494;1.9752;0.0503769;2.88638;0.7;0.7
1.05648;-1.77173;2.06281;0.00152489;0.0873696;0.7;0.7
1.021;-1.72095;2.00103;0.00223274;0.127927;0.7;0.7
1.04195;-1.81338;2.09141;0.0139316;0.798223;0.7;0.7
1.06019;-1.838;2.12185;-0.00167014;-0.0956921;0.7;0.7
0.983473;-1.7274;1.98775;0.00563151;0.322662;0.7;0.7
1.03857;-1.87013;2.13916;0.0106293;0.609016;0.7;0.7
1.00888;-1.79471;2.05884;-0.00517844;-0.296703;0.7;0.7
0.996257;-1.74091;2.00582;-0.00765734;-0.438734;0.7;0.7
0.986307;-1.72808;1.98974;0.00113685;0.0651369;0.7;0.7
1.003;-1.72487;1.99529;-0.00806129;-0.461878;0.7;0.7
1.00087;-1.72992;1.99859;0.00219078;0.125523;0.7;0.7
0.608695;-1.81232;1.91181;0.200481;11.4867;0.7;0.7
0.728605;-1.82124;1.96158;-0.0565311;-3.23899;0.7;0.7
0.774901;-1.81937;1.97752;-0.0220886;-1.26558;0.7;0.7
0.787487;-1.93397;2.08815;0.0159594;0.914408;0.7;0.7
0.697507;-1.97863;2.09797;0.0477691;2.73697;0.7;0.7
0.393805;-1.87949;1.9203;0.132379;7.58473;0.7;0.7
0.309614;-1.94138;1.96591;0.0483897;2.77252;0.7;0.7
0.303415;-2.02958;2.05213;0.00975233;0.558768;0.7;0.7
0.516691;-1.88737;1.95682;-0.118817;-6.80774;0.7;0.7
0.522815;-1.92865;1.99826;0.00249852;0.143154;0.7;0.7
0.244777;-1.86862;1.88459;0.134464;7.70424;0.7;0.7
0.433429;-2.21642;2.2584;-0.0628648;-3.60189;0.7;0.7
0.52743;-1.73744;1.81573;-0.101609;-5.82177;0.7;0.7
0.637551;-2.10086;2.19547;8.71298e-05;0.00499217;0.7;0.7
0.429509;-1.70823;1.7614;0.0483103;2.76797;0.7;0.7
0.61003;-1.79996;1.90052;-0.0804359;-4.60864;0.7;0.7
0.467366;-1.8211;1.88011;0.0755466;4.3285;0.7;0.7
0.523424;-1.89983;1.97061;-0.0176239;-1.00977;0.7;0.7
0.470336;-1.92548;1.98209;0.0292637;1.67668;0.7;0.7
0.407893;-1.95403;1.99615;0.0337889;1.93596;0.7;0.7
0.412377;-1.95048;1.99359;-0.00256638;-0.147043;0.7;0.7
0.421004;-1.97301;2.01742;-0.00187365;-0.107352;0.7;0.7
-0.00891799;-2.03073;2.03075;0.214621;12.2969;0.7;0.7
-0.00561115;-2.01856;2.01857;-0.00161171;-0.0923444;0.7;0.7
0.22148;-1.91644;1.92919;-0.117838;-6.75162;0.7;0.7
0.452706;-1.93692;1.98912;-0.114545;-6.56295;0.7;0.7
0.493;-2.00866;2.06828;-0.0110763;-0.634626;0.7;0.7
0.664526;-2.00664;2.11381;-0.0791168;-4.53306;0.7;0.7
0.670107;-1.84301;1.96105;-0.0289377;-1.65801;0.7;0.7
0.775747;-1.85127;2.00724;-0.0480724;-2.75435;0.7;0.7
0.665767;-1.96321;2.07302;0.069855;4.0024;0.7;0.7
0.501583;-1.91672;1.98126;0.0710031;4.06818;0.7;0.7
0.546882;-1.87925;1.95721;-0.0272404;-1.56076;0.7;0.7
0.581249;-1.8814;1.96915;-0.0164534;-0.942709;0.7;0.7
0.760824;-1.72048;1.8812;-0.11672;-6.68755;0.7;0.7
0.750937;-1.87907;2.02356;0.0361722;2.07252;0.7;0.7
0.970355;-2.29841;2.49485;-0.0192944;-1.10549;0.7;0.7
0.616233;-1.61686;1.73031;0.0353507;2.02544;0.7;0.7
0.721379;-1.8628;1.9976;-0.00533781;-0.305834;0.7;0.7
0.875501;-1.94854;2.13619;-0.052809;-3.02573;0.7;0.7
0.778957;-1.80639;1.96719;0.015151;0.868086;0.7;0.7
0.701176;-1.82285;1.95306;0.0399171;2.28708;0.7;0.7
0.642318;-1.78805;1.89992;0.0223403;1.28;0.7;0.7
0.836675;-1.66901;1.86698;-0.119815;-6.8649;0.7;0.7
0.845642;-1.85448;2.03819;0.036856;2.11169;0.7;0.7
0.810403;-1.85647;2.02565;0.0162368;0.930302;0.7;0.7
0.589392;-1.8843;1.97433;0.108444;6.21339;0.7;0.7
0.799307;-2.07495;2.22358;-0.0645476;-3.69831;0.7;0.7
0.672739;-1.87361;1.99073;0.0229746;1.31635;0.7;0.7
0.545341;-2.01286;2.08543;0.0801461;4.59203;0.7;0.7
0.560706;-1.83862;1.92222;-0.0314236;-1.80044;0.7;0.7
1.0307;-1.80052;2.07466;-0.223912;-12.8292;0.7;0.7
1.05024;-1.766;2.05469;-0.0165993;-0.951068;0.7;0.7
1.02728;-1.80366;2.0757;0.0187808;1.07606;0.7;0.7
0.989904;-1.73625;1.99862;-0.000442227;-0.0253377;0.7;0.7
0.993637;-1.74169;2.00519;-0.000274182;-0.0157094;0.7;0.7
1.08231;-1.71861;2.03101;-0.0435671;-2.49621;0.7;0.7
1.07855;-1.63172;1.95596;-0.0220449;-1.26308;0.7;0.7
1.20323;-1.42178;1.86259;-0.118271;-6.77643;0.7;0.7
1.15465;-1.61524;1.9855;0.0817104;4.68166;0.7;0.7
1.13871;-1.69905;2.04534;0.0301758;1.72895;0.7;0.7
1.2564;-1.53417;1.98298;-0.0957443;-5.48574;0.7;0.7
1.46045;-1.67433;2.22178;-0.0310886;-1.78125;0.7;0.7
1.27515;-1.41556;1.90521;-0.0159846;-0.915848;0.7;0.7
1.32749;-1.51717;2.01594;0.0144452;0.827649;0.7;0.7
1.31324;-1.55075;2.0321;0.0161577;0.925766;0.7;0.7
1.28814;-1.72602;2.1537;0.0615247;3.5251;0.7;0.7
1.14852;-1.63216;1.99576;0.0279404;1.60087;0.7;0.7
1.17365;-1.64105;2.01755;-0.0076499;-0.438307;0.7;0.7
1.04518;-1.53736;1.859;0.023765;1.36164;0.7;0.7
0.954161;-1.53711;1.80918;0.0415427;2.38022;0.7;0.7
0.96143;-1.77701;2.02042;0.0595994;3.4148;0.7;0.7
0.932712;-1.61151;1.86197;-0.0287337;-1.64632;0.7;0.7
0.801576;-1.84243;2.00924;0.114305;6.54921;0.7;0.7
0.90758;-1.62608;1.86221;-0.0987062;-5.65545;0.7;0.7
1.03424;-1.83049;2.10246;-0.0052213;-0.299159;0.7;0.7
1.01457;-1.62932;1.91938;-0.0426473;-2.44351;0.7;0.7
1.42389;-1.54775;2.10309;-0.186803;-10.703;0.7;0.7
1.2741;-1.4837;1.95568;0.0342007;1.95955;0.7;0.7
1.40931;-1.63752;2.16047;-0.00109383;-0.062672;0.7;0.7
1.22025;-1.66492;2.06422;0.0781581;4.47813;0.7;0.7
1.24978;-1.54532;1.98746;-0.0475781;-2.72602;0.7;0.7
1.25463;-1.5585;2.00076;0.00225772;0.129358;0.7;0.7
1.13347;-1.58592;1.94933;0.0572669;3.28115;0.7;0.7
1.11424;-1.86914;2.17606;0.0829657;4.75359;0.7;0.7
1.05772;-1.7321;2.02952;-0.0106509;-0.610254;0.7;0.7
0.999797;-1.84278;2.09653;0.0511133;2.92858;0.7;0.7
0.970779;-1.74173;1.994;-0.011377;-0.651855;0.7;0.7
1.0436;-1.79245;2.07412;-0.0187625;-1.07501;0.7;0.7
1.00639;-1.72489;1.99702;-0.000920685;-0.0527514;0.7;0.7
0.931087;-1.61534;1.86447;0.00527561;0.30227;0.7;0.7
0.845414;-1.67408;1.87544;0.0552476;3.16546;0.7;0.7
0.904579;-1.79187;2.00725;0.000139861;0.00801344;0.7;0.7
0.888614;-1.74583;1.95897;-0.00331505;-0.189939;0.7;0.7
0.808974;-1.75494;1.93242;0.0388762;2.22744;0.7;0.7
0.935278;-1.93695;2.15094;-0.0179033;-1.02578;0.7;0.7
0.864255;-1.80496;2.00121;0.00328045;0.187956;0.7;0.7
0.859015;-1.87922;2.06625;0.0178087;1.02036;0.7;0.7
0.909402;-1.80148;2.018;-0.0387337;-2.21928;0.7;0.7
0.801672;-1.81699;1.98598;0.0519668;2.97748;0.7;0.7
0.85628;-1.90333;2.08708;-0.00723754;-0.41468;0.7;0.7
0.824291;-1.823;2.0007;-0.00189168;-0.108385;0.7;0.7
0.8202;-1.82838;2.00392;0.002965;0.169882;0.7;0.7
0.965634;-1.65686;1.91772;-0.105999;-6.07331;0.7;0.7
1.07516;-1.72969;2.03661;-0.0284581;-1.63053;0.7;0.7
0.846296;-1.60672;1.81598;0.0713461;4.08783;0.7;0.7
0.939905;-1.7486;1.9852;-0.00841434;-0.482106;0.7;0.7
0.917376;-1.78343;2.00554;0.018117;1.03803;0.7;0.7
0.858664;-1.82139;2.01364;0.0345581;1.98003;0.7;0.7
0.838401;-1.71397;1.90804;-0.0143999;-0.825056;0.7;0.7
0.712069;-1.96268;2.08786;0.106898;6.12481;0.7;0.7
0.853429;-1.94881;2.12749;-0.0647282;-3.70865;0.7;0.7
0.947556;-1.62704;1.88285;-0.114598;-6.56599;0.7;0.7
0.88443;-1.61871;1.84457;0.0273048;1.56445;0.7;0.7
0.93661;-1.70507;1.94538;-0.00225501;-0.129203;0.7;0.7
0.769194;-1.85316;2.00646;0.108883;6.23854;0.7;0.7
0.810733;-2.09162;2.24325;0.0236504;1.35507;0.7;0.7
0.75256;-1.91876;2.06106;-0.00399485;-0.228888;0.7;0.7
0.687813;-1.895;2.01597;0.0255998;1.46676;0.7;0.7
0.803836;-1.80853;1.97912;-0.0700702;-4.01473;0.7;0.7
1.00464;-1.79679;2.05858;-0.0915807;-5.24719;0.7;0.7
0.962026;-1.38043;1.68259;-0.0988173;-5.66181;0.7;0.7
1.04742;-1.85268;2.12826;0.0940904;5.39098;0.7;0.7
1.03307;-1.62734;1.92756;-0.0510782;-2.92657;0.7;0.7
1.0071;-1.65836;1.94021;0.0198692;1.13842;0.7;0.7
1.26062;-1.51389;1.97003;-0.148602;-8.51425;0.7;0.7
1.45065;-1.31517;1.95807;-0.139978;-8.02015;0.7;0.7
1.4414;-1.36121;1.98256;0.0203363;1.16519;0.7;0.7
1.61308;-1.33747;2.09544;-0.0645351;-3.69759;0.7;0.7
1.54126;-1.27949;2.00314;0.000607313;0.0347964;0.7;0.7
1.49289;-1.32802;1.99809;0.0341542;1.95689;0.7;0.7
1.5322;-1.36139;2.04964;-0.00057865;-0.0331542;0.7;0.7
1.53171;-1.312;2.0168;-0.018151;-1.03998;0.7;0.7
1.53929;-1.3391;2.04024;0.00767504;0.439747;0.7;0.7
1.55259;-1.29927;2.0245;-0.0191586;-1.09771;0.7;0.7
1.57559;-1.05738;1.89751;-0.105738;-6.05833;0.7;0.7
1.58607;-1.16726;1.96929;0.0433773;2.48534;0.7;0.7
1.73139;-1.09921;2.05085;-0.0687772;-3.94065;0.7;0.7
1.66246;-1.20941;2.05584;0.0632676;3.62497;0.7;0.7
1.39981;-1.20481;1.8469;0.0817332;4.68297;0.7;0.7
1.50221;-1.32686;2.00429;0.0128288;0.735036;0.7;0.7
1.45197;-1.23081;1.90345;-0.0203484;-1.16588;0.7;0.7
1.54395;-1.17892;1.94258;-0.0510164;-2.92303;0.7;0.7
1.64032;-1.12581;1.9895;-0.0506362;-2.90124;0.7;0.7
1.71259;-1.17357;2.07611;-0.00073105;-0.0418861;0.7;0.7
1.78553;-1.15043;2.12405;-0.028402;-1.62732;0.7;0.7
1.65142;-1.06156;1.96319;-0.00105567;-0.0604852;0.7;0.7
1.98204;-1.25312;2.34495;-0.00752095;-0.430919;0.7;0.7
1.68896;-1.0397;1.98332;-0.0119851;-0.686693;0.7;0.7
1.74823;-0.854904;1.94607;-0.0969832;-5.55673;0.7;0.7
1.76349;-0.878268;1.97009;0.00725165;0.415489;0.7;0.7
1.82909;-0.870846;2.02582;-0.0177167;-1.01509;0.7;0.7
1.96058;-0.80041;2.11767;-0.056752;-3.25165;0.7;0.7
1.8156;-0.78203;1.97686;0.0191119;1.09503;0.7;0.7
1.83855;-0.791836;2.00182;-3.60812e-05;-0.0020673;0.7;0.7
1.88339;-0.79423;2.044;-0.00760214;-0.435571;0.7;0.7
1.93325;-0.841086;2.10829;0.0112888;0.646803;0.7;0.7
1.83731;-0.803367;2.00527;0.00183985;0.105416;0.7;0.7
1.93487;-0.609782;2.02869;-0.106902;-6.12505;0.7;0.7
1.8795;-0.650833;1.98899;0.0280568;1.60753;0.7;0.7
1.82707;-0.575574;1.91558;-0.0281724;-1.61416;0.7;0.7
1.96222;-0.484595;2.02118;-0.0630674;-3.61349;0.7;0.7
2.03895;-0.489261;2.09683;-0.00661297;-0.378895;0.7;0.7
2.02005;-0.433469;2.06603;-0.0241264;-1.38234;0.7;0.7
1.96076;-0.562435;2.03984;0.0679664;3.89419;0.7;0.7
1.92247;-0.551433;2;-8.7273e-06;-0.000500037;0.7;0.7
1.93796;-0.528621;2.00876;-0.0130423;-0.747266;0.7;0.7
1.81171;-0.414823;1.85859;-0.0412058;-2.36092;0.7;0.7
2.05444;-0.314367;2.07835;-0.0732472;-4.19675;0.7;0.7
1.95661;-0.262114;1.97409;-0.01867;-1.06971;0.7;0.7
1.83545;-0.156275;1.84209;-0.0482325;-2.76352;0.7;0.7
2.01501;-0.0146914;2.01506;-0.0776472;-4.44886;0.7;0.7
2.00946;-0.0506325;2.01009;0.017901;1.02565;0.7;0.7
2.08406;0.0508797;2.08468;-0.0496007;-2.84191;0.7;0.7
2.08819;-0.223927;2.10017;0.131235;7.51923;0.7;0.7
2.03739;-0.254058;2.05317;0.0172306;0.98724;0.7;0.7
1.91915;-0.214466;1.9311;-0.0127682;-0.731565;0.7;0.7
1.981;-0.22601;1.99385;0.00230877;0.132283;0.7;0.7
2.09633;-0.231524;2.10907;-0.0036006;-0.206299;0.7;0.7
2.00165;-0.165706;2.00849;-0.0274006;-1.56994;0.7;0.7
1.74414;-0.134219;1.7493;-0.0057936;-0.331949;0.7;0.7
2.00652;-0.100567;2.00904;-0.0267247;-1.53121;0.7;0.7
2.01808;-0.103682;2.02074;0.00125325;0.0718059;0.7;0.7
1.91111;-0.125544;1.91523;0.0142658;0.817368;0.7;0.7
1.98269;-0.107288;1.9856;-0.0115375;-0.661049;0.7;0.7
1.9964;-0.128939;2.00056;0.0104366;0.597972;0.7;0.7
2.00877;-0.128307;2.01286;-0.000709426;-0.0406471;0.7;0.7
1.95129;-0.0715605;1.9526;-0.0271298;-1.55442;0.7;0.7
1.9591;-0.342135;1.98875;0.136238;7.80587;0.7;0.7
2.36504;-0.186616;2.3724;-0.0941523;-5.39453;0.7;0.7
1.97072;-0.363314;2.00393;0.103566;5.93391;0.7;0.7
1.98096;-0.138889;1.98582;-0.112312;-6.43498;0.7;0.7
2.06257;-0.321447;2.08747;0.0846065;4.8476;0.7;0.7
1.98439;-0.425294;2.02945;0.0565216;3.23845;0.7;0.7
1.96163;-0.435946;2.00949;0.00755736;0.433005;0.7;0.7
1.92711;-0.394939;1.96716;-0.0165433;-0.947861;0.7;0.7
1.80745;-0.389841;1.84901;0.0102924;0.589709;0.7;0.7
2.12504;-0.35815;2.15501;-0.0454631;-2.60484;0.7;0.7
1.97152;-0.320769;1.99744;-0.00568091;-0.325492;0.7;0.7
1.94213;-0.284319;1.96284;-0.0159252;-0.912447;0.7;0.7
1.68155;-0.381651;1.72432;0.07782;4.45876;0.7;0.7
1.53925;-0.507373;1.62072;0.0952252;5.456;0.7;0.7
1.89073;-0.632104;1.99359;0.00422837;0.242268;0.7;0.7
1.91031;-0.684658;2.02929;0.0215041;1.23209;0.7;0.7
1.86657;-0.649647;1.97639;-0.00921028;-0.52771;0.7;0.7
1.95723;-0.526555;2.02682;-0.0721215;-4.13226;0.7;0.7
1.83464;-0.481627;1.8968;-0.00608253;-0.348503;0.7;0.7
2.40928;-0.756263;2.52519;0.0474295;2.71751;0.7;0.7
1.91611;-0.528424;1.98764;-0.0350645;-2.00905;0.7;0.7
1.81582;-0.608102;1.91493;0.0540618;3.09751;0.7;0.7
1.94433;-0.561209;2.0237;-0.0421509;-2.41507;0.7;0.7
1.88734;-0.487417;1.94926;-0.0282684;-1.61966;0.7;0.7
1.94222;-0.613407;2.03679;0.0531797;3.04697;0.7;0.7
1.92797;-0.391188;1.96725;-0.105729;-6.05783;0.7;0.7
1.94657;-0.343794;1.9767;-0.0253716;-1.45369;0.7;0.7
1.92293;-0.341221;1.95297;0.000808153;0.0463038;0.7;0.7
2.00948;-0.36655;2.04264;0.00480579;0.275352;0.7;0.7
1.94197;-0.344565;1.9723;-0.00482341;-0.276361;0.7;0.7
2.01241;-0.271175;2.03059;-0.0416584;-2.38685;0.7;0.7
1.93762;-0.0956479;1.93998;-0.0846212;-4.84844;0.7;0.7
2.01424;-0.149826;2.01981;0.024923;1.42798;0.7;0.7
2.14762;-0.12691;2.15137;-0.0152219;-0.872153;0.7;0.7
2.00487;-0.0922364;2.00699;-0.0130509;-0.747761;0.7;0.7
1.98601;-0.0401768;1.98642;-0.0257465;-1.47517;0.7;0.7
2.18491;-0.0500941;2.18549;0.00269613;0.154477;0.7;0.7
1.89293;-0.0149456;1.89299;-0.0150279;-0.861036;0.7;0.7
1.91648;0.0393104;1.91688;-0.0284043;-1.62745;0.7;0.7
1.95405;0.179141;1.96224;-0.0709125;-4.06299;0.7;0.7
1.99458;0.25142;2.01036;-0.0339691;-1.94629;0.7;0.7
1.97758;0.267221;1.99555;-0.0089214;-0.511159;0.7;0.7
1.97436;0.198153;1.98428;0.0342839;1.96432;0.7;0.7
1.91189;0.222167;1.92475;-0.015656;-0.897026;0.7;0.7
1.97389;0.189819;1.98299;0.019814;1.13526;0.7;0.7
2.00527;0.194921;2.01472;-0.00102977;-0.0590012;0.7;0.7
1.91285;0.164811;1.91994;0.0109526;0.627535;0.7;0.7
1.87824;0.294287;1.90116;-0.0694712;-3.98041;0.7;0.7
1.98159;0.422499;2.02613;-0.0546486;-3.13114;0.7;0.7
1.94864;0.40383;1.99005;0.00572316;0.327913;0.7;0.7
1.91389;0.492178;1.97616;-0.0473633;-2.71372;0.7;0.7
2.07255;0.41308;2.11331;0.0549752;3.14985;0.7;0.7
1.94258;0.366647;1.97688;0.0101845;0.58353;0.7;0.7
1.58512;0.49126;1.6595;-0.113985;-6.53087;0.7;0.7
1.8268;0.684262;1.95075;-0.0578592;-3.31509;0.7;0.7
1.73683;0.718551;1.8796;-0.0338802;-1.94119;0.7;0.7
1.76698;0.774378;1.92922;-0.0207665;-1.18983;0.7;0.7
1.77923;0.719067;1.91904;0.0289635;1.65949;0.7;0.7
1.82393;0.919025;2.04239;-0.0826639;-4.73629;0.7;0.7
1.7844;0.917355;2.0064;-0.00812188;-0.465349;0.7;0.7
1.54871;1.05113;1.87172;-0.121435;-6.95769;0.7;0.7
1.8672;1.27639;2.26177;-0.00332779;-0.190669;0.7;0.7
1.64598;1.12927;1.99612;-0.00169754;-0.097262;0.7;0.7
1.44589;1.23329;1.90043;-0.104892;-6.00985;0.7;0.7
1.47034;1.365;2.00627;-0.0420478;-2.40916;0.7;0.7
1.47832;1.40231;2.03762;-0.0107551;-0.616222;0.7;0.7
1.47561;1.33282;1.98843;0.0244152;1.39889;0.7;0.7
1.43854;1.47961;2.06365;-0.0648721;-3.7169;0.7;0.7
1.37219;1.39724;1.95836;0.00502841;0.288106;0.7;0.7
1.40845;1.47368;2.03849;-0.0135832;-0.778261;0.7;0.7
1.29446;1.53781;2.0101;-0.0630826;-3.61437;0.7;0.7
1.29625;1.34236;1.86606;0.0682403;3.90988;0.7;0.7
1.39557;1.52129;2.06444;-0.0256016;-1.46686;0.7;0.7
1.30048;1.38727;1.90152;0.0107936;0.618428;0.7;0.7
1.11011;1.54689;1.904;-0.130652;-7.48583;0.7;0.7
1.1666;1.62536;2.00069;6.96809e-05;0.00399242;0.7;0.7
1.11572;1.31102;1.72151;0.0825543;4.73001;0.7;0.7
1.29491;1.53042;2.00474;-0.00285884;-0.1638;0.7;0.7
1.37231;1.55723;2.07562;0.0201261;1.15314;0.7;0.7
1.3;1.49316;1.97978;-0.00600539;-0.344084;0.7;0.7
1.27251;1.17712;1.73347;0.107967;6.18604;0.7;0.7
1.46734;1.3588;1.99986;-0.000535641;-0.03069;0.7;0.7
1.54699;1.3757;2.0702;0.020155;1.15479;0.7;0.7
1.38358;1.50678;2.04565;-0.101141;-5.79493;0.7;0.7
1.32883;1.53404;2.02955;-0.0289574;-1.65914;0.7;0.7
1.29527;1.51874;1.99607;-0.0076915;-0.44069;0.7;0.7
1.29431;1.61791;2.07192;-0.0314147;-1.79993;0.7;0.7
1.23237;1.74985;2.14026;-0.0611457;-3.50339;0.7;0.7
1.11262;1.86309;2.17003;-0.0752379;-4.31082;0.7;0.7
1.08559;1.61476;1.94575;0.0535337;3.06725;0.7;0.7
1.10469;1.6277;1.96717;0.00438955;0.251503;0.7;0.7
0.980911;1.83478;2.08053;-0.105316;-6.03415;0.7;0.7
0.776162;1.7186;1.88574;-0.0667544;-3.82475;0.7;0.7
0.813166;1.83752;2.00941;-0.00757633;-0.434092;0.7;0.7
0.819061;1.83825;2.01246;0.00253336;0.145151;0.7;0.7
0.826522;1.85296;2.02894;0.000408413;0.0234003;0.7;0.7
0.541358;1.94405;2.01802;-0.14798;-8.47864;0.7;0.7
0.542987;1.99463;2.06722;-0.00580503;-0.332604;0.7;0.7
0.585393;1.96321;2.04863;0.0240031;1.37528;0.7;0.7
0.601248;2.15873;2.2409;-0.0181518;-1.04002;0.7;0.7
0.594653;1.8554;1.94837;0.0385195;2.207;0.7;0.7
0.615358;1.89534;1.99273;0.00377731;0.216424;0.7;0.7
0.829411;1.90458;2.07735;0.0967827;5.54524;0.7;0.7
0.808203;1.81245;1.98448;0.00873878;0.500695;0.7;0.7
0.732861;1.86144;2.00051;-0.0443847;-2.54306;0.7;0.7
0.725174;1.87301;2.00849;-0.00567087;-0.324917;0.7;0.7
0.669411;1.95156;2.06317;-0.0389604;-2.23227;0.7;0.7
0.634639;1.9069;2.00974;-0.00915696;-0.524655;0.7;0.7
0.533619;1.66569;1.74908;-0.0112526;-0.644727;0.7;0.7
0.6165;1.96233;2.05689;-0.00562475;-0.322275;0.7;0.7
0.343838;1.84232;1.87413;-0.119893;-6.86935;0.7;0.7
0.260147;2.06938;2.08566;-0.0594541;-3.40647;0.7;0.7
0.199081;1.89068;1.90113;-0.020147;-1.15434;0.7;0.7
0.377226;1.91211;1.94896;0.0898721;5.14929;0.7;0.7
0.40386;2.0689;2.10795;-0.00200047;-0.114618;0.7;0.7
0.315104;1.9559;1.98112;-0.0330491;-1.89357;0.7;0.7
0.480003;2.09738;2.15161;0.0652514;3.73863;0.7;0.7
0.524533;1.7801;1.85577;0.061572;3.52782;0.7;0.7
0.589807;1.67801;1.77865;0.0514479;2.94775;0.7;0.7
0.610466;1.91372;2.00872;-0.0292123;-1.67374;0.7;0.7
0.46316;2.02996;2.08212;-0.0844687;-4.8397;0.7;0.7
0.377246;1.956;1.99204;-0.0337954;-1.93633;0.7;0.7
0.373841;1.91486;1.95101;0.00227935;0.130597;0.7;0.7
0.533492;1.96501;2.03615;0.0722984;4.14239;0.7;0.7
0.463579;1.95725;2.0114;-0.0325378;-1.86428;0.7;0.7
0.423951;1.78511;1.83476;0.000606448;0.0347469;0.7;0.7
0.475655;1.96658;2.02329;0.00413776;0.237076;0.7;0.7
0.39577;1.97596;2.0152;-0.039634;-2.27086;0.7;0.7
0.485309;2.06231;2.11864;0.0334413;1.91605;0.7;0.7
0.675528;2.03845;2.14747;0.0888851;5.09274;0.7;0.7
0.715676;1.82466;1.96;0.053781;3.08143;0.7;0.7
0.680844;1.92442;2.04131;-0.0337353;-1.93289;0.7;0.7
0.807147;1.98794;2.14555;0.0456378;2.61485;0.7;0.7
0.81394;1.82734;2.00042;0.0333538;1.91103;0.7;0.7
0.846264;1.84526;2.03006;0.0109546;0.627653;0.7;0.7
0.959482;1.44807;1.7371;0.155183;8.89131;0.7;0.7
1.1542;1.64061;2.00593;0.0279048;1.59883;0.7;0.7
1.04628;1.63893;1.94442;-0.0449109;-2.5732;0.7;0.7
1.38661;1.66624;2.16773;0.125885;7.21266;0.7;0.7
1.28015;1.53831;2.0013;4.87987e-07;2.79596e-05;0.7;0.7
1.34011;1.61113;2.09562;-0.000236067;-0.0135256;0.7;0.7
1.12886;1.74198;2.07577;-0.118829;-6.80839;0.7;0.7
1.12081;1.70534;2.04069;0.0064507;0.369598;0.7;0.7
1.07702;1.65453;1.97419;-0.004396;-0.251872;0.7;0.7
1.12392;1.67479;2.01696;0.0140079;0.802594;0.7;0.7
0.979781;1.50757;1.79798;-0.0147434;-0.844734;0.7;0.7
1.20888;1.73086;2.11123;0.0333592;1.91134;0.7;0.7
1.20761;1.7963;2.16449;-0.0177962;-1.01965;0.7;0.7
1.01336;1.72261;1.99857;-0.0601267;-3.445;0.7;0.7
0.991181;1.76815;2.02702;-0.0208225;-1.19304;0.7;0.7
1.04076;1.88027;2.14909;-0.0053867;-0.308635;0.7;0.7
1.11698;1.79777;2.11651;0.050404;2.88794;0.7;0.7
1.07629;1.67875;1.99414;0.0141683;0.811786;0.7;0.7
1.19338;1.79184;2.15287;0.0174367;0.999051;0.7;0.7
1.25799;1.59263;2.02953;0.080993;4.64056;0.7;0.7
1.20718;1.55662;1.96986;-0.00891007;-0.51051;0.7;0.7
1.08328;1.49302;1.84462;-0.0319544;-1.83085;0.7;0.7
1.32199;1.61266;2.08527;0.0589982;3.38035;0.7;0.7
0.904958;1.67075;1.90009;-0.190266;-10.9014;0.7;0.7
0.890705;1.62103;1.84962;0.00602727;0.345337;0.7;0.7
1.09544;1.92164;2.21194;0.0156724;0.897961;0.7;0.7
0.990973;1.85863;2.10631;-0.0282762;-1.62011;0.7;0.7
0.968678;1.73882;1.99044;0.0184374;1.05638;0.7;0.7
0.813415;1.90044;2.0672;-0.103849;-5.95011;0.7;0.7
0.777416;1.79048;1.95198;0.00521073;0.298553;0.7;0.7
0.820116;1.85039;2.02399;0.00756461;0.43342;0.7;0.7
1.13723;1.84628;2.16842;0.134876;7.72781;0.7;0.7
1.05842;1.77436;2.06606;-0.014223;-0.814917;0.7;0.7
1.00772;1.72927;2.00146;-0.0102155;-0.585304;0.7;0.7
1.12143;1.7478;2.07664;0.0428307;2.45402;0.7;0.7
1.03201;1.6;1.90395;0.00239001;0.136937;0.7;0.7
1.08653;1.68679;2.00644;-0.000608206;-0.0348476;0.7;0.7
1.07745;1.71966;2.02932;-0.0125338;-0.718135;0.7;0.7
1.04549;1.68874;1.98618;-0.00537064;-0.307715;0.7;0.7
1.02887;1.67453;1.96536;-0.00338492;-0.193942;0.7;0.7
0.998198;1.73379;2.00061;-0.0285727;-1.63709;0.7;0.7
0.924648;1.69022;1.92661;-0.0218033;-1.24924;0.7;0.7
0.950727;1.76261;2.00267;-0.00592246;-0.339332;0.7;0.7
0.749096;1.7166;1.87292;-0.0831839;-4.76608;0.7;0.7
0.767906;1.84994;2.00299;-0.0180213;-1.03254;0.7;0.7
0.765461;1.82941;1.9831;0.00283079;0.162192;0.7;0.7
0.909341;1.7519;1.97384;0.0824951;4.72662;0.7;0.7
0.936371;1.77938;2.01072;0.00563522;0.322874;0.7;0.7
0.782155;1.85912;2.01696;-0.0861813;-4.93782;0.7;0.7
0.83493;1.861;2.03971;0.0234949;1.34616;0.7;0.7
0.762539;1.59446;1.76742;0.0243642;1.39597;0.7;0.7
0.769587;1.81174;1.96842;-0.0444088;-2.54443;0.7;0.7
0.694057;2.11113;2.22229;-0.0840528;-4.81587;0.7;0.7
0.680753;2.02353;2.13497;0.00689435;0.395017;0.7;0.7
0.52491;1.78043;1.85619;-0.0378239;-2.16715;0.7;0.7
0.494003;1.85571;1.92034;-0.0265277;-1.51992;0.7;0.7
0.482761;1.92602;1.9856;-0.0145801;-0.835381;0.7;0.7
0.335886;1.87039;1.90031;-0.0679062;-3.89074;0.7;0.7
0.526515;2.22173;2.28326;0.0550056;3.15159;0.7;0.7
0.47936;1.9847;2.04176;0.00429731;0.246218;0.7;0.7
0.49626;1.9021;1.96577;0.0182227;1.04408;0.7;0.7
0.542468;1.95517;2.02903;0.0154329;0.88424;0.7;0.7
0.540646;1.9158;1.99063;0.0044056;0.252422;0.7;0.7
0.426828;1.84775;1.89641;-0.0480343;-2.75216;0.7;0.7
0.427914;1.92838;1.97528;-0.00865091;-0.495661;0.7;0.7
0.37833;2.07066;2.10494;-0.0376492;-2.15714;0.7;0.7
0.420201;1.97147;2.01575;0.0292827;1.67777;0.7;0.7
0.180248;1.9069;1.9154;-0.115755;-6.63225;0.7;0.7
0.472302;1.92097;1.97818;0.14684;8.41334;0.7;0.7
0.648841;1.9339;2.03984;0.0826228;4.73394;0.7;0.7
0.502018;2.12274;2.1813;-0.0914792;-5.24137;0.7;0.7
0.576895;1.95828;2.04148;0.0542607;3.10891;0.7;0.7
0.540061;1.92146;1.99591;-0.0124894;-0.715592;0.7;0.7
0.469919;1.70887;1.77231;-0.00564461;-0.323412;0.7;0.7
0.719622;1.83367;1.96983;0.105624;6.05183;0.7;0.7
0.62085;1.95852;2.05457;-0.0670009;-3.83887;0.7;0.7
0.527004;1.90088;1.97258;-0.0365289;-2.09295;0.7;0.7
0.766868;1.87002;2.02115;0.118721;6.80222;0.7;0.7
0.81001;1.81263;1.98538;0.0310772;1.78059;0.7;0.7
0.830612;1.83034;2.00999;0.00576365;0.330233;0.7;0.7
0.680984;1.90228;2.0205;-0.0822427;-4.71216;0.7;0.7
0.77668;1.74431;1.90941;0.0751405;4.30523;0.7;0.7
0.820014;1.98132;2.14431;-0.0265014;-1.51842;0.7;0.7
0.698305;1.74061;1.87546;-0.0108799;-0.623375;0.7;0.7
0.660317;1.84872;1.9631;-0.0384749;-2.20445;0.7;0.7
0.671774;1.87435;1.99109;0.00108903;0.0623967;0.7;0.7
0.961359;1.73543;1.98392;0.161736;9.26677;0.7;0.7
1.02108;1.77616;2.04874;0.0158651;0.909002;0.7;0.7
0.996497;1.62916;1.90976;0.0272082;1.55892;0.7;0.7
0.846066;1.82344;2.01016;-0.11452;-6.56149;0.7;0.7
0.812713;1.81147;1.98543;-0.012702;-0.727774;0.7;0.7
0.868658;1.87008;2.06198;0.0131201;0.751729;0.7;0.7
0.763927;1.63568;1.80528;0.00208329;0.119364;0.7;0.7
0.842303;1.80892;1.99541;-0.001151;-0.0659473;0.7;0.7
0.8186;1.80008;1.97747;-0.0089777;-0.514384;0.7;0.7
0.850548;1.84644;2.03292;0.00486409;0.278692;0.7;0.7
0.951294;1.98917;2.20494;0.0144178;0.826081;0.7;0.7
0.879628;1.80508;2.008;0.00735526;0.421425;0.7;0.7
0.897876;1.65651;1.8842;0.0432623;2.47875;0.7;0.7
0.978572;1.79068;2.04062;0.00343472;0.196795;0.7;0.7
0.716615;1.73016;1.87269;-0.107459;-6.15692;0.7;0.7
0.768399;1.87939;2.03041;-0.00456309;-0.261446;0.7;0.7
0.782258;1.8334;1.99331;0.0151679;0.869054;0.7;0.7
0.768574;1.77816;1.93715;0.00469416;0.268955;0.7;0.7
0.811408;1.99698;2.15553;-0.0220372;-1.26264;0.7;0.7
0.614695;1.84968;1.94915;-0.0650994;-3.72992;0.7;0.7
0.637052;1.91066;2.01407;0.000986128;0.0565009;0.7;0.7
0.788836;1.88346;2.04198;0.0747984;4.28563;0.7;0.7
0.742496;1.7545;1.90515;0.00371375;0.212782;0.7;0.7
0.834416;1.90726;2.0818;0.0120653;0.691289;0.7;0.7
0.88716;1.62265;1.84933;0.0879287;5.03794;0.7;0.7
1.01346;1.71075;1.9884;0.0344823;1.97569;0.7;0.7
0.953487;1.81589;2.051;-0.0513074;-2.9397;0.7;0.7
0.846523;1.68932;1.88955;-0.0189804;-1.0875;0.7;0.7
0.886347;1.79653;2.00328;-0.00620266;-0.355386;0.7;0.7
0.866812;1.80779;2.00486;-0.0112225;-0.643002;0.7;0.7
0.813691;1.89497;2.06228;-0.0415161;-2.3787;0.7;0.7
0.816859;1.84892;2.02133;0.0104291;0.597545;0.7;0.7
0.516962;1.77498;1.84873;-0.132607;-7.5978;0.7;0.7
0.565046;1.86892;1.95247;0.0101901;0.583848;0.7;0.7
0.657145;1.80066;1.91683;0.0563273;3.22732;0.7;0.7
0.730339;1.72706;1.87513;0.0501467;2.8732;0.7;0.7
0.615507;1.64493;1.75632;-0.0420193;-2.40753;0.7;0.7
0.647341;1.90276;2.00986;-0.030126;-1.72609;0.7;0.7
0.546752;1.84844;1.92761;-0.0403386;-2.31123;0.7;0.7
0.372385;1.88994;1.92628;-0.093047;-5.3312;0.7;0.7
0.479243;2.11607;2.16966;0.0281767;1.6144;0.7;0.7
0.64807;1.93879;2.04423;0.0998693;5.72209;0.7;0.7
0.64702;2.02322;2.12416;-0.0130709;-0.748905;0.7;0.7
0.413884;1.91127;1.95557;-0.0962625;-5.51544;0.7;0.7
0.432778;1.9411;1.98876;0.00611125;0.350149;0.7;0.7
0.578465;2.0555;2.13534;0.054961;3.14903;0.7;0.7
0.508879;1.92756;1.9936;-0.0162155;-0.929078;0.7;0.7
0.489837;1.94923;2.00984;-0.0119137;-0.682605;0.7;0.7
0.302295;2.05514;2.07725;-0.100154;-5.73838;0.7;0.7
0.215048;2.00469;2.01619;-0.0391818;-2.24495;0.7;0.7
0.147311;1.99997;2.00539;-0.0333397;-1.91023;0.7;0.7
0.201064;1.84786;1.85877;0.0348588;1.99726;0.7;0.7
0.299624;2.21287;2.23307;0.0261995;1.50112;0.7;0.7
0.333012;1.90937;1.9382;0.0380902;2.18241;0.7;0.7
0.215767;2.26912;2.27935;-0.0778687;-4.46155;0.7;0.7
0.217548;1.97284;1.9848;0.0150236;0.860792;0.7;0.7
0.154698;1.91832;1.92455;-0.0293589;-1.68214;0.7;0.7
0.183561;2.16944;2.17719;0.00394264;0.225897;0.7;0.7
0.373675;2.05604;2.08972;0.0953717;5.4644;0.7;0.7
0.492326;1.8411;1.90579;0.0815128;4.67034;0.7;0.7
0.531804;1.93987;2.01145;0.00627444;0.359499;0.7;0.7
0.528345;1.89839;1.97054;0.00387332;0.221925;0.7;0.7
0.248998;1.92891;1.94492;-0.143066;-8.19708;0.7;0.7
0.126038;2.00272;2.00668;-0.0655267;-3.7544;0.7;0.7
0.204461;1.88373;1.89479;0.0452668;2.59359;0.7;0.7
0.105501;2.00115;2.00393;-0.0554458;-3.17681;0.7;0.7
0.00308167;2.09092;2.09092;-0.0511977;-2.93341;0.7;0.7
-0.0579745;2.00276;2.0036;-0.030413;-1.74254;0.7;0.7
0.0559806;1.88242;1.88325;0.0586691;3.36149;0.7;0.7
0.157244;1.98453;1.99075;0.04934;2.82697;0.7;0.7
0.164381;2.00565;2.01238;0.00270614;0.15505;0.7;0.7
0.198273;2.05367;2.06322;0.0144712;0.829137;0.7;0.7
0.408446;1.94052;1.98304;0.111207;6.37171;0.7;0.7
0.368544;1.87644;1.91229;-0.013517;-0.774465;0.7;0.7
0.23845;1.93317;1.94782;-0.0712111;-4.08009;0.7;0.7
0.291777;1.8924;1.91476;0.030253;1.73337;0.7;0.7
0.38142;1.95447;1.99134;0.0397507;2.27755;0.7;0.7
0.465538;2.01169;2.06486;0.0346827;1.98717;0.7;0.7
0.58097;1.96078;2.04504;0.0606415;3.4745;0.7;0.7
0.544067;1.97195;2.04563;-0.0188485;-1.07994;0.7;0.7
0.43031;1.90946;1.95735;-0.0475521;-2.72453;0.7;0.7
0.437609;1.95803;2.00634;-0.00177312;-0.101592;0.7;0.7
0.30045;1.95405;1.97701;-0.0673175;-3.85701;0.7;0.7
0.302508;2.23893;2.25927;-0.0182635;-1.04642;0.7;0.7
0.333119;1.8576;1.88723;0.0431416;2.47183;0.7;0.7
0.558663;1.86887;1.95058;0.113035;6.47642;0.7;0.7
0.493959;1.68607;1.75693;-0.00548566;-0.314305;0.7;0.7
0.419359;1.97421;2.01825;-0.0756827;-4.3363;0.7;0.7
0.564683;2.11161;2.18581;0.0519957;2.97913;0.7;0.7
0.594265;1.94563;2.03437;0.0351321;2.01292;0.7;0.7
0.4061;1.88641;1.92963;-0.084395;-4.83548;0.7;0.7
0.498059;1.99276;2.05406;0.0328766;1.88369;0.7;0.7
0.502848;1.93262;1.99697;0.00962846;0.55167;0.7;0.7
0.477071;1.88245;1.94197;-0.00634117;-0.363322;0.7;0.7
0.480727;1.98745;2.04477;-0.0108819;-0.623485;0.7;0.7
0.469801;1.96281;2.01825;-0.00239089;-0.136988;0.7;0.7
0.476047;1.94676;2.00412;0.00489438;0.280427;0.7;0.7
0.617098;1.8363;1.93722;0.0843713;4.83412;0.7;0.7
0.466635;1.90254;1.95893;-0.0836758;-4.79427;0.7;0.7
0.523283;1.92897;1.99869;0.0243791;1.39682;0.7;0.7
0.479451;1.91695;1.976;-0.0198176;-1.13546;0.7;0.7
0.452571;1.92001;1.97262;-0.0135955;-0.778963;0.7;0.7
0.480087;1.89022;1.95024;0.0172372;0.987617;0.7;0.7
0.539682;1.92467;1.99891;0.0246564;1.41271;0.7;0.7
0.571164;1.81907;1.90663;0.0308579;1.76803;0.7;0.7
0.622074;1.97466;2.07033;0.000946652;0.0542391;0.7;0.7
0.62932;1.74702;1.85692;0.0405682;2.32439;0.7;0.7
0.694985;1.81465;1.94318;0.0199995;1.14589;0.7;0.7
0.8881;1.68768;1.90709;0.118654;6.79836;0.7;0.7
1.0168;1.69792;1.97909;0.0551663;3.16079;0.7;0.7
1.03184;1.71968;2.00549;0.000857875;0.0491526;0.7;0.7
0.719285;1.73227;1.87567;-0.146869;-8.41497;0.7;0.7
0.833293;1.76091;1.94813;0.0484294;2.7748;0.7;0.7
0.941107;1.76062;1.99636;0.0488976;2.80163;0.7;0.7
1.01246;1.77746;2.04559;0.0268822;1.54024;0.7;0.7
0.999523;1.7281;1.99634;0.00661043;0.37875;0.7;0.7
1.10436;1.88953;2.1886;0.00453289;0.259715;0.7;0.7
1.09065;1.57626;1.9168;0.0763688;4.37561;0.7;0.7
1.13881;1.68283;2.03195;-0.0103494;-0.592975;0.7;0.7
1.01977;1.53931;1.84646;-0.00983284;-0.56338;0.7;0.7
1.03651;1.78801;2.06672;-0.0597422;-3.42297;0.7;0.7
0.916073;1.69952;1.93068;-0.0309851;-1.77532;0.7;0.7
0.896787;1.52469;1.76887;0.0373069;2.13753;0.7;0.7
0.818994;1.79595;1.97388;-0.103831;-5.94907;0.7;0.7
0.799877;2.06139;2.21114;-0.0577074;-3.30639;0.7;0.7
0.848105;1.95611;2.13206;0.0389608;2.23229;0.7;0.7
0.794986;1.83818;2.00273;-0.00091006;-0.0521426;0.7;0.7
0.840862;1.85666;2.0382;0.01706;0.977468;0.7;0.7
0.888733;1.82906;2.03355;0.0270471;1.54968;0.7;0.7
0.802651;1.80493;1.97535;-0.0338635;-1.94024;0.7;0.7
0.795435;1.84114;2.00562;-0.0106238;-0.608698;0.7;0.7
0.795558;2.04112;2.19068;-0.0361613;-2.07189;0.7;0.7
0.527798;1.67428;1.7555;-0.0662734;-3.79719;0.7;0.7
0.603539;1.69727;1.80139;0.0362707;2.07816;0.7;0.7
0.641153;1.87272;1.97943;-0.0117921;-0.675639;0.7;0.7
0.64807;1.89114;1.9991;0.000287383;0.0164658;0.7;0.7
0.647499;2.06158;2.16087;-0.0258219;-1.47949;0.7;0.7
0.672094;1.97356;2.08487;0.0239073;1.36979;0.7;0.7
0.648535;1.92463;2.03096;-0.00321364;-0.184128;0.7;0.7
0.597565;1.82263;1.91809;-0.00820111;-0.469889;0.7;0.7
0.674452;1.94286;2.0566;0.017312;0.991903;0.7;0.7
0.699924;2.07598;2.1908;-0.00894276;-0.512382;0.7;0.7
0.580831;1.69723;1.79387;0.00454467;0.26039;0.7;0.7
0.841882;1.91383;2.09081;0.0846889;4.85232;0.7;0.7
0.819325;1.81447;1.99088;0.00972418;0.557155;0.7;0.7
0.849003;1.70871;1.90801;0.0369954;2.11968;0.7;0.7
0.891543;1.80063;2.00926;-0.00139551;-0.0799569;0.7;0.7
0.931221;1.74313;1.97628;0.030907;1.77084;0.7;0.7
0.954396;1.67862;1.93097;0.0263319;1.50871;0.7;0.7
0.993972;1.76022;2.02147;-0.0029323;-0.168009;0.7;0.7
0.907009;1.61879;1.85557;-0.0033322;-0.190921;0.7;0.7
0.910149;1.67826;1.90917;-0.0137921;-0.790228;0.7;0.7
0.929964;1.7523;1.98378;-0.00901033;-0.516254;0.7;0.7
0.921131;1.77132;1.99651;-0.00837569;-0.479892;0.7;0.7
0.852096;1.77524;1.96915;-0.0320271;-1.83502;0.7;0.7
0.994281;1.82185;2.07551;0.0520644;2.98307;0.7;0.7
0.793683;1.95014;2.10547;-0.11306;-6.47788;0.7;0.7
0.75542;1.85624;2.00407;-2.21721e-05;-0.00127037;0.7;0.7
0.709765;1.89922;2.02751;-0.0288507;-1.65302;0.7;0.7
0.734956;1.88609;2.02423;0.0139284;0.798039;0.7;0.7
0.688876;1.87729;1.99969;-0.0198738;-1.13869;0.7;0.7
0.727251;1.66477;1.81669;0.0601655;3.44723;0.7;0.7
0.640711;1.94112;2.04412;-0.0930488;-5.3313;0.7;0.7
0.617179;1.93856;2.03444;-0.0105914;-0.606842;0.7;0.7
0.422135;1.78234;1.83164;-0.0756639;-4.33522;0.7;0.7
0.239449;1.85165;1.86707;-0.103956;-5.95626;0.7;0.7
0.279908;1.85433;1.87534;0.0212146;1.21551;0.7;0.7
0.220914;1.87801;1.89096;-0.0327232;-1.8749;0.7;0.7
0.347882;2.01586;2.04566;0.0537958;3.08227;0.7;0.7
0.301455;1.96295;1.98596;-0.0185079;-1.06042;0.7;0.7
0.374063;1.91807;1.95421;0.0402209;2.30449;0.7;0.7
0.282502;1.90632;1.92714;-0.0454809;-2.60586;0.7;0.7
0.167251;2.11653;2.12313;-0.0682644;-3.91126;0.7;0.7
0.176888;2.10937;2.11677;0.00480499;0.275306;0.7;0.7
0.17677;1.87051;1.87885;0.0105613;0.60512;0.7;0.7
0.34961;2.05474;2.08428;0.07431;4.25765;0.7;0.7
0.371704;1.8394;1.87658;0.0308603;1.76817;0.7;0.7
0.561634;1.8592;1.94218;0.0939732;5.38427;0.7;0.7
0.521821;1.94718;2.01589;-0.031532;-1.80665;0.7;0.7
0.534658;1.96987;2.04114;0.00319828;0.183248;0.7;0.7
0.341897;2.16652;2.19333;-0.108516;-6.21748;0.7;0.7
0.425733;2.00558;2.05027;0.0526513;3.0167;0.7;0.7
0.392699;1.91442;1.95428;-0.0068494;-0.392442;0.7;0.7
0.256026;2.12197;2.13736;-0.0822456;-4.71232;0.7;0.7
0.231427;2.02551;2.03869;-0.00631187;-0.361644;0.7;0.7
0.229624;1.98909;2.0023;0.00117071;0.0670767;0.7;0.7
0.236883;1.92744;1.94194;0.00735406;0.421357;0.7;0.7
0.238406;1.9639;1.97831;-0.00148425;-0.0850413;0.7;0.7
0.378241;2.16498;2.19777;0.05216;2.98855;0.7;0.7
0.337927;1.94871;1.97779;-0.00125991;-0.0721874;0.7;0.7
0.157789;1.96594;1.97226;-0.0916133;-5.24905;0.7;0.7
0.171191;2.0153;2.02255;0.00465228;0.266556;0.7;0.7
0.150429;1.97474;1.98047;-0.00871228;-0.499177;0.7;0.7
0.288493;2.17137;2.19045;0.0560589;3.21194;0.7;0.7
0.187063;1.98119;1.99;-0.0379481;-2.17427;0.7;0.7
0.187034;1.9649;1.97378;0.000760976;0.0436007;0.7;0.7
0.216253;2.02531;2.03682;0.011471;0.657242;0.7;0.7
0.183459;1.97898;1.98746;-0.0139328;-0.798291;0.7;0.7
0.135935;2.03294;2.03748;-0.0256729;-1.47095;0.7;0.7
0.196321;2.02132;2.03083;0.0300545;1.722;0.7;0.7
0.0602849;1.9775;1.97842;-0.0663455;-3.80131;0.7;0.7
0.0416288;1.75669;1.75718;-0.00678307;-0.388641;0.7;0.7
0.0674426;1.89519;1.89639;0.0118782;0.680573;0.7;0.7
0.208574;2.09505;2.10541;0.0636574;3.6473;0.7;0.7
0.213672;1.99954;2.01092;0.0072284;0.414157;0.7;0.7
0.240237;1.98712;2.00159;0.0138561;0.793899;0.7;0.7
0.177592;2.01584;2.02365;-0.032442;-1.85879;0.7;0.7
0.312691;1.80065;1.82759;0.0840691;4.8168;0.7;0.7
0.293358;1.90195;1.92444;-0.0189057;-1.08322;0.7;0.7
0.347382;2.06363;2.09267;0.0137372;0.787082;0.7;0.7
0.345208;1.92607;1.95676;0.0105747;0.605885;0.7;0.7
0.32119;1.96548;1.99155;-0.0153623;-0.880196;0.7;0.7
0.350207;1.95346;1.9846;0.0154072;0.882768;0.7;0.7
0.419788;1.94772;1.99245;0.0348891;1.999;0.7;0.7
0.426979;1.87808;1.926;0.0112692;0.645678;0.7;0.7
0.424827;1.98167;2.0267;-0.012368;-0.708634;0.7;0.7
0.291912;2.19888;2.21817;-0.079198;-4.53771;0.7;0.7
0.101574;1.97298;1.97559;-0.0805465;-4.61497;0.7;0.7
0.128916;1.96607;1.97029;0.0140398;0.804418;0.7;0.7
0.0258334;2.00916;2.00933;-0.0526196;-3.01488;0.7;0.7
0.00119332;2.02996;2.02996;-0.0122692;-0.702975;0.7;0.7
0.00422117;2.00696;2.00697;0.00151541;0.0868265;0.7;0.7
0.0256747;2.23272;2.23287;0.00939552;0.538323;0.7;0.7
-0.0785976;1.91876;1.92037;-0.0524387;-3.00451;0.7;0.7
-0.098753;1.98339;1.98585;-0.008809;-0.504718;0.7;0.7
0.0850094;2.12624;2.12794;0.0897086;5.13992;0.7;0.7
-0.107866;1.99879;2.0017;-0.0938728;-5.37851;0.7;0.7
-0.169131;1.92455;1.93197;-0.0337421;-1.93328;0.7;0.7
-0.162264;1.99944;2.00601;0.00667812;0.382628;0.7;0.7
-0.149657;1.99355;1.99916;0.00604712;0.346475;0.7;0.7
-0.0880966;1.97182;1.97378;0.0302817;1.73501;0.7;0.7
-0.117174;1.95738;1.96088;-0.0151431;-0.867638;0.7;0.7
0.136912;2.14204;2.14641;0.123622;7.08299;0.7;0.7
0.109168;2.01909;2.02204;-0.00981462;-0.562336;0.7;0.7
0.13125;1.87882;1.8834;0.0157287;0.90119;0.7;0.7
0.194312;1.75171;1.76245;0.040731;2.33371;0.7;0.7
0.233908;1.94576;1.95977;0.00916475;0.525102;0.7;0.7
0.434015;1.82292;1.87388;0.114096;6.5372;0.7;0.7
0.490883;1.89973;1.96213;0.0191298;1.09605;0.7;0.7
0.53294;1.98212;2.05252;0.00979586;0.561262;0.7;0.7
0.519283;1.87997;1.95037;0.00683713;0.391739;0.7;0.7
0.61438;2.04246;2.13287;0.0226955;1.30036;0.7;0.7
0.699972;1.96438;2.08536;0.0501115;2.87118;0.7;0.7
0.706032;1.93322;2.05811;0.00785492;0.450054;0.7;0.7
0.74207;1.93907;2.07622;0.015338;0.878803;0.7;0.7
0.670957;1.86773;1.98459;-0.0206184;-1.18135;0.7;0.7
0.833703;1.84637;2.02587;0.0792499;4.54068;0.7;0.7
0.790495;1.8342;1.99729;-0.0172082;-0.985959;0.7;0.7
0.792605;1.83072;1.99494;0.00166072;0.0951522;0.7;0.7
0.815035;1.94473;2.10861;-0.0117199;-0.671503;0.7;0.7
0.796206;1.86207;2.02515;0.00720204;0.412646;0.7;0.7
0.617795;1.83852;1.93954;-0.0798898;-4.57735;0.7;0.7
0.606671;1.83302;1.93081;-0.00455482;-0.260972;0.7;0.7
0.620551;1.91755;2.01546;-0.00664016;-0.380453;0.7;0.7
0.618154;1.90792;2.00556;0.000342236;0.0196087;0.7;0.7
0.70226;1.78185;1.91524;0.0621041;3.5583;0.7;0.7
0.663686;1.88664;1.99997;-0.0371642;-2.12935;0.7;0.7
0.860487;1.88296;2.07026;0.0903857;5.17872;0.7;0.7
0.882058;2.20829;2.37793;-0.0486317;-2.78639;0.7;0.7
0.820202;1.82388;1.99982;0.0425904;2.44025;0.7;0.7
1.02011;1.65703;1.94587;0.129224;7.404;0.7;0.7
1.21219;1.79565;2.16651;0.0419666;2.40451;0.7;0.7
1.16398;1.64592;2.01592;0.0217385;1.24552;0.7;0.7
1.17216;1.86436;2.20222;-0.0542646;-3.10913;0.7;0.7
1.0893;1.6928;2.013;0.0105127;0.602334;0.7;0.7
1.09132;1.69664;2.01731;-0.000187999;-0.0107716;0.7;0.7
1.0583;1.59915;1.91763;0.013024;0.746222;0.7;0.7
1.11411;1.53893;1.89988;0.0420016;2.40651;0.7;0.7
1.0436;1.71602;2.00844;-0.0802287;-4.59677;0.7;0.7
1.03934;1.65458;1.95393;0.014477;0.829472;0.7;0.7
0.8781;1.94003;2.1295;-0.135838;-7.78293;0.7;0.7
0.846611;1.73075;1.92672;0.0299058;1.71348;0.7;0.7
0.911542;2.00838;2.20556;-0.0288702;-1.65414;0.7;0.7
0.81127;2.08692;2.23906;-0.0553051;-3.16875;0.7;0.7
0.706765;2.08189;2.19859;-0.0434876;-2.49166;0.7;0.7
0.652951;1.92589;2.03357;-0.000398097;-0.0228093;0.7;0.7
0.513215;1.7812;1.85366;-0.046346;-2.65543;0.7;0.7
0.496395;1.85437;1.91966;-0.0189737;-1.08711;0.7;0.7
0.562381;2.20554;2.27611;-0.0118914;-0.681326;0.7;0.7
0.521864;1.95329;2.0218;0.011409;0.653688;0.7;0.7
0.572103;1.933;2.01588;0.0266781;1.52854;0.7;0.7
0.574679;1.9116;1.99612;0.00427938;0.24519;0.7;0.7
0.498157;1.85914;1.92472;-0.0302314;-1.73213;0.7;0.7
0.539061;1.86687;1.94314;0.0193046;1.10607;0.7;0.7
0.734203;1.8596;1.99929;0.0949261;5.43887;0.7;0.7
0.655332;1.95194;2.05901;-0.052121;-2.98631;0.7;0.7
0.280364;1.78994;1.81176;-0.168539;-9.65658;0.7;0.7
0.45566;1.94406;1.99675;0.0748585;4.28908;0.7;0.7
0.555059;2.05966;2.13314;0.0330076;1.8912;0.7;0.7
0.595175;2.05929;2.14357;0.0181161;1.03798;0.7;0.7
0.544445;2.17727;2.24431;-0.0363195;-2.08096;0.7;0.7
0.510311;1.91467;1.9815;0.0154392;0.884599;0.7;0.7
0.573898;1.97421;2.05593;0.0224284;1.28506;0.7;0.7
0.67024;2.01126;2.12;0.0387683;2.22126;0.7;0.7
0.69413;1.90467;2.02721;0.0278068;1.59321;0.7;0.7
0.728317;1.81484;1.95553;0.0321604;1.84266;0.7;0.7
0.739242;1.85828;1.99992;-0.00302006;-0.173037;0.7;0.7
0.634003;1.87655;1.98076;-0.052802;-3.02533;0.7;0.7
0.561861;1.92586;2.00615;-0.0419477;-2.40343;0.7;0.7
0.542108;1.92376;1.99869;-0.00919395;-0.526774;0.7;0.7
0.581134;1.96523;2.04936;0.0128409;0.735727;0.7;0.7
0.67402;1.79457;1.91697;0.071773;4.11229;0.7;0.7
0.688441;1.90542;2.02597;-0.0125749;-0.720488;0.7;0.7
0.754574;1.82957;1.97907;0.0444654;2.54768;0.7;0.7
0.825627;2.12761;2.28218;-0.0210109;-1.20384;0.7;0.7
0.633309;1.8061;1.91391;-0.0329121;-1.88572;0.7;0.7
0.683677;1.9061;2.025;0.00713047;0.408546;0.7;0.7
0.650549;1.90672;2.01464;-0.0155817;-0.892768;0.7;0.7
0.752079;1.98612;2.12375;0.0331793;1.90103;0.7;0.7
0.733751;1.90879;2.04497;0.00500892;0.28699;0.7;0.7
0.769048;1.85137;2.00475;0.0267142;1.53061;0.7;0.7
0.626351;1.84718;1.95048;-0.0667867;-3.82659;0.7;0.7
0.840898;1.91385;2.09044;0.087065;4.98845;0.7;0.7
1.19631;1.82264;2.18018;0.166851;9.55987;0.7;0.7
1.06894;1.60312;1.92682;0.00725064;0.415431;0.7;0.7
1.14296;1.74402;2.08517;-0.0079529;-0.455668;0.7;0.7
1.07101;1.68858;1.99959;-0.0148978;-0.85358;0.7;0.7
1.14501;1.69262;2.04353;0.0295262;1.69173;0.7;0.7
0.959199;1.65172;1.91004;-0.0686343;-3.93246;0.7;0.7
0.946643;1.88821;2.11222;-0.0614043;-3.5182;0.7;0.7
0.839318;1.74086;1.93263;-0.0154744;-0.886619;0.7;0.7
0.878786;1.78795;1.99224;0.00758106;0.434362;0.7;0.7
0.843267;1.81036;1.99712;-0.0209127;-1.19821;0.7;0.7
1.01951;1.86736;2.12754;0.0638211;3.65668;0.7;0.7
1.07934;1.75089;2.05684;0.0526906;3.01895;0.7;0.7
1.07194;1.70653;2.01527;0.00842441;0.482683;0.7;0.7
0.906974;1.59761;1.83711;-0.0445168;-2.55062;0.7;0.7
