#1 AntVel X	#2 AntVel Y	#3 Speed	#4 Turning Angle Rad		#5 Turning Angle Deg	#6 Detected Phero Left	#7 Detected Phero Right	
1.20066;1.89897;2.24671;-0.086995;-4.98445;0.7;0.7
1.19631;1.63335;2.02459;0.0683489;3.9161;0.7;0.7
1.3067;1.61384;2.07652;0.0484587;2.77648;0.7;0.7
1.09596;1.56081;1.90716;-0.0684335;-3.92095;0.7;0.7
1.15156;1.62321;1.99021;0.0048452;0.277609;0.7;0.7
1.15863;1.53122;1.92017;0.0307282;1.7606;0.7;0.7
1.18907;1.59038;1.98575;-0.00575521;-0.329749;0.7;0.7
1.32522;1.53485;2.0278;0.0702294;4.02385;0.7;0.7
1.43107;1.52282;2.08972;0.0421132;2.41291;0.7;0.7
1.29229;1.39221;1.89954;-0.0061493;-0.352329;0.7;0.7
1.31585;1.57076;2.04909;-0.0508755;-2.91495;0.7;0.7
1.25362;1.50047;1.95525;-0.00131572;-0.075385;0.7;0.7
1.29586;1.50669;1.9873;0.0143085;0.819814;0.7;0.7
1.15784;1.52596;1.9155;-0.0612268;-3.50804;0.7;0.7
1.22639;1.46714;1.9122;0.0471673;2.70249;0.7;0.7
1.26717;1.53844;1.99311;-0.0072453;-0.415125;0.7;0.7
1.28874;1.53668;2.00555;0.00886207;0.507759;0.7;0.7
1.14761;1.48719;1.87849;-0.0406458;-2.32883;0.7;0.7
1.22652;1.57426;1.99566;0.00464663;0.266232;0.7;0.7
1.04906;1.62952;1.93801;-0.0898767;-5.14955;0.7;0.7
0.959611;1.78615;2.0276;-0.0789915;-4.52588;0.7;0.7
0.99642;1.83533;2.08837;0.00438117;0.251023;0.7;0.7
0.952422;1.73213;1.97671;0.0053476;0.306395;0.7;0.7
0.875101;1.76943;1.974;-0.0434409;-2.48898;0.7;0.7
0.817593;1.72577;1.90964;-0.0168581;-0.9659;0.7;0.7
0.816661;1.87857;2.04841;-0.0323544;-1.85377;0.7;0.7
1.0459;1.60937;1.91937;0.166212;9.52326;0.7;0.7
1.03028;1.58259;1.88841;0.000792571;0.045411;0.7;0.7
1.12801;1.70713;2.04614;0.00682357;0.390962;0.7;0.7
1.09992;1.62884;1.96543;0.0100337;0.574888;0.7;0.7
1.06995;1.61251;1.9352;-0.00810999;-0.464668;0.7;0.7
0.967164;1.68924;1.94652;-0.0658453;-3.77266;0.7;0.7
1.02076;1.81959;2.08635;-0.00874782;-0.501213;0.7;0.7
0.97662;1.74927;2.00343;-0.00204321;-0.117067;0.7;0.7
0.751619;1.66214;1.82418;-0.0845118;-4.84217;0.7;0.7
0.545337;1.77705;1.85884;-0.126927;-7.2724;0.7;0.7
0.740311;1.76054;1.90986;0.1003;5.74678;0.7;0.7
0.814494;1.82289;1.99658;0.0221458;1.26886;0.7;0.7
0.385261;1.7522;1.79405;-0.203772;-11.6753;0.7;0.7
0.531048;2.14597;2.2107;0.0261603;1.49887;0.7;0.7
0.396393;1.89918;1.94011;-0.036826;-2.10998;0.7;0.7
0.400031;1.94951;1.99013;-0.00337748;-0.193515;0.7;0.7
0.321023;1.92354;1.95014;-0.0370185;-2.121;0.7;0.7
0.235852;1.64289;1.65973;-0.0227828;-1.30536;0.7;0.7
0.381568;1.93755;1.97476;0.0518606;2.97139;0.7;0.7
0.47604;2.19037;2.2415;0.01956;1.12071;0.7;0.7
0.408743;1.93715;1.9798;-0.00605329;-0.346828;0.7;0.7
0.442462;2.01525;2.06325;0.00817541;0.468417;0.7;0.7
0.534773;2.03228;2.10146;0.0411784;2.35935;0.7;0.7
0.480583;1.78921;1.85263;0.00510044;0.292234;0.7;0.7
0.529945;1.91994;1.99174;0.00690935;0.395876;0.7;0.7
0.623545;2.23597;2.32129;0.0026445;0.151519;0.7;0.7
0.442358;1.97817;2.02703;-0.05196;-2.97709;0.7;0.7
0.559868;1.8873;1.96859;0.0683802;3.9179;0.7;0.7
0.328951;1.95078;1.97832;-0.121327;-6.95152;0.7;0.7
0.411057;1.94927;1.99214;0.0407782;2.33642;0.7;0.7
0.309552;2.03265;2.05609;-0.056703;-3.24884;0.7;0.7
0.188083;1.83519;1.84481;-0.0489989;-2.80743;0.7;0.7
0.231081;1.97233;1.98582;0.0144995;0.830761;0.7;0.7
0.175221;1.99282;2.00051;-0.0289288;-1.6575;0.7;0.7
0.168719;2.04497;2.05192;-0.00538282;-0.308413;0.7;0.7
0.160846;2.01576;2.02217;-0.00269265;-0.154277;0.7;0.7
0.112313;1.84145;1.84487;-0.0187091;-1.07195;0.7;0.7
0.0190205;2.15457;2.15465;-0.0520883;-2.98444;0.7;0.7
0.00567194;1.92551;1.92552;-0.00588209;-0.337019;0.7;0.7
0.0464964;1.96455;1.9651;0.0207177;1.18704;0.7;0.7
0.0630813;2.02072;2.02171;0.00754375;0.432225;0.7;0.7
0.0415315;1.98016;1.98059;-0.0102363;-0.586495;0.7;0.7
0.0143186;2.03219;2.03224;-0.013925;-0.797845;0.7;0.7
0.0108992;2.02837;2.0284;-0.00167245;-0.0958245;0.7;0.7
0.0365126;1.97056;1.9709;0.0131535;0.753643;0.7;0.7
0.0555375;1.90187;1.90268;0.0106664;0.61114;0.7;0.7
-0.0950792;1.94051;1.94284;-0.0781511;-4.47773;0.7;0.7
-0.104562;1.86227;1.8652;-0.00713102;-0.408577;0.7;0.7
-0.0978899;2.00157;2.00396;0.00722107;0.413737;0.7;0.7
-0.06118;2.09379;2.09468;0.0196563;1.12622;0.7;0.7
-0.0692339;1.94531;1.94654;-0.00636367;-0.364612;0.7;0.7
0.12829;2.03264;2.03668;0.0986064;5.64973;0.7;0.7
0.076261;2.09833;2.09971;-0.0267035;-1.53;0.7;0.7
0.0712852;1.99798;1.99925;-0.000664115;-0.038051;0.7;0.7
0.177592;2.07654;2.08412;0.0496521;2.84486;0.7;0.7
0.229129;2.04781;2.06059;0.0261108;1.49604;0.7;0.7
0.189747;2.03915;2.04796;-0.0186417;-1.06809;0.7;0.7
0.0599088;2.13405;2.13489;-0.0647193;-3.70814;0.7;0.7
0.0986708;1.70704;1.70989;0.0296726;1.70011;0.7;0.7
0.190119;1.85677;1.86648;0.0442985;2.53812;0.7;0.7
0.179815;2.08376;2.09151;-0.0159565;-0.914242;0.7;0.7
0.18455;1.94546;1.9542;0.00849871;0.48694;0.7;0.7
-0.0756396;2.04436;2.04575;-0.131561;-7.5379;0.7;0.7
0.0448074;2.14999;2.15045;0.0578202;3.31285;0.7;0.7
-0.212693;1.84692;1.85913;-0.135494;-7.76321;0.7;0.7
-0.198269;1.7911;1.80204;0.00440781;0.252549;0.7;0.7
-0.15239;2.00613;2.01191;0.034431;1.97275;0.7;0.7
-0.127925;1.99342;1.99752;0.0117313;0.672156;0.7;0.7
-0.0928151;2.11492;2.11696;0.0202279;1.15897;0.7;0.7
-0.123043;2.04903;2.05272;-0.0161195;-0.923581;0.7;0.7
-0.0548167;2.05234;2.05308;0.0332742;1.90647;0.7;0.7
-0.0536356;2.00153;2.00225;-8.79105e-05;-0.0050369;0.7;0.7
-0.188142;2.04621;2.05484;-0.0648978;-3.71837;0.7;0.7
-0.286234;1.90734;1.9287;-0.0572694;-3.2813;0.7;0.7
-0.311133;1.95005;1.97472;-0.0092597;-0.530542;0.7;0.7
-0.302598;1.9596;1.98282;0.00500961;0.287029;0.7;0.7
-0.493117;2.02855;2.08763;-0.0852546;-4.88473;0.7;0.7
-0.449992;1.96179;2.01274;0.0129856;0.744022;0.7;0.7
-0.252591;1.96469;1.98086;0.0976136;5.59284;0.7;0.7
-0.389577;2.05136;2.08803;-0.0598128;-3.42702;0.7;0.7
-0.289565;2.01235;2.03307;0.0447631;2.56474;0.7;0.7
-0.321929;2.03021;2.05557;-0.0143467;-0.822007;0.7;0.7
-0.301664;1.97384;1.99676;0.00560306;0.321032;0.7;0.7
-0.303784;1.97339;1.99664;-0.00108392;-0.062104;0.7;0.7
-0.308456;1.97441;1.99836;-0.00223318;-0.127952;0.7;0.7
-0.510885;1.91532;1.98228;-0.105693;-6.05577;0.7;0.7
-0.311879;1.9071;1.93244;0.0985667;5.64746;0.7;0.7
-0.499654;1.89312;1.95795;-0.0959462;-5.49731;0.7;0.7
-0.390113;1.90728;1.94677;0.0562905;3.22521;0.7;0.7
-0.24989;1.97496;1.99071;0.0758959;4.34852;0.7;0.7
-0.165232;1.85264;1.86;0.0369081;2.11468;0.7;0.7
-0.369615;2.02178;2.05529;-0.0918676;-5.26363;0.7;0.7
-0.349527;1.96758;1.99839;0.00501114;0.287117;0.7;0.7
-0.331885;2.00604;2.03331;0.0118513;0.679027;0.7;0.7
-0.361752;1.96585;1.99886;-0.0180247;-1.03274;0.7;0.7
-0.370789;1.93373;1.96896;-0.00746663;-0.427806;0.7;0.7
-0.523095;2.03374;2.09993;-0.062303;-3.5697;0.7;0.7
-0.621445;1.87355;1.97392;-0.0685231;-3.92609;0.7;0.7
-0.514442;2.17196;2.23205;0.0877046;5.0251;0.7;0.7
-0.472317;1.96625;2.02218;-0.00317521;-0.181926;0.7;0.7
-0.510004;2.02254;2.08585;-0.0112658;-0.64548;0.7;0.7
-0.47918;1.94696;2.00506;0.00569045;0.326039;0.7;0.7
-0.474853;1.97374;2.03006;0.00522232;0.299217;0.7;0.7
-0.419067;1.7832;1.83178;0.00527804;0.302409;0.7;0.7
-0.441952;1.96373;2.01285;0.00945078;0.54149;0.7;0.7
-0.397471;1.97747;2.01703;0.0230134;1.31857;0.7;0.7
-0.623579;1.82566;1.92922;-0.130783;-7.49331;0.7;0.7
-0.574526;1.8743;1.96038;0.0317038;1.81649;0.7;0.7
-0.567124;1.8953;1.97833;0.00668884;0.383242;0.7;0.7
-0.46631;1.98494;2.03897;0.0600061;3.4381;0.7;0.7
-0.404471;2.06563;2.10486;0.0373767;2.14153;0.7;0.7
-0.35713;1.95053;1.98295;0.0122754;0.703328;0.7;0.7
-0.180151;1.83288;1.84172;0.0831149;4.76213;0.7;0.7
0.0606739;1.88611;1.88708;0.130131;7.45596;0.7;0.7
-0.0236467;1.94106;1.9412;-0.0443395;-2.54047;0.7;0.7
-0.00346244;1.99017;1.99018;0.010442;0.598282;0.7;0.7
0.0010186;1.94939;1.94939;0.00226229;0.129619;0.7;0.7
-0.0348318;2.03695;2.03724;-0.0176209;-1.0096;0.7;0.7
-0.0503934;2.04819;2.04881;-0.00750048;-0.429746;0.7;0.7
0.0930164;2.14605;2.14806;0.0679149;3.89124;0.7;0.7
0.204048;2.12451;2.13428;0.052435;3.0043;0.7;0.7
0.197788;2.00678;2.0165;0.00249136;0.142745;0.7;0.7
0.250115;1.98361;1.99931;0.0271867;1.55768;0.7;0.7
0.204765;1.92313;1.934;-0.0193538;-1.10889;0.7;0.7
0.288999;1.51357;1.54091;0.0825928;4.73222;0.7;0.7
0.281328;1.97088;1.99085;-0.0468834;-2.68622;0.7;0.7
0.332966;1.72977;1.76153;0.0483805;2.772;0.7;0.7
0.490562;1.91593;1.97774;0.0604935;3.46602;0.7;0.7
0.45146;1.9262;1.9784;-0.0204356;-1.17088;0.7;0.7
0.459332;1.94527;1.99876;0.00165776;0.0949827;0.7;0.7
0.326022;1.91933;1.94682;-0.0636239;-3.64538;0.7;0.7
0.249952;1.82505;1.84209;-0.0321475;-1.84192;0.7;0.7
0.25026;2.15745;2.17191;-0.0206271;-1.18185;0.7;0.7
0.223133;1.94704;1.95978;-0.00137861;-0.0789883;0.7;0.7
0.297884;1.93753;1.9603;0.0384456;2.20277;0.7;0.7
0.305967;2.06034;2.08294;-0.00512338;-0.293548;0.7;0.7
0.24077;2.10356;2.1173;-0.0334634;-1.91731;0.7;0.7
0.154757;1.72695;1.73388;-0.0245886;-1.40883;0.7;0.7
0.475855;1.95821;2.0152;0.149011;8.5377;0.7;0.7
0.661352;1.84622;1.9611;0.105593;6.05006;0.7;0.7
0.67591;1.88123;1.99897;0.000949223;0.0543865;0.7;0.7
0.789093;1.82746;1.99055;0.0626863;3.59166;0.7;0.7
0.631755;1.7772;1.88615;-0.066068;-3.78542;0.7;0.7
0.622671;1.85392;1.9557;-0.0175165;-1.00362;0.7;0.7
0.286482;1.69578;1.71981;-0.156672;-8.97662;0.7;0.7
0.460365;1.99248;2.04497;0.0597088;3.42106;0.7;0.7
0.505183;1.91187;1.97748;0.0312648;1.79134;0.7;0.7
0.530375;1.8441;1.91885;0.0217175;1.24432;0.7;0.7
0.535909;1.99508;2.06581;-0.017628;-1.01001;0.7;0.7
0.711876;1.8779;2.0083;0.0999237;5.72521;0.7;0.7
0.605249;1.7144;1.8181;-0.0229647;-1.31578;0.7;0.7
0.662936;1.86379;1.97818;0.00235699;0.135046;0.7;0.7
0.783356;1.88494;2.04124;0.0521331;2.98701;0.7;0.7
0.77875;1.63472;1.81074;0.0507049;2.90517;0.7;0.7
0.785247;1.75138;1.91936;-0.0230861;-1.32273;0.7;0.7
0.710084;1.73631;1.8759;-0.0332806;-1.90684;0.7;0.7
0.986406;1.83794;2.08591;0.10436;5.97938;0.7;0.7
0.952223;1.73021;1.97493;0.0105445;0.604156;0.7;0.7
0.860716;1.90879;2.09387;-0.079491;-4.5545;0.7;0.7
0.914076;1.7774;1.99867;0.0513822;2.94398;0.7;0.7
0.928467;1.77443;2.00266;0.00706932;0.405042;0.7;0.7
1.21771;1.62496;2.03059;0.161029;9.22629;0.7;0.7
1.19937;1.67736;2.06204;-0.0223586;-1.28105;0.7;0.7
1.04843;1.57025;1.88809;-0.0320387;-1.83568;0.7;0.7
1.18234;1.59093;1.98217;0.0504132;2.88847;0.7;0.7
1.01378;1.58357;1.88027;-0.0696735;-3.99199;0.7;0.7
1.05043;1.7222;2.01727;-0.0217533;-1.24637;0.7;0.7
1.00406;1.77044;2.03534;-0.0317985;-1.82192;0.7;0.7
0.968583;1.71902;1.97311;-0.00278048;-0.15931;0.7;0.7
1.00907;1.72622;1.99951;0.0158731;0.90946;0.7;0.7
1.02725;1.7098;1.99466;0.0120222;0.68882;0.7;0.7
0.965878;1.63994;1.90324;-0.00873606;-0.500539;0.7;0.7
0.989386;1.73867;2.00046;-0.014921;-0.854908;0.7;0.7
1.06711;1.72113;2.0251;0.0376511;2.15725;0.7;0.7
1.10593;1.46232;1.83343;0.0925075;5.30029;0.7;0.7
1.15226;1.55982;1.93926;-0.0112729;-0.645892;0.7;0.7
1.11401;1.66324;2.00185;-0.0460812;-2.64026;0.7;0.7
1.01619;1.67249;1.95701;-0.0441736;-2.53096;0.7;0.7
0.8469;1.594;1.80502;-0.0576051;-3.30053;0.7;0.7
1.11501;1.69744;2.0309;0.092821;5.31825;0.7;0.7
1.03249;1.74849;2.03058;-0.0477901;-2.73817;0.7;0.7
0.929666;1.81715;2.04115;-0.0605161;-3.46732;0.7;0.7
0.885857;1.89593;2.09268;-0.0357918;-2.05072;0.7;0.7
0.859801;1.83338;2.02498;0.00141861;0.0812805;0.7;0.7
0.849886;1.91388;2.0941;-0.0206115;-1.18095;0.7;0.7
0.937586;1.74223;1.97849;0.0757962;4.3428;0.7;0.7
0.875225;1.65133;1.86894;-0.00633514;-0.362977;0.7;0.7
0.864799;1.837;2.03038;-0.0473784;-2.71458;0.7;0.7
0.832841;1.79792;1.98145;-0.00619172;-0.354759;0.7;0.7
0.691486;1.91462;2.03566;-0.0872139;-4.99699;0.7;0.7
0.674806;1.88948;2.00636;-0.00356279;-0.204133;0.7;0.7
0.749133;1.84582;1.99205;0.0425213;2.43629;0.7;0.7
0.768409;2.00924;2.15116;-0.0202658;-1.16115;0.7;0.7
0.747675;1.84285;1.98875;0.0201483;1.15441;0.7;0.7
0.790931;1.87952;2.03916;0.0128966;0.738919;0.7;0.7
0.719544;1.84305;1.97853;-0.0261089;-1.49593;0.7;0.7
0.505114;2.00614;2.06875;-0.125554;-7.19373;0.7;0.7
0.700942;1.90827;2.03293;0.105362;6.03682;0.7;0.7
0.673092;1.83674;1.95618;-0.000756211;-0.0433277;0.7;0.7
0.733327;1.9462;2.07977;0.00908394;0.520471;0.7;0.7
0.737379;1.78279;1.92926;0.031837;1.82413;0.7;0.7
0.690258;1.73607;1.86826;-0.0137498;-0.787803;0.7;0.7
0.662042;2.04916;2.15345;-0.0659405;-3.77811;0.7;0.7
0.572617;1.88526;1.9703;-0.0176151;-1.00927;0.7;0.7
0.584137;1.88731;1.97564;0.0052783;0.302425;0.7;0.7
0.680879;1.79503;1.91982;0.0623905;3.57471;0.7;0.7
0.858078;1.84871;2.03814;0.0720105;4.1259;0.7;0.7
0.960637;1.50967;1.78939;0.132143;7.57122;0.7;0.7
1.03122;1.27667;1.64112;0.112743;6.45969;0.7;0.7
1.18361;1.47006;1.88732;-0.00157417;-0.0901932;0.7;0.7
1.16065;1.56535;1.9487;-0.0398523;-2.28337;0.7;0.7
1.32038;1.64982;2.11313;0.0369194;2.11532;0.7;0.7
1.32257;1.57642;2.05775;0.0231197;1.32466;0.7;0.7
1.36704;1.66217;2.15211;-0.0097792;-0.560307;0.7;0.7
1.29377;1.3546;1.87318;0.0741548;4.24876;0.7;0.7
1.38228;1.42164;1.98286;0.00893014;0.511659;0.7;0.7
1.50364;1.59693;2.19343;-0.0160428;-0.919184;0.7;0.7
1.34732;1.50241;2.01805;-0.0242936;-1.39192;0.7;0.7
1.50583;1.53152;2.1478;0.0459145;2.6307;0.7;0.7
1.42813;1.45831;2.04113;-0.00199757;-0.114452;0.7;0.7
1.37331;1.53514;2.05977;-0.0451299;-2.58575;0.7;0.7
1.4757;1.46502;2.07942;0.0592173;3.3929;0.7;0.7
1.40798;1.51889;2.0711;-0.0415052;-2.37807;0.7;0.7
1.3639;1.42758;1.97439;0.0150654;0.863181;0.7;0.7
1.29906;1.33347;1.86164;0.00973649;0.55786;0.7;0.7
1.18568;1.14314;1.647;0.0313375;1.79551;0.7;0.7
1.32593;1.4149;1.93908;-0.0507149;-2.90575;0.7;0.7
1.34439;1.44884;1.9765;-0.00492637;-0.28226;0.7;0.7
1.18144;1.24714;1.71789;0.0103321;0.591983;0.7;0.7
1.61189;1.36438;2.11181;0.110014;6.30332;0.7;0.7
1.48728;1.39916;2.04197;-0.0524513;-3.00524;0.7;0.7
1.4419;1.38568;1.9998;-0.0106399;-0.609619;0.7;0.7
1.36642;1.49143;2.02274;-0.0635931;-3.64362;0.7;0.7
1.16935;1.65441;2.02594;-0.126404;-7.24243;0.7;0.7
1.21;1.73417;2.11458;-0.00607057;-0.347818;0.7;0.7
1.08247;1.66091;1.98252;-0.0316171;-1.81153;0.7;0.7
1.09764;1.56425;1.91094;0.0342752;1.96382;0.7;0.7
1.1326;1.61192;1.97004;0.000630405;0.0361195;0.7;0.7
0.983297;1.63639;1.9091;-0.0714214;-4.09215;0.7;0.7
1.03965;1.70583;1.99768;0.00627435;0.359494;0.7;0.7
1.17041;1.67888;2.04658;0.0614501;3.52083;0.7;0.7
1.13306;1.58743;1.95032;0.0111085;0.63647;0.7;0.7
1.10572;1.94693;2.23901;-0.103402;-5.92452;0.7;0.7
0.993647;1.85877;2.10769;-0.0255848;-1.4659;0.7;0.7
0.950188;1.76661;2.00593;0.0025529;0.14627;0.7;0.7
0.936433;1.58296;1.8392;0.0407235;2.33328;0.7;0.7
1.05483;1.78581;2.07408;-0.000663564;-0.0380194;0.7;0.7
1.00079;1.86157;2.11353;-0.040257;-2.30656;0.7;0.7
1.19127;1.80219;2.16033;0.0907996;5.20243;0.7;0.7
1.02096;1.69319;1.97718;-0.041471;-2.37611;0.7;0.7
0.89474;1.65895;1.88485;-0.0479829;-2.74922;0.7;0.7
0.741095;1.91978;2.05786;-0.126218;-7.23174;0.7;0.7
0.631796;1.80386;1.9113;-0.031511;-1.80545;0.7;0.7
0.661121;1.88757;2;2.97579e-06;0.0001705;0.7;0.7
0.733809;1.93393;2.06847;0.0257579;1.47582;0.7;0.7
0.820261;1.80979;1.987;0.0628849;3.60304;0.7;0.7
0.801092;1.85091;2.01683;-0.0170738;-0.978255;0.7;0.7
0.822118;1.76438;1.94651;0.0275749;1.57992;0.7;0.7
0.794084;1.70508;1.88092;-0.000196061;-0.0112335;0.7;0.7
0.833946;1.791;1.97564;-6.87817e-05;-0.0039409;0.7;0.7
0.757727;1.82239;1.97364;-0.041736;-2.3913;0.7;0.7
0.800741;1.63478;1.82036;0.0614253;3.51941;0.7;0.7
0.841049;1.74898;1.94069;-0.0072318;-0.414352;0.7;0.7
0.849294;1.81931;2.00778;-0.01148;-0.657756;0.7;0.7
0.8877;1.90342;2.10024;-0.000369618;-0.0211776;0.7;0.7
0.789767;1.75784;1.92711;-0.0141279;-0.80947;0.7;0.7
0.961131;1.76446;2.00925;0.0765212;4.38434;0.7;0.7
0.916127;1.80609;2.02516;-0.0293532;-1.68182;0.7;0.7
0.855426;1.80726;1.99949;-0.0273421;-1.56659;0.7;0.7
0.814952;1.89131;2.05942;-0.0352325;-2.01867;0.7;0.7
0.835174;1.87391;2.0516;0.0124094;0.711009;0.7;0.7
0.796453;1.84856;2.01284;-0.0124443;-0.713003;0.7;0.7
0.817134;1.7978;1.97479;0.0197899;1.13388;0.7;0.7
0.879692;1.9352;2.12576;4.62603e-05;0.00265052;0.7;0.7
1.12569;1.84159;2.15839;0.122005;6.9904;0.7;0.7
1.06369;1.69853;2.00411;0.0108323;0.620646;0.7;0.7
1.16814;1.69787;2.0609;0.0431366;2.47155;0.7;0.7
1.13167;1.64246;1.99458;0.000685109;0.0392539;0.7;0.7
1.00047;1.51419;1.81486;-0.0194294;-1.11322;0.7;0.7
1.13417;1.67239;2.0207;0.0120443;0.690088;0.7;0.7
1.02222;1.73713;2.01558;-0.0640387;-3.66915;0.7;0.7
1.2947;1.6722;2.11483;0.126954;7.27393;0.7;0.7
1.22219;1.53733;1.96395;0.0128486;0.736168;0.7;0.7
1.21213;1.59226;2.00113;-0.0210194;-1.20432;0.7;0.7
0.991382;1.44526;1.75261;-0.0494349;-2.83241;0.7;0.7
1.06109;1.58658;1.9087;-0.0117642;-0.67404;0.7;0.7
1.09815;1.52431;1.87869;0.0348293;1.99557;0.7;0.7
1.14045;1.52345;1.90303;0.0183037;1.04873;0.7;0.7
1.41968;1.70279;2.21697;0.0523717;3.00067;0.7;0.7
1.14442;1.39332;1.80307;-0.00734561;-0.420872;0.7;0.7
1.36195;1.47363;2.00661;0.0584004;3.3461;0.7;0.7
1.46131;1.50955;2.10099;0.0231325;1.32539;0.7;0.7
1.3067;1.48488;1.97796;-0.0475073;-2.72197;0.7;0.7
1.27102;1.46615;1.94038;-0.00742633;-0.425498;0.7;0.7
1.35802;1.62402;2.11699;-0.0177962;-1.01965;0.7;0.7
1.44763;1.66274;2.20461;0.0199157;1.14109;0.7;0.7
1.24187;1.40695;1.87663;0.00680666;0.389993;0.7;0.7
1.44842;1.55494;2.12503;0.0267909;1.53501;0.7;0.7
1.32949;1.46265;1.97659;-0.0122059;-0.699346;0.7;0.7
1.2878;1.48979;1.96923;-0.024936;-1.42873;0.7;0.7
1.22959;1.61554;2.03024;-0.0622351;-3.56581;0.7;0.7
1.22001;1.54196;1.96623;0.0187879;1.07647;0.7;0.7
1.21619;1.62734;2.03159;-0.0275558;-1.57883;0.7;0.7
1.19051;1.71752;2.08978;-0.0356842;-2.04455;0.7;0.7
1.30079;1.90794;2.30918;-0.00772566;-0.442648;0.7;0.7
1.17922;1.66875;2.04335;0.0167832;0.961606;0.7;0.7
1.1874;1.69836;2.07228;-0.00502452;-0.287884;0.7;0.7
1.23987;1.64081;2.05658;0.0369536;2.11729;0.7;0.7
1.11068;1.54123;1.89974;-0.0226568;-1.29814;0.7;0.7
1.07574;1.65081;1.97038;-0.0469186;-2.68824;0.7;0.7
0.766702;1.60556;1.77922;-0.132018;-7.56407;0.7;0.7
0.925291;1.76672;1.99436;0.0369421;2.11663;0.7;0.7
0.962831;1.50953;1.79046;0.0853208;4.88852;0.7;0.7
1.07548;1.67153;1.98763;0.0039526;0.226468;0.7;0.7
1.08187;1.68279;2.00056;-0.000355762;-0.0203836;0.7;0.7
1.18148;1.58602;1.97772;0.0688805;3.94656;0.7;0.7
1.16423;1.67113;2.03668;-0.031763;-1.81989;0.7;0.7
1.18954;1.61103;2.0026;0.0275295;1.57732;0.7;0.7
1.20182;1.62944;2.02471;-0.000523022;-0.029967;0.7;0.7
1.10506;1.59642;1.94158;-0.0300157;-1.71977;0.7;0.7
1.13573;1.57209;1.93942;0.0201463;1.1543;0.7;0.7
1.19882;1.55031;1.95976;0.0326065;1.86821;0.7;0.7
1.23038;1.53982;1.97101;0.0159234;0.912343;0.7;0.7
1.29324;1.63652;2.08582;-0.00539593;-0.309164;0.7;0.7
1.19761;1.56016;1.96682;-0.0140751;-0.806446;0.7;0.7
1.21845;1.59991;2.01105;-0.00381525;-0.218598;0.7;0.7
1.24748;1.61218;2.03846;0.00768355;0.440235;0.7;0.7
1.29139;1.73691;2.16438;-0.0192269;-1.10162;0.7;0.7
1.24312;1.5142;1.95912;0.0480739;2.75443;0.7;0.7
1.27764;1.5407;2.00153;0.00492931;0.282429;0.7;0.7
1.30937;1.45528;1.95762;0.0403398;2.3113;0.7;0.7
1.35598;1.45336;1.98769;0.0180813;1.03598;0.7;0.7
1.36196;1.46952;2.0036;-0.00332419;-0.190462;0.7;0.7
1.44507;1.39248;2.00679;0.0565042;3.23745;0.7;0.7
1.55625;1.30826;2.03309;0.067825;3.88608;0.7;0.7
1.5679;1.32553;2.05313;-0.00278691;-0.159678;0.7;0.7
1.43162;1.42393;2.01919;-0.0808751;-4.6338;0.7;0.7
1.32104;1.32623;1.87191;-0.00465721;-0.266838;0.7;0.7
1.24662;1.50711;1.95588;-0.0923547;-5.29154;0.7;0.7
1.27112;1.56278;2.01446;-0.00823782;-0.471992;0.7;0.7
1.39086;1.5111;2.05376;0.0611449;3.50335;0.7;0.7
1.34088;1.49747;2.01007;-0.0137053;-0.785255;0.7;0.7
1.22337;1.45811;1.90334;-0.0322034;-1.84512;0.7;0.7
1.39753;1.55022;2.08717;0.0355646;2.0377;0.7;0.7
1.39139;1.52191;2.06208;0.00698408;0.400158;0.7;0.7
1.3958;1.47405;2.03004;0.0175108;1.0033;0.7;0.7
1.39047;1.44321;2.00406;0.00865052;0.495638;0.7;0.7
1.37408;1.41582;1.97297;0.00364976;0.209116;0.7;0.7
1.39227;1.43524;1.99959;-0.000235933;-0.013518;0.7;0.7
1.41415;1.42021;2.0042;0.0130589;0.748218;0.7;0.7
1.5188;1.60023;2.20624;-0.0239667;-1.37319;0.7;0.7
1.31237;1.45531;1.95966;-0.0254996;-1.46102;0.7;0.7
1.45907;1.61627;2.17743;0.00053151;0.0304533;0.7;0.7
1.24755;1.41763;1.8884;-0.0126596;-0.725339;0.7;0.7
1.41757;1.33616;1.94803;0.0932841;5.34478;0.7;0.7
1.4303;1.42247;2.01722;-0.0268111;-1.53616;0.7;0.7
1.47223;1.54846;2.13663;-0.0279709;-1.60261;0.7;0.7
1.42485;1.20652;1.86705;0.108013;6.1887;0.7;0.7
1.51227;1.08538;1.86145;0.0800941;4.58905;0.7;0.7
1.62696;1.10479;1.96661;0.0259946;1.48938;0.7;0.7
1.68504;1.14999;2.04005;-0.00233868;-0.133996;0.7;0.7
1.54586;1.14984;1.9266;-0.0406697;-2.3302;0.7;0.7
1.54932;1.21495;1.96888;-0.0254864;-1.46026;0.7;0.7
1.48685;1.05805;1.82488;0.0465477;2.66699;0.7;0.7
1.56133;0.984792;1.84596;0.0557571;3.19465;0.7;0.7
1.87054;1.05926;2.14964;0.047452;2.7188;0.7;0.7
1.69548;1.05373;1.99624;-0.0408113;-2.33832;0.7;0.7
1.6847;1.05148;1.98591;-0.00190345;-0.10906;0.7;0.7
1.62794;1.08104;1.95419;-0.0282134;-1.61651;0.7;0.7
1.69655;1.48959;2.25769;-0.134342;-7.69721;0.7;0.7
1.48698;1.33051;1.99534;-0.00938972;-0.537991;0.7;0.7
1.51843;1.48324;2.12265;-0.0437534;-2.50689;0.7;0.7
1.38183;1.40062;1.96754;-0.0184728;-1.05841;0.7;0.7
1.34135;1.51274;2.02178;-0.0532299;-3.04985;0.7;0.7
1.33983;1.27439;1.84912;0.0850068;4.87053;0.7;0.7
1.41426;1.07965;1.77926;0.108348;6.2079;0.7;0.7
1.68185;1.19461;2.06294;0.0344235;1.97232;0.7;0.7
1.85728;1.23758;2.23183;0.0298234;1.70876;0.7;0.7
1.65037;1.17406;2.02537;-0.0305542;-1.75063;0.7;0.7
1.64806;1.16651;2.01912;0.00238493;0.136647;0.7;0.7
1.70184;1.15937;2.05922;0.0179203;1.02676;0.7;0.7
1.72367;1.16449;2.08017;0.00387212;0.221856;0.7;0.7
1.65534;1.11995;1.99861;-0.000673865;-0.0386096;0.7;0.7
1.5545;1.1696;1.94537;-0.0502068;-2.87664;0.7;0.7
1.6208;1.14385;1.98378;0.0304696;1.74578;0.7;0.7
1.61009;1.22906;2.02558;-0.0374274;-2.14443;0.7;0.7
1.50566;1.23254;1.94581;-0.0339921;-1.9476;0.7;0.7
1.54071;1.3393;2.04145;-0.0295944;-1.69564;0.7;0.7
1.5161;1.04997;1.84418;0.109873;6.29527;0.7;0.7
1.63237;1.33619;2.10951;-0.0802481;-4.59788;0.7;0.7
1.43673;1.40249;2.00778;-0.0873883;-5.00698;0.7;0.7
1.35317;1.47506;2.00172;-0.0551276;-3.15858;0.7;0.7
1.35139;1.47395;1.9997;-0.000281847;-0.0161486;0.7;0.7
1.46244;1.56831;2.14437;0.00843515;0.483299;0.7;0.7
1.42324;1.4057;2.0004;0.0411167;2.35582;0.7;0.7
1.39873;1.36241;1.95259;0.0069527;0.398361;0.7;0.7
1.33305;1.33543;1.8869;-0.0140472;-0.804845;0.7;0.7
1.34926;1.45164;1.98186;-0.0356393;-2.04198;0.7;0.7
1.33174;1.43604;1.9585;-0.00113325;-0.0649305;0.7;0.7
1.36614;1.47515;2.01057;-0.000680922;-0.039014;0.7;0.7
1.34405;1.61887;2.10409;-0.054138;-3.10188;0.7;0.7
1.11579;1.46834;1.84418;-0.0431064;-2.46981;0.7;0.7
1.23956;1.58163;2.0095;0.0149328;0.855584;0.7;0.7
1.25702;1.59104;2.02769;0.00391119;0.224095;0.7;0.7
1.33259;1.42357;1.94996;0.0837493;4.79848;0.7;0.7
1.14622;1.29588;1.73007;-0.0282089;-1.61625;0.7;0.7
1.2391;1.44413;1.90286;-0.015055;-0.862588;0.7;0.7
1.27543;1.48941;1.96088;-0.00097653;-0.0559511;0.7;0.7
1.24573;1.4906;1.94261;-0.0120108;-0.688168;0.7;0.7
1.16349;1.56933;1.95359;-0.0581771;-3.3333;0.7;0.7
1.14483;1.69277;2.04355;-0.0433222;-2.48218;0.7;0.7
1.08681;1.61845;1.9495;-0.00329626;-0.188862;0.7;0.7
0.96556;1.64025;1.90334;-0.0593069;-3.39803;0.7;0.7
0.923437;1.88841;2.1021;-0.0772334;-4.42515;0.7;0.7
0.90233;1.81458;2.02655;0.00664685;0.380837;0.7;0.7
0.930124;1.91663;2.1304;-0.00964696;-0.55273;0.7;0.7
0.853105;1.76932;1.96425;-0.00253391;-0.145182;0.7;0.7
0.856741;1.91358;2.09662;-0.0283242;-1.62286;0.7;0.7
0.823469;1.78908;1.9695;0.010412;0.596566;0.7;0.7
0.757254;1.78037;1.93472;-0.0292104;-1.67363;0.7;0.7
0.953402;1.98649;2.20344;0.045318;2.59653;0.7;0.7
0.719865;1.83032;1.96679;-0.0727548;-4.16854;0.7;0.7
0.82653;1.64303;1.83921;0.0913697;5.2351;0.7;0.7
0.901559;1.78915;2.00347;0.000676638;0.0387685;0.7;0.7
0.755795;1.79917;1.95147;-0.0690679;-3.9573;0.7;0.7
0.757215;1.80673;1.959;-0.000827962;-0.0474387;0.7;0.7
0.772504;1.81736;1.97473;0.00505999;0.289916;0.7;0.7
0.898968;1.68424;1.90914;0.0883555;5.0624;0.7;0.7
0.950789;1.75862;1.99919;0.0053481;0.306424;0.7;0.7
0.890313;1.73193;1.94737;-0.0208017;-1.19185;0.7;0.7
0.892321;1.77125;1.98333;-0.00816403;-0.467765;0.7;0.7
0.914903;1.78631;2.00698;0.00667254;0.382308;0.7;0.7
0.79381;1.68428;1.86197;-0.0329097;-1.88559;0.7;0.7
0.798529;1.6517;1.8346;0.00989924;0.567185;0.7;0.7
0.82713;1.70658;1.89646;0.000979718;0.0561337;0.7;0.7
1.014;1.83114;2.09314;0.0544127;3.11762;0.7;0.7
0.994625;1.73553;2.00033;0.0146823;0.841232;0.7;0.7
0.977553;1.77798;2.029;-0.0177054;-1.01444;0.7;0.7
1.0072;1.78091;2.04599;0.0120067;0.687935;0.7;0.7
0.918199;1.82223;2.0405;-0.0479524;-2.74747;0.7;0.7
1.03112;1.79446;2.06962;0.0547902;3.13925;0.7;0.7
0.987795;1.78636;2.04128;-0.0164261;-0.941146;0.7;0.7
1.046;1.74113;2.03117;0.0358626;2.05478;0.7;0.7
1.01517;1.68956;1.97109;6.69456e-05;0.0038357;0.7;0.7
0.832999;1.68486;1.87953;-0.0818854;-4.69169;0.7;0.7
1.03052;1.67221;1.96424;0.0931331;5.33613;0.7;0.7
1.08443;1.60781;1.93934;0.0410962;2.35464;0.7;0.7
1.11094;1.63382;1.97574;0.00376104;0.215492;0.7;0.7
1.09705;1.6004;1.94031;0.00376387;0.215654;0.7;0.7
1.13401;1.64075;1.9945;0.00384797;0.220472;0.7;0.7
1.15645;1.66347;2.02596;0.00273779;0.156864;0.7;0.7
1.09861;1.53222;1.88538;0.0145485;0.833568;0.7;0.7
1.18372;1.62147;2.00758;0.00854608;0.489655;0.7;0.7
1.16394;1.72556;2.08142;-0.0371702;-2.1297;0.7;0.7
0.912417;1.64972;1.88523;-0.0882243;-5.05488;0.7;0.7
1.14817;1.71117;2.06068;0.0857841;4.91507;0.7;0.7
0.876126;2.03023;2.21121;-0.183588;-10.5188;0.7;0.7
0.918717;1.68193;1.91649;0.0925462;5.30251;0.7;0.7
1.0732;1.96194;2.23629;0.000601085;0.0344396;0.7;0.7
0.970109;1.79546;2.04078;-0.00516799;-0.296104;0.7;0.7
0.851024;1.80256;1.99336;-0.0542808;-3.11006;0.7;0.7
0.840834;1.84324;2.02596;-0.0131204;-0.751742;0.7;0.7
0.765642;1.95058;2.09546;-0.053933;-3.09013;0.7;0.7
0.699415;1.9313;2.05404;-0.0265858;-1.52326;0.7;0.7
0.656405;1.84864;1.96172;-0.00626787;-0.359123;0.7;0.7
0.67767;1.90079;2.01798;0.00128297;0.0735087;0.7;0.7
0.738803;1.97677;2.11032;0.0151958;0.870656;0.7;0.7
0.749084;1.9302;2.07046;0.0125264;0.717711;0.7;0.7
0.611387;2.01611;2.10677;-0.0757565;-4.34053;0.7;0.7
0.586262;1.90824;1.99627;0.00363614;0.208336;0.7;0.7
0.615208;1.90098;1.99805;0.0149168;0.854669;0.7;0.7
0.626156;1.86662;1.96884;0.0106644;0.611026;0.7;0.7
0.637535;1.89732;2.00157;0.000511477;0.0293055;0.7;0.7
0.644046;1.88521;1.99219;0.00503306;0.288373;0.7;0.7
0.596526;1.93626;2.02607;-0.0303442;-1.73859;0.7;0.7
0.606617;1.99429;2.08451;-0.00357071;-0.204587;0.7;0.7
0.352488;1.82574;1.85945;-0.104565;-5.99112;0.7;0.7
0.410303;1.85681;1.9016;0.0267579;1.53312;0.7;0.7
0.405103;2.01907;2.05931;-0.0194676;-1.11541;0.7;0.7
0.32991;1.98385;2.01109;-0.0332193;-1.90333;0.7;0.7
0.264138;2.00579;2.0231;-0.0338556;-1.93979;0.7;0.7
0.326677;1.972;1.99887;0.0332322;1.90407;0.7;0.7
0.231879;1.88847;1.90266;-0.041992;-2.40596;0.7;0.7
0.117944;2.25747;2.26055;-0.0699761;-4.00933;0.7;0.7
0.0468784;2.08846;2.08898;-0.0297561;-1.7049;0.7;0.7
0.113424;2.34797;2.35071;0.0258272;1.47979;0.7;0.7
0.153971;1.93436;1.94047;0.0311607;1.78537;0.7;0.7
0.163595;2.01702;2.02364;0.00149971;0.0859269;0.7;0.7
0.0861327;2.01334;2.01519;-0.0381754;-2.18729;0.7;0.7
0.170168;2.06561;2.07261;0.0394412;2.25982;0.7;0.7
0.191935;1.94093;1.95039;0.0163717;0.938029;0.7;0.7
0.0988638;1.97995;1.98241;-0.0486766;-2.78896;0.7;0.7
0.0708736;1.96177;1.96305;-0.0137795;-0.789505;0.7;0.7
0.362855;1.93463;1.96837;0.149292;8.55379;0.7;0.7
0.238719;2.03985;2.05377;-0.0689061;-3.94803;0.7;0.7
0.0824322;1.99294;1.99465;-0.0751588;-4.30628;0.7;0.7
0.224732;2.11979;2.13167;0.064283;3.68315;0.7;0.7
0.264582;2.0836;2.10033;0.0206855;1.18519;0.7;0.7
0.540559;1.86818;1.94481;0.155351;8.90098;0.7;0.7
0.638941;1.7804;1.89158;0.0629009;3.60396;0.7;0.7
0.790287;1.71623;1.88945;0.0869736;4.98322;0.7;0.7
0.867006;1.79498;1.9934;0.0184357;1.05629;0.7;0.7
0.804817;1.75137;1.92744;-0.0192137;-1.10086;0.7;0.7
0.859487;1.81677;2.00982;0.0111292;0.637656;0.7;0.7
0.884356;1.74965;1.96045;0.0261113;1.49607;0.7;0.7
1.09392;1.80049;2.10675;0.0779684;4.46726;0.7;0.7
1.12653;1.5915;1.94986;0.0700032;4.01089;0.7;0.7
1.1606;1.61251;1.98675;0.00789178;0.452166;0.7;0.7
1.29141;1.66944;2.11063;0.0345505;1.9796;0.7;0.7
1.29555;1.4767;1.96446;0.0617367;3.53725;0.7;0.7
1.3035;1.51053;1.9952;-0.0081858;-0.469012;0.7;0.7
1.18295;1.47568;1.89129;-0.0362268;-2.07564;0.7;0.7
1.24106;1.5463;1.98275;0.000587913;0.0336849;0.7;0.7
1.03297;1.46382;1.79159;-0.0618015;-3.54097;0.7;0.7
1.11102;1.54622;1.90399;0.00854028;0.489322;0.7;0.7
1.06552;1.47818;1.82219;0.00151045;0.0865425;0.7;0.7
1.15724;1.60164;1.97597;0.0011217;0.0642687;0.7;0.7
1.21145;1.62345;2.02563;0.0153865;0.881581;0.7;0.7
1.22661;1.65304;2.05843;-0.0026966;-0.154504;0.7;0.7
1.00311;1.76911;2.03371;-0.12257;-7.02273;0.7;0.7
0.804003;1.67475;1.85775;-0.0682338;-3.90951;0.7;0.7
0.855541;1.85379;2.04168;-0.0151943;-0.87057;0.7;0.7
0.846579;1.82472;2.01154;0.00200969;0.115146;0.7;0.7
0.848394;1.74377;1.9392;0.0184193;1.05535;0.7;0.7
0.855347;1.75732;1.95443;0.00016487;0.00944638;0.7;0.7
0.876105;1.80091;2.00271;-0.000206572;-0.0118357;0.7;0.7
0.72571;1.97122;2.10057;-0.100019;-5.73065;0.7;0.7
0.802329;1.76972;1.9431;0.0728965;4.17666;0.7;0.7
0.889439;1.97197;2.16328;-0.00193109;-0.110643;0.7;0.7
0.833343;1.62584;1.82697;0.0499273;2.86063;0.7;0.7
0.876233;1.80859;2.00967;-0.0224884;-1.28849;0.7;0.7
0.928422;1.86602;2.08423;0.010521;0.602808;0.7;0.7
0.888303;1.64763;1.87183;0.0327886;1.87865;0.7;0.7
0.88436;1.70338;1.91927;-0.0155943;-0.893487;0.7;0.7
0.915247;1.87169;2.08349;-0.0240687;-1.37904;0.7;0.7
0.631398;1.96073;2.05988;-0.143267;-8.20861;0.7;0.7
0.476551;1.98298;2.03944;-0.0756889;-4.33666;0.7;0.7
0.656835;1.86883;1.9809;0.102135;5.85192;0.7;0.7
0.680744;1.92892;2.04552;0.00128609;0.0736873;0.7;0.7
0.644918;1.92044;2.02583;-0.0152833;-0.875668;0.7;0.7
0.625015;1.89751;1.9978;-0.00579092;-0.331795;0.7;0.7
0.54719;1.93781;2.01358;-0.0429845;-2.46283;0.7;0.7
0.577864;1.80203;1.89241;0.0351042;2.01133;0.7;0.7
0.588745;1.93626;2.02379;-0.0151342;-0.867127;0.7;0.7
0.583953;1.9126;1.99976;0.00114831;0.065793;0.7;0.7
0.548236;1.88596;1.96402;-0.0134312;-0.769551;0.7;0.7
0.513451;1.81998;1.89102;-0.00792485;-0.45406;0.7;0.7
0.330155;1.77356;1.80403;-0.090925;-5.20962;0.7;0.7
0.47969;2.1311;2.18442;0.0373526;2.14015;0.7;0.7
0.376495;1.77897;1.81838;-0.0128419;-0.735785;0.7;0.7
0.410143;1.95461;1.99718;-0.00172572;-0.0988766;0.7;0.7
0.410814;1.96876;2.01116;-0.00111793;-0.0640525;0.7;0.7
0.451797;2.18982;2.23594;-0.00225224;-0.129044;0.7;0.7
0.490522;2.02941;2.08785;0.0336954;1.93061;0.7;0.7
0.460372;1.65786;1.7206;0.0337071;1.93127;0.7;0.7
0.829839;2.13764;2.29306;0.0994314;5.697;0.7;0.7
0.753611;1.83773;1.98625;0.0188668;1.08099;0.7;0.7
0.698335;1.80469;1.93509;-0.0199527;-1.14321;0.7;0.7
0.672451;1.87243;1.98952;-0.0244237;-1.39937;0.7;0.7
0.767871;2.07776;2.21511;0.00921134;0.527771;0.7;0.7
0.656077;1.883;1.99403;-0.0187311;-1.07321;0.7;0.7
0.677759;1.72511;1.85347;0.0390853;2.23942;0.7;0.7
0.731667;1.82158;1.96303;0.0075887;0.434801;0.7;0.7
0.732809;1.76105;1.90744;0.0123843;0.709567;0.7;0.7
0.610254;1.94198;2.03561;-0.0898539;-5.14825;0.7;0.7
0.777764;1.91076;2.06298;0.0820937;4.70362;0.7;0.7
0.742378;1.9008;2.04063;-0.0142223;-0.814878;0.7;0.7
0.823882;1.78707;1.96784;0.0596409;3.41717;0.7;0.7
0.840653;1.81405;1.99937;0.0019668;0.11269;0.7;0.7
0.832631;1.81523;1.99708;-0.00389158;-0.222971;0.7;0.7
0.837445;1.8389;2.02061;-0.00271918;-0.155797;0.7;0.7
0.648695;1.67116;1.79265;-0.0570738;-3.27009;0.7;0.7
0.653526;2.02323;2.12616;-0.0578342;-3.31366;0.7;0.7
0.750277;2.19463;2.31934;0.0169814;0.972965;0.7;0.7
0.55354;1.84172;1.92311;-0.0374469;-2.14555;0.7;0.7
0.53734;2.06163;2.1305;-0.0369997;-2.11993;0.7;0.7
0.506358;1.93737;2.00245;0.000678462;0.038873;0.7;0.7
0.393164;1.80457;1.8469;-0.0411262;-2.35636;0.7;0.7
0.638461;2.0574;2.15419;0.0863829;4.94938;0.7;0.7
0.582564;1.89794;1.98534;-0.00308597;-0.176813;0.7;0.7
0.652051;2.00188;2.10539;0.0170676;0.977903;0.7;0.7
0.655491;1.84346;1.95653;0.0267515;1.53275;0.7;0.7
0.80677;1.85385;2.02179;0.068832;3.94378;0.7;0.7
0.849286;1.6055;1.8163;0.0760982;4.3601;0.7;0.7
0.998352;1.70311;1.97415;0.0436416;2.50048;0.7;0.7
1.23639;1.8119;2.19354;0.0685918;3.93002;0.7;0.7
1.00602;1.61456;1.90234;-0.0415716;-2.38187;0.7;0.7
0.959924;1.48436;1.76771;0.0168191;0.963663;0.7;0.7
1.32846;1.60518;2.0836;0.117303;6.72096;0.7;0.7
1.3252;1.5533;2.04179;0.0149736;0.857927;0.7;0.7
1.30647;1.51855;2.00321;0.00414618;0.237558;0.7;0.7
1.48344;1.59479;2.17806;0.0387709;2.22141;0.7;0.7
1.38114;1.61149;2.12237;-0.04066;-2.32965;0.7;0.7
1.25243;1.44785;1.91438;0.00457476;0.262114;0.7;0.7
1.33106;1.36494;1.90651;0.0596791;3.41936;0.7;0.7
1.43194;1.55967;2.11731;-0.0301041;-1.72484;0.7;0.7
1.35864;1.42654;1.97001;0.0182914;1.04802;0.7;0.7
1.3246;1.40144;1.92837;-0.00380564;-0.218047;0.7;0.7
1.21385;1.51789;1.94356;-0.0826614;-4.73615;0.7;0.7
1.24328;1.5514;1.98811;0.00103741;0.0594394;0.7;0.7
1.35857;1.4812;2.00989;0.0666504;3.81879;0.7;0.7
1.51632;1.52695;2.15193;0.0396636;2.27256;0.7;0.7
1.52946;1.40135;2.07438;0.0471753;2.70295;0.7;0.7
1.46456;1.35558;1.99563;-0.00505594;-0.289684;0.7;0.7
1.21994;1.38531;1.84589;-0.102015;-5.84505;0.7;0.7
1.42621;1.51471;2.08049;0.0333056;1.90827;0.7;0.7
1.28643;1.44834;1.93716;-0.0290527;-1.6646;0.7;0.7
0.967034;1.46835;1.75818;-0.143874;-8.24337;0.7;0.7
0.876063;1.41432;1.66367;-0.0278089;-1.59334;0.7;0.7
0.913315;1.75974;1.98263;-0.0758429;-4.34548;0.7;0.7
0.862173;1.7885;1.98546;-0.0295383;-1.69242;0.7;0.7
0.785738;1.6713;1.84679;-0.00972498;-0.5572;0.7;0.7
1.04577;1.97008;2.23044;0.0485307;2.7806;0.7;0.7
0.72367;1.68076;1.82993;-0.0814323;-4.66573;0.7;0.7
0.793998;1.84382;2.00751;5.53546e-05;0.00317158;0.7;0.7
0.758576;1.85801;2.0069;-0.0190088;-1.08912;0.7;0.7
0.761006;1.84939;1.99985;0.00275419;0.157803;0.7;0.7
1.01446;1.59417;1.88958;0.176351;10.1042;0.7;0.7
1.04574;1.70207;1.99765;-0.0157872;-0.904543;0.7;0.7
1.1053;1.81154;2.12211;-0.00309169;-0.177141;0.7;0.7
1.04147;1.7077;2.00023;-0.000200557;-0.0114911;0.7;0.7
1.0348;1.97388;2.22868;-0.0647867;-3.712;0.7;0.7
1.04107;1.76116;2.04585;0.0510129;2.92283;0.7;0.7
1.04978;1.70457;2.0019;0.0181341;1.03901;0.7;0.7
1.06969;1.57105;1.90064;0.0457719;2.62253;0.7;0.7
1.08598;1.82049;2.1198;-0.0599097;-3.43258;0.7;0.7
0.949059;1.7994;2.03434;-0.0525154;-3.00891;0.7;0.7
1.10869;1.79865;2.1129;0.0670411;3.84117;0.7;0.7
1.05349;1.68438;1.9867;0.00652816;0.374036;0.7;0.7
1.04036;1.66826;1.96607;-0.00131478;-0.0753313;0.7;0.7
1.06262;1.69075;1.99695;0.00350206;0.200653;0.7;0.7
1.121;1.64933;1.99422;0.0358427;2.05363;0.7;0.7
1.1919;1.75994;2.12556;-0.00166127;-0.0951839;0.7;0.7
1.10571;1.64633;1.98318;-0.0038638;-0.221379;0.7;0.7
1.08127;1.71586;2.02813;-0.0291235;-1.66865;0.7;0.7
0.706566;1.80592;1.93922;-0.189361;-10.8496;0.7;0.7
0.525419;1.80304;1.87804;-0.0893853;-5.1214;0.7;0.7
0.573578;2.00808;2.08839;-0.00532922;-0.305342;0.7;0.7
0.482723;2.02943;2.08605;-0.0447046;-2.56138;0.7;0.7
0.48277;1.94937;2.00826;0.0092482;0.529883;0.7;0.7
0.452738;1.97206;2.02336;-0.0171038;-0.979973;0.7;0.7
0.36807;2.08457;2.11681;-0.0508979;-2.91624;0.7;0.7
0.214858;1.96589;1.97759;-0.0659066;-3.77617;0.7;0.7
0.180712;2.05997;2.06788;-0.02136;-1.22384;0.7;0.7
0.126783;2.06101;2.0649;-0.0260638;-1.49334;0.7;0.7
0.327035;2.07392;2.09955;0.0949635;5.44101;0.7;0.7
0.289934;1.96215;1.98346;-0.00969971;-0.555753;0.7;0.7
0.127493;2.13463;2.13844;-0.0870463;-4.98739;0.7;0.7
-0.0653169;1.73847;1.73969;-0.0972088;-5.56965;0.7;0.7
-0.0912741;2.0273;2.02936;-0.00743819;-0.426177;0.7;0.7
0.024366;1.94176;1.94191;0.0575398;3.29679;0.7;0.7
0.116515;1.92007;1.9236;0.0480606;2.75367;0.7;0.7
0.134778;1.96132;1.96594;0.00800171;0.458464;0.7;0.7
0.171656;1.99568;2.00305;0.0171925;0.985058;0.7;0.7
0.210713;1.95471;1.96604;0.0215804;1.23647;0.7;0.7
0.190053;2.03036;2.03924;-0.0140494;-0.804973;0.7;0.7
0.211758;1.99773;2.00893;0.012271;0.703076;0.7;0.7
0.0159694;1.9487;1.94877;-0.0974099;-5.58117;0.7;0.7
0.0946377;2.44824;2.45007;0.0304415;1.74417;0.7;0.7
0.0767584;1.99838;1.99985;-0.000244736;-0.0140223;0.7;0.7
0.0034602;2.09674;2.09674;-0.0367412;-2.10511;0.7;0.7
-0.19133;2.07993;2.08871;-0.0933809;-5.35033;0.7;0.7
-0.160081;2.00523;2.01161;0.0120676;0.691421;0.7;0.7
-0.286592;1.90948;1.93087;-0.0693137;-3.97138;0.7;0.7
-0.309379;2.03009;2.05353;-0.00225642;-0.129283;0.7;0.7
-0.313607;2.05715;2.08092;-4.90632e-05;-0.00281111;0.7;0.7
-0.222665;2.17541;2.18678;0.0492822;2.82366;0.7;0.7
-0.15586;2.02267;2.02866;0.0250952;1.43785;0.7;0.7
-0.171513;2.01995;2.02722;-0.00780144;-0.44699;0.7;0.7
-0.168806;1.69384;1.70223;-0.0146244;-0.837917;0.7;0.7
-0.217399;2.05407;2.06554;-0.00611476;-0.35035;0.7;0.7
-0.199158;2.04266;2.05234;0.00825289;0.472856;0.7;0.7
-0.230176;2.02459;2.03763;-0.0160118;-0.91741;0.7;0.7
0.0582041;1.84005;1.84097;0.144826;8.29789;0.7;0.7
0.0782279;1.99709;1.99862;0.00752966;0.431418;0.7;0.7
-0.0893306;2.10902;2.11091;-0.0814821;-4.66858;0.7;0.7
-0.225002;2.32868;2.33953;-0.0539918;-3.0935;0.7;0.7
-0.1189;1.92739;1.93105;0.0347116;1.98883;0.7;0.7
-0.0909572;1.86858;1.87079;0.0129724;0.743264;0.7;0.7
-0.0826415;2.16342;2.165;0.0104581;0.599204;0.7;0.7
-0.247775;2.03563;2.05066;-0.0829423;-4.75224;0.7;0.7
-0.226992;1.9576;1.97072;0.00568427;0.325685;0.7;0.7
-0.239672;1.93662;1.95139;-0.00769284;-0.440767;0.7;0.7
-0.0877903;1.98849;1.99043;0.0790111;4.527;0.7;0.7
0.00932422;2.25786;2.25788;0.0482502;2.76453;0.7;0.7
0.15562;1.85242;1.85894;0.0796824;4.56547;0.7;0.7
0.396864;2.06824;2.10597;0.105768;6.06007;0.7;0.7
0.366915;1.97564;2.00943;-0.00595288;-0.341075;0.7;0.7
0.422611;2.03929;2.08262;0.0207144;1.18685;0.7;0.7
0.42818;1.87457;1.92285;0.0202212;1.15859;0.7;0.7
0.35214;1.90252;1.93483;-0.0415428;-2.38023;0.7;0.7
0.354993;1.96514;1.99694;-0.00430209;-0.246492;0.7;0.7
0.622003;2.02763;2.12089;0.118932;6.81433;0.7;0.7
0.61669;1.99594;2.08904;0.00201635;0.115528;0.7;0.7
0.599962;1.92332;2.01472;0.00270833;0.155176;0.7;0.7
0.470157;2.11574;2.16735;-0.0837095;-4.7962;0.7;0.7
0.417794;2.01118;2.05411;-0.013843;-0.793145;0.7;0.7
0.359394;1.73876;1.77551;-0.000997684;-0.0571631;0.7;0.7
0.395404;1.9857;2.02469;-0.00727066;-0.416578;0.7;0.7
0.406543;1.92505;1.96751;0.0115734;0.663105;0.7;0.7
0.424321;1.94572;1.99145;0.00658967;0.377561;0.7;0.7
0.595616;1.74878;1.84743;0.113549;6.50587;0.7;0.7
0.789294;1.84143;2.00346;0.0766756;4.39319;0.7;0.7
0.863192;1.4482;1.68593;0.132565;7.59544;0.7;0.7
0.973054;1.64624;1.91232;-0.00367587;-0.210612;0.7;0.7
1.13168;1.97427;2.27562;-0.0133419;-0.764433;0.7;0.7
0.883282;1.53334;1.76955;0.00213429;0.122286;0.7;0.7
0.842777;1.74644;1.93915;-0.0730176;-4.1836;0.7;0.7
0.774248;1.82222;1.97988;-0.0478258;-2.74022;0.7;0.7
0.632733;2.06483;2.1596;-0.104432;-5.98349;0.7;0.7
0.588181;1.79142;1.88551;0.0198944;1.13986;0.7;0.7
0.595665;1.8082;1.90379;0.000985209;0.0564483;0.7;0.7
0.443545;1.95849;2.00808;-0.0955122;-5.47245;0.7;0.7
0.453438;2.02596;2.07608;-0.0025314;-0.145038;0.7;0.7
0.381918;2.0273;2.06296;-0.0339798;-1.9469;0.7;0.7
0.480157;2.03788;2.09369;0.0451901;2.5892;0.7;0.7
0.190278;1.93363;1.94297;-0.133306;-7.63789;0.7;0.7
0.200047;1.81756;1.82854;0.0115332;0.660804;0.7;0.7
0.18823;1.89894;1.90824;-0.0108211;-0.620005;0.7;0.7
0.245065;2.01604;2.03088;0.0221629;1.26984;0.7;0.7
0.272578;2.07155;2.08941;0.009866;0.56528;0.7;0.7
0.236446;1.98058;1.99464;-0.0120098;-0.688112;0.7;0.7
0.161343;1.96321;1.96983;-0.0368214;-2.10971;0.7;0.7
0.223862;1.91795;1.93097;0.0341949;1.95922;0.7;0.7
0.240614;2.00622;2.02059;0.00317045;0.181653;0.7;0.7
0.24963;2.01025;2.02569;0.0041825;0.239639;0.7;0.7
0.428042;2.05771;2.10176;0.0815471;4.6723;0.7;0.7
0.382902;1.89217;1.93053;-0.00542912;-0.311066;0.7;0.7
0.309387;1.94495;1.9694;-0.0419143;-2.40151;0.7;0.7
0.485447;2.0579;2.11438;0.0739089;4.23467;0.7;0.7
0.406044;1.91601;1.95856;-0.022827;-1.30789;0.7;0.7
0.390871;1.90211;1.94186;-0.00616028;-0.352958;0.7;0.7
0.288031;1.95478;1.97589;-0.0563775;-3.23019;0.7;0.7
0.199337;1.9965;2.00643;-0.0467808;-2.68034;0.7;0.7
0.140704;1.92286;1.928;-0.0264693;-1.51658;0.7;0.7
0.0393098;1.79396;1.79439;-0.0511355;-2.92985;0.7;0.7
-0.0763527;2.31539;2.31665;-0.0548729;-3.14399;0.7;0.7
-0.0302893;2.01278;2.01301;0.0179168;1.02656;0.7;0.7
0.0406539;2.12436;2.12475;0.034182;1.95849;0.7;0.7
0.290913;2.07509;2.09538;0.12015;6.8841;0.7;0.7
0.364598;1.94269;1.97661;0.0462341;2.64902;0.7;0.7
0.237631;1.93135;1.94591;-0.0630957;-3.61512;0.7;0.7
0.198284;1.99846;2.00827;-0.0235284;-1.34808;0.7;0.7
0.0655334;2.15025;2.15125;-0.0684273;-3.92059;0.7;0.7
0.245279;1.91376;1.92941;0.0970035;5.55789;0.7;0.7
0.326003;1.97551;2.00223;0.0360773;2.06708;0.7;0.7
0.410219;2.09467;2.13446;0.0298433;1.70989;0.7;0.7
0.38463;1.95508;1.99256;0.000860905;0.0493262;0.7;0.7
0.567581;1.65425;1.74891;0.136265;7.80743;0.7;0.7
0.665312;1.94187;2.05268;-0.000437589;-0.025072;0.7;0.7
0.687621;1.79599;1.92312;0.0355679;2.03789;0.7;0.7
0.718789;1.8675;2.00105;0.00176777;0.101286;0.7;0.7
0.574751;1.83183;1.91988;-0.0633861;-3.63176;0.7;0.7
0.750173;1.77813;1.9299;0.0952031;5.45474;0.7;0.7
0.780859;1.85205;2.00993;-0.000229273;-0.0131364;0.7;0.7
0.714809;1.80856;1.9447;-0.022611;-1.29551;0.7;0.7
0.742054;1.86309;2.00543;0.00264012;0.151268;0.7;0.7
0.775394;1.85703;2.01241;0.0165065;0.945753;0.7;0.7
0.782664;2.09295;2.2345;-0.0376867;-2.15929;0.7;0.7
0.75503;1.98052;2.11956;0.00636635;0.364765;0.7;0.7
0.684245;1.81661;1.9412;-0.00399303;-0.228784;0.7;0.7
0.671734;1.78826;1.91026;-0.000897941;-0.0514482;0.7;0.7
0.754599;1.98674;2.12522;0.00365892;0.209641;0.7;0.7
0.777417;1.85623;2.01245;0.0336336;1.92707;0.7;0.7
0.984742;1.95459;2.18864;0.0700696;4.01469;0.7;0.7
0.687401;1.91121;2.03107;-0.121428;-6.95733;0.7;0.7
0.606592;2.01021;2.09973;-0.0521948;-2.99054;0.7;0.7
0.562887;1.88499;1.96724;-0.00288163;-0.165105;0.7;0.7
0.632227;1.99852;2.09614;0.0162009;0.928242;0.7;0.7
0.542864;1.95971;2.03351;-0.0361498;-2.07123;0.7;0.7
0.508433;1.89185;1.95898;-0.00769108;-0.440666;0.7;0.7
0.484478;1.93366;1.99343;-0.0170497;-0.976878;0.7;0.7
0.813838;1.94869;2.1118;0.15012;8.60122;0.7;0.7
0.748809;1.81492;1.96333;-0.00430747;-0.2468;0.7;0.7
0.604744;1.73619;1.8385;-0.0561336;-3.21622;0.7;0.7
0.722241;1.77881;1.91984;0.0505161;2.89436;0.7;0.7
0.611042;1.73197;1.8366;-0.0465222;-2.66553;0.7;0.7
0.748194;1.76985;1.9215;0.0607897;3.48299;0.7;0.7
0.951734;1.64545;1.90087;0.12443;7.12933;0.7;0.7
1.03985;1.63308;1.93603;0.0426084;2.44128;0.7;0.7
1.03972;1.63657;1.93891;-0.00102157;-0.0585317;0.7;0.7
1.06619;1.68446;1.99353;-0.00167519;-0.095981;0.7;0.7
1.14615;1.67355;2.02841;0.0361942;2.07378;0.7;0.7
1.12727;1.64129;1.99112;0.00133282;0.0763652;0.7;0.7
1.08033;1.67141;1.99015;-0.0280159;-1.60519;0.7;0.7
1.05601;1.52853;1.85783;0.030757;1.76225;0.7;0.7
0.866983;1.62249;1.83961;-0.113818;-6.52131;0.7;0.7
0.889061;1.75645;1.96864;-0.0221793;-1.27078;0.7;0.7
0.915771;1.79896;2.01864;0.00229458;0.13147;0.7;0.7
0.681065;1.90521;2.02328;-0.127546;-7.30788;0.7;0.7
0.76187;1.73352;1.89355;0.0707629;4.05442;0.7;0.7
0.850985;1.8832;2.06655;0.0103365;0.592236;0.7;0.7
0.988967;2.10887;2.32924;0.0140878;0.807174;0.7;0.7
0.723903;1.75382;1.89734;-0.0470492;-2.69572;0.7;0.7
0.787274;1.84556;2.00647;0.0117487;0.673152;0.7;0.7
0.800408;1.79139;1.96207;0.0169922;0.973584;0.7;0.7
0.845228;1.66988;1.87161;0.0483664;2.77119;0.7;0.7
0.832202;1.81763;1.99908;-0.0392011;-2.24606;0.7;0.7
0.830597;1.75128;1.93827;0.0134974;0.773346;0.7;0.7
0.548427;1.72766;1.81261;-0.135481;-7.76251;0.7;0.7
0.606502;1.90969;2.00369;0.000137814;0.00789618;0.7;0.7
0.678893;1.9195;2.03602;0.0324345;1.85836;0.7;0.7
0.580424;1.75931;1.85258;-0.0212797;-1.21924;0.7;0.7
0.635015;1.89377;1.9974;0.00486504;0.278746;0.7;0.7
0.575848;1.99899;2.08028;-0.0430612;-2.46722;0.7;0.7
0.5975;1.93997;2.0299;0.0182994;1.04848;0.7;0.7
0.641103;1.68835;1.80597;0.0641289;3.67432;0.7;0.7
0.444966;2.10864;2.15508;-0.154935;-8.8771;0.7;0.7
0.461156;2.06824;2.11903;0.0114128;0.653906;0.7;0.7
0.404727;1.62207;1.6718;0.0251373;1.44026;0.7;0.7
0.57895;2.03878;2.11939;0.0321659;1.84297;0.7;0.7
0.663762;1.8307;1.94732;0.0711464;4.07639;0.7;0.7
0.721166;1.88722;2.02032;0.017176;0.984112;0.7;0.7
0.773368;2.19759;2.3297;-0.0266262;-1.52557;0.7;0.7
0.70199;1.94088;2.06393;0.00866586;0.496517;0.7;0.7
0.681583;1.88451;2.00398;-8.92075e-06;-0.000511121;0.7;0.7
0.685409;1.97945;2.09475;-0.0136968;-0.784767;0.7;0.7
0.646802;1.9173;2.02346;-0.00797987;-0.457213;0.7;0.7
0.644834;1.93604;2.0406;-0.00384913;-0.220539;0.7;0.7
0.620027;2.03011;2.12269;-0.0250951;-1.43784;0.7;0.7
0.554163;1.97396;2.05027;-0.0227255;-1.30208;0.7;0.7
0.499216;2.02949;2.08999;-0.0324995;-1.86209;0.7;0.7
0.482828;1.96956;2.02788;-0.000788288;-0.0451656;0.7;0.7
0.437175;2.03625;2.08265;-0.0289182;-1.65689;0.7;0.7
0.41984;1.95632;2.00087;-8.53638e-05;-0.00489099;0.7;0.7
0.239574;2.09893;2.11256;-0.0977509;-5.60072;0.7;0.7
0.276469;2.0972;2.11535;0.017422;0.99821;0.7;0.7
0.290811;1.93082;1.9526;0.0184202;1.0554;0.7;0.7
0.49408;1.85953;1.92405;0.11021;6.31455;0.7;0.7
0.649348;1.86243;1.97238;0.0757767;4.34169;0.7;0.7
0.781773;2.00891;2.15567;0.035642;2.04213;0.7;0.7
0.560241;1.87553;1.95742;-0.0808465;-4.63216;0.7;0.7
0.480369;1.98428;2.0416;-0.0527561;-3.0227;0.7;0.7
0.446519;1.71606;1.7732;0.0170382;0.976214;0.7;0.7
0.473686;2.01062;2.06566;-0.0231827;-1.32827;0.7;0.7
0.496243;2.00454;2.06505;0.0113067;0.647827;0.7;0.7
0.469097;1.94562;2.00137;-0.00609106;-0.348992;0.7;0.7
0.662587;1.83487;1.95084;0.109948;6.29956;0.7;0.7
0.675366;2.04219;2.15097;-0.0271521;-1.5557;0.7;0.7
0.64833;1.88172;1.99028;0.0124183;0.711516;0.7;0.7
0.561794;1.99458;2.07219;-0.0572549;-3.28046;0.7;0.7
0.54524;1.92281;1.99862;0.00176252;0.100985;0.7;0.7
0.486968;1.82604;1.88985;-0.015695;-0.899259;0.7;0.7
0.448771;2.03257;2.08152;-0.0433115;-2.48157;0.7;0.7
0.427779;2.00115;2.04636;-0.00670661;-0.38426;0.7;0.7
0.58036;1.82433;1.91442;0.0974006;5.58064;0.7;0.7
0.635943;1.91086;2.01391;0.0132762;0.760671;0.7;0.7
0.746319;2.07388;2.20408;0.0241635;1.38446;0.7;0.7
0.72005;1.86737;2.00139;0.0225891;1.29426;0.7;0.7
0.841249;1.66245;1.86318;0.100434;5.75445;0.7;0.7
1.08374;1.75635;2.0638;0.0843956;4.83551;0.7;0.7
1.14654;1.71361;2.0618;0.0368139;2.10928;0.7;0.7
0.707516;1.69593;1.8376;-0.194438;-11.1405;0.7;0.7
0.483251;2.15817;2.21161;-0.174949;-10.0238;0.7;0.7
0.301552;1.86863;1.89281;-0.0602871;-3.45419;0.7;0.7
0.324583;2.21389;2.23755;-0.0144213;-0.826281;0.7;0.7
0.273164;1.99546;2.01407;-0.00952848;-0.545942;0.7;0.7
0.228884;1.99717;2.01024;-0.0219404;-1.25709;0.7;0.7
0.238765;2.01806;2.03213;0.0036605;0.209731;0.7;0.7
0.395537;1.97374;2.01298;0.0800129;4.5844;0.7;0.7
0.392563;1.96027;1.99919;-0.000134243;-0.00769156;0.7;0.7
0.529064;1.85415;1.92816;0.0803079;4.60131;0.7;0.7
0.814648;1.97692;2.1382;0.112922;6.46997;0.7;0.7
0.611113;1.83008;1.92942;-0.0685908;-3.92996;0.7;0.7
0.579009;1.90126;1.98748;-0.0266691;-1.52803;0.7;0.7
0.567087;1.93611;2.01745;-0.0106844;-0.612169;0.7;0.7
0.671447;2.07358;2.17958;0.0282244;1.61714;0.7;0.7
0.463874;2.09363;2.1444;-0.0951139;-5.44962;0.7;0.7
0.500543;1.9953;2.05713;0.0277463;1.58975;0.7;0.7
0.509486;1.96855;2.03341;0.00746722;0.42784;0.7;0.7
0.500774;1.93899;2.00261;-0.0005133;-0.0294099;0.7;0.7
0.817607;1.96171;2.12527;0.142148;8.14449;0.7;0.7
0.85976;1.89284;2.07895;0.031464;1.80275;0.7;0.7
0.931341;1.64709;1.89217;0.0882697;5.05748;0.7;0.7
0.927623;1.67812;1.91744;-0.00965373;-0.553118;0.7;0.7
0.991755;1.64274;1.9189;0.0381808;2.1876;0.7;0.7
1.01741;1.67232;1.9575;0.00341112;0.195443;0.7;0.7
1.21254;1.44661;1.88758;0.151038;8.65382;0.7;0.7
1.28257;1.52365;1.99161;0.00210118;0.120389;0.7;0.7
1.31378;1.35101;1.88447;0.0717282;4.10972;0.7;0.7
1.26064;1.45668;1.92643;-0.0580515;-3.32611;0.7;0.7
1.47332;1.49598;2.09967;0.0643898;3.68926;0.7;0.7
1.44852;1.31606;1.95709;0.055505;3.1802;0.7;0.7
1.49532;1.38501;2.0382;-0.00959413;-0.549703;0.7;0.7
1.51359;1.21455;1.94064;0.0708962;4.06205;0.7;0.7
1.50407;1.30708;1.99266;-0.0392181;-2.24703;0.7;0.7
1.61612;1.46618;2.18209;-0.0213508;-1.22331;0.7;0.7
1.57746;1.33542;2.06681;0.0342925;1.96482;0.7;0.7
1.71434;1.28787;2.14419;0.0582068;3.33501;0.7;0.7
1.68556;1.18652;2.0613;0.0309332;1.77234;0.7;0.7
1.84454;1.26231;2.23512;0.0132124;0.757015;0.7;0.7
1.48238;1.24162;1.93367;-0.0970978;-5.56329;0.7;0.7
1.45506;1.26487;1.92797;-0.0183435;-1.051;0.7;0.7
1.48827;1.31339;1.98493;-0.00747071;-0.42804;0.7;0.7
1.32689;1.25068;1.82341;-0.0327818;-1.87826;0.7;0.7
1.47455;1.37556;2.01655;0.00516105;0.295707;0.7;0.7
1.43052;1.1809;1.85497;0.0605752;3.4707;0.7;0.7
1.48457;0.952416;1.76382;0.119696;6.85806;0.7;0.7
1.92361;1.28113;2.31118;-0.0171352;-0.981776;0.7;0.7
1.50131;1.19141;1.91661;-0.0832723;-4.77115;0.7;0.7
1.49228;1.05389;1.82691;0.0559215;3.20406;0.7;0.7
1.58128;0.822521;1.78241;0.135248;7.74913;0.7;0.7
1.80576;0.860297;2.00022;0.0350415;2.00773;0.7;0.7
1.78886;0.702916;1.922;0.0701973;4.02201;0.7;0.7
1.97996;0.683701;2.09468;0.0419158;2.4016;0.7;0.7
1.84946;0.667114;1.9661;-0.0136904;-0.7844;0.7;0.7
1.98983;0.644018;2.09145;0.0331663;1.90029;0.7;0.7
1.91059;0.694001;2.03273;-0.0354043;-2.02852;0.7;0.7
1.84413;0.921376;2.06149;-0.11493;-6.58498;0.7;0.7
1.75837;0.873551;1.96341;0.00226887;0.129996;0.7;0.7
1.58509;0.744148;1.75108;0.022157;1.2695;0.7;0.7
1.79342;0.918197;2.0148;-0.0342642;-1.96319;0.7;0.7
1.79662;0.742211;1.9439;0.0814269;4.66542;0.7;0.7
1.89418;0.715152;2.02468;0.0307535;1.76204;0.7;0.7
2.11851;0.873848;2.29166;-0.0302134;-1.7311;0.7;0.7
1.90684;0.805091;2.06983;-0.00828718;-0.474821;0.7;0.7
1.93106;0.679508;2.04713;0.061156;3.50398;0.7;0.7
1.84685;0.647304;1.957;0.00123932;0.0710079;0.7;0.7
1.89336;0.668393;2.00788;-0.00224971;-0.128899;0.7;0.7
2.02895;0.545539;2.10101;0.0766962;4.39437;0.7;0.7
1.92302;0.504211;1.98802;0.00624009;0.357531;0.7;0.7
1.81621;0.282976;1.83812;0.101863;5.8363;0.7;0.7
1.93808;0.349786;1.9694;-0.0239951;-1.37482;0.7;0.7
1.84576;0.455583;1.90115;-0.0634318;-3.63437;0.7;0.7
1.97629;0.601309;2.06574;-0.0533725;-3.05802;0.7;0.7
1.93687;0.623569;2.03478;-0.0161047;-0.922734;0.7;0.7
1.8517;0.696805;1.97846;-0.0484478;-2.77585;0.7;0.7
1.79264;0.879928;1.99696;-0.0963903;-5.52276;0.7;0.7
1.81382;0.858619;2.00678;0.0141824;0.812593;0.7;0.7
1.71839;0.823028;1.90532;-0.00454525;-0.260424;0.7;0.7
1.79974;0.810261;1.97373;0.0236398;1.35446;0.7;0.7
1.98402;0.833216;2.15188;0.0254314;1.45711;0.7;0.7
1.82031;0.787573;1.98338;-0.0107432;-0.615541;0.7;0.7
1.58071;0.820248;1.78086;-0.0703213;-4.02912;0.7;0.7
1.89964;1.01899;2.15569;-0.0136887;-0.784303;0.7;0.7
1.8771;1.1959;2.22568;-0.0749036;-4.29166;0.7;0.7
1.78248;0.975066;2.03174;0.0666945;3.82131;0.7;0.7
1.76551;0.986611;2.02248;-0.00903397;-0.517608;0.7;0.7
1.67561;1.13573;2.02424;-0.0860781;-4.93191;0.7;0.7
1.62618;0.974793;1.89596;0.0556643;3.18933;0.7;0.7
1.70498;0.959341;1.95635;0.027489;1.57501;0.7;0.7
1.60553;0.939721;1.86032;-0.0170245;-0.975432;0.7;0.7
1.813;1.09939;2.12029;-0.0155649;-0.891801;0.7;0.7
1.67146;1.09625;1.99888;-0.0353797;-2.02711;0.7;0.7
1.65164;1.15253;2.01401;-0.0287683;-1.6483;0.7;0.7
1.65417;1.06219;1.96584;0.038432;2.20199;0.7;0.7
1.75112;1.09154;2.06347;0.0134223;0.769038;0.7;0.7
1.65435;1.24161;2.06845;-0.0864263;-4.95186;0.7;0.7
1.5377;1.20311;1.95243;-0.0200947;-1.15134;0.7;0.7
1.74195;1.11319;2.06727;0.0952852;5.45944;0.7;0.7
1.68514;1.0881;2.00591;-0.00471062;-0.269899;0.7;0.7
1.6044;0.98063;1.88036;0.0247247;1.41662;0.7;0.7
1.69166;1.06265;1.99773;-0.0122522;-0.701999;0.7;0.7
1.69164;1.05977;1.99618;0.00121523;0.0696277;0.7;0.7
1.61654;1.11334;1.96283;-0.0434555;-2.48982;0.7;0.7
1.57898;1.11864;1.93508;-0.013264;-0.759969;0.7;0.7
1.4709;1.17855;1.88482;-0.0591186;-3.38725;0.7;0.7
1.56659;1.24193;1.99914;0.00518678;0.297181;0.7;0.7
1.5853;1.21873;1.99962;0.0149037;0.853919;0.7;0.7
1.6133;1.2787;2.0586;-0.0148037;-0.848191;0.7;0.7
1.52659;1.24369;1.96907;-0.0134198;-0.7689;0.7;0.7
1.3899;1.2584;1.87493;-0.0521534;-2.98817;0.7;0.7
1.50929;1.20083;1.92872;0.0637138;3.65053;0.7;0.7
1.56487;1.29507;2.03127;-0.0192673;-1.10393;0.7;0.7
1.54004;1.26857;1.99524;0.0022956;0.131528;0.7;0.7
1.50575;1.38206;2.04386;-0.0535512;-3.06826;0.7;0.7
1.45305;1.25037;1.91698;0.0320265;1.83498;0.7;0.7
1.52002;1.26987;1.98066;0.0145921;0.836066;0.7;0.7
1.38297;1.50156;2.0414;-0.130514;-7.47788;0.7;0.7
1.42222;1.46736;2.04349;0.0254691;1.45927;0.7;0.7
1.26774;1.41145;1.8972;-0.0379665;-2.17532;0.7;0.7
1.26944;1.58203;2.02837;-0.0555994;-3.18561;0.7;0.7
1.34861;1.48328;2.00471;0.0616679;3.53331;0.7;0.7
1.28855;1.6244;2.07341;-0.067269;-3.85423;0.7;0.7
1.23293;1.57791;2.00247;-0.00733307;-0.420154;0.7;0.7
1.20326;1.58646;1.99115;-0.0143863;-0.824275;0.7;0.7
1.309;1.57917;2.05116;0.0432358;2.47723;0.7;0.7
1.32796;1.68494;2.14534;-0.0246632;-1.4131;0.7;0.7
1.25541;1.56108;2.00325;0.00983079;0.563263;0.7;0.7
1.17777;1.45129;1.86906;0.0044425;0.254537;0.7;0.7
1.18594;1.58939;1.98308;-0.0406953;-2.33167;0.7;0.7
1.01326;1.5226;1.82894;-0.0538594;-3.08592;0.7;0.7
1.08458;1.66352;1.98585;-0.00941794;-0.539608;0.7;0.7
1.22084;1.49579;1.93076;0.106769;6.11741;0.7;0.7
1.245;1.69007;2.09913;-0.049628;-2.84348;0.7;0.7
1.18333;1.69263;2.06525;-0.0247792;-1.41975;0.7;0.7
1.31949;1.83907;2.26346;0.0122355;0.70104;0.7;0.7
1.18299;1.63453;2.01771;0.0041266;0.236436;0.7;0.7
1.30401;1.69042;2.13494;0.0305783;1.75201;0.7;0.7
1.2106;1.54683;1.96423;0.0069944;0.400749;0.7;0.7
1.22924;1.56997;1.99395;0.000210793;0.0120775;0.7;0.7
1.11145;1.47509;1.84695;-0.0185484;-1.06274;0.7;0.7
1.22906;1.63102;2.04226;4.63196e-05;0.00265392;0.7;0.7
1.19815;1.67859;2.06234;-0.0258511;-1.48116;0.7;0.7
1.19807;1.65734;2.04503;0.0060067;0.344158;0.7;0.7
1.13146;1.6699;2.01712;-0.0304168;-1.74275;0.7;0.7
1.17813;1.61357;1.9979;0.0351593;2.01448;0.7;0.7
1.03662;1.75796;2.04083;-0.0978772;-5.60795;0.7;0.7
1.16392;1.73446;2.08879;0.0582441;3.33714;0.7;0.7
1.10328;1.69749;2.02452;-0.0146946;-0.841939;0.7;0.7
1.09914;1.73136;2.05079;-0.0106948;-0.612768;0.7;0.7
1.09736;1.74626;2.06243;-0.00460074;-0.263603;0.7;0.7
0.975831;1.60838;1.88126;-0.0157015;-0.89963;0.7;0.7
1.11127;1.50432;1.87027;0.0908966;5.20799;0.7;0.7
1.20016;1.60681;2.00554;0.00528813;0.302988;0.7;0.7
1.09998;1.7394;2.05802;-0.077632;-4.44799;0.7;0.7
1.20521;1.67232;2.06135;0.0605775;3.47083;0.7;0.7
1.26304;1.75682;2.16372;-0.00115001;-0.0658906;0.7;0.7
1.16536;1.6139;1.99066;0.00206903;0.118547;0.7;0.7
1.31048;1.57792;2.05114;0.0676783;3.87768;0.7;0.7
1.24978;1.39604;1.87373;0.0371046;2.12594;0.7;0.7
1.17725;1.65664;2.03234;-0.112354;-6.43739;0.7;0.7
1.02897;1.42902;1.76093;0.00623484;0.35723;0.7;0.7
0.971184;1.60984;1.8801;-0.0812274;-4.65399;0.7;0.7
0.981748;1.66303;1.93119;-0.00954432;-0.546849;0.7;0.7
1.18902;1.91695;2.25576;0.0219052;1.25508;0.7;0.7
1.18073;1.64422;2.02425;0.0675856;3.87237;0.7;0.7
1.15418;1.6179;1.98739;-0.00312477;-0.179036;0.7;0.7
1.08508;1.623;1.95231;-0.0303353;-1.73809;0.7;0.7
1.23455;1.66712;2.07446;0.0480959;2.75569;0.7;0.7
1.15076;1.60972;1.97875;-0.0167634;-0.96047;0.7;0.7
1.06022;1.46887;1.81153;0.0045562;0.261051;0.7;0.7
1.25441;1.60516;2.03718;0.038146;2.1856;0.7;0.7
1.24041;1.56867;1.99983;0.0057191;0.32768;0.7;0.7
1.08046;1.59941;1.93015;-0.0749498;-4.29431;0.7;0.7
1.01553;1.70744;1.98662;-0.0575556;-3.29769;0.7;0.7
1.089;1.6725;1.99579;0.0406008;2.32626;0.7;0.7
1.28414;1.3916;1.89356;0.168095;9.63115;0.7;0.7
1.44749;1.45015;2.04894;0.0392194;2.24711;0.7;0.7
1.75103;1.58949;2.36486;0.049238;2.82113;0.7;0.7
1.38669;1.43141;1.99295;-0.0641863;-3.6776;0.7;0.7
1.6799;1.52718;2.27032;0.0634525;3.63556;0.7;0.7
1.64118;1.30979;2.09977;0.0642426;3.68083;0.7;0.7
1.54348;1.11373;1.90335;0.0485133;2.77961;0.7;0.7
1.62178;1.17361;2.00188;-0.0013697;-0.0784779;0.7;0.7
1.6766;1.18621;2.0538;0.0106801;0.611926;0.7;0.7
1.55278;1.22252;1.97628;-0.0512113;-2.93419;0.7;0.7
1.6198;1.23923;2.03947;0.0138942;0.796078;0.7;0.7
1.5848;1.24666;2.01638;-0.0134749;-0.772056;0.7;0.7
1.52363;1.21501;1.94877;-0.00664181;-0.380548;0.7;0.7
1.59671;1.15606;1.97128;0.046511;2.66489;0.7;0.7
1.46468;1.31003;1.96506;-0.10305;-5.90433;0.7;0.7
1.2606;1.33369;1.83517;-0.0838433;-4.80387;0.7;0.7
1.37194;1.46121;2.00433;-0.00333152;-0.190882;0.7;0.7
1.38258;1.53602;2.06661;-0.0210298;-1.20492;0.7;0.7
1.42868;1.43433;2.02446;0.0505527;2.89646;0.7;0.7
1.55478;1.38043;2.07917;0.0613049;3.51251;0.7;0.7
1.13026;1.2359;1.6748;-0.103944;-5.95557;0.7;0.7
1.14487;1.47776;1.86936;-0.0816389;-4.67757;0.7;0.7
1.15697;1.41223;1.82565;0.0272234;1.55979;0.7;0.7
1.26741;1.52835;1.98549;0.0059624;0.34162;0.7;0.7
1.27899;1.49269;1.96569;0.016117;0.923439;0.7;0.7
1.30913;1.5064;1.99575;0.00699851;0.400985;0.7;0.7
1.22098;1.47726;1.91654;-0.0247447;-1.41777;0.7;0.7
1.4829;1.44347;2.06944;0.10817;6.19769;0.7;0.7
1.54741;1.5082;2.16082;-0.000643152;-0.0368499;0.7;0.7
1.60478;1.54302;2.22626;0.00678578;0.388796;0.7;0.7
1.45281;1.39922;2.01704;-0.000830008;-0.0475559;0.7;0.7
1.17141;1.41507;1.83701;-0.112715;-6.45811;0.7;0.7
1.18668;1.52931;1.93572;-0.0315645;-1.80851;0.7;0.7
1.28841;1.40653;1.90743;0.0816904;4.68051;0.7;0.7
1.50838;1.56908;2.17652;0.0240789;1.37962;0.7;0.7
1.38648;1.47688;2.02571;-0.0118377;-0.678248;0.7;0.7
1.33488;1.50319;2.01035;-0.0276749;-1.58565;0.7;0.7
1.21043;1.33639;1.80307;0.00982076;0.562688;0.7;0.7
1.29226;1.57705;2.03887;-0.0495148;-2.83699;0.7;0.7
1.46013;1.47759;2.07732;0.0929875;5.32779;0.7;0.7
1.40114;1.41945;1.9945;-0.000546601;-0.0313179;0.7;0.7
1.52698;1.42425;2.0881;0.0412862;2.36553;0.7;0.7
1.70194;1.65624;2.37481;-0.0211893;-1.21406;0.7;0.7
1.4324;1.39197;1.99734;0.000705915;0.0404459;0.7;0.7
1.51592;1.52849;2.15274;-0.0184422;-1.05666;0.7;0.7
1.14053;1.22273;1.67209;-0.0306406;-1.75558;0.7;0.7
1.47076;1.38761;2.02203;0.0638509;3.65839;0.7;0.7
1.46684;1.36183;2.00155;0.00802374;0.459726;0.7;0.7
1.3999;1.37182;1.96;-0.0269773;-1.54569;0.7;0.7
1.42887;1.40876;2.00656;-0.00304361;-0.174386;0.7;0.7
1.47473;1.47473;2.08558;-0.0070869;-0.406049;0.7;0.7
1.45095;1.47692;2.0704;-0.00886827;-0.508115;0.7;0.7
1.29612;1.24933;1.80021;0.0272518;1.56141;0.7;0.7
1.35473;1.36297;1.92171;-0.0214148;-1.22698;0.7;0.7
1.48771;1.3779;2.02777;0.0413348;2.36831;0.7;0.7
1.66053;1.2106;2.05498;0.117141;6.71171;0.7;0.7
1.5945;1.13995;1.96008;0.00928383;0.531924;0.7;0.7
1.62725;1.13322;1.98296;0.0123635;0.708378;0.7;0.7
1.64148;1.1435;2.00051;-0.000153494;-0.00879455;0.7;0.7
1.6918;1.12488;2.03164;0.0216819;1.24228;0.7;0.7
1.41279;1.17564;1.83796;-0.107253;-6.14517;0.7;0.7
1.76461;1.30493;2.19469;0.0572868;3.28229;0.7;0.7
1.53354;1.21038;1.95366;-0.0314195;-1.80021;0.7;0.7
1.57796;1.23019;2.00084;0.00598206;0.342747;0.7;0.7
1.6745;0.978897;1.93964;0.133172;7.63019;0.7;0.7
1.97277;0.911648;2.17323;0.0961287;5.50777;0.7;0.7
1.74162;0.768094;1.90347;0.0175199;1.00382;0.7;0.7
1.90592;0.872918;2.09631;-0.0141273;-0.809432;0.7;0.7
1.85591;0.85924;2.04516;-0.00410171;-0.235011;0.7;0.7
1.87366;0.948594;2.1001;-0.0350659;-2.00913;0.7;0.7
1.73622;1.02784;2.01765;-0.0658598;-3.77349;0.7;0.7
1.88938;1.02839;2.15113;0.0360635;2.06628;0.7;0.7
1.87602;0.981518;2.11727;0.0164266;0.941178;0.7;0.7
1.77992;0.899962;1.9945;0.0138947;0.796105;0.7;0.7
1.70238;0.816163;1.88791;0.0210809;1.20785;0.7;0.7
1.74465;0.957216;1.98999;-0.0547613;-3.13759;0.7;0.7
1.83273;0.773177;1.98914;0.102595;5.87825;0.7;0.7
1.83614;0.64256;1.94532;0.062587;3.58597;0.7;0.7
2.11142;0.68473;2.21967;0.0230343;1.31977;0.7;0.7
1.89567;0.558818;1.97632;0.0269301;1.54298;0.7;0.7
1.9946;0.610202;2.08586;-0.0102175;-0.585417;0.7;0.7
1.92503;0.631421;2.02594;-0.0200641;-1.14959;0.7;0.7
1.79386;0.672847;1.9159;-0.0418948;-2.40039;0.7;0.7
1.49465;0.586084;1.60545;-0.0148529;-0.851011;0.7;0.7
1.85583;0.730454;1.99441;-0.00128052;-0.0733686;0.7;0.7
1.88696;0.697678;2.0118;0.0208282;1.19337;0.7;0.7
2.00486;0.750038;2.14057;-0.0038403;-0.220033;0.7;0.7
1.95845;0.704078;2.08116;0.0128689;0.737335;0.7;0.7
1.99961;0.473426;2.05489;0.112642;6.45388;0.7;0.7
1.86692;0.416146;1.91274;0.0131594;0.753977;0.7;0.7
2.084;0.447781;2.13156;0.00767089;0.43951;0.7;0.7
1.90203;0.549984;1.97995;-0.0698306;-4.001;0.7;0.7
1.9033;0.564514;1.98525;-0.0068536;-0.392682;0.7;0.7
2.08165;0.728731;2.20552;-0.0484069;-2.77351;0.7;0.7
1.88015;0.697414;2.00533;-0.0184624;-1.05782;0.7;0.7
1.85777;0.678391;1.97776;0.0050825;0.291206;0.7;0.7
1.90122;0.703188;2.0271;-0.00413838;-0.237112;0.7;0.7
1.79686;0.739469;1.94307;-0.036152;-2.07136;0.7;0.7
1.82226;0.824972;2.0003;-0.0347031;-1.98834;0.7;0.7
1.81271;0.802325;1.98234;0.00842197;0.482544;0.7;0.7
1.79573;0.832836;1.97946;-0.0175692;-1.00664;0.7;0.7
1.82959;0.812967;2.00208;0.016121;0.923663;0.7;0.7
1.843;0.791206;2.00565;0.0126291;0.723594;0.7;0.7
1.88187;0.779838;2.03705;0.0126558;0.725121;0.7;0.7
1.88974;0.692175;2.01251;0.0417499;2.39209;0.7;0.7
1.96596;0.598662;2.05509;0.0555124;3.18062;0.7;0.7
2.03481;0.734255;2.16324;-0.0507125;-2.90561;0.7;0.7
1.89516;0.645567;2.0021;0.017993;1.03092;0.7;0.7
2.12947;0.605143;2.21378;0.0514354;2.94703;0.7;0.7
1.80665;0.680512;1.93056;-0.0833588;-4.77611;0.7;0.7
2.07645;0.820266;2.2326;-0.0159813;-0.915662;0.7;0.7
1.86007;0.732347;1.99905;0.00113524;0.0650443;0.7;0.7
1.88113;0.641175;1.9874;0.0465856;2.66916;0.7;0.7
1.99047;0.725471;2.11855;-0.0210137;-1.204;0.7;0.7
1.87361;0.685497;1.99508;-0.00123182;-0.0705779;0.7;0.7
1.9686;0.776641;2.11626;-0.0250271;-1.43395;0.7;0.7
1.85161;0.733187;1.99148;-0.00126183;-0.0722973;0.7;0.7
2.05786;0.834747;2.22072;-0.00832752;-0.477132;0.7;0.7
1.83168;0.656339;1.94572;0.0412837;2.36538;0.7;0.7
1.89879;0.679794;2.01681;0.000277243;0.0158849;0.7;0.7
1.92938;0.680441;2.04585;0.00474249;0.271725;0.7;0.7
1.8542;0.806493;2.022;-0.0712179;-4.08049;0.7;0.7
1.76836;0.827792;1.95252;-0.0275428;-1.57808;0.7;0.7
1.75055;0.806875;1.92755;0.00591079;0.338663;0.7;0.7
1.83886;1.00352;2.09487;-0.0676552;-3.87636;0.7;0.7
1.73655;1.00543;2.00661;-0.0252625;-1.44744;0.7;0.7
1.75135;0.995464;2.0145;0.00796455;0.456335;0.7;0.7
1.69723;0.82558;1.88737;0.0641256;3.67413;0.7;0.7
1.76524;0.862252;1.96458;-0.0016421;-0.0940854;0.7;0.7
1.85841;0.846786;2.04224;0.0268298;1.53724;0.7;0.7
1.88559;0.843717;2.06575;0.0068093;0.390144;0.7;0.7
1.98064;0.917312;2.18275;-0.0129911;-0.744337;0.7;0.7
1.63499;0.841364;1.83877;-0.0415334;-2.37969;0.7;0.7
1.85975;0.866955;2.0519;0.0390429;2.23699;0.7;0.7
1.60029;1.01807;1.89668;-0.130378;-7.47014;0.7;0.7
1.66613;1.07107;1.9807;-0.00473553;-0.271326;0.7;0.7
1.59161;0.93307;1.84495;0.0410878;2.35416;0.7;0.7
1.7658;1.16714;2.11666;-0.0538079;-3.08296;0.7;0.7
1.67168;1.11103;2.00721;-0.002532;-0.145073;0.7;0.7
1.72508;1.08057;2.03557;0.0269841;1.54607;0.7;0.7
1.50703;0.98792;1.80198;-0.0206622;-1.18385;0.7;0.7
1.8552;1.04164;2.12763;0.0686524;3.93349;0.7;0.7
1.75206;0.978981;2.00701;0.00206317;0.118211;0.7;0.7
1.80108;1.01982;2.06977;-0.00567124;-0.324938;0.7;0.7
1.78488;1.00986;2.05076;0.000333755;0.0191227;0.7;0.7
1.75196;1.11764;2.07809;-0.0529677;-3.03483;0.7;0.7
1.66346;1.15034;2.02247;-0.0371747;-2.12996;0.7;0.7
1.6124;1.15291;1.98219;-0.015716;-0.900461;0.7;0.7
1.5616;1.21621;1.97933;-0.0409525;-2.3464;0.7;0.7
1.72734;1.33136;2.18087;0.00503945;0.288739;0.7;0.7
1.65632;1.1886;2.03867;0.0342015;1.9596;0.7;0.7
1.63741;1.17582;2.01586;-0.000316631;-0.0181416;0.7;0.7
1.66484;1.19619;2.05001;-0.000268036;-0.0153573;0.7;0.7
1.68958;1.22722;2.08824;-0.00515247;-0.295215;0.7;0.7
1.61284;1.179;1.99782;-0.00304528;-0.174482;0.7;0.7
1.61809;1.17524;1.99985;0.00306538;0.175633;0.7;0.7
1.79225;1.24586;2.18273;0.0207149;1.18688;0.7;0.7
1.6155;1.18324;2.00247;-0.0247053;-1.41551;0.7;0.7
1.73017;1.29715;2.16243;-0.0111661;-0.639771;0.7;0.7
1.39832;1.16873;1.82242;-0.0528714;-3.02931;0.7;0.7
1.50549;1.37115;2.03631;-0.0425356;-2.43711;0.7;0.7
1.24338;1.56357;1.99769;-0.160244;-9.18133;0.7;0.7
1.40275;1.55927;2.09739;0.0607887;3.48294;0.7;0.7
1.34878;1.48973;2.00961;0.00317563;0.18195;0.7;0.7
1.714;1.51308;2.28631;0.111794;6.40533;0.7;0.7
1.52904;1.50914;2.14836;-0.0556325;-3.18751;0.7;0.7
1.40194;1.44389;2.01252;-0.0212887;-1.21975;0.7;0.7
1.38379;1.43013;1.99001;-0.00172759;-0.0989839;0.7;0.7
1.34838;1.4181;1.95682;-0.00872922;-0.500147;0.7;0.7
1.39922;1.45572;2.01915;0.00540936;0.309933;0.7;0.7
1.29187;1.54273;2.0122;-0.0684795;-3.92359;0.7;0.7
1.2061;1.55336;1.96662;-0.036915;-2.11508;0.7;0.7
1.21254;1.58619;1.99656;-0.00753922;-0.431966;0.7;0.7
1.25351;1.77998;2.17707;-0.0391174;-2.24126;0.7;0.7
1.30786;1.56391;2.0387;0.082914;4.75062;0.7;0.7
1.28939;1.64708;2.09174;-0.0322855;-1.84982;0.7;0.7
1.15293;1.53629;1.92079;-0.0203905;-1.16829;0.7;0.7
1.19689;1.5984;1.99686;-0.00105749;-0.06059;0.7;0.7
1.00184;1.55954;1.85361;-0.0717277;-4.1097;0.7;0.7
1.09006;1.82608;2.12669;-0.0328429;-1.88176;0.7;0.7
0.891939;1.75992;1.97304;-0.0690905;-3.95859;0.7;0.7
0.89591;2.03359;2.22219;-0.0541046;-3.09996;0.7;0.7
0.693786;1.94475;2.0648;-0.0722988;-4.14242;0.7;0.7
0.734692;2.07616;2.20232;-0.00255421;-0.146345;0.7;0.7
0.466784;2.04987;2.10235;-0.116224;-6.65914;0.7;0.7
0.57785;1.99188;2.07401;0.058456;3.34928;0.7;0.7
0.677004;1.81028;1.93274;0.0755213;4.32705;0.7;0.7
0.629693;1.87002;1.97319;-0.0330676;-1.89463;0.7;0.7
0.673111;1.87956;1.99645;0.0190864;1.09357;0.7;0.7
0.669044;2.02239;2.13018;-0.0244061;-1.39837;0.7;0.7
0.5699;1.89264;1.97658;-0.0270078;-1.54743;0.7;0.7
0.583119;1.85835;1.94769;0.0115748;0.663189;0.7;0.7
0.511183;1.96326;2.02872;-0.0493338;-2.82662;0.7;0.7
0.413661;1.81413;1.86069;-0.0305301;-1.74925;0.7;0.7
0.46972;1.97759;2.0326;0.00901172;0.516334;0.7;0.7
0.369334;1.95636;1.99092;-0.0466107;-2.6706;0.7;0.7
0.387026;2.17043;2.20466;-0.0101267;-0.580215;0.7;0.7
0.299106;1.8431;1.86721;-0.0155812;-0.892739;0.7;0.7
0.266546;1.84406;1.86322;-0.017333;-0.993108;0.7;0.7
0.116064;2.16875;2.17185;-0.0900836;-5.16141;0.7;0.7
0.0883325;1.97845;1.98043;-0.00884796;-0.506951;0.7;0.7
0.0749007;1.97614;1.97756;-0.00673326;-0.385788;0.7;0.7
0.0757292;2.01249;2.01391;-0.000272411;-0.015608;0.7;0.7
-0.103703;2.07604;2.07862;-0.0875227;-5.01468;0.7;0.7
-0.113524;2.01152;2.01472;-0.0064665;-0.370503;0.7;0.7
-0.182875;1.98208;1.9905;-0.0356266;-2.04125;0.7;0.7
-0.0643407;2.02601;2.02703;0.0602571;3.45248;0.7;0.7
-0.0476701;1.99381;1.99438;0.00784225;0.449328;0.7;0.7
-0.188322;1.86987;1.87933;-0.0764711;-4.38147;0.7;0.7
-0.339352;2.09061;2.11797;-0.0605434;-3.46888;0.7;0.7
-0.343513;2.01867;2.04769;-0.00763468;-0.437435;0.7;0.7
-0.330885;1.99899;2.02619;0.00451458;0.258667;0.7;0.7
-0.300146;1.96795;1.99071;0.0126884;0.726991;0.7;0.7
-0.296135;1.79308;1.81737;-0.0123268;-0.706272;0.7;0.7
-0.401661;2.10878;2.1467;-0.0245383;-1.40594;0.7;0.7
-0.24679;1.71546;1.73313;0.0453339;2.59744;0.7;0.7
-0.289606;1.94418;1.96563;-0.00499127;-0.285978;0.7;0.7
-0.168925;2.08295;2.08978;0.0669512;3.83602;0.7;0.7
-0.258771;2.14095;2.15653;-0.039362;-2.25528;0.7;0.7
-0.210456;1.98559;1.99671;0.0146865;0.841474;0.7;0.7
-0.0661338;2.39676;2.39767;0.0780114;4.46973;0.7;0.7
-0.0244127;2.01648;2.01663;0.0154801;0.886942;0.7;0.7
-0.16813;2.08056;2.08734;-0.0685289;-3.92642;0.7;0.7
-0.256241;1.78516;1.80345;-0.0619312;-3.5484;0.7;0.7
-0.209246;2.13153;2.14177;0.0447125;2.56184;0.7;0.7
-0.118713;2.08188;2.08526;0.040893;2.343;0.7;0.7
-0.102964;2.05063;2.05321;0.00679174;0.389138;0.7;0.7
0.0233036;1.83316;1.83331;0.0628804;3.60278;0.7;0.7
0.0449153;2.00225;2.00275;0.00971709;0.556748;0.7;0.7
0.0112082;2.00462;2.00465;-0.0168375;-0.964717;0.7;0.7
-0.0454566;1.91348;1.91402;-0.0293426;-1.68121;0.7;0.7
-0.160093;2.21101;2.2168;-0.0485295;-2.78053;0.7;0.7
-0.126983;1.83846;1.84284;0.00332032;0.190241;0.7;0.7
-0.235507;2.02623;2.03987;-0.0467494;-2.67854;0.7;0.7
0.0275173;1.87214;1.87234;0.130407;7.47179;0.7;0.7
0.0224277;2.0659;2.06603;-0.00384161;-0.220108;0.7;0.7
-0.0345773;2.056;2.0563;-0.0276718;-1.58548;0.7;0.7
0.0357802;1.97314;1.97347;0.0349478;2.00236;0.7;0.7
0.0968612;1.86619;1.8687;0.0337252;1.93231;0.7;0.7
0.122763;1.91531;1.91924;0.0121512;0.696211;0.7;0.7
0.166101;1.96708;1.97408;0.0202324;1.15923;0.7;0.7
0.0961799;2.00287;2.00518;-0.0362561;-2.07732;0.7;0.7
0.0981219;2.04361;2.04596;-7.0082e-06;-0.00040154;0.7;0.7
-0.11245;1.71329;1.71698;-0.113517;-6.50404;0.7;0.7
-0.141997;1.98193;1.98701;-0.0059841;-0.342863;0.7;0.7
-0.229323;1.9861;1.99929;-0.0434311;-2.48842;0.7;0.7
-0.208269;2.14801;2.15808;0.0182979;1.04839;0.7;0.7
-0.208428;2.03581;2.04645;-0.00536836;-0.307584;0.7;0.7
-0.199617;1.98864;1.99863;0.00198155;0.113535;0.7;0.7
-0.0757868;2.04347;2.04487;0.0629734;3.60811;0.7;0.7
-0.20318;1.93379;1.94443;-0.0676136;-3.87398;0.7;0.7
-0.303286;1.95266;1.97607;-0.0494044;-2.83066;0.7;0.7
-0.353869;2.09082;2.12055;-0.013572;-0.777616;0.7;0.7
-0.463433;1.8715;1.92802;-0.0750836;-4.30197;0.7;0.7
-0.5583;1.88263;1.96366;-0.0455483;-2.60973;0.7;0.7
-0.512405;1.87516;1.94391;0.0215451;1.23444;0.7;0.7
-0.451677;2.0401;2.08951;0.0488627;2.79963;0.7;0.7
-0.240095;1.87439;1.8897;0.090486;5.18447;0.7;0.7
-0.336599;1.74201;1.77423;-0.0634736;-3.63677;0.7;0.7
-0.20233;1.94927;1.95974;0.0874445;5.0102;0.7;0.7
-0.11545;2.06614;2.06936;0.0476082;2.72775;0.7;0.7
-0.153587;1.99598;2.00188;-0.0209775;-1.20192;0.7;0.7
-0.186705;2.06277;2.07121;-0.0134689;-0.771711;0.7;0.7
-0.210347;2.1091;2.11956;-0.00913867;-0.523607;0.7;0.7
-0.197964;1.97956;1.98944;-0.000268446;-0.0153808;0.7;0.7
-0.27165;2.07825;2.09592;-0.0303013;-1.73614;0.7;0.7
-0.153661;1.86229;1.86862;0.0476488;2.73007;0.7;0.7
-0.183772;2.01951;2.02786;-0.0084228;-0.482591;0.7;0.7
-0.182626;1.9856;1.99398;-0.000969187;-0.0555303;0.7;0.7
-0.19071;2.02695;2.0359;-0.00209344;-0.119945;0.7;0.7
-0.272709;1.99426;2.01282;-0.0420933;-2.41177;0.7;0.7
-0.444686;1.9959;2.04483;-0.0833158;-4.77364;0.7;0.7
-0.388751;1.93204;1.97076;0.0206589;1.18367;0.7;0.7
-0.456001;2.11858;2.1671;-0.0134433;-0.770242;0.7;0.7
-0.319301;1.92095;1.9473;0.0472897;2.7095;0.7;0.7
-0.199755;1.92925;1.93956;0.0615419;3.52609;0.7;0.7
-0.129858;1.97389;1.97815;0.0374794;2.14741;0.7;0.7
-0.196695;2.05904;2.06842;-0.0295452;-1.69282;0.7;0.7
-0.328253;2.16916;2.19386;-0.0549489;-3.14834;0.7;0.7
-0.293713;1.98246;2.0041;0.00310162;0.17771;0.7;0.7
-0.306709;1.99237;2.01584;-0.00565703;-0.324124;0.7;0.7
-0.34397;1.98299;2.0126;-0.0190087;-1.08912;0.7;0.7
-0.108912;2.20294;2.20564;0.122353;7.01029;0.7;0.7
-0.197912;2.21988;2.22869;-0.0395202;-2.26434;0.7;0.7
-0.1333;2.26785;2.27176;0.0302085;1.73082;0.7;0.7
-0.177087;2.07321;2.08075;-0.0264996;-1.51832;0.7;0.7
-0.159295;1.96428;1.97073;0.00429155;0.245888;0.7;0.7
-0.10542;1.91718;1.92008;0.0259869;1.48894;0.7;0.7
-0.0421107;2.15695;2.15736;0.035411;2.0289;0.7;0.7
0.0509744;1.96313;1.96379;0.0454808;2.60586;0.7;0.7
0.0606258;1.99128;1.9922;0.00447613;0.256464;0.7;0.7
0.0276193;2.00245;2.00264;-0.0166443;-0.95365;0.7;0.7
0.197715;1.91742;1.92758;0.0889601;5.09704;0.7;0.7
0.230307;1.98514;1.99845;0.0127472;0.73036;0.7;0.7
0.439922;2.08383;2.12976;0.092558;5.30318;0.7;0.7
0.48421;1.84501;1.90749;0.0485975;2.78443;0.7;0.7
0.471407;1.95698;2.01296;-0.0202737;-1.1616;0.7;0.7
0.336479;2.10962;2.13629;-0.078216;-4.48145;0.7;0.7
0.536486;2.11252;2.17958;0.0905327;5.18714;0.7;0.7
0.435138;1.92302;1.97164;-0.0261672;-1.49927;0.7;0.7
0.503605;2.12807;2.18684;0.00984346;0.563989;0.7;0.7
0.46929;2.00631;2.06046;-0.00259757;-0.14883;0.7;0.7
0.438699;1.69564;1.75147;0.0233935;1.34035;0.7;0.7
0.505899;1.93965;2.00454;0.0019651;0.112592;0.7;0.7
0.707363;1.78615;1.92112;0.121941;6.9867;0.7;0.7
0.674437;1.87276;1.9905;-0.0314056;-1.79941;0.7;0.7
0.694286;1.87952;2.00366;0.008177;0.468508;0.7;0.7
0.775139;1.96298;2.11048;0.0222372;1.2741;0.7;0.7
0.815092;1.82742;2.00096;0.0434666;2.49045;0.7;0.7
0.701503;1.77077;1.90466;-0.0423625;-2.42719;0.7;0.7
0.691597;1.82146;1.94833;-0.0143085;-0.819817;0.7;0.7
0.680386;1.91811;2.03521;-0.0220095;-1.26105;0.7;0.7
0.657473;1.88267;1.99417;-0.00488701;-0.280005;0.7;0.7
0.579778;1.73039;1.82494;-0.0126836;-0.726719;0.7;0.7
0.641762;1.89013;1.99611;0.00402055;0.230361;0.7;0.7
0.661315;1.87122;1.98464;0.0123927;0.710049;0.7;0.7
0.667107;1.8882;2.00258;-9.8882e-05;-0.00566552;0.7;0.7
0.621838;1.7297;1.83808;0.00550352;0.315328;0.7;0.7
0.518293;1.72109;1.79744;-0.0526134;-3.01453;0.7;0.7
0.672935;1.68238;1.81198;0.0879921;5.04157;0.7;0.7
0.73105;1.84655;1.98599;-0.00352813;-0.202147;0.7;0.7
0.865719;1.96748;2.14952;0.0375503;2.15147;0.7;0.7
0.907845;1.9081;2.11306;0.0295707;1.69428;0.7;0.7
0.924085;1.80048;2.02377;0.0300968;1.72442;0.7;0.7
0.827254;1.9441;2.11279;-0.0718754;-4.11816;0.7;0.7
0.771578;1.85798;2.01182;-0.00870442;-0.498727;0.7;0.7
0.939367;1.83258;2.05931;0.0800644;4.58735;0.7;0.7
0.779351;1.90307;2.05647;-0.0849822;-4.86912;0.7;0.7
0.702752;1.8529;1.98169;-0.0261781;-1.49989;0.7;0.7
0.872943;1.80285;2.00308;0.0884181;5.06598;0.7;0.7
0.98399;1.63685;1.90984;0.0903357;5.17585;0.7;0.7
1.08788;1.84753;2.14403;-0.00909801;-0.521278;0.7;0.7
1.00525;1.78363;2.0474;-0.0189404;-1.0852;0.7;0.7
0.992414;1.70809;1.97546;0.0131115;0.751235;0.7;0.7
1.23947;1.73292;2.13056;0.0945499;5.41731;0.7;0.7
1.16828;1.64275;2.01582;-0.00270163;-0.154792;0.7;0.7
1.15967;1.65959;2.02462;-0.00828646;-0.474779;0.7;0.7
0.919546;1.88591;2.09814;-0.15623;-8.95132;0.7;0.7
0.873702;1.80829;2.0083;-0.00358096;-0.205174;0.7;0.7
0.953377;1.83379;2.06681;0.0293476;1.68149;0.7;0.7
0.940376;1.9489;2.16391;-0.0298726;-1.71157;0.7;0.7
0.838963;1.69552;1.89173;0.0099245;0.568632;0.7;0.7
0.900488;1.81137;2.02285;0.00186218;0.106695;0.7;0.7
0.922506;1.71218;1.94489;0.0328462;1.88195;0.7;0.7
0.812358;1.99241;2.15165;-0.107047;-6.13332;0.7;0.7
0.699847;1.81112;1.94164;-0.0184083;-1.05472;0.7;0.7
0.566505;1.66825;1.76182;-0.0413794;-2.37087;0.7;0.7
0.748758;2.02125;2.15548;0.0274073;1.57032;0.7;0.7
0.734527;1.8744;2.01319;0.0187113;1.07208;0.7;0.7
0.457209;1.82969;1.88594;-0.128611;-7.36885;0.7;0.7
0.586572;1.99038;2.07501;0.0417215;2.39047;0.7;0.7
0.664687;2.03073;2.13675;0.0297321;1.70353;0.7;0.7
0.551458;1.75059;1.83539;-0.0111503;-0.638863;0.7;0.7
0.730532;1.79258;1.93572;0.0818082;4.68726;0.7;0.7
0.931616;1.86759;2.08705;0.0757333;4.3392;0.7;0.7
0.904402;1.86903;2.07635;-0.0120392;-0.689794;0.7;0.7
1.15127;1.72988;2.07796;0.136534;7.82284;0.7;0.7
1.16339;1.64317;2.01333;0.028874;1.65436;0.7;0.7
1.14723;1.65388;2.01282;-0.00962583;-0.551519;0.7;0.7
1.14727;1.64409;2.0048;0.00279935;0.160391;0.7;0.7
1.16093;1.79301;2.13604;-0.0346586;-1.98579;0.7;0.7
1.2973;1.61862;2.07435;0.101045;5.78946;0.7;0.7
1.34247;1.64128;2.12039;0.00993933;0.569482;0.7;0.7
1.30805;1.4809;1.97587;0.037915;2.17237;0.7;0.7
1.27205;1.52904;1.98899;-0.0295907;-1.69542;0.7;0.7
1.27781;1.49263;1.96488;0.0141054;0.808179;0.7;0.7
1.29623;1.50032;1.98272;0.00453533;0.259855;0.7;0.7
1.32147;1.47851;1.983;0.0168223;0.963847;0.7;0.7
1.21671;1.5038;1.93438;-0.049111;-2.81385;0.7;0.7
1.39539;1.93636;2.38676;-0.0558245;-3.19851;0.7;0.7
0.972849;1.43092;1.73031;-0.0273443;-1.56671;0.7;0.7
1.11151;1.58971;1.93975;0.0130895;0.749971;0.7;0.7
1.24798;1.91958;2.28959;-0.0337133;-1.93163;0.7;0.7
0.76289;1.45184;1.64008;-0.0926566;-5.30883;0.7;0.7
0.901988;2.13881;2.32123;-0.0847182;-4.85399;0.7;0.7
0.910595;1.90269;2.10937;0.0472753;2.70867;0.7;0.7
0.876482;1.76469;1.97037;0.014619;0.837604;0.7;0.7
0.962794;1.69731;1.95137;0.0550019;3.15138;0.7;0.7
0.960615;1.80927;2.04847;-0.0278954;-1.59829;0.7;0.7
1.00499;1.97971;2.2202;-0.0183464;-1.05117;0.7;0.7
0.872424;1.90302;2.09346;-0.0398937;-2.28574;0.7;0.7
0.69595;1.95693;2.077;-0.0881671;-5.0516;0.7;0.7
0.514654;1.83257;1.90346;-0.0679004;-3.8904;0.7;0.7
0.643289;1.9745;2.07665;0.0411686;2.35879;0.7;0.7
0.455844;1.85119;1.90649;-0.0735131;-4.21199;0.7;0.7
0.371112;1.98509;2.01949;-0.0566247;-3.24436;0.7;0.7
0.35127;1.98059;2.01149;-0.00928447;-0.531961;0.7;0.7
0.388278;2.05322;2.08961;0.0113685;0.651365;0.7;0.7
0.460101;2.15035;2.19902;0.0238874;1.36865;0.7;0.7
0.429415;1.85472;1.90378;0.0167297;0.958541;0.7;0.7
0.536119;1.95935;2.03138;0.0395664;2.26699;0.7;0.7
0.764604;1.89677;2.04508;0.1161;6.65202;0.7;0.7
0.705553;1.64452;1.78948;0.0220986;1.26616;0.7;0.7
0.664844;1.86888;1.98362;-0.0634991;-3.63823;0.7;0.7
0.588828;2.08848;2.1699;-0.0669757;-3.83742;0.7;0.7
0.567806;1.97215;2.05226;0.0055234;0.316468;0.7;0.7
0.566784;1.925;2.0067;0.00601217;0.344472;0.7;0.7
0.310014;1.97994;2.00406;-0.131026;-7.50726;0.7;0.7
0.263944;1.9195;1.93756;-0.0186665;-1.06951;0.7;0.7
0.168908;1.86555;1.87318;-0.046355;-2.65595;0.7;0.7
0.233723;2.02463;2.03808;0.0246365;1.41157;0.7;0.7
0.0530912;1.88015;1.8809;-0.0867009;-4.9676;0.7;0.7
0.171558;2.07176;2.07885;0.0543888;3.11625;0.7;0.7
0.0487434;2.26457;2.2651;-0.0610981;-3.50066;0.7;0.7
0.135902;2.30125;2.30525;0.0374663;2.14666;0.7;0.7
-0.193181;1.9978;2.00712;-0.155384;-8.90287;0.7;0.7
-0.202521;2.2622;2.27125;0.00711109;0.407435;0.7;0.7
-0.183888;2.10934;2.11734;0.0023279;0.133379;0.7;0.7
-0.169649;1.99485;2.00205;0.00211882;0.121399;0.7;0.7
-0.312067;2.07441;2.09775;-0.0644779;-3.69431;0.7;0.7
-0.244894;2.00617;2.02106;0.0278473;1.59553;0.7;0.7
-0.274438;1.96723;1.98628;-0.0171406;-0.982083;0.7;0.7
-0.278296;1.98727;2.00666;-0.000523852;-0.0300145;0.7;0.7
-0.259063;2.25599;2.27082;0.0248019;1.42104;0.7;0.7
-0.332957;1.80876;1.83915;-0.0677102;-3.87951;0.7;0.7
-0.332958;1.92048;1.94912;0.0103761;0.594509;0.7;0.7
-0.300505;2.01153;2.03385;0.023372;1.33912;0.7;0.7
-0.222187;2.09613;2.10788;0.0426903;2.44597;0.7;0.7
-0.216706;2.02916;2.0407;-0.00078892;-0.0452018;0.7;0.7
-0.155515;1.91421;1.92051;0.0253283;1.45121;0.7;0.7
-0.239629;2.03839;2.05243;-0.035956;-2.06013;0.7;0.7
-0.22143;2.01952;2.03162;0.00781192;0.44759;0.7;0.7
-0.133997;1.73518;1.74035;0.0321379;1.84137;0.7;0.7
-0.191244;1.89413;1.90376;-0.0235551;-1.34961;0.7;0.7
0.106163;1.64282;1.64625;0.165159;9.4629;0.7;0.7
0.163139;2.02245;2.02902;0.0159569;0.914264;0.7;0.7
0.296684;2.03737;2.05886;0.0641148;3.67351;0.7;0.7
0.388546;2.07009;2.10624;0.0409319;2.34523;0.7;0.7
0.345212;1.97412;2.00408;-0.0124187;-0.711538;0.7;0.7
0.405997;1.74159;1.78828;0.0559111;3.20347;0.7;0.7
0.25978;1.77562;1.79452;-0.0837559;-4.79886;0.7;0.7
0.259416;1.91726;1.93473;-0.0107841;-0.617884;0.7;0.7
0.337857;2.04691;2.07461;0.0290935;1.66693;0.7;0.7
0.402824;2.00981;2.04978;0.0342254;1.96097;0.7;0.7
0.361531;1.9411;1.97448;-0.0136665;-0.783035;0.7;0.7
0.344763;2.01033;2.03968;-0.0142981;-0.81922;0.7;0.7
0.581779;2.038;2.11941;0.108227;6.20097;0.7;0.7
0.518153;2.02196;2.0873;-0.0272061;-1.5588;0.7;0.7
0.493586;1.94717;2.00876;-0.00260505;-0.149258;0.7;0.7
0.445496;1.96724;2.01705;-0.025558;-1.46436;0.7;0.7
0.352356;2.05973;2.08965;-0.0532725;-3.05229;0.7;0.7
0.155443;2.09597;2.10173;-0.0954015;-5.4661;0.7;0.7
0.36541;2.05007;2.08238;0.102363;5.86498;0.7;0.7
0.241691;2.21429;2.22744;-0.0676707;-3.87724;0.7;0.7
-0.0208435;1.99013;1.99024;-0.119193;-6.82925;0.7;0.7
-0.028415;1.99113;1.99133;-0.00379682;-0.217542;0.7;0.7
-0.0235471;1.98647;1.98661;0.00241666;0.138464;0.7;0.7
