#1 AntVel X	#2 AntVel Y	#3 Speed	#4 Turning Angle Rad		#5 Turning Angle Deg	#6 Detected Phero Left	#7 Detected Phero Right	
0.203518;1.83159;1.84286;0.0355939;2.03938;0.7;0.7
0.215628;1.98595;1.99762;-0.00250843;-0.143722;0.7;0.7
0.217557;1.97843;1.99036;0.00137119;0.0785637;0.7;0.7
-0.0931366;1.96145;1.96366;-0.156972;-8.99385;0.7;0.7
-0.158766;2.02185;2.02808;-0.0309163;-1.77137;0.7;0.7
-0.159284;2.01978;2.02605;-0.000335288;-0.0192106;0.7;0.7
0.0839427;1.92737;1.9292;0.122225;7.00297;0.7;0.7
0.076819;1.94724;1.94876;-0.00409569;-0.234666;0.7;0.7
0.278779;2.18443;2.20214;0.0875053;5.01369;0.7;0.7
0.244801;1.94499;1.96033;-0.00173072;-0.099163;0.7;0.7
0.264661;1.99929;2.01673;0.00640814;0.367159;0.7;0.7
0.263146;1.97865;1.99607;0.000604449;0.0346324;0.7;0.7
0.471295;2.00253;2.05724;0.0989268;5.66809;0.7;0.7
0.471166;1.97999;2.03528;0.00247459;0.141784;0.7;0.7
0.45354;1.97255;2.02402;-0.00762083;-0.436641;0.7;0.7
0.409016;2.18139;2.2194;-0.0406471;-2.32891;0.7;0.7
0.361282;1.99476;2.02721;-0.00617674;-0.353901;0.7;0.7
0.274406;1.81035;1.83102;-0.0287422;-1.6468;0.7;0.7
0.368246;1.86542;1.90142;0.0444693;2.5479;0.7;0.7
0.367722;2.02105;2.05423;-0.0149235;-0.855056;0.7;0.7
0.331294;2.06606;2.09245;-0.0209797;-1.20205;0.7;0.7
0.174971;1.82608;1.83444;-0.0634712;-3.63663;0.7;0.7
0.0615284;2.00902;2.00996;-0.0649099;-3.71906;0.7;0.7
0.00116704;2.01611;2.01611;-0.0300376;-1.72103;0.7;0.7
-0.0012679;2.00139;2.00139;-0.00121236;-0.0694634;0.7;0.7
0.0556415;1.93945;1.94025;0.029315;1.67963;0.7;0.7
0.225355;1.99768;2.01035;0.0836521;4.79291;0.7;0.7
0.0835832;1.94782;1.94961;-0.0694487;-3.97912;0.7;0.7
-0.107284;2.10619;2.10892;-0.0937782;-5.37309;0.7;0.7
-0.114399;1.98704;1.99033;-0.00661564;-0.379048;0.7;0.7
0.0125893;2.02171;2.02175;0.0637359;3.6518;0.7;0.7
-0.155695;2.0287;2.03467;-0.0828232;-4.74542;0.7;0.7
-0.196876;1.98735;1.99707;-0.0221463;-1.26889;0.7;0.7
-0.181176;1.99351;2.00173;0.00810873;0.464596;0.7;0.7
-0.19822;1.99888;2.00869;-0.00820857;-0.470317;0.7;0.7
-0.213295;2.03519;2.04634;-0.00558003;-0.319712;0.7;0.7
-0.278216;2.00549;2.02469;-0.0334252;-1.91512;0.7;0.7
-0.374781;1.88389;1.92081;-0.0585281;-3.35341;0.7;0.7
-0.356884;1.9741;2.0061;0.0175237;1.00404;0.7;0.7
-0.121886;1.90033;1.90424;0.1148;6.57757;0.7;0.7
-0.17655;2.01288;2.0206;-0.0234346;-1.3427;0.7;0.7
-0.203027;1.98412;1.99448;-0.0144847;-0.829911;0.7;0.7
-0.13495;2.03166;2.03614;0.0356451;2.04232;0.7;0.7
-0.147208;1.92072;1.92635;-0.0101665;-0.582498;0.7;0.7
-0.232112;1.96845;1.98209;-0.0408817;-2.34235;0.7;0.7
-0.384668;2.01882;2.05514;-0.0709097;-4.06283;0.7;0.7
-0.268203;2.13105;2.14787;0.0630875;3.61465;0.7;0.7
-0.346784;1.76748;1.80118;-0.0685454;-3.92736;0.7;0.7
-0.372481;1.9592;1.99429;0.00586519;0.33605;0.7;0.7
-0.343736;1.94858;1.97866;0.0132694;0.760283;0.7;0.7
-0.265843;1.97809;1.99588;0.0410142;2.34994;0.7;0.7
-0.268474;1.97916;1.99729;-0.00123412;-0.0707099;0.7;0.7
-0.265088;1.98216;1.9998;0.00187864;0.107638;0.7;0.7
-0.304505;1.90395;1.92815;-0.0256418;-1.46916;0.7;0.7
-0.475713;2.11601;2.16882;-0.0625498;-3.58384;0.7;0.7
-0.396384;1.90931;1.95002;0.0164419;0.94205;0.7;0.7
-0.466714;2.04064;2.09333;-0.0201439;-1.15416;0.7;0.7
-0.425008;2.00719;2.05169;0.0161813;0.927122;0.7;0.7
-0.242074;1.84007;1.85593;0.0778553;4.46078;0.7;0.7
-0.228688;1.95535;1.96868;0.014379;0.823858;0.7;0.7
-0.225604;2.09751;2.10961;0.00928029;0.531722;0.7;0.7
-0.223692;1.98261;1.99519;-0.00520567;-0.298263;0.7;0.7
-0.171846;1.9885;1.99591;0.0261456;1.49803;0.7;0.7
-0.249841;1.93837;1.9544;-0.0419796;-2.40526;0.7;0.7
-0.223844;2.02123;2.03358;0.0178885;1.02494;0.7;0.7
-0.0937051;1.98688;1.98909;0.0631702;3.61939;0.7;0.7
-0.0460176;1.98153;1.98206;0.0239079;1.36982;0.7;0.7
-0.196017;2.08717;2.09636;-0.0704216;-4.03486;0.7;0.7
-0.237323;1.89256;1.90739;-0.0311057;-1.78223;0.7;0.7
-0.272679;1.69765;1.71941;-0.0345146;-1.97754;0.7;0.7
-0.248725;2.11885;2.1334;0.0424088;2.42985;0.7;0.7
-0.3168;2.08514;2.10907;-0.0339267;-1.94386;0.7;0.7
-0.415756;1.99855;2.04133;-0.0543249;-3.11259;0.7;0.7
-0.412836;1.9414;1.98481;-0.0044237;-0.253459;0.7;0.7
-0.570762;1.98323;2.06373;-0.070694;-4.05047;0.7;0.7
-0.748923;2.03766;2.17093;-0.0719938;-4.12494;0.7;0.7
-0.688083;1.85351;1.97711;-0.00324776;-0.186083;0.7;0.7
-0.770819;1.90737;2.05723;-0.0285965;-1.63846;0.7;0.7
-0.873977;1.95496;2.14143;-0.0363433;-2.08232;0.7;0.7
-0.892056;1.8473;2.05141;-0.0294684;-1.68842;0.7;0.7
-0.871662;1.77517;1.97763;-0.00657499;-0.376719;0.7;0.7
-0.937567;1.78874;2.01956;-0.0263333;-1.50879;0.7;0.7
-0.979312;1.84508;2.08887;-0.0051791;-0.296741;0.7;0.7
-0.852028;1.90948;2.09095;0.0682607;3.91105;0.7;0.7
-0.777318;1.81626;1.97561;0.015309;0.877142;0.7;0.7
-0.820857;1.8156;1.99254;-0.0202201;-1.15853;0.7;0.7
-0.784671;1.80987;1.97265;0.0155182;0.889128;0.7;0.7
-0.997587;1.9766;2.21408;-0.0583082;-3.34081;0.7;0.7
-0.892374;1.902;2.10094;0.0287125;1.6451;0.7;0.7
-0.875777;1.81177;2.01234;-0.0115782;-0.663379;0.7;0.7
-0.766969;2.04845;2.18732;0.0920075;5.27164;0.7;0.7
-0.8318;2.10888;2.267;-0.0174355;-0.99898;0.7;0.7
-0.926662;1.50489;1.76732;-0.176239;-10.0978;0.7;0.7
-0.913025;1.64606;1.88232;0.0455086;2.60745;0.7;0.7
-0.913546;1.73229;1.95842;0.0211261;1.21043;0.7;0.7
-0.941182;1.78898;2.02145;0.000987117;0.0565576;0.7;0.7
-1.03434;2.04725;2.29371;0.0164853;0.944537;0.7;0.7
-0.973441;1.75868;2.01011;-0.0377055;-2.16036;0.7;0.7
-0.971467;1.74556;1.99768;-0.00231772;-0.132795;0.7;0.7
-1.0254;1.72888;2.01009;-0.0274856;-1.57481;0.7;0.7
-0.956334;1.81991;2.05588;0.0515071;2.95114;0.7;0.7
-0.997068;1.86509;2.11488;-0.00711184;-0.407479;0.7;0.7
-0.812083;1.73568;1.91627;0.0533192;3.05496;0.7;0.7
-0.901087;1.72909;1.9498;-0.042792;-2.4518;0.7;0.7
-0.855295;1.76647;1.96264;0.0294972;1.69007;0.7;0.7
-0.739199;1.70564;1.85893;0.0419624;2.40427;0.7;0.7
-0.84358;1.86781;2.04948;-0.015266;-0.87468;0.7;0.7
-0.8091;1.8297;2.00061;0.00786661;0.450724;0.7;0.7
-0.930127;1.88184;2.09916;-0.0426967;-2.44634;0.7;0.7
-0.87706;1.80244;2.0045;0.00618004;0.35409;0.7;0.7
-0.910275;1.70475;1.93256;-0.0375793;-2.15313;0.7;0.7
-1.03822;1.70811;1.99889;-0.0557;-3.19137;0.7;0.7
-0.974245;1.63499;1.90325;0.00876863;0.502405;0.7;0.7
-0.842273;1.62726;1.83232;0.0597475;3.42328;0.7;0.7
-0.807986;1.93847;2.10012;0.0827128;4.7391;0.7;0.7
-0.754678;1.90804;2.05187;0.0182759;1.04713;0.7;0.7
-0.830793;1.93878;2.10928;-0.0282008;-1.61578;0.7;0.7
-0.956526;1.68203;1.93498;-0.112225;-6.43;0.7;0.7
-0.966676;1.69443;1.95078;-0.00138007;-0.0790724;0.7;0.7
-0.864538;1.81393;2.00942;0.0736864;4.22192;0.7;0.7
-1.04329;1.74389;2.03214;-0.0943762;-5.40736;0.7;0.7
-1.09108;1.67416;1.99832;-0.0384464;-2.20281;0.7;0.7
-1.08571;1.61935;1.94963;-0.0130409;-0.74719;0.7;0.7
-1.1455;1.64885;2.00771;-0.0165541;-0.948477;0.7;0.7
-1.15408;1.65918;2.02108;-0.000568153;-0.0325528;0.7;0.7
-1.25151;1.80514;2.19654;0.00152852;0.0875775;0.7;0.7
-1.12864;1.6474;1.99694;0.0055612;0.318633;0.7;0.7
-1.13718;1.76898;2.10296;0.0293286;1.68041;0.7;0.7
-1.32627;1.50278;2.00433;-0.151759;-8.69515;0.7;0.7
-1.51534;1.35368;2.03192;-0.118597;-6.79511;0.7;0.7
-1.49182;1.32993;1.99856;-0.00102452;-0.0587009;0.7;0.7
-1.48627;1.20416;1.91285;-0.0471648;-2.70234;0.7;0.7
-1.69906;1.34862;2.16924;-0.0100081;-0.573419;0.7;0.7
-1.71972;1.23816;2.11907;-0.0469061;-2.68752;0.7;0.7
-1.45215;1.01491;1.77166;-0.0140219;-0.803393;0.7;0.7
-1.70817;0.90525;1.93321;-0.122664;-7.02813;0.7;0.7
-1.64649;1.12783;1.99573;0.113258;6.48919;0.7;0.7
-1.60864;1.09356;1.94514;-0.00353798;-0.202711;0.7;0.7
-1.56068;1.47133;2.14489;0.158897;9.10415;0.7;0.7
-1.50137;1.20844;1.92729;-0.0782236;-4.48188;0.7;0.7
-1.59901;1.15924;1.97501;-0.0504254;-2.88916;0.7;0.7
-1.48672;1.26203;1.95015;0.0765463;4.38578;0.7;0.7
-1.47224;1.07246;1.82145;-0.0742719;-4.25547;0.7;0.7
-1.80357;1.09985;2.11247;-0.0819588;-4.6959;0.7;0.7
-1.6905;1.03157;1.98038;0.000293964;0.0168429;0.7;0.7
-1.65675;1.01877;1.94492;0.00341812;0.195844;0.7;0.7
-1.59585;0.992413;1.87926;0.00502681;0.288015;0.7;0.7
-1.62217;0.954772;1.8823;-0.0243688;-1.39623;0.7;0.7
-1.50802;1.00435;1.81186;0.0555703;3.18395;0.7;0.7
-1.62392;1.07065;1.9451;-0.00466289;-0.267164;0.7;0.7
-1.49669;1.09971;1.85727;0.0507947;2.91032;0.7;0.7
-1.68184;1.21138;2.07268;-0.00947463;-0.542856;0.7;0.7
-1.62817;1.17054;2.00527;-0.000887399;-0.0508442;0.7;0.7
-1.39299;1.37571;1.95781;0.15584;8.92899;0.7;0.7
-1.26196;1.51493;1.97169;0.097088;5.56273;0.7;0.7
-1.2871;1.30208;1.83086;-0.085059;-4.87352;0.7;0.7
-1.36879;1.42876;1.97862;0.015643;0.89628;0.7;0.7
-1.43397;1.42105;2.01883;-0.0259563;-1.48718;0.7;0.7
-1.66218;1.50291;2.24089;-0.0457504;-2.6213;0.7;0.7
-1.47974;1.32085;1.9835;-0.00639962;-0.366671;0.7;0.7
-1.3587;1.42407;1.96826;0.080164;4.59306;0.7;0.7
-1.35216;1.50019;2.01963;0.0283613;1.62498;0.7;0.7
-1.42193;1.51319;2.07645;-0.0207663;-1.18982;0.7;0.7
-1.39459;1.2874;1.89797;-0.0710316;-4.06981;0.7;0.7
-1.49504;1.31319;1.98988;-0.0247175;-1.41621;0.7;0.7
-1.43751;1.46896;2.05531;0.0754859;4.32502;0.7;0.7
-1.3801;1.42943;1.98694;0.00673763;0.386038;0.7;0.7
-1.5983;1.4393;2.15085;-0.0698531;-4.00229;0.7;0.7
-1.45355;1.51246;2.09769;0.0721549;4.13417;0.7;0.7
-1.45105;1.47312;2.06776;-0.0123116;-0.7054;0.7;0.7
-1.40231;1.44922;2.01661;0.00890349;0.510132;0.7;0.7
-1.41684;1.58239;2.124;0.0386875;2.21663;0.7;0.7
-1.40916;1.44865;2.02096;-0.041322;-2.36758;0.7;0.7
-1.39361;1.43929;2.00343;0.00230657;0.132157;0.7;0.7
-1.30899;1.41882;1.93042;0.0241147;1.38167;0.7;0.7
-1.30621;1.72979;2.16757;0.0983886;5.63725;0.7;0.7
-1.4695;1.33513;1.98544;-0.1865;-10.6857;0.7;0.7
-1.47562;1.19298;1.89754;-0.0576468;-3.30292;0.7;0.7
-1.67452;1.20114;2.06077;-0.0576346;-3.30222;0.7;0.7
-1.78656;1.2556;2.18365;-0.00963946;-0.552301;0.7;0.7
-1.65494;1.14456;2.01218;-0.00753564;-0.431761;0.7;0.7
-1.67734;1.38528;2.17542;0.0852548;4.88474;0.7;0.7
-1.36863;1.083;1.74529;-0.0209059;-1.19782;0.7;0.7
-1.54888;1.05261;1.8727;-0.0725156;-4.15484;0.7;0.7
-1.62906;1.13817;1.98728;0.0129281;0.740723;0.7;0.7
-1.81125;1.10841;2.12349;-0.0606629;-3.47573;0.7;0.7
-1.62788;0.945836;1.88271;-0.0228164;-1.30728;0.7;0.7
-1.47648;0.873229;1.71537;0.00774183;0.443574;0.7;0.7
-1.91704;0.871171;2.1057;-0.107555;-6.16244;0.7;0.7
-1.76513;0.926486;1.9935;0.0568175;3.25541;0.7;0.7
-1.85829;0.908019;2.06827;-0.028843;-1.65258;0.7;0.7
-1.96504;0.9309;2.17438;-0.0120988;-0.693211;0.7;0.7
-2.10241;0.904886;2.28888;-0.0359748;-2.0612;0.7;0.7
-1.81076;0.777455;1.97061;-0.000887658;-0.0508591;0.7;0.7
-1.93312;0.792402;2.08922;-0.0165323;-0.94723;0.7;0.7
-1.93523;0.792551;2.09123;-0.000316005;-0.0181057;0.7;0.7
-1.79199;0.603367;1.89084;-0.0639223;-3.66248;0.7;0.7
-1.78042;0.621497;1.88577;0.0110694;0.634228;0.7;0.7
-1.8861;0.610343;1.9824;-0.0228843;-1.31117;0.7;0.7
-1.94147;0.568009;2.02285;-0.0283415;-1.62385;0.7;0.7
-1.96841;0.546354;2.04283;-0.0138786;-0.795184;0.7;0.7
-1.83844;0.570057;1.9248;0.0299302;1.71487;0.7;0.7
-1.90866;0.545594;1.98511;-0.0222483;-1.27473;0.7;0.7
-1.94959;0.542662;2.0237;-0.00695165;-0.3983;0.7;0.7
-1.8563;0.327266;1.88493;-0.0969687;-5.5559;0.7;0.7
-2.0537;0.435763;2.09943;0.0345764;1.98108;0.7;0.7
-1.80905;0.382518;1.84905;-0.000705415;-0.0404173;0.7;0.7
-1.86548;0.552439;1.94556;0.0795324;4.55687;0.7;0.7
-1.92615;0.705454;2.05127;0.0631688;3.6193;0.7;0.7
-1.74392;0.906987;1.96568;0.128507;7.3629;0.7;0.7
-1.59583;0.74128;1.75959;-0.0447297;-2.56282;0.7;0.7
-1.74475;0.997707;2.00987;0.0845946;4.84691;0.7;0.7
-1.92799;1.13939;2.2395;0.0143037;0.819544;0.7;0.7
-1.5392;0.664267;1.67642;-0.126336;-7.23849;0.7;0.7
-1.71587;0.926327;1.94995;0.0876046;5.01937;0.7;0.7
-1.91358;0.90227;2.11563;-0.0544277;-3.11848;0.7;0.7
-1.79136;0.852764;1.98398;0.00370279;0.212154;0.7;0.7
-1.95193;0.567337;2.03271;-0.161438;-9.24969;0.7;0.7
-2.00924;0.551802;2.08363;-0.0148358;-0.850031;0.7;0.7
-1.78087;0.625196;1.88743;0.0695952;3.98751;0.7;0.7
-1.80717;0.720336;1.94545;0.0416773;2.38793;0.7;0.7
-1.97165;0.741178;2.10636;-0.0197224;-1.13001;0.7;0.7
-1.89797;0.646355;2.00501;-0.0313432;-1.79583;0.7;0.7
-2.00287;0.58179;2.08566;-0.0455335;-2.60888;0.7;0.7
-1.79621;0.589672;1.89053;0.0345032;1.97689;0.7;0.7
-1.85591;0.590706;1.94765;-0.00905626;-0.518886;0.7;0.7
-1.92507;0.707504;2.05096;0.0440526;2.52403;0.7;0.7
-2.07501;0.776933;2.21569;0.00606762;0.347649;0.7;0.7
-1.87138;0.771603;2.02421;0.0328136;1.88008;0.7;0.7
-2.01162;0.625036;2.10649;-0.0898233;-5.14649;0.7;0.7
-1.99678;0.527901;2.06538;-0.0427927;-2.45184;0.7;0.7
-1.84268;0.628581;1.94694;0.0702821;4.02687;0.7;0.7
-2.09012;0.601286;2.17489;-0.0486285;-2.78621;0.7;0.7
-1.91212;0.517999;1.98104;-0.0155635;-0.891723;0.7;0.7
-1.86217;0.529234;1.93591;0.012349;0.707547;0.7;0.7
-1.82321;0.587208;1.91544;0.0346812;1.98708;0.7;0.7
-1.9008;0.606308;1.99516;-0.0028109;-0.161053;0.7;0.7
-1.82961;0.63328;1.9361;0.0244496;1.40086;0.7;0.7
-1.93629;0.572577;2.01917;-0.0457067;-2.6188;0.7;0.7
-1.75453;0.502746;1.82514;-0.00845057;-0.484182;0.7;0.7
-1.90123;0.563123;1.98287;0.00889248;0.509502;0.7;0.7
-1.7931;0.538303;1.87216;0.00368985;0.211413;0.7;0.7
-2.0348;0.672624;2.14309;0.027606;1.58171;0.7;0.7
-2.01787;0.517066;2.08306;-0.0684072;-3.91944;0.7;0.7
-1.91994;0.551223;1.9975;0.0287383;1.64658;0.7;0.7
-1.86722;0.720644;2.00146;0.0887479;5.08488;0.7;0.7
-1.8421;0.760054;1.99274;0.022991;1.31729;0.7;0.7
-1.90995;0.747811;2.05113;-0.0181356;-1.03909;0.7;0.7
-1.7471;0.794047;1.91908;0.0533974;3.05945;0.7;0.7
-1.82438;0.830713;2.00461;0.000700797;0.0401527;0.7;0.7
-2.10228;0.545453;2.17189;-0.173426;-9.93658;0.7;0.7
-2.00389;0.425865;2.04865;-0.0444564;-2.54717;0.7;0.7
-1.93732;0.419652;1.98225;0.0039152;0.224324;0.7;0.7
-1.84386;0.466523;1.90197;0.0344945;1.97639;0.7;0.7
-2.16494;0.625374;2.25345;0.0333969;1.9135;0.7;0.7
-1.54379;0.545251;1.63725;0.0583041;3.34058;0.7;0.7
-1.84831;0.558332;1.9308;-0.0461522;-2.64433;0.7;0.7
-1.94589;0.672551;2.05883;0.0394124;2.25816;0.7;0.7
-1.83531;0.602381;1.93164;-0.0156356;-0.895851;0.7;0.7
-1.87821;0.624054;1.97917;0.0036453;0.208861;0.7;0.7
-2.01937;0.669438;2.12744;-0.000676566;-0.0387644;0.7;0.7
-1.7832;0.675219;1.90675;0.0418653;2.3987;0.7;0.7
-1.88514;0.703767;2.01222;-0.00467218;-0.267696;0.7;0.7
-1.85147;0.793457;2.01433;0.047578;2.72602;0.7;0.7
-1.84747;0.788493;2.0087;-0.00148713;-0.085206;0.7;0.7
-1.84135;0.835147;2.02189;0.0224123;1.28413;0.7;0.7
-1.6468;0.729584;1.80118;-0.00875947;-0.501881;0.7;0.7
-1.81169;0.816973;1.98737;0.00659639;0.377945;0.7;0.7
-1.8339;0.84417;2.01886;0.00775754;0.444474;0.7;0.7
-1.82631;0.791511;1.99045;-0.0224401;-1.28572;0.7;0.7
-1.89841;0.860198;2.0842;0.0164841;0.944467;0.7;0.7
-1.87732;0.88118;2.07384;0.0134119;0.768444;0.7;0.7
-1.80213;0.775363;1.96185;-0.0325473;-1.86482;0.7;0.7
-1.5859;0.821484;1.78604;0.0716298;4.10409;0.7;0.7
-1.82508;1.02726;2.09432;0.0347234;1.9895;0.7;0.7
-1.78003;1.08719;2.08578;0.0356427;2.04218;0.7;0.7
-1.71985;1.04192;2.01084;-0.00361639;-0.207204;0.7;0.7
-1.71956;0.987263;1.98282;-0.0235005;-1.34648;0.7;0.7
-1.73457;0.99649;2.00043;0.000262748;0.0150544;0.7;0.7
-1.82767;0.913929;2.04344;-0.0577592;-3.30936;0.7;0.7
-1.75437;0.951512;1.99579;0.0332744;1.90648;0.7;0.7
-1.87772;0.895909;2.0805;-0.0517812;-2.96684;0.7;0.7
-1.71633;0.781424;1.88585;-0.0179402;-1.0279;0.7;0.7
-1.78923;0.873274;1.99097;0.0268177;1.53654;0.7;0.7
-1.78428;0.873118;1.98645;0.00102339;0.0586356;0.7;0.7
-1.79202;0.795559;1.96068;-0.0372766;-2.13579;0.7;0.7
-1.82993;0.79877;1.99667;-0.00623358;-0.357158;0.7;0.7
-1.81037;0.726892;1.95085;-0.0297616;-1.70521;0.7;0.7
-1.81228;0.745568;1.95965;0.00848241;0.486007;0.7;0.7
-1.77429;0.783129;1.93943;0.0253657;1.45335;0.7;0.7
-1.94463;0.88576;2.13686;0.0117503;0.673243;0.7;0.7
-1.93392;0.647254;2.03936;-0.104444;-5.9842;0.7;0.7
-1.89583;0.631395;1.9982;-0.00147491;-0.0845062;0.7;0.7
-1.95559;0.954523;2.1761;0.132592;7.59695;0.7;0.7
-1.62945;0.772734;1.80339;-0.011263;-0.645323;0.7;0.7
-1.99978;0.941238;2.21021;-0.00290866;-0.166654;0.7;0.7
-1.90511;0.887077;2.10151;-0.00413505;-0.236921;0.7;0.7
-1.8964;1.04154;2.1636;0.0664672;3.80829;0.7;0.7
-1.74564;1.08311;2.05436;0.0530914;3.04191;0.7;0.7
-1.74439;1.17925;2.1056;0.0391178;2.24129;0.7;0.7
-1.66578;1.12653;2.01095;0.000172647;0.00989195;0.7;0.7
-1.89694;1.0855;2.18556;-0.074868;-4.28962;0.7;0.7
-1.72924;0.976064;1.98569;-0.00588891;-0.337409;0.7;0.7
-1.66535;0.989687;1.93723;0.0223353;1.27972;0.7;0.7
-1.67981;1.1298;2.0244;0.0558814;3.20177;0.7;0.7
-1.6995;1.03397;1.98932;-0.0455157;-2.60786;0.7;0.7
-1.76886;0.924274;1.99579;-0.0650656;-3.72798;0.7;0.7
-1.68928;1.20062;2.07248;0.136386;7.81433;0.7;0.7
-1.62119;1.21033;2.02315;0.0234095;1.34126;0.7;0.7
-1.53174;1.12538;1.90072;-0.00765798;-0.43877;0.7;0.7
-1.70876;0.80868;1.89046;-0.191618;-10.9789;0.7;0.7
-1.8432;0.927883;2.06358;0.0243471;1.39499;0.7;0.7
-1.81454;0.962773;2.05414;0.0214487;1.22892;0.7;0.7
-1.8013;0.996244;2.05844;0.0173773;0.995645;0.7;0.7
-1.71454;0.916829;1.94428;-0.0141472;-0.810573;0.7;0.7
-1.7434;0.912203;1.96762;-0.00898795;-0.514972;0.7;0.7
-1.59517;0.876823;1.82027;0.0205319;1.17639;0.7;0.7
-1.68373;0.934164;1.92551;0.00394255;0.225892;0.7;0.7
-1.71327;0.960057;1.96393;0.00423106;0.242422;0.7;0.7
-1.8596;0.841163;2.041;-0.0859723;-4.92585;0.7;0.7
-1.68126;0.902974;1.9084;0.0680775;3.90055;0.7;0.7
-1.94973;0.812616;2.1123;-0.0979813;-5.61392;0.7;0.7
-1.91712;0.968148;2.14771;0.0727513;4.16834;0.7;0.7
-1.74829;0.799542;1.92244;-0.0387103;-2.21794;0.7;0.7
-1.72882;0.71151;1.86951;-0.0385009;-2.20594;0.7;0.7
-1.81236;0.839287;1.99727;0.0432553;2.47834;0.7;0.7
-1.86052;0.74746;2.00505;-0.0516728;-2.96063;0.7;0.7
-1.88677;0.537825;1.96193;-0.104327;-5.9775;0.7;0.7
-1.88864;0.618933;1.98747;0.0389995;2.23451;0.7;0.7
-1.88596;0.705054;2.01344;0.0410711;2.3532;0.7;0.7
-1.93103;0.681215;2.04766;-0.0186126;-1.06642;0.7;0.7
-1.86803;0.674981;1.98623;0.00759229;0.435006;0.7;0.7
-1.94673;0.669089;2.0585;-0.0156849;-0.898677;0.7;0.7
-1.95527;0.509415;2.02054;-0.0761817;-4.36489;0.7;0.7
-1.75203;0.651923;1.86939;0.101352;5.80707;0.7;0.7
-1.86119;0.770554;2.0144;0.0363041;2.08007;0.7;0.7
-1.73947;0.843675;1.93327;0.0590657;3.38422;0.7;0.7
-1.87175;0.843687;2.0531;-0.0281152;-1.61088;0.7;0.7
-1.83901;0.994716;2.0908;0.0723508;4.1454;0.7;0.7
-1.81824;0.897312;2.0276;-0.0373875;-2.14215;0.7;0.7
-1.93825;0.938476;2.1535;-0.00752209;-0.430984;0.7;0.7
-1.73296;0.894826;1.95035;0.0257293;1.47418;0.7;0.7
-1.85603;1.00777;2.11198;0.0207862;1.19096;0.7;0.7
-1.73127;0.955426;1.97741;0.00683991;0.391898;0.7;0.7
-1.73373;1.00095;2.00193;0.019317;1.10678;0.7;0.7
-1.73822;0.976213;1.99359;-0.0118733;-0.680288;0.7;0.7
-1.80731;0.987212;2.05936;-0.0117712;-0.674437;0.7;0.7
-1.59127;0.859433;1.80853;-0.00474105;-0.271642;0.7;0.7
-1.71991;1.44207;2.24447;0.202552;11.6054;0.7;0.7
-1.53343;1.28287;1.99929;-0.00109211;-0.0625731;0.7;0.7
-1.52849;1.44357;2.10242;0.0601681;3.44738;0.7;0.7
-1.49788;1.39795;2.04888;-0.00593095;-0.339819;0.7;0.7
-1.74513;1.30435;2.17872;-0.10905;-6.24811;0.7;0.7
-1.58656;1.12447;1.94463;-0.0252761;-1.44821;0.7;0.7
-1.43329;1.11905;1.81841;0.0463219;2.65405;0.7;0.7
-1.55475;1.24839;1.99392;0.0136398;0.781505;0.7;0.7
-1.56408;1.24296;1.99782;-0.00504004;-0.288773;0.7;0.7
-1.63187;1.25229;2.057;-0.0169551;-0.971457;0.7;0.7
-1.59176;1.21218;2.00077;-0.00369777;-0.211867;0.7;0.7
-1.71901;1.07437;2.02714;-0.0922505;-5.28557;0.7;0.7
-1.63186;1.2308;2.04398;0.0876099;5.01968;0.7;0.7
-1.67439;1.13066;2.02038;-0.0522707;-2.99489;0.7;0.7
-1.74353;1.07867;2.05022;-0.039899;-2.28605;0.7;0.7
-1.76701;1.12534;2.09492;0.0130498;0.747701;0.7;0.7
-1.69294;1.07478;2.00529;-0.00142319;-0.0815427;0.7;0.7
-1.67959;1.06577;1.98919;-0.000227737;-0.0130484;0.7;0.7
-1.69143;1.1869;2.06632;0.0464435;2.66102;0.7;0.7
-1.44014;1.19853;1.87363;0.0822104;4.71031;0.7;0.7
-1.57144;1.50088;2.17303;0.0683492;3.91612;0.7;0.7
-1.43056;1.46925;2.05066;0.0363045;2.08009;0.7;0.7
-1.39196;1.41355;1.98386;-0.00564771;-0.32359;0.7;0.7
-1.40956;1.2944;1.91372;-0.0502611;-2.87975;0.7;0.7
-1.54448;1.20625;1.95971;-0.0797777;-4.57092;0.7;0.7
-1.5141;1.19639;1.92973;0.00565885;0.324228;0.7;0.7
-1.4445;1.12153;1.82877;-0.00852044;-0.488185;0.7;0.7
-1.64582;1.18532;2.02823;-0.0360376;-2.0648;0.7;0.7
-1.67282;1.18001;2.04713;-0.0098105;-0.5621;0.7;0.7
-1.69895;1.15034;2.05175;-0.0191621;-1.09791;0.7;0.7
-1.63616;1.13515;1.99138;0.0113633;0.651072;0.7;0.7
-1.62739;1.17911;2.00965;0.0204625;1.17241;0.7;0.7
-1.45411;1.07582;1.80882;0.00996481;0.570942;0.7;0.7
-1.59456;1.12882;1.95368;-0.0209523;-1.20048;0.7;0.7
-1.66864;1.08663;1.99126;-0.038797;-2.2229;0.7;0.7
-1.28466;1.2705;1.8068;0.20263;11.6098;0.7;0.7
-1.60371;1.46212;2.17018;-0.0406064;-2.32658;0.7;0.7
-1.59191;1.33531;2.0778;-0.0412864;-2.36554;0.7;0.7
-1.44775;1.34958;1.97923;0.052358;2.99989;0.7;0.7
-1.49776;1.27891;1.96949;-0.0435741;-2.49661;0.7;0.7
-1.51655;1.52077;2.14771;0.0800431;4.58613;0.7;0.7
-1.39337;1.47584;2.02968;0.027344;1.5667;0.7;0.7
-1.39061;1.48501;2.03446;0.00408432;0.234014;0.7;0.7
-1.4454;1.16018;1.85343;-0.141849;-8.12734;0.7;0.7
-1.52991;1.26621;1.98593;0.0149993;0.859397;0.7;0.7
-1.54902;1.2743;2.00582;-0.00296612;-0.169946;0.7;0.7
-1.57752;1.3168;2.05488;0.00716074;0.41028;0.7;0.7
-1.42075;1.46143;2.03821;0.10395;5.95592;0.7;0.7
-1.26942;1.36428;1.86352;0.0218894;1.25417;0.7;0.7
-1.35308;1.53454;2.04588;0.0267533;1.53285;0.7;0.7
-1.34778;1.51298;2.02623;-0.00507536;-0.290797;0.7;0.7
-1.32374;1.11912;1.73341;-0.14125;-8.093;0.7;0.7
-1.53225;1.18105;1.9346;-0.0451514;-2.58698;0.7;0.7
-1.51721;1.20606;1.93817;0.0149562;0.856926;0.7;0.7
-1.58031;1.19571;1.98169;-0.0239038;-1.36959;0.7;0.7
-1.58884;1.35066;2.08535;0.0568151;3.25526;0.7;0.7
-1.49227;1.34082;2.00616;0.027448;1.57265;0.7;0.7
-1.44467;1.33759;1.96881;0.0149357;0.855753;0.7;0.7
-1.43737;1.40383;2.00917;0.0266636;1.52771;0.7;0.7
-1.44698;1.43884;2.04059;0.00898328;0.514704;0.7;0.7
-1.34974;1.53608;2.04483;0.0673027;3.85616;0.7;0.7
-1.24691;1.69901;2.10746;0.0877976;5.03043;0.7;0.7
-1.53178;1.48607;2.13418;-0.167425;-9.59274;0.7;0.7
-1.4982;1.34149;2.01103;-0.0399826;-2.29083;0.7;0.7
-1.52417;1.22038;1.95255;-0.0551113;-3.15764;0.7;0.7
-1.56249;1.24982;2.00085;-0.000485007;-0.0277888;0.7;0.7
-1.59818;1.30702;2.06458;0.0108412;0.621154;0.7;0.7
-1.46189;1.228;1.90922;0.0131511;0.753502;0.7;0.7
-1.47011;1.27434;1.94555;0.0155227;0.889388;0.7;0.7
-1.42769;1.34624;1.96231;0.0418569;2.39823;0.7;0.7
-1.38824;1.38524;1.96115;0.0282717;1.61985;0.7;0.7
-1.40531;1.39408;1.97949;-0.00293123;-0.167947;0.7;0.7
-1.42445;1.40188;1.99858;-0.00397234;-0.227598;0.7;0.7
-1.32566;1.08687;1.71425;-0.0906687;-5.19493;0.7;0.7
-1.39169;1.07058;1.75583;-0.0310244;-1.77756;0.7;0.7
-1.65441;1.4082;2.17258;0.0494602;2.83386;0.7;0.7
-1.56468;1.35883;2.07235;0.00992435;0.568623;0.7;0.7
-1.47973;1.32566;1.98669;0.0154302;0.884084;0.7;0.7
-1.53973;1.31731;2.02634;-0.0228319;-1.30817;0.7;0.7
-1.64545;1.38675;2.15188;-0.0074168;-0.424951;0.7;0.7
-1.57607;1.29493;2.03981;-0.0124983;-0.716101;0.7;0.7
-1.79484;1.17451;2.14498;-0.108341;-6.20748;0.7;0.7
-1.5629;1.02327;1.86808;0.000243253;0.0139374;0.7;0.7
-1.84393;1.11689;2.15581;-0.0350807;-2.00997;0.7;0.7
-1.96026;0.964022;2.18448;-0.0875568;-5.01664;0.7;0.7
-1.91382;1.00545;2.16186;0.0266779;1.52853;0.7;0.7
-1.94835;0.850963;2.12608;-0.0719409;-4.12191;0.7;0.7
-1.83893;0.707474;1.97033;-0.0445242;-2.55105;0.7;0.7
-1.84797;0.714857;1.98142;0.00183934;0.105386;0.7;0.7
-1.84775;0.68871;1.97193;-0.0123258;-0.706217;0.7;0.7
-1.88684;0.706307;2.01471;0.00140688;0.0806081;0.7;0.7
-1.89324;0.591921;1.98361;-0.0551636;-3.16064;0.7;0.7
-2.02237;0.666352;2.12932;0.0152669;0.874731;0.7;0.7
-2.00866;0.523664;2.0758;-0.063262;-3.62465;0.7;0.7
-1.93538;0.504373;2.00002;-8.99448e-05;-0.00515346;0.7;0.7
-1.97558;0.565742;2.05499;0.0239669;1.3732;0.7;0.7
-1.94426;0.589485;2.03165;0.0154801;0.886942;0.7;0.7
-1.73467;0.745049;1.8879;0.111297;6.37683;0.7;0.7
-1.87068;0.641632;1.97765;-0.0752599;-4.31208;0.7;0.7
-1.74011;0.637166;1.8531;0.0205811;1.17921;0.7;0.7
-2.13304;0.899745;2.31504;0.0481669;2.75976;0.7;0.7
-1.8329;0.772204;1.98892;-0.000433871;-0.024859;0.7;0.7
-1.67038;0.693334;1.80855;-0.00529908;-0.303615;0.7;0.7
-1.75823;0.912368;1.98086;0.0852276;4.88318;0.7;0.7
-1.80541;0.892601;2.01401;-0.019502;-1.11738;0.7;0.7
-1.64107;0.746602;1.80292;-0.0321998;-1.84491;0.7;0.7
-1.77797;0.759174;1.93327;-0.0234069;-1.34112;0.7;0.7
-1.70887;0.734013;1.85984;0.00214876;0.123115;0.7;0.7
-1.82113;0.871291;2.01882;0.0405441;2.32301;0.7;0.7
-1.74878;0.898197;1.96596;0.0282311;1.61752;0.7;0.7
-1.81974;0.801905;1.98859;-0.0594097;-3.40393;0.7;0.7
-1.7351;0.865564;1.93902;0.0476618;2.73082;0.7;0.7
-1.65275;0.918985;1.89106;0.0447334;2.56303;0.7;0.7
-1.72135;0.911526;1.9478;-0.0204626;-1.17242;0.7;0.7
-1.92733;0.790153;2.08301;-0.0979269;-5.6108;0.7;0.7
-1.77846;0.840888;1.96724;0.0525913;3.01326;0.7;0.7
-1.82919;0.605543;1.92682;-0.121977;-6.98875;0.7;0.7
-2.1282;0.591673;2.20892;-0.0485215;-2.78008;0.7;0.7
-1.97657;0.525841;2.04532;-0.0111528;-0.639011;0.7;0.7
-1.91562;0.552208;1.99362;0.0206427;1.18274;0.7;0.7
-1.9491;0.542187;2.0231;-0.00934373;-0.535356;0.7;0.7
-1.95897;0.567404;2.03948;0.010616;0.608253;0.7;0.7
-1.90078;0.581351;1.9877;0.0148834;0.852755;0.7;0.7
-2.06193;0.520032;2.1265;-0.0497593;-2.851;0.7;0.7
-1.88352;0.362629;1.91811;-0.0568535;-3.25746;0.7;0.7
-1.98276;0.264627;2.00034;-0.0575206;-3.29568;0.7;0.7
-1.98463;0.259148;2.00148;-0.00283678;-0.162536;0.7;0.7
-2.18275;0.233211;2.19518;-0.0234041;-1.34096;0.7;0.7
-2.06635;0.269746;2.08388;0.0233695;1.33897;0.7;0.7
-2.1345;0.385037;2.16895;0.0486596;2.78799;0.7;0.7
-2.06699;0.369734;2.0998;-0.00146457;-0.0839137;0.7;0.7
-1.86855;0.386869;1.90818;0.0271543;1.55583;0.7;0.7
-2.01899;0.436566;2.06565;0.00879379;0.503847;0.7;0.7
-1.98717;0.444914;2.03637;0.00730961;0.41881;0.7;0.7
-1.94138;0.383942;1.97898;-0.0250129;-1.43314;0.7;0.7
-1.95465;0.481029;2.01297;0.0460515;2.63855;0.7;0.7
-1.91289;0.37239;1.9488;-0.0490303;-2.80923;0.7;0.7
-1.99938;0.320913;2.02497;-0.0331203;-1.89765;0.7;0.7
-1.95181;0.31726;1.97743;0.00198828;0.11392;0.7;0.7
-2.0082;0.48942;2.06698;0.0779129;4.46408;0.7;0.7
-2.05244;0.5814;2.1332;0.0369907;2.11941;0.7;0.7
-1.90355;0.48592;1.96459;-0.0261076;-1.49585;0.7;0.7
-1.87687;0.654362;1.98767;0.0855339;4.90073;0.7;0.7
-1.90063;0.682673;2.01952;0.00936405;0.536521;0.7;0.7
-1.87113;0.680452;1.99101;0.00395913;0.226842;0.7;0.7
-1.75586;0.641926;1.86953;0.00170459;0.097666;0.7;0.7
-2.12647;0.63023;2.21789;-0.0623679;-3.57341;0.7;0.7
-1.96384;0.247062;1.97932;-0.162979;-9.33803;0.7;0.7
-2.02926;0.204847;2.03957;-0.0245421;-1.40616;0.7;0.7
-1.99734;0.276751;2.01642;0.0370776;2.12439;0.7;0.7
-1.9737;0.163913;1.98049;-0.0548246;-3.14122;0.7;0.7
-1.98632;0.21221;1.99762;0.0235734;1.35066;0.7;0.7
-2.02148;0.446297;2.07016;0.11086;6.35178;0.7;0.7
-1.95688;0.424053;2.0023;-0.00389297;-0.223051;0.7;0.7
-1.93658;0.399074;1.97728;-0.0101724;-0.582835;0.7;0.7
-1.96901;0.401876;2.0096;-0.00189093;-0.108342;0.7;0.7
-2.01651;0.218844;2.02835;-0.0932327;-5.34184;0.7;0.7
-2.20927;0.00173722;2.20927;-0.107316;-6.14878;0.7;0.7
-2.20878;-0.0974013;2.21093;-0.044855;-2.57;0.7;0.7
-2.0045;-0.170503;2.01174;-0.0407871;-2.33693;0.7;0.7
-1.82144;-0.369962;1.85864;-0.115533;-6.61952;0.7;0.7
-2.07196;-0.661678;2.17505;-0.108723;-6.22938;0.7;0.7
-1.90785;-0.527191;1.97935;0.0395116;2.26385;0.7;0.7
-1.92075;-0.453613;1.97359;0.037685;2.15919;0.7;0.7
-1.89596;-0.250322;1.91241;0.100645;5.76652;0.7;0.7
-2.05225;-0.2678;2.06965;0.00151245;0.0866571;0.7;0.7
-1.97308;-0.252659;1.98919;0.00239761;0.137373;0.7;0.7
-1.99146;-0.236673;2.00548;0.00907107;0.519734;0.7;0.7
-2.18133;-0.0225687;2.18145;0.107943;6.18468;0.7;0.7
-2.21335;0.0547905;2.21402;0.0350955;2.01082;0.7;0.7
-2.02155;0.119584;2.02509;0.0343363;1.96733;0.7;0.7
-1.98997;0.0299727;1.99019;-0.0440251;-2.52245;0.7;0.7
-1.86424;-0.0864244;1.86624;-0.0613866;-3.51719;0.7;0.7
-2.02482;-0.055363;2.02557;0.0189904;1.08807;0.7;0.7
-1.91744;-0.130014;1.92185;-0.0403671;-2.31286;0.7;0.7
-1.89108;0.0514396;1.89178;0.0948969;5.43719;0.7;0.7
-2.02077;-0.0244471;2.02092;-0.0392918;-2.25125;0.7;0.7
-2.07822;-0.0890834;2.08013;-0.0307417;-1.76137;0.7;0.7
-1.92025;-0.200722;1.93071;-0.0613117;-3.5129;0.7;0.7
-1.97282;-0.0641695;1.97386;0.0716355;4.10441;0.7;0.7
-1.78572;-0.129046;1.79037;-0.039625;-2.27034;0.7;0.7
-1.79988;-0.317678;1.8277;-0.10256;-5.87625;0.7;0.7
-1.8218;-0.332477;1.85189;-0.005813;-0.33306;0.7;0.7
-2.00324;-0.408068;2.04438;-0.0204412;-1.17119;0.7;0.7
-1.92173;-0.417424;1.96654;-0.012936;-0.74118;0.7;0.7
-1.86154;-0.308255;1.88688;0.0497876;2.85262;0.7;0.7
-2.00457;-0.292103;2.02575;0.0194029;1.11171;0.7;0.7
-1.93982;-0.226249;1.95297;0.0285906;1.63812;0.7;0.7
-1.97379;-0.150008;1.97949;0.0402552;2.30645;0.7;0.7
-2.00912;-0.153024;2.01494;-0.000163716;-0.00938024;0.7;0.7
-1.96442;-0.246166;1.97978;-0.0486452;-2.78716;0.7;0.7
-1.9311;-0.242984;1.94632;-0.000506495;-0.02902;0.7;0.7
-1.99062;-0.181756;1.9989;0.0341157;1.95469;0.7;0.7
-1.98648;-0.174911;1.99416;0.00322926;0.185023;0.7;0.7
-1.92918;-0.21626;1.94127;-0.0238089;-1.36415;0.7;0.7
-1.92126;-0.350123;1.9529;-0.0686251;-3.93193;0.7;0.7
-1.86761;-0.389469;1.90779;-0.0253334;-1.4515;0.7;0.7
-2.0125;-0.433793;2.05872;-0.00670929;-0.384414;0.7;0.7
-1.97693;-0.472738;2.03267;-0.0224186;-1.28449;0.7;0.7
-1.95525;-0.591463;2.04275;-0.0590284;-3.38208;0.7;0.7
-1.90123;-0.48181;1.96133;0.0455539;2.61005;0.7;0.7
-1.93583;-0.690763;2.05538;-0.0945533;-5.4175;0.7;0.7
-1.85895;-0.70055;1.98657;-0.0176471;-1.0111;0.7;0.7
-1.8365;-0.775654;1.99359;-0.0392319;-2.24782;0.7;0.7
-1.83144;-0.816694;2.00528;-0.0198382;-1.13665;0.7;0.7
-1.82815;-0.878062;2.02808;-0.0283007;-1.62151;0.7;0.7
-1.91021;-0.764199;2.0574;0.0672069;3.85067;0.7;0.7
-2.00411;-0.728797;2.13251;0.0317738;1.82051;0.7;0.7
-1.63569;-0.660946;1.76418;-0.0352319;-2.01864;0.7;0.7
-1.91462;-0.776007;2.0659;-0.00105603;-0.0605061;0.7;0.7
-1.84107;-0.680246;1.96272;0.0311465;1.78456;0.7;0.7
-1.86171;-0.59719;1.95515;0.0435209;2.49357;0.7;0.7
-1.84921;-0.608399;1.94672;-0.00744439;-0.426532;0.7;0.7
-1.71504;-0.847628;1.91307;-0.141173;-8.0886;0.7;0.7
-1.73887;-0.933678;1.97368;-0.0337432;-1.93334;0.7;0.7
-1.76605;-0.977073;2.01832;-0.0125721;-0.720326;0.7;0.7
-1.72481;-0.928947;1.95906;0.0113045;0.647698;0.7;0.7
-1.76301;-0.984288;2.01917;-0.0151589;-0.868543;0.7;0.7
-1.73225;-0.981591;1.99103;-0.0063505;-0.363857;0.7;0.7
-1.72521;-1.0008;1.99448;-0.0101197;-0.579813;0.7;0.7
-1.81916;-1.11323;2.13275;-0.0234959;-1.34622;0.7;0.7
-2.03063;-0.848033;2.20059;0.153554;8.798;0.7;0.7
-1.64118;-0.725506;1.79439;-0.0206301;-1.18202;0.7;0.7
-1.76609;-0.69653;1.89848;0.0405717;2.32459;0.7;0.7
-1.95003;-0.84759;2.12627;-0.0343565;-1.96848;0.7;0.7
-1.83918;-0.795202;2.00373;0.00192442;0.110261;0.7;0.7
-1.94694;-0.964594;2.17279;-0.0518983;-2.97355;0.7;0.7
-1.7383;-0.724603;1.88328;0.0650498;3.72708;0.7;0.7
-1.85114;-0.765456;2.00316;0.00284871;0.163219;0.7;0.7
-1.87872;-0.878436;2.07394;-0.0452755;-2.59409;0.7;0.7
-1.74294;-0.955615;1.98772;-0.0641495;-3.6755;0.7;0.7
-1.62884;-0.982254;1.90209;-0.0411312;-2.35665;0.7;0.7
-1.68091;-0.963833;1.93763;0.022019;1.2616;0.7;0.7
-1.76752;-1.07067;2.06651;-0.0240012;-1.37517;0.7;0.7
-1.79146;-0.896902;2.00344;0.0804615;4.6101;0.7;0.7
-1.66254;-0.929051;1.90452;-0.045413;-2.60197;0.7;0.7
-1.50342;-1.07746;1.84965;-0.112244;-6.43108;0.7;0.7
-1.70969;-1.2074;2.09305;0.00694448;0.397889;0.7;0.7
-1.60113;-1.12593;1.95738;0.00200948;0.115135;0.7;0.7
-1.53459;-0.860273;1.75927;0.101938;5.8406;0.7;0.7
-1.80643;-1.10221;2.11614;-0.0369183;-2.11526;0.7;0.7
-1.75162;-1.09984;2.06829;-0.0128278;-0.734978;0.7;0.7
-1.57781;-1.1988;1.98156;-0.0890527;-5.10234;0.7;0.7
-1.61163;-1.32659;2.08738;-0.0389558;-2.232;0.7;0.7
-1.52973;-1.27544;1.99169;-0.00630438;-0.361214;0.7;0.7
-1.82146;-1.33737;2.25971;0.0616635;3.53306;0.7;0.7
-1.70643;-1.14386;2.05435;0.0428012;2.45233;0.7;0.7
-1.73059;-1.00071;1.99909;0.0662566;3.79622;0.7;0.7
-1.67408;-1.09003;1.99768;-0.0528894;-3.03034;0.7;0.7
-1.65202;-1.0696;1.96805;0.00258332;0.148013;0.7;0.7
-1.74062;-1.14633;2.08419;-0.00780079;-0.446953;0.7;0.7
-1.66768;-1.09845;1.99693;-6.6063e-05;-0.00378513;0.7;0.7
-1.60589;-0.935211;1.85836;0.0550971;3.15683;0.7;0.7
-1.83844;-0.993445;2.08969;0.0319274;1.8293;0.7;0.7
-1.75063;-0.88565;1.96191;0.0270622;1.55055;0.7;0.7
-1.80642;-0.906568;2.02114;0.0032265;0.184865;0.7;0.7
-1.86935;-0.921665;2.08421;0.0070684;0.404989;0.7;0.7
-1.86191;-1.07647;2.1507;-0.0661341;-3.7892;0.7;0.7
-1.75785;-0.736725;1.90599;0.127332;7.29556;0.7;0.7
-1.86812;-0.766754;2.01935;0.00739167;0.423511;0.7;0.7
-1.89863;-0.918392;2.10909;-0.0610565;-3.49828;0.7;0.7
-1.76023;-0.475415;1.8233;0.18674;10.6994;0.7;0.7
-1.61204;-0.858658;1.82646;-0.225635;-12.9279;0.7;0.7
-1.74603;-1.00775;2.01598;-0.0340344;-1.95003;0.7;0.7
-1.72603;-0.997592;1.99358;-0.000600738;-0.0344198;0.7;0.7
-1.86994;-1.16744;2.20445;-0.0340477;-1.95079;0.7;0.7
-1.89331;-1.24875;2.26804;-0.0249535;-1.42973;0.7;0.7
-1.67795;-0.993309;1.94992;0.0485639;2.78251;0.7;0.7
-1.39356;-1.16798;1.81829;-0.163062;-9.34278;0.7;0.7
-1.5083;-1.25766;1.96385;0.00253183;0.145063;0.7;0.7
-1.57247;-1.30148;2.0412;0.00364587;0.208893;0.7;0.7
-1.54084;-1.26786;1.99541;0.00287359;0.164644;0.7;0.7
-1.50238;-1.33755;2.01151;-0.0389141;-2.22962;0.7;0.7
-1.54139;-1.36009;2.05566;0.00443049;0.253849;0.7;0.7
-1.37171;-1.44022;1.98892;-0.0867648;-4.97126;0.7;0.7
-1.37517;-1.40942;1.96915;0.0120614;0.691065;0.7;0.7
-1.32426;-1.52475;2.01953;-0.0579575;-3.32072;0.7;0.7
-1.28323;-1.49993;1.97394;-0.00744706;-0.426685;0.7;0.7
-1.48804;-1.50011;2.11296;0.0736662;4.22076;0.7;0.7
-1.42142;-1.41737;2.00733;0.00546621;0.313191;0.7;0.7
-1.32981;-1.28219;1.84727;0.0167991;0.962515;0.7;0.7
-1.42468;-1.40553;2.0013;-0.0114597;-0.65659;0.7;0.7
-1.65988;-1.29816;2.10723;0.114913;6.58405;0.7;0.7
-1.484;-1.25799;1.94545;-0.0394441;-2.25998;0.7;0.7
-1.66132;-1.2723;2.09254;0.0495999;2.84187;0.7;0.7
-1.47389;-1.22661;1.91754;-0.0405234;-2.32182;0.7;0.7
-1.85838;-1.54921;2.41942;-0.000830805;-0.0476016;0.7;0.7
-1.64422;-1.20956;2.0412;0.0606666;3.47594;0.7;0.7
-1.57309;-1.1752;1.96359;-0.00736876;-0.422199;0.7;0.7
-1.62277;-1.19114;2.01301;0.00842365;0.482639;0.7;0.7
-1.62083;-1.23109;2.03535;-0.0163868;-0.938895;0.7;0.7
-1.59203;-1.20996;1.99964;-0.000294905;-0.0168968;0.7;0.7
-1.57491;-0.961814;1.84538;0.101619;5.82232;0.7;0.7
-1.63194;-1.03721;1.93366;-0.0179064;-1.02596;0.7;0.7
-1.70398;-1.08332;2.01919;-0.000132549;-0.0075945;0.7;0.7
-1.61731;-1.01751;1.91076;0.00472762;0.270873;0.7;0.7
-1.88008;-0.9429;2.10328;0.0967053;5.5408;0.7;0.7
-1.79979;-0.875764;2.00155;0.0119989;0.687489;0.7;0.7
-1.83495;-0.813144;2.00705;0.035728;2.04706;0.7;0.7
-2.11127;-0.840124;2.27229;0.0384218;2.20141;0.7;0.7
-1.79399;-0.651837;1.90875;0.0302022;1.73046;0.7;0.7
-1.85717;-0.729385;1.99527;-0.0257194;-1.47362;0.7;0.7
-2.03933;-0.72885;2.16566;0.0309831;1.7752;0.7;0.7
-1.83837;-0.618376;1.93958;0.0187658;1.0752;0.7;0.7
-1.92506;-0.738218;2.06176;-0.0416988;-2.38917;0.7;0.7
-1.89914;-0.72772;2.03379;0.000255138;0.0146184;0.7;0.7
-1.86197;-0.712042;1.99348;0.000673498;0.0385886;0.7;0.7
-1.89492;-0.680128;2.01328;0.0206524;1.1833;0.7;0.7
-2.20043;-0.762737;2.32887;0.0109299;0.626238;0.7;0.7
-1.83013;-0.778446;1.9888;-0.068497;-3.92459;0.7;0.7
-1.88006;-0.695099;2.00444;0.0480326;2.75206;0.7;0.7
-1.92644;-0.543925;2.00176;0.0789512;4.52357;0.7;0.7
-1.8747;-0.606117;1.97025;-0.0375225;-2.14988;0.7;0.7
-1.86253;-0.599711;1.9567;0.00120195;0.0688669;0.7;0.7
-1.79179;-0.669417;1.91276;-0.0460398;-2.63789;0.7;0.7
-1.87299;-0.644787;1.98087;0.0259969;1.48951;0.7;0.7
-1.89153;-0.652725;2.00098;-0.000736473;-0.0421968;0.7;0.7
-2.00308;-0.654571;2.10732;0.0164408;0.941986;0.7;0.7
-1.94439;-0.398119;1.98473;0.113881;6.52492;0.7;0.7
-2.00307;-0.410782;2.04475;-0.000310433;-0.0177865;0.7;0.7
-1.97602;-0.350886;2.00693;0.0265323;1.52019;0.7;0.7
-1.82169;-0.29437;1.84532;0.0155328;0.889961;0.7;0.7
-2.09662;-0.366679;2.12844;-0.0129325;-0.740979;0.7;0.7
-1.95362;-0.34128;1.98321;0.000194002;0.0111155;0.7;0.7
-1.97276;-0.348463;2.0033;-0.00188819;-0.108185;0.7;0.7
-1.99848;-0.304915;2.0216;0.0234279;1.34232;0.7;0.7
-1.69055;-0.295857;1.71624;-0.0218457;-1.25167;0.7;0.7
-2.29837;-0.633595;2.38411;-0.0957384;-5.4854;0.7;0.7
-1.82711;-0.681124;1.94994;-0.0878391;-5.03281;0.7;0.7
-1.74958;-0.715011;1.89005;-0.0311338;-1.78383;0.7;0.7
-1.68039;-0.825341;1.87214;-0.0685876;-3.92978;0.7;0.7
-1.80971;-0.889565;2.01653;-0.000314975;-0.0180467;0.7;0.7
-1.78743;-0.879135;1.99193;-0.000235372;-0.0134858;0.7;0.7
-1.93979;-0.760113;2.0834;0.0836365;4.79202;0.7;0.7
-1.87285;-0.874326;2.06688;-0.0633074;-3.62725;0.7;0.7
-1.94256;-0.899444;2.14069;0.00314356;0.180113;0.7;0.7
-1.93339;-0.762232;2.07822;0.0580915;3.3284;0.7;0.7
-1.86132;-0.74267;2.00401;-0.00410939;-0.235451;0.7;0.7
-1.45583;-0.847297;1.68445;-0.147434;-8.44732;0.7;0.7
-1.7096;-0.952662;1.95711;0.0186918;1.07096;0.7;0.7
-1.6512;-0.940434;1.90023;-0.00933684;-0.534961;0.7;0.7
-1.75624;-1.09473;2.0695;-0.0396779;-2.27338;0.7;0.7
-1.86046;-1.124;2.17364;0.0139374;0.798556;0.7;0.7
-1.76047;-1.07012;2.06019;-0.00271594;-0.155612;0.7;0.7
-1.68006;-1.03081;1.97109;-0.00414533;-0.23751;0.7;0.7
-1.74409;-0.992204;2.00657;0.0330925;1.89606;0.7;0.7
-1.72925;-0.960607;1.97815;0.0101737;0.582909;0.7;0.7
-1.74134;-0.971306;1.99392;-0.00174541;-0.100005;0.7;0.7
-1.77928;-1.03675;2.0593;-0.0187819;-1.07612;0.7;0.7
-1.76138;-0.908436;1.98185;0.0514178;2.94602;0.7;0.7
-1.67964;-1.05138;1.98156;-0.0831184;-4.76233;0.7;0.7
-1.52071;-1.03323;1.83851;-0.0375023;-2.14872;0.7;0.7
-1.85717;-1.1473;2.18297;0.0434093;2.48717;0.7;0.7
-1.7522;-1.09453;2.06596;-0.00497438;-0.285011;0.7;0.7
-1.68497;-1.02413;1.97179;0.0122185;0.700069;0.7;0.7
-1.70351;-1.02906;1.9902;0.0027196;0.155821;0.7;0.7
-1.77242;-1.19302;2.13653;-0.0490274;-2.80906;0.7;0.7
-1.71372;-0.769249;1.87846;0.170526;9.77044;0.7;0.7
-1.95908;-0.887878;2.15089;-0.00360373;-0.206479;0.7;0.7
-1.91674;-0.911114;2.12226;-0.0182089;-1.04329;0.7;0.7
-1.83848;-0.835252;2.01932;0.0172927;0.990797;0.7;0.7
-1.81063;-0.829397;1.99155;-0.00310789;-0.178069;0.7;0.7
-1.87318;-0.864624;2.0631;-0.00289611;-0.165935;0.7;0.7
-1.84277;-0.5721;1.92954;0.131421;7.52987;0.7;0.7
-1.97285;-0.327109;1.99979;0.136711;7.83298;0.7;0.7
-1.91515;-0.326825;1.94283;-0.00471388;-0.270086;0.7;0.7
-1.93625;-0.518916;2.00457;-0.0928236;-5.3184;0.7;0.7
-1.97663;-0.561601;2.05487;-0.0149771;-0.858123;0.7;0.7
-1.8694;-0.513223;1.93857;0.00888756;0.50922;0.7;0.7
-2.06086;-0.321505;2.08578;0.113179;6.48471;0.7;0.7
-1.98296;-0.357567;2.01494;-0.0236453;-1.35477;0.7;0.7
-1.97227;-0.41485;2.01543;-0.0289158;-1.65676;0.7;0.7
-1.96577;-0.411182;2.00832;0.00112133;0.0642473;0.7;0.7
-1.98026;-0.245367;1.9954;0.0829194;4.75093;0.7;0.7
-1.89336;-0.174269;1.90137;0.0314949;1.80452;0.7;0.7
-1.99746;-0.216456;2.00915;-0.0161616;-0.925989;0.7;0.7
-1.93367;-0.0421419;1.93413;0.0861546;4.9363;0.7;0.7
-2.06675;0.0913381;2.06876;0.0659556;3.77898;0.7;0.7
-2.04763;0.0284423;2.04783;-0.0302759;-1.73468;0.7;0.7
-2.03164;-0.189465;2.04046;-0.106877;-6.12362;0.7;0.7
-1.86109;0.0973713;1.86364;0.14526;8.32277;0.7;0.7
-2.06041;0.0762054;2.06182;-0.0153031;-0.876801;0.7;0.7
-1.91854;0.0781516;1.92013;0.00374377;0.214502;0.7;0.7
-1.94652;-0.111972;1.94974;-0.0981734;-5.62492;0.7;0.7
-2.0126;-0.1989;2.0224;-0.0410467;-2.3518;0.7;0.7
-1.88806;-0.326988;1.91617;-0.0729788;-4.18138;0.7;0.7
-2.11532;-0.243901;2.12933;0.0566906;3.24813;0.7;0.7
-1.95019;-0.144716;1.95555;0.0407251;2.33337;0.7;0.7
-2.02215;0.123704;2.02593;0.135169;7.7446;0.7;0.7
-2.00977;0.111238;2.01285;-0.00580618;-0.33267;0.7;0.7
-1.92227;0.108952;1.92535;0.00132646;0.0760006;0.7;0.7
-1.77934;-0.0390988;1.77977;-0.0785887;-4.5028;0.7;0.7
-2.18507;0.128007;2.18882;0.0804859;4.6115;0.7;0.7
-1.97043;-0.0133705;1.97047;-0.0653011;-3.74148;0.7;0.7
-1.96008;-0.0772508;1.9616;-0.0326063;-1.8682;0.7;0.7
-1.9824;-0.177108;1.9903;-0.0497119;-2.84828;0.7;0.7
-1.9599;-0.0727955;1.96126;0.0519784;2.97814;0.7;0.7
-1.91216;0.0106709;1.91219;0.0427058;2.44686;0.7;0.7
-2.00876;-0.0321919;2.00901;-0.0216049;-1.23787;0.7;0.7
-2.08487;0.229608;2.09748;0.125713;7.20282;0.7;0.7
-1.97223;0.207179;1.98308;-0.00502394;-0.287851;0.7;0.7
-2.01775;-0.127224;2.02176;-0.167633;-9.60469;0.7;0.7
-1.93711;0.0697464;1.93836;0.0989587;5.66992;0.7;0.7
-1.98961;-0.088822;1.99159;-0.0806032;-4.61823;0.7;0.7
-1.9924;-0.0296119;1.99262;0.029752;1.70466;0.7;0.7
-2.12974;0.111508;2.13265;0.0671713;3.84863;0.7;0.7
-2.03826;0.0542766;2.03898;-0.0256873;-1.47177;0.7;0.7
-2.00805;0.116662;2.01143;0.0314092;1.79962;0.7;0.7
-2.05363;0.0821176;2.05527;-0.0180665;-1.03514;0.7;0.7
-2.08918;0.11764;2.09249;0.0162846;0.933038;0.7;0.7
-1.94427;0.209248;1.95549;0.0509604;2.91982;0.7;0.7
-2.13176;0.210481;2.14213;-0.00879361;-0.503836;0.7;0.7
-2.16776;0.055901;2.16848;-0.072635;-4.16168;0.7;0.7
-1.88147;0.112742;1.88485;0.0340689;1.952;0.7;0.7
-1.96832;-0.0277031;1.96851;-0.0739242;-4.23554;0.7;0.7
-2.09535;0.091493;2.09734;0.0577107;3.30658;0.7;0.7
-1.87314;0.0379108;1.87353;-0.0234008;-1.34076;0.7;0.7
-1.99494;0.0489168;1.99554;0.00427912;0.245176;0.7;0.7
-2.02489;0.0189504;2.02498;-0.015157;-0.868435;0.7;0.7
-1.99642;0.0110927;1.99645;-0.00380222;-0.217851;0.7;0.7
-1.87937;-0.0136543;1.87942;-0.0128215;-0.734616;0.7;0.7
-2.01351;0.0428128;2.01396;0.0285248;1.63435;0.7;0.7
-2.0315;-0.0437156;2.03197;-0.0427752;-2.45084;0.7;0.7
-1.93475;0.0691576;1.93598;0.0572454;3.27992;0.7;0.7
-1.85581;-0.05097;1.85651;-0.063188;-3.62041;0.7;0.7
-1.97228;0.0245997;1.97243;0.0399302;2.28783;0.7;0.7
-1.75545;-0.096587;1.7581;-0.0674379;-3.86391;0.7;0.7
-2.04637;0.0378448;2.04672;0.0734573;4.20879;0.7;0.7
-2.02;0.0462618;2.02053;0.00440643;0.25247;0.7;0.7
-1.94526;-0.0333599;1.94555;-0.0400456;-2.29444;0.7;0.7
-1.94329;-0.14926;1.94901;-0.0595098;-3.40966;0.7;0.7
-1.98362;-0.177193;1.99152;-0.0124343;-0.71243;0.7;0.7
-2.15573;-0.0686166;2.15683;0.0572726;3.28148;0.7;0.7
-2.00957;-0.0883598;2.01152;-0.012122;-0.694541;0.7;0.7
-2.00192;-0.0883542;2.00387;-0.000164993;-0.00945338;0.7;0.7
-1.94441;-0.122149;1.94825;-0.0186321;-1.06754;0.7;0.7
-1.88381;-0.019947;1.88392;0.05215;2.98797;0.7;0.7
-1.83827;0.0378404;1.83865;0.0311702;1.78592;0.7;0.7
-1.94757;0.0729917;1.94893;0.0168789;0.96709;0.7;0.7
-2.08362;0.0826925;2.08526;0.00220538;0.126359;0.7;0.7
-2.09358;0.03745;2.09392;-0.0217801;-1.24791;0.7;0.7
-1.98053;0.0718168;1.98183;0.0183594;1.05192;0.7;0.7
-1.96382;0.0321595;1.96409;-0.019871;-1.13853;0.7;0.7
-2.05199;0.0799912;2.05355;0.022588;1.2942;0.7;0.7
-1.70891;0.0765078;1.71062;0.00577755;0.331029;0.7;0.7
-2.01308;0.046405;2.01361;-0.0216924;-1.24288;0.7;0.7
-1.91605;0.166897;1.9233;0.0638378;3.65764;0.7;0.7
-1.92251;0.501088;1.98674;0.168085;9.63056;0.7;0.7
-1.92892;0.485263;1.98902;-0.00851237;-0.487723;0.7;0.7
-2.0213;0.357971;2.05275;-0.0711762;-4.0781;0.7;0.7
-2.0363;0.406509;2.07648;0.0217587;1.24668;0.7;0.7
-1.91306;0.615679;2.00969;0.114321;6.55012;0.7;0.7
-1.85408;0.573001;1.9406;-0.0116237;-0.665987;0.7;0.7
-1.94907;0.494559;2.01084;-0.0512419;-2.93595;0.7;0.7
-1.91945;0.37995;1.95669;-0.0530751;-3.04098;0.7;0.7
-1.96345;0.371675;1.99832;-0.00833737;-0.477696;0.7;0.7
-1.97264;0.604997;2.06333;0.110503;6.33135;0.7;0.7
-2.09939;0.641421;2.19519;-0.00106693;-0.0611303;0.7;0.7
-1.95071;0.61993;2.04684;0.0111845;0.640823;0.7;0.7
-1.8617;0.477491;1.92196;-0.0566348;-3.24494;0.7;0.7
-1.93232;0.560815;2.01205;0.0313997;1.79907;0.7;0.7
-1.70026;0.515843;1.77679;0.0120952;0.693005;0.7;0.7
-1.9149;0.573747;1.99901;-0.00345416;-0.197909;0.7;0.7
-1.96662;0.444741;2.01628;-0.0687061;-3.93657;0.7;0.7
-2.01249;0.451622;2.06254;-0.00165099;-0.0945949;0.7;0.7
-2.19808;0.343311;2.22473;-0.065818;-3.77109;0.7;0.7
-1.8836;0.456428;1.93811;0.0827998;4.74408;0.7;0.7
-1.95916;0.478481;2.01674;0.00180389;0.103355;0.7;0.7
-1.98471;0.470558;2.03973;-0.00674606;-0.386521;0.7;0.7
-1.99165;0.482345;2.04923;0.00481549;0.275907;0.7;0.7
-1.94598;0.507233;2.01101;0.0173745;0.995487;0.7;0.7
-1.99534;0.51832;2.06156;-0.000834294;-0.0478015;0.7;0.7
-1.82748;0.555476;1.91004;0.0409351;2.34541;0.7;0.7
-2.02736;0.467663;2.0806;-0.0683733;-3.9175;0.7;0.7
-1.93775;0.456113;1.99071;0.00446419;0.255779;0.7;0.7
-1.93633;0.350117;1.96773;-0.0522923;-2.99613;0.7;0.7
-2.06771;0.0858238;2.06949;-0.137399;-7.8724;0.7;0.7
-2.04081;0.152995;2.04654;0.0333448;1.91052;0.7;0.7
-2.00594;0.171341;2.01324;0.0103824;0.59487;0.7;0.7
-1.9605;0.183268;1.96905;0.00799929;0.458325;0.7;0.7
-1.81345;0.225692;1.82744;0.0306083;1.75373;0.7;0.7
-1.95422;0.264583;1.97205;0.0107547;0.616201;0.7;0.7
-2.12645;0.258586;2.14212;-0.0135619;-0.777042;0.7;0.7
-1.98631;0.232432;1.99986;-0.00452341;-0.259172;0.7;0.7
-1.91813;0.236551;1.93266;0.00621731;0.356226;0.7;0.7
-1.92568;0.222639;1.93851;-0.00759981;-0.435437;0.7;0.7
-1.992;0.252019;2.00788;0.0107424;0.615493;0.7;0.7
-1.73872;0.455478;1.79738;0.130358;7.46897;0.7;0.7
-1.97142;0.430801;2.01795;-0.0410643;-2.35281;0.7;0.7
-1.9114;0.45101;1.96389;0.0165791;0.94991;0.7;0.7
-1.99449;0.351342;2.0252;-0.0573522;-3.28604;0.7;0.7
-2.34302;0.433098;2.38272;0.00841517;0.482154;0.7;0.7
-2.0121;0.306751;2.03535;-0.0314948;-1.80452;0.7;0.7
-2.20645;0.400512;2.2425;0.0282758;1.62008;0.7;0.7
-1.91915;0.321393;1.94587;-0.0136373;-0.781358;0.7;0.7
-2.00707;0.360369;2.03917;0.01173;0.672079;0.7;0.7
-1.83752;0.364731;1.87337;0.0182877;1.04781;0.7;0.7
-1.95785;0.380797;1.99454;-0.00384521;-0.220314;0.7;0.7
-1.95895;0.363357;1.99236;-0.00869763;-0.498337;0.7;0.7
-2.07708;0.405856;2.11636;0.0095646;0.548011;0.7;0.7
-1.90698;0.413761;1.95135;0.0206945;1.18571;0.7;0.7
-1.95722;0.366181;1.99118;-0.0287064;-1.64475;0.7;0.7
-2.05211;0.502668;2.11277;0.055268;3.16663;0.7;0.7
-2.03702;0.449905;2.08611;-0.0228475;-1.30906;0.7;0.7
-1.80186;0.345524;1.83469;-0.0279152;-1.59942;0.7;0.7
-1.96587;0.376504;2.0016;-0.000230093;-0.0131833;0.7;0.7
-1.98242;0.448424;2.0325;0.0332277;1.90381;0.7;0.7
-1.7882;0.671444;1.9101;0.13674;7.83465;0.7;0.7
-1.86335;0.718991;1.99726;0.0090592;0.519054;0.7;0.7
-1.945;0.853593;2.12406;0.0452994;2.59546;0.7;0.7
-1.86016;0.625529;1.96252;-0.089159;-5.10843;0.7;0.7
-1.97232;0.572537;2.05374;-0.0418752;-2.39927;0.7;0.7
-1.94268;0.570107;2.02461;0.00292782;0.167752;0.7;0.7
-1.92778;0.543455;2.00292;-0.0106739;-0.611569;0.7;0.7
-1.92029;0.54647;1.99653;0.00247148;0.141605;0.7;0.7
-2.11407;0.641895;2.20937;0.0175358;1.00473;0.7;0.7
-1.7478;0.625285;1.85628;0.0487845;2.79514;0.7;0.7
-1.74219;0.682864;1.87124;0.0299866;1.7181;0.7;0.7
-1.78774;0.642181;1.89958;-0.028695;-1.6441;0.7;0.7
-2.02861;0.521262;2.09451;-0.0933454;-5.3483;0.7;0.7
-1.80279;0.229798;1.81737;-0.124729;-7.14647;0.7;0.7
-1.97452;0.237976;1.98881;-0.00683974;-0.391888;0.7;0.7
-2.01928;0.269234;2.03715;0.0126048;0.722204;0.7;0.7
-1.92398;0.406329;1.96642;0.0755841;4.33065;0.7;0.7
-1.93859;0.482073;1.99763;0.0355945;2.03942;0.7;0.7
-1.9115;0.363838;1.94582;-0.0556367;-3.18775;0.7;0.7
-1.98154;0.588925;2.0672;0.1008;5.77541;0.7;0.7
-1.91582;0.496473;1.9791;-0.0353255;-2.024;0.7;0.7
-1.91045;0.464468;1.9661;-0.0150737;-0.863662;0.7;0.7
-1.94821;0.761926;2.09191;0.134309;7.69535;0.7;0.7
-1.97294;0.636182;2.07298;-0.0608747;-3.48786;0.7;0.7
-1.86538;0.668662;1.98161;0.0322634;1.84856;0.7;0.7
-1.78518;0.597977;1.88267;-0.0209694;-1.20146;0.7;0.7
-1.82964;0.628781;1.93467;0.00779818;0.446803;0.7;0.7
-1.79531;0.765507;1.9517;0.072031;4.12707;0.7;0.7
-1.83316;0.456564;1.88916;-0.158957;-9.10757;0.7;0.7
-1.72261;0.53248;1.80303;0.0557021;3.1915;0.7;0.7
-1.99582;0.730706;2.12538;0.0511661;2.9316;0.7;0.7
-1.80707;0.656486;1.92262;-0.00249843;-0.14315;0.7;0.7
-1.91432;0.704028;2.03968;0.00395306;0.226494;0.7;0.7
-1.93029;0.71806;2.05952;0.00371836;0.213047;0.7;0.7
-1.80477;0.708046;1.93869;0.0177334;1.01605;0.7;0.7
-1.88898;0.764579;2.03785;0.010734;0.615011;0.7;0.7
-1.83695;0.758504;1.98739;0.00698877;0.400427;0.7;0.7
-1.82081;0.717318;1.95701;-0.0163057;-0.934245;0.7;0.7
-1.91752;0.637837;2.02083;-0.0541621;-3.10326;0.7;0.7
-2.00695;0.361847;2.0393;-0.142742;-8.17849;0.7;0.7
-2.02519;0.317328;2.0499;-0.0229543;-1.31519;0.7;0.7
-1.96473;0.359234;1.9973;0.0254175;1.45632;0.7;0.7
-1.96787;0.359502;2.00044;-0.000150825;-0.00864161;0.7;0.7
-1.88123;0.519376;1.95161;0.0886794;5.08096;0.7;0.7
-2.02156;0.375971;2.05623;-0.085493;-4.89839;0.7;0.7
-1.99726;0.367796;2.03084;-0.00176914;-0.101364;0.7;0.7
-1.95774;0.309974;1.98212;-0.025081;-1.43704;0.7;0.7
-2.00585;0.0918723;2.00795;-0.111259;-6.37469;0.7;0.7
-1.68994;0.0768223;1.69168;-0.00034279;-0.0196404;0.7;0.7
-1.97393;0.0905921;1.97601;0.000434727;0.024908;0.7;0.7
-2.04018;-0.0117405;2.04022;-0.0516167;-2.95742;0.7;0.7
-1.97416;-0.187541;1.98305;-0.0889592;-5.09699;0.7;0.7
-1.93758;-0.173195;1.94531;0.00556338;0.318758;0.7;0.7
-1.95502;-0.224392;1.96786;-0.0251268;-1.43966;0.7;0.7
-2.00128;-0.164966;2.00807;0.032033;1.83536;0.7;0.7
-2.21077;-0.320845;2.23393;-0.0618775;-3.54532;0.7;0.7
-1.99174;-0.216254;2.00344;0.0359697;2.06091;0.7;0.7
-2.04685;-0.198727;2.05647;0.0113658;0.651214;0.7;0.7
-1.94368;-0.237362;1.95812;-0.0247319;-1.41703;0.7;0.7
-1.95178;-0.360628;1.98482;-0.0611903;-3.50595;0.7;0.7
-1.95545;-0.269882;1.97398;0.0455594;2.61036;0.7;0.7
-1.92821;-0.257625;1.94534;0.00432717;0.247929;0.7;0.7
-1.97409;-0.244985;1.98924;0.00935313;0.535895;0.7;0.7
-1.96686;-0.307589;1.99077;-0.0316609;-1.81403;0.7;0.7
-1.9082;-0.408059;1.95135;-0.0555422;-3.18234;0.7;0.7
-1.90288;-0.56245;1.98426;-0.0767242;-4.39597;0.7;0.7
-1.91937;-0.569817;2.00217;-0.00119299;-0.0683532;0.7;0.7
-2.03347;-0.39942;2.07233;0.0946355;5.42221;0.7;0.7
-2.00301;-0.402163;2.04298;-0.00419139;-0.240149;0.7;0.7
-1.97528;-0.341077;2.00451;0.0271582;1.55605;0.7;0.7
-2.1208;-0.34619;2.14886;0.00917811;0.525867;0.7;0.7
-2.03468;-0.175818;2.04226;0.0756123;4.33227;0.7;0.7
-2.18676;-0.118017;2.18994;0.0322797;1.84949;0.7;0.7
-1.95142;-0.146994;1.95695;-0.021268;-1.21856;0.7;0.7
-1.98679;-0.0411703;1.98722;0.0544655;3.12065;0.7;0.7
-1.95025;-0.0824998;1.952;-0.0215579;-1.23517;0.7;0.7
-1.94732;-0.0998665;1.94988;-0.00896233;-0.513504;0.7;0.7
-1.9053;0.000162775;1.9053;0.0513247;2.94069;0.7;0.7
-2.07696;0.033777;2.07723;0.0161759;0.926808;0.7;0.7
-2.08141;0.0964774;2.08365;0.0300574;1.72216;0.7;0.7
-1.97977;0.117803;1.98327;0.0131148;0.751421;0.7;0.7
-2.00063;-0.0248329;2.00079;-0.0718454;-4.11644;0.7;0.7
-2.02259;0.035668;2.0229;0.0300449;1.72145;0.7;0.7
-2.02157;0.0235938;2.02171;-0.00596252;-0.341627;0.7;0.7
-2.00753;0.00403922;2.00753;-0.00965846;-0.553389;0.7;0.7
-2.00067;-0.00735536;2.00068;-0.00568847;-0.325925;0.7;0.7
-2.04905;-0.057007;2.04984;-0.0241376;-1.38298;0.7;0.7
-1.96229;-0.176597;1.97022;-0.0619396;-3.54888;0.7;0.7
-1.98997;-0.199435;1.99994;-0.0101332;-0.580589;0.7;0.7
-1.94877;-0.141091;1.95387;0.0276129;1.5821;0.7;0.7
-2.02899;-0.095054;2.03121;0.0254602;1.45876;0.7;0.7
-2.09591;-0.162011;2.10216;-0.0303316;-1.73787;0.7;0.7
-1.98513;-0.160467;1.99161;-0.00351364;-0.201316;0.7;0.7
-2.01139;-0.154423;2.01731;0.00403494;0.231185;0.7;0.7
-1.92531;-0.191565;1.93482;-0.0225476;-1.29188;0.7;0.7
-2.01665;-0.212408;2.02781;-0.0057685;-0.33051;0.7;0.7
-1.97573;-0.171988;1.98321;0.0181088;1.03756;0.7;0.7
-2.04592;-0.467458;2.09864;-0.137796;-7.89514;0.7;0.7
-1.96993;-0.447686;2.02016;0.00116304;0.0666376;0.7;0.7
-1.95216;-0.441351;2.00143;0.00111949;0.0641421;0.7;0.7
-2.09677;-0.693989;2.20863;-0.0972859;-5.57407;0.7;0.7
-1.95969;-0.630153;2.05852;0.00851614;0.487939;0.7;0.7
-1.75699;-0.542592;1.83887;0.0115881;0.663947;0.7;0.7
-1.92306;-0.588572;2.01112;0.00252018;0.144396;0.7;0.7
-1.85307;-0.578708;1.94133;-0.00569294;-0.326181;0.7;0.7
-2.01971;-0.598266;2.10646;0.0147203;0.843411;0.7;0.7
-1.98015;-0.542349;2.05308;0.0206428;1.18275;0.7;0.7
-1.95148;-0.623402;2.04863;-0.0418685;-2.39889;0.7;0.7
-1.90148;-0.641369;2.00673;-0.0161114;-0.923116;0.7;0.7
-1.91246;-0.625544;2.01217;0.00919735;0.526969;0.7;0.7
-1.86519;-0.437716;1.91586;0.0856131;4.90527;0.7;0.7
-1.52615;-0.436375;1.58731;-0.0479956;-2.74995;0.7;0.7
-1.69011;-0.549773;1.77728;-0.0359904;-2.0621;0.7;0.7
-1.85886;-0.528116;1.93243;0.0376793;2.15886;0.7;0.7
-1.9211;-0.54115;1.99587;0.00224023;0.128356;0.7;0.7
-1.67589;-0.430015;1.73018;0.0234026;1.34087;0.7;0.7
-2.00501;-0.480238;2.06172;0.01608;0.921315;0.7;0.7
-1.97736;-0.435483;2.02475;0.0183163;1.04945;0.7;0.7
-1.92681;-0.404069;1.96872;0.0100601;0.5764;0.7;0.7
-2.02974;-0.371426;2.06345;0.0257243;1.47389;0.7;0.7
-1.95741;-0.361602;1.99053;-0.0016859;-0.0965949;0.7;0.7
-1.95541;-0.339751;1.98471;0.0106437;0.609837;0.7;0.7
-2.07696;-0.080083;2.07851;0.133493;7.64858;0.7;0.7
-2.00974;-0.0493349;2.01035;0.0139957;0.801894;0.7;0.7
-2.04898;-0.0789401;2.0505;-0.0139646;-0.800113;0.7;0.7
-1.9652;-0.128301;1.96938;-0.0266865;-1.52902;0.7;0.7
-1.74929;-0.277856;1.77122;-0.0923289;-5.29005;0.7;0.7
-1.95034;-0.446887;2.00088;-0.0677222;-3.88019;0.7;0.7
-1.83965;-0.448739;1.89359;-0.0140091;-0.802661;0.7;0.7
-2.00572;-0.0902755;2.00776;0.194276;11.1312;0.7;0.7
-1.97714;-0.100346;1.97968;-0.00573105;-0.328365;0.7;0.7
-2.17536;-0.239941;2.18855;-0.0591458;-3.38881;0.7;0.7
-1.88537;-0.129458;1.88981;0.0412983;2.36622;0.7;0.7
-2.0672;-0.298619;2.08866;-0.0749061;-4.2918;0.7;0.7
-2.1047;-0.283081;2.12365;0.00976598;0.55955;0.7;0.7
-2.08939;0.00564595;2.0894;0.136399;7.81511;0.7;0.7
-2.18824;-0.00780654;2.18825;-0.00626967;-0.359226;0.7;0.7
-1.95198;0.171908;1.95954;0.0914091;5.23735;0.7;0.7
-1.95938;0.120127;1.96306;-0.0266094;-1.52461;0.7;0.7
-2.07647;-0.0167797;2.07654;-0.0693129;-3.97134;0.7;0.7
-2.00458;-0.0168342;2.00465;-0.000316963;-0.0181606;0.7;0.7
-2.05869;0.00474397;2.0587;0.010702;0.61318;0.7;0.7
-2.01381;0.188591;2.02262;0.0910721;5.21804;0.7;0.7
-1.96246;0.459523;2.01555;0.136636;7.82866;0.7;0.7
-1.92385;0.413307;1.96774;-0.0183954;-1.05398;0.7;0.7
-2.11085;0.620461;2.20015;0.0742706;4.25539;0.7;0.7
-1.94426;0.546301;2.01956;-0.0119696;-0.685807;0.7;0.7
-1.90377;0.478719;1.96303;-0.0275666;-1.57945;0.7;0.7
-1.8654;0.492775;1.92939;0.0119142;0.682636;0.7;0.7
-1.88824;0.530109;1.96124;0.0154312;0.884141;0.7;0.7
-1.91679;0.545015;1.99277;0.00332905;0.190741;0.7;0.7
-1.99259;0.378637;2.02824;-0.0892416;-5.11317;0.7;0.7
-1.97138;0.600764;2.06089;0.108018;6.18897;0.7;0.7
-2.05913;0.520412;2.12388;-0.0482524;-2.76466;0.7;0.7
-2.02893;0.595383;2.11449;0.0378837;2.17058;0.7;0.7
-1.91439;0.542412;1.98975;-0.00933558;-0.534889;0.7;0.7
-1.95451;0.597741;2.04387;0.0206958;1.18578;0.7;0.7
-1.936;0.579262;2.02081;-0.00606625;-0.347571;0.7;0.7
-1.94798;0.828922;2.11701;0.111592;6.39377;0.7;0.7
-1.8279;0.670952;1.94715;-0.0505267;-2.89497;0.7;0.7
-1.87095;0.694848;1.99581;0.00380657;0.2181;0.7;0.7
-1.95996;0.94968;2.17792;0.095605;5.47776;0.7;0.7
-1.55493;0.917503;1.80544;0.0818738;4.69102;0.7;0.7
-1.71577;0.998254;1.98504;-0.0061406;-0.351831;0.7;0.7
-1.76538;1.00588;2.03183;-0.00903439;-0.517632;0.7;0.7
-1.74342;0.97929;1.99963;-0.00611744;-0.350504;0.7;0.7
-1.73903;0.888831;1.95301;-0.0392916;-2.25124;0.7;0.7
-1.70552;0.984551;1.9693;0.0510476;2.92481;0.7;0.7
-1.6521;1.00598;1.93428;0.0234018;1.34083;0.7;0.7
-1.69064;1.05109;1.99074;0.00928457;0.531967;0.7;0.7
-1.69437;1.08019;2.0094;0.0113199;0.648584;0.7;0.7
-1.63511;1.11487;1.97902;0.0308774;1.76915;0.7;0.7
-1.76811;1.1426;2.10517;-0.024706;-1.41555;0.7;0.7
-1.58766;1.25298;2.02253;0.0943998;5.40871;0.7;0.7
-1.64008;1.2282;2.04898;-0.025344;-1.4521;0.7;0.7
-1.51087;1.17161;1.91191;0.0168171;0.963547;0.7;0.7
-1.29364;1.1288;1.71688;0.0578622;3.31526;0.7;0.7
-1.5832;1.33459;2.07066;-0.0170531;-0.977072;0.7;0.7
-1.57579;1.20332;1.98271;-0.0482338;-2.76359;0.7;0.7
-1.68405;1.12707;2.0264;-0.062369;-3.57348;0.7;0.7
-1.49841;1.00129;1.80217;-0.000712847;-0.0408431;0.7;0.7
-1.63297;1.15099;1.99784;0.0248842;1.42576;0.7;0.7
-1.71373;1.32044;2.16343;0.0425272;2.43663;0.7;0.7
-1.43043;1.21044;1.87385;0.0457884;2.62348;0.7;0.7
-1.7584;1.50077;2.31177;0.00422878;0.242291;0.7;0.7
-1.25305;1.23465;1.75912;0.0714876;4.09594;0.7;0.7
-1.33672;1.36297;1.90905;0.0171197;0.980885;0.7;0.7
-1.37342;1.43173;1.98396;0.0110612;0.633761;0.7;0.7
-1.43772;1.45275;2.0439;-0.0155839;-0.892892;0.7;0.7
-1.25132;1.29744;1.80254;0.0128914;0.738621;0.7;0.7
-1.35958;1.48544;2.0137;0.0261159;1.49633;0.7;0.7
-1.48583;1.5289;2.13196;-0.0299228;-1.71445;0.7;0.7
-1.36865;1.42605;1.97657;0.00625019;0.358109;0.7;0.7
-1.36029;1.3563;1.92092;-0.0220032;-1.26069;0.7;0.7
-1.37571;1.45658;2.00355;0.0300142;1.71969;0.7;0.7
-1.37881;1.45;2.00091;-0.00338638;-0.194025;0.7;0.7
-1.44211;1.45651;2.04966;-0.0201916;-1.1569;0.7;0.7
-1.46502;1.45024;2.06142;-0.0100385;-0.575163;0.7;0.7
-1.40284;1.49376;2.04921;0.0364464;2.08823;0.7;0.7
-1.30615;1.3722;1.89446;-0.00672053;-0.385058;0.7;0.7
-1.36499;1.65714;2.14692;0.0717151;4.10897;0.7;0.7
-1.34287;1.54214;2.04487;-0.0274108;-1.57052;0.7;0.7
-1.171;1.63853;2.01395;0.0959375;5.49681;0.7;0.7
-1.26731;1.71412;2.13174;-0.0161397;-0.924737;0.7;0.7
-1.1841;1.60749;1.99653;0.00175942;0.100808;0.7;0.7
-1.23734;1.71354;2.11359;0.00947795;0.543046;0.7;0.7
-1.13663;1.57127;1.93928;-0.000843912;-0.0483526;0.7;0.7
-1.09492;1.67263;1.99913;0.0466359;2.67204;0.7;0.7
-1.09382;1.66767;1.99438;-0.000901082;-0.0516282;0.7;0.7
-1.11749;1.62639;1.9733;-0.0215024;-1.23199;0.7;0.7
-1.06518;1.73692;2.03752;0.0519038;2.97387;0.7;0.7
-1.04713;1.80275;2.0848;0.023889;1.36874;0.7;0.7
-0.787963;1.57598;1.76199;0.0625875;3.586;0.7;0.7
-0.821163;1.8527;2.02652;0.046428;2.66013;0.7;0.7
-0.793398;1.80977;1.97605;0.00404381;0.231693;0.7;0.7
-0.787033;1.82719;1.98949;0.00644508;0.369276;0.7;0.7
-0.800302;1.93909;2.09775;0.0152938;0.87627;0.7;0.7
-0.935598;1.81675;2.04351;-0.08414;-4.82087;0.7;0.7
-0.917661;1.80193;2.02214;0.00453074;0.259592;0.7;0.7
-0.940118;1.83513;2.06192;-0.00239869;-0.137435;0.7;0.7
-0.949059;1.96252;2.17996;0.0229969;1.31762;0.7;0.7
-0.873018;1.80646;2.00635;0.000255108;0.0146166;0.7;0.7
-0.880066;1.78393;1.9892;-0.00811751;-0.465099;0.7;0.7
-0.893693;1.76504;1.97839;-0.0104029;-0.596044;0.7;0.7
-0.904849;1.78236;1.99889;-0.00106484;-0.0610107;0.7;0.7
-0.808387;1.8676;2.03505;0.061266;3.51029;0.7;0.7
-0.857583;1.89579;2.08074;-0.0163168;-0.934884;0.7;0.7
-0.819677;1.86984;2.04161;0.0116762;0.668998;0.7;0.7
-0.957811;1.80247;2.04115;-0.0753031;-4.31455;0.7;0.7
-0.82117;1.75798;1.94031;0.0514501;2.94787;0.7;0.7
-0.814554;1.80544;1.98069;0.0131691;0.754535;0.7;0.7
-0.830631;1.85644;2.03379;0.003106;0.177961;0.7;0.7
-0.610333;1.71458;1.81997;0.0787374;4.51132;0.7;0.7
-0.774265;1.92412;2.07406;-0.0405935;-2.32584;0.7;0.7
-0.700389;1.94148;2.06395;0.0363532;2.08288;0.7;0.7
-0.631576;1.80872;1.91582;0.0102731;0.588606;0.7;0.7
-0.578851;1.79207;1.88324;0.0235195;1.34757;0.7;0.7
-0.343356;1.81307;1.8453;0.125266;7.1772;0.7;0.7
-0.255773;1.95505;1.97171;0.0570738;3.27009;0.7;0.7
-0.297198;2.00279;2.02472;-0.0172291;-0.987154;0.7;0.7
-0.369512;2.08915;2.12158;-0.027744;-1.58961;0.7;0.7
-0.437169;1.90019;1.94983;-0.0510696;-2.92607;0.7;0.7
-0.35098;1.97508;2.00603;0.0502626;2.87983;0.7;0.7
-0.350144;1.96913;2.00002;-0.000109223;-0.00625803;0.7;0.7
-0.233242;1.90684;1.92105;0.0542635;3.10907;0.7;0.7
-0.304361;2.23526;2.25588;-0.0136177;-0.780239;0.7;0.7
-0.424394;1.78024;1.83013;-0.0986916;-5.65461;0.7;0.7
-0.443651;1.95029;2.00012;0.0103499;0.593006;0.7;0.7
-0.340219;2.17037;2.19687;0.0681824;3.90656;0.7;0.7
-0.235784;1.70802;1.72422;0.0183126;1.04923;0.7;0.7
-0.178324;1.79993;1.80874;0.0384277;2.20175;0.7;0.7
-0.183439;1.97755;1.98604;0.00625403;0.35833;0.7;0.7
-0.277762;1.99152;2.01079;-0.046082;-2.6403;0.7;0.7
-0.242755;1.90452;1.91993;0.0117995;0.676059;0.7;0.7
-0.257811;1.95791;1.97481;-0.00414498;-0.23749;0.7;0.7
-0.218412;1.97034;1.98241;0.020525;1.17599;0.7;0.7
-0.0876531;1.89952;1.90154;0.0642868;3.68336;0.7;0.7
-0.0354205;1.90208;1.90241;0.0274923;1.5752;0.7;0.7
0.0740935;1.88732;1.88877;0.0578583;3.31504;0.7;0.7
0.0822222;2.00405;2.00573;0.00176661;0.101219;0.7;0.7
0.142733;2.00306;2.00813;0.0301323;1.72645;0.7;0.7
0.0865111;2.04528;2.04711;-0.0288646;-1.65382;0.7;0.7
0.124504;1.97702;1.98094;0.0206196;1.18142;0.7;0.7
0.128359;1.99857;2.00269;0.00124495;0.0713307;0.7;0.7
0.168168;1.86706;1.87462;0.0256914;1.47201;0.7;0.7
0.0884481;2.02728;2.02921;-0.0462275;-2.64864;0.7;0.7
-0.0559592;1.85113;1.85198;-0.0738218;-4.22968;0.7;0.7
-0.0186165;1.88508;1.88517;0.0203451;1.16569;0.7;0.7
-0.0163353;1.97778;1.97784;0.00161618;0.0926004;0.7;0.7
-0.0386803;1.9082;1.9086;-0.0120085;-0.688039;0.7;0.7
-0.0602431;2.00772;2.00862;-0.00972898;-0.55743;0.7;0.7
-0.0438878;2.0957;2.09616;0.009058;0.518985;0.7;0.7
0.110639;1.94583;1.94897;0.077737;4.454;0.7;0.7
0.074222;1.9802;1.98159;-0.0193339;-1.10775;0.7;0.7
0.0036463;2.03039;2.0304;-0.0356686;-2.04366;0.7;0.7
0.0167003;1.98694;1.98701;0.00660899;0.378667;0.7;0.7
-0.0321023;2.09074;2.09099;-0.0237581;-1.36124;0.7;0.7
-0.0786507;2.08462;2.0861;-0.0223579;-1.28101;0.7;0.7
-0.19519;2.16056;2.16936;-0.0523864;-3.00152;0.7;0.7
-0.291732;2.02556;2.04646;-0.0529443;-3.03348;0.7;0.7
-0.350945;1.99127;2.02196;-0.0314085;-1.79958;0.7;0.7
-0.389991;1.89663;1.93631;-0.0283461;-1.62411;0.7;0.7
-0.507755;2.14031;2.19971;-0.0301321;-1.72644;0.7;0.7
-0.447844;1.9036;1.95557;0.00186838;0.10705;0.7;0.7
-0.421761;1.77432;1.82376;-0.00231215;-0.132476;0.7;0.7
-0.437476;2.13128;2.17571;0.0309195;1.77155;0.7;0.7
-0.477249;2.03001;2.08536;-0.0284506;-1.6301;0.7;0.7
-0.421725;1.99095;2.03512;0.0221672;1.27009;0.7;0.7
-0.375211;1.90741;1.94397;0.0145041;0.831024;0.7;0.7
-0.472371;1.95615;2.01238;-0.0427118;-2.4472;0.7;0.7
-0.504718;2.02989;2.0917;-0.00675726;-0.387162;0.7;0.7
-0.491151;1.95769;2.01836;-0.00210844;-0.120805;0.7;0.7
-0.418537;2.04046;2.08294;0.0434969;2.49219;0.7;0.7
-0.253051;1.97644;1.99257;0.0749717;4.29556;0.7;0.7
-0.254382;1.98379;2.00003;-0.000193074;-0.0110624;0.7;0.7
-0.224081;1.98311;1.99573;0.0150166;0.860388;0.7;0.7
-0.244099;1.97686;1.99188;-0.0103386;-0.592357;0.7;0.7
-0.240505;2.02418;2.03842;0.00459426;0.263232;0.7;0.7
-0.189639;2.07221;2.08087;0.0270004;1.54701;0.7;0.7
-0.324763;2.09441;2.11944;-0.0625756;-3.58532;0.7;0.7
-0.315996;1.96768;1.99289;-0.00539688;-0.309218;0.7;0.7
-0.274807;1.80566;1.82645;0.00820118;0.469893;0.7;0.7
-0.318569;1.95501;1.98079;-0.0104982;-0.601502;0.7;0.7
-0.392024;1.8921;1.93228;-0.0427685;-2.45046;0.7;0.7
-0.408575;2.02087;2.06176;0.00481083;0.27564;0.7;0.7
-0.230817;2.16169;2.17397;0.0931151;5.3351;0.7;0.7
-0.191798;1.98134;1.9906;0.00987186;0.565616;0.7;0.7
-0.280762;1.96759;1.98752;-0.0452351;-2.59178;0.7;0.7
-0.223639;2.21761;2.22886;0.0412297;2.36229;0.7;0.7
0.00253918;1.90086;1.90086;0.101843;5.83516;0.7;0.7
0.03173;1.91534;1.9156;0.015229;0.872556;0.7;0.7
0.056719;2.13685;2.1376;0.00997227;0.571369;0.7;0.7
0.164058;1.9219;1.92889;0.0586187;3.35861;0.7;0.7
0.112344;2.18004;2.18293;-0.0336683;-1.92905;0.7;0.7
0.0958632;1.99507;1.99738;-0.00347446;-0.199072;0.7;0.7
0.0993342;1.9618;1.96432;0.00257792;0.147704;0.7;0.7
0.148412;1.95999;1.9656;0.0249859;1.43159;0.7;0.7
0.135991;1.97561;1.98028;-0.00685012;-0.392483;0.7;0.7
0.221102;1.85793;1.87104;0.0497207;2.84879;0.7;0.7
0.251189;1.96258;1.97859;0.00884917;0.50702;0.7;0.7
0.129788;1.90664;1.91105;-0.05933;-3.39936;0.7;0.7
-0.00511733;2.03613;2.03613;-0.0704799;-4.0382;0.7;0.7
-0.0176235;1.97369;1.97377;-0.00641569;-0.367592;0.7;0.7
0.217555;2.05022;2.06173;0.114646;6.56875;0.7;0.7
0.199442;1.87998;1.89053;-2.56395e-05;-0.00146904;0.7;0.7
0.36571;2.22952;2.25932;0.0568908;3.2596;0.7;0.7
0.319587;2.00466;2.02997;-0.00449058;-0.257291;0.7;0.7
0.146727;1.857;1.86279;-0.0792431;-4.5403;0.7;0.7
0.0656823;2.03624;2.0373;-0.0466033;-2.67017;0.7;0.7
0.0135018;1.74809;1.74814;-0.0245218;-1.405;0.7;0.7
0.0188805;1.89063;1.89073;0.0022624;0.129626;0.7;0.7
-0.00469099;1.95519;1.9552;-0.0123852;-0.709622;0.7;0.7
0.118384;1.90294;1.90662;0.0645302;3.69731;0.7;0.7
0.19878;2.02525;2.03498;0.0357066;2.04584;0.7;0.7
0.279433;1.91205;1.93236;0.047278;2.70883;0.7;0.7
0.450467;2.00367;2.05368;0.0760288;4.35613;0.7;0.7
0.417177;2.0391;2.08134;-0.0193406;-1.10813;0.7;0.7
0.375183;1.89505;1.93183;-0.0063506;-0.363863;0.7;0.7
0.343878;2.00795;2.03718;-0.0258406;-1.48056;0.7;0.7
0.323529;1.95637;1.98294;-0.00572388;-0.327954;0.7;0.7
0.310913;1.98927;2.01342;-0.00884804;-0.506955;0.7;0.7
0.296104;1.96692;1.98909;-0.00562074;-0.322045;0.7;0.7
0.354752;1.9198;1.9523;0.0333049;1.90823;0.7;0.7
0.27965;1.93002;1.95017;-0.0388316;-2.22489;0.7;0.7
0.163012;2.03964;2.04615;-0.0641412;-3.67502;0.7;0.7
0.358535;2.08487;2.11547;0.0905526;5.18828;0.7;0.7
0.350963;2.10891;2.13792;-0.00539693;-0.309221;0.7;0.7
0.450874;1.87122;1.92477;0.0715369;4.09876;0.7;0.7
0.556575;2.00264;2.07855;0.0346344;1.9844;0.7;0.7
0.545183;1.96176;2.03611;-1.43071e-05;-0.000819737;0.7;0.7
0.440441;1.8542;1.90579;-0.0378506;-2.16868;0.7;0.7
0.258173;2.23151;2.2464;-0.118032;-6.76274;0.7;0.7
0.217778;1.98743;1.99933;-0.00603998;-0.346065;0.7;0.7
0.213863;1.93486;1.94664;0.000942532;0.0540031;0.7;0.7
0.296011;1.95816;1.98041;0.0399469;2.28879;0.7;0.7
0.30413;1.75752;1.78364;0.0213163;1.22133;0.7;0.7
0.104416;2.01712;2.01982;-0.119629;-6.85424;0.7;0.7
0.431619;1.97976;2.02626;0.162939;9.3357;0.7;0.7
0.422381;1.99388;2.03812;-0.00590433;-0.338293;0.7;0.7
0.256635;1.93273;1.94969;-0.0767415;-4.39696;0.7;0.7
0.136862;2.10222;2.10667;-0.0669996;-3.8388;0.7;0.7
0.292185;1.91363;1.93581;0.0865043;4.95633;0.7;0.7
0.48445;1.95301;2.0122;0.0916287;5.24994;0.7;0.7
0.443439;1.9582;2.00779;-0.0204491;-1.17165;0.7;0.7
0.443082;1.95265;2.00229;0.000439355;0.0251732;0.7;0.7
0.34659;1.84177;1.87409;-0.037127;-2.12722;0.7;0.7
0.619406;1.93787;2.03446;0.123361;7.06805;0.7;0.7
0.617362;1.81556;1.91766;0.0184047;1.05451;0.7;0.7
0.658066;1.95065;2.05867;-0.00240678;-0.137899;0.7;0.7
0.700043;2.04257;2.1592;0.00481391;0.275816;0.7;0.7
0.658048;1.97171;2.07862;-0.00805973;-0.461788;0.7;0.7
0.496144;1.82567;1.89189;-0.0567699;-3.25268;0.7;0.7
0.565159;1.92062;2.00205;0.0208299;1.19347;0.7;0.7
0.588583;1.9643;2.05059;0.00494498;0.283327;0.7;0.7
0.729892;1.7023;1.85218;0.113933;6.52787;0.7;0.7
0.905184;1.97859;2.17582;0.0240056;1.37542;0.7;0.7
0.849473;1.85309;2.03852;0.000759604;0.0435221;0.7;0.7
0.821162;2.02247;2.18281;-0.0441386;-2.52895;0.7;0.7
0.790642;1.66081;1.8394;0.0586257;3.35901;0.7;0.7
0.769384;1.88433;2.03535;-0.0566651;-3.24667;0.7;0.7
0.755698;1.82599;1.97619;0.00474793;0.272036;0.7;0.7
0.775315;1.85031;2.00618;0.00439935;0.252064;0.7;0.7
0.855131;1.76677;1.96284;0.0539793;3.09278;0.7;0.7
0.735478;1.79328;1.93824;-0.0615648;-3.5274;0.7;0.7
0.746087;1.82219;1.96901;-0.000585433;-0.0335428;0.7;0.7
0.901721;1.85801;2.06526;0.0632088;3.6216;0.7;0.7
0.817149;1.86199;2.03341;-0.0382825;-2.19343;0.7;0.7
0.648438;2.04916;2.14931;-0.107077;-6.13508;0.7;0.7
0.318961;1.99536;2.02069;-0.147961;-8.47752;0.7;0.7
0.343733;2.11948;2.14717;0.00226759;0.129923;0.7;0.7
0.522901;1.93931;2.00857;0.102592;5.87806;0.7;0.7
0.384864;2.15855;2.19259;-0.0869269;-4.98054;0.7;0.7
0.639714;1.98054;2.08129;0.135979;7.79101;0.7;0.7
0.509841;1.70401;1.77865;-0.0216992;-1.24327;0.7;0.7
0.588162;1.89964;1.98861;0.00953439;0.54628;0.7;0.7
0.612455;1.91296;2.00861;0.00959183;0.549571;0.7;0.7
0.509368;1.80568;1.87614;-0.0349003;-1.99964;0.7;0.7
0.55499;1.60657;1.69973;0.0576679;3.30413;0.7;0.7
0.511794;1.75283;1.82602;-0.0485318;-2.78067;0.7;0.7
0.60938;1.87826;1.97464;0.0296395;1.69822;0.7;0.7
0.474414;1.90402;1.96223;-0.0695314;-3.98385;0.7;0.7
0.273616;2.08401;2.1019;-0.113646;-6.51146;0.7;0.7
0.422948;2.05047;2.09363;0.0728699;4.17514;0.7;0.7
0.461973;2.13201;2.18148;0.0099697;0.571222;0.7;0.7
0.458968;1.95873;2.01178;0.0167807;0.961462;0.7;0.7
0.576769;1.82098;1.91014;0.0765719;4.38725;0.7;0.7
0.59252;1.69023;1.79108;0.030431;1.74357;0.7;0.7
0.627934;1.92105;2.02108;-0.0212475;-1.21739;0.7;0.7
0.677203;1.90991;2.02641;0.0248213;1.42216;0.7;0.7
0.675009;1.89625;2.01281;0.00124081;0.0710935;0.7;0.7
0.663599;1.96845;2.0773;-0.0168323;-0.964422;0.7;0.7
0.59883;1.91781;2.00912;-0.0224971;-1.28899;0.7;0.7
0.554982;2.05575;2.12935;-0.0389748;-2.23309;0.7;0.7
0.505706;1.86904;1.93625;0.000562371;0.0322215;0.7;0.7
0.547482;2.05643;2.12806;-0.00404869;-0.231973;0.7;0.7
0.312458;2.09817;2.1213;-0.11236;-6.43778;0.7;0.7
0.352608;1.9685;1.99984;0.0294118;1.68517;0.7;0.7
0.314149;1.98549;2.01019;-0.0203233;-1.16444;0.7;0.7
0.268564;1.90974;1.92853;-0.0172092;-0.986016;0.7;0.7
0.267443;2.00879;2.02651;-0.00735435;-0.421373;0.7;0.7
0.257291;1.99309;2.00963;-0.00397623;-0.227821;0.7;0.7
-0.0126932;2.05638;2.05642;-0.134554;-7.70939;0.7;0.7
0.112649;1.82423;1.8277;0.0678457;3.88727;0.7;0.7
-0.00291386;2.03897;2.03897;-0.0631023;-3.6155;0.7;0.7
-0.019866;2.20565;2.20574;-0.00757753;-0.43416;0.7;0.7
-0.019569;2.0014;2.0015;-0.000770715;-0.0441587;0.7;0.7
-0.0616559;2.09907;2.09998;-0.0195871;-1.12226;0.7;0.7
-0.0499966;2.00638;2.007;0.00445081;0.255012;0.7;0.7
-0.0245028;2.03825;2.03839;0.0128927;0.738699;0.7;0.7
0.0186253;1.65723;1.65734;0.0232593;1.33266;0.7;0.7
0.0302081;1.98355;1.98378;0.00398982;0.2286;0.7;0.7
0.0729618;2.02933;2.03064;0.02071;1.18659;0.7;0.7
0.0521667;1.90716;1.90787;-0.00859178;-0.492272;0.7;0.7
-0.106752;1.94688;1.94981;-0.0821238;-4.70535;0.7;0.7
-0.362573;2.15448;2.18477;-0.111948;-6.41418;0.7;0.7
-0.490295;2.05273;2.11047;-0.067731;-3.8807;0.7;0.7
-0.512872;2.05729;2.12025;-0.00985803;-0.564824;0.7;0.7
-0.407755;1.89092;1.93439;0.0319292;1.82941;0.7;0.7
-0.470116;2.07344;2.12607;-0.010577;-0.606017;0.7;0.7
-0.362167;1.76683;1.80357;0.0207824;1.19074;0.7;0.7
-0.204577;2.00983;2.02022;0.100741;5.77206;0.7;0.7
-0.317612;1.85985;1.88677;-0.0677022;-3.87905;0.7;0.7
-0.381737;1.87807;1.91648;-0.0313871;-1.79835;0.7;0.7
-0.479618;1.99476;2.05161;-0.0354314;-2.03007;0.7;0.7
-0.353089;1.91503;1.94731;0.0536294;3.07274;0.7;0.7
-0.559125;1.94596;2.02469;-0.0974592;-5.584;0.7;0.7
-0.45872;1.97904;2.03151;0.0520225;2.98067;0.7;0.7
-0.62373;2.03773;2.13105;-0.0692683;-3.96878;0.7;0.7
-0.744554;1.76505;1.91566;-0.102148;-5.85266;0.7;0.7
-0.659241;2.08566;2.18737;0.0930378;5.33067;0.7;0.7
-0.611138;2.06686;2.15532;0.0186525;1.06871;0.7;0.7
-0.467922;1.87038;1.92802;0.0423496;2.42645;0.7;0.7
-0.416631;1.91545;1.96024;0.0309691;1.7744;0.7;0.7
-0.484298;1.90602;1.96658;-0.0346489;-1.98524;0.7;0.7
-0.632267;1.94365;2.04391;-0.0656784;-3.7631;0.7;0.7
-0.630865;1.95772;2.05686;0.00276393;0.158362;0.7;0.7
-0.68446;1.85057;1.97309;-0.0425235;-2.43642;0.7;0.7
-0.498178;1.83516;1.90157;0.0891859;5.10997;0.7;0.7
-0.45641;1.93411;1.98723;0.0333354;1.90998;0.7;0.7
-0.357639;2.06061;2.09141;0.0598918;3.43155;0.7;0.7
-0.339898;1.9714;2.00048;0.00111204;0.0637151;0.7;0.7
-0.332157;1.94286;1.97105;0.00141016;0.0807965;0.7;0.7
-0.38125;1.81102;1.85072;-0.0381606;-2.18644;0.7;0.7
-0.467822;2.03866;2.09165;-0.0180834;-1.0361;0.7;0.7
-0.229705;1.98256;1.99582;0.110221;6.3152;0.7;0.7
-0.227683;2.09795;2.11027;0.00724538;0.41513;0.7;0.7
-0.25236;2.01379;2.02954;-0.0165626;-0.948968;0.7;0.7
-0.236423;2.00683;2.02071;0.00739766;0.423855;0.7;0.7
-0.236079;2.04425;2.05783;0.00229303;0.131381;0.7;0.7
-0.0919054;2.03134;2.03342;0.0697626;3.99711;0.7;0.7
-0.124749;1.9554;1.95938;-0.0184976;-1.05984;0.7;0.7
-0.366738;1.93915;1.97352;-0.123205;-7.05915;0.7;0.7
-0.394771;1.95763;1.99704;-0.012073;-0.691732;0.7;0.7
-0.461344;1.97196;2.02521;-0.0308297;-1.76641;0.7;0.7
-0.438182;1.94669;1.99539;0.00841733;0.482277;0.7;0.7
-0.275728;1.9678;1.98703;0.0821876;4.709;0.7;0.7
-0.385742;1.96306;2.0006;-0.0548151;-3.14068;0.7;0.7
-0.379413;1.95228;1.98881;0.00207801;0.119061;0.7;0.7
-0.37683;1.92534;1.96187;-0.00132763;-0.0760675;0.7;0.7
-0.430253;2.17378;2.21595;-0.00212422;-0.121709;0.7;0.7
-0.39111;1.97608;2.01441;5.36941e-06;0.000307644;0.7;0.7
-0.275649;2.01431;2.03308;0.0593961;3.40315;0.7;0.7
-0.121319;2.13224;2.13568;0.0791647;4.5358;0.7;0.7
-0.284264;2.08748;2.10675;-0.078507;-4.49812;0.7;0.7
-0.298847;1.81958;1.84396;-0.0274431;-1.57238;0.7;0.7
-0.281451;1.99477;2.01453;0.0226174;1.29588;0.7;0.7
-0.27924;1.84337;1.8644;-0.0101712;-0.582764;0.7;0.7
-0.436395;1.5587;1.61863;-0.122645;-7.02704;0.7;0.7
-0.42684;2.25574;2.29577;0.0859727;4.92587;0.7;0.7
-0.378703;1.96306;1.99925;-0.0035612;-0.204042;0.7;0.7
-0.225739;2.16338;2.17512;0.0866045;4.96207;0.7;0.7
-0.119618;1.92256;1.92627;0.041831;2.39674;0.7;0.7
-0.201183;2.02962;2.03956;-0.0366628;-2.10062;0.7;0.7
-0.0162538;1.94702;1.94708;0.0904532;5.18258;0.7;0.7
-0.23663;2.04159;2.05525;-0.107043;-6.13308;0.7;0.7
-0.355483;1.75225;1.78795;-0.0847656;-4.85671;0.7;0.7
-0.445912;1.98309;2.03261;-0.0210224;-1.20449;0.7;0.7
-0.413987;1.9298;1.9737;0.00985786;0.564814;0.7;0.7
-0.442349;1.94805;1.99765;-0.0119656;-0.68558;0.7;0.7
-0.407014;1.9459;1.98802;0.0170943;0.97943;0.7;0.7
-0.55638;1.85289;1.93462;-0.0855195;-4.8999;0.7;0.7
-0.06236;1.94376;1.94476;0.25964;14.8763;0.7;0.7
-0.0522506;1.95059;1.95129;0.00529038;0.303117;0.7;0.7
-0.219693;1.84643;1.85946;-0.0916451;-5.25088;0.7;0.7
-0.290538;2.01099;2.03187;-0.0250564;-1.43563;0.7;0.7
-0.293586;1.88103;1.9038;-0.0113459;-0.650074;0.7;0.7
-0.0714153;1.99067;1.99195;0.118969;6.8164;0.7;0.7
-0.114937;2.01379;2.01707;-0.0211533;-1.21199;0.7;0.7
-0.055655;2.00495;2.00572;0.0292612;1.67654;0.7;0.7
-0.0342865;2.1567;2.15697;0.0118554;0.679263;0.7;0.7
-0.0306692;1.98818;1.98842;0.00047183;0.0270339;0.7;0.7
-0.0833796;1.90874;1.91056;-0.0282307;-1.6175;0.7;0.7
-0.0386025;1.99457;1.99495;0.0243039;1.39251;0.7;0.7
0.0148593;2.06954;2.0696;0.0265312;1.52013;0.7;0.7
-0.261795;2.04301;2.05972;-0.134627;-7.71356;0.7;0.7
-0.291706;1.92794;1.94989;-0.0227183;-1.30166;0.7;0.7
-0.245112;1.94416;1.95955;0.0247509;1.41812;0.7;0.7
-0.414406;2.1385;2.17828;-0.0659967;-3.78133;0.7;0.7
-0.166705;1.76594;1.77379;0.09729;5.57431;0.7;0.7
-0.228643;1.92985;1.94334;-0.0238066;-1.36402;0.7;0.7
-0.122521;2.06573;2.06936;0.0586861;3.36247;0.7;0.7
0.271557;2.08541;2.10301;0.188731;10.8135;0.7;0.7
0.108432;2.14501;2.14775;-0.078981;-4.52528;0.7;0.7
0.0479059;1.97305;1.97363;-0.0262327;-1.50302;0.7;0.7
0.0739304;2.09955;2.10085;0.0109227;0.625823;0.7;0.7
0.0593146;1.98841;1.98929;-0.00537668;-0.308061;0.7;0.7
0.16244;1.779;1.7864;0.0612359;3.50856;0.7;0.7
0.185898;1.98892;1.99759;0.002139;0.122556;0.7;0.7
0.199262;1.99535;2.00528;0.00633689;0.363077;0.7;0.7
0.193582;1.95916;1.9687;-0.00104432;-0.0598349;0.7;0.7
0.321273;1.91143;1.93824;0.0680347;3.8981;0.7;0.7
0.373267;2.02866;2.06271;0.0154386;0.884567;0.7;0.7
0.30277;2.05393;2.07612;-0.0356057;-2.04006;0.7;0.7
0.324962;1.97668;2.00321;0.016584;0.950194;0.7;0.7
0.348064;1.98267;2.01299;0.0108423;0.621217;0.7;0.7
0.350984;1.98259;2.01341;0.00143525;0.082234;0.7;0.7
0.152755;1.94128;1.94728;-0.096692;-5.54005;0.7;0.7
0.276731;2.09783;2.116;0.0526302;3.01549;0.7;0.7
0.267038;2.05582;2.07309;-0.00198537;-0.113753;0.7;0.7
0.200504;2.10835;2.11786;-0.034356;-1.96845;0.7;0.7
0.103713;1.76318;1.76623;-0.0360607;-2.06612;0.7;0.7
0.0600249;2.38547;2.38622;-0.0335966;-1.92495;0.7;0.7
0.129514;2.02734;2.03148;0.0386397;2.21389;0.7;0.7
0.220293;1.91307;1.92572;0.0508491;2.91344;0.7;0.7
0.130821;1.86323;1.86781;-0.0445489;-2.55246;0.7;0.7
0.15737;1.98054;1.98678;0.00919396;0.526775;0.7;0.7
0.133063;1.9908;1.99524;-0.0125513;-0.719136;0.7;0.7
0.110837;1.99848;2.00155;-0.0113362;-0.649516;0.7;0.7
0.110025;1.96991;1.97298;0.000391085;0.0224075;0.7;0.7
0.248435;2.0053;2.02063;0.0674662;3.86553;0.7;0.7
0.258082;1.96822;1.98507;0.00711978;0.407933;0.7;0.7
0.260134;1.98425;2.00123;-2.5261e-05;-0.00144735;0.7;0.7
-0.0743486;2.02753;2.02889;-0.167009;-9.5689;0.7;0.7
-0.148458;1.98519;1.99073;-0.0379907;-2.1767;0.7;0.7
-0.234549;1.98904;2.00282;-0.0427349;-2.44853;0.7;0.7
-0.278848;1.94717;1.96703;-0.0248611;-1.42443;0.7;0.7
-0.281826;1.96841;1.98849;3.20895e-05;0.00183859;0.7;0.7
-0.332725;2.03351;2.06055;-0.0199768;-1.14459;0.7;0.7
-0.530926;1.90664;1.97918;-0.109397;-6.268;0.7;0.7
-0.480484;1.94793;2.00631;0.0297447;1.70425;0.7;0.7
-0.503915;1.9502;2.01426;-0.0110231;-0.631577;0.7;0.7
-0.492743;1.92801;1.98998;0.00264448;0.151517;0.7;0.7
-0.62568;1.50892;1.6335;-0.142859;-8.18519;0.7;0.7
-0.640896;1.78096;1.89276;0.047642;2.72969;0.7;0.7
-0.675878;1.79949;1.92223;-0.01386;-0.794117;0.7;0.7
-0.691528;2.04785;2.16145;0.0336297;1.92684;0.7;0.7
-0.576217;1.83927;1.92742;0.022062;1.26406;0.7;0.7
-0.631175;2.02803;2.12398;0.00187754;0.107575;0.7;0.7
-0.562422;1.9766;2.05506;0.0245092;1.40427;0.7;0.7
-0.516617;1.8687;1.93879;0.00749199;0.429259;0.7;0.7
-0.492822;2.1421;2.19806;0.0435919;2.49763;0.7;0.7
-0.450056;2.01448;2.06415;0.00632914;0.362633;0.7;0.7
-0.475816;2.18237;2.23364;0.00513291;0.294094;0.7;0.7
-0.49729;2.03002;2.09005;-0.0255689;-1.46499;0.7;0.7
-0.482047;1.93342;1.9926;-0.00410533;-0.235218;0.7;0.7
-0.417887;1.78333;1.83164;0.0141649;0.811592;0.7;0.7
-0.478688;1.7945;1.85725;-0.0305055;-1.74784;0.7;0.7
-0.516312;1.92947;1.99735;-0.000784869;-0.0449697;0.7;0.7
-0.485239;1.95306;2.01243;0.0179473;1.0283;0.7;0.7
-0.698424;2.04465;2.16065;-0.0856392;-4.90677;0.7;0.7
-0.69447;1.77403;1.90512;-0.0439674;-2.51915;0.7;0.7
-0.635216;1.91506;2.01766;0.0528508;3.02813;0.7;0.7
-0.629304;1.79218;1.89946;-0.017413;-0.997691;0.7;0.7
-0.643773;1.88572;1.99258;0.00870114;0.498539;0.7;0.7
-0.61457;1.78135;1.88438;-0.00322865;-0.184988;0.7;0.7
-0.623217;2.02554;2.11925;0.0337295;1.93256;0.7;0.7
-0.551601;1.89311;1.97183;0.0149637;0.857355;0.7;0.7
-0.367183;1.76404;1.80185;0.0783041;4.4865;0.7;0.7
-0.434779;1.92184;1.97041;-0.0172663;-0.989286;0.7;0.7
-0.394055;1.925;1.96492;0.0205715;1.17866;0.7;0.7
-0.523605;2.08167;2.14651;-0.0445052;-2.54996;0.7;0.7
-0.400832;1.7766;1.82126;0.0245169;1.40472;0.7;0.7
-0.568421;2.06151;2.13844;-0.0471424;-2.70106;0.7;0.7
-0.540311;1.91573;1.99047;-0.005854;-0.33541;0.7;0.7
-0.522397;1.93663;2.00585;0.0114245;0.654574;0.7;0.7
-0.392074;1.99681;2.03493;0.0695899;3.98721;0.7;0.7
-0.308678;1.98221;2.00611;0.0394012;2.25752;0.7;0.7
-0.447227;1.79209;1.84705;-0.0900778;-5.16108;0.7;0.7
-0.4943;1.77681;1.84428;-0.0267741;-1.53404;0.7;0.7
-0.538484;1.92518;1.99907;-0.00140067;-0.0802526;0.7;0.7
-0.760086;1.95517;2.09772;-0.0980404;-5.6173;0.7;0.7
-0.451789;2.06339;2.11227;0.155223;8.89364;0.7;0.7
-0.451219;1.83393;1.88862;-0.0256954;-1.47224;0.7;0.7
-0.320018;1.91387;1.94045;0.0755716;4.32993;0.7;0.7
-0.377683;2.01627;2.05133;-0.0194957;-1.11702;0.7;0.7
-0.380964;2.00944;2.04523;-0.00219147;-0.125562;0.7;0.7
-0.349947;2.20661;2.23419;0.0300833;1.72364;0.7;0.7
-0.359731;1.88747;1.92144;-0.0310498;-1.77902;0.7;0.7
-0.186972;1.84696;1.8564;0.0874419;5.01005;0.7;0.7
-0.235171;1.98126;1.99517;-0.0172566;-0.988729;0.7;0.7
-0.276849;2.1273;2.14523;-0.0112692;-0.645679;0.7;0.7
-0.294078;1.98239;2.00409;-0.0178564;-1.0231;0.7;0.7
-0.270005;1.99653;2.0147;0.0128488;0.736181;0.7;0.7
-0.142601;2.04662;2.05158;0.0648577;3.71607;0.7;0.7
0.0254995;1.86956;1.86973;0.0832025;4.76715;0.7;0.7
0.120922;2.00823;2.01187;0.0465019;2.66436;0.7;0.7
0.134809;2.00211;2.00665;0.00709163;0.406321;0.7;0.7
0.191989;1.86499;1.87485;0.0353504;2.02543;0.7;0.7
0.182184;1.93961;1.94814;-0.00892894;-0.511591;0.7;0.7
0.0850449;1.8642;1.86614;-0.048065;-2.75392;0.7;0.7
0.0942999;1.94102;1.94331;0.00295594;0.169363;0.7;0.7
0.181916;1.90031;1.909;0.0468943;2.68685;0.7;0.7
0.379237;2.09252;2.12661;0.0838502;4.80426;0.7;0.7
0.221492;1.91707;1.92983;-0.0642621;-3.68195;0.7;0.7
0.196936;2.1296;2.13868;-0.0228133;-1.30711;0.7;0.7
0.188237;1.94663;1.95571;0.00418594;0.239837;0.7;0.7
0.233993;1.96092;1.97484;0.0223672;1.28155;0.7;0.7
0.0498756;1.74237;1.74309;-0.0901493;-5.16518;0.7;0.7
0.108059;1.96428;1.96725;0.0263392;1.50913;0.7;0.7
-0.0683527;2.04306;2.0442;-0.0884001;-5.06495;0.7;0.7
0.0264786;1.86765;1.86784;0.0476202;2.72843;0.7;0.7
0.117509;2.16175;2.16494;0.0401281;2.29917;0.7;0.7
-0.174821;2.22185;2.22872;-0.132826;-7.61034;0.7;0.7
-0.0846388;2.08982;2.09153;0.0380424;2.17967;0.7;0.7
-0.429577;1.97832;2.02442;-0.173344;-9.93191;0.7;0.7
-0.416733;1.8215;1.86857;-0.0110911;-0.635473;0.7;0.7
-0.410301;2.02885;2.06992;0.0253717;1.45369;0.7;0.7
-0.400479;1.92747;1.96864;-0.00531665;-0.304622;0.7;0.7
-0.401732;2.11389;2.15172;0.0170542;0.977132;0.7;0.7
-0.408572;1.94697;1.98937;-0.0190441;-1.09115;0.7;0.7
-0.418094;1.96047;2.00456;-0.00326576;-0.187114;0.7;0.7
-0.413376;1.93292;1.97662;-0.00057279;-0.0328185;0.7;0.7
-0.49361;2.03736;2.0963;-0.0270119;-1.54767;0.7;0.7
-0.140373;1.96489;1.9699;0.16638;9.53286;0.7;0.7
-0.180148;2.10779;2.11547;-0.0139411;-0.798766;0.7;0.7
