#1 AntVel X	#2 AntVel Y	#3 Speed	#4 Turning Angle Rad		#5 Turning Angle Deg	#6 Detected Phero Left	#7 Detected Phero Right	
-0.807397;1.79334;1.96671;-0.107383;-6.15259;0.7;0.7
-0.71597;1.96939;2.09549;0.0743431;4.25955;0.7;0.7
-0.688655;1.87728;1.9996;-0.00290053;-0.166188;0.7;0.7
-0.617499;1.94667;2.04226;0.0444266;2.54546;0.7;0.7
-0.507798;1.88401;1.95125;0.0438948;2.51499;0.7;0.7
-0.475832;1.87386;1.93333;0.0145983;0.83642;0.7;0.7
-0.44535;2.05271;2.10046;0.0350292;2.00702;0.7;0.7
-0.395386;1.9093;1.94981;0.00944828;0.541347;0.7;0.7
-0.370909;1.88434;1.92049;0.00984455;0.564051;0.7;0.7
-0.347679;2.06235;2.09145;0.0273402;1.56648;0.7;0.7
-0.625067;1.92569;2.02459;-0.146852;-8.41399;0.7;0.7
-0.625586;1.82523;1.92946;-0.0163309;-0.935694;0.7;0.7
-0.603657;1.96288;2.05361;0.0318395;1.82427;0.7;0.7
-0.53956;2.04259;2.11265;0.0401006;2.2976;0.7;0.7
-0.43562;1.98116;2.02849;0.0418189;2.39605;0.7;0.7
-0.418543;2.0043;2.04754;0.0105733;0.605808;0.7;0.7
-0.231915;1.96982;1.98343;0.0886691;5.08036;0.7;0.7
-0.234031;1.98633;2.00007;-8.54564e-05;-0.00489629;0.7;0.7
-0.231335;1.99033;2.00373;0.00156976;0.0899406;0.7;0.7
-0.243743;1.99774;2.01256;-0.00569878;-0.326516;0.7;0.7
-0.417693;1.87707;1.92298;-0.0975469;-5.58903;0.7;0.7
-0.524283;2.05314;2.11903;-0.0310578;-1.77948;0.7;0.7
-0.46694;2.0451;2.09773;0.0255401;1.46334;0.7;0.7
-0.408025;1.97973;2.02134;0.0212183;1.21572;0.7;0.7
-0.397656;1.98811;2.02749;0.00584322;0.334792;0.7;0.7
-0.389195;1.75336;1.79603;-0.0210177;-1.20423;0.7;0.7
-0.425234;1.89466;1.94179;-0.00234959;-0.134621;0.7;0.7
-0.441484;2.11818;2.1637;0.0152952;0.87635;0.7;0.7
-0.474868;2.02836;2.08321;-0.0244881;-1.40306;0.7;0.7
-0.341347;2.2988;2.32401;0.0825603;4.73036;0.7;0.7
-0.244104;2.01668;2.0314;0.0269556;1.54444;0.7;0.7
-0.263086;1.96248;1.98004;-0.0128066;-0.733762;0.7;0.7
-0.118658;2.0981;2.10145;0.0767684;4.3985;0.7;0.7
-0.122275;1.9639;1.9677;-0.00568666;-0.325822;0.7;0.7
-0.17272;2.01469;2.02208;-0.0233399;-1.33728;0.7;0.7
-0.141301;2.02026;2.0252;0.0156931;0.899146;0.7;0.7
-0.172108;1.89973;1.90751;-0.0205215;-1.17579;0.7;0.7
-0.0632495;2.18515;2.18607;0.0614126;3.51868;0.7;0.7
-0.11568;1.85829;1.86188;-0.0332337;-1.90415;0.7;0.7
-0.399602;1.99443;2.03407;-0.13557;-7.76757;0.7;0.7
-0.333704;1.91278;1.94167;0.0250184;1.43345;0.7;0.7
-0.607517;2.10272;2.18872;-0.108539;-6.21884;0.7;0.7
-0.350738;1.90274;1.9348;0.0989747;5.67083;0.7;0.7
-0.416211;1.94791;1.99188;-0.0282183;-1.61679;0.7;0.7
-0.442359;2.11136;2.1572;0.00397801;0.227923;0.7;0.7
-0.21949;1.78338;1.79683;0.0840673;4.8167;0.7;0.7
-0.266797;2.06299;2.08017;-0.00615147;-0.352453;0.7;0.7
-0.132891;2.04274;2.04706;0.0636476;3.64674;0.7;0.7
-0.254442;2.03814;2.05396;-0.0592341;-3.39386;0.7;0.7
-0.209442;2.18255;2.19257;0.0285284;1.63456;0.7;0.7
-0.245015;1.97214;1.9873;-0.0279356;-1.60059;0.7;0.7
-0.165198;1.95381;1.96078;0.0392538;2.24908;0.7;0.7
-0.0909725;2.02989;2.03193;0.0395645;2.26688;0.7;0.7
-0.188163;1.97454;1.98349;-0.0502213;-2.87747;0.7;0.7
-0.218363;1.99389;2.00582;-0.0140735;-0.806352;0.7;0.7
-0.216497;1.79777;1.81076;-0.0107668;-0.616892;0.7;0.7
-0.135647;1.9845;1.98913;0.0516006;2.9565;0.7;0.7
-0.141248;1.98107;1.9861;-0.00293086;-0.167926;0.7;0.7
-0.329878;1.8911;1.91966;-0.101521;-5.81674;0.7;0.7
-0.347879;1.98509;2.01534;-0.00078501;-0.0449778;0.7;0.7
-0.359574;1.98403;2.01635;-0.00580357;-0.33252;0.7;0.7
-0.36962;1.79652;1.83415;-0.0236221;-1.35345;0.7;0.7
-0.326823;1.99368;2.02029;0.0404253;2.3162;0.7;0.7
-0.491217;2.11552;2.1718;-0.0656688;-3.76255;0.7;0.7
-0.594277;2.1079;2.19007;-0.046642;-2.67239;0.7;0.7
-0.347386;1.77026;1.80403;0.0810239;4.64233;0.7;0.7
-0.380066;1.80835;1.84786;-0.0133864;-0.766982;0.7;0.7
-0.372955;1.98702;2.02172;0.0216216;1.23882;0.7;0.7
-0.3149;1.73844;1.76673;0.0063407;0.363295;0.7;0.7
-0.266869;1.9271;1.94549;0.0415887;2.38286;0.7;0.7
-0.43606;1.96851;2.01623;-0.080391;-4.60606;0.7;0.7
-0.4238;2.05164;2.09496;0.0142968;0.819145;0.7;0.7
-0.444615;1.79078;1.84514;-0.0396586;-2.27227;0.7;0.7
-0.478456;1.94112;1.99922;0.00169295;0.0969987;0.7;0.7
-0.441431;1.85239;1.90426;0.00772718;0.442735;0.7;0.7
-0.49905;2.01545;2.07632;-0.00878989;-0.503624;0.7;0.7
-0.509496;1.94842;2.01394;-0.0130346;-0.746826;0.7;0.7
-0.479401;1.79783;1.86065;-0.00482721;-0.276579;0.7;0.7
-0.726084;1.90083;2.03478;-0.104287;-5.97521;0.7;0.7
-0.699928;1.86648;1.9934;0.00610976;0.350064;0.7;0.7
-0.753103;1.88351;2.02849;-0.0216004;-1.23761;0.7;0.7
-0.57093;1.97082;2.05185;0.0983966;5.63771;0.7;0.7
-0.457936;1.94238;1.99563;0.05044;2.89;0.7;0.7
-0.54745;2.19686;2.26405;-0.0126892;-0.727037;0.7;0.7
-0.45016;1.91475;1.96695;0.013314;0.762838;0.7;0.7
-0.622168;1.77986;1.88547;-0.105374;-6.03751;0.7;0.7
-0.519648;1.82363;1.89622;0.0586871;3.36252;0.7;0.7
-0.559459;2.13277;2.20493;0.0210596;1.20663;0.7;0.7
-0.599357;1.88049;1.97369;-0.0520102;-2.97997;0.7;0.7
-0.659472;1.85615;1.96982;-0.0328343;-1.88126;0.7;0.7
-0.607301;1.86565;1.962;0.0266799;1.52865;0.7;0.7
-0.427788;2.16376;2.20565;0.119512;6.84752;0.7;0.7
-0.324539;1.89205;1.91968;0.0253139;1.45038;0.7;0.7
-0.353428;1.9992;2.0302;-0.00510222;-0.292336;0.7;0.7
-0.388663;1.94248;1.98098;-0.0225019;-1.28927;0.7;0.7
-0.351267;1.75924;1.79397;0.000400395;0.022941;0.7;0.7
-0.350111;2.15237;2.18066;0.0358274;2.05276;0.7;0.7
-0.142955;1.91595;1.92128;0.0867758;4.97189;0.7;0.7
-0.180369;2.18693;2.19436;-0.00781485;-0.447758;0.7;0.7
-0.0165293;2.08777;2.08783;0.0743728;4.26125;0.7;0.7
0.0605268;2.06842;2.0693;0.0371711;2.12975;0.7;0.7
-0.102879;2.12841;2.13089;-0.0775526;-4.44344;0.7;0.7
-0.214335;1.88341;1.89557;-0.0650155;-3.72511;0.7;0.7
-0.280463;2.02701;2.04632;-0.0241759;-1.38517;0.7;0.7
0.0373955;2.21588;2.2162;0.154364;8.84443;0.7;0.7
0.0855568;2.02276;2.02457;0.0253974;1.45516;0.7;0.7
0.0868602;1.90685;1.90883;0.00324826;0.186112;0.7;0.7
0.0145578;1.86488;1.86493;-0.037714;-2.16085;0.7;0.7
0.0723772;1.87226;1.87366;0.0308322;1.76655;0.7;0.7
0.229818;2.41219;2.42311;0.0563484;3.22853;0.7;0.7
0.0942737;1.87614;1.8785;-0.0447801;-2.56571;0.7;0.7
0.164705;1.88293;1.89012;0.037044;2.12247;0.7;0.7
0.21219;1.95717;1.96864;0.0207441;1.18855;0.7;0.7
0.242214;1.99106;2.00574;0.013061;0.748343;0.7;0.7
0.665867;2.13269;2.23422;0.181574;10.4034;0.7;0.7
0.824733;1.85705;2.03195;0.115314;6.60702;0.7;0.7
0.708309;1.86666;1.99653;-0.0552761;-3.16709;0.7;0.7
0.734747;1.80714;1.9508;0.0234983;1.34635;0.7;0.7
0.607264;2.06308;2.1506;-0.0999031;-5.72402;0.7;0.7
0.508296;1.9943;2.05806;-0.0367014;-2.10284;0.7;0.7
0.58978;1.95514;2.04216;0.0434136;2.48741;0.7;0.7
0.453873;1.87499;1.92914;-0.055477;-3.1786;0.7;0.7
0.500683;1.82207;1.8896;0.0306716;1.75735;0.7;0.7
0.553639;1.94979;2.02687;0.00849568;0.486767;0.7;0.7
0.588303;1.93431;2.0218;0.0185858;1.06489;0.7;0.7
0.58165;1.91913;2.00533;-0.000970361;-0.0555976;0.7;0.7
0.46996;1.83428;1.89353;-0.0434662;-2.49043;0.7;0.7
0.497948;1.95847;2.02078;-0.00183587;-0.105188;0.7;0.7
0.587737;1.85543;1.94629;0.0577875;3.31098;0.7;0.7
0.560873;1.93942;2.0189;-0.0252507;-1.44676;0.7;0.7
0.746073;1.86124;2.0052;0.0997212;5.7136;0.7;0.7
0.80511;2.10609;2.25473;-0.0161009;-0.922512;0.7;0.7
0.724562;1.86592;2.00166;0.00525588;0.301139;0.7;0.7
0.78466;1.78373;1.94869;0.0440294;2.5227;0.7;0.7
0.912359;1.86162;2.07317;0.0412669;2.36442;0.7;0.7
0.92015;1.76617;1.99149;0.0246079;1.40993;0.7;0.7
1.0185;1.69533;1.97775;0.0606884;3.47719;0.7;0.7
1.03005;1.70391;1.99106;0.00275162;0.157656;0.7;0.7
1.06268;1.84067;2.12541;-0.0201527;-1.15467;0.7;0.7
0.960292;1.73566;1.9836;-0.0182308;-1.04455;0.7;0.7
0.968216;1.75015;2.00011;-4.08101e-05;-0.00233825;0.7;0.7
0.93912;1.64492;1.89412;0.0134523;0.770761;0.7;0.7
0.858303;1.73577;1.93638;-0.0595415;-3.41148;0.7;0.7
1.10978;1.91155;2.21035;0.066785;3.8265;0.7;0.7
1.09212;1.76403;2.07473;0.0283405;1.62379;0.7;0.7
1.05244;1.68583;1.98737;0.00373721;0.214126;0.7;0.7
1.03107;1.78154;2.0584;-0.0334357;-1.91573;0.7;0.7
1.01297;1.75945;2.03022;-0.00226779;-0.129935;0.7;0.7
1.06475;1.73706;2.03742;0.0275106;1.57624;0.7;0.7
1.04024;1.64595;1.94711;0.013723;0.78627;0.7;0.7
0.986011;1.63339;1.90792;-0.0205081;-1.17503;0.7;0.7
1.00186;1.68155;1.95738;-0.00578627;-0.331529;0.7;0.7
0.885972;1.5712;1.80378;-0.0238818;-1.36833;0.7;0.7
0.846782;1.44412;1.67408;0.0168936;0.967934;0.7;0.7
0.979949;1.74944;2.0052;-0.0197291;-1.13039;0.7;0.7
1.04719;1.62303;1.93154;0.0623966;3.57506;0.7;0.7
1.00808;1.5699;1.86569;-0.00217557;-0.124651;0.7;0.7
1.08806;1.68122;2.00259;0.00356918;0.204499;0.7;0.7
1.03759;1.45923;1.79052;0.0437131;2.50458;0.7;0.7
1.08503;1.44183;1.80449;0.0270135;1.54776;0.7;0.7
1.20269;1.52754;1.94419;0.0218515;1.252;0.7;0.7
1.23701;1.5752;2.00286;-0.00125554;-0.0719373;0.7;0.7
1.23739;1.57552;2.00335;5.04883e-05;0.00289277;0.7;0.7
1.1803;1.51207;1.91819;-0.00297653;-0.170543;0.7;0.7
1.19097;1.45709;1.88189;0.0224487;1.28622;0.7;0.7
1.27954;1.52836;1.99326;0.0117746;0.674636;0.7;0.7
1.29153;1.51946;1.99419;0.00747869;0.428498;0.7;0.7
1.01459;1.77975;2.04864;-0.18637;-10.6782;0.7;0.7
0.978493;1.72628;1.98431;-0.00245623;-0.140732;0.7;0.7
0.923838;1.69382;1.92938;-0.0163477;-0.936654;0.7;0.7
0.971083;1.71306;1.96916;0.0163842;0.938746;0.7;0.7
0.984243;1.73509;1.99481;0.000293402;0.0168107;0.7;0.7
1.16241;1.80555;2.14737;0.0560069;3.20896;0.7;0.7
1.25923;1.72609;2.13659;0.0582677;3.33849;0.7;0.7
1.12565;1.56399;1.92695;-0.00642323;-0.368024;0.7;0.7
1.128;1.59716;1.95533;-0.00893588;-0.511988;0.7;0.7
1.17175;1.67512;2.04426;-0.00451958;-0.258953;0.7;0.7
1.14686;1.61059;1.97719;0.00839393;0.480937;0.7;0.7
1.08781;1.75199;2.06223;-0.0631435;-3.61785;0.7;0.7
1.05434;1.71487;2.01306;-0.00439481;-0.251804;0.7;0.7
1.0794;1.68025;1.99708;0.0197676;1.1326;0.7;0.7
1.30587;1.51917;2.0033;0.139024;7.96547;0.7;0.7
1.56983;1.88993;2.45687;-0.0168988;-0.968228;0.7;0.7
1.25984;1.55579;2.00192;-0.0124657;-0.714235;0.7;0.7
1.36415;1.48982;2.02001;0.0607204;3.47902;0.7;0.7
1.37559;1.50213;2.03682;6.07605e-05;0.00348132;0.7;0.7
1.40064;1.70317;2.20512;-0.0532203;-3.0493;0.7;0.7
1.27551;1.42114;1.90959;0.0432107;2.47579;0.7;0.7
1.27497;1.56236;2.01656;-0.0469897;-2.69231;0.7;0.7
1.34113;1.4355;1.9645;0.0669686;3.83702;0.7;0.7
1.38146;1.50251;2.04108;-0.00797472;-0.456918;0.7;0.7
1.50095;1.57278;2.17405;0.0185847;1.06482;0.7;0.7
1.31364;1.68371;2.13554;-0.0994804;-5.69981;0.7;0.7
1.23838;1.58462;2.01113;0.000803005;0.0460088;0.7;0.7
1.31507;1.6168;2.0841;0.0194887;1.11662;0.7;0.7
1.55525;1.40022;2.09271;0.154957;8.87839;0.7;0.7
1.47748;1.38426;2.02463;-0.0198426;-1.1369;0.7;0.7
1.30384;1.34378;1.87237;-0.0476468;-2.72996;0.7;0.7
1.31442;1.33247;1.87168;0.0082661;0.473613;0.7;0.7
1.48119;1.57871;2.16477;-0.0250406;-1.43472;0.7;0.7
1.45434;1.44559;2.05057;0.0348763;1.99826;0.7;0.7
1.42358;1.33073;1.9487;0.030683;1.75801;0.7;0.7
1.46927;1.29578;1.95903;0.0289604;1.65931;0.7;0.7
1.50322;1.2951;1.98418;0.0115765;0.663286;0.7;0.7
1.57395;1.47887;2.15972;-0.0431043;-2.4697;0.7;0.7
1.87469;1.44515;2.36705;0.0975398;5.58862;0.7;0.7
1.69941;1.3767;2.18707;-0.0241454;-1.38343;0.7;0.7
1.50764;1.16475;1.90516;0.0230843;1.32263;0.7;0.7
1.55356;1.37788;2.07656;-0.067756;-3.88214;0.7;0.7
1.42345;1.29327;1.92322;-0.0119743;-0.68608;0.7;0.7
1.44817;1.27929;1.9323;0.0139597;0.799831;0.7;0.7
1.64761;1.27185;2.0814;0.0661647;3.79096;0.7;0.7
1.55344;1.26329;2.00227;-0.025359;-1.45296;0.7;0.7
1.57414;1.31748;2.05272;-0.0141186;-0.808936;0.7;0.7
1.52901;1.31209;2.01481;-0.0123242;-0.706125;0.7;0.7
1.38052;1.42891;1.98687;-0.0934264;-5.35294;0.7;0.7
1.48852;1.47892;2.09831;0.0204566;1.17208;0.7;0.7
1.58937;1.44088;2.14528;0.045729;2.62008;0.7;0.7
1.69557;1.42047;2.21195;0.0390946;2.23996;0.7;0.7
1.59317;1.16949;1.97634;0.0641177;3.67367;0.7;0.7
1.57536;1.16355;1.95848;-0.00293803;-0.168337;0.7;0.7
1.64687;1.06268;1.95997;0.0631165;3.61631;0.7;0.7
1.72415;1.10583;2.04831;0.00275738;0.157986;0.7;0.7
1.72099;1.25145;2.1279;-0.0584397;-3.34835;0.7;0.7
1.59816;1.21076;2.005;-0.0196181;-1.12403;0.7;0.7
1.65626;1.22499;2.06004;0.0115259;0.660386;0.7;0.7
1.52777;1.03208;1.84371;0.0426943;2.4462;0.7;0.7
1.59744;1.11948;1.95065;-0.0171367;-0.98186;0.7;0.7
1.42077;1.21739;1.871;-0.097198;-5.56903;0.7;0.7
1.28074;1.08631;1.67939;0.00501618;0.287406;0.7;0.7
1.65412;1.17323;2.02795;0.0865163;4.95702;0.7;0.7
1.6342;1.15798;2.00288;0.0004577;0.0262243;0.7;0.7
1.68073;1.10076;2.00911;0.036635;2.09903;0.7;0.7
1.77545;0.992581;2.03407;0.0700613;4.01422;0.7;0.7
1.73558;1.18593;2.10207;-0.0896596;-5.13712;0.7;0.7
1.49894;1.12031;1.87134;-0.0424061;-2.42969;0.7;0.7
1.66916;1.10694;2.00285;0.0562579;3.22334;0.7;0.7
1.63229;1.15929;2.00208;-0.0319746;-1.83201;0.7;0.7
1.6183;1.16063;1.99147;-0.00461791;-0.264587;0.7;0.7
1.62818;1.22361;2.03671;-0.0223013;-1.27777;0.7;0.7
1.43636;1.28018;1.92406;-0.0834955;-4.78394;0.7;0.7
1.58442;1.40794;2.11959;0.00148044;0.0848231;0.7;0.7
1.50359;1.40679;2.05909;-0.0256612;-1.47028;0.7;0.7
1.4937;1.39889;2.04646;-0.000483135;-0.0276816;0.7;0.7
1.36368;1.3664;1.93046;-0.0337627;-1.93446;0.7;0.7
1.40807;1.41123;1.99354;-0.000124082;-0.00710937;0.7;0.7
1.50284;1.46774;2.10066;0.012937;0.741233;0.7;0.7
1.54022;1.35571;2.05188;0.051814;2.96872;0.7;0.7
1.50966;1.44357;2.08877;-0.041253;-2.36362;0.7;0.7
1.37376;1.46409;2.00768;-0.0541955;-3.10517;0.7;0.7
1.40811;1.49016;2.05021;0.00351791;0.201562;0.7;0.7
1.50579;1.55896;2.16743;0.0109545;0.627648;0.7;0.7
1.35678;1.40642;1.95419;-0.000615679;-0.0352758;0.7;0.7
1.38472;1.43336;1.99298;0.000704519;0.040366;0.7;0.7
1.54513;1.47915;2.139;0.0390746;2.23881;0.7;0.7
1.30313;1.26875;1.81876;-0.00844956;-0.484124;0.7;0.7
1.16842;1.39551;1.82007;-0.101704;-5.82718;0.7;0.7
1.27795;1.51704;1.98357;0.00300294;0.172056;0.7;0.7
1.40694;1.4589;2.02679;0.0672052;3.85058;0.7;0.7
1.38947;1.55326;2.08405;-0.0374725;-2.14702;0.7;0.7
1.212;1.49235;1.92251;-0.0476965;-2.73281;0.7;0.7
1.34456;1.39185;1.93522;0.0860166;4.92839;0.7;0.7
1.32549;1.45575;1.96879;-0.029519;-1.69131;0.7;0.7
1.41473;1.58892;2.12747;-0.0111295;-0.637675;0.7;0.7
1.33004;1.49386;2.00015;-1.87068e-05;-0.00107182;0.7;0.7
1.39497;1.55195;2.08674;0.00473004;0.271011;0.7;0.7
1.31132;1.53956;2.02233;-0.0266704;-1.5281;0.7;0.7
1.32195;1.52563;2.01869;0.00848305;0.486043;0.7;0.7
1.33133;1.47175;1.98456;0.0213519;1.22337;0.7;0.7
1.33239;1.49113;1.99969;-0.0061073;-0.349922;0.7;0.7
1.61231;1.7006;2.34341;0.029517;1.6912;0.7;0.7
1.31056;1.36985;1.8958;0.00452615;0.259329;0.7;0.7
1.42717;1.44798;2.03309;0.014882;0.852674;0.7;0.7
1.48828;1.37714;2.02768;0.0460045;2.63586;0.7;0.7
1.44859;1.32629;1.96404;0.0052743;0.302195;0.7;0.7
1.4125;1.14791;1.82012;0.0589284;3.37635;0.7;0.7
1.5776;1.29285;2.03968;-0.00409308;-0.234516;0.7;0.7
1.53291;0.984117;1.82162;0.115795;6.63454;0.7;0.7
1.68453;0.917391;1.91813;0.0720382;4.12749;0.7;0.7
1.83329;0.82191;2.0091;0.0772276;4.42482;0.7;0.7
1.82163;0.827554;2.00079;-0.00495966;-0.284168;0.7;0.7
1.88266;1.00391;2.1336;-0.0634665;-3.63636;0.7;0.7
1.82879;1.10013;2.13419;-0.0516799;-2.96104;0.7;0.7
1.48818;1.02174;1.80517;-0.0600888;-3.44283;0.7;0.7
1.59294;1.15349;1.96672;-0.0250795;-1.43695;0.7;0.7
1.62677;1.28245;2.07149;-0.0408601;-2.34111;0.7;0.7
1.56666;1.24439;2.00073;-0.00365718;-0.209541;0.7;0.7
1.53774;1.34421;2.04244;-0.0470958;-2.69839;0.7;0.7
1.50615;1.33653;2.01365;-0.00745127;-0.426926;0.7;0.7
1.49335;1.16357;1.89314;0.0638911;3.66069;0.7;0.7
1.54846;1.5689;2.20435;-0.130048;-7.4512;0.7;0.7
1.4379;1.46657;2.05387;-0.0033145;-0.189907;0.7;0.7
1.4726;1.34645;1.99536;0.054588;3.12766;0.7;0.7
1.34203;1.31344;1.87781;-0.0339505;-1.94522;0.7;0.7
1.35269;1.38654;1.93707;-0.0231222;-1.3248;0.7;0.7
1.45236;1.40201;2.01865;0.0299929;1.71847;0.7;0.7
1.2788;1.48879;1.96261;-0.0933654;-5.34945;0.7;0.7
1.30928;1.50366;1.99379;0.00673797;0.386057;0.7;0.7
1.41244;1.50498;2.06397;0.0372836;2.13619;0.7;0.7
1.41257;1.53695;2.08748;-0.0104375;-0.598024;0.7;0.7
1.52908;1.48634;2.13243;0.0563183;3.2268;0.7;0.7
1.48003;1.35353;2.00562;0.0304399;1.74408;0.7;0.7
1.49865;1.40373;2.05339;-0.0119215;-0.683049;0.7;0.7
1.58124;1.26609;2.02566;0.0775438;4.44293;0.7;0.7
1.56902;1.22465;1.99038;0.0124112;0.71111;0.7;0.7
1.71927;1.45598;2.25295;-0.0399156;-2.28699;0.7;0.7
1.46459;1.33965;1.98487;-0.0382096;-2.18925;0.7;0.7
1.52759;1.3758;2.05581;0.00770867;0.441674;0.7;0.7
1.63363;1.29782;2.0864;0.0618247;3.54229;0.7;0.7
1.65207;1.29845;2.10126;0.00522587;0.29942;0.7;0.7
1.44405;1.2695;1.92274;-0.0550452;-3.15386;0.7;0.7
1.51883;1.31016;2.00583;0.00939343;0.538204;0.7;0.7
1.31816;1.34737;1.88492;-0.0845882;-4.84655;0.7;0.7
1.57494;1.74503;2.35065;-0.0402302;-2.30502;0.7;0.7
1.30402;1.54111;2.01878;-0.0319531;-1.83078;0.7;0.7
1.14717;1.5727;1.94663;-0.0720499;-4.12816;0.7;0.7
1.16632;1.57015;1.95593;0.00867842;0.497237;0.7;0.7
1.22151;1.60363;2.01587;0.0120729;0.691726;0.7;0.7
1.39824;1.67623;2.18284;0.0442675;2.53634;0.7;0.7
1.14281;1.48997;1.87777;-0.0409311;-2.34518;0.7;0.7
1.23687;1.5687;1.99766;0.0133758;0.766375;0.7;0.7
1.19936;1.76309;2.13236;-0.0703142;-4.02871;0.7;0.7
1.13362;1.63969;1.99341;0.00754817;0.432479;0.7;0.7
1.19439;1.75378;2.12187;-0.00702062;-0.402252;0.7;0.7
1.12904;1.64099;1.99188;0.00475823;0.272626;0.7;0.7
1.12234;1.64645;1.9926;-0.00432143;-0.247599;0.7;0.7
1.13615;1.61626;1.97564;0.0143828;0.824072;0.7;0.7
1.1194;1.65227;1.99576;-0.0172424;-0.987917;0.7;0.7
1.32919;1.45485;1.97062;0.144831;8.29821;0.7;0.7
1.29843;1.47638;1.96611;-0.0189369;-1.085;0.7;0.7
1.35252;1.51441;2.03046;0.00763706;0.437571;0.7;0.7
0.978564;1.51734;1.80552;-0.156196;-8.94936;0.7;0.7
1.01921;1.76949;2.04203;-0.0502183;-2.8773;0.7;0.7
1.13164;1.79351;2.12068;0.0402999;2.30901;0.7;0.7
1.2119;1.27799;1.76124;0.195987;11.2292;0.7;0.7
1.29409;1.50444;1.98444;-0.0484899;-2.77827;0.7;0.7
1.16843;1.56814;1.95558;-0.0700151;-4.01157;0.7;0.7
0.952983;1.45832;1.74209;-0.0615406;-3.52602;0.7;0.7
1.08955;1.36732;1.74834;0.0939969;5.38563;0.7;0.7
1.27411;1.5531;2.00885;0.0142227;0.814903;0.7;0.7
1.31073;1.60975;2.07589;-0.00367268;-0.210429;0.7;0.7
1.24545;1.5451;1.98456;-0.00493717;-0.282879;0.7;0.7
1.26627;1.48987;1.95529;0.0260195;1.49081;0.7;0.7
1.34039;1.55985;2.05665;0.00542558;0.310863;0.7;0.7
1.31903;1.49371;1.99274;0.013503;0.773666;0.7;0.7
1.36597;1.416;1.96747;0.044038;2.52319;0.7;0.7
1.49498;1.34099;2.00829;0.0722286;4.1384;0.7;0.7
1.62428;1.43316;2.16616;0.00818501;0.468967;0.7;0.7
1.48737;1.38665;2.03349;-0.0273986;-1.56983;0.7;0.7
1.50963;1.38009;2.04539;0.00976736;0.559628;0.7;0.7
1.3479;1.25657;1.84277;-0.0097468;-0.558451;0.7;0.7
1.38435;1.16568;1.80976;0.050492;2.89298;0.7;0.7
1.59007;1.37711;2.10351;-0.0138956;-0.796157;0.7;0.7
1.68145;1.28723;2.1176;0.0603732;3.45913;0.7;0.7
1.61221;1.20313;2.01166;0.0122731;0.703196;0.7;0.7
1.59981;1.19615;1.99754;-0.000915155;-0.0524345;0.7;0.7
1.67817;1.20691;2.0671;0.0185325;1.06183;0.7;0.7
1.44576;1.32326;1.95991;-0.117702;-6.74385;0.7;0.7
1.5062;1.35515;2.0261;0.00853063;0.488769;0.7;0.7
1.303;1.41923;1.92666;-0.0954104;-5.46661;0.7;0.7
1.37035;1.54174;2.06272;-0.0161156;-0.923357;0.7;0.7
1.23418;1.39915;1.86569;-0.00378075;-0.216621;0.7;0.7
1.20433;1.49881;1.92272;-0.0459433;-2.63236;0.7;0.7
1.08864;1.83854;2.13667;-0.14228;-8.15205;0.7;0.7
0.981657;1.74491;2.00209;-0.0221556;-1.26942;0.7;0.7
0.93678;1.76979;2.00243;-0.0256272;-1.46833;0.7;0.7
0.723398;1.87149;2.00643;-0.117979;-6.75971;0.7;0.7
0.803882;1.81536;1.98538;0.0480237;2.75156;0.7;0.7
0.658087;1.86515;1.97785;-0.077674;-4.45039;0.7;0.7
0.735489;1.80255;1.94683;0.04821;2.76223;0.7;0.7
0.556936;1.62837;1.72098;-0.0578582;-3.31503;0.7;0.7
0.754798;1.94077;2.08238;0.0413686;2.37024;0.7;0.7
0.723256;1.86428;1.99966;-0.000836528;-0.0479295;0.7;0.7
0.643859;1.7814;1.89419;-0.0232559;-1.33247;0.7;0.7
0.596815;1.92462;2.01503;-0.0461312;-2.64312;0.7;0.7
0.601528;1.79938;1.89726;0.0219249;1.2562;0.7;0.7
0.406163;1.82998;1.87451;-0.104209;-5.97073;0.7;0.7
0.545184;1.9315;2.00697;0.0566942;3.24834;0.7;0.7
0.516169;1.67303;1.75084;0.0241558;1.38403;0.7;0.7
0.802624;2.15926;2.30361;0.0566266;3.24446;0.7;0.7
0.691795;1.87733;2.00073;-0.0028252;-0.161872;0.7;0.7
0.927793;1.89145;2.10675;0.102974;5.89996;0.7;0.7
1.02395;1.8174;2.086;0.0570502;3.26874;0.7;0.7
0.976345;1.79677;2.04491;-0.0153318;-0.878446;0.7;0.7
0.985013;1.70939;1.97288;0.0250101;1.43297;0.7;0.7
1.18319;1.52258;1.92826;0.137854;7.89844;0.7;0.7
1.21954;1.56481;1.98391;0.00140753;0.0806456;0.7;0.7
1.23162;1.73496;2.12767;-0.0446927;-2.5607;0.7;0.7
1.00621;1.50282;1.80857;-0.0273378;-1.56634;0.7;0.7
1.13254;1.66332;2.01229;0.00779369;0.446545;0.7;0.7
1.1772;1.67144;2.04439;0.0158228;0.906579;0.7;0.7
1.17811;1.64313;2.02183;0.00842997;0.483002;0.7;0.7
1.10944;1.68733;2.01939;-0.0404002;-2.31476;0.7;0.7
1.20445;1.61699;2.01627;0.0585714;3.3559;0.7;0.7
1.09721;1.433;1.80482;0.0132464;0.758964;0.7;0.7
1.40585;1.57743;2.11298;0.0744896;4.26794;0.7;0.7
1.3751;1.59385;2.10505;-0.0160924;-0.922027;0.7;0.7
1.31016;1.44694;1.95196;0.0239751;1.37367;0.7;0.7
1.22539;1.54599;1.97273;-0.0656051;-3.75889;0.7;0.7
1.28398;1.53655;2.0024;0.0258635;1.48187;0.7;0.7
1.10335;1.70962;2.03474;-0.122972;-7.04575;0.7;0.7
1.05171;1.71652;2.01309;-0.0234087;-1.34122;0.7;0.7
1.09147;1.71493;2.0328;0.0170873;0.979033;0.7;0.7
1.08964;1.66625;1.99091;0.0123481;0.707493;0.7;0.7
0.975879;1.77966;2.02966;-0.0775668;-4.44425;0.7;0.7
1.08576;1.8627;2.15604;0.0261741;1.49966;0.7;0.7
1.02824;1.66376;1.95585;0.0258154;1.47911;0.7;0.7
1.11038;1.67938;2.01328;0.030632;1.75508;0.7;0.7
0.797464;1.62654;1.81151;-0.128354;-7.35413;0.7;0.7
0.882327;1.81534;2.0184;-0.00342615;-0.196304;0.7;0.7
0.801337;1.70462;1.88358;-0.0129773;-0.743543;0.7;0.7
0.85343;1.81442;2.0051;0.000215805;0.0123647;0.7;0.7
0.728701;1.81878;1.95933;-0.0585864;-3.35675;0.7;0.7
0.916312;1.9499;2.15447;0.0582326;3.33648;0.7;0.7
0.899833;1.89791;2.10042;0.00342603;0.196297;0.7;0.7
0.726449;1.708;1.85607;-0.0405866;-2.32544;0.7;0.7
0.858831;1.80128;1.99554;0.0427656;2.45029;0.7;0.7
0.873906;1.79716;1.99838;0.00769565;0.440928;0.7;0.7
0.933703;1.86722;2.08766;0.0110846;0.635101;0.7;0.7
0.948964;1.85492;2.08357;0.00919064;0.526585;0.7;0.7
0.88699;1.73393;1.94763;-3.50444e-05;-0.0020079;0.7;0.7
1.01379;1.46527;1.78179;0.132412;7.58663;0.7;0.7
1.19844;1.6753;2.05982;0.0157046;0.899806;0.7;0.7
1.31433;1.63322;2.0964;0.0566717;3.24705;0.7;0.7
1.2536;1.55667;1.99869;0.000337388;0.0193309;0.7;0.7
1.28559;1.64845;2.09048;-0.0156193;-0.894917;0.7;0.7
1.236;1.61734;2.03555;-0.00981388;-0.562294;0.7;0.7
1.00755;1.56228;1.859;-0.0797386;-4.56868;0.7;0.7
1.08961;1.57453;1.91478;0.0325557;1.86531;0.7;0.7
1.04682;1.61638;1.92575;-0.030641;-1.7556;0.7;0.7
1.0853;1.67689;1.99746;-0.000303228;-0.0173737;0.7;0.7
0.948811;1.63296;1.8886;-0.0480499;-2.75306;0.7;0.7
0.977288;1.68412;1.94714;-0.00055403;-0.0317436;0.7;0.7
0.803188;1.88513;2.0491;-0.123032;-7.0492;0.7;0.7
0.80549;2.03547;2.18905;-0.0259557;-1.48715;0.7;0.7
0.741638;1.85473;1.99751;0.00357098;0.204602;0.7;0.7
0.713007;1.88624;2.01651;-0.018987;-1.08788;0.7;0.7
0.669036;1.82675;1.94542;-0.0103301;-0.591869;0.7;0.7
0.917699;1.92776;2.13505;0.0932281;5.34158;0.7;0.7
0.95724;1.93253;2.15661;0.0156055;0.894131;0.7;0.7
0.891012;1.82937;2.03482;-0.00666375;-0.381805;0.7;0.7
0.83507;1.58082;1.78783;0.0327524;1.87658;0.7;0.7
0.761876;1.95718;2.10024;-0.114769;-6.57576;0.7;0.7
0.677935;1.62201;1.75799;0.0246672;1.41333;0.7;0.7
0.77406;1.85569;2.01066;-0.000707988;-0.0405647;0.7;0.7
0.773146;1.83805;1.99403;0.00298355;0.170945;0.7;0.7
0.847183;1.7185;1.91598;0.0598466;3.42896;0.7;0.7
0.891311;1.67442;1.89687;0.0311473;1.78461;0.7;0.7
0.777712;1.94581;2.09547;-0.108926;-6.24102;0.7;0.7
0.486667;2.01012;2.0682;-0.142698;-8.17598;0.7;0.7
0.461275;1.88073;1.93647;0.00297829;0.170644;0.7;0.7
0.446888;2.01576;2.0647;-0.0223465;-1.28036;0.7;0.7
0.356423;2.09277;2.1229;-0.0494757;-2.83475;0.7;0.7
0.241518;2.00748;2.02195;-0.0489593;-2.80516;0.7;0.7
0.279648;1.95315;1.97306;0.0224778;1.28788;0.7;0.7
0.268022;2.00777;2.02558;-0.00950402;-0.54454;0.7;0.7
0.314611;1.86139;1.88779;0.0347296;1.98986;0.7;0.7
0.440947;1.80242;1.85557;0.0724919;4.15348;0.7;0.7
0.486472;1.95061;2.01035;0.00447992;0.256681;0.7;0.7
0.558864;1.97869;2.05609;0.0308624;1.76828;0.7;0.7
0.45337;1.7707;1.82781;-0.024616;-1.41039;0.7;0.7
0.476082;1.76409;1.8272;0.0129388;0.741337;0.7;0.7
0.625208;1.83072;1.93453;0.0654964;3.75266;0.7;0.7
0.863813;1.98441;2.16427;0.081471;4.66794;0.7;0.7
0.640772;1.92053;2.02461;-0.0885326;-5.07254;0.7;0.7
0.635029;1.89837;2.00177;0.000782621;0.0448409;0.7;0.7
0.503862;1.80691;1.87585;-0.050867;-2.91447;0.7;0.7
0.485916;1.93682;1.99685;-0.0261351;-1.49743;0.7;0.7
0.339863;2.03172;2.05995;-0.0800654;-4.58741;0.7;0.7
0.267144;1.81862;1.83814;-0.0198934;-1.13981;0.7;0.7
0.403812;2.05018;2.08957;0.0486243;2.78597;0.7;0.7
0.360741;1.95122;1.98429;-0.0116597;-0.668053;0.7;0.7
-0.0854135;1.59107;1.59336;-0.236447;-13.5474;0.7;0.7
-0.13577;2.02465;2.0292;-0.013327;-0.763579;0.7;0.7
0.0249761;1.77613;1.7763;0.0810197;4.64209;0.7;0.7
-0.0341685;2.0574;2.05769;-0.0306672;-1.7571;0.7;0.7
0.0169406;1.88822;1.88829;0.0255775;1.46549;0.7;0.7
0.0388037;2.05092;2.05129;0.00994632;0.569882;0.7;0.7
0.314343;2.06994;2.09368;0.131791;7.55109;0.7;0.7
0.317638;1.93004;1.956;0.0124044;0.710719;0.7;0.7
0.446298;1.96656;2.01657;0.0600502;3.44062;0.7;0.7
0.454806;1.96185;2.01388;0.00463677;0.265667;0.7;0.7
0.362673;2.22599;2.25535;-0.0662934;-3.79833;0.7;0.7
0.252359;2.26465;2.27867;-0.0505314;-2.89524;0.7;0.7
0.221468;2.01353;2.02567;-0.00142611;-0.08171;0.7;0.7
0.202839;1.89301;1.90384;-0.00280517;-0.160724;0.7;0.7
0.254506;2.03339;2.04925;0.0177713;1.01822;0.7;0.7
0.274922;2.06025;2.07852;0.00814146;0.466471;0.7;0.7
0.23123;1.9226;1.93645;-0.0129623;-0.742687;0.7;0.7
0.274961;2.04662;2.06501;0.0138543;0.793793;0.7;0.7
0.321891;1.94602;1.97246;0.0303766;1.74045;0.7;0.7
0.328425;1.91408;1.94205;0.00600317;0.343956;0.7;0.7
0.523584;1.97049;2.03887;0.089782;5.14413;0.7;0.7
0.708583;1.79929;1.93379;0.11545;6.61477;0.7;0.7
0.617216;1.88403;1.98256;-0.0585758;-3.35615;0.7;0.7
0.611383;1.91125;2.00666;-0.00698483;-0.400201;0.7;0.7
0.613073;1.90957;2.00558;0.00105698;0.0605607;0.7;0.7
0.531112;1.86518;1.93932;-0.0332478;-1.90496;0.7;0.7
0.554869;1.92057;1.99911;0.00384147;0.2201;0.7;0.7
0.740445;1.94377;2.08002;0.0827109;4.73899;0.7;0.7
0.619443;1.72091;1.829;-0.018449;-1.05705;0.7;0.7
0.741535;1.94531;2.08185;0.0186757;1.07004;0.7;0.7
0.45467;1.63026;1.69248;-0.0922056;-5.28299;0.7;0.7
0.519046;2.17488;2.23595;-0.0377095;-2.1606;0.7;0.7
0.470581;1.96548;2.02103;0.000726506;0.0416257;0.7;0.7
0.333318;1.94778;1.9761;-0.0655142;-3.75368;0.7;0.7
0.334371;2.15197;2.17779;-0.0153386;-0.878835;0.7;0.7
0.541796;1.98435;2.05699;0.112391;6.43952;0.7;0.7
0.564683;1.95564;2.03553;0.0145625;0.834371;0.7;0.7
0.48095;1.99108;2.04834;-0.0440878;-2.52604;0.7;0.7
0.279512;1.84078;1.86188;-0.0863191;-4.94572;0.7;0.7
0.268071;2.1459;2.16258;-0.0264149;-1.51346;0.7;0.7
0.246396;1.97344;1.98876;-6.4732e-05;-0.00370887;0.7;0.7
0.0460344;2.11446;2.11496;-0.102446;-5.86972;0.7;0.7
-0.0247464;2.40233;2.40246;-0.0320684;-1.83738;0.7;0.7
0.0957905;2.06028;2.0625;0.0567612;3.25218;0.7;0.7
-0.0652764;2.06336;2.06439;-0.0780861;-4.474;0.7;0.7
-0.0839025;1.93167;1.93349;-0.0117825;-0.67509;0.7;0.7
-0.0892392;1.99782;1.99981;-0.00123058;-0.070507;0.7;0.7
-0.241068;2.10629;2.12004;-0.0693171;-3.97158;0.7;0.7
-0.239416;1.94546;1.96014;-0.00849234;-0.486575;0.7;0.7
-0.269786;1.9696;1.98799;-0.01368;-0.783805;0.7;0.7
-0.2935;1.93022;1.9524;-0.0147716;-0.846348;0.7;0.7
-0.334645;2.01624;2.04382;-0.0135762;-0.777857;0.7;0.7
-0.327866;1.96543;1.99259;-0.000818582;-0.0469013;0.7;0.7
-0.319407;1.77995;1.80839;-0.0122627;-0.702598;0.7;0.7
-0.285134;1.96281;1.98341;0.0332979;1.90783;0.7;0.7
-0.375942;1.80338;1.84215;-0.0612622;-3.51007;0.7;0.7
-0.368535;1.9409;1.97557;0.0178762;1.02423;0.7;0.7
-0.368307;1.83812;1.87465;-0.0101083;-0.579165;0.7;0.7
-0.564444;1.84977;1.93398;-0.0984141;-5.63871;0.7;0.7
-0.603458;1.94415;2.03565;-0.00479964;-0.274999;0.7;0.7
-0.628225;1.86284;1.96592;-0.0242956;-1.39203;0.7;0.7
-0.614363;1.80842;1.90993;-0.00222755;-0.127629;0.7;0.7
-0.618402;1.85341;1.95386;0.00544928;0.312221;0.7;0.7
-0.439304;1.8003;1.85312;0.0827007;4.7384;0.7;0.7
-0.474055;1.94447;2.00142;0.00020858;0.0119507;0.7;0.7
-0.556618;1.79598;1.88026;-0.0614045;-3.51822;0.7;0.7
-0.629644;1.74641;1.85645;-0.0454933;-2.60657;0.7;0.7
-0.676511;2.11985;2.22518;0.0371141;2.12648;0.7;0.7
-0.534019;1.92809;2.00068;0.0387213;2.21856;0.7;0.7
-0.487382;1.87878;1.94097;0.0163747;0.9382;0.7;0.7
-0.476089;1.85079;1.91104;0.00204266;0.117036;0.7;0.7
-0.578855;1.72195;1.81664;-0.0725187;-4.15501;0.7;0.7
-0.827678;1.89506;2.06792;-0.0874902;-5.01282;0.7;0.7
-0.759574;1.7964;1.95039;0.0117534;0.673417;0.7;0.7
-0.787854;1.90331;2.05993;0.00756777;0.433601;0.7;0.7
-0.700135;1.90633;2.03083;0.0404888;2.31984;0.7;0.7
-0.574335;1.84996;1.93706;0.0509517;2.91932;0.7;0.7
-0.741132;1.86587;2.00768;-0.0770693;-4.41575;0.7;0.7
-0.611216;1.77834;1.88044;0.047041;2.69525;0.7;0.7
-0.369982;1.84948;1.88612;0.133612;7.6554;0.7;0.7
-0.429699;2.0097;2.05513;-0.0132002;-0.756316;0.7;0.7
-0.444893;2.1278;2.17381;0.00452397;0.259204;0.7;0.7
-0.407103;1.85602;1.90015;-0.00980528;-0.561801;0.7;0.7
-0.669182;1.84736;1.96482;-0.131613;-7.54089;0.7;0.7
-0.680832;1.88198;2.00135;0.000419801;0.0240528;0.7;0.7
-0.718245;1.82928;1.96523;-0.0270282;-1.5486;0.7;0.7
-0.680378;1.79315;1.91789;0.0114924;0.658468;0.7;0.7
-0.709358;1.9067;2.03438;0.00648303;0.37145;0.7;0.7
-0.753364;1.75474;1.90963;-0.0493647;-2.82839;0.7;0.7
-0.749056;1.73965;1.89406;-0.00105418;-0.0604002;0.7;0.7
-0.755484;1.72871;1.88658;-0.00542228;-0.310674;0.7;0.7
-0.813878;1.76095;1.93994;-0.0209275;-1.19906;0.7;0.7
-0.806909;1.8493;2.01768;0.0215081;1.23232;0.7;0.7
-0.731886;1.73674;1.88466;0.0126003;0.721944;0.7;0.7
-0.608191;1.76289;1.86485;0.0666186;3.81696;0.7;0.7
-0.479309;1.98957;2.04649;0.0958041;5.48917;0.7;0.7
-0.732833;2.03572;2.16361;-0.109138;-6.25312;0.7;0.7
-0.711581;1.89558;2.02474;-0.0135682;-0.777399;0.7;0.7
-0.495111;1.89254;1.95623;0.103234;5.91488;0.7;0.7
-0.509677;1.91736;1.98394;-0.00393662;-0.225552;0.7;0.7
-0.513156;1.92877;1.99587;-0.000215354;-0.0123389;0.7;0.7
-0.70908;1.88308;2.01216;-0.100102;-5.73541;0.7;0.7
-0.966753;1.55701;1.83272;-0.195518;-11.2024;0.7;0.7
-0.95441;1.68031;1.93244;0.0390942;2.23993;0.7;0.7
-0.779189;1.91224;2.06489;0.129621;7.42676;0.7;0.7
-0.476146;1.96957;2.0263;0.149733;8.57908;0.7;0.7
-0.552886;1.78869;1.87219;-0.0625846;-3.58583;0.7;0.7
-0.636428;1.89401;1.99808;-0.0243823;-1.397;0.7;0.7
-0.596706;1.92765;2.01789;0.0239707;1.37342;0.7;0.7
-0.573359;1.76052;1.85153;-0.0146465;-0.839183;0.7;0.7
-0.451199;1.78249;1.83871;0.0669227;3.83439;0.7;0.7
-0.48868;1.95722;2.0173;0.0032422;0.185765;0.7;0.7
-0.378054;1.94354;1.97997;0.0525595;3.01144;0.7;0.7
-0.376723;1.96672;2.00248;0.00286273;0.164023;0.7;0.7
-0.216196;2.1457;2.15656;0.0888373;5.09;0.7;0.7
-0.262097;2.06853;2.08507;-0.0256162;-1.4677;0.7;0.7
0.02886;1.7804;1.78064;0.142244;8.14995;0.7;0.7
0.0233385;1.99495;1.99508;-0.00451008;-0.258408;0.7;0.7
0.103738;2.03584;2.03848;0.0392134;2.24676;0.7;0.7
0.0664737;1.99348;1.99459;-0.0175784;-1.00717;0.7;0.7
0.0360174;2.08441;2.08473;-0.0160556;-0.919918;0.7;0.7
0.00252427;1.9799;1.9799;-0.0160027;-0.916888;0.7;0.7
-0.0386438;2.11891;2.11927;-0.0195105;-1.11787;0.7;0.7
0.170888;1.88152;1.88926;0.108812;6.23446;0.7;0.7
-0.104821;1.90387;1.90675;-0.145578;-8.341;0.7;0.7
-0.119045;1.95111;1.95474;-0.00593692;-0.34016;0.7;0.7
-0.233413;2.05188;2.06512;-0.0523299;-2.99828;0.7;0.7
-0.194678;2.19559;2.2042;0.0248318;1.42275;0.7;0.7
0.0802334;2.18999;2.19146;0.125057;7.16522;0.7;0.7
-0.0117012;2.06914;2.06918;-0.0422751;-2.42219;0.7;0.7
-0.0183179;1.99423;1.99431;-0.00353018;-0.202264;0.7;0.7
0.0361139;1.94106;1.9414;0.0277883;1.59215;0.7;0.7
-0.105685;2.11066;2.11331;-0.0686334;-3.9324;0.7;0.7
-0.244325;2.09773;2.11191;-0.0659186;-3.77686;0.7;0.7
-0.128579;1.97799;1.98216;0.0510355;2.92412;0.7;0.7
-0.137365;1.99754;2.00226;-0.00374559;-0.214607;0.7;0.7
-0.334834;1.96346;1.99181;-0.100248;-5.74381;0.7;0.7
-0.338866;1.96443;1.99344;-0.00191259;-0.109583;0.7;0.7
-0.493851;1.94989;2.01146;-0.0772345;-4.42521;0.7;0.7
-0.516008;2.07388;2.13711;0.0041939;0.240293;0.7;0.7
-0.343242;1.85588;1.88735;0.0609788;3.49383;0.7;0.7
-0.242482;2.00464;2.01925;0.0625063;3.58135;0.7;0.7
-0.236715;1.95644;1.9707;-3.22143e-05;-0.00184574;0.7;0.7
-0.140542;2.01795;2.02284;0.0508743;2.91488;0.7;0.7
-0.207128;2.19872;2.20845;-0.0243934;-1.39764;0.7;0.7
-0.00425824;1.96939;1.9694;0.0917646;5.25772;0.7;0.7
0.25546;1.93125;1.94807;0.133676;7.65906;0.7;0.7
0.260234;1.98177;1.99878;-0.000946244;-0.0542158;0.7;0.7
0.305759;2.02668;2.04962;0.0191705;1.09839;0.7;0.7
0.344196;1.97595;2.00571;0.0227245;1.30202;0.7;0.7
0.267193;1.96218;1.98029;-0.0371229;-2.12698;0.7;0.7
0.269782;1.97239;1.99076;0.000596236;0.0341618;0.7;0.7
0.452074;1.74271;1.80039;0.117878;6.7539;0.7;0.7
0.464117;1.87816;1.93465;-0.0115535;-0.661966;0.7;0.7
0.48029;1.93947;1.99805;0.000496263;0.0284338;0.7;0.7
0.463918;1.98876;2.04215;-0.0135843;-0.778323;0.7;0.7
0.442085;1.92686;1.97692;-0.00364204;-0.208673;0.7;0.7
0.44764;1.94732;1.99811;0.00042021;0.0240762;0.7;0.7
0.503284;1.96872;2.03203;0.02433;1.39401;0.7;0.7
0.489149;1.92596;1.98711;-0.00156228;-0.0895119;0.7;0.7
0.6263;2.0275;2.12203;0.0508854;2.91552;0.7;0.7
0.801237;1.83663;2.0038;0.11176;6.4034;0.7;0.7
0.534255;1.64337;1.72803;-0.0970432;-5.56017;0.7;0.7
0.601639;1.96563;2.05565;-0.0172961;-0.990991;0.7;0.7
0.562497;1.9264;2.00684;-0.012929;-0.740779;0.7;0.7
0.589988;1.88565;1.9758;0.0191377;1.09651;0.7;0.7
0.656746;1.73236;1.85267;0.0591322;3.38803;0.7;0.7
0.750361;1.86787;2.01296;0.019622;1.12426;0.7;0.7
0.711297;1.84129;1.97391;-0.0133442;-0.764566;0.7;0.7
0.689058;1.82068;1.94671;-0.00684146;-0.391987;0.7;0.7
0.618726;2.01585;2.10867;-0.0639992;-3.66689;0.7;0.7
0.794355;2.04106;2.19019;0.0733484;4.20255;0.7;0.7
0.856124;1.81509;2.00687;0.0695765;3.98644;0.7;0.7
0.855273;1.8234;2.01402;-0.00214133;-0.122689;0.7;0.7
0.858441;1.79168;1.98672;0.0082235;0.471172;0.7;0.7
0.887992;1.83526;2.0388;0.00383632;0.219805;0.7;0.7
0.857438;2.02666;2.20058;-0.050403;-2.88788;0.7;0.7
0.789142;1.83387;1.99645;0.00612148;0.350735;0.7;0.7
0.799545;1.85548;2.02041;0.000502068;0.0287664;0.7;0.7
1.15506;1.60295;1.97575;0.21754;12.4641;0.7;0.7
1.16441;1.61601;1.99182;-2.26653e-05;-0.00129862;0.7;0.7
1.23324;1.71091;2.10905;0.000172796;0.00990046;0.7;0.7
1.0288;1.67265;1.96371;-0.0731291;-4.18999;0.7;0.7
1.02092;1.71424;1.99522;-0.0142851;-0.818476;0.7;0.7
1.08814;1.73555;2.04846;0.022876;1.3107;0.7;0.7
0.98588;1.6521;1.9239;-0.0219951;-1.26023;0.7;0.7
0.943394;1.73203;1.97229;-0.0392775;-2.25044;0.7;0.7
1.07751;1.60676;1.9346;0.0919835;5.27026;0.7;0.7
1.11743;1.70728;2.04046;-0.0111888;-0.64107;0.7;0.7
0.888243;1.74802;1.96075;-0.1094;-6.26815;0.7;0.7
0.998165;1.77095;2.03288;0.0431088;2.46995;0.7;0.7
0.864073;1.7584;1.95924;-0.056508;-3.23767;0.7;0.7
0.844554;1.90378;2.0827;-0.0392063;-2.24635;0.7;0.7
0.84055;1.83249;2.01607;0.0125256;0.717664;0.7;0.7
0.756653;1.74857;1.90526;-0.0216636;-1.24123;0.7;0.7
0.888998;1.85869;2.06035;0.0377346;2.16203;0.7;0.7
0.986166;1.8062;2.05788;0.0536281;3.07266;0.7;0.7
0.9033;1.62016;1.85496;0.00885321;0.507251;0.7;0.7
1.02395;1.67038;1.95925;0.0413167;2.36727;0.7;0.7
1.04762;1.7044;2.00062;0.00119505;0.0684714;0.7;0.7
1.04174;1.70223;1.99569;-0.00193864;-0.111076;0.7;0.7
1.14269;1.53146;1.91079;0.0918428;5.2622;0.7;0.7
1.49471;1.70927;2.27063;0.0775035;4.44062;0.7;0.7
1.31291;1.51093;2.00165;-0.00314404;-0.18014;0.7;0.7
1.34489;1.61639;2.10273;-0.0214175;-1.22713;0.7;0.7
1.31562;1.46446;1.96864;0.037941;2.17386;0.7;0.7
1.49027;1.61673;2.1988;0.0128081;0.733848;0.7;0.7
1.39436;1.56886;2.09894;-0.0181417;-1.03944;0.7;0.7
1.53407;1.58146;2.20327;0.0436135;2.49887;0.7;0.7
1.50771;1.4142;2.06716;0.0471978;2.70423;0.7;0.7
1.47548;1.5679;2.15299;-0.0623506;-3.57243;0.7;0.7
1.42403;1.44623;2.02964;0.0226269;1.29643;0.7;0.7
1.49243;1.39228;2.04103;0.0424367;2.43145;0.7;0.7
1.46196;1.37702;2.00836;-0.00479109;-0.274509;0.7;0.7
1.4914;1.34012;2.00504;0.0234642;1.3444;0.7;0.7
1.49915;1.28752;1.97615;0.0224216;1.28466;0.7;0.7
1.37686;1.38342;1.95182;-0.0781749;-4.47909;0.7;0.7
1.46072;1.4428;2.05314;0.00855027;0.489894;0.7;0.7
1.47842;1.45928;2.07731;0.000340451;0.0195064;0.7;0.7
1.34478;1.40929;1.94796;-0.0299322;-1.71499;0.7;0.7
1.25064;1.33981;1.83281;-0.0109945;-0.629939;0.7;0.7
1.49821;1.5147;2.13048;0.0289374;1.65799;0.7;0.7
1.46625;1.29225;1.95443;0.0684698;3.92303;0.7;0.7
1.5461;1.19335;1.95308;0.0650666;3.72804;0.7;0.7
1.61357;1.10163;1.95376;0.0582948;3.34005;0.7;0.7
1.76616;1.24221;2.15926;-0.013921;-0.797616;0.7;0.7
1.70456;1.24428;2.11039;-0.0175972;-1.00825;0.7;0.7
1.47382;1.11707;1.84932;-0.0180027;-1.03148;0.7;0.7
1.59665;1.19718;1.99563;0.00518435;0.297041;0.7;0.7
1.59672;1.20379;1.99966;-0.00262465;-0.150381;0.7;0.7
1.45637;1.25273;1.92103;-0.0643663;-3.68792;0.7;0.7
1.82511;1.71714;2.50591;-0.0445592;-2.55305;0.7;0.7
1.51797;1.41815;2.07735;0.00351463;0.201373;0.7;0.7
1.57087;1.26443;2.01653;0.0736792;4.22151;0.7;0.7
1.50668;1.24407;1.95392;-0.0124839;-0.715274;0.7;0.7
1.60714;0.990749;1.88799;0.13778;7.8942;0.7;0.7
1.93954;0.933914;2.15268;0.10369;5.94099;0.7;0.7
1.83205;0.834856;2.01331;0.02117;1.21295;0.7;0.7
1.81997;0.823439;1.99758;0.00269236;0.154261;0.7;0.7
1.787;0.923157;2.01136;-0.0519499;-2.97651;0.7;0.7
1.9061;0.880422;2.09961;0.044133;2.52863;0.7;0.7
1.69055;0.98778;1.95798;-0.0960868;-5.50537;0.7;0.7
1.67539;1.06767;1.98667;-0.0385807;-2.21051;0.7;0.7
1.75847;1.05661;2.0515;0.0263111;1.50751;0.7;0.7
1.77408;0.960046;2.01719;0.0450367;2.58041;0.7;0.7
1.73732;1.03061;2.02001;-0.0393954;-2.25719;0.7;0.7
1.46107;0.942097;1.73847;-0.0372925;-2.1367;0.7;0.7
1.76039;0.997845;2.02353;0.0570367;3.26796;0.7;0.7
1.56808;0.996521;1.85794;-0.0504422;-2.89012;0.7;0.7
1.62974;0.880752;1.8525;0.0706541;4.04818;0.7;0.7
1.72218;0.942193;1.96307;-0.0051459;-0.294839;0.7;0.7
1.85961;1.42091;2.34033;-0.151848;-8.70028;0.7;0.7
1.58866;1.20977;1.99685;0.0016358;0.0937243;0.7;0.7
1.70591;1.36205;2.18296;-0.0229638;-1.31573;0.7;0.7
1.67167;1.1871;2.05029;0.0562921;3.2253;0.7;0.7
1.55973;1.17159;1.95074;-0.0267405;-1.53212;0.7;0.7
1.57459;1.38998;2.10033;-0.0789714;-4.52473;0.7;0.7
1.47586;1.32428;1.98289;-0.00811386;-0.46489;0.7;0.7
1.14215;1.41719;1.82015;-0.161134;-9.23231;0.7;0.7
1.082;1.61408;1.94319;-0.0877936;-5.0302;0.7;0.7
1.25089;1.63457;2.05829;0.0626553;3.58988;0.7;0.7
1.26124;1.50368;1.96259;0.0447328;2.563;0.7;0.7
1.28178;1.51892;1.98749;0.00299059;0.171348;0.7;0.7
1.31303;1.62473;2.08897;-0.0212379;-1.21684;0.7;0.7
1.30061;1.60413;2.06514;0.00159256;0.0912472;0.7;0.7
1.33587;1.69028;2.15444;-0.0124712;-0.714549;0.7;0.7
1.25483;1.60537;2.0376;-0.00536577;-0.307436;0.7;0.7
1.32942;1.38769;1.92172;0.100508;5.75869;0.7;0.7
1.20238;1.35106;1.80862;-0.036719;-2.10385;0.7;0.7
1.31527;1.63708;2.09999;-0.0504116;-2.88837;0.7;0.7
1.3014;1.6207;2.07854;-0.000267038;-0.0153001;0.7;0.7
1.2652;1.54848;1.99963;0.00850169;0.487111;0.7;0.7
1.26645;1.41184;1.89663;0.0461075;2.64177;0.7;0.7
1.22006;1.44641;1.89226;-0.0304502;-1.74467;0.7;0.7
1.16598;1.40889;1.8288;-0.00937827;-0.537335;0.7;0.7
1.17156;1.68131;2.04923;-0.0827543;-4.74147;0.7;0.7
1.20027;1.70042;2.08136;0.00607155;0.347874;0.7;0.7
1.26449;1.62938;2.06248;0.0453128;2.59623;0.7;0.7
1.14658;1.60527;1.9727;-0.0397364;-2.27673;0.7;0.7
1.29528;1.50826;1.98811;0.0893465;5.11918;0.7;0.7
1.30047;1.56246;2.03285;-0.0154366;-0.884451;0.7;0.7
1.38826;1.46591;2.01895;0.0640579;3.67025;0.7;0.7
1.13464;1.27251;1.7049;-0.0300131;-1.71962;0.7;0.7
1.06862;1.31794;1.69674;-0.0468786;-2.68594;0.7;0.7
1.26301;1.57269;2.01707;-0.00468734;-0.268565;0.7;0.7
1.23784;1.57063;1.99978;-0.00916686;-0.525222;0.7;0.7
0.852389;1.55328;1.7718;-0.165558;-9.48579;0.7;0.7
0.765792;1.99317;2.13522;-0.135075;-7.73924;0.7;0.7
0.65369;2.10363;2.20286;-0.0655361;-3.75494;0.7;0.7
0.590028;1.95981;2.0467;-0.00885062;-0.507103;0.7;0.7
0.500636;1.84519;1.9119;-0.027492;-1.57517;0.7;0.7
0.620627;1.83089;1.93322;0.0618786;3.54538;0.7;0.7
0.579164;2.04338;2.12387;-0.0506291;-2.90083;0.7;0.7
0.548101;1.90882;1.98595;0.00342791;0.196405;0.7;0.7
0.721599;1.93081;2.06124;0.0780382;4.47126;0.7;0.7
0.803382;1.79767;1.96902;0.0626174;3.58771;0.7;0.7
0.923405;1.84579;2.06389;0.0435941;2.49776;0.7;0.7
0.973372;1.90283;2.13734;0.00896749;0.513799;0.7;0.7
0.950331;1.77085;2.00973;0.0197031;1.1289;0.7;0.7
0.964706;1.79426;2.03716;0.00078227;0.0448208;0.7;0.7
0.644153;1.77666;1.88983;-0.145497;-8.33636;0.7;0.7
0.624961;1.84793;1.95075;-0.0217033;-1.24351;0.7;0.7
0.817904;2.08795;2.24243;0.0472326;2.70623;0.7;0.7
0.733892;1.86512;2.00432;0.00152147;0.0871737;0.7;0.7
0.781359;1.77578;1.94008;0.0396399;2.2712;0.7;0.7
0.590139;1.94257;2.03023;-0.119581;-6.85151;0.7;0.7
0.777795;2.00334;2.14903;0.0754025;4.32025;0.7;0.7
0.879466;1.79266;1.99677;0.0857582;4.91359;0.7;0.7
0.885678;1.77859;1.98691;0.00592604;0.339537;0.7;0.7
0.899076;1.78756;2.00093;0.00399539;0.228919;0.7;0.7
0.982548;1.8856;2.12624;0.0143533;0.822382;0.7;0.7
0.947402;1.77546;2.01241;0.00980446;0.561754;0.7;0.7
0.995971;1.74399;2.00835;0.028716;1.6453;0.7;0.7
1.0638;1.69433;2.00061;0.0417631;2.39285;0.7;0.7
1.07849;1.77233;2.07468;-0.0139929;-0.801736;0.7;0.7
0.935173;1.68054;1.92322;-0.0388608;-2.22656;0.7;0.7
1.07971;1.84464;2.1374;0.0217599;1.24675;0.7;0.7
0.999955;1.68714;1.96121;0.00546945;0.313377;0.7;0.7
0.826387;1.8179;1.99692;-0.108369;-6.20908;0.7;0.7
0.873107;1.77382;1.97706;0.0307432;1.76145;0.7;0.7
0.889237;1.78783;1.99677;0.00414995;0.237775;0.7;0.7
0.982999;1.89359;2.13354;0.0172732;0.989681;0.7;0.7
0.710815;1.7095;1.85139;-0.0847708;-4.85701;0.7;0.7
0.72268;1.82663;1.9644;-0.0173168;-0.992182;0.7;0.7
0.57617;1.60006;1.70064;-0.0310998;-1.78189;0.7;0.7
0.604474;2.00964;2.09858;-0.0534595;-3.06301;0.7;0.7
0.498108;2.09623;2.1546;-0.0588837;-3.37379;0.7;0.7
0.520967;1.88675;1.95735;0.0361116;2.06904;0.7;0.7
0.604311;1.96654;2.0573;0.0287312;1.64617;0.7;0.7
0.598454;1.93815;2.02844;0.0013512;0.0774179;0.7;0.7
0.601003;1.90769;2.00012;0.00571042;0.327183;0.7;0.7
0.636756;1.84717;1.95384;0.0267641;1.53347;0.7;0.7
0.483712;2.01205;2.06937;-0.0960322;-5.50224;0.7;0.7
0.585517;2.12812;2.2072;0.0325589;1.86549;0.7;0.7
0.617319;2.03418;2.12578;0.0261509;1.49834;0.7;0.7
0.48806;1.93169;1.99239;-0.0471606;-2.70211;0.7;0.7
0.475288;1.97411;2.03052;-0.0112161;-0.642633;0.7;0.7
0.550161;1.9726;2.04789;0.0357256;2.04693;0.7;0.7
0.653174;1.76782;1.88463;0.0819327;4.6944;0.7;0.7
0.762001;1.89857;2.04578;0.0277516;1.59005;0.7;0.7
0.764992;1.9557;2.09999;-0.00881085;-0.504824;0.7;0.7
0.752262;1.93554;2.07658;-0.00217191;-0.124441;0.7;0.7
0.929393;1.73659;1.96965;0.120705;6.91589;0.7;0.7
0.939048;1.75648;1.99174;-0.000438238;-0.0251092;0.7;0.7
0.944683;1.75954;1.9971;0.00176516;0.101136;0.7;0.7
0.854755;2.03225;2.20469;-0.094589;-5.41955;0.7;0.7
1.12235;1.99758;2.29128;0.113766;6.51831;0.7;0.7
0.983254;1.76568;2.02099;-0.0037975;-0.21758;0.7;0.7
0.89793;1.65303;1.88116;-0.0104918;-0.601136;0.7;0.7
0.932797;1.75958;1.99154;-0.0101549;-0.581833;0.7;0.7
0.9438;1.65196;1.90256;0.03161;1.81112;0.7;0.7
0.996107;1.69108;1.96264;0.0132541;0.759405;0.7;0.7
1.07169;1.80033;2.09516;0.00461548;0.264448;0.7;0.7
1.0301;1.71278;1.99868;0.00453001;0.25955;0.7;0.7
0.968114;1.7709;2.01825;-0.0411755;-2.35918;0.7;0.7
1.0296;1.72852;2.01193;0.0369268;2.11575;0.7;0.7
1.02576;1.80247;2.0739;-0.0198362;-1.13653;0.7;0.7
0.942306;1.69165;1.9364;-0.00915387;-0.524478;0.7;0.7
1.28038;1.82702;2.231;0.103038;5.90363;0.7;0.7
1.20936;1.55087;1.96666;0.0510328;2.92396;0.7;0.7
1.31859;1.63694;2.10196;0.0158018;0.905374;0.7;0.7
1.1674;1.31883;1.76129;0.046466;2.6623;0.7;0.7
1.24504;1.63343;2.05383;-0.0732846;-4.1989;0.7;0.7
1.22963;1.41298;1.8731;0.0648462;3.71541;0.7;0.7
1.21103;1.442;1.88307;-0.0175707;-1.00673;0.7;0.7
1.28335;1.55601;2.01696;-0.00889259;-0.509508;0.7;0.7
1.27124;1.5295;1.98883;0.00378408;0.216812;0.7;0.7
1.25132;1.53246;1.97845;-0.00869997;-0.498471;0.7;0.7
1.22635;1.56909;1.99148;-0.0213464;-1.22306;0.7;0.7
1.23292;1.60489;2.0238;-0.00833497;-0.477559;0.7;0.7
1.42283;1.78117;2.27969;0.0189536;1.08596;0.7;0.7
1.28343;1.5884;2.04211;0.00558369;0.319922;0.7;0.7
1.40383;1.32665;1.93151;0.134051;7.68058;0.7;0.7
1.45263;1.3572;1.988;0.00569303;0.326187;0.7;0.7
1.70099;1.54509;2.29797;0.0140397;0.804413;0.7;0.7
1.62864;1.24051;2.04727;0.0864699;4.95436;0.7;0.7
1.69078;1.13924;2.03877;0.0580163;3.32409;0.7;0.7
1.63458;1.13721;1.99125;-0.0149282;-0.855323;0.7;0.7
1.69206;1.04248;1.98741;0.0556783;3.19013;0.7;0.7
1.62452;1.02283;1.9197;-0.00973874;-0.557989;0.7;0.7
1.6772;1.04359;1.97537;0.00531102;0.304299;0.7;0.7
1.61728;0.963076;1.88232;0.0195034;1.11746;0.7;0.7
1.76589;1.09652;2.07863;-0.0185803;-1.06457;0.7;0.7
1.75984;0.935254;1.99292;0.0671926;3.84985;0.7;0.7
2.04598;0.865991;2.22171;0.0880853;5.04692;0.7;0.7
1.97391;0.951996;2.19149;-0.0489789;-2.80628;0.7;0.7
1.88952;0.866611;2.07878;0.0193628;1.10941;0.7;0.7
1.80694;0.817192;1.98314;0.00529044;0.30312;0.7;0.7
1.75271;0.863393;1.95383;-0.0329878;-1.89006;0.7;0.7
1.84445;0.660131;1.95903;0.114017;6.53271;0.7;0.7
1.92306;0.678479;2.03924;0.00451733;0.258824;0.7;0.7
1.86162;0.653628;1.97303;0.0015176;0.086952;0.7;0.7
1.87004;0.685393;1.99169;-0.0136479;-0.781968;0.7;0.7
1.7089;0.626091;1.81998;0.000123958;0.00710225;0.7;0.7
1.89763;0.689646;2.01906;0.0026007;0.149009;0.7;0.7
1.88376;0.683588;2.00395;0.000476146;0.0272811;0.7;0.7
2.04846;0.74697;2.1804;-0.00155792;-0.089262;0.7;0.7
1.94933;0.592426;2.03737;0.0546235;3.1297;0.7;0.7
1.88435;0.574214;1.9699;-0.00074649;-0.0427707;0.7;0.7
1.90188;0.554797;1.98115;0.0119552;0.684985;0.7;0.7
1.93679;0.579696;2.02168;-0.00698781;-0.400372;0.7;0.7
2.00515;0.476134;2.0609;0.0576829;3.30499;0.7;0.7
2.00275;0.477477;2.05888;-0.000903595;-0.0517722;0.7;0.7
1.95276;0.491512;2.01367;-0.0125365;-0.718286;0.7;0.7
2.14481;0.344451;2.17229;0.0873403;5.00423;0.7;0.7
1.92452;0.532242;1.99676;-0.110576;-6.33556;0.7;0.7
1.93763;0.543567;2.01243;-0.00368784;-0.211298;0.7;0.7
1.8753;0.595207;1.96749;-0.0338346;-1.93858;0.7;0.7
1.91024;0.612475;2.00603;-0.00293494;-0.16816;0.7;0.7
2.08517;0.445891;2.13231;0.0996053;5.70697;0.7;0.7
1.91003;0.276077;1.92988;0.0671198;3.84568;0.7;0.7
2.08373;0.149348;2.08908;0.0719954;4.12503;0.7;0.7
1.93883;0.22952;1.95237;-0.0462808;-2.6517;0.7;0.7
1.94162;0.329738;1.96942;-0.0503893;-2.88709;0.7;0.7
1.87649;0.323685;1.9042;-0.00259318;-0.148578;0.7;0.7
2.03362;0.412358;2.075;-0.0292437;-1.67554;0.7;0.7
1.95831;0.145392;1.9637;0.12595;7.21642;0.7;0.7
2.05125;0.144406;2.05633;0.00382489;0.21915;0.7;0.7
1.98292;0.0156646;1.98299;0.0623834;3.5743;0.7;0.7
2.1369;0.0718273;2.13811;-0.0257006;-1.47254;0.7;0.7
2.1545;0.0198633;2.15459;0.024381;1.39693;0.7;0.7
1.97954;0.142246;1.98464;-0.0625158;-3.58189;0.7;0.7
2.03726;0.123914;2.04102;0.0109859;0.629444;0.7;0.7
2.05362;0.0168867;2.05369;0.0525264;3.00954;0.7;0.7
1.88543;-0.0538194;1.8862;0.0367599;2.10619;0.7;0.7
1.81889;-0.0601512;1.81988;0.00452105;0.259037;0.7;0.7
2.00942;0.0711806;2.01068;-0.0684669;-3.92286;0.7;0.7
1.88382;0.0704093;1.88514;-0.0019498;-0.111715;0.7;0.7
2.02439;0.109233;2.02733;-0.0165477;-0.948112;0.7;0.7
1.8754;0.112708;1.87878;-0.00611973;-0.350635;0.7;0.7
1.99633;0.172205;2.00374;-0.026022;-1.49095;0.7;0.7
2.1487;0.194256;2.15746;-0.00411366;-0.235696;0.7;0.7
1.85791;0.279152;1.87877;-0.0589732;-3.37892;0.7;0.7
1.91213;0.23437;1.92644;0.0271729;1.55689;0.7;0.7
2.0018;0.243176;2.01651;0.00107524;0.0616068;0.7;0.7
2.00147;0.195815;2.01103;0.0233613;1.3385;0.7;0.7
1.86015;0.0951635;1.86259;0.0464109;2.65915;0.7;0.7
2.13787;0.125591;2.14156;-0.0075642;-0.433397;0.7;0.7
2.0159;0.0795085;2.01746;0.0192582;1.10342;0.7;0.7
1.99576;0.0931777;1.99793;-0.00723378;-0.414465;0.7;0.7
1.90879;0.0929246;1.91105;-0.00199;-0.114019;0.7;0.7
2.1419;0.105371;2.14449;-0.000511223;-0.0292909;0.7;0.7
2.37471;0.107688;2.37715;0.00383843;0.219926;0.7;0.7
1.98957;0.120498;1.99322;-0.0151739;-0.869402;0.7;0.7
1.94581;0.0177614;1.94589;0.051363;2.94288;0.7;0.7
1.9604;0.0568519;1.96123;-0.0198642;-1.13813;0.7;0.7
2.14794;0.0102753;2.14797;0.0242082;1.38703;0.7;0.7
1.96872;-0.0223634;1.96884;0.0161427;0.924906;0.7;0.7
2.09122;0.0952798;2.09339;-0.0568892;-3.25951;0.7;0.7
1.97075;0.138934;1.97564;-0.0248511;-1.42386;0.7;0.7
2.10893;0.271426;2.12632;-0.0576182;-3.30128;0.7;0.7
2.02663;0.214035;2.0379;0.0227782;1.3051;0.7;0.7
2.12709;0.144631;2.132;0.0373309;2.1389;0.7;0.7
2.066;0.0967324;2.06826;0.0211035;1.20914;0.7;0.7
1.95994;0.0792472;1.96154;0.00637555;0.365292;0.7;0.7
1.95552;0.103495;1.95825;-0.0124639;-0.714126;0.7;0.7
1.99971;0.09133;2.00179;0.00723532;0.414553;0.7;0.7
2.03489;0.103181;2.03751;-0.00502244;-0.287765;0.7;0.7
2.01452;0.102931;2.01715;-0.000387427;-0.0221979;0.7;0.7
1.86578;0.120331;1.86965;-0.0133549;-0.76518;0.7;0.7
1.94799;0.121671;1.95178;0.00202623;0.116095;0.7;0.7
2.00816;0.0673282;2.00928;0.0288637;1.65377;0.7;0.7
2.24235;0.0772597;2.24368;-0.000926387;-0.0530781;0.7;0.7
2.16899;0.074499;2.17027;0.000107377;0.00615222;0.7;0.7
1.96112;0.0259273;1.96129;0.0211139;1.20974;0.7;0.7
1.8874;0.201134;1.89808;-0.0929462;-5.32542;0.7;0.7
2.14961;0.249275;2.16401;-0.00928135;-0.531782;0.7;0.7
1.972;0.224432;1.98473;0.00212534;0.121773;0.7;0.7
2.20802;0.400453;2.24404;-0.0660907;-3.78672;0.7;0.7
2.0281;0.487694;2.08592;-0.0565745;-3.24148;0.7;0.7
2.00656;0.687618;2.12111;-0.0941556;-5.39472;0.7;0.7
1.88447;0.631208;1.98737;0.00693595;0.397401;0.7;0.7
1.84657;0.526133;1.92006;0.0456372;2.61482;0.7;0.7
2.08151;0.383991;2.11663;0.0951437;5.45133;0.7;0.7
2.18299;0.246497;2.19687;0.0699853;4.00986;0.7;0.7
1.98461;0.176427;1.99244;0.0237765;1.3623;0.7;0.7
1.87711;0.151721;1.88323;0.0080126;0.459088;0.7;0.7
1.99257;0.162736;1.99921;-0.000838817;-0.0480606;0.7;0.7
1.88653;0.163801;1.89363;-0.00511904;-0.293299;0.7;0.7
1.98782;0.354585;2.0192;-0.0899128;-5.15162;0.7;0.7
2.07079;0.305476;2.0932;0.0300625;1.72245;0.7;0.7
1.90282;0.293403;1.92531;-0.00652914;-0.374092;0.7;0.7
2.11044;0.273845;2.12813;0.0239526;1.37238;0.7;0.7
1.99066;0.269911;2.00888;-0.00573029;-0.328322;0.7;0.7
2.10035;0.207811;2.11061;0.0361466;2.07105;0.7;0.7
2.13038;0.291639;2.15025;-0.0374295;-2.14455;0.7;0.7
2.1539;0.125179;2.15754;0.0779976;4.46893;0.7;0.7
2.098;0.000946291;2.098;0.0576009;3.30029;0.7;0.7
1.89858;0.1006;1.90125;-0.0524863;-3.00724;0.7;0.7
1.96036;0.160162;1.96689;-0.0285821;-1.63763;0.7;0.7
1.99372;-0.0529173;1.99443;0.108055;6.1911;0.7;0.7
1.96041;-0.143328;1.96565;0.0464453;2.66112;0.7;0.7
2.04692;-0.267957;2.06439;0.0571858;3.27651;0.7;0.7
1.96515;-0.213793;1.97675;-0.0218011;-1.24911;0.7;0.7
2.00146;-0.23508;2.01521;0.008553;0.490051;0.7;0.7
1.88144;-0.167558;1.88889;-0.0280951;-1.60973;0.7;0.7
1.90397;-0.124426;1.90803;-0.0235659;-1.35023;0.7;0.7
2.03641;-0.179598;2.04431;0.0227079;1.30107;0.7;0.7
1.96227;-0.129834;1.96656;-0.0218971;-1.25461;0.7;0.7
1.64564;-0.0998266;1.64866;-0.00548147;-0.314065;0.7;0.7
1.99973;-0.00753994;1.99974;-0.0568167;-3.25536;0.7;0.7
2.01979;-0.00607644;2.0198;-0.000762023;-0.0436607;0.7;0.7
2.04507;-0.00862792;2.04508;0.00121043;0.0693524;0.7;0.7
1.88826;0.0974781;1.89077;-0.0557965;-3.1969;0.7;0.7
1.9392;0.14581;1.94468;-0.023472;-1.34485;0.7;0.7
1.93824;0.139537;1.94326;0.00318229;0.182332;0.7;0.7
2.20955;0.14;2.21398;0.0085905;0.492199;0.7;0.7
2.04856;0.121701;2.05217;0.00393835;0.225651;0.7;0.7
1.99642;0.118916;1.99996;-0.000155944;-0.00893494;0.7;0.7
2.24365;-0.101996;2.24597;0.104923;6.01165;0.7;0.7
1.98644;-0.0917546;1.98856;0.00072886;0.0417606;0.7;0.7
2.04418;-0.200357;2.05397;0.0515438;2.95324;0.7;0.7
1.91269;-0.187143;1.92182;-0.000168961;-0.00968073;0.7;0.7
2.09427;-0.293885;2.11479;0.0418854;2.39986;0.7;0.7
2.18494;-0.33276;2.21013;0.0117183;0.671411;0.7;0.7
2.10019;-0.394293;2.13688;0.0344456;1.97359;0.7;0.7
1.94978;-0.427056;1.996;0.030041;1.72122;0.7;0.7
1.95073;-0.545044;2.02545;0.0568336;3.25632;0.7;0.7
1.99192;-0.597737;2.07967;0.0190752;1.09293;0.7;0.7
2.0491;-0.618868;2.14051;0.00177719;0.101825;0.7;0.7
1.9241;-0.505029;1.98928;-0.0366234;-2.09837;0.7;0.7
1.80577;-0.413786;1.85257;-0.0314273;-1.80065;0.7;0.7
1.83076;-0.44551;1.88419;0.0134487;0.770555;0.7;0.7
2.0861;-0.453343;2.13479;-0.0247172;-1.41619;0.7;0.7
2.01597;-0.550058;2.08966;0.0523775;3.00101;0.7;0.7
1.7638;-0.435293;1.81672;-0.0244097;-1.39857;0.7;0.7
2.13325;-0.563937;2.20653;0.0164865;0.944607;0.7;0.7
2.13155;-0.567025;2.20568;0.00155027;0.0888238;0.7;0.7
2.05224;-0.637597;2.14901;0.0412346;2.36257;0.7;0.7
1.98534;-0.570163;2.06559;-0.0215681;-1.23576;0.7;0.7
2.04408;-0.522057;2.10969;-0.0296064;-1.69632;0.7;0.7
2.01065;-0.295275;2.03221;-0.104241;-5.97256;0.7;0.7
2.11493;-0.253514;2.13007;-0.0265139;-1.51914;0.7;0.7
1.99174;-0.235236;2.00558;-0.0017377;-0.0995628;0.7;0.7
1.95286;-0.293485;1.97479;0.0316062;1.8109;0.7;0.7
2.10097;-0.288483;2.12068;-0.0127116;-0.72832;0.7;0.7
1.75162;-0.174971;1.76034;-0.0368955;-2.11396;0.7;0.7
2.10451;-0.308507;2.127;0.0459961;2.63538;0.7;0.7
2.02358;-0.306307;2.04663;0.00467112;0.267635;0.7;0.7
2.03242;-0.219051;2.04419;-0.0428644;-2.45595;0.7;0.7
1.96827;-0.438694;2.01657;0.111935;6.41338;0.7;0.7
2.02637;-0.25828;2.04276;-0.092522;-5.30112;0.7;0.7
1.99523;-0.243763;2.01006;-0.00520561;-0.29826;0.7;0.7
1.92548;-0.228056;1.93894;-0.00367843;-0.210759;0.7;0.7
1.98491;-0.13806;1.9897;-0.0484492;-2.77593;0.7;0.7
2.12615;-0.188366;2.13447;0.0189213;1.08411;0.7;0.7
2.26321;-0.159255;2.2688;-0.0181131;-1.0378;0.7;0.7
1.99435;-0.142621;1.99944;0.00113956;0.0652919;0.7;0.7
2.08527;-0.00639233;2.08528;-0.0683252;-3.91475;0.7;0.7
2.00799;-0.0261435;2.00816;0.00995354;0.570296;0.7;0.7
2.00832;-0.0165828;2.00839;-0.00476213;-0.27285;0.7;0.7
1.98869;0.000886728;1.98869;-0.00870275;-0.498631;0.7;0.7
1.99998;0.00134269;1.99998;-0.000225469;-0.0129184;0.7;0.7
1.99163;-0.00808567;1.99164;0.00473116;0.271076;0.7;0.7
1.97675;-0.0199523;1.97685;0.00603337;0.345687;0.7;0.7
1.97081;-0.00946971;1.97083;-0.00528823;-0.302993;0.7;0.7
1.76021;-0.198605;1.77137;0.10755;6.16218;0.7;0.7
2.07734;-0.0861761;2.07912;-0.0708952;-4.06199;0.7;0.7
1.78826;-0.0727584;1.78974;-0.000795833;-0.0455979;0.7;0.7
2.0983;0.0915018;2.1003;-0.0842442;-4.82684;0.7;0.7
2.10137;0.19674;2.11056;-0.0497727;-2.85177;0.7;0.7
1.89425;0.0868317;1.89624;0.047545;2.72413;0.7;0.7
1.92775;0.323293;1.95467;-0.120351;-6.89558;0.7;0.7
1.84442;0.376049;1.88237;-0.0349699;-2.00363;0.7;0.7
1.67869;0.466742;1.74236;-0.0700621;-4.01426;0.7;0.7
1.88111;0.591006;1.97177;-0.0332241;-1.9036;0.7;0.7
1.92811;0.605457;2.02094;0.000149105;0.00854308;0.7;0.7
1.93791;0.501037;2.00163;0.0512603;2.937;0.7;0.7
1.89874;0.700862;2.02396;-0.1006;-5.76395;0.7;0.7
1.81879;0.636448;1.92693;0.0169936;0.97366;0.7;0.7
1.85939;0.625424;1.96175;0.0121388;0.6955;0.7;0.7
2.09232;0.583726;2.17222;0.0524056;3.00262;0.7;0.7
2.03021;0.52116;2.09603;0.0207898;1.19117;0.7;0.7
2.0382;0.397242;2.07655;0.0587918;3.36852;0.7;0.7
1.84108;0.48495;1.90388;-0.0650692;-3.72819;0.7;0.7
2.16305;0.682047;2.26803;-0.0478951;-2.74419;0.7;0.7
1.80151;0.614354;1.90339;-0.0232037;-1.32947;0.7;0.7
2.08296;0.650549;2.18218;0.0259324;1.48582;0.7;0.7
1.90563;0.894734;2.10522;-0.136249;-7.80647;0.7;0.7
1.7619;0.850835;1.95658;-0.0109119;-0.625203;0.7;0.7
1.90698;0.811206;2.07235;0.047683;2.73203;0.7;0.7
1.839;0.787662;2.00058;-0.00247285;-0.141684;0.7;0.7
1.90676;0.842657;2.08466;-0.0114533;-0.656225;0.7;0.7
1.79621;0.820938;1.97492;-0.0125683;-0.720108;0.7;0.7
1.70659;0.79954;1.8846;-0.00944074;-0.540914;0.7;0.7
1.65978;0.837965;1.85932;-0.0293987;-1.68442;0.7;0.7
1.83771;1.02946;2.10641;-0.0430974;-2.4693;0.7;0.7
1.83328;1.12372;2.15027;-0.03926;-2.24943;0.7;0.7
1.69276;1.05965;1.99707;-0.00942329;-0.539915;0.7;0.7
1.71858;1.04477;2.01123;0.0130872;0.74984;0.7;0.7
1.71932;1.1147;2.04905;-0.0289788;-1.66036;0.7;0.7
1.67349;1.08864;1.99642;-0.0015362;-0.0880179;0.7;0.7
1.81905;1.0919;2.1216;0.0361322;2.07022;0.7;0.7
1.77014;0.980314;2.02346;0.0348477;1.99663;0.7;0.7
1.7891;1.14994;2.12679;-0.0654978;-3.75275;0.7;0.7
1.40309;0.97253;1.70718;-0.0348447;-1.99645;0.7;0.7
1.76259;1.15312;2.10628;0.0267696;1.53379;0.7;0.7
1.72732;1.13239;2.06541;-0.000951005;-0.0544886;0.7;0.7
1.72969;1.13635;2.06957;-0.000973215;-0.0557611;0.7;0.7
1.73182;1.08814;2.0453;0.020275;1.16167;0.7;0.7
1.6648;1.15542;2.02647;-0.0457221;-2.61968;0.7;0.7
1.67848;1.21469;2.0719;-0.0197403;-1.13104;0.7;0.7
1.53704;1.13054;1.90804;-0.00773239;-0.443033;0.7;0.7
1.57867;1.21361;1.99124;-0.0212167;-1.21563;0.7;0.7
1.56183;1.19696;1.96775;0.00149151;0.0854571;0.7;0.7
1.69739;1.29536;2.13521;0.00204069;0.116923;0.7;0.7
1.53916;1.34357;2.04308;-0.0657891;-3.76944;0.7;0.7
1.52719;1.29169;2.0002;0.0156028;0.893977;0.7;0.7
1.53752;1.33747;2.03784;-0.0138791;-0.795216;0.7;0.7
1.2601;1.48569;1.94811;-0.151446;-8.67719;0.7;0.7
1.26461;1.64909;2.07816;-0.0492228;-2.82026;0.7;0.7
1.21747;1.58823;2.00117;-0.000184602;-0.0105769;0.7;0.7
1.21526;1.54439;1.9652;0.012679;0.726451;0.7;0.7
1.22355;1.57662;1.9957;-0.00672352;-0.385229;0.7;0.7
1.28505;1.55147;2.01455;0.0317793;1.82082;0.7;0.7
1.29217;1.54688;2.01558;0.00417328;0.239111;0.7;0.7
1.42946;1.52219;2.08816;0.0580688;3.3271;0.7;0.7
1.42243;1.33492;1.95072;0.0631331;3.61726;0.7;0.7
1.46903;1.34058;1.98877;0.0139567;0.799658;0.7;0.7
1.68625;1.14767;2.03976;0.142124;8.14313;0.7;0.7
1.48562;1.07627;1.83451;-0.0293651;-1.6825;0.7;0.7
1.68196;1.26477;2.10443;-0.0178019;-1.01998;0.7;0.7
1.5929;1.20043;1.99458;-0.00105221;-0.0602873;0.7;0.7
1.74249;1.20637;2.11934;0.0402542;2.3064;0.7;0.7
1.66995;1.19674;2.05449;-0.0162475;-0.930912;0.7;0.7
1.60669;0.927049;1.85496;0.0984717;5.64202;0.7;0.7
1.79902;0.915584;2.01861;0.0525606;3.0115;0.7;0.7
1.82103;0.829807;2.00119;0.0432036;2.47539;0.7;0.7
1.83735;0.740263;1.98087;0.0445642;2.55334;0.7;0.7
1.85796;0.760941;2.00775;-0.00571539;-0.327468;0.7;0.7
1.77002;0.69661;1.90217;0.0137746;0.789227;0.7;0.7
1.9737;0.99752;2.21146;-0.0930202;-5.32967;0.7;0.7
1.81788;0.901559;2.02917;0.00756979;0.433717;0.7;0.7
1.85924;0.899065;2.06521;0.00997806;0.571701;0.7;0.7
1.78894;0.892067;1.99903;-0.0121565;-0.696516;0.7;0.7
1.88224;1.17116;2.21686;-0.0940223;-5.38708;0.7;0.7
1.73359;1.39386;2.22445;-0.1206;-6.90985;0.7;0.7
1.48591;1.20439;1.91271;-0.00394101;-0.225803;0.7;0.7
1.66595;1.21799;2.06371;0.0498314;2.85513;0.7;0.7
1.6619;1.15394;2.02324;0.0243787;1.39679;0.7;0.7
1.64027;1.1427;1.99906;-0.0015534;-0.0890031;0.7;0.7
1.60873;1.1643;1.98585;-0.0180046;-1.03159;0.7;0.7
1.50361;1.09172;1.85814;-0.00152366;-0.0872995;0.7;0.7
1.5282;1.22167;1.95649;-0.0463797;-2.65736;0.7;0.7
1.61103;1.13885;1.97291;0.0590382;3.38264;0.7;0.7
1.78246;1.22898;2.16507;0.0117149;0.671212;0.7;0.7
1.49213;1.09512;1.85088;-0.0295046;-1.69049;0.7;0.7
1.62415;1.18735;2.01188;0.00186898;0.107085;0.7;0.7
1.52715;1.10422;1.88454;0.00523685;0.300049;0.7;0.7
1.83203;1.26203;2.22465;0.0228135;1.30712;0.7;0.7
1.7258;1.09624;2.04453;0.0373136;2.13791;0.7;0.7
1.41352;0.9157;1.68421;-0.00893203;-0.511768;0.7;0.7
1.68679;1.22815;2.08653;-0.0545002;-3.12263;0.7;0.7
1.66637;1.10109;1.9973;0.0454266;2.60275;0.7;0.7
1.62056;1.1203;1.9701;-0.0209583;-1.20082;0.7;0.7
1.69758;1.24553;2.10549;-0.0281244;-1.61141;0.7;0.7
1.56125;1.39297;2.09233;-0.0955053;-5.47205;0.7;0.7
1.37052;1.37436;1.94092;-0.0582966;-3.34015;0.7;0.7
1.54018;1.26236;1.99141;0.100203;5.74124;0.7;0.7
1.54118;1.25131;1.98519;0.00462669;0.26509;0.7;0.7
1.59444;1.3058;2.06091;-0.0042363;-0.242722;0.7;0.7
1.56331;1.29156;2.02782;-0.00429488;-0.246079;0.7;0.7
1.45452;1.23299;1.9068;-0.0126609;-0.725413;0.7;0.7
1.5127;1.32111;2.00838;-0.0147384;-0.844451;0.7;0.7
1.54016;1.2793;2.00217;0.0247559;1.41841;0.7;0.7
1.54173;1.23189;1.97344;0.0189887;1.08797;0.7;0.7
1.49315;1.30511;1.98313;-0.0441476;-2.52947;0.7;0.7
1.50857;1.32991;2.01108;-0.00424154;-0.243023;0.7;0.7
1.42093;1.30074;1.92639;-0.0187257;-1.0729;0.7;0.7
1.23168;1.50849;1.94746;-0.144812;-8.29714;0.7;0.7
1.28725;1.53316;2.0019;0.0137089;0.785464;0.7;0.7
1.34977;1.37825;1.9291;0.0765326;4.385;0.7;0.7
1.41502;1.17561;1.83965;0.10259;5.87797;0.7;0.7
1.65535;1.46274;2.20902;-0.0304592;-1.74518;0.7;0.7
1.45655;1.34154;1.98022;-0.0206117;-1.18096;0.7;0.7
1.43301;1.28184;1.92267;0.0145437;0.833295;0.7;0.7
1.48697;1.35715;2.01319;-0.0100122;-0.573654;0.7;0.7
1.59931;1.51449;2.2026;-0.0183798;-1.05308;0.7;0.7
1.50164;1.24351;1.94968;0.0665199;3.81131;0.7;0.7
1.61506;1.04176;1.9219;0.118775;6.80533;0.7;0.7
1.63057;1.08932;1.96096;-0.0160954;-0.922199;0.7;0.7
1.73788;1.06581;2.03867;0.0388371;2.2252;0.7;0.7
1.7926;1.10685;2.10678;-0.00302952;-0.173579;0.7;0.7
1.84086;0.915408;2.05591;0.0916959;5.25379;0.7;0.7
1.91965;1.06652;2.19602;-0.0456547;-2.61582;0.7;0.7
1.5929;0.819801;1.79148;0.0318097;1.82256;0.7;0.7
1.75846;1.02628;2.03604;-0.0529828;-3.03569;0.7;0.7
1.76406;0.989395;2.02257;0.0171442;0.98229;0.7;0.7
1.89053;1.08924;2.18187;-0.0115572;-0.662177;0.7;0.7
1.72984;1.04543;2.0212;-0.0209081;-1.19795;0.7;0.7
1.67835;0.883282;1.89659;0.0591621;3.38974;0.7;0.7
1.84208;0.965674;2.07985;0.00160446;0.0919286;0.7;0.7
1.7962;0.907594;2.01248;0.0149768;0.858107;0.7;0.7
1.77758;0.763417;1.93458;0.0622167;3.56476;0.7;0.7
1.83551;0.79228;1.9992;-0.0018306;-0.104886;0.7;0.7
1.82968;0.83931;2.013;-0.0226009;-1.29493;0.7;0.7
1.87671;0.872531;2.06963;-0.00511361;-0.292988;0.7;0.7
1.76747;0.588958;1.86301;0.113547;6.50576;0.7;0.7
1.77332;0.668118;1.89501;-0.0386643;-2.2153;0.7;0.7
1.89979;0.6488;2.00752;0.0312209;1.78883;0.7;0.7
1.7674;0.451859;1.82425;0.0787905;4.51436;0.7;0.7
1.86085;0.61811;1.96082;-0.0703969;-4.03344;0.7;0.7
1.80315;0.554633;1.88652;0.0222925;1.27727;0.7;0.7
1.82553;0.654144;1.93919;-0.0456708;-2.61674;0.7;0.7
1.8857;0.810622;2.05255;-0.0619185;-3.54767;0.7;0.7
1.96335;0.739104;2.09786;0.0459532;2.63293;0.7;0.7
1.69943;0.759836;1.86156;-0.060408;-3.46112;0.7;0.7
1.81871;0.799731;1.98678;0.00617524;0.353815;0.7;0.7
1.80454;0.801751;1.97463;-0.00382608;-0.219218;0.7;0.7
1.94532;0.685128;2.06244;0.0794735;4.5535;0.7;0.7
1.98467;0.536791;2.05598;0.0744789;4.26733;0.7;0.7
1.9512;0.469515;2.00689;0.0280095;1.60483;0.7;0.7
2.06462;0.42564;2.10803;0.0328283;1.88092;0.7;0.7
1.98059;0.484098;2.03889;-0.0364099;-2.08614;0.7;0.7
1.98618;0.503317;2.04896;-0.00846431;-0.484969;0.7;0.7
1.95944;0.423086;2.0046;0.0355285;2.03563;0.7;0.7
2.02844;0.419728;2.07141;0.00861461;0.493581;0.7;0.7
1.96427;0.600042;2.05388;-0.0924329;-5.29601;0.7;0.7
1.91276;0.584774;2.00015;-0.000224116;-0.0128409;0.7;0.7
1.90617;0.585543;1.99407;-0.00133499;-0.0764893;0.7;0.7
1.91269;0.601222;2.00495;-0.00652051;-0.373598;0.7;0.7
1.8738;0.466644;1.93103;0.0604835;3.46545;0.7;0.7
1.92544;0.490083;1.98683;-0.00516716;-0.296057;0.7;0.7
2.0149;0.324246;2.04082;0.0896821;5.1384;0.7;0.7
1.97504;0.306875;1.99874;0.00541271;0.310125;0.7;0.7
2.0963;0.515998;2.15887;-0.0872062;-4.99655;0.7;0.7
1.81043;0.533729;1.88746;-0.0453371;-2.59762;0.7;0.7
1.61787;0.527041;1.70155;-0.0282352;-1.61776;0.7;0.7
1.7785;0.474355;1.84067;0.0542736;3.10965;0.7;0.7
1.88217;0.569357;1.9664;-0.0331006;-1.89652;0.7;0.7
1.95478;0.545859;2.02956;0.0214427;1.22857;0.7;0.7
1.93771;0.516078;2.00526;0.0120153;0.688427;0.7;0.7
1.92163;0.622472;2.01994;-0.0529715;-3.03504;0.7;0.7
1.90306;0.612409;1.99917;0.00192555;0.110326;0.7;0.7
1.81264;0.652495;1.9265;-0.0341916;-1.95904;0.7;0.7
1.82516;0.557681;1.90846;0.0489863;2.80671;0.7;0.7
1.8433;0.574737;1.93082;-0.00570291;-0.326753;0.7;0.7
1.84044;0.613238;1.93991;-0.0193874;-1.11082;0.7;0.7
2.11289;0.431314;2.15647;0.120265;6.89069;0.7;0.7
2.0407;0.543293;2.11178;-0.0588264;-3.3705;0.7;0.7
1.70186;0.310663;1.72999;0.0796391;4.56299;0.7;0.7
1.83147;0.419562;1.87891;-0.0446443;-2.55793;0.7;0.7
1.75485;0.3499;1.78939;0.0283899;1.62662;0.7;0.7
1.62682;0.287819;1.65208;0.0216997;1.2433;0.7;0.7
1.96711;-0.0914808;1.96923;0.221581;12.6957;0.7;0.7
1.99877;-0.095319;2.00104;0.00118099;0.0676655;0.7;0.7
1.82791;0.0955849;1.83041;-0.0998969;-5.72367;0.7;0.7
1.89174;0.121965;1.89566;-0.0121392;-0.695523;0.7;0.7
2.00112;0.175744;2.00883;-0.0232144;-1.33009;0.7;0.7
2.0023;0.178406;2.01023;-0.00126825;-0.0726653;0.7;0.7
2.07947;0.17679;2.08697;0.00405284;0.232211;0.7;0.7
2.11031;-0.0710315;2.1115;0.11846;6.78725;0.7;0.7
2.09483;-0.162316;2.10111;0.0436826;2.50283;0.7;0.7
1.95664;-0.103165;1.95936;-0.0246526;-1.41249;0.7;0.7
1.83853;-0.136557;1.8436;0.021462;1.22968;0.7;0.7
2.05953;-0.0389998;2.05989;-0.0552045;-3.16299;0.7;0.7
2.05953;-0.123217;2.06321;0.0408225;2.33896;0.7;0.7
1.96208;-0.0822793;1.9638;-0.0178462;-1.02251;0.7;0.7
1.65159;0.0334688;1.65193;-0.062172;-3.56219;0.7;0.7
2.00931;0.0416084;2.00974;-0.00044306;-0.0253855;0.7;0.7
1.90993;-0.20917;1.92135;0.129787;7.43627;0.7;0.7
1.96288;-0.20063;1.9731;-0.00722416;-0.413914;0.7;0.7
2.00608;-0.187201;2.01479;-0.00881103;-0.504835;0.7;0.7
2.29745;-0.305981;2.31773;0.0393566;2.25497;0.7;0.7
1.98807;-0.311687;2.01236;0.0231086;1.32402;0.7;0.7
2.08455;-0.359812;2.11537;0.0154123;0.883059;0.7;0.7
2.20715;-0.258495;2.22223;-0.0543384;-3.11336;0.7;0.7
2.01611;-0.320703;2.04145;0.0411626;2.35844;0.7;0.7
1.9926;-0.333366;2.0203;0.00801772;0.459381;0.7;0.7
2.00121;-0.33141;2.02847;-0.001652;-0.0946526;0.7;0.7
1.95374;-0.349873;1.98482;0.0130853;0.74973;0.7;0.7
2.07081;-0.175376;2.07822;-0.0927121;-5.31201;0.7;0.7
1.98735;-0.214589;1.9989;0.0230731;1.32199;0.7;0.7
2.00902;-0.200484;2.019;-0.0080982;-0.463993;0.7;0.7
1.83505;-0.212508;1.84731;0.0158286;0.90691;0.7;0.7
2.11733;-0.0562207;2.11807;-0.088745;-5.08471;0.7;0.7
2.05264;-0.217843;2.06417;0.0791861;4.53703;0.7;0.7
1.96509;-0.222141;1.97761;0.00683312;0.391509;0.7;0.7
2.00068;-0.210445;2.01172;-0.00776448;-0.444872;0.7;0.7
1.96835;-0.208747;1.97939;0.000855727;0.0490296;0.7;0.7
1.9925;-0.126124;1.99648;-0.0424417;-2.43173;0.7;0.7
2.16051;-0.15111;2.16578;0.00661294;0.378893;0.7;0.7
2.15551;-0.0691865;2.15662;-0.0377417;-2.16244;0.7;0.7
1.97528;-0.0961305;1.97762;0.0165418;0.947777;0.7;0.7
1.97444;-0.0876493;1.97638;-0.00426534;-0.244386;0.7;0.7
2.02939;-0.0759731;2.03081;-0.00694395;-0.397859;0.7;0.7
2.1561;-0.239052;2.16931;0.0730024;4.18273;0.7;0.7
2.04858;-0.075342;2.04997;-0.0736603;-4.22042;0.7;0.7
1.96595;-0.0918668;1.9681;0.00993379;0.569164;0.7;0.7
1.73574;0.0270655;1.73595;-0.0622867;-3.56876;0.7;0.7
1.94296;0.0431763;1.94344;-0.00662646;-0.379668;0.7;0.7
2.02425;-0.0186808;2.02433;0.0314465;1.80175;0.7;0.7
2.30045;-0.165555;2.3064;0.062614;3.58752;0.7;0.7
1.99113;-0.278098;2.01045;0.0669288;3.83474;0.7;0.7
2.05996;-0.257155;2.07595;-0.0145786;-0.835291;0.7;0.7
2.12362;-0.349699;2.15222;0.0390141;2.23535;0.7;0.7
1.84194;-0.190537;1.85177;-0.0601298;-3.44518;0.7;0.7
2.02611;-0.279166;2.04525;0.0338453;1.93919;0.7;0.7
2.08496;-0.338553;2.11227;0.0240513;1.37804;0.7;0.7
1.9102;-0.352087;1.94238;0.0213004;1.22042;0.7;0.7
2.11672;-0.246568;2.13103;-0.0663104;-3.79931;0.7;0.7
2.02162;0.0337683;2.0219;-0.132665;-7.60117;0.7;0.7
1.99629;0.0328634;1.99656;0.000241307;0.0138259;0.7;0.7
1.92398;0.0315283;1.92424;7.51516e-05;0.00430587;0.7;0.7
1.94951;-0.00478911;1.94952;0.0188421;1.07957;0.7;0.7
1.90154;-0.124087;1.90558;0.0627074;3.59287;0.7;0.7
2.0067;-0.1278;2.01076;-0.00156303;-0.0895549;0.7;0.7
2.1827;0.00981823;2.18272;-0.0680991;-3.90179;0.7;0.7
1.60229;-0.0329878;1.60263;0.0250832;1.43716;0.7;0.7
1.95432;0.0969949;1.95672;-0.0701754;-4.02075;0.7;0.7
2.01551;-0.029506;2.01573;0.0642288;3.68004;0.7;0.7
2.01529;-0.0217125;2.01541;-0.00386496;-0.221446;0.7;0.7
2.28302;-0.143106;2.2875;0.0518273;2.96949;0.7;0.7
1.99278;-0.123321;1.9966;-0.000795982;-0.0456064;0.7;0.7
2.00331;-0.160196;2.00971;0.0179907;1.03079;0.7;0.7
2.02168;-0.275224;2.04033;0.055509;3.18043;0.7;0.7
1.92837;-0.18901;1.93761;-0.0376013;-2.1544;0.7;0.7
1.87429;-0.1654;1.88158;-0.00968453;-0.554883;0.7;0.7
2.06658;-0.190997;2.07539;0.00414128;0.237278;0.7;0.7
2.02191;-0.173487;2.02934;-0.00656642;-0.376228;0.7;0.7
1.98212;-0.186876;1.99091;0.00840964;0.481837;0.7;0.7
2.02244;0.0125892;2.02248;-0.100228;-5.74263;0.7;0.7
1.98837;0.13936;1.99325;-0.0637486;-3.65253;0.7;0.7
1.8573;0.0449932;1.85785;0.045753;2.62145;0.7;0.7
1.78879;0.115239;1.7925;-0.0401137;-2.29834;0.7;0.7
1.99593;0.109711;1.99895;0.0094222;0.539852;0.7;0.7
2.04772;0.0986625;2.05009;0.00676727;0.387736;0.7;0.7
2.40738;0.136144;2.41122;-0.00834806;-0.478309;0.7;0.7
2.01442;-0.038061;2.01478;0.0753846;4.31922;0.7;0.7
2.05875;-0.141816;2.06363;0.0498839;2.85814;0.7;0.7
1.99387;-0.139744;1.99876;0.00119659;0.0685594;0.7;0.7
2.01056;-0.0446424;2.01106;-0.0477722;-2.73715;0.7;0.7
2.01935;0.0677979;2.02049;-0.0557618;-3.19491;0.7;0.7
1.91073;0.0921129;1.91295;-0.0146093;-0.837054;0.7;0.7
1.99992;0.0760953;2.00137;0.01014;0.580978;0.7;0.7
2.06247;0.0228307;2.0626;0.0269617;1.54479;0.7;0.7
2.1734;-0.000406373;2.1734;0.0112561;0.644926;0.7;0.7
1.92442;-0.00428648;1.92442;0.00204044;0.116909;0.7;0.7
1.9428;-0.0392461;1.94319;0.0179706;1.02964;0.7;0.7
2.02737;-0.300845;2.04957;0.127118;7.28335;0.7;0.7
1.9275;-0.199457;1.93779;-0.0442037;-2.53268;0.7;0.7
1.81497;-0.427834;1.86471;0.128386;7.356;0.7;0.7
2.08079;-0.478513;2.1351;-0.00546245;-0.312975;0.7;0.7
2.01528;-0.401461;2.05488;-0.0294029;-1.68466;0.7;0.7
2.01038;-0.382298;2.04641;-0.0087153;-0.49935;0.7;0.7
1.92293;-0.378786;1.95988;0.0065751;0.376726;0.7;0.7
2.02149;-0.510346;2.08492;0.0527992;3.02517;0.7;0.7
1.94193;-0.487131;2.0021;-0.00151552;-0.0868329;0.7;0.7
2.02945;-0.486616;2.08697;-0.0104427;-0.598322;0.7;0.7
1.9321;-0.499812;1.9957;0.0178041;1.0201;0.7;0.7
1.91489;-0.515905;1.98317;0.0100307;0.574718;0.7;0.7
1.97438;-0.544033;2.04796;0.00570475;0.326858;0.7;0.7
1.8652;-0.482801;1.92667;-0.0155871;-0.893074;0.7;0.7
1.93875;-0.68165;2.05509;0.0848062;4.85904;0.7;0.7
2.0251;-0.577198;2.10575;-0.0604337;-3.46259;0.7;0.7
1.92193;-0.541121;1.99666;-0.00321422;-0.184161;0.7;0.7
1.80673;-0.517747;1.87945;0.00464106;0.265913;0.7;0.7
1.81923;-0.494076;1.88513;-0.0138984;-0.79632;0.7;0.7
1.89636;-0.685443;2.01644;0.081652;4.67832;0.7;0.7
1.9107;-0.560105;1.9911;-0.0616876;-3.53444;0.7;0.7
1.74613;-0.489715;1.81351;-0.0117204;-0.671529;0.7;0.7
1.84903;-0.506872;1.91725;-0.00587634;-0.336689;0.7;0.7
1.96549;-0.563555;2.04469;0.0116781;0.669105;0.7;0.7
1.90746;-0.460466;1.96225;-0.0423628;-2.42721;0.7;0.7
1.8075;-0.552712;1.89012;0.0598868;3.43126;0.7;0.7
1.95741;-0.718936;2.08527;0.0552349;3.16473;0.7;0.7
1.92119;-0.719544;2.05152;0.00636567;0.364726;0.7;0.7
2.05342;-0.606905;2.14123;-0.0709818;-4.06696;0.7;0.7
1.89912;-0.556347;1.97893;-0.0024002;-0.137521;0.7;0.7
1.93616;-0.499824;1.99964;-0.0323403;-1.85296;0.7;0.7
1.95819;-0.61739;2.05321;0.052785;3.02436;0.7;0.7
1.87883;-0.387208;1.91832;-0.102177;-5.85431;0.7;0.7
1.9396;-0.460642;1.99355;0.0299291;1.71481;0.7;0.7
1.92306;-0.447523;1.97445;-0.0045286;-0.25947;0.7;0.7
1.95593;-0.3819;1.99287;-0.0358184;-2.05224;0.7;0.7
1.71874;-0.466389;1.78089;0.0721481;4.13378;0.7;0.7
1.9549;-0.522278;2.02346;-0.00390822;-0.223924;0.7;0.7
1.94156;-0.517172;2.00926;-0.000741716;-0.0424972;0.7;0.7
1.92541;-0.55951;2.00506;0.0224791;1.28796;0.7;0.7
2.04904;-0.724576;2.17338;0.0570908;3.27106;0.7;0.7
1.77972;-0.501077;1.84891;-0.0654508;-3.75005;0.7;0.7
2.01455;-0.55934;2.09075;-0.00361486;-0.207116;0.7;0.7
2.07652;-0.781938;2.21886;0.0893103;5.11711;0.7;0.7
2.02105;-0.870811;2.20067;0.0466927;2.67529;0.7;0.7
2.13083;-0.760165;2.26237;-0.0641606;-3.67613;0.7;0.7
1.83636;-0.768146;1.99054;0.0535095;3.06587;0.7;0.7
1.85181;-0.762815;2.00277;-0.0054325;-0.311259;0.7;0.7
1.95034;-0.661371;2.05943;-0.0638126;-3.65619;0.7;0.7
1.83004;-0.690536;1.95599;0.0338794;1.94115;0.7;0.7
1.97882;-0.687492;2.09484;-0.0264357;-1.51465;0.7;0.7
1.86647;-0.595086;1.95904;-0.0257388;-1.47473;0.7;0.7
1.85487;-0.541477;1.93229;-0.024611;-1.41011;0.7;0.7
1.97784;-0.760976;2.11919;0.0832618;4.77055;0.7;0.7
1.86963;-0.718313;2.00287;-0.000478863;-0.0274368;0.7;0.7
1.85192;-0.696386;1.97852;-0.00713434;-0.408768;0.7;0.7
1.90182;-0.792468;2.06032;0.0351323;2.01293;0.7;0.7
1.81264;-0.770712;1.96968;0.00721959;0.413652;0.7;0.7
1.78728;-0.626548;1.89392;-0.0648562;-3.71599;0.7;0.7
1.9098;-0.721154;2.04142;0.0238803;1.36824;0.7;0.7
1.91755;-0.794387;2.07558;0.0316948;1.81598;0.7;0.7
1.91488;-0.698096;2.03816;-0.043159;-2.47283;0.7;0.7
1.87367;-0.664356;1.98796;-0.00884477;-0.506768;0.7;0.7
1.80547;-0.553032;1.88827;-0.0435099;-2.49293;0.7;0.7
1.99697;-0.521718;2.064;-0.0416928;-2.38882;0.7;0.7
1.98276;-0.396279;2.02197;-0.058279;-3.33914;0.7;0.7
1.87504;-0.583811;1.96382;0.104582;5.99212;0.7;0.7
1.85451;-0.642939;1.9628;0.031877;1.82642;0.7;0.7
2.00703;-0.63348;2.10463;-0.027988;-1.60359;0.7;0.7
1.85796;-0.595781;1.95115;0.00457038;0.261864;0.7;0.7
1.84624;-0.541054;1.92388;-0.025229;-1.44552;0.7;0.7
1.93525;-0.579804;2.02024;0.00601482;0.344624;0.7;0.7
1.92392;-0.566827;2.00568;-0.00457548;-0.262156;0.7;0.7
1.776;-0.570662;1.86543;0.0243841;1.39711;0.7;0.7
1.96894;-0.408813;2.01093;-0.106177;-6.08351;0.7;0.7
2.01886;-0.502397;2.08043;0.0391762;2.24463;0.7;0.7
1.94299;-0.49588;2.00527;0.00598233;0.342763;0.7;0.7
1.90809;-0.50493;1.97377;0.00881502;0.505063;0.7;0.7
2.18767;-0.402546;2.2244;-0.076724;-4.39596;0.7;0.7
1.88321;-0.419287;1.92932;0.0370997;2.12566;0.7;0.7
2.08837;-0.691437;2.19986;0.100658;5.76729;0.7;0.7
2.01628;-0.598012;2.1031;-0.0314027;-1.79924;0.7;0.7
1.84467;-0.50735;1.91316;-0.0199266;-1.14171;0.7;0.7
1.70225;-0.600247;1.80498;0.0706067;4.04547;0.7;0.7
1.87085;-0.742081;2.01265;0.0386123;2.21232;0.7;0.7
1.70273;-0.686894;1.83606;0.00582071;0.333502;0.7;0.7
1.83427;-0.709036;1.96654;-0.014582;-0.835487;0.7;0.7
1.68893;-0.916252;1.92146;0.128212;7.34602;0.7;0.7
1.6487;-1.05422;1.95694;0.0718367;4.11594;0.7;0.7
1.74714;-0.931012;1.97972;-0.0793041;-4.54379;0.7;0.7
1.76012;-0.84633;1.95302;-0.0414038;-2.37226;0.7;0.7
1.79208;-0.88936;2.00063;0.0124615;0.713989;0.7;0.7
1.73861;-0.930725;1.97206;0.0308476;1.76744;0.7;0.7
1.71507;-1.26951;2.1338;0.1457;8.348;0.7;0.7
1.58419;-1.1695;1.96911;-0.00127833;-0.0732428;0.7;0.7
1.7722;-1.24076;2.16337;-0.0251199;-1.43926;0.7;0.7
1.47221;-1.28472;1.95395;0.106688;6.1128;0.7;0.7
1.22293;-1.31659;1.79693;0.104763;6.00248;0.7;0.7
1.15807;-1.48795;1.8855;0.0871678;4.99435;0.7;0.7
1.20407;-1.54919;1.96209;0.000667063;0.0382199;0.7;0.7
1.32499;-1.54001;2.03156;-0.049787;-2.85258;0.7;0.7
1.27787;-1.46905;1.94707;-0.00542623;-0.3109;0.7;0.7
1.34867;-1.47238;1.9967;-0.0256593;-1.47017;0.7;0.7
1.23002;-1.4395;1.89343;0.0344838;1.97578;0.7;0.7
1.31603;-1.5416;2.02694;0.000464944;0.0266393;0.7;0.7
1.13148;-1.37451;1.78032;0.0179063;1.02595;0.7;0.7
1.28308;-1.54215;2.00612;-0.00523883;-0.300163;0.7;0.7
1.22015;-1.44488;1.89115;-0.0073125;-0.418975;0.7;0.7
1.3157;-1.5183;2.00906;-0.0127641;-0.731329;0.7;0.7
1.19171;-1.70211;2.07783;0.103214;5.91372;0.7;0.7
1.1595;-1.54514;1.93181;-0.0329494;-1.88786;0.7;0.7
1.1333;-1.55563;1.92467;0.0141593;0.811265;0.7;0.7
1.17761;-1.6159;1.99948;-0.000162484;-0.00930967;0.7;0.7
0.945758;-1.72994;1.97159;0.129466;7.41786;0.7;0.7
1.39827;-1.68434;2.1891;-0.192555;-11.0326;0.7;0.7
1.35584;-1.59369;2.09241;-0.012073;-0.691729;0.7;0.7
1.40821;-1.65518;2.17318;-1.88257e-05;-0.00107863;0.7;0.7
1.11098;-1.44397;1.8219;0.049157;2.81649;0.7;0.7
1.25289;-1.612;2.04164;-0.00490454;-0.281009;0.7;0.7
1.08329;-1.68303;2.00153;0.0887972;5.08771;0.7;0.7
1.22043;-1.5532;1.97532;-0.0940894;-5.39092;0.7;0.7
1.51419;-1.48975;2.12418;-0.127542;-7.30761;0.7;0.7
1.28469;-1.48302;1.96208;0.0796716;4.56485;0.7;0.7
1.35496;-1.42444;1.96595;-0.0465408;-2.66659;0.7;0.7
1.33718;-1.45027;1.97265;0.0155544;0.891204;0.7;0.7
1.25556;-1.46639;1.93048;0.0367518;2.10572;0.7;0.7
1.18429;-1.50472;1.91487;0.0413007;2.36635;0.7;0.7
1.06336;-1.56989;1.89612;0.0714375;4.09307;0.7;0.7
1.2117;-1.74734;2.12636;-0.0109614;-0.62804;0.7;0.7
1.16216;-1.62793;2.0002;-0.0136668;-0.783049;0.7;0.7
1.12607;-1.61154;1.96599;0.0100972;0.578528;0.7;0.7
1.10515;-1.72511;2.04874;0.0401317;2.29938;0.7;0.7
1.1976;-1.58701;1.98817;-0.0766975;-4.39444;0.7;0.7
1.11631;-1.37729;1.77287;-0.034661;-1.98593;0.7;0.7
1.25158;-1.55731;1.99791;0.00413485;0.236909;0.7;0.7
1.28472;-1.6715;2.10818;0.0216812;1.24224;0.7;0.7
1.10835;-1.60656;1.95179;0.0513903;2.94445;0.7;0.7
1.1472;-1.56715;1.94217;-0.0279877;-1.60358;0.7;0.7
1.18223;-1.61632;2.00254;0.000386269;0.0221316;0.7;0.7
1.20827;-1.74776;2.12475;0.0266343;1.52603;0.7;0.7
1.11298;-1.66553;2.00318;0.0157837;0.904341;0.7;0.7
1.10556;-1.69137;2.02064;0.0101583;0.582025;0.7;0.7
0.980625;-1.58253;1.86172;0.0241866;1.38579;0.7;0.7
1.04723;-1.65068;1.95485;-0.0106009;-0.60739;0.7;0.7
1.05766;-1.66086;1.96903;-0.00169972;-0.0973867;0.7;0.7
1.0577;-1.55979;1.88459;-0.0288278;-1.65171;0.7;0.7
1.00895;-1.70996;1.98543;0.062811;3.59881;0.7;0.7
0.983894;-1.68857;1.95431;0.00548116;0.314047;0.7;0.7
0.933724;-1.85957;2.08083;0.0622444;3.56634;0.7;0.7
0.845858;-1.86918;2.05166;0.0403853;2.31391;0.7;0.7
0.972757;-1.7024;1.96072;-0.0941726;-5.39569;0.7;0.7
0.918113;-1.62779;1.86886;0.00558162;0.319804;0.7;0.7
0.979128;-1.73741;1.99431;0.000355503;0.0203688;0.7;0.7
1.34683;-1.72428;2.18794;-0.149919;-8.58975;0.7;0.7
1.43994;-1.41482;2.0187;-0.131087;-7.51074;0.7;0.7
1.47572;-1.44783;2.06736;-0.000738834;-0.042332;0.7;0.7
1.45529;-1.36905;1.99804;-0.0209857;-1.20239;0.7;0.7
1.45141;-1.38697;2.00756;0.00782434;0.448302;0.7;0.7
1.55923;-1.28784;2.02231;-0.0723327;-4.14436;0.7;0.7
1.68756;-1.03131;1.97774;-0.141806;-8.12491;0.7;0.7
1.37666;-0.968118;1.68299;0.0643364;3.6862;0.7;0.7
1.60622;-1.15876;1.98057;0.012062;0.6911;0.7;0.7
1.52106;-1.43212;2.08916;0.130333;7.46755;0.7;0.7
1.23082;-1.41799;1.87766;0.100649;5.76677;0.7;0.7
1.21045;-1.33687;1.80344;-0.0209546;-1.20061;0.7;0.7
1.22525;-1.7268;2.11733;0.118707;6.80138;0.7;0.7
1.16529;-1.55085;1.93986;-0.0272854;-1.56334;0.7;0.7
1.07326;-1.59273;1.92059;0.0514318;2.94682;0.7;0.7
1.04541;-1.56985;1.88608;0.00546731;0.313254;0.7;0.7
1.21026;-1.77183;2.14572;-0.0117737;-0.674581;0.7;0.7
1.13175;-1.63543;1.98884;-0.00608842;-0.348841;0.7;0.7
1.13238;-1.70876;2.04991;0.0201082;1.15211;0.7;0.7
1.01985;-1.68035;1.96563;0.0397466;2.27731;0.7;0.7
1.11099;-1.79352;2.10975;-0.00909691;-0.521215;0.7;0.7
1.0105;-1.68087;1.96123;0.013309;0.762548;0.7;0.7
0.944928;-1.77932;2.01466;0.0530986;3.04233;0.7;0.7
0.904377;-1.68577;1.91304;-0.00421489;-0.241495;0.7;0.7
1.12497;-1.72228;2.05713;-0.0862088;-4.9394;0.7;0.7
1.1038;-1.65403;1.98852;-0.00985497;-0.564648;0.7;0.7
1.05415;-1.49351;1.82806;-0.0261577;-1.49872;0.7;0.7
1.23051;-1.71742;2.11274;-0.00708184;-0.40576;0.7;0.7
0.943995;-1.49902;1.77149;0.0597038;3.42078;0.7;0.7
0.971785;-1.70895;1.96593;0.0449573;2.57586;0.7;0.7
0.950312;-1.68087;1.93092;0.00247879;0.142024;0.7;0.7
0.97453;-1.76722;2.01811;0.010611;0.607965;0.7;0.7
0.927194;-1.68933;1.92705;0.00199305;0.114194;0.7;0.7
0.936061;-1.76579;1.99856;0.0145177;0.831804;0.7;0.7
1.0029;-1.78305;2.04575;-0.0249185;-1.42773;0.7;0.7
0.844118;-1.81449;2.00123;0.0769322;4.40789;0.7;0.7
