#1 AntVel X	#2 AntVel Y	#3 Speed	#4 Turning Angle Rad		#5 Turning Angle Deg	#6 Detected Phero Left	#7 Detected Phero Right	
-1.81301;0.244801;1.82946;-0.00944033;-0.540891;0.7;0.7
-1.89136;0.344036;1.9224;0.0457181;2.61945;0.7;0.7
-1.95459;0.345205;1.98484;-0.00512194;-0.293466;0.7;0.7
-2.11704;0.277556;2.13516;-0.0444472;-2.54664;0.7;0.7
-1.9507;0.0547102;1.95147;-0.102323;-5.86268;0.7;0.7
-2.09115;0.0541403;2.09185;-0.0021546;-0.12345;0.7;0.7
-1.97779;-0.198339;1.98771;-0.125834;-7.20974;0.7;0.7
-1.83245;-0.309032;1.85832;-0.067123;-3.84586;0.7;0.7
-1.95677;-0.32606;1.98375;0.001957;0.112128;0.7;0.7
-1.94254;-0.34661;1.97322;-0.0114575;-0.656469;0.7;0.7
-2.04953;-0.23203;2.06262;0.0638418;3.65786;0.7;0.7
-2.02803;-0.258598;2.04445;-0.014096;-0.807641;0.7;0.7
-1.96491;-0.31011;1.98923;-0.0297054;-1.702;0.7;0.7
-1.96353;-0.255536;1.98009;0.0271186;1.55378;0.7;0.7
-1.96497;-0.261751;1.98233;-0.00301512;-0.172754;0.7;0.7
-2.1318;-0.235079;2.14472;0.0226001;1.29489;0.7;0.7
-1.92769;-0.299299;1.95079;-0.044204;-2.5327;0.7;0.7
-2.16543;-0.497375;2.22182;-0.0717394;-4.11037;0.7;0.7
-2.05052;-0.464569;2.10249;0.00297269;0.170323;0.7;0.7
-1.96779;-0.404453;2.00892;0.0200861;1.15085;0.7;0.7
-2.0116;-0.349996;2.04182;0.0304485;1.74457;0.7;0.7
-2.02133;-0.317315;2.04609;0.0165529;0.948409;0.7;0.7
-1.93539;-0.358175;1.96825;-0.0272837;-1.56324;0.7;0.7
-1.91113;-0.424864;1.95779;-0.0357565;-2.0487;0.7;0.7
-1.97738;-0.369022;2.01152;0.0342529;1.96255;0.7;0.7
-1.88117;-0.521306;1.95207;-0.0858339;-4.91792;0.7;0.7
-1.95441;-0.445524;2.00455;0.0462051;2.64735;0.7;0.7
-1.88324;-0.413758;1.92816;0.00785917;0.450297;0.7;0.7
-2.07489;-0.417031;2.11638;0.0179221;1.02686;0.7;0.7
-1.82249;-0.404103;1.86676;-0.0198535;-1.13752;0.7;0.7
-2.03363;-0.180047;2.04159;0.129896;7.44251;0.7;0.7
-1.96003;-0.119642;1.96368;0.0273392;1.56642;0.7;0.7
-1.99449;-0.267178;2.01231;-0.0721999;-4.13675;0.7;0.7
-2.04196;-0.284556;2.06169;-0.0052977;-0.303536;0.7;0.7
-2.08424;-0.149271;2.08957;0.0669655;3.83684;0.7;0.7
-1.90087;-0.0196933;1.90097;0.0611373;3.50291;0.7;0.7
-1.96696;-0.0617583;1.96793;-0.0210278;-1.2048;0.7;0.7
-2.08311;0.239769;2.09686;0.145985;8.3643;0.7;0.7
-2.01931;0.233002;2.03271;0.000281771;0.0161443;0.7;0.7
-2.0018;0.236624;2.01574;0.00278064;0.159319;0.7;0.7
-1.98117;0.102128;1.9838;-0.0661558;-3.79045;0.7;0.7
-1.99811;0.106868;2.00097;0.00192982;0.110571;0.7;0.7
-1.95573;0.0910574;1.95785;-0.00690789;-0.395793;0.7;0.7
-2.03814;-0.00408604;2.03814;-0.0485305;-2.78059;0.7;0.7
-2.01625;-0.0687211;2.01742;-0.0320657;-1.83723;0.7;0.7
-1.95172;-0.046969;1.95229;0.0100097;0.573512;0.7;0.7
-2.00551;-0.243091;2.02019;-0.0965623;-5.53261;0.7;0.7
-1.97805;-0.206304;1.98878;0.0167018;0.956944;0.7;0.7
-1.95604;-0.163298;1.96284;0.0206304;1.18204;0.7;0.7
-1.99536;-0.109163;1.99835;0.0286371;1.64079;0.7;0.7
-2.09314;-0.20458;2.10312;-0.0427748;-2.45081;0.7;0.7
-2.14982;-0.250523;2.16437;-0.0185804;-1.06458;0.7;0.7
-2.30459;-0.270635;2.32043;-0.000888481;-0.0509062;0.7;0.7
-1.97162;-0.21997;1.98385;0.00578884;0.331676;0.7;0.7
-2.02713;-0.332779;2.05427;-0.0516027;-2.95662;0.7;0.7
-1.85484;-0.306064;1.87993;-0.00082343;-0.0471791;0.7;0.7
-2.07298;-0.2237;2.08501;0.0560383;3.21076;0.7;0.7
-1.98954;-0.212426;2.00085;0.00112786;0.0646216;0.7;0.7
-2.0489;-0.262721;2.06567;-0.0211611;-1.21244;0.7;0.7
-1.88224;-0.235915;1.89696;0.00284223;0.162848;0.7;0.7
-1.97722;-0.314227;2.00203;-0.0329186;-1.88609;0.7;0.7
-1.96903;-0.342465;1.99859;-0.0145976;-0.836381;0.7;0.7
-1.96084;-0.338476;1.98984;0.00127016;0.0727746;0.7;0.7
-1.98809;-0.445762;2.03745;-0.0496352;-2.84389;0.7;0.7
-2.13629;-0.258377;2.15186;0.100207;5.74142;0.7;0.7
-2.04962;-0.140934;2.05446;0.0517089;2.9627;0.7;0.7
-2.19325;-0.106636;2.19584;0.0200711;1.14999;0.7;0.7
-1.90303;-0.0557086;1.90385;0.0193166;1.10676;0.7;0.7
-2.13322;-0.104239;2.13576;-0.0195606;-1.12074;0.7;0.7
-1.95623;-0.193311;1.96576;-0.0496727;-2.84603;0.7;0.7
-2.04846;-0.194051;2.05763;0.00404999;0.232047;0.7;0.7
-1.92144;-0.309704;1.94624;-0.0653601;-3.74486;0.7;0.7
-1.99188;-0.28997;2.01287;0.015248;0.873647;0.7;0.7
-2.25753;-0.383649;2.28989;-0.0237734;-1.36211;0.7;0.7
-1.99476;-0.291989;2.01602;0.0229883;1.31714;0.7;0.7
-2.04728;-0.348275;2.07669;-0.0231574;-1.32682;0.7;0.7
-2.02457;-0.379212;2.05977;-0.0166568;-0.954363;0.7;0.7
-1.96711;-0.370235;2.00165;-0.000876192;-0.0502021;0.7;0.7
-1.96609;-0.439752;2.01467;-0.0340109;-1.94868;0.7;0.7
-1.98388;-0.414039;2.02662;0.0142982;0.819229;0.7;0.7
-1.96686;-0.400279;2.00718;0.00497924;0.285289;0.7;0.7
-2.24847;-0.626746;2.33418;-0.0710737;-4.07222;0.7;0.7
-1.8594;-0.439398;1.91061;0.0397882;2.2797;0.7;0.7
-2.11135;-0.344552;2.13928;0.0702904;4.02734;0.7;0.7
-1.6442;-0.294762;1.67041;-0.0156247;-0.895229;0.7;0.7
-1.75237;-0.403276;1.79817;-0.0488048;-2.79631;0.7;0.7
-2.20786;-0.384734;2.24113;0.0536698;3.07505;0.7;0.7
-1.75723;-0.323954;1.78685;-0.00978317;-0.560534;0.7;0.7
-1.91647;-0.275625;1.93618;0.0394672;2.26131;0.7;0.7
-1.97374;-0.354461;2.00531;-0.0348545;-1.99702;0.7;0.7
-1.99613;-0.389898;2.03385;-0.0152038;-0.871112;0.7;0.7
-1.96313;-0.359234;1.99573;0.0119105;0.682422;0.7;0.7
-1.97311;-0.378605;2.00911;-0.00859027;-0.492186;0.7;0.7
-2.22307;-0.415221;2.26151;0.00492755;0.282328;0.7;0.7
-1.88282;-0.389994;1.92279;-0.0195936;-1.12263;0.7;0.7
-1.9306;-0.387931;1.96919;0.00594707;0.340742;0.7;0.7
-2.15622;-0.421198;2.19697;0.00538533;0.308557;0.7;0.7
-1.97489;-0.334342;2.00299;0.0252052;1.44415;0.7;0.7
-2.03114;-0.371443;2.06483;-0.0131686;-0.754503;0.7;0.7
-1.98654;-0.218618;1.99853;0.0712667;4.08328;0.7;0.7
-2.07298;-0.120562;2.07648;0.0515153;2.95161;0.7;0.7
-1.99565;-0.11838;1.99916;-0.00115652;-0.0662636;0.7;0.7
-1.99054;-0.171593;1.99792;-0.0267418;-1.53219;0.7;0.7
-1.90879;-0.0978515;1.9113;0.0347729;1.99234;0.7;0.7
-1.9963;-0.110207;1.99934;-0.00393099;-0.225229;0.7;0.7
-1.87342;-0.230793;1.88758;-0.0674263;-3.86324;0.7;0.7
-2.04007;-0.165244;2.04675;0.0417536;2.3923;0.7;0.7
-1.90717;-0.206551;1.91832;-0.0270596;-1.5504;0.7;0.7
-2.03668;-0.212441;2.04773;0.00395038;0.22634;0.7;0.7
-1.84544;-0.335647;1.87572;-0.0759808;-4.35338;0.7;0.7
-2.15142;-0.312946;2.17406;0.0354649;2.03199;0.7;0.7
-1.93955;-0.308152;1.96387;-0.013114;-0.751375;0.7;0.7
-1.8904;-0.126256;1.89461;0.0908724;5.2066;0.7;0.7
-2.16926;-0.0178657;2.16933;0.0584534;3.34913;0.7;0.7
-2.0092;-0.0486051;2.00979;-0.0159508;-0.913916;0.7;0.7
-1.97583;-0.0329725;1.9761;0.00750013;0.429726;0.7;0.7
-2.05951;0.41765;2.10143;0.216765;12.4197;0.7;0.7
-1.93065;0.315151;1.9562;-0.0382696;-2.19268;0.7;0.7
-1.91652;0.581901;2.00291;0.13297;7.6186;0.7;0.7
-1.94003;0.552084;2.01705;-0.0175325;-1.00454;0.7;0.7
-1.84815;0.47334;1.9078;-0.0265198;-1.51948;0.7;0.7
-1.90505;0.383013;1.94317;-0.0523193;-2.99768;0.7;0.7
-1.73324;0.517596;1.80888;0.0917911;5.25924;0.7;0.7
-1.90901;0.603187;2.00203;0.0158443;0.907812;0.7;0.7
-1.94969;0.600797;2.04016;-0.00712523;-0.408246;0.7;0.7
-1.85999;0.620298;1.9607;0.0229791;1.31661;0.7;0.7
-1.88829;0.516377;1.95762;-0.0549598;-3.14896;0.7;0.7
-1.95029;0.511313;2.0162;-0.0105339;-0.603546;0.7;0.7
-1.83381;0.369341;1.87064;-0.0576556;-3.30342;0.7;0.7
-1.92975;0.356924;1.96248;-0.0158555;-0.908451;0.7;0.7
-1.98298;0.33859;2.01168;-0.0137745;-0.789223;0.7;0.7
-1.97309;0.367098;2.00695;0.0148317;0.849794;0.7;0.7
-2.06445;0.320649;2.0892;-0.0298604;-1.71088;0.7;0.7
-1.83756;0.503764;1.90536;0.113486;6.50229;0.7;0.7
-1.85501;0.482004;1.91661;-0.0133572;-0.76531;0.7;0.7
-1.79961;0.59258;1.89466;0.0638838;3.66027;0.7;0.7
-1.76726;0.480015;1.83129;-0.0528841;-3.03004;0.7;0.7
-1.89768;0.580643;1.98452;0.0317127;1.817;0.7;0.7
-1.97336;0.650207;2.07772;0.0213595;1.22381;0.7;0.7
-1.67328;0.710243;1.81777;0.0831263;4.76279;0.7;0.7
-1.84188;0.820987;2.01657;0.017884;1.02468;0.7;0.7
-1.86483;0.809341;2.03289;-0.00982837;-0.563124;0.7;0.7
-1.93794;0.931637;2.15025;0.0386464;2.21428;0.7;0.7
-2.05867;0.900234;2.2469;-0.0358847;-2.05604;0.7;0.7
-1.67761;0.874115;1.89168;0.0681115;3.9025;0.7;0.7
-1.75082;0.885969;1.96222;-0.0118842;-0.680914;0.7;0.7
-1.65899;0.889712;1.88251;0.023802;1.36375;0.7;0.7
-1.74072;0.991036;2.00306;0.0252965;1.44938;0.7;0.7
-1.75809;0.989261;2.0173;-0.00502316;-0.287806;0.7;0.7
-2.01042;0.96877;2.23166;-0.0634928;-3.63787;0.7;0.7
-1.79226;0.939092;2.02338;0.0335981;1.92503;0.7;0.7
-1.69847;0.944753;1.94354;0.0249788;1.43118;0.7;0.7
-1.78739;0.979358;2.03811;-0.00636895;-0.364914;0.7;0.7
-1.88391;0.931019;2.10141;-0.0422582;-2.42122;0.7;0.7
-1.6817;0.716013;1.82778;-0.0564709;-3.23554;0.7;0.7
-2.22071;0.585064;2.29649;-0.144917;-8.30313;0.7;0.7
-1.76429;0.339191;1.7966;-0.0676679;-3.87709;0.7;0.7
-1.94183;0.341961;1.97171;-0.0156207;-0.895002;0.7;0.7
-2.02309;0.393122;2.06093;0.0176097;1.00896;0.7;0.7
-1.906;0.421081;1.95196;0.0255065;1.46141;0.7;0.7
-1.95305;0.420897;1.99789;-0.00517084;-0.296267;0.7;0.7
-2.09864;0.443526;2.14499;-0.00398541;-0.228347;0.7;0.7
-2.19489;0.537773;2.25981;0.0320022;1.83359;0.7;0.7
-1.87204;0.541958;1.94891;0.0415195;2.37889;0.7;0.7
-1.98152;0.54984;2.05639;-0.0111231;-0.637307;0.7;0.7
-1.76698;0.462489;1.8265;-0.0146768;-0.840919;0.7;0.7
-1.94337;0.499666;2.00658;-0.00433564;-0.248414;0.7;0.7
-1.99675;0.617897;2.09017;0.0484428;2.77557;0.7;0.7
-1.99364;0.724875;2.12133;0.0486281;2.78619;0.7;0.7
-1.80419;0.625701;1.90961;-0.014907;-0.854111;0.7;0.7
-2.01682;0.627689;2.11224;-0.0321005;-1.83922;0.7;0.7
-1.90935;0.618277;2.00696;0.0114343;0.655135;0.7;0.7
-1.9957;0.601945;2.0845;-0.0202157;-1.15828;0.7;0.7
-1.91731;0.543383;1.99283;-0.016777;-0.961254;0.7;0.7
-1.89567;0.45739;1.95007;-0.0394098;-2.25801;0.7;0.7
-2.00074;0.438855;2.04831;-0.0208302;-1.19348;0.7;0.7
-1.93925;0.410931;1.98231;-0.00711328;-0.407561;0.7;0.7
-1.84041;0.448859;1.89435;0.0304071;1.7422;0.7;0.7
-1.9962;0.465168;2.04969;-0.01028;-0.588999;0.7;0.7
-2.05716;0.478654;2.11211;-0.000331011;-0.0189655;0.7;0.7
-1.98145;0.408465;2.02312;-0.0253131;-1.45034;0.7;0.7
-1.9769;0.399745;2.01691;-0.00377907;-0.216525;0.7;0.7
-1.9671;0.269396;1.98546;-0.0634135;-3.63332;0.7;0.7
-1.98624;0.298948;2.00862;0.0132839;0.761112;0.7;0.7
-2.1936;0.192003;2.20199;-0.0620816;-3.55702;0.7;0.7
-2.03975;0.215722;2.05112;0.0180613;1.03484;0.7;0.7
-2.00945;0.148205;2.01491;-0.0317468;-1.81896;0.7;0.7
-1.93197;0.127613;1.93618;-0.00766321;-0.43907;0.7;0.7
-1.93897;0.166229;1.94608;0.019564;1.12094;0.7;0.7
-1.99401;0.446193;2.04332;0.134619;7.71309;0.7;0.7
-2.06413;0.443713;2.11128;-0.00839828;-0.481186;0.7;0.7
-1.93474;0.437794;1.98365;0.010791;0.618279;0.7;0.7
-2.20806;0.38178;2.24082;-0.0513229;-2.94059;0.7;0.7
-2.26078;0.157206;2.26624;-0.101786;-5.83189;0.7;0.7
-1.80435;-0.278306;1.82569;-0.22246;-12.746;0.7;0.7
-1.98062;-0.336044;2.00892;-0.0150301;-0.861164;0.7;0.7
-2.05486;-0.325012;2.08041;0.0111982;0.64161;0.7;0.7
-1.99019;-0.340854;2.01917;-0.0127536;-0.730727;0.7;0.7
-1.92213;-0.39562;1.96242;-0.0333678;-1.91184;0.7;0.7
-1.85304;-0.282992;1.87453;0.0514428;2.94745;0.7;0.7
-1.98017;-0.300272;2.00281;0.00105363;0.0603684;0.7;0.7
-1.99869;-0.395393;2.03742;-0.0448116;-2.56751;0.7;0.7
-1.98973;-0.31902;2.01515;0.0363245;2.08124;0.7;0.7
-2.00876;-0.161941;2.01528;0.0785363;4.4998;0.7;0.7
-1.96089;-0.15515;1.96702;0.00148567;0.0851224;0.7;0.7
-2.19078;-0.184963;2.19857;-0.00527066;-0.301986;0.7;0.7
-1.85999;-0.268008;1.8792;-0.0588774;-3.37343;0.7;0.7
-1.98382;-0.285962;2.00432;-5.54435e-05;-0.00317668;0.7;0.7
-2.00952;-0.337248;2.03762;-0.0231148;-1.32438;0.7;0.7
-1.85267;-0.401231;1.89562;-0.0469998;-2.69289;0.7;0.7
-1.95018;-0.212911;1.96177;0.104532;5.98922;0.7;0.7
-1.81915;-0.0126135;1.81919;0.101811;5.83331;0.7;0.7
-2.18709;-0.0402755;2.18746;-0.0114794;-0.65772;0.7;0.7
-2.12202;-0.101318;2.12443;-0.029297;-1.6786;0.7;0.7
-1.9389;-0.0435003;1.93939;0.0252783;1.44834;0.7;0.7
-1.97948;-0.0289508;1.9797;0.0078074;0.447331;0.7;0.7
-2.04402;-0.0358577;2.04434;-0.0029165;-0.167103;0.7;0.7
-1.93675;-0.125829;1.94083;-0.0473372;-2.71222;0.7;0.7
-2.1728;-0.099485;2.17507;0.0191234;1.09569;0.7;0.7
-2.04683;-0.118008;2.05023;-0.0118354;-0.678119;0.7;0.7
-1.83224;-0.251939;1.84948;-0.0790562;-4.52958;0.7;0.7
-2.16404;-0.400517;2.20079;-0.0463611;-2.6563;0.7;0.7
-1.89569;-0.275791;1.91565;0.0385378;2.20805;0.7;0.7
-1.8733;-0.0812368;1.87507;0.101131;5.79439;0.7;0.7
-2.09766;-0.182335;2.10557;-0.0433667;-2.48473;0.7;0.7
-2.11596;-0.0700337;2.11712;0.0536193;3.07216;0.7;0.7
-1.75446;-0.269567;1.77505;-0.119369;-6.83933;0.7;0.7
-2.40227;-0.0183252;2.40234;0.144826;8.29794;0.7;0.7
-2.0024;-0.122317;2.00613;-0.0533814;-3.05853;0.7;0.7
-1.98798;-0.157576;1.99422;-0.0180894;-1.03645;0.7;0.7
-2.11822;-0.0430068;2.11866;0.0587986;3.36891;0.7;0.7
-1.71732;-0.136364;1.72273;-0.0589382;-3.37691;0.7;0.7
-1.89088;-0.0801256;1.89257;0.0368892;2.11359;0.7;0.7
-1.96032;-0.191925;1.9697;-0.0552442;-3.16526;0.7;0.7
-1.96961;-0.463699;2.02346;-0.133623;-7.65602;0.7;0.7
-1.94469;-0.314324;1.96993;0.07097;4.06628;0.7;0.7
-1.97287;-0.318381;1.9984;0.000246562;0.0141269;0.7;0.7
-1.87699;-0.270387;1.89636;0.0169301;0.970021;0.7;0.7
-2.12034;-0.421118;2.16176;-0.0529874;-3.03596;0.7;0.7
-1.98276;-0.479379;2.03988;-0.0411647;-2.35856;0.7;0.7
-1.99341;-0.428865;2.03902;0.0253101;1.45016;0.7;0.7
-1.99446;-0.302731;2.0173;0.0612757;3.51084;0.7;0.7
-2.05085;-0.239412;2.06477;0.0344238;1.97234;0.7;0.7
-1.92607;-0.259962;1.94354;-0.017947;-1.02829;0.7;0.7
-1.63463;-0.257027;1.65471;-0.0218029;-1.24921;0.7;0.7
-1.98478;-0.306995;2.00839;0.00250409;0.143474;0.7;0.7
-1.78193;-0.269435;1.80219;0.00339117;0.194299;0.7;0.7
-1.86683;-0.096841;1.86934;0.0982389;5.62867;0.7;0.7
-2.11327;-0.348618;2.14183;-0.111666;-6.39797;0.7;0.7
-1.96067;-0.310267;1.98507;0.00654988;0.375281;0.7;0.7
-1.95677;-0.447499;2.00728;-0.0678834;-3.88944;0.7;0.7
-1.95337;-0.549088;2.02908;-0.0491995;-2.81892;0.7;0.7
-1.92116;-0.392909;1.96093;0.0722919;4.14202;0.7;0.7
-1.9781;-0.400279;2.0182;0.00207576;0.118932;0.7;0.7
-2.10552;-0.570953;2.18156;-0.065143;-3.73242;0.7;0.7
-1.79442;-0.481134;1.85781;0.00283623;0.162504;0.7;0.7
-2.05352;-0.60344;2.14035;-0.023845;-1.36622;0.7;0.7
-1.98186;-0.760562;2.12279;-0.0806186;-4.6191;0.7;0.7
-1.89897;-0.694689;2.02205;0.0157279;0.901142;0.7;0.7
-1.86299;-0.666995;1.97879;0.00689541;0.395078;0.7;0.7
-1.77273;-0.735601;1.91929;-0.0495257;-2.83761;0.7;0.7
-1.79764;-0.614001;1.89961;0.0641965;3.67819;0.7;0.7
-1.87979;-0.605605;1.97494;0.0174689;1.00089;0.7;0.7
-1.90403;-0.670887;2.01876;-0.0271021;-1.55284;0.7;0.7
-1.83001;-0.764814;1.9834;-0.0570986;-3.27151;0.7;0.7
-1.77052;-0.940678;2.0049;-0.092505;-5.30014;0.7;0.7
-1.7628;-0.868286;1.96504;0.0306929;1.75857;0.7;0.7
-1.87883;-0.911527;2.08827;0.00597566;0.34238;0.7;0.7
-1.75926;-0.793877;1.93008;0.0278045;1.59308;0.7;0.7
-1.87186;-1.04437;2.1435;-0.0850136;-4.87092;0.7;0.7
-1.76801;-0.972919;2.01803;0.00584726;0.335023;0.7;0.7
-2.04263;-1.01182;2.2795;0.0431432;2.47192;0.7;0.7
-1.7891;-0.873208;1.99082;0.00586282;0.335915;0.7;0.7
-1.78279;-0.742559;1.93125;0.0593974;3.40322;0.7;0.7
-1.9454;-0.479027;2.00351;0.153229;8.77939;0.7;0.7
-1.54741;-0.354103;1.58741;0.0164698;0.94365;0.7;0.7
-1.83139;-0.62935;1.93651;-0.106041;-6.07571;0.7;0.7
-1.89052;-0.648042;1.9985;0.000770826;0.0441651;0.7;0.7
-1.87404;-0.495996;1.93857;0.0714994;4.09661;0.7;0.7
-2.06093;-0.190877;2.06975;0.16638;9.53287;0.7;0.7
-2.04928;-0.266484;2.06653;-0.0369586;-2.11757;0.7;0.7
-2.06126;-0.224314;2.07343;0.0209152;1.19835;0.7;0.7
-1.95422;-0.276118;1.97363;-0.0319671;-1.83158;0.7;0.7
-1.82949;-0.29706;1.85345;-0.0206039;-1.18052;0.7;0.7
-1.91296;-0.3006;1.93644;0.00510429;0.292454;0.7;0.7
-2.06693;-0.421935;2.10956;-0.0455052;-2.60726;0.7;0.7
-2.00597;-0.371523;2.04009;0.0182359;1.04484;0.7;0.7
-2.08584;-0.23232;2.09874;0.0722108;4.13738;0.7;0.7
-2.34113;-0.22601;2.35201;0.0146815;0.841188;0.7;0.7
-2.0415;-0.0597721;2.04238;0.0669706;3.83713;0.7;0.7
-1.93375;-0.0491057;1.93438;0.00388164;0.222401;0.7;0.7
-1.9628;0.0382126;1.96317;0.0448545;2.56997;0.7;0.7
-2.0529;0.15178;2.0585;0.054334;3.11311;0.7;0.7
-1.72298;0.00550127;1.72299;-0.0706071;-4.04549;0.7;0.7
-1.81661;-0.0435148;1.81713;-0.0271422;-1.55513;0.7;0.7
-2.00072;-0.0482434;2.0013;-0.000159062;-0.00911358;0.7;0.7
-1.93185;0.212188;1.94347;0.133506;7.64935;0.7;0.7
-1.94538;0.169335;1.95273;-0.0225722;-1.29329;0.7;0.7
-2.04229;0.096001;2.04455;-0.0398538;-2.28346;0.7;0.7
-1.84142;0.0831273;1.8433;-0.00185954;-0.106544;0.7;0.7
-2.03834;0.0812295;2.03996;-0.00528263;-0.302672;0.7;0.7
-1.96939;0.177806;1.9774;0.0502108;2.87687;0.7;0.7
-1.96802;0.164969;1.97492;-0.00641103;-0.367325;0.7;0.7
-1.75338;0.221989;1.76738;0.0423066;2.42399;0.7;0.7
-1.95958;0.20008;1.96977;-0.0241852;-1.38571;0.7;0.7
-2.03157;0.175125;2.03911;-0.0157617;-0.903077;0.7;0.7
-1.9193;0.119979;1.92305;-0.0235589;-1.34983;0.7;0.7
-1.97755;0.137796;1.98235;0.00713729;0.408937;0.7;0.7
-1.95463;0.0628154;1.95563;-0.037442;-2.14527;0.7;0.7
-2.07878;0.188639;2.08732;0.0583715;3.34444;0.7;0.7
-1.76815;0.277579;1.7898;0.0652204;3.73685;0.7;0.7
-2.05382;0.255571;2.06966;-0.0319171;-1.82871;0.7;0.7
-1.94099;0.185016;1.94979;-0.0287674;-1.64825;0.7;0.7
-1.90648;0.209299;1.91793;0.0143121;0.820024;0.7;0.7
-2.04402;0.343316;2.07265;0.057063;3.26947;0.7;0.7
-2.11621;0.324191;2.1409;-0.0143962;-0.824844;0.7;0.7
-2.0124;0.253376;2.02829;-0.0267641;-1.53347;0.7;0.7
-2.15977;-0.0557131;2.16049;-0.151038;-8.65385;0.7;0.7
-1.89248;-0.145585;1.89807;-0.0509867;-2.92132;0.7;0.7
-2.03059;-0.144606;2.03573;0.00568316;0.325621;0.7;0.7
-1.77493;-0.273566;1.79589;-0.0818305;-4.68854;0.7;0.7
-2.11753;-0.420476;2.15887;-0.0430949;-2.46915;0.7;0.7
-1.95535;-0.417296;1.99939;-0.0142388;-0.815825;0.7;0.7
-2.0068;-0.48955;2.06565;-0.0290146;-1.66242;0.7;0.7
-1.76027;-0.502507;1.83059;-0.0388028;-2.22324;0.7;0.7
-1.91688;-0.558601;1.99661;-0.00548447;-0.314237;0.7;0.7
-1.87311;-0.528501;1.94624;0.0085566;0.490257;0.7;0.7
-2.29523;-0.597468;2.37172;0.0203467;1.16578;0.7;0.7
-2.05412;-0.39163;2.09112;0.0662612;3.79648;0.7;0.7
-2.10219;-0.268257;2.11924;0.0614731;3.52215;0.7;0.7
-1.9244;-0.388109;1.96315;-0.0720857;-4.13021;0.7;0.7
-2.23637;-0.398154;2.27153;0.022818;1.30738;0.7;0.7
-1.96959;-0.299988;1.9923;0.0250413;1.43476;0.7;0.7
-2.26934;-0.388319;2.30232;-0.0183256;-1.04998;0.7;0.7
-1.97068;-0.380172;2.00701;-0.0210991;-1.20889;0.7;0.7
-1.9649;-0.374335;2.00024;0.00231807;0.132816;0.7;0.7
-1.93151;-0.323237;1.95837;0.0224426;1.28587;0.7;0.7
-1.96864;-0.285833;1.98928;0.0216269;1.23913;0.7;0.7
-1.96976;-0.283534;1.99006;0.00122394;0.0701268;0.7;0.7
-1.98818;-0.255752;2.00456;0.0150278;0.861031;0.7;0.7
-1.97842;-0.230978;1.99186;0.0117116;0.671025;0.7;0.7
-1.97205;-0.253571;1.98829;-0.0116583;-0.667974;0.7;0.7
-2.02967;-0.0986277;2.03206;0.0793258;4.54504;0.7;0.7
-1.97339;-0.31946;1.99908;-0.111937;-6.41352;0.7;0.7
-1.94305;-0.334661;1.97166;-0.0100699;-0.576965;0.7;0.7
-1.98741;-0.250835;2.00318;0.0450138;2.5791;0.7;0.7
-1.90872;-0.284388;1.92979;-0.0223581;-1.28103;0.7;0.7
-1.98003;-0.415816;2.02322;-0.0590907;-3.38565;0.7;0.7
-1.94505;-0.535731;2.01748;-0.0617715;-3.53925;0.7;0.7
-1.91019;-0.54679;1.98691;-0.0100252;-0.574402;0.7;0.7
-2.00187;-0.627836;2.09801;-0.0251163;-1.43906;0.7;0.7
-1.90047;-0.59244;1.99067;0.00172303;0.0987226;0.7;0.7
-1.84567;-0.297726;1.86953;0.142254;8.15055;0.7;0.7
-2.09217;-0.353605;2.12185;-0.00749796;-0.429602;0.7;0.7
-1.8952;-0.0642601;1.89629;0.133537;7.65112;0.7;0.7
-2.02744;0.0856908;2.02925;0.0761342;4.36217;0.7;0.7
-2.07155;0.0193096;2.07164;-0.0329194;-1.88614;0.7;0.7
-1.91942;0.0535924;1.92017;0.0185928;1.06529;0.7;0.7
-2.11221;0.140009;2.11685;0.0382746;2.19297;0.7;0.7
-1.95909;0.0984071;1.96156;-0.0159997;-0.916717;0.7;0.7
-1.94804;0.252022;1.96428;0.0784684;4.49591;0.7;0.7
-2.02559;0.250576;2.04103;-0.00557753;-0.319569;0.7;0.7
-2.01098;0.200808;2.02098;-0.0235538;-1.34953;0.7;0.7
-1.82985;0.0862829;1.83189;-0.0524079;-3.00275;0.7;0.7
-2.16122;0.231398;2.17357;0.0595442;3.41163;0.7;0.7
-2.00602;0.157558;2.0122;-0.0282806;-1.62036;0.7;0.7
-1.87885;-0.0898215;1.88099;-0.126152;-7.22797;0.7;0.7
-2.00859;-0.216605;2.02024;-0.0596535;-3.41789;0.7;0.7
-2.13843;-0.306358;2.16026;-0.0348711;-1.99797;0.7;0.7
-2.01628;-0.403785;2.05631;-0.0553527;-3.17148;0.7;0.7
-1.95666;-0.327544;1.98388;0.0317856;1.82118;0.7;0.7
-2.27545;-0.340523;2.30079;0.0173138;0.992009;0.7;0.7
-1.88656;-0.242103;1.90203;0.0209148;1.19833;0.7;0.7
-2.01841;-0.124293;2.02223;0.0661316;3.78906;0.7;0.7
-1.88542;-0.115144;1.88893;0.000506878;0.029042;0.7;0.7
-2.01531;-0.125915;2.01924;-0.00140288;-0.0803793;0.7;0.7
-1.99225;-0.127976;1.99636;-0.00175094;-0.100322;0.7;0.7
-2.00744;-0.14502;2.01267;-0.00796725;-0.45649;0.7;0.7
-2.15862;-0.116197;2.16174;0.0183387;1.05073;0.7;0.7
-2.10163;-0.133371;2.10586;-0.00959836;-0.549946;0.7;0.7
-2.00325;-0.135275;2.00781;-0.00404971;-0.232031;0.7;0.7
-2.01747;-0.120055;2.02104;0.00798746;0.457648;0.7;0.7
-2.02178;-0.180437;2.02982;-0.0295726;-1.69438;0.7;0.7
-2.08694;-0.168072;2.0937;0.00864876;0.495538;0.7;0.7
-1.95449;-0.200442;1.96474;-0.0218356;-1.25109;0.7;0.7
-1.9658;-0.0530235;1.96651;0.0752309;4.31041;0.7;0.7
-1.96233;0.142114;1.96747;0.0992609;5.68723;0.7;0.7
-1.82049;0.204396;1.83193;0.0395126;2.2639;0.7;0.7
-1.93044;0.143383;1.93575;-0.037668;-2.15822;0.7;0.7
-1.91116;0.0673159;1.91235;-0.0389311;-2.23059;0.7;0.7
-1.9467;0.100186;1.94927;0.0162111;0.92883;0.7;0.7
-2.0289;0.222804;2.04109;0.0579583;3.32076;0.7;0.7
-1.90039;0.276593;1.92041;0.0351537;2.01416;0.7;0.7
-2.01251;0.321155;2.03797;0.0137141;0.785763;0.7;0.7
-1.87469;0.247439;1.89095;-0.0270143;-1.5478;0.7;0.7
-2.13773;0.392708;2.1735;0.0504465;2.89037;0.7;0.7
-2.02864;0.419393;2.07154;0.0221864;1.27119;0.7;0.7
-1.84895;0.564462;1.93319;0.0924375;5.29628;0.7;0.7
-1.92419;0.607354;2.01777;0.00944299;0.541044;0.7;0.7
-1.96594;0.5368;2.0379;-0.0391912;-2.24549;0.7;0.7
-1.91382;0.527081;1.98507;0.00219281;0.125639;0.7;0.7
-1.9489;0.547021;2.02421;0.00489523;0.280476;0.7;0.7
-1.6233;0.598383;1.73007;0.079526;4.5565;0.7;0.7
-1.66113;0.68252;1.79588;0.036681;2.10167;0.7;0.7
-1.85643;0.749092;2.00186;-0.00631694;-0.361934;0.7;0.7
-1.86465;0.743839;2.00754;-0.0039593;-0.226851;0.7;0.7
-1.838;0.76109;1.98935;0.0130175;0.745847;0.7;0.7
-1.85163;0.729666;1.99021;-0.0172078;-0.985935;0.7;0.7
-1.66804;0.869072;1.88086;0.104936;6.01239;0.7;0.7
-1.92753;0.862099;2.11154;-0.0597488;-3.42335;0.7;0.7
-1.66457;0.742594;1.8227;-0.000948774;-0.0543608;0.7;0.7
-2.05909;0.938528;2.26289;0.00804534;0.460964;0.7;0.7
-1.70487;0.785129;1.87697;0.00390283;0.223615;0.7;0.7
-1.7421;0.837798;1.93308;0.0166937;0.956477;0.7;0.7
-1.738;0.730748;1.88538;-0.0502489;-2.87905;0.7;0.7
-1.97425;0.753595;2.11319;-0.0333699;-1.91196;0.7;0.7
-1.87577;0.621171;1.97594;-0.0448537;-2.56993;0.7;0.7
-1.91431;0.497148;1.97781;-0.0657015;-3.76442;0.7;0.7
-1.89286;0.578439;1.97927;0.0424891;2.43445;0.7;0.7
-1.8836;0.548775;1.96192;-0.0130809;-0.749479;0.7;0.7
-1.89005;0.781965;2.04542;0.108788;6.23308;0.7;0.7
-1.8676;0.769632;2.01996;-0.00139193;-0.0797519;0.7;0.7
-1.83351;0.70318;1.96372;-0.0246754;-1.4138;0.7;0.7
-1.86966;0.659472;1.98256;-0.0271182;-1.55376;0.7;0.7
-1.8263;0.693808;1.95365;0.0239601;1.37281;0.7;0.7
-1.86306;0.600596;1.95748;-0.0512063;-2.93391;0.7;0.7
-1.82717;0.429665;1.87701;-0.0808943;-4.6349;0.7;0.7
-1.84391;0.495377;1.90929;0.0315013;1.80489;0.7;0.7
-2.07642;0.573439;2.15415;0.00699176;0.400598;0.7;0.7
-1.89945;0.340902;1.9298;-0.0918676;-5.26363;0.7;0.7
-2.09342;0.474988;2.14663;0.045535;2.60897;0.7;0.7
-1.92777;0.467723;1.9837;0.0149064;0.854074;0.7;0.7
-1.92646;0.485867;1.98678;0.00903121;0.51745;0.7;0.7
-1.85775;0.642248;1.96563;0.0857945;4.91566;0.7;0.7
-1.72403;0.531743;1.80417;-0.0336773;-1.92957;0.7;0.7
-1.91106;0.585701;1.9988;-0.0017817;-0.102084;0.7;0.7
-2.00348;0.570111;2.08302;-0.0201591;-1.15503;0.7;0.7
-1.90447;0.427755;1.95192;-0.0562935;-3.22538;0.7;0.7
-1.87511;0.429443;1.92365;0.00420181;0.240746;0.7;0.7
-1.94023;0.456075;1.99311;0.00573016;0.328314;0.7;0.7
-1.95847;0.402414;1.99938;-0.0282172;-1.61673;0.7;0.7
-1.84602;0.592175;1.93867;0.107762;6.17429;0.7;0.7
-1.87742;0.590218;1.96801;-0.00582145;-0.333545;0.7;0.7
-1.71899;0.513899;1.79416;-0.0140958;-0.807629;0.7;0.7
-1.91509;0.668467;2.0284;0.0453334;2.59741;0.7;0.7
-1.89573;0.645078;2.00248;-0.00784223;-0.449327;0.7;0.7
-1.87451;0.666547;1.98949;0.0136528;0.782249;0.7;0.7
-1.98687;0.678385;2.09949;-0.0126179;-0.722953;0.7;0.7
-1.84272;0.755223;1.99148;0.0599369;3.43413;0.7;0.7
-1.85155;0.756566;2.00016;-0.00105287;-0.0603248;0.7;0.7
-1.92538;0.843061;2.10187;0.0248108;1.42155;0.7;0.7
-1.73373;0.651847;1.85222;-0.0530901;-3.04184;0.7;0.7
-2.24021;0.774724;2.37038;-0.0266759;-1.52842;0.7;0.7
-1.87444;0.759457;2.02245;0.0519975;2.97924;0.7;0.7
-1.88078;0.770588;2.03252;0.00390483;0.22373;0.7;0.7
-1.87587;0.731404;2.01341;-0.0170841;-0.978847;0.7;0.7
-1.94451;0.66614;2.05544;-0.0417253;-2.39068;0.7;0.7
-1.9118;0.598041;2.00316;-0.0268735;-1.53974;0.7;0.7
-1.85341;0.472795;1.91277;-0.0534043;-3.05984;0.7;0.7
-1.94168;0.496719;2.00421;0.000680013;0.0389619;0.7;0.7
-1.92743;0.530452;1.99909;0.0181154;1.03794;0.7;0.7
-1.96974;0.490115;2.0298;-0.0246926;-1.41478;0.7;0.7
-2.1506;0.479475;2.2034;-0.0245083;-1.40422;0.7;0.7
-2.04758;0.310058;2.07092;-0.0690769;-3.95782;0.7;0.7
-2.10881;0.31309;2.13192;-0.00289401;-0.165814;0.7;0.7
-2.04897;0.276629;2.06756;-0.0131938;-0.755949;0.7;0.7
-1.9483;0.271629;1.96715;0.00432799;0.247975;0.7;0.7
-1.97933;0.28264;1.9994;0.00331206;0.189767;0.7;0.7
-1.95077;0.280308;1.9708;0.000876894;0.0502423;0.7;0.7
-1.96411;0.297849;1.98657;0.00778438;0.446012;0.7;0.7
-1.74682;0.506306;1.81871;0.131616;7.54103;0.7;0.7
-1.90789;0.554882;1.98695;0.000913028;0.0523127;0.7;0.7
-1.92535;0.535294;1.99838;-0.0118515;-0.679041;0.7;0.7
-1.95104;0.555036;2.02845;0.00598423;0.342871;0.7;0.7
-2.0262;0.650874;2.12817;0.0336574;1.92842;0.7;0.7
-1.99291;0.481403;2.05023;-0.0738009;-4.22848;0.7;0.7
-1.95864;0.492027;2.01949;0.0090994;0.521357;0.7;0.7
-1.91129;0.371134;1.94699;-0.0543229;-3.11247;0.7;0.7
-2.15196;0.229424;2.16415;-0.0855825;-4.90351;0.7;0.7
-1.83397;0.37287;1.87149;0.0943684;5.40691;0.7;0.7
-1.92958;0.359754;1.96283;-0.0162536;-0.931264;0.7;0.7
-1.91238;0.315508;1.93823;-0.0208163;-1.19269;0.7;0.7
-2.1488;0.190581;2.15723;-0.0750485;-4.29996;0.7;0.7
-2.03648;0.221612;2.0485;0.0199343;1.14215;0.7;0.7
-2.02726;0.22726;2.03996;0.00324083;0.185686;0.7;0.7
-2.07792;0.299008;2.09933;0.0312808;1.79226;0.7;0.7
-2.06213;0.218814;2.0737;-0.0372013;-2.13148;0.7;0.7
-2.09391;0.239128;2.10753;0.00799375;0.458008;0.7;0.7
-2.07137;0.314314;2.09508;0.0368843;2.11332;0.7;0.7
-2.01142;0.46323;2.06408;0.0757596;4.3407;0.7;0.7
-1.93692;0.484849;1.99668;0.018927;1.08444;0.7;0.7
-1.90054;0.44628;1.95223;-0.0146406;-0.838847;0.7;0.7
-1.92118;0.515079;1.98903;0.0313061;1.79371;0.7;0.7
-1.93206;0.518612;2.00045;0.000297782;0.0170617;0.7;0.7
-1.99455;0.823991;2.15806;0.129523;7.42109;0.7;0.7
-1.8442;0.667513;1.96129;-0.0444824;-2.54865;0.7;0.7
-1.88914;0.640794;1.99486;-0.0202622;-1.16094;0.7;0.7
-1.86388;0.639267;1.97046;0.00338256;0.193807;0.7;0.7
-1.95157;0.64137;2.05426;-0.012881;-0.738026;0.7;0.7
-1.96992;0.668531;2.08027;0.00965045;0.55293;0.7;0.7
-2.03334;0.790785;2.1817;0.0437365;2.50591;0.7;0.7
-1.72775;0.592222;1.82643;-0.0406888;-2.3313;0.7;0.7
-1.84499;0.646766;1.95507;0.00694646;0.398003;0.7;0.7
-2.05579;0.646213;2.15497;-0.0326095;-1.86839;0.7;0.7
-1.79269;0.5997;1.89034;0.018265;1.04651;0.7;0.7
-1.87539;0.675795;1.99344;0.0230414;1.32018;0.7;0.7
-2.01818;0.705367;2.13789;-0.00962903;-0.551703;0.7;0.7
-1.98063;0.687523;2.09656;-0.00212469;-0.121736;0.7;0.7
-1.79084;0.758787;1.94495;0.0666631;3.81952;0.7;0.7
-1.89315;0.77583;2.04595;-0.0118395;-0.678356;0.7;0.7
-1.849;0.765012;2.00101;0.00336336;0.192706;0.7;0.7
-1.81775;0.734898;1.96069;-0.00809868;-0.46402;0.7;0.7
-1.83431;0.714434;1.96853;-0.0127905;-0.73284;0.7;0.7
-1.81506;0.703698;1.94669;-0.00154978;-0.0887959;0.7;0.7
-1.78734;0.894287;1.99858;0.0940655;5.38956;0.7;0.7
-1.74107;0.933823;1.97569;0.0283792;1.62601;0.7;0.7
-1.88298;0.810699;2.05009;-0.0857493;-4.91307;0.7;0.7
-2.03694;0.773105;2.17872;-0.0438067;-2.50994;0.7;0.7
-1.97059;0.39378;2.00955;-0.165517;-9.4834;0.7;0.7
-1.92718;0.133976;1.93183;-0.127823;-7.32373;0.7;0.7
-2.03723;0.138952;2.04196;-0.00130625;-0.0748429;0.7;0.7
-2.0039;0.11367;2.00712;-0.0114376;-0.655327;0.7;0.7
-1.9184;0.0172009;1.91847;-0.0476975;-2.73287;0.7;0.7
-2.06844;-0.223829;2.08052;-0.116758;-6.68974;0.7;0.7
-1.80043;0.110312;1.8038;0.168985;9.68214;0.7;0.7
-2.08167;0.116508;2.08493;-0.00528306;-0.302697;0.7;0.7
-2.08433;-0.00211835;2.08434;-0.0569264;-3.26165;0.7;0.7
-1.93179;-0.0506347;1.93245;-0.025189;-1.44322;0.7;0.7
-2.00531;-0.0730944;2.00664;-0.0102291;-0.586083;0.7;0.7
-1.91135;-0.109901;1.9145;-0.0210015;-1.2033;0.7;0.7
-1.93142;-0.0683262;1.93263;0.0220745;1.26478;0.7;0.7
-2.12591;-0.332507;2.15176;-0.119788;-6.86337;0.7;0.7
-1.90395;-0.426935;1.95123;-0.065438;-3.74932;0.7;0.7
-1.98882;-0.523067;2.05645;-0.0365916;-2.09655;0.7;0.7
-1.85747;-0.681424;1.97852;-0.094432;-5.41055;0.7;0.7
-1.86148;-0.692303;1.98605;-0.00444762;-0.25483;0.7;0.7
-1.86519;-0.781824;2.02242;-0.0408594;-2.34107;0.7;0.7
-1.80223;-0.866602;1.99976;-0.0512928;-2.93886;0.7;0.7
-1.6584;-1.00656;1.93997;-0.0973012;-5.57495;0.7;0.7
-1.67938;-1.01965;1.96469;-0.000154626;-0.0088594;0.7;0.7
-1.50183;-1.12641;1.87731;-0.0978516;-5.60648;0.7;0.7
-1.52513;-1.27898;1.99042;-0.0543217;-3.1124;0.7;0.7
-1.58786;-1.14687;1.95873;0.0723203;4.14365;0.7;0.7
-1.59269;-1.15431;1.967;-0.00162519;-0.0931166;0.7;0.7
-1.67139;-1.22852;2.07431;-0.00670504;-0.38417;0.7;0.7
-1.56267;-1.14584;1.93775;0.00115139;0.0659701;0.7;0.7
-1.58346;-0.988915;1.86689;0.0744385;4.26501;0.7;0.7
-1.69323;-1.05303;1.99397;0.00188896;0.108229;0.7;0.7
-1.57738;-1.19829;1.98092;-0.09329;-5.34512;0.7;0.7
-1.49012;-1.21533;1.92288;-0.0345166;-1.97766;0.7;0.7
-1.65682;-1.42432;2.18489;-0.0259012;-1.48403;0.7;0.7
-1.47816;-1.3158;1.97896;-0.017271;-0.989557;0.7;0.7
-1.38485;-1.37589;1.95215;-0.054803;-3.13998;0.7;0.7
-1.42305;-1.42765;2.01575;-0.00486072;-0.278499;0.7;0.7
-1.46235;-1.54202;2.12516;-0.024896;-1.42644;0.7;0.7
-1.34643;-1.30649;1.87611;0.0415633;2.3814;0.7;0.7
-1.56491;-1.3839;2.08905;0.0462549;2.65021;0.7;0.7
-1.42601;-1.18851;1.85635;0.029285;1.67791;0.7;0.7
-1.47309;-1.36671;2.00944;-0.0531487;-3.0452;0.7;0.7
-1.40402;-1.36481;1.95806;-0.0232827;-1.334;0.7;0.7
-1.41488;-1.4703;2.04051;-0.0333648;-1.91166;0.7;0.7
-1.33865;-1.43331;1.96122;-0.0149303;-0.855441;0.7;0.7
-1.46289;-1.3481;1.98933;0.0749509;4.29437;0.7;0.7
-1.54638;-1.47139;2.13454;-0.0159713;-0.915088;0.7;0.7
-1.48838;-1.30385;1.97871;0.041147;2.35755;0.7;0.7
-1.60691;-1.2716;2.04917;0.0499731;2.86325;0.7;0.7
-1.70653;-1.20597;2.08964;0.054237;3.10755;0.7;0.7
-1.44724;-1.11489;1.82688;-0.0412052;-2.36089;0.7;0.7
-1.51581;-1.15164;1.90367;0.00668921;0.383263;0.7;0.7
-1.77943;-1.23559;2.16634;0.0427704;2.45056;0.7;0.7
-1.63042;-1.1189;1.97743;0.00549259;0.314702;0.7;0.7
-1.5702;-1.04087;1.88386;0.0160682;0.920637;0.7;0.7
-1.80686;-1.09003;2.11019;0.04256;2.43851;0.7;0.7
-1.72741;-1.05442;2.0238;-0.00521442;-0.298764;0.7;0.7
-1.86426;-1.1193;2.17446;0.00732496;0.419689;0.7;0.7
-1.72988;-1.01518;2.00576;0.0100183;0.574005;0.7;0.7
-1.72356;-0.999007;1.99216;0.00539573;0.309152;0.7;0.7
-1.61565;-0.995429;1.89768;-0.0268898;-1.54067;0.7;0.7
-1.69864;-1.04353;1.99357;0.00129707;0.0743165;0.7;0.7
-1.74584;-0.973946;1.99913;0.0420262;2.40792;0.7;0.7
-1.6301;-0.798646;1.81523;0.0532989;3.0538;0.7;0.7
-1.66634;-1.03811;1.96325;-0.101587;-5.82048;0.7;0.7
-1.6895;-1.07478;2.00239;-0.00942793;-0.54018;0.7;0.7
-1.59586;-1.13392;1.95769;-0.0511878;-2.93284;0.7;0.7
-1.36063;-1.25181;1.84887;-0.125999;-7.21918;0.7;0.7
-1.41817;-1.33081;1.9448;-0.00986567;-0.565261;0.7;0.7
-1.49219;-1.35011;2.01232;0.0181759;1.0414;0.7;0.7
-1.55202;-1.29367;2.02048;0.0405934;2.32583;0.7;0.7
-1.53266;-1.27572;1.99412;0.000700592;0.040141;0.7;0.7
-1.49719;-1.30112;1.98355;-0.021286;-1.2196;0.7;0.7
-1.64474;-1.43512;2.18283;-0.0019974;-0.114443;0.7;0.7
-1.53266;-1.12641;1.90207;0.0836545;4.79305;0.7;0.7
-1.59195;-1.14548;1.96123;0.0100685;0.576885;0.7;0.7
-1.61419;-1.18714;2.00372;-0.0103974;-0.59573;0.7;0.7
-1.56737;-1.17569;1.95931;-0.00944731;-0.541291;0.7;0.7
-1.83603;-1.32701;2.26538;0.017727;1.01568;0.7;0.7
-1.66912;-1.10694;2.00282;0.0402483;2.30606;0.7;0.7
-1.58106;-1.15208;1.95629;-0.044122;-2.52801;0.7;0.7
-1.58072;-1.09491;1.92289;0.0239271;1.37092;0.7;0.7
-1.69211;-1.15833;2.0506;0.00550388;0.315349;0.7;0.7
-1.73431;-1.13099;2.0705;0.0224136;1.2842;0.7;0.7
-1.70239;-0.981074;1.96485;0.055063;3.15488;0.7;0.7
-1.54027;-0.945856;1.80751;-0.0279061;-1.5989;0.7;0.7
-1.64893;-0.857943;1.85877;0.0709528;4.06529;0.7;0.7
-1.78258;-0.889946;1.99238;0.0167136;0.957619;0.7;0.7
-1.98282;-0.750096;2.11996;0.101386;5.809;0.7;0.7
-1.83188;-0.732973;1.97308;-0.0189508;-1.0858;0.7;0.7
-1.84215;-0.803711;2.00984;-0.0307851;-1.76385;0.7;0.7
-1.80962;-0.79417;1.97622;-0.00215605;-0.123533;0.7;0.7
-1.48653;-0.793835;1.68521;-0.0769414;-4.40842;0.7;0.7
-1.77458;-0.944492;2.01027;0.00139088;0.0796915;0.7;0.7
-1.63476;-0.977416;1.90468;-0.0497692;-2.85156;0.7;0.7
-1.64823;-1.00502;1.93048;-0.00869331;-0.49809;0.7;0.7
-1.62287;-1.07711;1.94779;-0.0383876;-2.19945;0.7;0.7
-1.62921;-0.969295;1.89574;0.0492538;2.82204;0.7;0.7
-1.62884;-0.93617;1.87871;0.0150548;0.862577;0.7;0.7
-1.67352;-1.09663;2.00082;-0.0584384;-3.34827;0.7;0.7
-1.735;-1.07659;2.04188;0.0247174;1.4162;0.7;0.7
-1.48803;-1.05784;1.82572;-0.0626389;-3.58894;0.7;0.7
-1.64981;-1.13723;2.00379;0.014485;0.829927;0.7;0.7
-1.7738;-1.10701;2.0909;0.0455748;2.61125;0.7;0.7
-1.72112;-1.18569;2.09;-0.0452983;-2.5954;0.7;0.7
-1.68192;-0.994786;1.95409;0.0691253;3.96059;0.7;0.7
-1.64496;-1.08312;1.96953;-0.0481744;-2.76019;0.7;0.7
-1.75147;-1.08596;2.06081;0.027275;1.56274;0.7;0.7
-1.31806;-0.856805;1.57207;-0.0213964;-1.22592;0.7;0.7
-1.74791;-1.00815;2.01781;0.0532442;3.05067;0.7;0.7
-1.77231;-1.21743;2.15016;-0.0787235;-4.51052;0.7;0.7
-1.64943;-1.18217;2.02932;-0.0199671;-1.14403;0.7;0.7
-1.61107;-1.33003;2.08914;-0.0682741;-3.91182;0.7;0.7
-1.49971;-1.13839;1.88283;0.0408478;2.3404;0.7;0.7
-1.5026;-1.08144;1.8513;0.02545;1.45818;0.7;0.7
-1.71854;-1.11055;2.04614;0.0501213;2.87174;0.7;0.7
-1.80759;-1.06247;2.09672;0.0423272;2.42517;0.7;0.7
-1.69398;-1.08104;2.00953;-0.0366242;-2.09841;0.7;0.7
-1.68486;-1.16373;2.04769;-0.0364477;-2.0883;0.7;0.7
-1.49507;-1.15349;1.88833;-0.0526797;-3.01832;0.7;0.7
-1.11377;-1.3783;1.77206;-0.234013;-13.408;0.7;0.7
-1.18768;-1.67165;2.05061;-0.0619193;-3.54772;0.7;0.7
-1.04186;-1.79534;2.07575;-0.0919063;-5.26584;0.7;0.7
-0.627549;-1.81516;1.92058;-0.192957;-11.0556;0.7;0.7
-0.750972;-1.87421;2.01907;0.0482345;2.76363;0.7;0.7
-0.713754;-1.9871;2.1114;-0.0362567;-2.07736;0.7;0.7
-0.704084;-2.06337;2.18019;-0.0160005;-0.916763;0.7;0.7
-0.533794;-2.13661;2.20228;-0.0840199;-4.81399;0.7;0.7
-0.47542;-1.96692;2.02357;-0.00766206;-0.439004;0.7;0.7
-0.523421;-1.95789;2.02665;0.024072;1.37922;0.7;0.7
-0.634701;-2.03954;2.13602;0.0404676;2.31862;0.7;0.7
-0.567588;-1.89249;1.97577;-0.0103177;-0.591158;0.7;0.7
-0.387305;-2.00587;2.04292;-0.100641;-5.76633;0.7;0.7
-0.471367;-2.12032;2.17208;0.0280131;1.60503;0.7;0.7
-0.430832;-1.91116;1.95912;0.00297137;0.170247;0.7;0.7
-0.601362;-1.88602;1.97957;0.0869386;4.98121;0.7;0.7
-0.687116;-2.04191;2.15442;0.0159414;0.913376;0.7;0.7
-0.695525;-1.93332;2.05463;0.0207359;1.18808;0.7;0.7
-1.05279;-1.95437;2.21989;0.148776;8.52422;0.7;0.7
-0.839139;-1.74131;1.93296;-0.045052;-2.58129;0.7;0.7
-1.00176;-1.86378;2.11594;0.0441257;2.52821;0.7;0.7
-0.828729;-1.75959;1.94498;-0.053026;-3.03817;0.7;0.7
-0.836155;-1.80785;1.99185;-0.00695163;-0.398299;0.7;0.7
-0.806651;-1.72359;1.90301;0.00451442;0.258657;0.7;0.7
-0.879375;-1.75749;1.96522;0.0262082;1.50162;0.7;0.7
-1.04779;-1.92961;2.19574;0.033524;1.92078;0.7;0.7
-1.04676;-1.5718;1.88846;0.0900595;5.16003;0.7;0.7
-1.07831;-1.84808;2.13967;-0.0593363;-3.39972;0.7;0.7
-1.10116;-1.80933;2.11807;0.0185364;1.06206;0.7;0.7
-1.06174;-1.66544;1.97509;0.0208281;1.19336;0.7;0.7
-1.06847;-1.71192;2.01799;-0.00956529;-0.548051;0.7;0.7
-1.0484;-1.68246;1.98237;-0.000723881;-0.0414753;0.7;0.7
-1.07953;-1.79738;2.09666;-0.0163869;-0.938897;0.7;0.7
-1.04315;-1.70291;1.99702;0.00873862;0.500686;0.7;0.7
-1.0546;-1.55544;1.87925;0.0462052;2.64736;0.7;0.7
-1.12532;-1.62105;1.97336;0.0110014;0.630332;0.7;0.7
-1.28295;-1.8216;2.22804;0.00679226;0.389168;0.7;0.7
-1.11294;-1.87332;2.17898;-0.0775343;-4.44239;0.7;0.7
-1.0981;-1.69984;2.02368;0.037485;2.14773;0.7;0.7
-1.21847;-1.55901;1.97868;0.0898444;5.14771;0.7;0.7
-1.23836;-1.63787;2.05332;-0.0160201;-0.917886;0.7;0.7
-1.22127;-1.79235;2.16888;-0.0492626;-2.82254;0.7;0.7
-1.13112;-1.6488;1.99949;0.00316761;0.181491;0.7;0.7
-1.09034;-1.67834;2.00142;-0.025154;-1.44122;0.7;0.7
-0.871459;-1.68276;1.89503;-0.0982887;-5.63153;0.7;0.7
-1.05394;-1.9347;2.20314;0.0209631;1.2011;0.7;0.7
-0.960259;-1.72636;1.97545;0.00881035;0.504796;0.7;0.7
-1.03825;-1.45374;1.78643;0.112572;6.44993;0.7;0.7
-1.14951;-1.64905;2.01016;-0.0114324;-0.655026;0.7;0.7
-1.16153;-1.77297;2.11957;-0.028782;-1.64909;0.7;0.7
-1.1732;-1.66702;2.03847;0.033276;1.90658;0.7;0.7
-1.156;-1.6372;2.00418;0.00154459;0.0884986;0.7;0.7
-1.07938;-1.6076;1.93635;-0.02351;-1.34702;0.7;0.7
-1.18085;-1.62307;2.00717;0.0376867;2.15929;0.7;0.7
-1.13422;-1.74523;2.08141;-0.0526694;-3.01773;0.7;0.7
-0.993849;-1.68715;1.95812;-0.0439604;-2.51874;0.7;0.7
-1.05041;-1.91922;2.18787;-0.0315687;-1.80876;0.7;0.7
-1.01415;-1.70564;1.98437;0.0356524;2.04273;0.7;0.7
-1.05194;-1.80147;2.08611;-0.00790471;-0.452907;0.7;0.7
-1.02721;-1.73537;2.0166;0.00594003;0.340339;0.7;0.7
-0.947641;-1.70482;1.95049;-0.0271309;-1.55449;0.7;0.7
-0.973442;-1.77171;2.02152;-0.00492168;-0.281991;0.7;0.7
-0.917028;-1.80954;2.02864;-0.0333574;-1.91124;0.7;0.7
-0.997752;-1.85869;2.10956;0.0236034;1.35238;0.7;0.7
-1.03791;-1.71273;2.00267;0.0521647;2.98882;0.7;0.7
-1.12602;-1.69243;2.03279;0.0422561;2.4211;0.7;0.7
-1.09301;-1.66318;1.99018;-0.00567124;-0.324938;0.7;0.7
-1.13241;-1.67663;2.02322;0.0126246;0.723336;0.7;0.7
-1.14645;-1.5325;1.91387;0.0482468;2.76434;0.7;0.7
-1.30045;-1.72906;2.16352;0.00257799;0.147708;0.7;0.7
-1.253;-1.60521;2.03635;0.0179339;1.02754;0.7;0.7
-1.20461;-1.55462;1.9667;-0.00356668;-0.204355;0.7;0.7
-1.19179;-1.93016;2.26845;-0.106063;-6.07695;0.7;0.7
-1.05284;-1.68772;1.98919;0.00459467;0.263255;0.7;0.7
-1.09476;-1.74922;2.06356;0.00146033;0.083671;0.7;0.7
-1.01286;-1.5195;1.82613;0.0287234;1.64573;0.7;0.7
-1.10829;-1.66078;1.99662;0.000524246;0.0300371;0.7;0.7
-1.20169;-1.71507;2.09416;0.0227101;1.30119;0.7;0.7
-0.994836;-1.55442;1.84551;-0.0418546;-2.39809;0.7;0.7
-1.1089;-1.73147;2.05612;0.000309852;0.0177532;0.7;0.7
-1.0364;-1.53859;1.8551;0.023162;1.32709;0.7;0.7
-1.2611;-1.68189;2.10217;0.0505885;2.89851;0.7;0.7
-1.17867;-1.80762;2.15795;-0.0655572;-3.75615;0.7;0.7
-1.03923;-1.32556;1.68437;0.0870812;4.98938;0.7;0.7
-1.22246;-1.5836;2.00054;-0.00749986;-0.42971;0.7;0.7
-1.13732;-1.60918;1.97052;-0.0421452;-2.41474;0.7;0.7
-1.19712;-1.84794;2.20181;-0.0404185;-2.31581;0.7;0.7
-1.24177;-1.78188;2.17189;0.0337966;1.9364;0.7;0.7
-1.04122;-1.39585;1.74142;0.0322625;1.84851;0.7;0.7
-1.29421;-1.5622;2.02865;0.0509541;2.91946;0.7;0.7
-1.2961;-1.49504;1.97864;0.0223946;1.28312;0.7;0.7
-1.35601;-1.77337;2.2324;-0.0614333;-3.51987;0.7;0.7
-1.20651;-1.52061;1.94112;0.0179151;1.02646;0.7;0.7
-1.41424;-1.58111;2.12132;0.0590161;3.38137;0.7;0.7
-1.33054;-1.5265;2.02498;-0.0128262;-0.734888;0.7;0.7
-1.32045;-1.53168;2.02229;-0.00544295;-0.311858;0.7;0.7
-1.17931;-1.41151;1.83933;-0.0154623;-0.885923;0.7;0.7
-1.27984;-1.53322;1.99719;-0.000443458;-0.0254083;0.7;0.7
-1.24491;-1.60402;2.03044;-0.0355615;-2.03752;0.7;0.7
-1.23807;-1.68118;2.08786;-0.025248;-1.4466;0.7;0.7
-1.05149;-1.51009;1.84011;-0.0265134;-1.51911;0.7;0.7
-1.26908;-1.47245;1.94388;0.103106;5.90756;0.7;0.7
-1.27206;-1.50358;1.96949;-0.00917456;-0.525663;0.7;0.7
-1.30061;-1.31963;1.85283;0.0759617;4.35228;0.7;0.7
-1.39964;-1.39967;1.97941;0.00724844;0.415305;0.7;0.7
-1.42588;-1.48568;2.05922;-0.0205282;-1.17618;0.7;0.7
-1.35163;-1.48756;2.00991;-0.0273024;-1.56431;0.7;0.7
-1.31432;-1.4441;1.95266;0.000829312;0.0475161;0.7;0.7
-1.3357;-1.4668;1.98384;0.000265033;0.0151853;0.7;0.7
-1.3291;-1.67465;2.13798;-0.0677903;-3.8841;0.7;0.7
-1.30517;-1.45994;1.95829;0.0586244;3.35893;0.7;0.7
-1.43293;-1.92372;2.39875;-0.0892716;-5.11488;0.7;0.7
-1.11534;-1.91476;2.21591;-0.112766;-6.46104;0.7;0.7
-1.00359;-1.72705;1.99747;-0.0010414;-0.0596677;0.7;0.7
-0.91602;-1.57561;1.82254;0.000204845;0.0117367;0.7;0.7
-0.922369;-1.78879;2.01259;-0.0505307;-2.8952;0.7;0.7
-0.911397;-1.77441;1.99479;-0.00158514;-0.0908217;0.7;0.7
-0.950723;-1.64567;1.90056;0.0493739;2.82892;0.7;0.7
-0.901346;-1.81407;2.02565;-0.0627326;-3.59432;0.7;0.7
-0.961437;-1.79906;2.03984;0.0296604;1.69942;0.7;0.7
-0.659484;-1.60193;1.73237;-0.100262;-5.74458;0.7;0.7
-0.635543;-1.74958;1.86143;-0.0421005;-2.41218;0.7;0.7
-0.585468;-1.8027;1.89539;-0.0344078;-1.97142;0.7;0.7
-0.671882;-1.87555;1.99226;0.0299629;1.71675;0.7;0.7
-0.618067;-1.93278;2.0292;-0.0344849;-1.97584;0.7;0.7
-0.46976;-1.93497;1.99118;-0.0713394;-4.08745;0.7;0.7
-0.316877;-1.84037;1.86745;-0.0676559;-3.8764;0.7;0.7
-0.341509;-1.97913;2.00838;0.000363131;0.0208059;0.7;0.7
-0.234541;-1.90277;1.91717;-0.0482286;-2.76329;0.7;0.7
-0.481305;-1.94128;2.00006;0.120387;6.89765;0.7;0.7
-0.214786;-1.97982;1.99144;-0.134966;-7.73297;0.7;0.7
-0.477527;-1.99983;2.05605;0.12633;7.23819;0.7;0.7
-0.458995;-1.91359;1.96787;0.00101852;0.0583569;0.7;0.7
-0.514123;-1.89232;1.96091;0.0298722;1.71155;0.7;0.7
-0.315262;-2.1599;2.18279;-0.120348;-6.89543;0.7;0.7
-0.293768;-1.99372;2.01525;0.00135588;0.0776861;0.7;0.7
-0.284411;-1.98895;2.00918;-0.00426129;-0.244154;0.7;0.7
-0.0324699;-2.14482;2.14506;-0.126895;-7.27055;0.7;0.7
0.0307874;-2.19203;2.19225;-0.0291818;-1.672;0.7;0.7
0.0350137;-1.95877;1.95908;-0.00382926;-0.219401;0.7;0.7
0.0693732;-1.90755;1.90881;-0.0184782;-1.05872;0.7;0.7
0.0944597;-1.89502;1.89737;-0.0134535;-0.770828;0.7;0.7
0.110184;-2.15249;2.1553;-0.00133951;-0.0767484;0.7;0.7
0.130085;-2.02191;2.02609;-0.0131045;-0.750833;0.7;0.7
0.19779;-2.02639;2.03602;-0.0330493;-1.89359;0.7;0.7
0.257704;-2.00811;2.02458;-0.030335;-1.73807;0.7;0.7
0.297096;-1.72342;1.74884;-0.0430762;-2.46808;0.7;0.7
0.263955;-2.09455;2.11112;0.0453507;2.5984;0.7;0.7
0.24899;-1.98955;2.00507;0.000857579;0.0491356;0.7;0.7
0.265728;-1.90306;1.92152;-0.0142333;-0.81551;0.7;0.7
0.165019;-2.0024;2.00919;0.0565101;3.23779;0.7;0.7
0.162883;-1.9943;2.00094;0.000731146;0.0418916;0.7;0.7
0.213951;-2.02054;2.03184;-0.0240011;-1.37516;0.7;0.7
0.160934;-1.8521;1.85908;0.0188197;1.07829;0.7;0.7
-0.0139733;-1.94635;1.9464;0.0938541;5.37744;0.7;0.7
-0.0268062;-1.95856;1.95874;0.0065067;0.372806;0.7;0.7
-0.149977;-1.80199;1.80822;0.0693514;3.97354;0.7;0.7
-0.0727993;-2.16031;2.16154;-0.0493515;-2.82763;0.7;0.7
-0.128805;-1.98047;1.98465;0.0312606;1.7911;0.7;0.7
-0.0733401;-1.99407;1.99542;-0.0281839;-1.61482;0.7;0.7
-0.0247173;-2.13512;2.13526;-0.0251865;-1.44308;0.7;0.7
0.178135;-2.12987;2.13731;-0.0950185;-5.44416;0.7;0.7
0.108201;-1.94914;1.95214;0.0279872;1.60355;0.7;0.7
0.117411;-1.99512;1.99857;-0.0033258;-0.190555;0.7;0.7
0.240473;-2.06617;2.08012;-0.0570834;-3.27064;0.7;0.7
0.234863;-1.9828;1.99666;-0.00203654;-0.116685;0.7;0.7
0.27751;-1.96928;1.98874;-0.0220964;-1.26603;0.7;0.7
0.225303;-1.98432;1.99707;0.0269401;1.54355;0.7;0.7
0.281645;-1.95024;1.97047;-0.0303669;-1.73989;0.7;0.7
0.260557;-1.81955;1.83811;0.00119272;0.0683377;0.7;0.7
0.271994;-1.96294;1.9817;0.00454421;0.260364;0.7;0.7
0.280545;-2.00712;2.02664;-0.0011876;-0.0680447;0.7;0.7
0.169919;-2.06173;2.06872;0.0566448;3.24551;0.7;0.7
0.170772;-2.16265;2.16938;0.0034293;0.196485;0.7;0.7
0.459045;-2.04684;2.09768;-0.141819;-8.12563;0.7;0.7
0.463195;-1.85112;1.9082;-0.0245695;-1.40773;0.7;0.7
0.123761;-2.12706;2.13066;0.187071;10.7184;0.7;0.7
0.176991;-1.95437;1.96236;-0.0321967;-1.84474;0.7;0.7
0.279199;-1.91774;1.93795;-0.0542566;-3.10867;0.7;0.7
0.23795;-1.88368;1.89865;0.0189154;1.08377;0.7;0.7
0.334434;-2.01434;2.04191;-0.0388692;-2.22704;0.7;0.7
0.355106;-1.84241;1.87632;-0.02588;-1.48281;0.7;0.7
0.392093;-1.99017;2.02843;-0.00411737;-0.235908;0.7;0.7
0.394655;-2.0089;2.0473;0.000540452;0.0309656;0.7;0.7
0.287761;-1.96626;1.9872;0.0486647;2.78828;0.7;0.7
0.470324;-2.30629;2.35376;-0.0558549;-3.20025;0.7;0.7
0.672595;-1.93948;2.05279;-0.132641;-7.59976;0.7;0.7
0.614573;-1.96492;2.05879;0.0306805;1.75786;0.7;0.7
0.570471;-1.76589;1.85575;-0.00933403;-0.534801;0.7;0.7
0.571051;-1.90226;1.98612;0.02083;1.19347;0.7;0.7
0.739204;-1.8951;2.03417;-0.0802708;-4.59918;0.7;0.7
0.706426;-1.82416;1.95617;0.00243146;0.139312;0.7;0.7
0.648539;-1.8713;1.98049;0.0358591;2.05457;0.7;0.7
0.802518;-1.85877;2.02462;-0.0739534;-4.23722;0.7;0.7
0.942813;-1.85744;2.08302;-0.0621283;-3.55969;0.7;0.7
0.858926;-1.73558;1.93649;0.0101466;0.581357;0.7;0.7
1.03837;-1.79436;2.07315;-0.0650447;-3.72679;0.7;0.7
1.00338;-1.72805;1.99823;-0.00146572;-0.0839794;0.7;0.7
1.2022;-1.46415;1.89447;-0.161407;-9.24795;0.7;0.7
1.1398;-1.32628;1.74876;-0.0224511;-1.28636;0.7;0.7
1.33303;-1.56513;2.05587;0.00443985;0.254384;0.7;0.7
1.25147;-1.47115;1.93143;0.000597087;0.0342106;0.7;0.7
1.29892;-1.51699;1.99711;-0.00322713;-0.184901;0.7;0.7
1.30375;-1.5204;2.00284;-0.00072366;-0.0414626;0.7;0.7
1.42973;-1.59125;2.1392;-0.0231455;-1.32614;0.7;0.7
1.28571;-1.65001;2.09179;0.0700441;4.01323;0.7;0.7
1.21919;-1.52871;1.95534;-0.0112944;-0.64712;0.7;0.7
1.19313;-1.44186;1.8715;-0.0180497;-1.03417;0.7;0.7
1.14924;-1.59579;1.96654;0.0671463;3.8472;0.7;0.7
1.12447;-1.79271;2.11619;0.0639215;3.66243;0.7;0.7
1.09886;-1.67183;2.00063;-0.0212612;-1.21818;0.7;0.7
0.993222;-1.68338;1.95454;0.0484266;2.77464;0.7;0.7
0.977563;-1.78065;2.03134;0.0309783;1.77493;0.7;0.7
0.984849;-1.73932;1.99879;-0.0131455;-0.753181;0.7;0.7
1.02305;-1.72066;2.00183;-0.0211998;-1.21466;0.7;0.7
1.01604;-1.70232;1.98249;-0.00168996;-0.0968274;0.7;0.7
1.01365;-1.90792;2.16048;0.0497453;2.8502;0.7;0.7
0.909395;-1.76661;1.98693;0.0129669;0.74295;0.7;0.7
0.822839;-1.81762;1.99519;0.0502933;2.88159;0.7;0.7
0.797291;-1.7974;1.96629;0.00759643;0.435243;0.7;0.7
0.798809;-1.89708;2.0584;0.0189621;1.08645;0.7;0.7
0.741829;-1.72454;1.87732;-0.00769327;-0.440792;0.7;0.7
0.947159;-1.86873;2.09506;-0.062876;-3.60253;0.7;0.7
0.640576;-1.92442;2.02823;0.147779;8.4671;0.7;0.7
0.728512;-2.00232;2.13073;-0.0276152;-1.58224;0.7;0.7
0.706745;-1.88311;2.01136;-0.0100944;-0.578365;0.7;0.7
0.690047;-1.8561;1.98022;0.00310212;0.177738;0.7;0.7
0.678386;-2.02798;2.13843;0.033126;1.89798;0.7;0.7
0.755633;-1.88584;2.0316;-0.0582863;-3.33956;0.7;0.7
0.650396;-2.00121;2.10425;0.0668655;3.83111;0.7;0.7
0.483257;-1.83521;1.89777;0.0567534;3.25173;0.7;0.7
0.522408;-2.02052;2.08696;0.00446971;0.256096;0.7;0.7
0.490171;-1.93446;1.99559;0.00484422;0.277553;0.7;0.7
0.873331;-2.07369;2.25009;-0.150438;-8.61946;0.7;0.7
0.702804;-1.59078;1.73911;-0.0174093;-0.997481;0.7;0.7
0.699396;-1.82262;1.95221;0.0496102;2.84245;0.7;0.7
0.796687;-1.89453;2.05522;-0.0316673;-1.8144;0.7;0.7
0.748244;-1.71401;1.87022;-0.0135388;-0.775716;0.7;0.7
0.777001;-1.83588;1.99354;0.0112382;0.643903;0.7;0.7
0.724249;-1.88054;2.01518;0.0327499;1.87643;0.7;0.7
0.657324;-1.96192;2.06911;0.044334;2.54015;0.7;0.7
0.622086;-1.89433;1.99386;0.00598824;0.343101;0.7;0.7
0.488992;-1.76734;1.83374;0.0473688;2.71403;0.7;0.7
0.529134;-1.96819;2.03807;0.00729673;0.418072;0.7;0.7
0.504884;-2.12535;2.1845;0.0294031;1.68467;0.7;0.7
0.42581;-1.95426;2.00011;0.0186956;1.07118;0.7;0.7
0.386356;-1.98921;2.02638;0.0226972;1.30045;0.7;0.7
0.323909;-1.96185;1.98841;0.0282092;1.61627;0.7;0.7
0.237266;-2.02831;2.04214;0.0471801;2.70322;0.7;0.7
0.399741;-2.03824;2.07707;-0.0772144;-4.42406;0.7;0.7
0.518808;-1.67853;1.75688;-0.106108;-6.07956;0.7;0.7
0.591713;-1.91673;2.00599;0.00034347;0.0196794;0.7;0.7
0.705554;-1.90567;2.03209;-0.0551631;-3.16061;0.7;0.7
0.989358;-1.87593;2.12084;-0.130733;-7.49044;0.7;0.7
0.810568;-1.75898;1.93676;0.0535106;3.06593;0.7;0.7
0.793479;-1.61561;1.79995;-0.0247161;-1.41613;0.7;0.7
0.99045;-1.57425;1.85991;-0.105054;-6.01915;0.7;0.7
1.1773;-1.53001;1.93053;-0.0942658;-5.40103;0.7;0.7
1.24757;-1.5401;1.98201;-0.0249925;-1.43197;0.7;0.7
1.23206;-1.62438;2.03877;0.0319371;1.82986;0.7;0.7
1.03356;-1.64559;1.94325;0.0880961;5.04754;0.7;0.7
0.797303;-1.71952;1.89538;0.126639;7.25589;0.7;0.7
0.846573;-1.81703;2.00457;-0.00183655;-0.105226;0.7;0.7
1.09468;-1.97265;2.25603;-0.070616;-4.046;0.7;0.7
0.999213;-1.73557;2.00266;-0.0157583;-0.902882;0.7;0.7
0.877973;-1.52919;1.7633;0.00118847;0.0680943;0.7;0.7
0.774227;-1.64956;1.82221;0.0823588;4.71881;0.7;0.7
0.859668;-1.88746;2.07401;0.0114447;0.655736;0.7;0.7
0.954464;-1.6117;1.87312;-0.107284;-6.14693;0.7;0.7
1.06376;-1.62295;1.9405;-0.0455242;-2.60834;0.7;0.7
1.02869;-1.75408;2.03347;0.0497926;2.8529;0.7;0.7
0.969723;-1.75832;2.00799;0.0264043;1.51285;0.7;0.7
0.9547;-1.76987;2.01094;0.00931632;0.533786;0.7;0.7
0.934025;-1.74708;1.98108;0.00372352;0.213342;0.7;0.7
0.806384;-1.92741;2.0893;0.0947115;5.42657;0.7;0.7
0.770421;-1.863;2.01602;0.00412634;0.236422;0.7;0.7
0.896912;-1.86154;2.06634;-0.0568711;-3.25848;0.7;0.7
0.879679;-1.77796;1.98367;-0.0104623;-0.599443;0.7;0.7
0.731128;-1.65327;1.80772;0.0430803;2.46832;0.7;0.7
0.818661;-1.81628;1.99225;-0.00709098;-0.406283;0.7;0.7
0.823282;-1.83812;2.01407;0.00236447;0.135474;0.7;0.7
0.824348;-1.7986;1.97851;-0.00865742;-0.496034;0.7;0.7
0.904259;-1.98176;2.17832;0.00168601;0.0966015;0.7;0.7
0.68295;-1.44761;1.60062;-0.0127445;-0.730206;0.7;0.7
0.844133;-1.98773;2.15954;0.039224;2.24737;0.7;0.7
0.786063;-1.84451;2.00502;-0.001263;-0.0723645;0.7;0.7
0.820783;-1.86356;2.03631;-0.0120178;-0.68857;0.7;0.7
0.744906;-1.91503;2.05481;0.0439041;2.51552;0.7;0.7
0.735663;-1.8717;2.01108;-0.00352747;-0.202109;0.7;0.7
0.69396;-1.97929;2.09742;0.0372786;2.1359;0.7;0.7
0.46834;-1.77401;1.83479;0.0791071;4.5325;0.7;0.7
0.448454;-1.70421;1.76223;0.000799473;0.0458064;0.7;0.7
0.591869;-1.85661;1.94867;-0.0512936;-2.93891;0.7;0.7
0.560478;-1.87378;1.9558;0.017959;1.02897;0.7;0.7
0.566187;-1.91304;1.99506;0.00289779;0.166031;0.7;0.7
0.505044;-1.82085;1.88959;0.0171829;0.984508;0.7;0.7
0.527994;-1.82632;1.90111;-0.0108641;-0.622469;0.7;0.7
0.796974;-1.93419;2.09195;-0.109417;-6.26915;0.7;0.7
0.914289;-1.84774;2.06157;-0.0686431;-3.93296;0.7;0.7
1.0086;-1.68402;1.96296;-0.0801369;-4.5915;0.7;0.7
0.97298;-1.66077;1.9248;0.0096688;0.553982;0.7;0.7
1.00786;-1.75021;2.01966;0.00748378;0.428789;0.7;0.7
0.992734;-1.72791;1.99278;0.000993289;0.0569113;0.7;0.7
0.794435;-1.87968;2.04067;0.121608;6.9676;0.7;0.7
0.757282;-1.81008;1.96211;0.00363296;0.208153;0.7;0.7
0.818295;-1.86758;2.03899;-0.0167217;-0.958082;0.7;0.7
0.859695;-1.82174;2.0144;-0.0279607;-1.60203;0.7;0.7
0.768998;-1.7705;1.93029;0.0311692;1.78586;0.7;0.7
0.691164;-1.58387;1.72811;-0.0017135;-0.0981761;0.7;0.7
0.596128;-1.9313;2.02121;0.112079;6.42166;0.7;0.7
0.847972;-1.9311;2.10908;-0.114375;-6.55319;0.7;0.7
0.887174;-1.90579;2.10216;-0.021919;-1.25586;0.7;0.7
0.913435;-1.82361;2.03959;-0.0286807;-1.64328;0.7;0.7
0.897437;-1.88698;2.08951;0.0204288;1.17048;0.7;0.7
0.830557;-1.63322;1.83228;-0.026521;-1.51954;0.7;0.7
0.865645;-1.8287;2.02324;0.0283412;1.62383;0.7;0.7
1.19351;-1.79801;2.15808;-0.143899;-8.24481;0.7;0.7
0.828507;-1.69747;1.88887;0.131943;7.55978;0.7;0.7
1.00071;-1.41146;1.73022;-0.162663;-9.3199;0.7;0.7
1.19031;-1.69253;2.06918;0.00381497;0.218582;0.7;0.7
1.06052;-1.53153;1.86287;0.00727334;0.416732;0.7;0.7
1.0695;-1.62222;1.94305;0.0227737;1.30483;0.7;0.7
1.09377;-1.6658;1.99279;0.00186744;0.106997;0.7;0.7
1.08376;-1.68924;2.007;0.0105801;0.606197;0.7;0.7
1.17897;-1.64391;2.02297;-0.0517382;-2.96438;0.7;0.7
1.16288;-1.62212;1.99589;0.000189889;0.0108799;0.7;0.7
1.19381;-1.74977;2.11822;0.0232456;1.33188;0.7;0.7
1.05022;-1.75472;2.045;0.0593996;3.40335;0.7;0.7
1.02823;-1.71797;2.00217;-1.28961e-06;-7.3889e-05;0.7;0.7
1.05862;-1.75795;2.05209;-0.00269971;-0.154682;0.7;0.7
1.0401;-1.61506;1.92099;-0.0301183;-1.72565;0.7;0.7
1.10625;-1.77633;2.09263;0.0151495;0.868;0.7;0.7
1.37604;-1.87746;2.32774;-0.0754882;-4.32515;0.7;0.7
1.09328;-1.61523;1.95044;0.0374617;2.1464;0.7;0.7
1.12109;-1.65633;2.00007;4.29093e-07;2.45852e-05;0.7;0.7
1.17625;-1.78241;2.13554;0.0117022;0.670488;0.7;0.7
1.16579;-1.42851;1.84383;-0.101153;-5.79566;0.7;0.7
1.17105;-1.5291;1.92601;0.030908;1.7709;0.7;0.7
1.16108;-1.43699;1.84744;-0.0260329;-1.49158;0.7;0.7
1.08;-1.45421;1.81139;0.0408058;2.338;0.7;0.7
1.17607;-1.62703;2.00758;0.0129054;0.739426;0.7;0.7
1.16735;-1.5549;1.94433;-0.0180966;-1.03686;0.7;0.7
1.17673;-1.46659;1.88031;-0.0321931;-1.84453;0.7;0.7
1.24545;-1.56607;2.00093;0.00432532;0.247823;0.7;0.7
1.2515;-1.55478;1.99589;-0.00589408;-0.337706;0.7;0.7
1.25384;-1.55759;1.99955;-2.88741e-05;-0.00165436;0.7;0.7
1.32193;-1.59346;2.07041;-0.0147551;-0.845406;0.7;0.7
1.26908;-1.53388;1.99081;0.0013244;0.0758825;0.7;0.7
1.2718;-1.54117;1.99817;0.00127526;0.073067;0.7;0.7
1.30224;-1.56301;2.03441;-0.00470544;-0.269602;0.7;0.7
1.32415;-1.5893;2.06864;-4.49092e-06;-0.000257311;0.7;0.7
1.34053;-1.56367;2.05963;-0.0140772;-0.806564;0.7;0.7
1.19627;-1.47335;1.89785;0.0267409;1.53214;0.7;0.7
1.05518;-1.62753;1.93966;0.106772;6.11758;0.7;0.7
1.08183;-1.5935;1.92603;-0.0212209;-1.21587;0.7;0.7
0.977926;-1.53705;1.82178;0.0297872;1.70668;0.7;0.7
0.987745;-1.88716;2.13002;0.0844427;4.83821;0.7;0.7
0.909349;-1.76765;1.98784;0.00706358;0.404713;0.7;0.7
0.914285;-1.76827;1.99065;-0.00206402;-0.11826;0.7;0.7
0.943012;-1.82922;2.05799;0.00120337;0.0689479;0.7;0.7
0.920749;-1.90458;2.11547;0.0256802;1.47137;0.7;0.7
0.910242;-1.67562;1.90689;-0.0473172;-2.71108;0.7;0.7
0.896388;-1.64255;1.87122;-0.00193063;-0.110617;0.7;0.7
1.0052;-1.68769;1.96436;-0.0376207;-2.15551;0.7;0.7
1.07582;-1.70342;2.01471;-0.0261266;-1.49695;0.7;0.7
0.938598;-1.46362;1.73872;-0.00691752;-0.396344;0.7;0.7
1.12456;-1.72729;2.06111;-0.00689239;-0.394905;0.7;0.7
1.0248;-1.53445;1.84519;-0.0117116;-0.671026;0.7;0.7
1.04215;-1.62425;1.92983;0.018369;1.05247;0.7;0.7
1.05104;-1.7281;2.02263;0.0240302;1.37683;0.7;0.7
1.06311;-1.69656;2.00213;-0.0133394;-0.764292;0.7;0.7
1.0142;-1.78361;2.05179;0.0427388;2.44876;0.7;0.7
0.997379;-1.67185;1.94675;-0.0208652;-1.19549;0.7;0.7
1.07137;-1.69052;2.00142;-0.0269735;-1.54547;0.7;0.7
1.06009;-1.67688;1.98387;0.00112162;0.0642639;0.7;0.7
1.25514;-1.77201;2.1715;-0.0525381;-3.01021;0.7;0.7
1.2251;-1.96586;2.31635;0.0589905;3.37991;0.7;0.7
1.06949;-1.6985;2.00716;-0.00465388;-0.266647;0.7;0.7
1.03357;-1.67615;1.9692;0.0093858;0.537767;0.7;0.7
1.20144;-1.5983;1.9995;-0.0920229;-5.27252;0.7;0.7
1.61138;-1.6529;2.30838;-0.128094;-7.33924;0.7;0.7
1.47638;-1.49842;2.10356;-0.00530999;-0.30424;0.7;0.7
1.44571;-1.57434;2.13744;0.0351551;2.01424;0.7;0.7
1.35434;-1.4708;1.99938;-0.00136563;-0.0782449;0.7;0.7
1.36601;-1.44575;1.98901;-0.012849;-0.736192;0.7;0.7
1.33861;-1.54009;2.04053;0.0415289;2.37943;0.7;0.7
1.19443;-1.44875;1.87765;0.0260442;1.49222;0.7;0.7
1.26798;-1.55684;2.00787;0.00597866;0.342552;0.7;0.7
1.25616;-1.57919;2.01786;0.0115411;0.661257;0.7;0.7
1.24248;-1.42743;1.89243;-0.0442794;-2.53702;0.7;0.7
1.39211;-1.51592;2.05815;-0.0266133;-1.52483;0.7;0.7
1.17188;-1.53538;1.9315;0.0909225;5.20948;0.7;0.7
1.12084;-1.60238;1.95548;0.0415473;2.38048;0.7;0.7
1.18651;-1.65427;2.03578;-0.0118268;-0.677627;0.7;0.7
1.24163;-1.67812;2.08752;-0.0147951;-0.847695;0.7;0.7
1.32859;-1.54591;2.03838;-0.0729372;-4.17899;0.7;0.7
1.35337;-1.49101;2.01364;-0.0271058;-1.55305;0.7;0.7
1.30205;-1.39813;1.91052;-0.0127862;-0.732593;0.7;0.7
1.34223;-1.42017;1.95409;-0.00736071;-0.421738;0.7;0.7
1.25792;-1.44089;1.91273;0.039488;2.2625;0.7;0.7
1.30806;-1.54975;2.02799;0.0166729;0.955288;0.7;0.7
1.07332;-1.39482;1.75999;0.0451625;2.58762;0.7;0.7
1.35399;-1.40704;1.9527;-0.110318;-6.32076;0.7;0.7
1.39896;-1.44909;2.01419;-0.00161412;-0.0924821;0.7;0.7
1.34167;-1.47209;1.99177;0.028717;1.64536;0.7;0.7
1.32421;-1.42146;1.9427;-0.0109111;-0.625161;0.7;0.7
1.37433;-1.49168;2.02827;0.00551826;0.316173;0.7;0.7
1.3709;-1.48373;2.0201;-0.00142115;-0.0814258;0.7;0.7
1.37568;-1.40635;1.96732;-0.0284783;-1.63169;0.7;0.7
1.56952;-1.40263;2.10494;-0.067114;-3.84535;0.7;0.7
1.38201;-1.36868;1.94505;0.0512448;2.93611;0.7;0.7
1.42212;-1.38304;1.98374;-0.00908368;-0.520456;0.7;0.7
1.44036;-1.37983;1.99464;-0.00752925;-0.431394;0.7;0.7
1.57809;-1.62055;2.26198;0.0347325;1.99002;0.7;0.7
1.37806;-1.61034;2.11949;0.0642978;3.68399;0.7;0.7
1.19816;-1.56582;1.97164;0.0546707;3.1324;0.7;0.7
1.17605;-1.59836;1.98441;0.0188135;1.07793;0.7;0.7
1.22118;-1.6213;2.02975;-0.0112116;-0.642377;0.7;0.7
1.03907;-1.65964;1.95807;0.0861778;4.93763;0.7;0.7
1.16515;-1.66257;2.0302;-0.0518968;-2.97347;0.7;0.7
1.067;-1.73274;2.03492;0.0593241;3.39902;0.7;0.7
1.23955;-1.76564;2.15731;-0.0601464;-3.44614;0.7;0.7
1.18709;-1.55797;1.95868;-0.0390089;-2.23505;0.7;0.7
1.12676;-1.43181;1.822;-0.0156286;-0.895451;0.7;0.7
1.21056;-1.58314;1.99293;0.013918;0.79744;0.7;0.7
1.21381;-1.58923;1.99975;0.000558453;0.031997;0.7;0.7
1.19861;-1.49407;1.91544;-0.0238524;-1.36664;0.7;0.7
1.26083;-1.57762;2.01955;0.00185785;0.106447;0.7;0.7
1.31506;-1.54738;2.0307;-0.030163;-1.72821;0.7;0.7
1.29331;-1.53911;2.01035;0.00558074;0.319753;0.7;0.7
1.32034;-1.52347;2.016;-0.0152582;-0.874229;0.7;0.7
1.15173;-1.5507;1.93161;0.0752692;4.31261;0.7;0.7
1.05884;-1.53578;1.86541;0.0352106;2.01742;0.7;0.7
1.11418;-1.71251;2.04306;0.0268078;1.53598;0.7;0.7
0.868391;-1.60094;1.8213;0.0797952;4.57193;0.7;0.7
0.911696;-1.79894;2.01677;0.0279386;1.60076;0.7;0.7
1.14211;-1.86218;2.18452;-0.0810866;-4.64592;0.7;0.7
1.03442;-1.80794;2.08294;0.0304634;1.74542;0.7;0.7
0.967806;-1.72051;1.97403;0.0072958;0.418019;0.7;0.7
0.958838;-1.70764;1.95842;0.000767706;0.0439863;0.7;0.7
1.10152;-1.6048;1.94646;-0.0899077;-5.15133;0.7;0.7
1.07955;-1.56466;1.90094;-0.00241861;-0.138576;0.7;0.7
1.08087;-1.6616;1.98222;0.0272268;1.55998;0.7;0.7
0.976773;-1.68211;1.94514;0.0506332;2.90107;0.7;0.7
1.33044;-1.79516;2.23443;-0.111702;-6.40004;0.7;0.7
1.1045;-1.64581;1.98207;0.0467336;2.67764;0.7;0.7
1.2086;-1.5784;1.98798;-0.062416;-3.57617;0.7;0.7
1.37035;-1.6671;2.15803;-0.0345326;-1.97857;0.7;0.7
1.09338;-1.53277;1.88278;0.0683935;3.91866;0.7;0.7
1.1634;-1.62002;1.99448;-0.00317972;-0.182185;0.7;0.7
1.11315;-1.53864;1.89908;-0.00350372;-0.200749;0.7;0.7
1.28473;-1.66023;2.09926;-0.0322722;-1.84906;0.7;0.7
1.24498;-1.60419;2.03062;-0.00141031;-0.080805;0.7;0.7
1.13658;-1.69383;2.03982;0.0689805;3.95229;0.7;0.7
1.34088;-1.76215;2.2143;-0.0594583;-3.40671;0.7;0.7
1.25606;-1.72585;2.13453;0.0213259;1.22188;0.7;0.7
1.32629;-1.48924;1.99421;-0.0984495;-5.64074;0.7;0.7
1.45545;-1.59804;2.1615;-0.0111488;-0.638779;0.7;0.7
1.34042;-1.48911;2.00354;0.00583806;0.334496;0.7;0.7
1.1526;-1.54504;1.9276;0.0919612;5.26899;0.7;0.7
1.14105;-1.63367;1.9927;0.0312459;1.79026;0.7;0.7
1.18878;-1.69793;2.07272;-0.0011257;-0.0644981;0.7;0.7
1.20829;-1.69535;2.08187;-0.00838884;-0.480645;0.7;0.7
1.14018;-1.64452;2.00111;0.0129735;0.743329;0.7;0.7
1.10403;-1.84151;2.1471;0.0661626;3.79084;0.7;0.7
1.15831;-1.89334;2.21956;-0.00896969;-0.513925;0.7;0.7
0.949653;-1.64721;1.90135;0.0260611;1.49319;0.7;0.7
1.00141;-1.73897;2.00669;0.000494167;0.0283137;0.7;0.7
1.17656;-1.98482;2.30734;-0.0126111;-0.722565;0.7;0.7
0.977587;-1.75111;2.00551;0.0259273;1.48553;0.7;0.7
0.804032;-1.74613;1.92236;0.0776452;4.44874;0.7;0.7
0.826995;-1.82143;2.00038;0.00531634;0.304604;0.7;0.7
0.869046;-1.83159;2.02731;-0.0168144;-0.963393;0.7;0.7
0.926857;-1.76714;1.99546;-0.0400317;-2.29365;0.7;0.7
0.907808;-1.76294;1.98295;0.00752411;0.4311;0.7;0.7
0.967204;-1.79041;2.03496;-0.0197706;-1.13277;0.7;0.7
0.81997;-1.93369;2.10036;0.0942368;5.39937;0.7;0.7
0.780801;-1.84148;2.00018;3.1651e-05;0.00181347;0.7;0.7
0.628123;-1.89637;1.99769;0.0811785;4.65119;0.7;0.7
0.643414;-1.87411;1.98148;-0.0108581;-0.622123;0.7;0.7
0.492798;-1.83735;1.90229;0.068665;3.93421;0.7;0.7
0.67013;-1.99165;2.10137;-0.0625266;-3.58251;0.7;0.7
0.811934;-1.76141;1.93953;-0.107359;-6.15119;0.7;0.7
0.89053;-2.07027;2.25367;0.0257023;1.47263;0.7;0.7
0.801138;-1.84775;2.01396;-0.00288318;-0.165194;0.7;0.7
0.808832;-1.73803;1.91702;-0.0264545;-1.51573;0.7;0.7
0.81434;-1.91775;2.08349;0.0340049;1.94834;0.7;0.7
1.01459;-1.77164;2.04159;-0.118529;-6.79124;0.7;0.7
1.0667;-2.02162;2.28578;0.0345705;1.98074;0.7;0.7
1.11114;-1.83941;2.14897;-0.0578921;-3.31697;0.7;0.7
1.00393;-1.49618;1.80179;-0.0475804;-2.72616;0.7;0.7
1.29972;-1.75444;2.18343;-0.0466079;-2.67044;0.7;0.7
1.10807;-1.44869;1.82387;-0.0153557;-0.879815;0.7;0.7
1.11651;-1.39106;1.78371;-0.0233883;-1.34005;0.7;0.7
1.35838;-1.2093;1.81868;-0.167053;-9.57142;0.7;0.7
1.50146;-1.32477;2.00235;-0.00443907;-0.25434;0.7;0.7
1.36593;-1.37204;1.93605;0.0646689;3.70526;0.7;0.7
1.5666;-1.30739;2.04047;-0.0921781;-5.28142;0.7;0.7
1.48269;-1.12863;1.86337;-0.0448184;-2.5679;0.7;0.7
1.51035;-1.42248;2.07475;0.104812;6.00528;0.7;0.7
1.42996;-1.05467;1.77683;-0.119958;-6.87306;0.7;0.7
1.64586;-1.49182;2.22135;0.100855;5.77857;0.7;0.7
1.47477;-1.33718;1.99072;0.000163136;0.00934701;0.7;0.7
1.40278;-1.28461;1.90211;0.0049477;0.283482;0.7;0.7
1.19341;-1.491;1.90979;0.154352;8.84371;0.7;0.7
1.20483;-1.60235;2.00477;0.0302659;1.73411;0.7;0.7
1.07087;-1.67516;1.9882;0.0759351;4.35076;0.7;0.7
1.1246;-1.71112;2.0476;-0.0126509;-0.724841;0.7;0.7
1.13199;-1.63107;1.98539;-0.0252606;-1.44733;0.7;0.7
1.13818;-1.64051;1.99668;0.000150312;0.00861224;0.7;0.7
1.17987;-1.55993;1.95588;-0.0410082;-2.3496;0.7;0.7
1.42366;-1.66931;2.19395;-0.0585825;-3.35653;0.7;0.7
1.258;-1.42021;1.89726;-0.0187647;-1.07514;0.7;0.7
1.52051;-1.60996;2.21448;-0.031925;-1.82917;0.7;0.7
1.49145;-1.576;2.16984;-0.00101085;-0.0579177;0.7;0.7
1.38766;-1.47926;2.02826;0.00438305;0.25113;0.7;0.7
1.25144;-1.33314;1.82849;-0.000337391;-0.0193311;0.7;0.7
1.31338;-1.39354;1.91492;-0.00199675;-0.114405;0.7;0.7
1.38337;-1.47424;2.02166;0.00218113;0.124969;0.7;0.7
1.4426;-1.38401;1.99914;-0.0525117;-3.0087;0.7;0.7
1.4911;-1.62649;2.20655;0.064127;3.67421;0.7;0.7
1.25572;-1.50207;1.95782;0.0456886;2.61776;0.7;0.7
1.24609;-1.74111;2.14108;0.075133;4.3048;0.7;0.7
1.36339;-1.89652;2.33573;-0.00211547;-0.121207;0.7;0.7
1.08863;-1.5017;1.85478;-0.00397269;-0.227618;0.7;0.7
1.21733;-1.63665;2.03974;-0.0122521;-0.701993;0.7;0.7
1.5081;-1.72717;2.29292;-0.0782749;-4.48482;0.7;0.7
1.03193;-1.68939;1.97963;0.169444;9.70842;0.7;0.7
1.02136;-1.70484;1.98737;0.00859349;0.492371;0.7;0.7
1.2439;-1.66984;2.08222;-0.100488;-5.75754;0.7;0.7
1.19117;-1.6011;1.9956;0.000608449;0.0348616;0.7;0.7
1.34914;-1.58252;2.07956;-0.066324;-3.80009;0.7;0.7
1.10666;-1.46695;1.83756;0.0596457;3.41744;0.7;0.7
1.28282;-1.63858;2.081;-0.0179061;-1.02594;0.7;0.7
1.40723;-1.49301;2.05168;-0.0916145;-5.24912;0.7;0.7
1.51325;-1.35572;2.03172;-0.0844203;-4.83693;0.7;0.7
1.50562;-1.38909;2.04853;0.0146162;0.837449;0.7;0.7
1.44359;-1.4949;2.07815;0.0576983;3.30587;0.7;0.7
1.31942;-1.4453;1.95697;0.0280382;1.60647;0.7;0.7
1.36676;-1.44227;1.987;-0.0186262;-1.0672;0.7;0.7
1.35138;-1.42047;1.9606;-0.00195439;-0.111979;0.7;0.7
1.358;-1.64824;2.13562;0.0713279;4.08679;0.7;0.7
1.27259;-1.54114;1.99865;-0.00109452;-0.0627115;0.7;0.7
1.2688;-1.55394;2.00613;0.0055231;0.31645;0.7;0.7
1.46714;-1.54522;2.13078;-0.0747607;-4.28347;0.7;0.7
1.40101;-1.44699;2.0141;-0.00977183;-0.559885;0.7;0.7
1.29135;-1.35775;1.87378;0.00891917;0.511031;0.7;0.7
1.42943;-1.50188;2.07338;-0.000352562;-0.0202003;0.7;0.7
1.3611;-1.49191;2.0195;0.0211085;1.20943;0.7;0.7
1.31097;-1.47865;1.97612;0.014219;0.814691;0.7;0.7
1.73698;-1.40468;2.23388;-0.165418;-9.47778;0.7;0.7
1.63817;-1.26362;2.06889;-0.0229845;-1.31691;0.7;0.7
1.64201;-1.3228;2.10856;0.0211138;1.20973;0.7;0.7
1.51837;-1.21573;1.9451;-0.00299026;-0.171329;0.7;0.7
1.40318;-1.2602;1.886;0.05661;3.24352;0.7;0.7
1.49392;-1.3455;2.01052;0.00140743;0.0806395;0.7;0.7
1.33808;-1.40455;1.93991;0.0764563;4.38062;0.7;0.7
1.36065;-1.33528;1.90639;-0.0336378;-1.9273;0.7;0.7
1.47946;-1.50777;2.11238;0.0188825;1.08189;0.7;0.7
1.36986;-1.44108;1.98827;0.0158523;0.90827;0.7;0.7
1.55914;-1.4487;2.1283;-0.0620271;-3.55389;0.7;0.7
1.53603;-1.26001;1.98671;-0.0617023;-3.53528;0.7;0.7
1.60483;-1.21993;2.01586;-0.0370255;-2.1214;0.7;0.7
1.71607;-1.13913;2.05973;-0.0639556;-3.66438;0.7;0.7
1.6208;-0.968323;1.88803;-0.0474845;-2.72066;0.7;0.7
1.79215;-1.1141;2.11021;0.0176594;1.01181;0.7;0.7
1.68467;-0.817439;1.87252;-0.104435;-5.9837;0.7;0.7
1.80858;-0.932026;2.03461;0.0240841;1.37992;0.7;0.7
1.96069;-0.782437;2.11105;-0.096142;-5.50853;0.7;0.7
1.63837;-0.535006;1.72351;-0.064067;-3.67077;0.7;0.7
1.96883;-0.777956;2.11696;0.0606749;3.47641;0.7;0.7
1.84254;-0.651491;1.95433;-0.0364423;-2.08799;0.7;0.7
1.95139;-0.633079;2.05152;-0.0261524;-1.49842;0.7;0.7
1.98192;-0.521955;2.0495;-0.0562003;-3.22004;0.7;0.7
1.94189;-0.507264;2.00705;-0.00199841;-0.1145;0.7;0.7
2.25116;-0.742173;2.37035;0.0629505;3.6068;0.7;0.7
1.94667;-0.598566;2.03662;-0.0201561;-1.15486;0.7;0.7
1.89667;-0.572918;1.98131;-0.00495681;-0.284004;0.7;0.7
2.16105;-0.457038;2.20886;-0.0849326;-4.86628;0.7;0.7
2.03313;-0.322176;2.05849;-0.0512605;-2.93701;0.7;0.7
1.9628;-0.312921;1.98759;0.000938486;0.0537713;0.7;0.7
1.92005;-0.0416551;1.9205;-0.136404;-7.81537;0.7;0.7
1.92523;-0.127329;1.92943;0.0443497;2.54105;0.7;0.7
1.97428;0.0846089;1.97609;-0.10887;-6.23782;0.7;0.7
1.98236;0.0885683;1.98434;-0.00181903;-0.104223;0.7;0.7
1.8136;-0.134859;1.8186;0.118872;6.81086;0.7;0.7
2.10418;-0.246233;2.11854;0.0422675;2.42175;0.7;0.7
2.12617;-0.104908;2.12876;-0.0671898;-3.84969;0.7;0.7
1.89102;-0.0461268;1.89159;-0.0249137;-1.42745;0.7;0.7
2.13653;-0.0162857;2.13659;-0.0167653;-0.960579;0.7;0.7
1.98976;-0.0211363;1.98987;0.00299978;0.171875;0.7;0.7
1.8055;-0.0797004;1.80726;0.0334923;1.91897;0.7;0.7
2.01289;-0.0440989;2.01337;-0.0222097;-1.27252;0.7;0.7
2.14631;-0.27894;2.16436;0.107333;6.14974;0.7;0.7
1.98558;-0.281138;2.00538;0.0114167;0.654127;0.7;0.7
1.992;-0.46097;2.04465;0.0867528;4.97057;0.7;0.7
1.89723;-0.250371;1.91368;-0.0961991;-5.5118;0.7;0.7
1.98769;-0.292429;2.00909;0.0148637;0.851627;0.7;0.7
1.84557;-0.248021;1.86216;-0.0124856;-0.71537;0.7;0.7
1.74663;-0.119646;1.75072;-0.0651921;-3.73524;0.7;0.7
1.86702;0.0752668;1.86854;-0.108686;-6.22727;0.7;0.7
1.99779;0.0790578;1.99936;0.000740088;0.0424039;0.7;0.7
1.96648;0.0571785;1.96731;0.0104835;0.600663;0.7;0.7
1.95;0.156986;1.95631;-0.0512638;-2.9372;0.7;0.7
2.00012;0.147889;2.00558;0.00652626;0.373927;0.7;0.7
1.8431;0.201465;1.85408;-0.0350693;-2.00932;0.7;0.7
1.94365;0.154362;1.94977;0.0296232;1.69729;0.7;0.7
2.01783;0.0430618;2.01829;0.0579145;3.31826;0.7;0.7
2.00079;0.0234427;2.00093;0.0096213;0.55126;0.7;0.7
1.90993;0.00363698;1.90993;0.00981189;0.56218;0.7;0.7
2.09852;-0.0311932;2.09875;0.0167675;0.96071;0.7;0.7
1.99882;-0.0338498;1.99911;0.00206997;0.118601;0.7;0.7
2.04037;0.0858398;2.04218;-0.0589791;-3.37925;0.7;0.7
1.87939;-0.0372979;1.87976;0.061889;3.54598;0.7;0.7
2.17099;-0.0842944;2.17263;0.0189649;1.08661;0.7;0.7
2.09107;-0.108388;2.09388;0.0129792;0.743654;0.7;0.7
1.93803;-0.0474018;1.93861;-0.0273334;-1.56609;0.7;0.7
1.95593;0.0304287;1.95617;-0.0400097;-2.29239;0.7;0.7
1.92749;-0.0913934;1.92965;0.0629363;3.60598;0.7;0.7
2.00884;-0.0922122;2.01095;-0.00150928;-0.0864756;0.7;0.7
2.14556;-0.0102816;2.14558;-0.0410791;-2.35366;0.7;0.7
2.23901;0.00568008;2.23902;-0.00732888;-0.419914;0.7;0.7
1.93874;-0.0599382;1.93966;0.0334432;1.91615;0.7;0.7
1.99665;-0.108796;1.99961;0.023529;1.34811;0.7;0.7
2.25228;-0.098541;2.25443;-0.0107114;-0.613718;0.7;0.7
2.01171;-0.0909505;2.01376;0.0014559;0.0834171;0.7;0.7
2.00232;-0.103961;2.00501;0.00669397;0.383536;0.7;0.7
2.05047;-0.081778;2.0521;-0.0120123;-0.688254;0.7;0.7
2.26058;0.0161054;2.26064;-0.0469858;-2.69209;0.7;0.7
2.05571;-0.131076;2.05989;0.0708;4.05654;0.7;0.7
1.99963;-0.072624;2.00095;-0.0273728;-1.56835;0.7;0.7
2.02197;-0.0297603;2.02218;-0.0215854;-1.23675;0.7;0.7
2.03716;0.0010963;2.03716;-0.0152556;-0.87408;0.7;0.7
1.92047;-0.0447792;1.92099;0.0238507;1.36655;0.7;0.7
2.08012;-0.0343647;2.08041;-0.00679353;-0.389241;0.7;0.7
1.95364;0.0703916;1.95491;-0.0525344;-3.01;0.7;0.7
1.99733;0.0541545;1.99807;0.00890864;0.510428;0.7;0.7
1.97653;0.0847536;1.97835;-0.0157469;-0.90223;0.7;0.7
1.77689;-0.0931548;1.77933;0.0952316;5.45637;0.7;0.7
2.14843;-0.057116;2.14919;-0.0257992;-1.47818;0.7;0.7
2.04182;-0.0699615;2.04302;0.00767214;0.439581;0.7;0.7
1.9412;-0.0394486;1.9416;-0.0139319;-0.79824;0.7;0.7
1.88478;0.0654719;1.88591;-0.0550422;-3.15369;0.7;0.7
2.01182;0.133918;2.01628;-0.0317443;-1.81882;0.7;0.7
1.91369;0.137324;1.91861;-0.00516836;-0.296125;0.7;0.7
1.98239;0.151646;1.98818;-0.00471188;-0.269971;0.7;0.7
2.04389;0.195132;2.05319;-0.0188347;-1.07915;0.7;0.7
2.01324;0.1569;2.01934;0.0174057;0.997271;0.7;0.7
2.03828;0.181613;2.04636;-0.0110897;-0.635396;0.7;0.7
1.81895;0.223673;1.83265;-0.0334874;-1.91868;0.7;0.7
2.0156;0.28993;2.03635;-0.0205091;-1.17508;0.7;0.7
1.98308;0.292992;2.00461;-0.00382133;-0.218946;0.7;0.7
1.99787;0.206363;2.0085;0.0437577;2.50713;0.7;0.7
2.15091;0.338473;2.17738;-0.0531559;-3.04561;0.7;0.7
2.06512;0.26839;2.08249;0.0268439;1.53804;0.7;0.7
1.99697;0.240619;2.01141;0.00932436;0.534246;0.7;0.7
1.95304;0.354628;1.98497;-0.0597062;-3.42091;0.7;0.7
2.13294;0.394728;2.16916;-0.00337205;-0.193204;0.7;0.7
1.98518;0.337189;2.01361;0.014745;0.844826;0.7;0.7
1.75333;0.493225;1.82138;-0.105973;-6.07183;0.7;0.7
1.88147;0.528707;1.95434;0.000278374;0.0159496;0.7;0.7
1.9359;0.537806;2.00922;0.00296936;0.170132;0.7;0.7
2.00692;0.425339;2.0515;0.0621276;3.55965;0.7;0.7
2.06843;0.572409;2.14617;-0.0611333;-3.50268;0.7;0.7
1.91319;0.425411;1.95992;0.0511817;2.9325;0.7;0.7
1.98748;0.846046;2.16006;-0.183656;-10.5227;0.7;0.7
1.80076;0.804838;1.97244;-0.0178553;-1.02303;0.7;0.7
1.70914;0.841345;1.905;-0.0371295;-2.12737;0.7;0.7
1.75301;0.919168;1.97937;-0.0254889;-1.4604;0.7;0.7
1.7381;0.950096;1.98083;-0.0173241;-0.992597;0.7;0.7
1.72289;0.940052;1.96266;0.000771872;0.044225;0.7;0.7
1.82962;0.84378;2.01481;0.0673684;3.85992;0.7;0.7
1.75225;0.95465;1.99542;-0.0667429;-3.82408;0.7;0.7
1.75377;0.839046;1.94415;0.0526158;3.01466;0.7;0.7
1.84999;0.843063;2.03303;0.0186439;1.06822;0.7;0.7
1.91799;0.977081;2.15252;-0.0435692;-2.49633;0.7;0.7
1.77927;0.891786;1.99024;0.00654799;0.375172;0.7;0.7
1.85683;0.800146;2.0219;0.0577415;3.30834;0.7;0.7
1.76323;0.858623;1.96118;-0.0462876;-2.65208;0.7;0.7
1.45641;0.842449;1.68252;-0.0712553;-4.08263;0.7;0.7
1.82612;0.817256;2.00065;0.103613;5.93657;0.7;0.7
1.74654;0.72541;1.89119;0.0271422;1.55513;0.7;0.7
1.99153;0.904508;2.18731;-0.0326609;-1.87133;0.7;0.7
1.76787;0.747584;1.91944;0.0262548;1.50429;0.7;0.7
1.55966;0.801045;1.75334;-0.0744028;-4.26297;0.7;0.7
1.71225;1.01325;1.98959;-0.0598748;-3.43057;0.7;0.7
1.57316;1.03222;1.88157;-0.0463366;-2.65489;0.7;0.7
1.87508;0.878889;2.07084;0.14237;8.15721;0.7;0.7
1.84904;0.955041;2.08112;-0.0384542;-2.20326;0.7;0.7
1.72113;0.842695;1.91636;0.0214597;1.22955;0.7;0.7
2.01607;0.893041;2.20501;0.038321;2.19563;0.7;0.7
1.80655;0.801428;1.97634;-0.000553401;-0.0317075;0.7;0.7
2.04912;0.855253;2.22044;0.0221435;1.26873;0.7;0.7
1.69311;0.743297;1.84908;-0.0182843;-1.04761;0.7;0.7
1.83298;0.800078;1.99999;0.00211722;0.121308;0.7;0.7
1.97811;0.658952;2.08498;0.0900023;5.15675;0.7;0.7
1.90375;0.842044;2.08166;-0.094879;-5.43617;0.7;0.7
1.81855;0.792302;1.98365;0.00555985;0.318556;0.7;0.7
1.69105;0.801672;1.87146;-0.0318072;-1.82242;0.7;0.7
1.80809;0.829455;1.98927;0.0125829;0.720948;0.7;0.7
1.97317;0.486134;2.03218;0.188543;10.8027;0.7;0.7
1.92541;0.496183;1.98831;-0.0106543;-0.610448;0.7;0.7
2.19133;0.359811;2.22068;0.0894702;5.12627;0.7;0.7
1.96081;0.247691;1.97639;0.0370899;2.12509;0.7;0.7
1.91546;0.217611;1.92778;0.0125324;0.718054;0.7;0.7
1.83196;0.0719848;1.83338;0.0738491;4.23124;0.7;0.7
1.93741;0.0320325;1.93768;0.0227414;1.30299;0.7;0.7
1.8482;0.171368;1.85613;-0.0759252;-4.35019;0.7;0.7
2.05793;0.198721;2.0675;-0.00380765;-0.218163;0.7;0.7
1.90298;0.0334466;1.90328;0.0786909;4.50866;0.7;0.7
2.10317;0.0188351;2.10325;0.0086187;0.493815;0.7;0.7
2.07084;0.0332955;2.07111;-0.00712154;-0.408034;0.7;0.7
1.98637;0.00235036;1.98637;0.0148936;0.853343;0.7;0.7
1.95853;0.0256312;1.9587;-0.011903;-0.681991;0.7;0.7
1.95988;-0.0082357;1.95989;0.0172884;0.99055;0.7;0.7
2.03771;-0.144617;2.04283;0.0666497;3.81874;0.7;0.7
1.96171;-0.181364;1.97007;0.021338;1.22258;0.7;0.7
1.9918;-0.185491;2.00042;0.000669505;0.0383598;0.7;0.7
2.00589;-0.202465;2.01608;0.00773548;0.443211;0.7;0.7
2.07284;-0.16679;2.07954;-0.020303;-1.16328;0.7;0.7
2.1672;-0.154199;2.17268;-0.00926018;-0.530569;0.7;0.7
1.99683;-0.134532;2.00135;-0.00376064;-0.215469;0.7;0.7
1.99422;-0.143758;1.9994;0.00469168;0.268814;0.7;0.7
1.88301;-0.11838;1.88672;-0.00917785;-0.525852;0.7;0.7
1.9903;-0.110109;1.99334;-0.00751799;-0.430749;0.7;0.7
1.96056;-0.177242;1.96855;0.034892;1.99916;0.7;0.7
2.10888;-0.234107;2.12183;0.0203985;1.16875;0.7;0.7
1.73994;0.221744;1.75401;-0.237318;-13.5973;0.7;0.7
1.93383;0.259089;1.9511;-0.00642372;-0.368052;0.7;0.7
1.9812;0.266603;1.99905;-0.000578861;-0.0331663;0.7;0.7
2.00668;0.107047;2.00954;0.0804685;4.61051;0.7;0.7
2.10045;-0.0461183;2.10096;0.0752475;4.31136;0.7;0.7
2.16563;0.209095;2.1757;-0.118206;-6.77273;0.7;0.7
1.84188;0.179145;1.85057;-0.000703483;-0.0403066;0.7;0.7
2.39828;0.27048;2.41348;-0.0153493;-0.879449;0.7;0.7
1.88205;0.211377;1.89388;0.000462681;0.0265097;0.7;0.7
2.04546;-0.04478;2.04595;0.133733;7.66231;0.7;0.7
1.9752;-0.0393746;1.97559;-0.00195698;-0.112127;0.7;0.7
1.92506;-0.10396;1.92787;0.0340192;1.94916;0.7;0.7
1.88404;-0.17238;1.89191;0.0372896;2.13653;0.7;0.7
2.07701;-0.298918;2.09841;0.051695;2.9619;0.7;0.7
1.97817;-0.299802;2.00076;0.00747479;0.428274;0.7;0.7
1.76517;-0.462133;1.82466;0.10565;6.05328;0.7;0.7
2.01926;-0.485979;2.07691;-0.0198796;-1.13902;0.7;0.7
2.04417;-0.40106;2.08314;-0.0424441;-2.43187;0.7;0.7
1.82658;-0.51154;1.89686;0.0793212;4.54477;0.7;0.7
1.71563;-0.650055;1.83465;0.0891298;5.10676;0.7;0.7
1.64596;-0.611223;1.75578;-0.00662303;-0.379472;0.7;0.7
1.86787;-0.575023;1.95438;-0.0569218;-3.26138;0.7;0.7
1.78235;-0.583033;1.87528;0.0175014;1.00276;0.7;0.7
1.85653;-0.528927;1.93041;-0.0385968;-2.21143;0.7;0.7
2.11926;-0.537402;2.18634;-0.0292023;-1.67317;0.7;0.7
1.76198;-0.522025;1.83769;0.0396876;2.27393;0.7;0.7
1.90546;-0.571897;1.98944;0.00354845;0.203311;0.7;0.7
1.93638;-0.581627;2.02184;0.000213953;0.0122586;0.7;0.7
1.9367;-0.599303;2.02731;0.00830461;0.475819;0.7;0.7
1.83085;-0.61068;1.93001;0.0218468;1.25173;0.7;0.7
1.86562;-1.07734;2.15434;0.201742;11.559;0.7;0.7
1.69181;-1.002;1.96627;0.0110261;0.631749;0.7;0.7
1.7612;-0.959168;2.00545;-0.0360196;-2.06377;0.7;0.7
1.79964;-0.891065;2.00816;-0.0389467;-2.23148;0.7;0.7
1.64392;-1.07437;1.96386;0.119113;6.82465;0.7;0.7
1.64052;-1.1067;1.97891;0.0146134;0.837288;0.7;0.7
1.65748;-1.1181;1.99935;-1.35572e-05;-0.000776768;0.7;0.7
1.66406;-1.09786;1.99359;-0.0102647;-0.588124;0.7;0.7
1.69683;-1.21115;2.08474;0.0367122;2.10345;0.7;0.7
1.6455;-1.30818;2.10214;0.0517802;2.96679;0.7;0.7
1.74356;-1.38513;2.22679;-0.000353804;-0.0202715;0.7;0.7
1.65792;-1.16443;2.02598;-0.0590352;-3.38247;0.7;0.7
1.65525;-1.09324;1.98369;-0.0286009;-1.63871;0.7;0.7
1.67191;-1.16031;2.03509;0.0229896;1.31721;0.7;0.7
1.62743;-1.14199;1.98813;0.00518439;0.297044;0.7;0.7
1.61101;-1.15787;1.98394;0.0113063;0.647801;0.7;0.7
1.91039;-0.99878;2.15572;-0.141446;-8.10427;0.7;0.7
1.76829;-0.931971;1.99885;0.00331836;0.190128;0.7;0.7
2.21117;-0.675373;2.31201;-0.188613;-10.8068;0.7;0.7
2.04447;-0.710527;2.16441;0.0380413;2.1796;0.7;0.7
1.88821;-0.646981;1.99598;-0.00437404;-0.250614;0.7;0.7
1.83947;-0.70054;1.96835;0.0337745;1.93514;0.7;0.7
1.95288;-0.618359;2.04844;-0.057228;-3.27892;0.7;0.7
1.87008;-0.594069;1.96217;0.000937282;0.0537023;0.7;0.7
1.83046;-0.522245;1.90351;-0.0296648;-1.69967;0.7;0.7
2.0303;-0.565643;2.10762;-0.00621295;-0.355976;0.7;0.7
2.16609;-0.408836;2.20434;-0.085162;-4.87942;0.7;0.7
2.20972;-0.503818;2.26643;0.0376197;2.15545;0.7;0.7
2.19712;-0.305582;2.21827;-0.0859725;-4.92586;0.7;0.7
2.16273;-0.388419;2.19733;0.0395061;2.26353;0.7;0.7
1.97308;-0.357668;2.00524;0.00162408;0.0930531;0.7;0.7
1.94761;-0.367455;1.98197;0.00715127;0.409737;0.7;0.7
1.75435;-0.4988;1.82388;0.0905342;5.18723;0.7;0.7
1.94744;-0.58013;2.03201;0.0125112;0.716837;0.7;0.7
1.80215;-0.429484;1.85262;-0.0555692;-3.18388;0.7;0.7
1.85412;-0.456556;1.90951;0.00748131;0.428648;0.7;0.7
1.89324;-0.374635;1.92995;-0.0460786;-2.64011;0.7;0.7
1.95246;-0.390133;1.99105;0.00186262;0.10672;0.7;0.7
1.86888;-0.159965;1.87572;-0.111833;-6.40758;0.7;0.7
2.02506;-0.160648;2.03142;-0.00622122;-0.35645;0.7;0.7
2.05866;-0.211492;2.06949;0.0232093;1.3298;0.7;0.7
2.1001;-0.301267;2.1216;0.0401076;2.298;0.7;0.7
1.97953;-0.285794;2.00005;0.000902578;0.0517139;0.7;0.7
1.96645;-0.26166;1.98378;-0.0110991;-0.635929;0.7;0.7
2.02846;-0.118845;2.03194;-0.0737634;-4.22633;0.7;0.7
2.0412;-0.0698006;2.04239;-0.024339;-1.39452;0.7;0.7
2.0987;-0.00555409;2.0987;-0.0315362;-1.80689;0.7;0.7
2.0189;-0.172625;2.02626;0.082651;4.73555;0.7;0.7
1.99569;-0.177524;2.00357;0.00342302;0.196125;0.7;0.7
1.95076;-0.379801;1.98739;0.103568;5.93402;0.7;0.7
1.96054;-0.38279;1.99756;0.000533046;0.0305413;0.7;0.7
1.80105;-0.216298;1.81399;-0.0732983;-4.19968;0.7;0.7
1.89451;-0.353919;1.92728;0.0651611;3.73345;0.7;0.7
1.98535;-0.379656;2.02133;0.00426282;0.244241;0.7;0.7
2.02192;-0.491468;2.08079;0.049499;2.83608;0.7;0.7
1.92657;-0.499589;1.9903;0.0152797;0.875462;0.7;0.7
1.93999;-0.497873;2.00286;-0.00251096;-0.143867;0.7;0.7
2.02772;-0.624181;2.12161;0.047405;2.71611;0.7;0.7
1.81176;-0.557794;1.89568;4.58349e-05;0.00262614;0.7;0.7
2.04692;-0.644618;2.14602;0.00642275;0.367997;0.7;0.7
2.10857;-0.513628;2.17023;-0.0661515;-3.7902;0.7;0.7
2.13277;-0.346814;2.16078;-0.0777355;-4.45391;0.7;0.7
1.7986;-0.489583;1.86405;0.104561;5.99093;0.7;0.7
1.94881;-0.527901;2.01904;-0.00122754;-0.0703329;0.7;0.7
1.9774;-0.517433;2.04398;-0.00859996;-0.492742;0.7;0.7
2.15858;-0.526114;2.22177;-0.0168654;-0.966318;0.7;0.7
1.92141;-0.448904;1.97316;-0.00955433;-0.547423;0.7;0.7
1.97642;-0.38556;2.01367;-0.0368548;-2.11163;0.7;0.7
1.87402;-0.367255;1.90967;0.000857869;0.0491523;0.7;0.7
2.02844;-0.407767;2.06902;0.00486214;0.27858;0.7;0.7
1.98976;-0.469526;2.04441;0.0333512;1.91088;0.7;0.7
1.96874;-0.505447;2.03259;0.0195767;1.12167;0.7;0.7
1.89955;-0.593191;1.99002;0.0513751;2.94358;0.7;0.7
2.01034;-0.627839;2.1061;2.26428e-05;0.00129734;0.7;0.7
1.88113;-0.588605;1.97107;0.000541842;0.0310453;0.7;0.7
1.92254;-0.557529;2.00175;-0.0209951;-1.20293;0.7;0.7
1.9487;-0.536465;2.02119;-0.0136141;-0.780029;0.7;0.7
1.81015;-0.505938;1.87952;0.00390663;0.223834;0.7;0.7
1.95875;-0.438429;2.00722;-0.0523448;-2.99913;0.7;0.7
1.91839;-0.474404;1.97618;0.0222271;1.27352;0.7;0.7
1.96984;-0.509121;2.03457;0.010495;0.601319;0.7;0.7
1.91438;-0.482137;1.97416;-0.00620411;-0.355469;0.7;0.7
1.90085;-0.323238;1.92814;-0.0782811;-4.48518;0.7;0.7
2.00869;-0.411068;2.05032;0.0334195;1.9148;0.7;0.7
1.94442;-0.412298;1.98765;0.00708904;0.406172;0.7;0.7
2.03727;-0.429816;2.08212;-0.00101913;-0.0583918;0.7;0.7
2.09535;-0.488232;2.15148;0.0209957;1.20296;0.7;0.7
2.10077;-0.443132;2.14699;-0.0210327;-1.20509;0.7;0.7
1.9674;-0.351492;1.99855;-0.0310975;-1.78175;0.7;0.7
1.93598;-0.184835;1.94479;-0.0816082;-4.67581;0.7;0.7
2.05256;-0.162556;2.05898;-0.0161531;-0.925503;0.7;0.7
2.29133;-0.0949684;2.29329;-0.0376085;-2.15481;0.7;0.7
2.04795;-0.0118244;2.04799;-0.0356495;-2.04257;0.7;0.7
2.00106;-0.00883102;2.00108;-0.00136058;-0.0779554;0.7;0.7
1.98911;0.0100125;1.98914;-0.00944677;-0.54126;0.7;0.7
2.14229;0.134577;2.14651;-0.0577033;-3.30616;0.7;0.7
2.03046;0.280806;2.04978;-0.0746883;-4.27933;0.7;0.7
2.07676;0.052257;2.07742;0.112268;6.43248;0.7;0.7
2.05252;0.22776;2.06512;-0.0853568;-4.89058;0.7;0.7
1.99251;0.205205;2.00305;0.00788784;0.45194;0.7;0.7
2.09535;0.261945;2.11166;-0.0217409;-1.24566;0.7;0.7
1.97972;0.24316;1.9946;0.00215411;0.123421;0.7;0.7
1.81489;0.0676005;1.81614;0.0849826;4.86914;0.7;0.7
2.023;0.243282;2.03757;-0.0824527;-4.72419;0.7;0.7
1.641;0.0989494;1.64398;0.059458;3.4067;0.7;0.7
1.90909;0.185462;1.91808;-0.0366179;-2.09805;0.7;0.7
