#1 AntVel X	#2 AntVel Y	#3 Speed	#4 Turning Angle Rad		#5 Turning Angle Deg	#6 Detected Phero Left	#7 Detected Phero Right	
-1.34562;-1.43797;1.96938;-0.0115334;-0.660814;0.7;0.7
-1.53314;-1.53957;2.17274;0.0310722;1.78031;0.7;0.7
-1.42314;-1.5094;2.07451;-0.0273167;-1.56513;0.7;0.7
-1.33247;-1.47882;1.99058;-0.0226023;-1.29502;0.7;0.7
-1.30483;-1.52623;2.00797;-0.0260359;-1.49175;0.7;0.7
-1.30548;-1.50691;1.99376;0.00654574;0.375043;0.7;0.7
-1.16204;-1.74116;2.09332;-0.125391;-7.1844;0.7;0.7
-0.766985;-1.94175;2.08774;-0.21232;-12.165;0.7;0.7
-1.118;-1.74589;2.07318;0.193384;11.0801;0.7;0.7
-1.06629;-1.67871;1.98873;-0.00368256;-0.210995;0.7;0.7
-1.2341;-1.62357;2.03935;0.0840549;4.81599;0.7;0.7
-1.31327;-1.61796;2.08386;0.0318835;1.82679;0.7;0.7
-1.47102;-1.4869;2.0916;0.0982039;5.62667;0.7;0.7
-1.39973;-1.37683;1.96339;0.0136164;0.780162;0.7;0.7
-1.40375;-1.40203;1.98399;-0.00763623;-0.437524;0.7;0.7
-1.46238;-1.46997;2.07349;-0.00319936;-0.18331;0.7;0.7
-1.40211;-1.4272;2.0007;-0.00627987;-0.35981;0.7;0.7
-1.38868;-1.46072;2.01548;-0.0164107;-0.940261;0.7;0.7
-1.37555;-1.44864;1.99768;-0.00059726;-0.0342205;0.7;0.7
-1.44286;-1.5814;2.14071;-0.0199034;-1.14038;0.7;0.7
-1.22564;-1.30983;1.79383;0.0125836;0.720988;0.7;0.7
-1.33046;-1.43418;1.95627;-0.00430522;-0.246671;0.7;0.7
-1.3427;-1.50414;2.01626;-0.0191463;-1.097;0.7;0.7
-1.35132;-1.51907;2.03313;-0.00173096;-0.0991768;0.7;0.7
-1.29966;-1.44709;1.94504;0.00475454;0.272415;0.7;0.7
-1.35832;-1.74335;2.21004;-0.0698823;-4.00396;0.7;0.7
-1.11268;-1.29125;1.70452;0.0493568;2.82794;0.7;0.7
-1.50222;-1.47564;2.10575;0.0830736;4.75977;0.7;0.7
-1.37755;-1.32519;1.91148;0.0104457;0.598492;0.7;0.7
-1.44385;-1.24867;1.90889;0.0529926;3.03625;0.7;0.7
-1.58638;-1.41863;2.12817;-0.0165991;-0.951056;0.7;0.7
-1.62986;-1.40617;2.15262;0.0177827;1.01887;0.7;0.7
-1.51017;-1.30579;1.99642;-0.00109689;-0.0628469;0.7;0.7
-1.50447;-1.33949;2.01437;-0.0145019;-0.830897;0.7;0.7
-1.69217;-1.49392;2.25727;0.00419647;0.24044;0.7;0.7
-1.63849;-1.42045;2.16848;0.00901269;0.516389;0.7;0.7
-1.46317;-1.31973;1.97042;-0.0196595;-1.12641;0.7;0.7
-1.49723;-1.29409;1.97898;0.0211517;1.2119;0.7;0.7
-1.56682;-1.38896;2.09383;-0.0125486;-0.71898;0.7;0.7
-1.49611;-1.3292;2.00128;-0.00109402;-0.0626829;0.7;0.7
-1.50128;-1.34536;2.01589;-0.00428868;-0.245723;0.7;0.7
-1.49211;-1.38984;2.03913;-0.0192446;-1.10263;0.7;0.7
-1.46305;-1.34482;1.98723;0.00660899;0.378667;0.7;0.7
-1.48802;-1.32079;1.98964;0.0173862;0.996156;0.7;0.7
-1.39684;-1.38726;1.96867;-0.0560291;-3.21023;0.7;0.7
-1.42729;-1.4171;2.01129;0.00014351;0.00822251;0.7;0.7
-1.36746;-1.21285;1.82783;0.0562647;3.22373;0.7;0.7
-1.42891;-1.27875;1.91754;-0.00444622;-0.254749;0.7;0.7
-1.49771;-1.25783;1.95583;0.0314355;1.80112;0.7;0.7
-1.5138;-1.29423;1.99164;-0.00880171;-0.504301;0.7;0.7
-1.65341;-1.2255;2.05806;0.0695231;3.98338;0.7;0.7
-1.64046;-1.03417;1.93924;0.0753546;4.3175;0.7;0.7
-1.69729;-1.06462;2.00355;0.00226954;0.130035;0.7;0.7
-1.67784;-1.06682;1.98828;-0.00613247;-0.351365;0.7;0.7
-1.69511;-0.98834;1.9622;0.0384821;2.20486;0.7;0.7
-1.72986;-1.00853;2.00239;3.05476e-05;0.00175025;0.7;0.7
-1.73439;-1.02515;2.01471;-0.00599599;-0.343545;0.7;0.7
-1.55065;-0.776408;1.73416;0.0696256;3.98925;0.7;0.7
-2.00924;-1.06656;2.27477;-0.0238005;-1.36367;0.7;0.7
-1.67201;-1.05561;1.97735;-0.0751416;-4.3053;0.7;0.7
-1.44662;-1.02034;1.77026;-0.0511462;-2.93046;0.7;0.7
-1.694;-1.21588;2.08519;-0.00824951;-0.472662;0.7;0.7
-1.664;-1.21452;2.06008;-0.00795729;-0.455919;0.7;0.7
-1.66035;-1.14087;2.01453;0.0284648;1.63091;0.7;0.7
-1.58155;-1.09268;1.92231;-0.00255032;-0.146122;0.7;0.7
-1.61518;-1.06232;1.93321;0.0228089;1.30685;0.7;0.7
-1.92505;-0.911986;2.13015;0.139353;7.98432;0.7;0.7
-1.91417;-0.884288;2.10855;0.00966113;0.553542;0.7;0.7
-1.84158;-0.817504;2.01488;0.0149825;0.858436;0.7;0.7
-1.8438;-0.866522;2.03727;-0.0215519;-1.23484;0.7;0.7
-1.74784;-0.840343;1.93936;-0.00882723;-0.505763;0.7;0.7
-1.75354;-1.32178;2.19591;-0.197756;-11.3306;0.7;0.7
-1.77894;-1.19693;2.14412;0.0536567;3.0743;0.7;0.7
-1.9588;-1.15759;2.27529;0.0585062;3.35216;0.7;0.7
-1.86736;-0.917516;2.0806;0.0770548;4.41492;0.7;0.7
-1.77431;-0.874269;1.97801;-0.00112271;-0.0643264;0.7;0.7
-2.13381;-1.0084;2.36009;0.0163495;0.936756;0.7;0.7
-1.67446;-0.907079;1.90436;-0.0549884;-3.1506;0.7;0.7
-1.78284;-0.938662;2.01484;0.011838;0.678268;0.7;0.7
-1.73909;-1.02807;2.02023;-0.0492675;-2.82282;0.7;0.7
-1.71043;-0.988026;1.97529;0.0100674;0.576822;0.7;0.7
-1.74143;-1.02422;2.0203;-0.007838;-0.449084;0.7;0.7
-1.79492;-1.26729;2.19722;-0.08311;-4.76185;0.7;0.7
-1.64109;-1.16545;2.01282;-0.00274929;-0.157523;0.7;0.7
-1.63005;-1.04514;1.93633;0.047377;2.7145;0.7;0.7
-1.73017;-1.09187;2.04589;0.00718566;0.411708;0.7;0.7
-1.71845;-1.09304;2.03661;-0.00355837;-0.203879;0.7;0.7
-1.79373;-1.192;2.15368;-0.0200118;-1.14659;0.7;0.7
-1.69341;-1.11175;2.02574;0.00558648;0.320082;0.7;0.7
-1.89619;-1.05292;2.16891;0.0740501;4.24276;0.7;0.7
-1.68641;-1.00267;1.96197;-0.0295194;-1.69134;0.7;0.7
-1.62386;-1.10508;1.96421;-0.0611255;-3.50223;0.7;0.7
-1.56441;-1.26865;2.01417;-0.0838422;-4.8038;0.7;0.7
-1.43369;-1.35057;1.96965;-0.0741769;-4.25003;0.7;0.7
-1.46436;-1.38681;2.01683;-0.00265077;-0.151878;0.7;0.7
-1.34511;-1.33936;1.89821;-0.0250528;-1.43542;0.7;0.7
-1.30675;-1.51018;1.99706;-0.0742299;-4.25306;0.7;0.7
-1.28417;-1.47307;1.95423;0.00368691;0.211245;0.7;0.7
-1.35917;-1.45199;1.98887;0.0353977;2.02814;0.7;0.7
-1.55772;-1.38352;2.08342;0.0921617;5.28048;0.7;0.7
-1.47326;-1.34463;1.99463;-0.0135404;-0.775809;0.7;0.7
-1.43641;-1.21494;1.88131;0.0377226;2.16135;0.7;0.7
-1.58815;-1.30178;2.05349;0.0154315;0.884162;0.7;0.7
-1.6495;-1.38395;2.15318;-0.0114528;-0.6562;0.7;0.7
-1.4253;-1.69038;2.21108;-0.172193;-9.86594;0.7;0.7
-1.30518;-1.52618;2.00816;0.00697862;0.399846;0.7;0.7
-1.1454;-1.51728;1.90107;-0.0608709;-3.48764;0.7;0.7
-1.111;-1.64362;1.98388;-0.0522288;-2.99249;0.7;0.7
-1.07283;-1.68022;1.99351;-0.0261485;-1.4982;0.7;0.7
-1.18707;-1.68578;2.06179;0.0452618;2.59331;0.7;0.7
-1.34741;-1.55525;2.05774;0.100402;5.75261;0.7;0.7
-1.2933;-1.45068;1.94348;0.0141906;0.813059;0.7;0.7
-1.33059;-1.50652;2.00999;-0.00464056;-0.265885;0.7;0.7
-1.37867;-1.49814;2.03597;0.0204242;1.17022;0.7;0.7
-1.31274;-1.54216;2.02523;-0.0386834;-2.21639;0.7;0.7
-0.874314;-1.73073;1.93903;-0.237431;-13.6038;0.7;0.7
-1.01179;-1.75367;2.02462;0.0555259;3.1814;0.7;0.7
-0.822674;-1.59957;1.79872;-0.0482716;-2.76576;0.7;0.7
-0.914186;-1.78205;2.00286;-0.00103996;-0.0595853;0.7;0.7
-0.922323;-1.91159;2.12247;-0.0244493;-1.40084;0.7;0.7
-0.693756;-1.78774;1.91763;-0.0793678;-4.54744;0.7;0.7
-0.589878;-1.81877;1.91204;-0.0565504;-3.2401;0.7;0.7
-0.401017;-1.88305;1.92527;-0.103796;-5.94709;0.7;0.7
-0.424447;-1.90448;1.95121;0.00945654;0.54182;0.7;0.7
-0.470674;-1.85783;1.91653;0.0288418;1.65252;0.7;0.7
-0.414551;-2.1006;2.14112;-0.0532803;-3.05273;0.7;0.7
-0.442013;-2.10825;2.15409;0.0118197;0.677217;0.7;0.7
-0.374569;-1.96033;1.9958;-0.0178664;-1.02367;0.7;0.7
-0.306596;-1.87176;1.8967;-0.026439;-1.51484;0.7;0.7
-0.426122;-1.85711;1.90537;0.0631911;3.62058;0.7;0.7
-0.384958;-1.89208;1.93085;-0.024833;-1.42283;0.7;0.7
-0.518781;-1.90703;1.97633;0.0648913;3.718;0.7;0.7
-0.469221;-1.89837;1.9555;-0.023295;-1.3347;0.7;0.7
-0.494132;-1.9134;1.97617;0.0104126;0.596595;0.7;0.7
-0.439289;-1.77274;1.82636;-0.00981766;-0.56251;0.7;0.7
-0.226243;-1.91686;1.93017;-0.125425;-7.18631;0.7;0.7
-0.434602;-1.88184;1.93138;0.109482;6.27283;0.7;0.7
-0.579911;-2.02995;2.11116;0.0512995;2.93924;0.7;0.7
-0.544047;-1.86663;1.9443;0.00533806;0.305848;0.7;0.7
-0.546294;-2.165;2.23286;-0.0364326;-2.08743;0.7;0.7
-0.479317;-1.98898;2.04592;-0.010693;-0.612664;0.7;0.7
-0.510689;-1.91815;1.98497;0.0237273;1.35947;0.7;0.7
-0.683267;-2.29583;2.39535;0.0290595;1.66499;0.7;0.7
-0.670718;-2.13555;2.2384;0.0150529;0.862465;0.7;0.7
-0.603282;-1.70855;1.81193;0.0351138;2.01187;0.7;0.7
-0.708306;-1.81319;1.94663;0.0329806;1.88965;0.7;0.7
-0.800172;-1.95504;2.11246;0.0160743;0.920991;0.7;0.7
-0.795423;-1.76182;1.93305;0.0355974;2.03958;0.7;0.7
-0.98721;-1.81605;2.06703;0.0738359;4.23049;0.7;0.7
-1.17195;-1.6278;2.00579;0.126077;7.22367;0.7;0.7
-1.24108;-1.68404;2.09195;0.0111101;0.63656;0.7;0.7
-0.909243;-1.66132;1.89386;-0.134336;-7.69689;0.7;0.7
-0.960893;-1.7367;1.9848;0.00459307;0.263164;0.7;0.7
-1.11703;-1.71021;2.04269;0.0732232;4.19538;0.7;0.7
-1.06833;-1.69177;2.00085;-0.0153377;-0.878784;0.7;0.7
-1.0336;-1.79687;2.07294;-0.041248;-2.36334;0.7;0.7
-1.04744;-1.75415;2.04308;0.0162966;0.933729;0.7;0.7
-0.98268;-1.63954;1.91148;0.00165332;0.0947281;0.7;0.7
-0.842191;-1.60265;1.81046;-0.0561114;-3.21495;0.7;0.7
-0.936287;-1.87744;2.09795;-0.0212283;-1.21629;0.7;0.7
-0.903317;-1.74004;1.96054;0.0162287;0.929839;0.7;0.7
-0.958625;-1.74612;1.99196;0.0232373;1.3314;0.7;0.7
-1.16542;-1.6691;2.03571;0.107462;6.15713;0.7;0.7
-1.15765;-1.76977;2.11477;-0.030269;-1.73428;0.7;0.7
-1.09903;-1.52488;1.87966;0.0452351;2.59178;0.7;0.7
-1.1749;-1.65047;2.02594;-0.00586747;-0.336181;0.7;0.7
-1.32114;-1.89107;2.30685;-0.00883605;-0.506269;0.7;0.7
-1.41338;-1.44918;2.02429;0.163089;9.3443;0.7;0.7
-1.30589;-1.54915;2.02614;-0.0724909;-4.15342;0.7;0.7
-1.35989;-1.6552;2.14219;-0.0126352;-0.723942;0.7;0.7
-1.35129;-1.55588;2.06076;0.0273765;1.56856;0.7;0.7
-1.46792;-1.4338;2.05197;0.0820135;4.69903;0.7;0.7
-1.42248;-1.40712;2.00085;-0.00632889;-0.362618;0.7;0.7
-1.41855;-1.36566;1.96909;0.0135673;0.77735;0.7;0.7
-1.3968;-1.43222;2.00058;-0.0315161;-1.80574;0.7;0.7
-1.26616;-1.77328;2.17892;-0.152804;-8.75505;0.7;0.7
-0.949768;-1.42126;1.7094;-0.0309701;-1.77446;0.7;0.7
-1.01788;-1.70964;1.98971;-0.05209;-2.98454;0.7;0.7
-1.08721;-1.7602;2.0689;0.0162958;0.933678;0.7;0.7
-1.0767;-1.75032;2.05497;-0.00182449;-0.104536;0.7;0.7
-0.880349;-1.55015;1.78269;-0.0349915;-2.00487;0.7;0.7
-1.00625;-1.73834;2.00857;0.00823466;0.471811;0.7;0.7
-0.996471;-1.72821;1.99491;-0.00169765;-0.0972679;0.7;0.7
-1.0189;-1.72955;2.00736;0.00934594;0.535483;0.7;0.7
-1.03502;-1.73886;2.02358;0.00452819;0.259446;0.7;0.7
-1.0613;-1.75725;2.05287;0.00641811;0.367731;0.7;0.7
-0.879637;-1.88842;2.08324;-0.107401;-6.15362;0.7;0.7
-1.01078;-1.81057;2.0736;0.0732452;4.19664;0.7;0.7
-1.01911;-1.65339;1.94223;0.0432076;2.47562;0.7;0.7
-0.731561;-1.53074;1.69657;-0.106551;-6.10494;0.7;0.7
-0.930866;-1.79806;2.02473;0.0318893;1.82712;0.7;0.7
-0.995322;-1.55896;1.8496;0.090504;5.1855;0.7;0.7
-1.09884;-1.69419;2.01934;0.0071687;0.410736;0.7;0.7
-0.973021;-1.57337;1.84994;-0.0215226;-1.23315;0.7;0.7
-1.13191;-1.58101;1.94443;0.0674839;3.86655;0.7;0.7
-1.27424;-1.651;2.08555;0.0359632;2.06054;0.7;0.7
-1.12336;-1.60375;1.95805;-0.0462741;-2.65131;0.7;0.7
-1.13498;-1.57236;1.9392;0.0141929;0.81319;0.7;0.7
-1.3125;-1.80922;2.23516;0.00237648;0.136162;0.7;0.7
-1.14743;-1.75518;2.09697;-0.0486043;-2.78482;0.7;0.7
-1.22745;-1.68277;2.08287;0.0512005;2.93357;0.7;0.7
-1.15751;-1.95002;2.26769;-0.0945082;-5.41492;0.7;0.7
-1.0206;-1.64905;1.93933;0.0185111;1.06061;0.7;0.7
-1.04448;-1.69625;1.99203;-0.00227755;-0.130494;0.7;0.7
-1.0334;-1.73263;2.01741;-0.0141301;-0.809598;0.7;0.7
-1.05319;-1.89005;2.16368;-0.02942;-1.68564;0.7;0.7
-0.673264;-1.85366;1.97214;-0.159983;-9.16634;0.7;0.7
-0.661519;-1.89111;2.00347;-0.0118911;-0.681312;0.7;0.7
-0.655417;-1.89191;2.00222;-0.00300904;-0.172405;0.7;0.7
-0.565624;-1.78804;1.87537;-0.0271154;-1.5536;0.7;0.7
-0.865517;-1.9852;2.16567;0.104761;6.00237;0.7;0.7
-0.778308;-1.67075;1.84314;0.0248139;1.42173;0.7;0.7
-1.01335;-1.75903;2.03004;0.0866953;4.96728;0.7;0.7
-0.872689;-1.70293;1.91352;-0.0490791;-2.81202;0.7;0.7
-0.9281;-1.76857;1.9973;0.00970118;0.555837;0.7;0.7
-0.722253;-1.87488;2.00918;-0.115563;-6.6213;0.7;0.7
-1.13192;-1.81446;2.13858;0.190051;10.8891;0.7;0.7
-1.22245;-1.63216;2.03919;0.0850898;4.87529;0.7;0.7
-1.14938;-1.58532;1.95814;-0.0155297;-0.889787;0.7;0.7
-1.20731;-1.75637;2.1313;-0.0251073;-1.43854;0.7;0.7
-1.14957;-1.61308;1.98079;0.0169566;0.971542;0.7;0.7
-1.06157;-1.66367;1.97351;-0.0512097;-2.9341;0.7;0.7
-1.07494;-1.80339;2.09946;-0.0304361;-1.74386;0.7;0.7
-1.0146;-1.7282;2.00402;-0.00665335;-0.381209;0.7;0.7
-1.11463;-1.52523;1.88911;0.100229;5.74271;0.7;0.7
-1.40962;-1.63451;2.15839;0.0805564;4.61554;0.7;0.7
-1.46122;-1.47452;2.0759;0.0692142;3.96568;0.7;0.7
-1.47467;-1.3287;1.98496;0.0565536;3.24028;0.7;0.7
-1.28156;-1.25257;1.79202;-0.0405813;-2.32514;0.7;0.7
-1.35936;-1.24946;1.84635;0.0306621;1.75681;0.7;0.7
-1.45775;-1.37613;2.00469;-0.0133114;-0.762684;0.7;0.7
-1.57125;-1.27221;2.02172;0.0759898;4.3539;0.7;0.7
-1.57;-1.25235;2.00831;0.00729427;0.417931;0.7;0.7
-1.47355;-1.2628;1.94062;-0.0352121;-2.0175;0.7;0.7
-1.52688;-1.35799;2.0434;-0.0183858;-1.05343;0.7;0.7
-1.45771;-1.38798;2.01281;-0.0339799;-1.9469;0.7;0.7
-1.3631;-1.2395;1.84239;0.0229587;1.31543;0.7;0.7
-1.78133;-1.46888;2.30884;0.0483833;2.77216;0.7;0.7
-1.47086;-1.33572;1.98685;-0.047728;-2.73462;0.7;0.7
-1.42171;-1.19675;1.85835;0.0375918;2.15385;0.7;0.7
-1.5797;-1.22979;2.00196;0.0382045;2.18896;0.7;0.7
-1.63346;-1.14487;1.99472;0.0501692;2.87448;0.7;0.7
-1.50636;-1.05337;1.83813;0.00107775;0.0617506;0.7;0.7
-1.66239;-0.934437;1.90702;0.098155;5.62387;0.7;0.7
-1.8383;-1.14247;2.16438;-0.0439768;-2.51969;0.7;0.7
-1.6769;-1.02963;1.96778;0.00540802;0.309857;0.7;0.7
-1.62699;-1.0584;1.94096;-0.0260858;-1.49461;0.7;0.7
-1.69441;-1.08929;2.01434;0.00539535;0.309131;0.7;0.7
-1.67562;-1.1265;2.01908;-0.0205368;-1.17667;0.7;0.7
-1.7618;-1.0575;2.05481;0.0512877;2.93857;0.7;0.7
-1.77672;-0.90086;1.99205;0.0713354;4.08722;0.7;0.7
-1.85049;-0.741869;1.99366;0.087976;5.04066;0.7;0.7
-1.85352;-0.746532;1.99821;-0.00160193;-0.0917836;0.7;0.7
-2.00256;-0.583631;2.08587;0.0992986;5.68939;0.7;0.7
-2.00249;-0.604322;2.09169;-0.00950556;-0.544628;0.7;0.7
-1.64138;-0.572106;1.73822;-0.0422907;-2.42308;0.7;0.7
-2.0352;-0.894211;2.22298;-0.0785974;-4.5033;0.7;0.7
-1.86742;-0.785806;2.02602;0.0156755;0.898138;0.7;0.7
-1.83312;-0.769769;1.98819;0.000744674;0.0426667;0.7;0.7
-1.78408;-0.738985;1.93107;0.00486417;0.278697;0.7;0.7
-1.57624;-0.714681;1.73069;-0.032989;-1.89013;0.7;0.7
-1.91355;-0.746281;2.05393;0.0538321;3.08435;0.7;0.7
-1.81226;-0.645296;1.92372;0.0297803;1.70629;0.7;0.7
-1.8671;-0.756499;2.01453;-0.0428845;-2.4571;0.7;0.7
-1.90189;-0.770349;2.05198;0.000111664;0.00639787;0.7;0.7
-2.01995;-0.686647;2.13347;0.0571688;3.27553;0.7;0.7
-1.87981;-0.646899;1.988;-0.00375822;-0.21533;0.7;0.7
-2.06268;-0.456454;2.11258;0.113654;6.51187;0.7;0.7
-2.04924;-0.353042;2.07943;0.0471781;2.70311;0.7;0.7
-1.94062;-0.244225;1.95593;0.0454136;2.60201;0.7;0.7
-2.00752;-0.125666;2.01145;0.0626747;3.591;0.7;0.7
-2.00503;-0.0996047;2.0075;0.0128796;0.737946;0.7;0.7
-2.01916;-0.162194;2.02566;-0.0305191;-1.74861;0.7;0.7
-1.92754;-0.258076;1.94474;-0.0529411;-3.0333;0.7;0.7
-2.17556;-0.324828;2.19967;-0.0151162;-0.866093;0.7;0.7
-1.90016;-0.283419;1.92118;0.000149347;0.00855693;0.7;0.7
-1.87871;-0.136418;1.88366;0.0755785;4.33033;0.7;0.7
-2.06687;-0.149469;2.07227;0.000294434;0.0168698;0.7;0.7
-2.0909;-0.130957;2.09499;0.00964054;0.552362;0.7;0.7
-2.15624;-0.0473538;2.15676;0.0405924;2.32577;0.7;0.7
-1.91097;-0.0156618;1.91103;0.0137622;0.788517;0.7;0.7
-2.00157;-0.0148558;2.00163;0.000773627;0.0443256;0.7;0.7
-1.86895;-0.222607;1.88216;-0.111128;-6.36714;0.7;0.7
-1.94828;-0.183122;1.95687;0.0248334;1.42285;0.7;0.7
-1.88536;-0.201566;1.89611;-0.01279;-0.732814;0.7;0.7
-2.01465;-0.168227;2.02166;0.0231976;1.32912;0.7;0.7
-2.02282;-0.162101;2.0293;0.00334333;0.191559;0.7;0.7
-1.90133;-0.0891119;1.90342;0.0331315;1.89829;0.7;0.7
-1.96591;-0.250747;1.98183;-0.0800291;-4.58533;0.7;0.7
-2.1093;0.00842126;2.10932;0.130855;7.49746;0.7;0.7
-1.88352;-0.196813;1.89378;-0.108106;-6.19404;0.7;0.7
-1.8433;-0.150602;1.84944;0.0225931;1.29449;0.7;0.7
-1.67075;-0.227488;1.68616;-0.053806;-3.08286;0.7;0.7
-2.13001;-0.357532;2.1598;-0.0309777;-1.77489;0.7;0.7
-1.95317;-0.309468;1.97753;0.00916681;0.525219;0.7;0.7
-2.02198;-0.368833;2.05535;-0.0232901;-1.33442;0.7;0.7
-1.96573;-0.27065;1.98428;0.0436043;2.49834;0.7;0.7
-2.10559;-0.520256;2.16891;-0.105409;-6.03947;0.7;0.7
-2.14419;-0.715992;2.26057;-0.0800481;-4.58642;0.7;0.7
-2.00119;-0.588479;2.08592;0.036277;2.07852;0.7;0.7
-1.89262;-0.671029;2.00806;-0.0547191;-3.13518;0.7;0.7
-1.99356;-0.733462;2.12421;-0.0118228;-0.677396;0.7;0.7
-1.96953;-0.915114;2.17174;-0.0824135;-4.72195;0.7;0.7
-1.69807;-0.739632;1.85216;0.0241675;1.3847;0.7;0.7
-1.78104;-0.785508;1.94656;-0.00458656;-0.262791;0.7;0.7
-1.80359;-0.864237;1.99996;-0.031473;-1.80327;0.7;0.7
-1.88654;-1.01359;2.14158;-0.0461711;-2.64541;0.7;0.7
-1.81482;-1.02014;2.08189;-0.019075;-1.09292;0.7;0.7
-1.64169;-1.05801;1.95309;-0.0603774;-3.45937;0.7;0.7
-1.74126;-0.776403;1.90651;0.153047;8.76892;0.7;0.7
-1.80892;-0.878538;2.01098;-0.0326896;-1.87298;0.7;0.7
-1.92547;-0.727578;2.05835;0.0908319;5.20428;0.7;0.7
-1.84757;-0.722411;1.98378;-0.0114439;-0.655687;0.7;0.7
-1.834;-0.744664;1.97942;-0.0129664;-0.742922;0.7;0.7
-1.75283;-0.60855;1.85547;0.0515348;2.95273;0.7;0.7
-1.63383;-0.593827;1.7384;-0.0144511;-0.827988;0.7;0.7
-2.10028;-0.807963;2.25032;-0.0186301;-1.06743;0.7;0.7
-1.82548;-0.703202;1.95624;-0.000453227;-0.025968;0.7;0.7
-1.89176;-0.715335;2.02248;0.00618062;0.354123;0.7;0.7
-1.90384;-0.716903;2.03434;0.00137932;0.0790295;0.7;0.7
-1.93997;-0.611457;2.03405;0.054802;3.13993;0.7;0.7
-2.05086;-0.662651;2.15526;-0.00718682;-0.411775;0.7;0.7
-1.95908;-0.395131;1.99853;0.113498;6.50294;0.7;0.7
-2.15036;-0.287179;2.16945;0.0662585;3.79633;0.7;0.7
-1.95961;-0.234288;1.97357;0.0137707;0.789004;0.7;0.7
-1.96566;-0.303622;1.98897;-0.0342589;-1.96289;0.7;0.7
-1.93639;-0.0961516;1.93878;0.103638;5.93801;0.7;0.7
-2.23827;0.0677239;2.2393;0.0798623;4.57577;0.7;0.7
-2.00796;0.0613029;2.0089;0.000272428;0.015609;0.7;0.7
-1.95779;0.0634751;1.95882;0.00189;0.108289;0.7;0.7
-2.00384;-0.0995582;2.00631;-0.0820534;-4.70131;0.7;0.7
-1.648;-0.210338;1.66137;-0.0773027;-4.42912;0.7;0.7
-1.93589;-0.418134;1.98053;-0.0857769;-4.91465;0.7;0.7
-1.78806;-0.153665;1.79465;0.126994;7.27621;0.7;0.7
-1.96764;-0.222602;1.9802;-0.0269233;-1.54259;0.7;0.7
-1.95424;-0.0809937;1.95591;0.0712307;4.08122;0.7;0.7
-2.15791;-0.0802389;2.1594;0.00425502;0.243795;0.7;0.7
-1.95197;-0.173841;1.9597;-0.0516585;-2.95982;0.7;0.7
-2.1718;-0.0216334;2.17191;0.0788643;4.51859;0.7;0.7
-2.27252;0.229798;2.28411;0.110738;6.34485;0.7;0.7
-1.94238;0.174416;1.9502;-0.0112231;-0.643035;0.7;0.7
-1.94603;0.194436;1.95572;0.0100291;0.574626;0.7;0.7
-1.95635;0.185295;1.9651;-0.00515062;-0.295109;0.7;0.7
-1.89456;0.247172;1.91061;0.0352984;2.02245;0.7;0.7
-1.97224;0.137668;1.97704;-0.060042;-3.44015;0.7;0.7
-1.98516;0.240336;1.99966;0.0507899;2.91005;0.7;0.7
-2.11838;0.358641;2.14852;0.0472299;2.70607;0.7;0.7
-1.96951;0.275379;1.98867;-0.0287891;-1.64949;0.7;0.7
-1.74467;0.258493;1.76371;0.00817142;0.468188;0.7;0.7
-2.06992;0.293004;2.09056;-0.006473;-0.370875;0.7;0.7
-1.98571;0.357281;2.01759;0.0374029;2.14303;0.7;0.7
-1.7724;0.40908;1.819;0.0488118;2.79671;0.7;0.7
-1.89385;0.327508;1.92196;-0.0555948;-3.18535;0.7;0.7
-1.88221;0.331379;1.91116;0.00303346;0.173804;0.7;0.7
-2.12645;0.316549;2.14989;-0.0264948;-1.51804;0.7;0.7
-1.92957;0.531187;2.00135;0.120856;6.92455;0.7;0.7
-1.94892;0.578743;2.03303;0.0200288;1.14756;0.7;0.7
-2.08523;0.449205;2.13306;-0.0764825;-4.38212;0.7;0.7
-2.04104;0.20458;2.05127;-0.112281;-6.4332;0.7;0.7
-2.11496;0.267829;2.13185;0.0260657;1.49346;0.7;0.7
-2.22456;0.108781;2.22722;-0.0771038;-4.41772;0.7;0.7
-1.95432;0.20242;1.96478;0.0543459;3.11379;0.7;0.7
-2.00545;0.144199;2.01062;-0.0314268;-1.80062;0.7;0.7
-2.02472;0.0459166;2.02524;-0.0491062;-2.81358;0.7;0.7
-2.10869;0.113129;2.11172;0.0309235;1.77178;0.7;0.7
-2.03435;0.195433;2.04372;0.042175;2.41645;0.7;0.7
-1.87037;0.238641;1.88553;0.0311319;1.78372;0.7;0.7
-1.90913;0.333286;1.938;0.0459288;2.63153;0.7;0.7
-1.8844;0.360389;1.91856;0.0161334;0.924374;0.7;0.7
-1.87252;0.316339;1.89906;-0.0216095;-1.23813;0.7;0.7
-1.98298;0.332447;2.01065;-0.00125183;-0.0717244;0.7;0.7
-1.98212;0.573377;2.06338;0.115483;6.6167;0.7;0.7
-1.99461;0.507708;2.05821;-0.0323419;-1.85305;0.7;0.7
-1.93487;0.491709;1.99637;-0.000384529;-0.0220319;0.7;0.7
-1.94204;0.660942;2.05143;0.0791754;4.53641;0.7;0.7
-1.7563;0.626165;1.86458;0.0144386;0.827273;0.7;0.7
-1.57563;0.641047;1.70104;0.0439232;2.51662;0.7;0.7
-1.99721;0.561726;2.07471;-0.112227;-6.43016;0.7;0.7
-1.96162;0.5212;2.02968;-0.0144733;-0.829261;0.7;0.7
-1.96116;0.505213;2.02518;-0.00757047;-0.433756;0.7;0.7
-1.92854;0.507682;1.99424;0.00527908;0.302469;0.7;0.7
-1.80328;0.635981;1.91214;0.0816535;4.6784;0.7;0.7
-1.86581;0.662749;1.98002;0.00224622;0.128699;0.7;0.7
-1.84847;0.678501;1.96906;0.0104857;0.600785;0.7;0.7
-1.93286;0.745779;2.07174;0.0164502;0.942528;0.7;0.7
-1.90194;0.821106;2.07162;0.0393058;2.25206;0.7;0.7
-1.81222;0.844762;1.99944;0.0286534;1.64172;0.7;0.7
-1.74297;0.853773;1.94084;0.0192828;1.10483;0.7;0.7
-1.88328;1.18148;2.22321;0.104805;6.00491;0.7;0.7
-1.72084;1.06152;2.02191;-0.00756383;-0.433375;0.7;0.7
-1.70053;1.05403;2.00069;0.0021416;0.122705;0.7;0.7
-1.81213;1.2834;2.22057;0.061357;3.5155;0.7;0.7
-1.63398;0.94372;1.88693;-0.0924698;-5.29813;0.7;0.7
-1.8639;0.966592;2.09962;-0.0453497;-2.59835;0.7;0.7
-1.86501;0.886828;2.06512;-0.0345414;-1.97908;0.7;0.7
-1.71545;0.720354;1.86056;-0.0463021;-2.65292;0.7;0.7
-1.84316;0.766869;1.99633;-0.00328558;-0.18825;0.7;0.7
-1.92851;0.918315;2.13599;0.0501332;2.87242;0.7;0.7
-1.80551;0.84802;1.99475;-0.00530812;-0.304133;0.7;0.7
-1.72502;0.941107;1.96504;0.0603281;3.45655;0.7;0.7
-1.75501;0.946368;1.99391;-0.00488733;-0.280023;0.7;0.7
-1.8071;1.08161;2.10607;0.0447991;2.5668;0.7;0.7
-1.76122;1.07324;2.06246;0.00794069;0.454968;0.7;0.7
-1.69291;0.93819;1.9355;-0.0412302;-2.36231;0.7;0.7
-1.80235;1.03591;2.07884;0.0155998;0.893804;0.7;0.7
-1.77675;0.997316;2.03752;-0.0101625;-0.582266;0.7;0.7
-1.77908;1.06026;2.07106;0.0259545;1.48709;0.7;0.7
-1.89389;0.905333;2.09916;-0.0915278;-5.24416;0.7;0.7
-1.5742;0.839174;1.78391;0.0438427;2.512;0.7;0.7
-1.73125;0.979087;1.98893;0.024935;1.42867;0.7;0.7
-1.55708;1.06541;1.88669;0.0853747;4.89161;0.7;0.7
-1.56513;1.14477;1.93911;0.0314332;1.80099;0.7;0.7
-1.62787;1.37774;2.13263;0.0708668;4.06037;0.7;0.7
-1.49878;1.26094;1.95865;-0.00294197;-0.168563;0.7;0.7
-1.43574;1.28313;1.92555;0.0299005;1.71317;0.7;0.7
-1.43294;1.31543;1.94517;0.0133394;0.764289;0.7;0.7
-1.59092;1.48278;2.17477;0.00756421;0.433397;0.7;0.7
-1.39882;1.29065;1.90328;-0.00503244;-0.288338;0.7;0.7
-1.361;1.37825;1.93698;0.0464961;2.66403;0.7;0.7
-1.41575;1.40986;1.99801;-0.00838212;-0.48026;0.7;0.7
-1.40978;1.41498;1.9974;0.00392713;0.225008;0.7;0.7
-1.3798;1.48846;2.02962;0.0360262;2.06415;0.7;0.7
-1.29548;1.45503;1.94818;0.0200756;1.15025;0.7;0.7
-1.21539;1.32708;1.79953;-0.0140414;-0.804515;0.7;0.7
-1.39923;1.49338;2.04647;-0.0113642;-0.651123;0.7;0.7
-1.42771;1.56974;2.12189;0.0148112;0.848619;0.7;0.7
-1.53935;1.4344;2.10407;-0.0826273;-4.73419;0.7;0.7
-1.57229;1.3943;2.10147;-0.0246467;-1.41215;0.7;0.7
-1.43643;1.27187;1.91859;-0.00075998;-0.0435436;0.7;0.7
-1.65715;1.25759;2.0803;-0.0755466;-4.3285;0.7;0.7
-1.53864;1.23988;1.97604;0.0291215;1.66854;0.7;0.7
-1.49297;1.24634;1.94482;0.0173192;0.992317;0.7;0.7
-1.45916;1.27288;1.93633;0.021712;1.24401;0.7;0.7
-1.50517;1.26358;1.96524;-0.0189563;-1.08611;0.7;0.7
-1.5701;1.2167;1.98634;-0.0391011;-2.24033;0.7;0.7
-1.63254;1.09814;1.96751;-0.0671222;-3.84582;0.7;0.7
-1.65493;1.0842;1.97845;-0.0121605;-0.696745;0.7;0.7
-1.63167;1.02702;1.92798;-0.0182023;-1.04291;0.7;0.7
-1.54419;0.84413;1.75985;-0.0615097;-3.52425;0.7;0.7
-1.74743;1.12224;2.07676;0.0706223;4.04636;0.7;0.7
-1.60419;1.15151;1.97469;0.0516949;2.9619;0.7;0.7
-1.6137;1.15062;1.98191;-0.00316193;-0.181165;0.7;0.7
-1.50711;1.19528;1.92355;0.051095;2.92753;0.7;0.7
-1.60591;1.25045;2.03533;-0.00892655;-0.511453;0.7;0.7
-1.5607;1.23877;1.99257;0.00931502;0.533711;0.7;0.7
-1.60722;1.53052;2.21938;0.0900515;5.15957;0.7;0.7
-1.44916;1.37933;2.00066;-0.00024157;-0.0138409;0.7;0.7
-1.40599;1.57968;2.11475;0.082792;4.74363;0.7;0.7
-1.58416;1.47485;2.16443;-0.0938276;-5.37592;0.7;0.7
-1.38492;1.41806;1.98215;0.0475389;2.72378;0.7;0.7
-1.39906;1.42922;2.00001;-0.00115867;-0.066387;0.7;0.7
-1.37719;1.4484;1.99863;0.0145361;0.832857;0.7;0.7
-1.44928;1.61031;2.16646;0.0273842;1.569;0.7;0.7
-1.38598;1.48907;2.03428;-0.0167402;-0.959144;0.7;0.7
-1.52857;1.36157;2.04704;-0.0935606;-5.36063;0.7;0.7
-1.56323;1.25817;2.00666;-0.0499863;-2.864;0.7;0.7
-1.49191;1.26027;1.95296;0.0237351;1.35992;0.7;0.7
-1.53399;1.25351;1.98101;-0.0163139;-0.93472;0.7;0.7
-1.49976;1.31262;1.99305;0.0338392;1.93885;0.7;0.7
-1.50599;1.31881;2.00182;0.000276407;0.0158369;0.7;0.7
-1.37043;1.45812;2.00105;0.097161;5.56692;0.7;0.7
-1.51469;1.53283;2.15496;-0.0250398;-1.43467;0.7;0.7
-1.41521;1.53471;2.08762;0.0345361;1.97877;0.7;0.7
-1.50122;1.44878;2.08629;-0.0582624;-3.33819;0.7;0.7
-1.41457;1.45161;2.02686;0.0306934;1.7586;0.7;0.7
-1.38161;1.4333;1.99078;0.00543924;0.311645;0.7;0.7
-1.36666;1.48378;2.01727;0.0227088;1.30112;0.7;0.7
-1.37897;1.50184;2.03889;0.00155566;0.0891327;0.7;0.7
-1.41024;1.32613;1.93582;-0.0733501;-4.20265;0.7;0.7
-1.39249;1.34577;1.93652;0.013665;0.782949;0.7;0.7
-1.38201;1.3835;1.95551;0.0175988;1.00834;0.7;0.7
-1.41385;1.4283;2.00972;0.00454603;0.260468;0.7;0.7
-1.3798;1.35458;1.93359;-0.0143065;-0.819705;0.7;0.7
-1.46472;1.27046;1.93894;-0.0616793;-3.53396;0.7;0.7
-1.6543;1.32729;2.12095;-0.0383375;-2.19657;0.7;0.7
-1.55205;0.952053;1.82078;-0.125931;-7.21533;0.7;0.7
-1.70467;1.0472;2.00063;0.000649608;0.0372198;0.7;0.7
-1.80018;0.957125;2.03881;-0.0622051;-3.56409;0.7;0.7
-1.64204;0.667588;1.77256;-0.102524;-5.8742;0.7;0.7
-1.77313;0.658179;1.89135;-0.0307167;-1.75994;0.7;0.7
-2.02511;0.881289;2.20856;0.0550311;3.15305;0.7;0.7
-1.84584;0.799754;2.01165;-0.00160388;-0.0918954;0.7;0.7
-1.80272;0.821479;1.98107;0.0187152;1.0723;0.7;0.7
-1.80409;0.816385;1.98021;-0.00262651;-0.150488;0.7;0.7
-1.68322;0.82876;1.87619;0.0325745;1.86638;0.7;0.7
-1.76768;0.880197;1.9747;0.00447475;0.256384;0.7;0.7
-1.97112;0.972317;2.19789;-0.00373716;-0.214123;0.7;0.7
-1.8011;0.880664;2.00487;-0.00348273;-0.199545;0.7;0.7
-1.88154;0.72612;2.01679;-0.0864689;-4.9543;0.7;0.7
-1.79278;0.634684;1.90181;-0.0280542;-1.60739;0.7;0.7
-1.72063;0.669591;1.84633;0.0308679;1.7686;0.7;0.7
-1.77386;0.784163;1.93945;0.0451153;2.58492;0.7;0.7
-1.83004;0.763197;1.98281;-0.0211285;-1.21058;0.7;0.7
-1.86428;0.75374;2.01088;-0.0108941;-0.624185;0.7;0.7
-1.90553;0.700445;2.03018;-0.031959;-1.83112;0.7;0.7
-1.91053;0.738521;2.0483;0.016605;0.951399;0.7;0.7
-1.88959;0.808206;2.05518;0.0353072;2.02295;0.7;0.7
-1.76254;0.801407;1.93618;0.0225793;1.2937;0.7;0.7
-1.85007;0.824807;2.0256;-0.00736972;-0.422254;0.7;0.7
-1.65576;0.944556;1.90623;0.0990438;5.67479;0.7;0.7
-1.75411;0.991635;2.015;-0.00389;-0.22288;0.7;0.7
-1.91681;1.10679;2.2134;0.00911678;0.522353;0.7;0.7
-1.76641;1.04022;2.04994;0.00856208;0.490571;0.7;0.7
-1.59473;1.02689;1.89675;0.0398851;2.28525;0.7;0.7
-1.81477;1.0839;2.11382;-0.0336858;-1.93006;0.7;0.7
-1.62784;1.12492;1.97871;0.0662853;3.79787;0.7;0.7
-1.94711;0.948534;2.16587;-0.15138;-8.67345;0.7;0.7
-1.542;1.09824;1.89312;0.165564;9.48614;0.7;0.7
-1.7374;1.22679;2.12687;-0.0040645;-0.232879;0.7;0.7
-1.65685;1.17635;2.03198;0.0025863;0.148184;0.7;0.7
-1.70018;1.27173;2.12319;0.0248185;1.42199;0.7;0.7
-1.55506;1.24566;1.99246;0.033152;1.89947;0.7;0.7
-1.61859;1.35402;2.11026;0.0212597;1.21809;0.7;0.7
-1.47026;1.2049;1.9009;-0.010102;-0.5788;0.7;0.7
-1.55365;1.27161;2.00769;-0.000627369;-0.0359456;0.7;0.7
-1.70403;1.18233;2.07404;-0.0793179;-4.54458;0.7;0.7
-1.41524;1.21776;1.86704;0.103953;5.95605;0.7;0.7
-1.49076;1.31985;1.99107;0.0141297;0.809574;0.7;0.7
-1.49977;1.32987;2.00446;0.00076251;0.0436886;0.7;0.7
-1.59289;1.28778;2.04834;-0.0455523;-2.60996;0.7;0.7
-1.55877;1.25425;2.00073;-0.0023088;-0.132284;0.7;0.7
-1.59648;1.10336;1.94065;-0.0728248;-4.17255;0.7;0.7
-1.50686;1.16813;1.90661;0.0546999;3.13407;0.7;0.7
-1.58469;1.22521;2.0031;-0.00128408;-0.0735724;0.7;0.7
-1.72354;1.17225;2.08441;-0.0608823;-3.4883;0.7;0.7
-1.64932;1.40818;2.16869;0.109417;6.26912;0.7;0.7
-1.40848;1.26349;1.89214;0.0244963;1.40353;0.7;0.7
-1.43569;1.31924;1.94976;0.0119651;0.685549;0.7;0.7
-1.47834;1.23926;1.92906;-0.0455034;-2.60715;0.7;0.7
-1.53594;0.852232;1.75654;-0.191083;-10.9483;0.7;0.7
-1.79682;1.07085;2.09171;0.0308834;1.76949;0.7;0.7
-1.72398;1.01867;2.00244;-0.00376009;-0.215437;0.7;0.7
-1.82436;0.995614;2.07835;-0.0341276;-1.95537;0.7;0.7
-1.68551;1.10245;2.01404;0.0796701;4.56476;0.7;0.7
-1.74403;1.0349;2.02797;-0.0436814;-2.50276;0.7;0.7
-1.55653;1.0046;1.85257;0.0375905;2.15378;0.7;0.7
-1.76715;1.12117;2.0928;-0.00777371;-0.445401;0.7;0.7
-1.75289;1.19253;2.12008;0.0320264;1.83498;0.7;0.7
-1.93354;1.15666;2.25309;-0.058293;-3.33995;0.7;0.7
-1.82339;1.09156;2.12515;0.000317847;0.0182113;0.7;0.7
-2.00377;1.10198;2.2868;-0.0366112;-2.09766;0.7;0.7
-1.76749;0.958741;2.01077;-0.00579533;-0.332048;0.7;0.7
-1.85209;1.10873;2.15859;0.0424035;2.42954;0.7;0.7
-1.52304;1.20636;1.94293;0.130472;7.47549;0.7;0.7
-1.54463;1.20942;1.96179;-0.00560865;-0.321352;0.7;0.7
-1.60335;1.23026;2.02095;-0.00979523;-0.561225;0.7;0.7
-1.6313;1.18179;2.01439;-0.0275395;-1.5779;0.7;0.7
-1.46948;1.12532;1.85087;0.0265893;1.52345;0.7;0.7
-1.37217;1.35351;1.9274;0.125018;7.163;0.7;0.7
-1.30235;1.29222;1.83465;0.00294326;0.168636;0.7;0.7
-1.35185;1.42078;1.96115;0.0287577;1.6477;0.7;0.7
-1.4878;1.45373;2.08011;-0.0364353;-2.08759;0.7;0.7
-1.45569;1.40677;2.02436;-0.00550908;-0.315647;0.7;0.7
-1.44728;1.34846;1.97812;-0.0182417;-1.04517;0.7;0.7
-1.3275;1.39442;1.92527;0.0599145;3.43285;0.7;0.7
-1.16783;1.48018;1.88541;0.092831;5.31883;0.7;0.7
-1.37186;1.54072;2.06296;-0.0595026;-3.40925;0.7;0.7
-1.28909;1.50736;1.9834;0.0199828;1.14493;0.7;0.7
-1.36261;1.69276;2.17304;0.0297441;1.70421;0.7;0.7
-1.24573;1.61034;2.03594;0.0193369;1.10792;0.7;0.7
-1.12526;1.60292;1.95846;0.0463501;2.65567;0.7;0.7
-1.15371;1.6408;2.00581;-0.000753937;-0.0431974;0.7;0.7
-1.14545;1.64816;2.00711;0.00547505;0.313697;0.7;0.7
-1.17972;1.60119;1.98885;-0.027634;-1.58331;0.7;0.7
-0.943456;1.49197;1.76524;0.0711147;4.07457;0.7;0.7
-1.04795;1.48284;1.81577;-0.0513533;-2.94233;0.7;0.7
-0.995034;1.55061;1.84241;0.0447018;2.56123;0.7;0.7
-1.09712;1.68952;2.01449;-0.00540857;-0.309888;0.7;0.7
-1.07937;1.75231;2.05806;0.0238517;1.3666;0.7;0.7
-0.969492;1.68578;1.94467;0.0301695;1.72858;0.7;0.7
-1.16018;1.84971;2.18344;-0.0382866;-2.19366;0.7;0.7
-1.17276;1.71285;2.07587;-0.0401766;-2.30195;0.7;0.7
-1.11419;1.64168;1.98407;0.00409449;0.234597;0.7;0.7
-1.11733;1.65922;2.00036;0.00362304;0.207585;0.7;0.7
-1.28458;1.72545;2.15112;-0.0473067;-2.71047;0.7;0.7
-1.24002;1.60071;2.02482;-0.0191407;-1.09668;0.7;0.7
-1.35838;1.50828;2.0298;-0.0740536;-4.24296;0.7;0.7
-1.37204;1.28742;1.88147;-0.084051;-4.81577;0.7;0.7
-1.4434;1.14772;1.84409;-0.0818087;-4.6873;0.7;0.7
-1.66365;1.24474;2.07777;-0.0294334;-1.68641;0.7;0.7
-1.55887;1.20142;1.96811;0.0142716;0.8177;0.7;0.7
-1.69815;1.15142;2.0517;-0.0607795;-3.48241;0.7;0.7
-1.60579;1.24303;2.03068;0.0629044;3.60416;0.7;0.7
-1.73952;1.39357;2.2289;0.0166815;0.95578;0.7;0.7
-1.43273;1.37621;1.98662;0.0898575;5.14845;0.7;0.7
-1.4022;1.41134;1.98949;0.0233657;1.33876;0.7;0.7
-1.45675;1.33215;1.97402;-0.0478975;-2.74432;0.7;0.7
-1.42897;1.07232;1.78657;-0.0969821;-5.55667;0.7;0.7
-1.57066;1.23127;1.99575;0.0210922;1.20849;0.7;0.7
-1.50543;0.995778;1.80496;-0.0804721;-4.61071;0.7;0.7
-1.59712;1.04823;1.91038;-0.00357749;-0.204975;0.7;0.7
-1.58231;1.28981;2.0414;0.103099;5.90712;0.7;0.7
-1.61618;1.57771;2.25859;0.0894446;5.1248;0.7;0.7
-1.1891;1.52595;1.93455;0.135479;7.76239;0.7;0.7
-1.31377;1.55409;2.03499;-0.0398329;-2.28226;0.7;0.7
-1.30188;1.52685;2.00653;-0.00424064;-0.24297;0.7;0.7
-1.32924;1.57554;2.06136;0.00522627;0.299443;0.7;0.7
-1.35061;1.64649;2.12957;0.0138128;0.791417;0.7;0.7
-1.42445;1.60238;2.14399;-0.0396858;-2.27383;0.7;0.7
-1.34098;1.5031;2.01433;-0.00177587;-0.10175;0.7;0.7
-1.11287;1.38099;1.77359;0.0501609;2.87401;0.7;0.7
-1.31224;1.49918;1.99237;-0.0407025;-2.33208;0.7;0.7
-1.18688;1.41676;1.84821;0.0216646;1.24129;0.7;0.7
-1.25938;1.65553;2.0801;0.0470157;2.6938;0.7;0.7
-1.25758;1.27925;1.79388;-0.126535;-7.24994;0.7;0.7
-1.47534;1.17516;1.88617;-0.121318;-6.95099;0.7;0.7
-1.53678;0.979671;1.82249;-0.105099;-6.02172;0.7;0.7
-1.7629;0.938403;1.9971;-0.0783665;-4.49007;0.7;0.7
-1.75287;0.93008;1.98434;-0.0013277;-0.0760718;0.7;0.7
-2.10565;0.782196;2.24624;-0.132154;-7.57186;0.7;0.7
-1.86099;0.696209;1.98696;0.00231056;0.132385;0.7;0.7
-1.9405;0.627099;2.03931;-0.0454166;-2.60218;0.7;0.7
-1.80257;0.727177;1.94372;0.0708738;4.06077;0.7;0.7
-1.74049;0.861022;1.94182;0.0759561;4.35196;0.7;0.7
-2.03473;0.918333;2.23237;-0.0354412;-2.03063;0.7;0.7
-1.90952;0.664388;2.0218;-0.0891242;-5.10644;0.7;0.7
-1.85926;0.559366;1.94158;-0.0425939;-2.44045;0.7;0.7
-1.89894;0.449739;1.95147;-0.0596885;-3.4199;0.7;0.7
-1.95351;0.481648;2.01201;0.00918219;0.526101;0.7;0.7
-2.07014;0.648156;2.16923;0.0616956;3.5349;0.7;0.7
-2.1632;0.639464;2.25574;-0.0160051;-0.917023;0.7;0.7
-1.63496;0.470027;1.70118;-0.00748787;-0.429023;0.7;0.7
-1.9804;0.514444;2.04613;-0.0257864;-1.47745;0.7;0.7
-1.98494;0.516395;2.05101;0.000364805;0.0209018;0.7;0.7
-2.00996;0.528139;2.07819;0.00243734;0.139649;0.7;0.7
-1.94605;0.528232;2.01647;0.00809908;0.464043;0.7;0.7
-1.8499;0.461698;1.90665;-0.0204681;-1.17273;0.7;0.7
-1.94051;0.490492;2.00153;0.00299592;0.171654;0.7;0.7
-1.87942;0.168447;1.88696;-0.158191;-9.06368;0.7;0.7
-2.01735;0.177093;2.02511;-0.00182764;-0.104716;0.7;0.7
-2.0217;0.208997;2.03247;0.0154506;0.885253;0.7;0.7
-2.15901;0.561043;2.23072;0.151227;8.66465;0.7;0.7
-1.98347;0.53807;2.05516;0.0106634;0.610969;0.7;0.7
-1.97055;0.444621;2.02009;-0.0429847;-2.46284;0.7;0.7
-2.16085;0.47074;2.21154;-0.00741898;-0.425076;0.7;0.7
-1.78905;0.814338;1.96567;0.212654;12.1842;0.7;0.7
-1.85981;0.524692;1.9324;-0.152177;-8.71908;0.7;0.7
-1.94087;0.65702;2.04906;0.0514342;2.94697;0.7;0.7
-2.05233;0.701045;2.16876;0.00274903;0.157508;0.7;0.7
-1.97095;0.537177;2.04284;-0.063074;-3.61388;0.7;0.7
-1.92196;0.530437;1.99382;0.00319914;0.183297;0.7;0.7
-1.8817;0.531338;1.95528;0.0059222;0.339317;0.7;0.7
-1.95014;0.559594;2.02884;0.00423738;0.242784;0.7;0.7
-1.85697;0.559305;1.93938;0.0131065;0.750946;0.7;0.7
-1.65945;0.582287;1.75864;0.0449195;2.5737;0.7;0.7
-1.87478;0.635453;1.97955;-0.010674;-0.611576;0.7;0.7
-1.88883;0.682733;2.00844;0.0200502;1.14879;0.7;0.7
-1.62322;0.712321;1.77264;0.0666824;3.82062;0.7;0.7
-1.83986;0.808263;2.00957;0.000398882;0.0228542;0.7;0.7
-1.67119;0.796329;1.85122;0.0307484;1.76175;0.7;0.7
-1.66555;0.740224;1.82263;-0.02646;-1.51604;0.7;0.7
-1.68351;0.671666;1.81255;-0.0385992;-2.21157;0.7;0.7
-1.88639;0.639944;1.99198;-0.0525568;-3.01128;0.7;0.7
-1.73191;0.589662;1.82954;0.00110003;0.0630269;0.7;0.7
-1.96048;0.639422;2.06213;-0.0128829;-0.738136;0.7;0.7
-1.83227;0.640126;1.94087;0.0208304;1.1935;0.7;0.7
-1.92426;0.58012;2.0098;-0.0432951;-2.48063;0.7;0.7
-1.88714;0.471307;1.9451;-0.0480713;-2.75428;0.7;0.7
-2.07159;0.610472;2.15967;0.0418354;2.39699;0.7;0.7
-1.88032;0.503707;1.94662;-0.0248379;-1.4231;0.7;0.7
-1.92193;0.571017;2.00496;0.0270627;1.55058;0.7;0.7
-2.07218;0.442089;2.11882;-0.078607;-4.50385;0.7;0.7
-1.95028;0.378303;1.98663;-0.018599;-1.06564;0.7;0.7
-1.85315;0.39393;1.89456;0.0178611;1.02336;0.7;0.7
-1.95616;0.412031;1.99908;-0.00185715;-0.106407;0.7;0.7
-1.77424;0.524836;1.85023;0.0800094;4.5842;0.7;0.7
-1.74663;0.462594;1.80685;-0.0287022;-1.64452;0.7;0.7
-1.77106;0.465573;1.83123;-0.0018436;-0.105631;0.7;0.7
-2.12728;0.43999;2.1723;-0.0531053;-3.04271;0.7;0.7
-1.98883;0.468865;2.04335;0.0275655;1.57939;0.7;0.7
-1.7511;0.491097;1.81866;0.0419041;2.40093;0.7;0.7
-1.89259;0.507808;1.95954;-0.0112875;-0.646728;0.7;0.7
-1.95706;0.415036;2.00058;-0.0531636;-3.04605;0.7;0.7
-1.95912;0.229591;1.97253;-0.0923163;-5.28933;0.7;0.7
-1.97903;0.343519;2.00863;0.055208;3.16318;0.7;0.7
-1.91761;0.312453;1.9429;-0.0103479;-0.592891;0.7;0.7
-1.84765;0.388933;1.88814;0.045954;2.63297;0.7;0.7
-1.98636;0.404498;2.02713;-0.006582;-0.377121;0.7;0.7
-1.86658;0.310546;1.89224;-0.0360293;-2.06433;0.7;0.7
-1.72005;0.130995;1.72503;-0.0888505;-5.09076;0.7;0.7
-1.99243;0.15208;1.99823;0.000169816;0.00972973;0.7;0.7
-2.15719;0.318027;2.18051;0.0701913;4.02167;0.7;0.7
-2.2143;0.293082;2.23361;-0.0147786;-0.846749;0.7;0.7
-2.04626;0.309631;2.06955;0.0185829;1.06472;0.7;0.7
-2.01936;0.307749;2.04267;0.00105952;0.060706;0.7;0.7
-1.96559;0.29164;1.98711;-0.00393792;-0.225626;0.7;0.7
-1.93005;0.349038;1.96136;0.0316122;1.81125;0.7;0.7
-1.95008;0.402589;1.9912;0.0246772;1.4139;0.7;0.7
-1.95163;0.255838;1.96833;-0.0732415;-4.19643;0.7;0.7
-2.11494;0.261194;2.13101;-0.00746882;-0.427932;0.7;0.7
-1.90499;0.217264;1.91734;-0.00931819;-0.533893;0.7;0.7
-1.74273;0.257865;1.7617;0.0333415;1.91033;0.7;0.7
-1.98101;0.317442;2.00628;0.0119918;0.687077;0.7;0.7
-1.98099;0.311347;2.00531;-0.00300044;-0.171912;0.7;0.7
-1.924;0.00947352;1.92402;-0.150968;-8.64983;0.7;0.7
-1.96012;0.174584;1.96788;0.0839097;4.80767;0.7;0.7
-2.04653;0.420645;2.08931;0.113884;6.52507;0.7;0.7
-1.94597;0.452499;1.99789;0.0257539;1.47559;0.7;0.7
-1.82985;0.376179;1.86812;-0.0257172;-1.47349;0.7;0.7
-1.97784;0.462374;2.03117;0.0268989;1.54119;0.7;0.7
-1.97637;0.444015;2.02563;-0.00866031;-0.496199;0.7;0.7
-1.95579;0.451681;2.00727;0.00597342;0.342252;0.7;0.7
-1.93338;0.48907;1.99428;0.0207979;1.19163;0.7;0.7
-1.9159;0.413164;1.95994;-0.0353666;-2.02636;0.7;0.7
-1.96405;0.425682;2.00965;0.00103845;0.0594988;0.7;0.7
-2.18612;0.406823;2.22365;-0.029447;-1.68719;0.7;0.7
-1.97063;0.368032;2.0047;0.000642888;0.0368348;0.7;0.7
-2.10597;0.283679;2.12499;-0.0507357;-2.90694;0.7;0.7
-1.95897;0.275161;1.97821;0.00565259;0.323869;0.7;0.7
-1.91879;0.373106;1.95473;0.0525028;3.00819;0.7;0.7
-1.80904;0.403436;1.85348;0.0273698;1.56817;0.7;0.7
-1.93564;0.442231;1.98551;0.00519175;0.297465;0.7;0.7
-1.87752;0.556155;1.95816;0.0633695;3.63081;0.7;0.7
-1.81332;0.542184;1.89264;0.00255718;0.146515;0.7;0.7
-1.89712;0.566548;1.97991;-0.000335574;-0.019227;0.7;0.7
-2.03829;0.60472;2.1261;-0.00179573;-0.102888;0.7;0.7
-2.01002;0.702628;2.12929;0.0478766;2.74312;0.7;0.7
-1.92675;0.586089;2.01391;-0.0409923;-2.34868;0.7;0.7
-2.06693;0.628205;2.16029;-0.000233503;-0.0133787;0.7;0.7
-1.81412;0.298839;1.83857;-0.131796;-7.55135;0.7;0.7
-1.98306;0.241616;1.99772;-0.0420204;-2.40759;0.7;0.7
-1.87422;0.465455;1.93115;0.122179;7.00035;0.7;0.7
-2.10504;0.218294;2.11633;-0.140091;-8.0266;0.7;0.7
-1.8602;0.249022;1.8768;0.0297456;1.7043;0.7;0.7
-1.92611;0.179122;1.93442;-0.040347;-2.31171;0.7;0.7
-1.95012;0.0532724;1.95085;-0.0654193;-3.74825;0.7;0.7
-2.05715;-0.11924;2.0606;-0.0852095;-4.88215;0.7;0.7
-2.13203;-0.301436;2.15324;-0.0825543;-4.73001;0.7;0.7
-1.98729;-0.284693;2.00758;-0.00183528;-0.105154;0.7;0.7
-1.97112;-0.304064;1.99444;-0.0107643;-0.616747;0.7;0.7
-2.05965;-0.206663;2.06999;0.0530486;3.03946;0.7;0.7
-2.03196;-0.153095;2.03772;0.0248027;1.42109;0.7;0.7
-1.9297;-0.14327;1.93501;0.00109253;0.0625976;0.7;0.7
-2.02392;-0.0639789;2.02493;0.0425081;2.43553;0.7;0.7
-2.04562;-0.166767;2.05241;-0.0497432;-2.85008;0.7;0.7
-2.04306;-0.210866;2.05392;-0.0215024;-1.23199;0.7;0.7
-2.06436;-0.191274;2.0732;0.0104549;0.599022;0.7;0.7
-1.981;-0.213998;1.99253;-0.0152162;-0.871824;0.7;0.7
-2.1224;-0.177665;2.12983;0.0240929;1.38042;0.7;0.7
-1.95353;-0.225373;1.96649;-0.0313443;-1.7959;0.7;0.7
-1.96298;-0.119931;1.96664;0.0538387;3.08473;0.7;0.7
-1.99194;-0.0531579;1.99265;0.0343403;1.96756;0.7;0.7
-1.99977;-0.0527108;2.00047;0.000327797;0.0187814;0.7;0.7
-1.92162;-0.323471;1.94865;-0.140417;-8.0453;0.7;0.7
-2.06785;-0.583428;2.14858;-0.108225;-6.20082;0.7;0.7
-2.0459;-0.628143;2.14016;-0.0228955;-1.31181;0.7;0.7
-1.94635;-0.595631;2.03545;0.000915266;0.0524409;0.7;0.7
-1.85637;-0.325591;1.88471;0.123349;7.06738;0.7;0.7
-1.68519;-0.386903;1.72903;-0.052054;-2.98247;0.7;0.7
-2.00188;-0.508042;2.06534;-0.0228561;-1.30956;0.7;0.7
-1.88902;-0.355549;1.92219;0.0624927;3.58057;0.7;0.7
-1.63936;-0.3919;1.68555;-0.0486103;-2.78516;0.7;0.7
-1.95299;-0.160676;1.95959;0.152566;8.74137;0.7;0.7
-1.99104;-0.178082;1.99898;-0.00711756;-0.407806;0.7;0.7
-1.80133;-0.39178;1.84344;-0.124956;-7.15943;0.7;0.7
-1.8849;-0.505942;1.95162;-0.0480776;-2.75464;0.7;0.7
-1.9533;-0.840399;2.12642;-0.144067;-8.25445;0.7;0.7
-1.76361;-0.79655;1.93515;-0.0179279;-1.02719;0.7;0.7
-1.7132;-0.946862;1.95745;-0.0806693;-4.62201;0.7;0.7
-1.70893;-0.928189;1.94473;0.00734026;0.420566;0.7;0.7
-1.83188;-0.933287;2.05592;0.0263669;1.51071;0.7;0.7
-1.84885;-0.972234;2.0889;-0.012925;-0.74055;0.7;0.7
-1.8923;-0.899043;2.09502;0.0405863;2.32542;0.7;0.7
-1.95872;-0.967083;2.18446;-0.0150863;-0.864379;0.7;0.7
-1.63488;-0.792141;1.81667;0.00742741;0.425559;0.7;0.7
-2.01112;-0.782014;2.15781;0.0803398;4.60313;0.7;0.7
-1.911;-0.766135;2.05885;-0.0104361;-0.597945;0.7;0.7
-1.83817;-0.757634;1.98819;-0.00966142;-0.553558;0.7;0.7
-1.9924;-0.793726;2.14468;0.0118446;0.678646;0.7;0.7
-1.82963;-0.556175;1.9123;0.0839995;4.81282;0.7;0.7
-1.88832;-0.595027;1.97985;-0.0101535;-0.581754;0.7;0.7
-1.86264;-0.32333;1.8905;0.133386;7.64244;0.7;0.7
-2.08408;-0.462598;2.1348;-0.046552;-2.66724;0.7;0.7
-1.97964;-0.439799;2.02791;-0.000184547;-0.0105738;0.7;0.7
-2.03652;-0.768216;2.1766;-0.142105;-8.14199;0.7;0.7
-1.90345;-0.711818;2.03219;0.00285425;0.163537;0.7;0.7
-1.97045;-0.788851;2.12249;-0.0229392;-1.31432;0.7;0.7
-1.8333;-0.745471;1.97907;-0.00540641;-0.309764;0.7;0.7
-1.68325;-0.686308;1.81779;-0.00094411;-0.0540935;0.7;0.7
-1.7761;-0.769074;1.93546;-0.0214867;-1.2311;0.7;0.7
-1.75092;-0.58575;1.8463;0.0858032;4.91616;0.7;0.7
-2.01337;-0.570163;2.09255;0.0468713;2.68553;0.7;0.7
-1.93465;-0.537259;2.00786;0.00508469;0.291331;0.7;0.7
-1.99031;-0.531453;2.06004;0.00994575;0.56985;0.7;0.7
-2.09888;-0.43027;2.14253;0.0587337;3.36519;0.7;0.7
-1.93959;-0.483357;1.99891;-0.0420327;-2.4083;0.7;0.7
-1.79775;-0.599092;1.89494;-0.0774403;-4.437;0.7;0.7
-2.00266;-0.639297;2.10223;0.0126732;0.726119;0.7;0.7
-1.93862;-0.625852;2.03714;-0.00327341;-0.187553;0.7;0.7
-1.98806;-0.648788;2.09125;-0.00317339;-0.181822;0.7;0.7
-1.82569;-0.501859;1.89341;0.0471834;2.70341;0.7;0.7
-1.95312;-0.481624;2.01163;0.0264934;1.51796;0.7;0.7
-1.93495;-0.470901;1.99143;0.00304367;0.17439;0.7;0.7
-1.99227;-0.456613;2.04393;0.013424;0.769136;0.7;0.7
-1.88232;-0.222667;1.89545;0.107554;6.16241;0.7;0.7
-1.9208;-0.0021815;1.9208;0.116611;6.68131;0.7;0.7
-1.9726;0.0680892;1.97377;0.0356395;2.04199;0.7;0.7
-1.95392;0.107236;1.95686;0.0203238;1.16447;0.7;0.7
-2.1481;0.352398;2.17681;0.107775;6.17506;0.7;0.7
-1.7831;0.451777;1.83944;0.0855415;4.90117;0.7;0.7
-1.91236;0.474941;1.97046;-0.00471637;-0.270228;0.7;0.7
-1.92499;0.495428;1.98772;0.00847146;0.485379;0.7;0.7
-1.92125;0.608127;2.0152;0.0546494;3.13118;0.7;0.7
-1.92485;0.802134;2.0853;0.088293;5.05881;0.7;0.7
-1.92116;0.909602;2.12561;0.047354;2.71318;0.7;0.7
-1.82322;0.992401;2.07581;0.0562712;3.2241;0.7;0.7
-1.7759;0.945137;2.01174;-0.00939199;-0.538121;0.7;0.7
-1.76986;0.94749;2.00752;0.00244802;0.140261;0.7;0.7
-1.74569;0.992454;2.00808;0.0254258;1.45679;0.7;0.7
-1.75197;0.98838;2.01154;-0.00330404;-0.189308;0.7;0.7
-1.79559;0.820278;1.97408;-0.0851261;-4.87736;0.7;0.7
-1.83047;0.973553;2.07327;0.0602897;3.45434;0.7;0.7
-1.85421;0.869353;2.04789;-0.0503863;-2.88692;0.7;0.7
-1.85933;0.924914;2.07668;0.0231791;1.32806;0.7;0.7
-1.66897;0.863528;1.87913;0.0158714;0.909365;0.7;0.7
-1.77643;0.909483;1.99571;-0.00429264;-0.24595;0.7;0.7
-1.7785;0.911255;1.99836;0.000316315;0.0181235;0.7;0.7
-1.72512;0.89963;1.9456;0.00719393;0.412182;0.7;0.7
-1.74658;0.912108;1.9704;0.000579958;0.0332291;0.7;0.7
-1.82162;0.704427;1.95307;-0.112278;-6.43305;0.7;0.7
-1.94702;0.623928;2.04454;-0.0588783;-3.37348;0.7;0.7
-1.81258;0.565001;1.8986;-0.0079487;-0.455427;0.7;0.7
-1.9474;0.743476;2.0845;0.0625344;3.58296;0.7;0.7
-1.84234;0.688295;1.96672;-0.00715913;-0.410188;0.7;0.7
-1.56649;0.501321;1.64475;-0.0478119;-2.73942;0.7;0.7
-1.85005;0.588252;1.94132;-0.00187163;-0.107237;0.7;0.7
-1.93701;0.60173;2.02832;-0.00665977;-0.381576;0.7;0.7
-1.64613;0.339249;1.68072;-0.0979535;-5.61232;0.7;0.7
-1.84009;0.44766;1.89376;0.0354017;2.02837;0.7;0.7
-1.98725;0.44104;2.0356;-0.0202501;-1.16025;0.7;0.7
-1.9587;0.352105;1.9901;-0.0405307;-2.32224;0.7;0.7
-2.01308;0.295732;2.03469;-0.0320027;-1.83362;0.7;0.7
-1.96168;0.185089;1.9704;-0.0517883;-2.96725;0.7;0.7
-1.97689;-0.00677578;1.9769;-0.097501;-5.5864;0.7;0.7
-1.86145;0.0283219;1.86167;0.0186413;1.06807;0.7;0.7
-2.0358;0.0296751;2.03602;-0.00063819;-0.0365656;0.7;0.7
-1.92269;0.0696417;1.92396;0.0216295;1.23928;0.7;0.7
-2.01253;0.186776;2.02117;0.0563366;3.22785;0.7;0.7
-1.9644;0.196528;1.97421;0.00717101;0.410869;0.7;0.7
-2.00578;0.145936;2.01108;-0.0270831;-1.55175;0.7;0.7
-2.07034;0.241659;2.08439;0.0435695;2.49635;0.7;0.7
-1.96862;0.259624;1.98566;0.0149254;0.85516;0.7;0.7
-1.98187;0.310443;2.00604;0.0242545;1.38968;0.7;0.7
-1.88431;0.237199;1.89919;-0.0301568;-1.72786;0.7;0.7
-2.06997;0.293849;2.09072;0.015794;0.904927;0.7;0.7
-1.87693;0.271381;1.89645;0.00257673;0.147636;0.7;0.7
-1.90639;0.222201;1.91929;-0.0275604;-1.57909;0.7;0.7
-1.98292;0.465861;2.03691;0.114719;6.57292;0.7;0.7
-2.02038;0.329716;2.04711;-0.0689823;-3.95239;0.7;0.7
-1.89894;0.353095;1.93149;0.0220744;1.26477;0.7;0.7
-1.9836;0.440868;2.03201;0.0348572;1.99717;0.7;0.7
-1.86514;0.448912;1.91841;0.0174917;1.0022;0.7;0.7
-1.93107;0.511229;1.9976;0.0226085;1.29537;0.7;0.7
-2.14954;0.328632;2.17452;-0.107091;-6.13587;0.7;0.7
-2.10131;0.328314;2.1268;0.0032795;0.187901;0.7;0.7
-1.8802;0.152406;1.88637;-0.0741076;-4.24605;0.7;0.7
-1.93963;0.170805;1.94714;0.00695214;0.398328;0.7;0.7
-2.12762;0.272422;2.14499;0.0395138;2.26398;0.7;0.7
-1.93916;0.154555;1.94531;-0.0478144;-2.73956;0.7;0.7
-2.00183;0.212202;2.01304;0.0260765;1.49407;0.7;0.7
-2.0024;0.343133;2.03159;0.0641023;3.67279;0.7;0.7
-1.89685;0.533039;1.97032;0.104235;5.97222;0.7;0.7
-1.87066;0.213863;1.88285;-0.160116;-9.17399;0.7;0.7
-1.98552;0.209164;1.99651;-0.0088732;-0.508397;0.7;0.7
-1.95505;0.152294;1.96097;-0.0272169;-1.55942;0.7;0.7
-2.1115;0.152137;2.11697;-0.00581313;-0.333068;0.7;0.7
-1.89078;0.365355;1.92576;0.11895;6.81532;0.7;0.7
-1.98483;0.391017;2.02298;0.00363501;0.208271;0.7;0.7
-1.94423;0.334707;1.97283;-0.0240294;-1.37678;0.7;0.7
-2.01199;0.312482;2.03612;-0.0164043;-0.939899;0.7;0.7
-1.91526;0.52375;1.98558;0.112857;6.46623;0.7;0.7
-1.9851;0.482467;2.04289;-0.0285146;-1.63377;0.7;0.7
-1.9974;0.540028;2.06911;0.0256319;1.4686;0.7;0.7
-1.93232;0.520734;2.00126;-0.000820212;-0.0469947;0.7;0.7
-1.82295;0.345819;1.85546;-0.0757576;-4.34059;0.7;0.7
-2.02604;0.392206;2.06366;0.00374207;0.214405;0.7;0.7
-1.88436;0.40002;1.92635;0.0179624;1.02917;0.7;0.7
-1.92089;0.367899;1.95581;-0.0199464;-1.14285;0.7;0.7
-2.12367;0.269029;2.14064;-0.0632229;-3.62241;0.7;0.7
-2.07612;0.323461;2.10117;0.0285482;1.63569;0.7;0.7
-2.13124;0.265764;2.14775;-0.0304998;-1.74751;0.7;0.7
-2.01305;0.157958;2.01924;-0.0457517;-2.62138;0.7;0.7
-1.78277;0.0363577;1.78314;-0.0579157;-3.31833;0.7;0.7
-2.12364;0.0909018;2.12558;0.0223875;1.28271;0.7;0.7
-1.94006;0.0127789;1.9401;-0.0361919;-2.07364;0.7;0.7
-2.00004;0.0364589;2.00037;0.0116403;0.666941;0.7;0.7
-2.03286;0.103191;2.03548;0.032491;1.86159;0.7;0.7
-2.07759;0.0720216;2.07884;-0.016066;-0.920511;0.7;0.7
-1.67287;-0.109835;1.67648;-0.100214;-5.74186;0.7;0.7
-2.0761;-0.0734763;2.0774;0.0301854;1.7295;0.7;0.7
-2.027;-0.0226838;2.02713;0.0241864;1.38578;0.7;0.7
-2.02382;0.0178725;2.0239;0.0200212;1.14713;0.7;0.7
-2.04757;0.00725802;2.04758;-0.00528617;-0.302875;0.7;0.7
-2.01871;-0.0216345;2.01883;-0.0142612;-0.817109;0.7;0.7
-1.97566;-0.0321651;1.97592;-0.0055627;-0.318719;0.7;0.7
-1.68839;0.0457064;1.68901;0.0433436;2.48341;0.7;0.7
-2.03659;0.0661922;2.03767;0.00542562;0.310865;0.7;0.7
-2.34553;-0.163696;2.35123;-0.102168;-5.85378;0.7;0.7
-1.99962;-0.144233;2.00481;-0.00232751;-0.133357;0.7;0.7
-2.02253;-0.212268;2.03364;-0.0325635;-1.86575;0.7;0.7
-2.05918;-0.321024;2.08405;-0.0500854;-2.86968;0.7;0.7
-2.03907;-0.326961;2.06511;-0.00434067;-0.248702;0.7;0.7
-2.05311;-0.365236;2.08534;-0.0170574;-0.977319;0.7;0.7
-1.96035;-0.33333;1.98848;0.00762698;0.436994;0.7;0.7
-2.08017;-0.260839;2.09646;0.0436835;2.50288;0.7;0.7
-1.99853;-0.262459;2.01569;-0.00583704;-0.334438;0.7;0.7
-1.98127;-0.277498;2.00061;-0.00857659;-0.491402;0.7;0.7
-2.00111;-0.245814;2.01615;0.0169287;0.969946;0.7;0.7
-2.12495;-0.144149;2.12983;0.0544942;3.12229;0.7;0.7
-1.73123;-0.11317;1.73493;0.00245593;0.140714;0.7;0.7
-1.97022;-0.222962;1.9828;-0.0474102;-2.7164;0.7;0.7
-1.84636;-0.306651;1.87165;-0.0518951;-2.97337;0.7;0.7
-1.82787;-0.457997;1.88438;-0.080927;-4.63678;0.7;0.7
-1.99287;-0.543471;2.06565;-0.0207248;-1.18744;0.7;0.7
-1.94267;-0.524071;2.01212;0.00273759;0.156852;0.7;0.7
-2.10181;-0.41433;2.14226;0.0688615;3.94547;0.7;0.7
-2.17845;-0.366184;2.20901;0.0280976;1.60987;0.7;0.7
-1.9443;-0.462333;1.99852;-0.0669163;-3.83402;0.7;0.7
-1.97508;-0.371046;2.00963;0.0477543;2.73612;0.7;0.7
-1.90368;-0.487059;1.965;-0.0647788;-3.71155;0.7;0.7
-2.0287;-0.415773;2.07087;0.0483317;2.7692;0.7;0.7
-1.94851;-0.382787;1.98576;0.00816557;0.467853;0.7;0.7
-2.07997;-0.338667;2.10737;0.0325739;1.86635;0.7;0.7
-1.89636;-0.245227;1.91215;0.032806;1.87965;0.7;0.7
-1.95925;-0.275694;1.97855;-0.0111959;-0.64148;0.7;0.7
-1.96399;-0.282231;1.98417;-0.00292901;-0.16782;0.7;0.7
-1.87388;-0.263393;1.8923;0.00307945;0.17644;0.7;0.7
-1.98065;-0.24612;1.99589;0.0160176;0.917743;0.7;0.7
-1.94561;-0.27957;1.96559;-0.0190873;-1.09362;0.7;0.7
-2.02823;-0.243427;2.04279;0.0232678;1.33315;0.7;0.7
-2.09793;-0.184923;2.10607;0.0315295;1.80651;0.7;0.7
-1.99997;-0.180835;2.00812;-0.00225532;-0.12922;0.7;0.7
-1.5795;-0.252464;1.59954;-0.0683241;-3.91468;0.7;0.7
-1.80819;-0.532231;1.88489;-0.127763;-7.32029;0.7;0.7
-1.78484;-0.620556;1.88964;-0.0483477;-2.77012;0.7;0.7
-1.95623;-0.547759;2.03148;0.0615936;3.52905;0.7;0.7
-1.94384;-0.572666;2.02644;-0.0134856;-0.77267;0.7;0.7
-2.08854;-0.629788;2.18143;-0.00637218;-0.365099;0.7;0.7
-2.01319;-0.505341;2.07565;0.0469391;2.68941;0.7;0.7
-1.88375;-0.497651;1.94838;-0.0123468;-0.707417;0.7;0.7
-2.02822;-0.570134;2.10683;-0.0157488;-0.90234;0.7;0.7
-1.6869;-0.584444;1.78528;-0.0594881;-3.40842;0.7;0.7
-1.91012;-0.72379;2.04265;-0.0286893;-1.64378;0.7;0.7
-1.76435;-0.684879;1.89261;-0.0080655;-0.462119;0.7;0.7
-1.90007;-0.737094;2.03804;0.000214768;0.0123053;0.7;0.7
-1.88373;-0.88568;2.08156;-0.069445;-3.97891;0.7;0.7
-1.77891;-0.761115;1.9349;0.0352175;2.01781;0.7;0.7
-1.57769;-0.730986;1.7388;-0.0295964;-1.69575;0.7;0.7
-1.96628;-1.11802;2.26191;-0.0831271;-4.76283;0.7;0.7
-1.5216;-0.98308;1.81155;-0.0566097;-3.24349;0.7;0.7
-1.62182;-1.14428;1.98487;-0.0408244;-2.33907;0.7;0.7
-1.59054;-1.01281;1.88563;0.0474216;2.71706;0.7;0.7
-1.62919;-1.21149;2.03026;-0.0723811;-4.14713;0.7;0.7
-1.6003;-1.17762;1.98689;0.00500328;0.286667;0.7;0.7
-1.4195;-1.1492;1.82637;-0.0461551;-2.64449;0.7;0.7
-1.55081;-1.25897;1.9975;-0.00134835;-0.0772546;0.7;0.7
-1.56437;-1.29803;2.03277;-0.0107154;-0.613945;0.7;0.7
-1.46656;-1.30795;1.96508;-0.0356748;-2.04402;0.7;0.7
-1.44564;-1.36258;1.98658;-0.0275361;-1.5777;0.7;0.7
-1.48472;-1.48365;2.09896;-0.0292116;-1.6737;0.7;0.7
-1.50315;-1.42349;2.07021;0.0268543;1.53864;0.7;0.7
-1.52898;-1.42948;2.09313;0.00640914;0.367217;0.7;0.7
-1.34565;-1.30296;1.8731;-0.0175066;-1.00305;0.7;0.7
-1.47883;-1.39179;2.03077;0.0141952;0.813322;0.7;0.7
-1.598;-1.35667;2.09623;0.051186;2.93274;0.7;0.7
-1.52949;-1.36641;2.05095;-0.0252419;-1.44626;0.7;0.7
-1.31654;-1.30173;1.85142;-0.0506003;-2.89919;0.7;0.7
-1.50223;-1.34133;2.01392;0.0508719;2.91474;0.7;0.7
-1.58477;-1.42607;2.13194;-0.00386464;-0.221428;0.7;0.7
-1.62966;-1.31986;2.0971;0.051989;2.97875;0.7;0.7
-1.37694;-1.22914;1.84574;-0.0479986;-2.75012;0.7;0.7
-1.58269;-1.41484;2.12289;-0.00071598;-0.0410226;0.7;0.7
-1.27301;-1.3869;1.88256;-0.0987238;-5.65645;0.7;0.7
-1.36036;-1.57136;2.0784;-0.0290609;-1.66507;0.7;0.7
-1.40367;-1.5115;2.06275;0.0348759;1.99824;0.7;0.7
-1.2867;-1.57286;2.03212;-0.0627662;-3.59624;0.7;0.7
-1.16351;-1.54359;1.93299;-0.0397502;-2.27752;0.7;0.7
-1.20556;-1.47913;1.9082;0.0379394;2.17377;0.7;0.7
-1.27301;-1.53494;1.99414;0.00853557;0.489052;0.7;0.7
-1.20801;-1.40701;1.85445;0.0170592;0.977418;0.7;0.7
-1.31885;-1.49471;1.99337;0.0135333;0.775404;0.7;0.7
-1.38459;-1.42936;1.99001;0.0465128;2.66499;0.7;0.7
-1.37833;-1.41689;1.97671;0.00211564;0.121217;0.7;0.7
-1.39942;-1.44708;2.01306;-0.00294698;-0.168849;0.7;0.7
-1.25933;-1.3519;1.84758;-0.0186932;-1.07104;0.7;0.7
-1.54725;-1.52011;2.16903;0.0442815;2.53714;0.7;0.7
-1.35382;-1.39939;1.94708;-0.025398;-1.4552;0.7;0.7
-1.37544;-1.40729;1.96781;0.00510307;0.292384;0.7;0.7
-1.36833;-1.432;1.98065;-0.0112867;-0.646681;0.7;0.7
-1.35854;-1.47113;2.00246;-0.0170333;-0.975937;0.7;0.7
-1.24784;-1.43614;1.90252;-0.0302744;-1.7346;0.7;0.7
-1.36489;-1.55952;2.07244;0.00358499;0.205405;0.7;0.7
-1.15664;-1.73236;2.083;-0.130248;-7.46267;0.7;0.7
-1.11483;-1.65128;1.99238;0.00514731;0.294919;0.7;0.7
-1.21842;-1.67252;2.06927;0.0357559;2.04866;0.7;0.7
-1.2622;-1.64955;2.07706;0.0235469;1.34914;0.7;0.7
-1.00732;-1.63922;1.92399;-0.102124;-5.85128;0.7;0.7
-0.873282;-1.59749;1.8206;-0.0507449;-2.90747;0.7;0.7
-1.03867;-1.79068;2.07011;0.0253433;1.45206;0.7;0.7
-0.768773;-1.62762;1.80004;-0.0843501;-4.8329;0.7;0.7
-0.834388;-1.81756;1.99993;-0.0108961;-0.624299;0.7;0.7
-0.78227;-1.81953;1.98056;-0.0243321;-1.39413;0.7;0.7
-0.798953;-1.79801;1.96753;0.012109;0.693794;0.7;0.7
-0.868233;-1.7917;1.99098;0.0330928;1.89608;0.7;0.7
-0.933662;-1.8519;2.07395;0.0157321;0.901382;0.7;0.7
-0.841447;-1.84991;2.03229;-0.0400876;-2.29685;0.7;0.7
-0.835131;-1.82782;2.00957;0.00169172;0.0969282;0.7;0.7
-0.619634;-1.76629;1.87182;-0.0911805;-5.22426;0.7;0.7
-0.656123;-1.97817;2.08414;-0.0171333;-0.981664;0.7;0.7
-0.631784;-1.80987;1.91698;0.0155881;0.893134;0.7;0.7
-0.657165;-1.76236;1.8809;0.0210667;1.20703;0.7;0.7
-0.639856;-1.81487;1.92436;-0.0179617;-1.02913;0.7;0.7
-0.65351;-1.83332;1.94631;0.00346397;0.198471;0.7;0.7
-0.60128;-1.82343;1.92001;-0.0238969;-1.36919;0.7;0.7
-0.528361;-1.84512;1.91928;-0.0396313;-2.27071;0.7;0.7
-0.530729;-2.23942;2.30145;-0.0461914;-2.64657;0.7;0.7
-0.518373;-2.04152;2.1063;0.0159592;0.914392;0.7;0.7
-0.645719;-1.85881;1.96777;0.0856816;4.90919;0.7;0.7
-0.721737;-1.85664;1.99198;0.0364147;2.08641;0.7;0.7
-0.726232;-1.91227;2.04553;-0.00780623;-0.447264;0.7;0.7
-0.669122;-1.8725;1.98846;-0.0197498;-1.13158;0.7;0.7
-0.730542;-1.91669;2.0512;0.0209485;1.20026;0.7;0.7
-0.679707;-1.9097;2.02706;-0.0222077;-1.27241;0.7;0.7
-0.614287;-1.99447;2.08692;-0.0431653;-2.47319;0.7;0.7
-0.618862;-1.84963;1.95042;0.0241015;1.38091;0.7;0.7
-0.551191;-1.92231;1.99977;-0.0436357;-2.50014;0.7;0.7
-0.700983;-1.7588;1.89335;0.10002;5.73073;0.7;0.7
-0.879375;-1.76317;1.97029;0.0833827;4.77748;0.7;0.7
-0.889232;-1.75551;1.96788;0.00621962;0.356358;0.7;0.7
-0.983032;-1.81332;2.06264;0.0279063;1.59891;0.7;0.7
-0.960066;-1.77224;2.01558;-0.00030408;-0.0174225;0.7;0.7
-0.868605;-1.6356;1.85194;-0.0082796;-0.474386;0.7;0.7
-0.883445;-1.86998;2.06816;-0.0468321;-2.68328;0.7;0.7
-0.915709;-1.78893;2.00967;0.0317486;1.81906;0.7;0.7
-0.932441;-1.82089;2.04575;0.000161251;0.00923901;0.7;0.7
-1.03136;-1.76075;2.04057;0.0566099;3.24351;0.7;0.7
-0.82746;-1.79466;1.97624;-0.0978556;-5.60672;0.7;0.7
-0.840509;-1.8589;2.04009;-0.00737485;-0.422548;0.7;0.7
-0.932235;-2.0745;2.27434;-0.00230792;-0.132234;0.7;0.7
-0.817618;-1.81979;1.99503;-7.04576e-05;-0.00403692;0.7;0.7
-0.830677;-1.89827;2.07207;-0.00977451;-0.560038;0.7;0.7
-0.762424;-1.91364;2.05993;-0.0333516;-1.9109;0.7;0.7
-0.616619;-1.93133;2.02737;-0.0700972;-4.01627;0.7;0.7
-0.61239;-1.83403;1.93357;0.0132211;0.757513;0.7;0.7
-0.535604;-1.89008;1.96451;-0.0461272;-2.64289;0.7;0.7
-0.685083;-2.04817;2.1597;0.0466513;2.67292;0.7;0.7
-0.620988;-1.81084;1.91436;0.00757254;0.433875;0.7;0.7
-0.647273;-1.83689;1.9476;0.00842775;0.482874;0.7;0.7
-0.675621;-1.87227;1.99044;0.00752568;0.43119;0.7;0.7
-0.683329;-1.90859;2.02723;-0.00250439;-0.143491;0.7;0.7
-0.653687;-2.10338;2.20262;-0.0424934;-2.43469;0.7;0.7
-0.543202;-1.91619;1.9917;-0.0250834;-1.43717;0.7;0.7
-0.435639;-1.87576;1.92568;-0.0480311;-2.75198;0.7;0.7
-0.445567;-1.94479;1.99518;-0.00298013;-0.170749;0.7;0.7
-0.461424;-1.93984;1.99397;0.00830519;0.475853;0.7;0.7
-0.314795;-2.10952;2.13288;-0.0853937;-4.8927;0.7;0.7
-0.291479;-1.9079;1.93004;0.00346958;0.198792;0.7;0.7
-0.450432;-1.94928;2.00064;0.0754884;4.32516;0.7;0.7
-0.440051;-1.71067;1.76637;0.0246887;1.41456;0.7;0.7
-0.428705;-1.94679;1.99343;-0.0350278;-2.00695;0.7;0.7
-0.389733;-1.87603;1.91608;-0.0119217;-0.683062;0.7;0.7
-0.40681;-1.95823;2.00004;8.61316e-08;4.93498e-06;0.7;0.7
-0.413212;-1.97016;2.01302;0.00190893;0.109373;0.7;0.7
-0.353524;-1.93249;1.96456;-0.0258027;-1.47839;0.7;0.7
-0.380833;-2.00152;2.03743;0.00708835;0.406132;0.7;0.7
-0.523572;-2.02904;2.0955;0.0645063;3.69594;0.7;0.7
-0.659966;-1.73456;1.85587;0.111035;6.36186;0.7;0.7
-0.47196;-1.96571;2.02158;-0.12793;-7.32986;0.7;0.7
-0.663342;-2.10565;2.20766;0.069552;3.98504;0.7;0.7
-0.641835;-1.74575;1.86;0.0471282;2.70025;0.7;0.7
-0.668333;-2.05851;2.16429;-0.0383847;-2.19928;0.7;0.7
-0.389599;-2.07203;2.10834;-0.128074;-7.33811;0.7;0.7
-0.301301;-2.13332;2.15449;-0.04555;-2.60982;0.7;0.7
-0.224593;-1.95084;1.96373;-0.0256859;-1.47169;0.7;0.7
-0.313711;-1.85697;1.88328;0.0527354;3.02151;0.7;0.7
-0.367456;-1.85708;1.89309;0.0279872;1.60355;0.7;0.7
-0.337326;-2.04614;2.07376;-0.0319546;-1.83087;0.7;0.7
-0.330493;-2.03248;2.05917;-0.00219434;-0.125727;0.7;0.7
-0.320398;-1.79611;1.82447;0.0153319;0.878455;0.7;0.7
-0.340413;-1.93337;1.96311;-0.00224118;-0.12841;0.7;0.7
-0.329345;-2.01774;2.04444;-0.0124884;-0.715534;0.7;0.7
-0.328551;-1.96491;1.99218;0.0038792;0.222262;0.7;0.7
-0.267125;-2.08466;2.1017;-0.0382326;-2.19057;0.7;0.7
-0.258628;-1.97054;1.98744;0.00305696;0.175151;0.7;0.7
-0.239822;-1.94601;1.96073;-0.00788119;-0.451559;0.7;0.7
-0.236677;-1.9968;2.01078;-0.00464249;-0.265995;0.7;0.7
-0.268592;-2.0067;2.02459;0.0150796;0.863996;0.7;0.7
-0.2444;-2.00722;2.02204;-0.0118929;-0.681414;0.7;0.7
-0.234228;-1.97452;1.98836;-0.00309021;-0.177056;0.7;0.7
-0.045457;-1.91182;1.91236;-0.0943016;-5.40309;0.7;0.7
0.0597365;-2.18225;2.18306;-0.0511393;-2.93007;0.7;0.7
0.0564643;-1.9269;1.92773;-0.0019278;-0.110455;0.7;0.7
0.0526504;-2.02432;2.025;0.00329168;0.188599;0.7;0.7
0.212505;-1.65927;1.67282;-0.101375;-5.80836;0.7;0.7
0.344569;-1.93795;1.96835;-0.0485833;-2.78362;0.7;0.7
0.589005;-1.97438;2.06036;-0.113957;-6.52926;0.7;0.7
0.403722;-1.60511;1.6551;0.0435067;2.49275;0.7;0.7
0.388817;-1.93948;1.97807;0.0485596;2.78226;0.7;0.7
0.325997;-1.75547;1.78548;0.0142404;0.815917;0.7;0.7
0.385712;-1.99424;2.0312;-0.00744217;-0.426405;0.7;0.7
0.698848;-1.97725;2.09712;-0.148686;-8.5191;0.7;0.7
0.78294;-1.96533;2.11554;-0.0393649;-2.25544;0.7;0.7
0.793464;-1.88911;2.04898;-0.0185387;-1.06219;0.7;0.7
0.856817;-1.9149;2.09785;-0.0230854;-1.32269;0.7;0.7
0.887107;-1.78823;1.99618;-0.0397783;-2.27913;0.7;0.7
0.860752;-1.93671;2.11937;0.042286;2.42281;0.7;0.7
0.857312;-1.61194;1.82574;-0.0705814;-4.04402;0.7;0.7
1.17973;-1.48303;1.89502;-0.183179;-10.4954;0.7;0.7
1.22373;-1.55475;1.97857;0.00516037;0.295667;0.7;0.7
1.28106;-1.57494;2.03016;-0.0160363;-0.91881;0.7;0.7
1.22926;-1.49738;1.93732;-0.00452274;-0.259134;0.7;0.7
1.31145;-1.54342;2.02535;-0.0169384;-0.970498;0.7;0.7
1.29741;-1.78182;2.20412;0.0749601;4.2949;0.7;0.7
1.03487;-1.61393;1.91722;0.0591863;3.39113;0.7;0.7
1.01184;-1.87587;2.13136;0.0755035;4.32603;0.7;0.7
0.868493;-1.87672;2.06794;0.0612457;3.50912;0.7;0.7
0.824135;-1.83013;2.00713;0.0103084;0.590628;0.7;0.7
0.755229;-1.77801;1.93176;0.021447;1.22882;0.7;0.7
0.782133;-1.84362;2.00266;0.000443201;0.0253935;0.7;0.7
0.847331;-1.79629;1.98611;-0.0395382;-2.26537;0.7;0.7
0.8352;-1.81633;1.99915;0.00976546;0.55952;0.7;0.7
0.693213;-1.75204;1.8842;0.0542377;3.10759;0.7;0.7
0.782793;-1.90201;2.0568;-0.0136721;-0.783353;0.7;0.7
0.837388;-1.64953;1.84991;-0.0793182;-4.5446;0.7;0.7
0.861075;-1.6504;1.86153;-0.0111346;-0.637963;0.7;0.7
0.89726;-1.81026;2.02042;0.0207206;1.1872;0.7;0.7
0.854883;-1.63926;1.84878;-0.0205391;-1.17681;0.7;0.7
0.702698;-1.511;1.6664;0.0453999;2.60122;0.7;0.7
0.752266;-1.87556;2.0208;0.0538592;3.08591;0.7;0.7
0.794603;-1.77331;1.9432;-0.0398196;-2.2815;0.7;0.7
0.773551;-1.81769;1.97544;0.0189117;1.08356;0.7;0.7
0.644837;-1.87408;1.98191;0.0709584;4.06562;0.7;0.7
0.766518;-1.77253;1.93117;-0.0767642;-4.39827;0.7;0.7
0.788436;-1.83687;1.99893;0.00271065;0.155309;0.7;0.7
0.768271;-1.7524;1.91341;-0.00772712;-0.442731;0.7;0.7
0.760309;-2.06016;2.19598;0.0596267;3.41636;0.7;0.7
0.971389;-1.92842;2.15926;-0.113072;-6.47857;0.7;0.7
0.9257;-1.7651;1.99312;-0.0163917;-0.939177;0.7;0.7
0.856275;-1.67154;1.8781;0.00959871;0.549966;0.7;0.7
0.887026;-1.61973;1.84671;-0.0276144;-1.58219;0.7;0.7
0.962372;-1.75691;2.00322;-9.59989e-05;-0.00550033;0.7;0.7
0.702984;-1.56556;1.71615;0.079077;4.53078;0.7;0.7
0.687981;-1.85853;1.98178;0.0675132;3.86822;0.7;0.7
0.815106;-1.88083;2.04986;-0.0544092;-3.11742;0.7;0.7
0.856389;-1.92572;2.10756;-0.00950393;-0.544535;0.7;0.7
0.783902;-1.9705;2.1207;0.0398221;2.28164;0.7;0.7
0.792764;-1.96271;2.11677;-0.00524987;-0.300795;0.7;0.7
0.631539;-1.93506;2.03551;0.0684074;3.91946;0.7;0.7
0.678625;-1.84561;1.96642;-0.0368854;-2.11338;0.7;0.7
0.701912;-1.9131;2.0378;0.000703061;0.0402824;0.7;0.7
0.633018;-1.81314;1.92047;0.0157516;0.9025;0.7;0.7
0.516707;-2.0955;2.15826;0.0941408;5.39387;0.7;0.7
0.52215;-1.75075;1.82696;-0.0480875;-2.75521;0.7;0.7
0.537715;-1.97665;2.04849;0.0242385;1.38876;0.7;0.7
0.584355;-1.85167;1.94168;-0.0400856;-2.29674;0.7;0.7
0.579552;-1.94246;2.02708;0.0157406;0.901872;0.7;0.7
0.572775;-1.86957;1.95534;-0.00733805;-0.420439;0.7;0.7
0.568636;-1.91775;2.00028;0.00903507;0.517671;0.7;0.7
0.611875;-1.88789;1.98457;-0.0251688;-1.44207;0.7;0.7
0.566886;-1.85;1.9349;0.0160812;0.921387;0.7;0.7
0.728218;-1.78031;1.92348;-0.0909348;-5.21018;0.7;0.7
0.789181;-1.86298;2.02324;-0.0124193;-0.711571;0.7;0.7
0.616654;-1.86045;1.95998;0.0806362;4.62011;0.7;0.7
0.559967;-1.7897;1.87525;0.0168245;0.963975;0.7;0.7
0.425429;-1.93079;1.9771;0.0863605;4.94809;0.7;0.7
0.390674;-2.04209;2.07913;0.0278472;1.59553;0.7;0.7
0.240267;-1.82703;1.84276;0.0582703;3.33864;0.7;0.7
0.290937;-2.13588;2.1556;-0.00462478;-0.264981;0.7;0.7
0.258506;-1.96308;1.98003;0.00445113;0.255031;0.7;0.7
0.258187;-1.98462;2.00134;0.00156245;0.0895218;0.7;0.7
0.277806;-1.97782;1.99724;-0.0101799;-0.583268;0.7;0.7
0.338161;-1.98097;2.00963;-0.0295274;-1.6918;0.7;0.7
0.40702;-1.94811;1.99017;-0.036893;-2.11381;0.7;0.7
0.420213;-2.04178;2.08457;0.00299518;0.171611;0.7;0.7
0.316138;-1.7956;1.82322;0.0286962;1.64417;0.7;0.7
0.32208;-1.88924;1.9165;0.00541924;0.310499;0.7;0.7
0.597206;-1.75932;1.85792;-0.15839;-9.07508;0.7;0.7
0.657764;-1.93408;2.04287;-0.000573093;-0.0328358;0.7;0.7
0.711094;-2.00341;2.12587;-0.0132503;-0.759187;0.7;0.7
0.681915;-2.07458;2.18378;0.0234952;1.34617;0.7;0.7
0.705895;-1.91698;2.04282;-0.035249;-2.01962;0.7;0.7
0.785861;-1.97891;2.12924;-0.0251954;-1.44359;0.7;0.7
0.775139;-1.90938;2.06073;-0.00761616;-0.436374;0.7;0.7
0.594035;-1.81669;1.91134;0.0696075;3.98821;0.7;0.7
0.603303;-1.81479;1.91244;-0.00491436;-0.281572;0.7;0.7
0.75385;-1.82853;1.97783;-0.0700973;-4.01628;0.7;0.7
0.778347;-1.82101;1.98038;-0.0128826;-0.738118;0.7;0.7
0.690618;-1.77097;1.90086;0.032096;1.83897;0.7;0.7
0.76075;-1.62482;1.79409;-0.0660634;-3.78515;0.7;0.7
0.979382;-1.76573;2.01916;-0.0685235;-3.92611;0.7;0.7
1.00232;-1.77237;2.03616;-0.00827004;-0.473838;0.7;0.7
0.936207;-1.6728;1.91696;0.00444998;0.254965;0.7;0.7
0.893853;-1.61876;1.84915;0.00571502;0.327446;0.7;0.7
1.03525;-1.70745;1.99678;-0.0405313;-2.32227;0.7;0.7
1.11197;-1.95818;2.25187;0.0285979;1.63854;0.7;0.7
1.10242;-1.71509;2.03884;-0.0548283;-3.14143;0.7;0.7
1.06428;-1.6689;1.97937;0.00358844;0.205602;0.7;0.7
1.1477;-1.78641;2.12332;-0.00336585;-0.192849;0.7;0.7
1.00318;-1.74772;2.01517;0.0499831;2.86382;0.7;0.7
1.14952;-1.61504;1.98236;-0.0975;-5.58634;0.7;0.7
1.16927;-1.60174;1.98312;-0.0120039;-0.687776;0.7;0.7
1.13481;-1.57202;1.93882;0.00531928;0.304772;0.7;0.7
1.10379;-1.58908;1.93482;0.0181614;1.04057;0.7;0.7
1.32374;-1.63151;2.10098;-0.0745289;-4.27019;0.7;0.7
1.27526;-1.5601;2.01499;-0.0036486;-0.20905;0.7;0.7
1.33013;-1.55458;2.04596;-0.0224721;-1.28756;0.7;0.7
1.23193;-1.46718;1.9158;0.0092916;0.53237;0.7;0.7
1.28455;-1.54387;2.00839;0.00448808;0.257148;0.7;0.7
1.30482;-1.42266;1.93042;-0.0482521;-2.76464;0.7;0.7
1.45309;-1.43208;2.04018;-0.0504587;-2.89107;0.7;0.7
1.34121;-1.33288;1.89088;0.00416614;0.238702;0.7;0.7
1.4305;-1.12321;1.81878;-0.116641;-6.68301;0.7;0.7
1.63481;-1.40429;2.15514;0.0440488;2.52381;0.7;0.7
1.49801;-1.20541;1.92277;-0.0321074;-1.83962;0.7;0.7
1.33789;-1.12065;1.74522;0.01968;1.12758;0.7;0.7
1.51614;-1.31677;2.00813;0.0178741;1.02411;0.7;0.7
1.5197;-1.33107;2.0202;0.00418768;0.239936;0.7;0.7
1.28435;-1.11457;1.70053;-0.00458138;-0.262494;0.7;0.7
1.50896;-1.25606;1.96332;-0.0205573;-1.17784;0.7;0.7
1.50692;-1.30481;1.99332;0.0194537;1.11461;0.7;0.7
1.59438;-1.45327;2.15732;0.0254895;1.46044;0.7;0.7
1.41375;-1.34919;1.95423;0.0229081;1.31254;0.7;0.7
1.51509;-1.51996;2.14611;0.0249642;1.43034;0.7;0.7
1.4629;-1.5151;2.10609;0.0159214;0.912229;0.7;0.7
1.4279;-1.4327;2.02275;-0.0158503;-0.908157;0.7;0.7
1.3295;-1.31871;1.87258;-0.00574972;-0.329434;0.7;0.7
1.48851;-1.4517;2.0792;-0.00844594;-0.483917;0.7;0.7
1.44553;-1.47211;2.06316;0.0216295;1.23928;0.7;0.7
1.38281;-1.27427;1.88041;-0.0499362;-2.86113;0.7;0.7
1.50639;-1.35032;2.02301;-0.0137519;-0.787925;0.7;0.7
1.64532;-1.0942;1.97594;-0.143945;-8.24743;0.7;0.7
1.67907;-1.05492;1.98296;-0.0259247;-1.48537;0.7;0.7
1.63352;-1.19968;2.02672;0.0725017;4.15404;0.7;0.7
1.58098;-0.947328;1.84308;-0.093619;-5.36397;0.7;0.7
1.68359;-0.835245;1.87939;-0.079302;-4.54367;0.7;0.7
1.90201;-0.976564;2.13806;0.0138094;0.791221;0.7;0.7
1.89527;-1.02232;2.15342;0.0203344;1.16508;0.7;0.7
1.57476;-1.15471;1.95275;0.138025;7.90828;0.7;0.7
1.57436;-1.21741;1.99014;0.0255303;1.46278;0.7;0.7
1.44512;-1.20188;1.87959;0.0355337;2.03593;0.7;0.7
1.41653;-1.0702;1.77536;-0.046746;-2.67835;0.7;0.7
1.54712;-1.20373;1.96024;0.0141936;0.813231;0.7;0.7
1.80521;-1.02097;2.07392;-0.146496;-8.39357;0.7;0.7
1.68574;-1.13587;2.03271;0.0782167;4.48149;0.7;0.7
1.7977;-1.20163;2.16233;-0.00371358;-0.212772;0.7;0.7
1.56621;-1.12795;1.9301;0.0349227;2.00092;0.7;0.7
1.61128;-1.13635;1.97168;-0.00990107;-0.567289;0.7;0.7
1.68219;-1.19143;2.06138;0.00200799;0.115049;0.7;0.7
1.63968;-1.16304;2.01027;0.000696849;0.0399265;0.7;0.7
1.64844;-1.14921;2.00949;-0.00813687;-0.466208;0.7;0.7
1.76297;-1.05189;2.05294;-0.0708489;-4.05934;0.7;0.7
1.74939;-1.07517;2.05338;0.013121;0.751778;0.7;0.7
1.68159;-1.09191;2.00499;0.0248269;1.42248;0.7;0.7
1.65385;-1.24065;2.06747;0.0676958;3.87868;0.7;0.7
1.38054;-1.26132;1.86997;0.0966973;5.54035;0.7;0.7
1.64677;-1.19693;2.0358;-0.111791;-6.40513;0.7;0.7
1.60785;-1.14639;1.97469;-0.00911441;-0.522217;0.7;0.7
1.77172;-1.21107;2.14608;-0.0197909;-1.13393;0.7;0.7
1.63081;-1.14593;1.99316;0.0129132;0.739871;0.7;0.7
1.699;-1.16167;2.05818;-0.012791;-0.732871;0.7;0.7
1.75986;-1.28975;2.18187;0.0327205;1.87475;0.7;0.7
1.65501;-1.20389;2.04656;-0.0035549;-0.203681;0.7;0.7
1.64689;-1.19568;2.03516;-0.000914139;-0.0523763;0.7;0.7
1.67416;-1.15616;2.03458;-0.0235944;-1.35186;0.7;0.7
1.72616;-1.10719;2.05073;-0.0340662;-1.95185;0.7;0.7
1.60819;-1.01028;1.89919;-0.00941688;-0.539548;0.7;0.7
1.77965;-1.05961;2.07121;-0.023869;-1.36759;0.7;0.7
1.715;-0.694025;1.85011;-0.152499;-8.73754;0.7;0.7
1.78418;-0.354991;1.81915;-0.188132;-10.7792;0.7;0.7
2.02114;-0.177624;2.02893;-0.108743;-6.23052;0.7;0.7
1.98405;-0.186168;1.99276;0.00590072;0.338086;0.7;0.7
2.07163;-0.419614;2.11369;0.10629;6.08999;0.7;0.7
2.07521;-0.497248;2.13396;0.0353297;2.02424;0.7;0.7
2.00788;-0.403022;2.04793;-0.0370908;-2.12514;0.7;0.7
1.96844;-0.420823;2.01292;0.0125267;0.717729;0.7;0.7
2.04851;-0.21909;2.06019;-0.104069;-5.96271;0.7;0.7
2.07385;-0.127353;2.07776;-0.045214;-2.59057;0.7;0.7
1.89944;-0.0115065;1.89948;-0.0552743;-3.16698;0.7;0.7
2.15379;-0.070509;2.15495;0.0266677;1.52795;0.7;0.7
2.01478;-0.272968;2.03319;0.101937;5.84058;0.7;0.7
1.98009;-0.237893;1.99433;-0.0150932;-0.864775;0.7;0.7
1.78544;-0.101311;1.78831;-0.0628878;-3.60321;0.7;0.7
2.18856;-0.0734329;2.18979;-0.0231414;-1.3259;0.7;0.7
1.99215;-0.0430763;1.99261;-0.0119208;-0.683011;0.7;0.7
1.9917;-0.0524736;1.99239;0.00472042;0.27046;0.7;0.7
2.09401;-0.0463418;2.09452;-0.00421304;-0.24139;0.7;0.7
2.03408;-0.0327745;2.03435;-0.00601577;-0.344678;0.7;0.7
1.9776;-0.0653151;1.97868;0.0169041;0.968536;0.7;0.7
1.92504;-0.0556997;1.92584;-0.00408911;-0.234289;0.7;0.7
2.28271;0.146643;2.28742;-0.093079;-5.33303;0.7;0.7
1.98332;0.0966665;1.98568;0.0154515;0.885308;0.7;0.7
2.31423;0.334432;2.33827;-0.0948165;-5.43259;0.7;0.7
2.02389;0.292504;2.04492;-1.40052e-05;-0.000802436;0.7;0.7
1.91884;0.256582;1.93591;0.0106025;0.607481;0.7;0.7
1.99372;0.23441;2.00746;0.0158925;0.910572;0.7;0.7
2.07735;0.323777;2.10243;-0.03758;-2.15317;0.7;0.7
1.81722;0.334548;1.84776;-0.0274434;-1.57239;0.7;0.7
1.88302;0.176558;1.89128;0.0885701;5.07469;0.7;0.7
1.83554;0.201665;1.84659;-0.0159382;-0.913189;0.7;0.7
2.00992;0.173098;2.01736;0.0235183;1.3475;0.7;0.7
2.0895;0.214529;2.10049;-0.0164018;-0.939754;0.7;0.7
2.21896;0.281278;2.23671;-0.0237773;-1.36234;0.7;0.7
1.92276;0.208511;1.93403;0.018067;1.03516;0.7;0.7
1.96885;0.278088;1.9884;-0.0322939;-1.8503;0.7;0.7
1.93184;0.289957;1.95348;-0.00866606;-0.496529;0.7;0.7
2.00003;0.282281;2.01985;0.00876912;0.502434;0.7;0.7
2.00446;0.283196;2.02437;-0.000141038;-0.00808091;0.7;0.7
1.94238;0.273813;1.96159;0.000308833;0.0176948;0.7;0.7
1.98187;0.197283;1.99166;0.040828;2.33927;0.7;0.7
2.00571;0.208268;2.01649;-0.00424997;-0.243505;0.7;0.7
2.04096;0.182466;2.0491;0.0143016;0.819424;0.7;0.7
1.9584;0.00446907;1.95841;0.0868832;4.97804;0.7;0.7
1.89674;0.0950668;1.89912;-0.0477973;-2.73858;0.7;0.7
1.9946;0.0938937;1.9968;0.00303998;0.174178;0.7;0.7
2.1287;0.0410752;2.1291;0.0277459;1.58972;0.7;0.7
2.06275;0.0575083;2.06355;-0.00857878;-0.491528;0.7;0.7
2.23105;-0.0921501;2.23295;0.0691523;3.96214;0.7;0.7
1.94595;-0.0398005;1.94636;-0.0208299;-1.19347;0.7;0.7
2.03287;-0.0994123;2.0353;0.0284134;1.62797;0.7;0.7
2.00733;-0.283782;2.02729;0.0915785;5.24706;0.7;0.7
2.04009;-0.323176;2.06553;0.0166651;0.954837;0.7;0.7
2.04469;0.0468278;2.04523;-0.180005;-10.3135;0.7;0.7
2.12271;0.0338108;2.12298;0.00697136;0.39943;0.7;0.7
1.98582;0.0374564;1.98617;-0.00293296;-0.168046;0.7;0.7
2.10844;-0.000266578;2.10844;0.0189862;1.08783;0.7;0.7
1.98527;-0.0077033;1.98529;0.00375377;0.215075;0.7;0.7
1.99242;0.0473115;1.99299;-0.0276214;-1.58259;0.7;0.7
1.75041;0.0891367;1.75268;-0.027138;-1.55489;0.7;0.7
1.89434;0.100101;1.89698;-0.00191402;-0.109665;0.7;0.7
2.01671;0.149313;2.02223;-0.0211097;-1.20949;0.7;0.7
1.99823;0.101583;2.00081;0.0231102;1.32412;0.7;0.7
1.8212;-0.137019;1.82635;0.125887;7.21279;0.7;0.7
1.99815;0.104235;2.00087;-0.127213;-7.28876;0.7;0.7
1.67236;0.221732;1.687;-0.0796985;-4.56639;0.7;0.7
2.05315;0.173579;2.06047;0.0474751;2.72012;0.7;0.7
1.917;0.295472;1.93963;-0.0685873;-3.92976;0.7;0.7
1.93481;0.314951;1.96027;-0.00843682;-0.483394;0.7;0.7
2.06674;0.283439;2.08609;0.0250734;1.4366;0.7;0.7
1.88182;0.22149;1.89481;0.0191322;1.09619;0.7;0.7
2.01168;0.191489;2.02077;0.022258;1.27529;0.7;0.7
1.97742;0.150713;1.98315;0.0188327;1.07903;0.7;0.7
1.88192;-0.0758563;1.88345;0.116356;6.66671;0.7;0.7
2.0464;0.00644036;2.04641;-0.0434332;-2.48854;0.7;0.7
1.89028;0.045657;1.89084;-0.0210016;-1.20331;0.7;0.7
1.93001;0.0718254;1.93135;-0.013049;-0.747655;0.7;0.7
2.06404;0.107226;2.06683;-0.014705;-0.842535;0.7;0.7
2.22623;0.00353718;2.22623;0.050314;2.88278;0.7;0.7
1.99966;0.000476738;1.99966;0.00135046;0.0773755;0.7;0.7
2.00027;0.0249006;2.00043;-0.0122095;-0.699554;0.7;0.7
2.00169;0.0242125;2.00183;0.000352455;0.0201942;0.7;0.7
2.12986;0.126799;2.13363;-0.0473683;-2.714;0.7;0.7
1.97497;0.162052;1.9816;-0.0224057;-1.28375;0.7;0.7
1.72092;0.265648;1.7413;-0.0712862;-4.0844;0.7;0.7
2.02817;0.337484;2.05606;-0.0117319;-0.672188;0.7;0.7
2.03316;0.376816;2.06778;-0.0183683;-1.05243;0.7;0.7
1.95182;0.386808;1.98978;-0.012387;-0.709724;0.7;0.7
1.79848;0.371748;1.83649;-0.00818823;-0.469151;0.7;0.7
1.82788;0.200767;1.83887;0.0944333;5.41063;0.7;0.7
2.02166;0.109248;2.02461;0.0554115;3.17484;0.7;0.7
1.94468;0.216814;1.95673;-0.0570457;-3.26848;0.7;0.7
1.83095;0.0557993;1.8318;0.0805659;4.61609;0.7;0.7
1.77734;0.0147781;1.7774;0.0221516;1.2692;0.7;0.7
2.05922;-0.0361594;2.05953;0.0258725;1.48238;0.7;0.7
1.82627;0.0544974;1.82709;-0.0473899;-2.71524;0.7;0.7
2.09307;0.00516864;2.09307;0.0273625;1.56776;0.7;0.7
2.0938;0.0495886;2.09439;-0.0212097;-1.21523;0.7;0.7
1.80849;0.0761464;1.81009;-0.0184009;-1.0543;0.7;0.7
1.88568;0.044912;1.88621;0.0182671;1.04663;0.7;0.7
2.06379;-0.131189;2.06796;0.0872943;5.0016;0.7;0.7
2.0384;-0.484908;2.09529;0.170064;9.74395;0.7;0.7
2.05712;-0.46477;2.10897;-0.0113433;-0.649924;0.7;0.7
1.96092;-0.532345;2.0319;0.042886;2.45718;0.7;0.7
1.88445;-0.381967;1.92277;-0.0651033;-3.73014;0.7;0.7
1.88792;-0.477132;1.94728;0.0475606;2.72502;0.7;0.7
1.85973;-0.51929;1.93087;0.0247486;1.41799;0.7;0.7
1.90168;-0.540772;1.97707;0.00475889;0.272664;0.7;0.7
1.88438;-0.525921;1.9564;-0.00488396;-0.27983;0.7;0.7
1.92547;-0.536948;1.99894;-0.000212663;-0.0121847;0.7;0.7
1.75699;-0.57273;1.84798;0.0431549;2.47259;0.7;0.7
1.90674;-0.628762;2.00773;0.0034185;0.195866;0.7;0.7
1.977;-0.611068;2.06928;-0.0187561;-1.07464;0.7;0.7
2.03515;-0.53838;2.10516;-0.0411574;-2.35815;0.7;0.7
2.07319;-0.439316;2.11923;-0.0498015;-2.85342;0.7;0.7
1.87817;-0.437965;1.92856;0.0202787;1.16189;0.7;0.7
1.99345;-0.432725;2.03988;-0.015336;-0.87869;0.7;0.7
1.81082;-0.583199;1.90242;0.0978157;5.60443;0.7;0.7
1.84051;-0.663804;1.95656;0.0345689;1.98065;0.7;0.7
1.91642;-0.676002;2.03215;-0.00702599;-0.40256;0.7;0.7
1.77544;-0.667948;1.89693;0.0207199;1.18716;0.7;0.7
1.82113;-0.842646;2.00663;0.0735336;4.21316;0.7;0.7
1.58711;-0.813443;1.78343;0.0402527;2.30631;0.7;0.7
1.43806;-0.567975;1.54616;-0.0974687;-5.58455;0.7;0.7
1.84967;-0.879502;2.04812;0.0676952;3.87865;0.7;0.7
1.78301;-0.825656;1.9649;-0.0101793;-0.583231;0.7;0.7
1.93926;-0.82159;2.10612;-0.0329333;-1.88694;0.7;0.7
2.09703;-0.830566;2.25552;-0.0236235;-1.35353;0.7;0.7
1.8807;-0.739181;2.02074;-0.00262393;-0.15034;0.7;0.7
2.01922;-0.765871;2.15959;-0.011962;-0.68537;0.7;0.7
1.90028;-0.714682;2.03023;-0.00279778;-0.160301;0.7;0.7
1.78322;-0.752125;1.93535;0.0394106;2.25806;0.7;0.7
1.87416;-0.952002;2.10209;0.0708566;4.05978;0.7;0.7
1.76409;-1.06184;2.05901;0.0718338;4.11578;0.7;0.7
1.71872;-1.01723;1.99719;-0.00742018;-0.425145;0.7;0.7
1.81311;-1.04345;2.09192;-0.0121993;-0.698967;0.7;0.7
1.7915;-0.917306;2.01269;-0.0489841;-2.80658;0.7;0.7
1.40335;-0.811572;1.62113;0.051091;2.9273;0.7;0.7
1.77709;-1.18995;2.1387;0.0657184;3.76539;0.7;0.7
1.65477;-1.07696;1.97436;-0.0130818;-0.749532;0.7;0.7
1.68383;-1.14839;2.03815;0.0215968;1.23741;0.7;0.7
1.68003;-0.941123;1.92567;-0.0879227;-5.0376;0.7;0.7
1.88335;-0.85116;2.06676;-0.0861632;-4.93679;0.7;0.7
1.78821;-0.774047;1.94855;-0.0159548;-0.914141;0.7;0.7
1.81415;-0.75727;1.96585;-0.0130726;-0.749008;0.7;0.7
1.66958;-0.700075;1.81041;0.00160615;0.0920255;0.7;0.7
1.91025;-0.674495;2.02583;-0.057617;-3.30121;0.7;0.7
1.74108;-0.743384;1.89314;0.0641088;3.67316;0.7;0.7
1.89661;-0.736674;2.03466;-0.0330554;-1.89394;0.7;0.7
1.8241;-0.615714;1.92522;-0.0449452;-2.57517;0.7;0.7
1.80527;-0.589458;1.89907;-0.00992779;-0.568821;0.7;0.7
1.87383;-0.634137;1.97822;0.0107131;0.613816;0.7;0.7
1.756;-0.744474;1.90729;0.07467;4.27827;0.7;0.7
1.78104;-0.92516;2.007;0.0780947;4.4745;0.7;0.7
1.75912;-0.919937;1.98514;0.00275623;0.15792;0.7;0.7
1.97139;-1.0108;2.21542;-0.00805915;-0.461755;0.7;0.7
1.67726;-0.824327;1.86888;-0.0169805;-0.972912;0.7;0.7
1.56079;-0.864089;1.78402;0.0488178;2.79705;0.7;0.7
1.71041;-0.911667;1.9382;-0.0159121;-0.911699;0.7;0.7
1.47201;-0.892196;1.72129;0.0551907;3.1622;0.7;0.7
1.86754;-1.10326;2.16907;-0.0113027;-0.647598;0.7;0.7
1.73292;-0.959417;1.98078;-0.027959;-1.60193;0.7;0.7
2.02928;-0.885487;2.21406;-0.0941874;-5.39654;0.7;0.7
1.81707;-0.80844;1.9888;0.00716702;0.41064;0.7;0.7
1.85608;-0.822442;2.03013;-0.00150797;-0.0864;0.7;0.7
1.82815;-0.797766;1.99463;-0.00563812;-0.323041;0.7;0.7
1.81653;-0.771042;1.97339;-0.0100568;-0.576214;0.7;0.7
1.7504;-0.860803;1.95061;0.0556326;3.18752;0.7;0.7
1.81725;-0.90798;2.03146;0.00631775;0.361981;0.7;0.7
1.71338;-0.770463;1.87864;-0.0407798;-2.33651;0.7;0.7
1.79419;-0.855685;1.98779;0.0224297;1.28513;0.7;0.7
1.56287;-1.05094;1.88336;0.146977;8.42117;0.7;0.7
1.65748;-1.14388;2.01388;0.0120812;0.692199;0.7;0.7
1.71085;-1.16603;2.07042;-0.0058367;-0.334418;0.7;0.7
1.78846;-1.13618;2.11884;-0.0322746;-1.8492;0.7;0.7
1.47601;-1.13373;1.86117;0.0890272;5.10088;0.7;0.7
1.74663;-1.26219;2.15496;-0.0292267;-1.67457;0.7;0.7
1.62714;-1.16327;2.00019;-0.00509372;-0.291848;0.7;0.7
1.38499;-0.969828;1.69079;-0.00977789;-0.560232;0.7;0.7
1.51389;-1.12059;1.8835;0.0263127;1.50761;0.7;0.7
1.72492;-1.23407;2.12091;-0.0161886;-0.927537;0.7;0.7
1.65364;-1.11993;1.99719;-0.0257158;-1.47341;0.7;0.7
1.64442;-1.12436;1.99206;0.00443556;0.254139;0.7;0.7
1.66335;-1.15496;2.02501;0.00719613;0.412308;0.7;0.7
1.56803;-1.26727;2.0161;0.0727882;4.17045;0.7;0.7
1.54347;-1.24642;1.9839;-0.000393523;-0.0225472;0.7;0.7
1.5278;-1.23352;1.9636;-9.67698e-05;-0.0055445;0.7;0.7
1.6091;-1.14597;1.97546;-0.0603748;-3.45922;0.7;0.7
1.56301;-1.0793;1.89944;-0.0145139;-0.831586;0.7;0.7
1.64973;-1.19376;2.03634;0.0220588;1.26388;0.7;0.7
1.25219;-1.23533;1.75899;0.152224;8.72182;0.7;0.7
1.41205;-1.39598;1.9856;0.00105412;0.0603968;0.7;0.7
1.52334;-1.49572;2.13488;-0.00342563;-0.196274;0.7;0.7
1.41453;-1.43437;2.01452;0.0161103;0.923053;0.7;0.7
1.40395;-1.51996;2.06914;0.0326908;1.87304;0.7;0.7
1.30264;-1.56558;2.03664;0.0517662;2.96598;0.7;0.7
1.44934;-1.54535;2.11866;-0.0593687;-3.40157;0.7;0.7
1.38022;-1.44371;1.99732;-0.0095709;-0.548372;0.7;0.7
1.47885;-1.36729;2.01407;-0.0616571;-3.53269;0.7;0.7
1.49857;-1.51882;2.13367;0.0458892;2.62926;0.7;0.7
1.3928;-1.32658;1.92346;-0.0310587;-1.77953;0.7;0.7
1.58057;-1.33815;2.07095;-0.0585214;-3.35303;0.7;0.7
1.66493;-1.49847;2.23996;0.0302967;1.73587;0.7;0.7
1.49492;-1.33551;2.00459;-0.00368801;-0.211308;0.7;0.7
1.71582;-1.49747;2.27738;-0.0115858;-0.66382;0.7;0.7
1.53967;-1.03177;1.85341;-0.12716;-7.28576;0.7;0.7
1.65215;-1.10311;1.98657;-0.00168926;-0.0967874;0.7;0.7
1.78948;-1.14104;2.12231;-0.0210653;-1.20695;0.7;0.7
1.68233;-1.07551;1.99673;0.00117673;0.0674218;0.7;0.7
1.5948;-1.22446;2.01064;0.0859715;4.92581;0.7;0.7
1.55987;-1.23761;1.9912;0.0159237;0.912359;0.7;0.7
1.58352;-1.34484;2.07753;0.0333623;1.91152;0.7;0.7
1.52364;-1.29441;1.99925;0.000161262;0.00923964;0.7;0.7
1.53085;-1.30205;2.00969;0.000575105;0.0329511;0.7;0.7
1.55336;-1.29461;2.02212;-0.0100164;-0.5739;0.7;0.7
1.45233;-1.4078;2.02266;0.0750383;4.29938;0.7;0.7
1.45014;-1.29916;1.94698;-0.0392911;-2.25121;0.7;0.7
1.59869;-1.25245;2.03087;-0.0659887;-3.78087;0.7;0.7
1.72956;-1.17099;2.08869;-0.0693968;-3.97614;0.7;0.7
1.61771;-1.4191;2.15194;0.124938;7.15842;0.7;0.7
1.63804;-1.29586;2.08864;-0.0507953;-2.91036;0.7;0.7
1.68986;-1.23559;2.09339;-0.0379502;-2.17439;0.7;0.7
1.54087;-1.03051;1.8537;-0.0418799;-2.39954;0.7;0.7
1.75141;-1.13819;2.08876;-0.0131817;-0.755254;0.7;0.7
1.60445;-1.05323;1.91926;0.00460899;0.264076;0.7;0.7
1.72553;-1.0955;2.04391;-0.0152224;-0.87218;0.7;0.7
1.73032;-1.05571;2.02696;-0.0178397;-1.02214;0.7;0.7
1.83678;-1.20045;2.19427;0.0310466;1.77884;0.7;0.7
1.55887;-1.12981;1.92524;0.0482727;2.76582;0.7;0.7
1.61639;-1.20562;2.0165;0.0137043;0.785196;0.7;0.7
1.58192;-1.2176;1.99625;0.0151319;0.866992;0.7;0.7
1.57741;-1.22171;1.9952;0.00301434;0.172709;0.7;0.7
