#1 AntVel X	#2 AntVel Y	#3 Speed	#4 Turning Angle Rad		#5 Turning Angle Deg	#6 Detected Phero Left	#7 Detected Phero Right	
0.775888;-1.83179;1.98933;0.00885403;0.507298;0.7;0.7
0.764356;-1.72159;1.88364;-0.0171809;-0.984393;0.7;0.7
0.651321;-1.76183;1.87837;0.063737;3.65186;0.7;0.7
0.680632;-1.85761;1.97838;0.00289009;0.16559;0.7;0.7
0.663275;-1.77934;1.89895;-0.00559696;-0.320682;0.7;0.7
0.980736;-1.84103;2.08596;-0.132664;-7.60111;0.7;0.7
0.904697;-1.77067;1.9884;0.0171154;0.980639;0.7;0.7
0.913822;-1.77787;1.99897;-0.00242521;-0.138954;0.7;0.7
0.838364;-1.80384;1.98914;0.0397177;2.27566;0.7;0.7
0.962315;-1.74763;1.99506;-0.0682692;-3.91154;0.7;0.7
0.920265;-1.80493;2.02599;0.0318273;1.82357;0.7;0.7
0.852719;-1.81034;2.00111;0.0313051;1.79365;0.7;0.7
0.890137;-1.7002;1.91912;-0.0421075;-2.41258;0.7;0.7
0.986992;-1.64351;1.9171;-0.0585071;-3.35221;0.7;0.7
1.17809;-1.88242;2.22068;-0.0183868;-1.05349;0.7;0.7
0.990706;-1.63959;1.91566;0.0156709;0.897878;0.7;0.7
1.14492;-1.56271;1.93724;-0.0887741;-5.08638;0.7;0.7
1.23039;-1.65542;2.0626;-0.00686066;-0.393087;0.7;0.7
1.16338;-1.58145;1.96327;0.00492058;0.281928;0.7;0.7
1.0753;-1.74147;2.04671;0.0810826;4.64569;0.7;0.7
1.04426;-1.67671;1.97531;-0.00385111;-0.220653;0.7;0.7
1.04246;-1.71307;2.00533;0.0103451;0.592728;0.7;0.7
1.28676;-1.748;2.17054;-0.0878971;-5.03613;0.7;0.7
1.29167;-1.52811;2.00089;-0.067175;-3.84885;0.7;0.7
1.31152;-1.66696;2.12104;0.0351192;2.01218;0.7;0.7
1.20433;-1.62352;2.02145;0.028389;1.62657;0.7;0.7
1.34646;-1.59713;2.08897;-0.0622108;-3.56442;0.7;0.7
1.20298;-1.60422;2.00516;0.0570163;3.26679;0.7;0.7
1.19895;-1.43661;1.87118;-0.0520397;-2.98166;0.7;0.7
1.2099;-1.50382;1.93011;0.0179561;1.02881;0.7;0.7
1.28016;-1.34068;1.85371;-0.0847964;-4.85848;0.7;0.7
1.38885;-1.38823;1.96369;-0.0233134;-1.33576;0.7;0.7
1.41621;-1.42654;2.01014;0.00385705;0.220992;0.7;0.7
1.46319;-1.39465;2.02138;-0.0276144;-1.58219;0.7;0.7
1.63798;-1.60261;2.29158;0.0130691;0.748803;0.7;0.7
1.36018;-1.69274;2.17151;0.119417;6.84206;0.7;0.7
1.43036;-1.70992;2.22929;-0.0197158;-1.12963;0.7;0.7
1.14075;-1.59393;1.96008;0.0754352;4.32212;0.7;0.7
1.16111;-1.63004;2.0013;0.00222728;0.127614;0.7;0.7
1.29482;-1.38163;1.89353;-0.134027;-7.67919;0.7;0.7
1.364;-1.47364;2.00801;0.00619504;0.35495;0.7;0.7
1.52327;-1.50078;2.13838;-0.046057;-2.63887;0.7;0.7
1.43662;-1.4362;2.03139;0.00729479;0.417961;0.7;0.7
1.38756;-1.38215;1.95848;-0.00180921;-0.10366;0.7;0.7
1.47385;-1.31194;1.97317;-0.056103;-3.21447;0.7;0.7
1.49118;-1.58578;2.17677;0.0887923;5.08742;0.7;0.7
1.42093;-1.49365;2.06156;-0.00578992;-0.331738;0.7;0.7
1.22349;-1.26938;1.76303;-0.00654032;-0.374733;0.7;0.7
1.40946;-1.62493;2.15104;0.0524866;3.00726;0.7;0.7
1.23011;-1.27509;1.77173;-0.0529431;-3.03342;0.7;0.7
1.40432;-1.40273;1.98488;-0.0185186;-1.06104;0.7;0.7
1.41125;-1.42597;2.00625;0.00575804;0.329911;0.7;0.7
1.3726;-1.37789;1.94489;-0.00326382;-0.187003;0.7;0.7
1.45246;-1.37934;2.00306;-0.0277413;-1.58946;0.7;0.7
1.46146;-1.30999;1.96263;-0.0287841;-1.64921;0.7;0.7
1.54468;-1.43726;2.10992;0.0185905;1.06515;0.7;0.7
1.58608;-1.3497;2.08263;-0.0443366;-2.5403;0.7;0.7
1.46445;-1.23486;1.9156;-0.00450368;-0.258042;0.7;0.7
1.56674;-1.68319;2.29953;0.120667;6.91368;0.7;0.7
1.2986;-1.22781;1.78715;-0.0638293;-3.65715;0.7;0.7
1.36767;-1.6561;2.14784;0.123113;7.05388;0.7;0.7
1.29495;-1.67678;2.1186;0.0326888;1.87293;0.7;0.7
1.3008;-1.4449;1.94417;-0.0753557;-4.31756;0.7;0.7
1.41172;-1.46334;2.0333;-0.0344804;-1.97558;0.7;0.7
1.40253;-1.36779;1.95907;-0.0304945;-1.7472;0.7;0.7
1.4195;-1.52471;2.0832;0.0482625;2.76524;0.7;0.7
1.24355;-1.49035;1.94102;0.0543077;3.1116;0.7;0.7
1.13476;-1.59973;1.96133;0.0784008;4.49203;0.7;0.7
1.18059;-1.6321;2.01433;-0.00926129;-0.530633;0.7;0.7
1.17302;-1.61506;1.99609;-0.0019327;-0.110736;0.7;0.7
1.18276;-1.73598;2.10061;0.0300812;1.72352;0.7;0.7
1.01832;-1.62714;1.91953;0.0388816;2.22775;0.7;0.7
0.853214;-1.76165;1.95739;0.108169;6.19764;0.7;0.7
0.906778;-1.99951;2.19551;0.0252688;1.4478;0.7;0.7
0.832994;-1.7757;1.96138;-0.0128673;-0.737243;0.7;0.7
0.74454;-1.93165;2.07017;0.0707336;4.05274;0.7;0.7
0.717206;-1.86223;1.99557;0.000271277;0.015543;0.7;0.7
0.71726;-1.73474;1.87717;-0.0244401;-1.40032;0.7;0.7
0.814975;-1.85351;2.02477;-0.0221857;-1.27115;0.7;0.7
0.780843;-1.76445;1.92951;-0.00238469;-0.136633;0.7;0.7
0.842706;-1.93337;2.10905;0.00558975;0.320269;0.7;0.7
0.820455;-1.87372;2.04548;-0.00168101;-0.0963148;0.7;0.7
0.832785;-1.76812;1.95443;-0.0274538;-1.57299;0.7;0.7
0.81274;-1.76182;1.94025;0.00796203;0.456191;0.7;0.7
0.82586;-1.71165;1.90047;-0.0173263;-0.992721;0.7;0.7
0.922529;-1.84447;2.06231;-0.0142324;-0.815458;0.7;0.7
0.788694;-2.009;2.15827;0.0896828;5.13845;0.7;0.7
0.682337;-1.63239;1.76926;-0.0218327;-1.25092;0.7;0.7
0.821283;-1.99383;2.15636;0.0051929;0.297531;0.7;0.7
0.765489;-2.02285;2.16285;0.0289672;1.6597;0.7;0.7
0.715759;-1.87634;2.00822;-0.0026615;-0.152493;0.7;0.7
0.716017;-1.902;2.03231;0.00438167;0.251051;0.7;0.7
0.727811;-1.83351;1.97268;-0.0178278;-1.02146;0.7;0.7
0.746794;-1.77805;1.92851;-0.0197606;-1.1322;0.7;0.7
0.976489;-1.90651;2.14204;-0.0757142;-4.33811;0.7;0.7
1.07037;-1.77173;2.06996;-0.0701078;-4.01688;0.7;0.7
1.0699;-1.52674;1.8643;-0.067792;-3.8842;0.7;0.7
1.17208;-1.5683;1.95789;-0.0305588;-1.75089;0.7;0.7
0.96766;-1.48694;1.77408;0.0648883;3.71783;0.7;0.7
0.915451;-1.65175;1.88847;0.0708328;4.05842;0.7;0.7
0.940288;-1.71749;1.95803;0.00518021;0.296804;0.7;0.7
0.994836;-1.68327;1.95528;-0.03288;-1.88389;0.7;0.7
1.15969;-1.5804;1.96024;-0.0992655;-5.68749;0.7;0.7
1.16811;-1.79404;2.14081;0.0558966;3.20264;0.7;0.7
0.983808;-1.5507;1.83645;0.0118036;0.676295;0.7;0.7
1.05388;-1.71788;2.01538;0.015079;0.863965;0.7;0.7
1.00541;-1.83444;2.09189;0.0489084;2.80224;0.7;0.7
0.776167;-1.76001;1.92355;0.086017;4.92841;0.7;0.7
0.769515;-1.85071;2.00432;0.0212996;1.22037;0.7;0.7
0.83059;-1.8844;2.05934;-0.0211052;-1.20924;0.7;0.7
0.79275;-1.74495;1.91659;-0.0112809;-0.646347;0.7;0.7
0.718632;-1.83915;1.97457;0.0539344;3.09022;0.7;0.7
0.950218;-1.92684;2.1484;-0.0856529;-4.90755;0.7;0.7
0.885508;-1.78229;1.99014;-0.00296358;-0.169801;0.7;0.7
0.852281;-1.71574;1.91576;7.59102e-05;0.00434933;0.7;0.7
0.661604;-1.76381;1.88381;0.102181;5.85454;0.7;0.7
0.710268;-2.20299;2.31465;0.0469692;2.69114;0.7;0.7
0.57704;-1.90912;1.99442;0.0183646;1.05221;0.7;0.7
0.551991;-1.90891;1.98712;0.0120373;0.689685;0.7;0.7
0.579681;-1.86866;1.95651;-0.0193122;-1.10651;0.7;0.7
0.834757;-1.64413;1.84391;-0.169005;-9.68326;0.7;0.7
0.903649;-2.09386;2.28053;0.0623814;3.57419;0.7;0.7
0.792264;-1.83387;1.99769;-0.00037614;-0.0215512;0.7;0.7
0.890379;-1.6809;1.90216;-0.0793279;-4.54515;0.7;0.7
0.93893;-1.91864;2.13606;0.032016;1.83438;0.7;0.7
0.795234;-1.8467;2.01065;0.0484866;2.77808;0.7;0.7
0.820135;-1.78609;1.96538;-0.0238375;-1.36579;0.7;0.7
0.820385;-1.82929;2.00483;0.00888012;0.508793;0.7;0.7
0.79026;-1.68198;1.85838;-0.0176476;-1.01113;0.7;0.7
0.712579;-1.85545;1.98757;0.0725503;4.15682;0.7;0.7
0.634999;-1.8154;1.92325;0.0301953;1.73006;0.7;0.7
0.617588;-1.82368;1.92542;0.00995702;0.570495;0.7;0.7
0.854298;-1.86349;2.04998;-0.103323;-5.91997;0.7;0.7
1.1188;-1.75622;2.08232;-0.137368;-7.87062;0.7;0.7
1.00943;-1.6852;1.96439;0.0275354;1.57766;0.7;0.7
1.02752;-1.68611;1.97453;-0.00762209;-0.436714;0.7;0.7
1.07088;-1.69722;2.00683;-0.0155689;-0.89203;0.7;0.7
1.05795;-1.71519;2.01522;0.0101827;0.583425;0.7;0.7
0.740428;-1.73697;1.8882;0.149739;8.57944;0.7;0.7
0.803449;-1.8306;1.99916;-0.0106332;-0.609239;0.7;0.7
0.735508;-1.86681;2.00647;0.0382676;2.19257;0.7;0.7
0.93178;-1.84169;2.06398;-0.0930702;-5.33253;0.7;0.7
0.989484;-1.93508;2.17338;-0.00429243;-0.245938;0.7;0.7
0.909816;-1.77262;1.99247;-0.00152032;-0.0871079;0.7;0.7
0.87824;-1.72431;1.93508;0.00311616;0.178543;0.7;0.7
0.786318;-1.74707;1.91587;0.0481654;2.75967;0.7;0.7
0.749257;-1.77091;1.92289;0.0226649;1.2986;0.7;0.7
0.790101;-1.75479;1.92446;-0.0228112;-1.30699;0.7;0.7
0.842965;-1.80692;1.99388;-0.0134431;-0.770233;0.7;0.7
0.838705;-1.85375;2.03465;0.0116283;0.66625;0.7;0.7
0.899914;-1.61232;1.84646;-0.0841975;-4.82416;0.7;0.7
0.836537;-1.5987;1.80434;0.0269948;1.54669;0.7;0.7
0.922157;-1.95389;2.16057;0.0411163;2.35579;0.7;0.7
0.729298;-1.74655;1.8927;0.0454093;2.60176;0.7;0.7
0.804741;-1.88164;2.0465;-0.00858284;-0.49176;0.7;0.7
0.727256;-1.88829;2.0235;0.0365089;2.09181;0.7;0.7
0.724083;-1.87064;2.00589;-0.00168658;-0.0966336;0.7;0.7
0.64046;-1.69274;1.80985;0.00760613;0.435799;0.7;0.7
0.765139;-1.82548;1.97935;-0.0351889;-2.01618;0.7;0.7
0.797388;-1.78851;1.95821;-0.0224884;-1.28849;0.7;0.7
0.860149;-1.80336;1.99799;-0.0256661;-1.47056;0.7;0.7
0.775748;-1.80736;1.9668;0.0396168;2.26987;0.7;0.7
0.806645;-1.85291;2.02088;-0.00515788;-0.295525;0.7;0.7
0.62384;-1.89277;1.99292;0.0922162;5.2836;0.7;0.7
0.593135;-2.02492;2.11;0.0334326;1.91555;0.7;0.7
0.642867;-1.93535;2.03933;-0.0357584;-2.0488;0.7;0.7
0.652296;-1.89859;2.00752;-0.0102293;-0.586097;0.7;0.7
0.602833;-1.79947;1.89776;0.00767916;0.439983;0.7;0.7
0.781627;-1.99982;2.14714;-0.0493379;-2.82685;0.7;0.7
0.746027;-1.94495;2.08312;0.00632922;0.362637;0.7;0.7
0.954754;-1.95718;2.17763;-0.0875946;-5.0188;0.7;0.7
0.914575;-1.94583;2.15005;0.0144832;0.829829;0.7;0.7
0.902045;-1.63474;1.8671;-0.0648479;-3.71551;0.7;0.7
0.866564;-1.62607;1.84256;0.0145877;0.835813;0.7;0.7
0.882712;-1.89296;2.08865;0.0532978;3.05374;0.7;0.7
0.776754;-1.69873;1.86789;0.00746557;0.427746;0.7;0.7
0.801699;-1.83664;2.00399;0.0172989;0.991155;0.7;0.7
0.737191;-1.70507;1.85761;0.00349064;0.199999;0.7;0.7
0.993194;-1.7493;2.01159;-0.1083;-6.20511;0.7;0.7
1.09346;-1.74866;2.0624;-0.0424426;-2.43178;0.7;0.7
1.04661;-1.69984;1.99621;0.00693301;0.397232;0.7;0.7
1.15559;-1.709;2.06302;-0.0426682;-2.44471;0.7;0.7
1.16811;-1.59866;1.97994;-0.036461;-2.08906;0.7;0.7
1.37274;-1.49;2.02596;-0.113437;-6.49947;0.7;0.7
1.32662;-1.34289;1.88766;-0.0348456;-1.99651;0.7;0.7
1.39039;-1.42302;1.98951;0.00550384;0.315347;0.7;0.7
1.25974;-1.26505;1.7853;-0.00949689;-0.544132;0.7;0.7
1.45482;-1.47931;2.07482;0.00624392;0.35775;0.7;0.7
1.51548;-1.18648;1.92468;-0.129511;-7.42044;0.7;0.7
1.65437;-1.11568;1.99542;-0.0709099;-4.06284;0.7;0.7
1.72867;-0.962247;1.97844;-0.0853955;-4.8928;0.7;0.7
1.60802;-0.906158;1.84577;0.00523916;0.300182;0.7;0.7
1.76113;-0.990231;2.02043;-0.000951253;-0.0545028;0.7;0.7
1.79175;-1.08572;2.09503;0.0325708;1.86617;0.7;0.7
1.70508;-0.999825;1.9766;-0.0144419;-0.82746;0.7;0.7
1.79912;-0.988208;2.05265;-0.0280589;-1.60766;0.7;0.7
1.74987;-0.910725;1.97268;-0.0224096;-1.28397;0.7;0.7
1.74589;-1.02885;2.02649;0.0526393;3.01601;0.7;0.7
1.7945;-0.959376;2.03486;-0.0415567;-2.38102;0.7;0.7
1.80751;-0.951964;2.04287;-0.00620202;-0.355349;0.7;0.7
1.61233;-0.980946;1.88729;0.0618192;3.54198;0.7;0.7
1.75222;-1.0342;2.03466;-0.0133763;-0.766403;0.7;0.7
1.72792;-0.96557;1.9794;-0.0236208;-1.35337;0.7;0.7
1.74545;-0.939886;1.98242;-0.015624;-0.895188;0.7;0.7
1.59853;-0.943747;1.85633;0.0393659;2.2555;0.7;0.7
1.65655;-1.08071;1.9779;0.0447318;2.56295;0.7;0.7
1.71532;-1.08906;2.03184;-0.012365;-0.708461;0.7;0.7
1.42954;-0.971549;1.72843;0.0312334;1.78954;0.7;0.7
1.56289;-1.31207;2.04063;0.101456;5.81303;0.7;0.7
1.51926;-1.22503;1.95163;-0.0197862;-1.13367;0.7;0.7
1.81968;-1.35737;2.27017;-0.0376955;-2.15979;0.7;0.7
1.8279;-1.14033;2.15443;-0.0831257;-4.76275;0.7;0.7
1.69361;-0.928165;1.93127;-0.056434;-3.23343;0.7;0.7
1.80592;-1.03428;2.08112;0.01878;1.07601;0.7;0.7
1.76066;-1.00982;2.0297;0.000626783;0.035912;0.7;0.7
1.67993;-0.933018;1.92163;-0.0137685;-0.788879;0.7;0.7
1.40372;-1.09364;1.77946;0.154895;8.87481;0.7;0.7
1.58797;-1.32275;2.06672;0.0326649;1.87156;0.7;0.7
1.48773;-1.3721;2.02385;0.0504552;2.89087;0.7;0.7
1.52811;-1.3627;2.04746;-0.0167472;-0.959547;0.7;0.7
1.3978;-1.38272;1.96615;0.0517356;2.96423;0.7;0.7
1.27254;-1.35968;1.86228;0.0385146;2.20672;0.7;0.7
1.4268;-1.50555;2.07423;-0.00624398;-0.357754;0.7;0.7
1.3825;-1.44501;1.99984;-0.00474459;-0.271845;0.7;0.7
1.40833;-1.57186;2.11048;0.032715;1.87443;0.7;0.7
1.29098;-1.49898;1.97827;0.0195961;1.12278;0.7;0.7
1.32454;-1.57553;2.05832;0.0119159;0.68273;0.7;0.7
1.2495;-1.59065;2.02273;0.0332115;1.90288;0.7;0.7
1.29881;-1.47945;1.96868;-0.0546145;-3.12918;0.7;0.7
1.42512;-1.47347;2.0499;-0.0482477;-2.76439;0.7;0.7
1.35028;-1.49001;2.01082;0.0324784;1.86088;0.7;0.7
1.34809;-1.4845;2.00527;-0.00104071;-0.0596282;0.7;0.7
1.09577;-1.31463;1.71142;0.0424297;2.43104;0.7;0.7
1.45767;-1.65745;2.20725;-0.0265024;-1.51848;0.7;0.7
1.43799;-1.56982;2.12889;-0.020246;-1.16001;0.7;0.7
1.43355;-1.48031;2.06067;-0.027753;-1.59013;0.7;0.7
1.3035;-1.47911;1.97151;0.0469783;2.69166;0.7;0.7
1.4653;-1.47888;2.08187;-0.0584143;-3.3469;0.7;0.7
1.49087;-1.50815;2.12066;0.00115194;0.0660012;0.7;0.7
1.4019;-1.39311;1.97638;-0.00890991;-0.5105;0.7;0.7
1.44609;-1.40992;2.01967;-0.00951666;-0.545265;0.7;0.7
1.43059;-1.28836;1.92522;-0.0395963;-2.2687;0.7;0.7
1.50828;-1.25383;1.96137;-0.039603;-2.26909;0.7;0.7
1.23437;-1.19086;1.71517;0.0739234;4.2355;0.7;0.7
1.87012;-1.66738;2.50549;-0.0393071;-2.25213;0.7;0.7
1.41367;-1.26204;1.89505;0.000640338;0.0366887;0.7;0.7
1.50819;-1.30042;1.99141;-0.0172381;-0.987673;0.7;0.7
1.33979;-1.15523;1.76907;8.67263e-06;0.000496905;0.7;0.7
1.35868;-1.27483;1.86312;0.042007;2.40682;0.7;0.7
1.71719;-1.22317;2.10829;-0.134631;-7.71378;0.7;0.7
1.48705;-1.2418;1.93737;0.0768269;4.40186;0.7;0.7
1.39468;-1.14055;1.80167;-0.0102733;-0.588618;0.7;0.7
1.47985;-1.30236;1.97132;0.0361973;2.07396;0.7;0.7
1.44303;-1.39764;2.00891;0.047732;2.73484;0.7;0.7
1.35068;-1.31324;1.88386;0.00192077;0.110052;0.7;0.7
1.40086;-1.56266;2.09864;0.0685992;3.93044;0.7;0.7
1.3277;-1.48072;1.9888;-0.000111383;-0.00638176;0.7;0.7
1.28115;-1.45381;1.93776;0.00861647;0.493687;0.7;0.7
1.35229;-1.49102;2.01292;-0.0142964;-0.819122;0.7;0.7
1.29391;-1.36288;1.87927;-0.0227984;-1.30625;0.7;0.7
1.34454;-1.40604;1.94544;-0.00359912;-0.206214;0.7;0.7
1.26842;-1.50786;1.97042;0.0636776;3.64846;0.7;0.7
1.28714;-1.53031;1.99965;6.2972e-05;0.00360803;0.7;0.7
1.30618;-1.57547;2.04652;0.00708298;0.405825;0.7;0.7
1.31569;-1.58642;2.06101;-0.00016232;-0.00930027;0.7;0.7
1.28627;-1.59693;2.05053;0.0143156;0.820222;0.7;0.7
1.38206;-1.56899;2.09089;-0.0440719;-2.52513;0.7;0.7
1.30824;-1.51398;2.00091;0.00951468;0.545151;0.7;0.7
1.31804;-1.62086;2.08912;0.0299;1.71315;0.7;0.7
1.29835;-1.54709;2.0197;-0.0154776;-0.886801;0.7;0.7
1.28579;-1.52616;1.99559;-0.00192116;-0.110074;0.7;0.7
1.3854;-1.37241;1.95009;-0.0899862;-5.15583;0.7;0.7
1.44938;-1.45323;2.05246;0.00603726;0.34591;0.7;0.7
1.23244;-1.54414;1.97567;0.110464;6.32912;0.7;0.7
1.39767;-1.61292;2.13425;-0.040415;-2.31561;0.7;0.7
1.3657;-1.43677;1.98228;-0.0460198;-2.63674;0.7;0.7
1.52598;-1.53855;2.16697;-0.0212549;-1.21781;0.7;0.7
1.47138;-1.42696;2.04968;-0.0194243;-1.11293;0.7;0.7
1.26549;-1.41847;1.90093;0.0722633;4.14038;0.7;0.7
1.36558;-1.46253;2.00095;-0.022671;-1.29895;0.7;0.7
1.47915;-1.54394;2.13814;-0.0128405;-0.735709;0.7;0.7
1.40132;-1.24945;1.87745;-0.0786571;-4.50672;0.7;0.7
1.49311;-1.32424;1.99575;-0.00263771;-0.15113;0.7;0.7
1.49455;-1.31744;1.99232;-0.00303198;-0.173719;0.7;0.7
1.56046;-1.45425;2.13304;0.027681;1.58601;0.7;0.7
1.56876;-1.42405;2.11871;-0.0130971;-0.75041;0.7;0.7
1.49275;-1.39091;2.04032;0.0130135;0.745619;0.7;0.7
1.39495;-1.19582;1.83736;-0.0414073;-2.37246;0.7;0.7
1.39436;-1.32708;1.92494;0.0519921;2.97893;0.7;0.7
1.40298;-1.33632;1.93754;0.000386808;0.0221625;0.7;0.7
1.2758;-1.33877;1.84931;0.0484097;2.77367;0.7;0.7
1.33598;-1.63738;2.11326;0.0769418;4.40844;0.7;0.7
0.944961;-1.51481;1.78539;0.126631;7.25541;0.7;0.7
1.23546;-1.69714;2.0992;-0.0715045;-4.09691;0.7;0.7
1.13389;-1.92738;2.23618;0.0974755;5.58493;0.7;0.7
1.10266;-1.73883;2.05897;-0.0333702;-1.91197;0.7;0.7
1.0454;-1.68897;1.98632;0.0109033;0.624711;0.7;0.7
1.21944;-1.71793;2.10674;-0.063053;-3.61267;0.7;0.7
1.16448;-1.66617;2.03277;0.00730984;0.418823;0.7;0.7
1.11938;-1.616;1.96582;0.00418481;0.239772;0.7;0.7
1.02457;-1.72741;2.0084;0.0704519;4.0366;0.7;0.7
1.04576;-1.58753;1.90102;-0.0471412;-2.70099;0.7;0.7
1.14328;-1.58436;1.95379;-0.0425893;-2.44019;0.7;0.7
1.05673;-1.74449;2.03959;0.0804403;4.60889;0.7;0.7
0.962071;-1.81865;2.05744;0.0580586;3.32651;0.7;0.7
1.19074;-1.94631;2.28166;-0.0624673;-3.57911;0.7;0.7
0.815661;-2.08049;2.23467;0.17541;10.0503;0.7;0.7
0.813655;-1.8676;2.03715;-0.0372349;-2.1334;0.7;0.7
0.706325;-1.89369;2.02113;0.0538662;3.0863;0.7;0.7
0.766438;-1.55319;1.732;-0.101396;-5.80957;0.7;0.7
0.809809;-1.80241;1.97598;0.0361366;2.07047;0.7;0.7
0.896776;-1.90005;2.10105;-0.0187124;-1.07214;0.7;0.7
0.862751;-1.81377;2.00851;-0.00301458;-0.172723;0.7;0.7
0.905253;-1.68591;1.91357;-0.0487788;-2.79482;0.7;0.7
0.933079;-1.70734;1.94568;-0.00738831;-0.423319;0.7;0.7
0.853308;-1.79802;1.99023;0.0570513;3.2688;0.7;0.7
0.936;-1.81785;2.04467;-0.0323842;-1.85548;0.7;0.7
0.950477;-1.71886;1.96415;-0.0296268;-1.69749;0.7;0.7
1.02425;-1.79627;2.06777;-0.0131069;-0.750968;0.7;0.7
0.997562;-1.79054;2.04968;0.00992596;0.568716;0.7;0.7
1.05005;-1.66722;1.97034;-0.0537564;-3.08001;0.7;0.7
0.647253;-1.6931;1.8126;0.19691;11.2821;0.7;0.7
0.648281;-1.86036;1.97008;0.0298343;1.70938;0.7;0.7
0.685196;-1.92475;2.04307;-0.00669156;-0.383398;0.7;0.7
0.626054;-1.79005;1.89637;0.00555968;0.318546;0.7;0.7
0.8048;-1.82141;1.99129;-0.079616;-4.56166;0.7;0.7
0.957319;-1.97155;2.19168;-0.0359743;-2.06118;0.7;0.7
0.72754;-1.71191;1.86009;0.050173;2.8747;0.7;0.7
0.635261;-1.87608;1.98071;0.0753674;4.31823;0.7;0.7
0.663267;-1.84725;1.96271;-0.0182269;-1.04432;0.7;0.7
0.511784;-1.8326;1.90272;0.0723922;4.14777;0.7;0.7
0.545727;-1.94041;2.01569;-0.00183369;-0.105063;0.7;0.7
0.743018;-1.75728;1.90791;-0.125863;-7.21141;0.7;0.7
0.708955;-1.94141;2.0668;0.0498945;2.85875;0.7;0.7
0.66606;-1.88665;2.00077;0.0107503;0.615948;0.7;0.7
0.700971;-1.87922;2.0057;-0.0176459;-1.01103;0.7;0.7
0.657711;-1.86774;1.98016;0.0184434;1.05673;0.7;0.7
0.618676;-1.70449;1.8133;-0.00959813;-0.549932;0.7;0.7
0.719347;-1.5035;1.66673;-0.0980769;-5.61939;0.7;0.7
0.876522;-1.81255;2.01336;-0.0041726;-0.239072;0.7;0.7
0.907933;-2.03009;2.22388;0.0298765;1.7118;0.7;0.7
0.664989;-1.82923;1.94635;0.0718725;4.11799;0.7;0.7
0.748585;-2.02411;2.1581;-0.00555321;-0.318175;0.7;0.7
0.689437;-1.85686;1.98072;-0.00128059;-0.0733725;0.7;0.7
0.755266;-1.80437;1.95606;-0.0409025;-2.34354;0.7;0.7
0.745228;-1.88818;2.02992;0.0205048;1.17484;0.7;0.7
0.71961;-1.85056;1.98555;0.00504637;0.289136;0.7;0.7
0.60145;-1.84596;1.94147;0.0558933;3.20245;0.7;0.7
0.592001;-1.91247;2.002;0.0147803;0.846847;0.7;0.7
0.599365;-1.92339;2.01461;-0.00189011;-0.108295;0.7;0.7
0.587305;-1.89063;1.97975;0.000893577;0.0511982;0.7;0.7
0.557896;-1.91348;1.99315;0.0174922;1.00223;0.7;0.7
0.500954;-1.98784;2.04999;0.0368281;2.1101;0.7;0.7
0.519844;-1.93229;2.00099;-0.0159391;-0.913242;0.7;0.7
0.491255;-1.9483;2.00928;0.0158116;0.905939;0.7;0.7
0.445122;-2.23433;2.27823;0.0503511;2.88491;0.7;0.7
0.390125;-1.96763;2.00593;0.000912145;0.0522621;0.7;0.7
0.375814;-2.00423;2.03916;0.0103749;0.594437;0.7;0.7
0.119098;-1.85758;1.8614;0.121331;6.95178;0.7;0.7
0.0700819;-2.08081;2.08199;0.0303593;1.73946;0.7;0.7
-0.130508;-1.98027;1.98457;0.0994761;5.69956;0.7;0.7
-0.1243;-2.05789;2.06164;-0.00548028;-0.313997;0.7;0.7
-0.128652;-2.0628;2.0668;0.00195848;0.112213;0.7;0.7
-0.117943;-2.00262;2.00609;-0.00346063;-0.198279;0.7;0.7
-0.0114383;-1.84289;1.84292;-0.0526196;-3.01488;0.7;0.7
0.0248171;-1.89168;1.89184;-0.019325;-1.10724;0.7;0.7
0.105857;-1.91303;1.91596;-0.04216;-2.41559;0.7;0.7
0.0823566;-1.98691;1.98861;0.0138524;0.793683;0.7;0.7
0.162718;-1.95312;1.95988;-0.0416943;-2.38891;0.7;0.7
0.0952255;-1.98964;1.99191;0.035296;2.02231;0.7;0.7
0.119951;-1.86826;1.87211;-0.0162923;-0.93348;0.7;0.7
0.187318;-2.05795;2.06645;-0.0266552;-1.52723;0.7;0.7
0.156869;-2.05791;2.06388;0.0146915;0.841762;0.7;0.7
0.177332;-2.00638;2.01421;-0.0120747;-0.691828;0.7;0.7
0.140271;-2.07637;2.0811;0.0207015;1.18611;0.7;0.7
0.133845;-2.00205;2.00652;0.000698656;0.04003;0.7;0.7
-0.101441;-1.87278;1.87553;0.120868;6.92522;0.7;0.7
-0.157983;-2.10504;2.11096;0.0207964;1.19155;0.7;0.7
-0.0514194;-1.96069;1.96137;-0.0486904;-2.78975;0.7;0.7
-0.0615619;-1.84703;1.84805;0.00709878;0.40673;0.7;0.7
-0.128177;-1.90636;1.91067;0.0338177;1.93761;0.7;0.7
-0.113147;-2.0252;2.02836;-0.0113242;-0.648829;0.7;0.7
-0.0725364;-2.00047;2.00179;-0.0195677;-1.12114;0.7;0.7
-0.168632;-2.0531;2.06002;0.0457073;2.61884;0.7;0.7
0.00508687;-2.0215;2.02151;-0.0844674;-4.83963;0.7;0.7
0.0222771;-2.01803;2.01815;-0.00852222;-0.488287;0.7;0.7
-0.0101908;-1.78396;1.78399;0.016751;0.959761;0.7;0.7
0.337999;-2.06855;2.09599;-0.16768;-9.60734;0.7;0.7
0.305619;-1.9119;1.93618;0.00345744;0.198097;0.7;0.7
0.376689;-1.87346;1.91096;-0.03991;-2.28668;0.7;0.7
0.398077;-1.95744;1.99751;-0.00220983;-0.126614;0.7;0.7
0.41722;-1.93506;1.97953;-0.0117304;-0.672104;0.7;0.7
0.560692;-2.14393;2.21604;-0.0434359;-2.48869;0.7;0.7
0.52972;-1.766;1.84373;-0.0356194;-2.04084;0.7;0.7
0.502684;-1.95623;2.01978;0.0398912;2.28559;0.7;0.7
0.201201;-1.76725;1.77866;0.138162;7.91611;0.7;0.7
0.0495837;-2.02627;2.02688;0.0888965;5.0934;0.7;0.7
0.0525079;-2.2226;2.22322;0.000845377;0.0484365;0.7;0.7
0.0483612;-1.99559;1.99617;-0.00060923;-0.0349063;0.7;0.7
-0.123896;-1.9437;1.94765;0.0878855;5.03547;0.7;0.7
-0.0686488;-2.04245;2.04361;-0.0300579;-1.72219;0.7;0.7
-0.0543483;-2.03732;2.03804;-0.00692826;-0.39696;0.7;0.7
-0.0482212;-1.99857;1.99915;-0.00254682;-0.145922;0.7;0.7
-0.0583961;-2.07898;2.0798;0.00395823;0.22679;0.7;0.7
0.0738429;-1.91573;1.91715;-0.066608;-3.81636;0.7;0.7
-0.0258595;-1.87951;1.87969;0.0522843;2.99567;0.7;0.7
-0.020534;-1.99984;1.99995;-0.00349033;-0.199981;0.7;0.7
-0.00813665;-2.0459;2.04592;-0.00629044;-0.360416;0.7;0.7
0.049556;-1.97342;1.97404;-0.0290835;-1.66636;0.7;0.7
0.0690482;-1.9848;1.986;-0.00966799;-0.553935;0.7;0.7
0.142415;-2.04236;2.04732;-0.0348434;-1.99638;0.7;0.7
0.134154;-1.78468;1.78971;-0.00541061;-0.310005;0.7;0.7
0.281643;-1.98863;2.00847;-0.0656625;-3.76218;0.7;0.7
0.240712;-2.06024;2.07426;0.0243815;1.39696;0.7;0.7
0.157992;-2.02498;2.03114;0.0384458;2.20278;0.7;0.7
0.209642;-2.00778;2.01869;-0.0261744;-1.49968;0.7;0.7
0.332079;-1.88157;1.91065;-0.0706533;-4.04813;0.7;0.7
0.685773;-1.75984;1.88873;-0.196887;-11.2808;0.7;0.7
0.823521;-1.7369;1.92224;-0.0711619;-4.07728;0.7;0.7
0.860003;-1.8088;2.00284;-0.00107862;-0.0618006;0.7;0.7
0.712529;-1.99705;2.12036;0.101107;5.79302;0.7;0.7
0.736601;-1.8331;1.97556;-0.039374;-2.25596;0.7;0.7
0.759418;-1.69617;1.85842;-0.0388744;-2.22734;0.7;0.7
0.851038;-1.93029;2.10957;0.00571071;0.327199;0.7;0.7
0.67205;-2.06017;2.16701;0.0999225;5.72514;0.7;0.7
0.634539;-1.87148;1.97612;-0.0115676;-0.662773;0.7;0.7
0.713679;-2.02231;2.14455;-0.0123642;-0.708415;0.7;0.7
0.665429;-1.88226;1.99642;-0.000555693;-0.0318389;0.7;0.7
0.66269;-1.9169;2.02822;0.00696687;0.399172;0.7;0.7
0.722601;-1.87195;2.00657;-0.0355461;-2.03664;0.7;0.7
0.722146;-1.8636;1.99862;-0.001292;-0.0740264;0.7;0.7
0.704169;-1.82434;1.95552;0.0013173;0.075476;0.7;0.7
0.907426;-1.86474;2.0738;-0.0845216;-4.84273;0.7;0.7
0.70804;-1.70329;1.84459;0.0589315;3.37652;0.7;0.7
0.760681;-1.86331;2.0126;0.00636648;0.364772;0.7;0.7
0.635061;-1.6648;1.78181;0.0231652;1.32727;0.7;0.7
0.631784;-1.94508;2.04511;0.0503651;2.88571;0.7;0.7
0.688543;-1.68792;1.82295;-0.0732581;-4.19738;0.7;0.7
0.778614;-1.67494;1.84707;-0.047823;-2.74006;0.7;0.7
0.849636;-1.81419;2.00328;-0.002849;-0.163236;0.7;0.7
0.631443;-1.72588;1.83777;0.0872517;4.99915;0.7;0.7
0.693156;-1.86979;1.99413;-0.00426824;-0.244552;0.7;0.7
0.803909;-1.9241;2.08529;-0.0407577;-2.33524;0.7;0.7
0.63878;-1.76499;1.87703;0.0485145;2.77968;0.7;0.7
0.688337;-1.82825;1.95354;-0.0128337;-0.735317;0.7;0.7
0.663127;-1.87078;1.98484;0.0194378;1.1137;0.7;0.7
0.269369;-1.68814;1.70949;0.182415;10.4516;0.7;0.7
0.122845;-1.953;1.95686;0.0954141;5.46683;0.7;0.7
0.129429;-1.98742;1.99163;-0.00221432;-0.126871;0.7;0.7
0.00912952;-1.98329;1.98331;0.0604291;3.46233;0.7;0.7
-0.057448;-2.07136;2.07216;0.0323305;1.8524;0.7;0.7
-0.0414273;-1.97745;1.97789;-0.00678054;-0.388496;0.7;0.7
-0.139491;-1.97373;1.97865;0.04961;2.84244;0.7;0.7
-0.150734;-2.20161;2.20677;-0.00219789;-0.12593;0.7;0.7
-0.0918683;-1.97301;1.97515;-0.0218299;-1.25076;0.7;0.7
-0.191034;-1.95232;1.96164;0.0510106;2.92269;0.7;0.7
-0.46563;-2.13617;2.18633;0.117077;6.70802;0.7;0.7
-0.450129;-1.85331;1.90719;0.0236487;1.35497;0.7;0.7
-0.477388;-1.92821;1.98643;0.00443514;0.254115;0.7;0.7
-0.419843;-2.06399;2.10626;-0.0420254;-2.40788;0.7;0.7
-0.438534;-1.71605;1.77119;0.0495193;2.83725;0.7;0.7
-0.667031;-2.04878;2.15463;0.064557;3.69884;0.7;0.7
-0.43246;-1.70518;1.75917;-0.0663735;-3.80292;0.7;0.7
-0.58181;-2.1457;2.22318;0.0164064;0.94002;0.7;0.7
-0.492339;-1.86648;1.93033;-0.0068799;-0.394189;0.7;0.7
-0.600117;-1.85694;1.9515;0.0546768;3.13275;0.7;0.7
-0.464863;-1.99337;2.04685;-0.0834711;-4.78254;0.7;0.7
-0.463858;-1.90987;1.96539;0.00915105;0.524317;0.7;0.7
-0.585738;-2.05536;2.13719;0.0393607;2.2552;0.7;0.7
-0.577571;-1.99043;2.07253;0.00479658;0.274824;0.7;0.7
-0.76207;-1.80972;1.96363;0.116143;6.65451;0.7;0.7
-0.828384;-1.77648;1.96013;0.0377691;2.16401;0.7;0.7
-0.625092;-1.69249;1.80423;-0.0825375;-4.72905;0.7;0.7
-0.789464;-1.89051;2.04872;0.0417881;2.39428;0.7;0.7
-0.746255;-1.80065;1.94916;-0.00269182;-0.15423;0.7;0.7
-0.619494;-1.69172;1.80158;-0.0418643;-2.39865;0.7;0.7
-0.620964;-1.72397;1.83239;-0.00529752;-0.303526;0.7;0.7
-0.708656;-1.91278;2.03983;0.00907962;0.520224;0.7;0.7
-0.731947;-1.87537;2.01314;0.0173057;0.991546;0.7;0.7
-0.7339;-1.8782;2.0165;0.000390587;0.022379;0.7;0.7
-0.698486;-1.83422;1.96271;-0.00864975;-0.495594;0.7;0.7
-0.679101;-1.80077;1.92457;-0.00322902;-0.185009;0.7;0.7
-0.779836;-1.58506;1.76651;0.0965952;5.5345;0.7;0.7
-0.940461;-1.79409;2.02564;0.0255989;1.46671;0.7;0.7
-0.786355;-1.69018;1.86415;-0.0473567;-2.71334;0.7;0.7
-0.87356;-1.93922;2.12689;-0.0122165;-0.699956;0.7;0.7
-0.662137;-1.91512;2.02635;-0.0903687;-5.17775;0.7;0.7
-0.649653;-1.91847;2.02548;-0.00636585;-0.364736;0.7;0.7
-0.548356;-1.76246;1.8458;-0.0248745;-1.42521;0.7;0.7
-0.737837;-2.14691;2.27016;0.0293912;1.68399;0.7;0.7
-0.471398;-1.80617;1.86667;-0.0757299;-4.33901;0.7;0.7
-0.428404;-1.96037;2.00664;-0.0401481;-2.30032;0.7;0.7
-0.420506;-2.00735;2.05093;-0.00865281;-0.49577;0.7;0.7
-0.351307;-1.90775;1.93983;-0.0243902;-1.39745;0.7;0.7
-0.420759;-1.93927;1.98439;0.0315499;1.80767;0.7;0.7
-0.255469;-1.92064;1.93755;-0.0814203;-4.66504;0.7;0.7
-0.259167;-2.00039;2.01711;-0.00339533;-0.194538;0.7;0.7
-0.509414;-2.09725;2.15823;0.109441;6.2705;0.7;0.7
-0.500536;-1.81313;1.88095;0.0310712;1.78025;0.7;0.7
-0.611279;-2.07309;2.16133;0.0173857;0.996127;0.7;0.7
-0.605325;-1.8331;1.93046;0.0322064;1.84529;0.7;0.7
-0.616843;-1.88872;1.9869;-0.0032726;-0.187506;0.7;0.7
-0.629297;-2.08867;2.18141;-0.0230314;-1.3196;0.7;0.7
-0.679565;-1.80674;1.93032;0.0671173;3.84554;0.7;0.7
-0.50986;-1.87406;1.94218;-0.0941261;-5.39303;0.7;0.7
-0.422291;-2.09918;2.14123;-0.067112;-3.84524;0.7;0.7
-0.448933;-2.01431;2.06373;0.020768;1.18992;0.7;0.7
-0.515424;-1.98772;2.05346;0.0344284;1.9726;0.7;0.7
-0.546989;-1.86285;1.9415;0.031886;1.82694;0.7;0.7
-0.672803;-1.87595;1.99295;0.0587547;3.36639;0.7;0.7
-0.685805;-1.97118;2.08707;-0.0095397;-0.546585;0.7;0.7
-0.662591;-1.88004;1.99338;0.00402478;0.230603;0.7;0.7
-0.598284;-1.92934;2.01998;-0.0381477;-2.1857;0.7;0.7
-0.716126;-1.81556;1.95169;0.0750075;4.29761;0.7;0.7
-0.844155;-1.54445;1.76009;0.124507;7.13373;0.7;0.7
-0.900562;-1.67757;1.90401;-0.00753752;-0.431868;0.7;0.7
-0.947349;-1.76319;2.00158;0.000363125;0.0208055;0.7;0.7
-1.11918;-1.64106;1.98637;0.105496;6.04448;0.7;0.7
-1.1526;-1.58941;1.96334;0.0288893;1.65524;0.7;0.7
-1.20264;-1.37647;1.82784;0.0906797;5.19556;0.7;0.7
-1.2082;-1.66507;2.05724;-0.0903889;-5.1789;0.7;0.7
-0.922174;-1.64012;1.88159;-0.115503;-6.61782;0.7;0.7
-0.958686;-1.82581;2.0622;-0.0287031;-1.64457;0.7;0.7
-1.10515;-1.77091;2.08746;0.0744176;4.26381;0.7;0.7
-1.03659;-1.7252;2.01267;-0.0168762;-0.966937;0.7;0.7
-1.2751;-1.98931;2.36289;0.028957;1.65912;0.7;0.7
-0.843207;-1.80375;1.99111;-0.132714;-7.60395;0.7;0.7
-1.04853;-2.12141;2.36638;0.0217569;1.24658;0.7;0.7
-0.880642;-1.86832;2.06547;-0.0185763;-1.06434;0.7;0.7
-0.590536;-1.99063;2.07638;-0.152082;-8.71368;0.7;0.7
-0.352869;-2.24917;2.27668;-0.132768;-7.60704;0.7;0.7
-0.320307;-2.21364;2.23669;-0.0119201;-0.682972;0.7;0.7
-0.265368;-1.95492;1.97285;-0.00878105;-0.503117;0.7;0.7
-0.343391;-2.05409;2.0826;0.0307236;1.76033;0.7;0.7
-0.13366;-2.03961;2.04398;-0.100204;-5.74125;0.7;0.7
-0.125371;-1.99284;1.99678;-0.00261089;-0.149593;0.7;0.7
-0.131273;-2.01239;2.01667;0.00231257;0.1325;0.7;0.7
-0.160013;-1.91729;1.92395;0.0181246;1.03847;0.7;0.7
-0.273176;-2.1044;2.12206;0.0458248;2.62557;0.7;0.7
-0.250645;-1.99246;2.00816;-0.00395014;-0.226326;0.7;0.7
-0.197094;-1.94427;1.95423;-0.0241131;-1.38158;0.7;0.7
-0.1643;-1.92463;1.93163;-0.0158661;-0.909062;0.7;0.7
-0.0245057;-1.9806;1.98075;-0.0727882;-4.17046;0.7;0.7
0.00326973;-2.11259;2.11259;-0.01392;-0.797556;0.7;0.7
-0.0721923;-2.04189;2.04317;0.0368886;2.11356;0.7;0.7
-0.191244;-1.89935;1.90896;0.0650098;3.72479;0.7;0.7
-0.312965;-2.29367;2.31493;0.035259;2.02019;0.7;0.7
-0.223252;-1.93399;1.94684;-0.0206823;-1.18501;0.7;0.7
-0.130759;-2.09906;2.10313;-0.0527135;-3.02026;0.7;0.7
0.0129619;-1.93145;1.93149;-0.0689246;-3.94909;0.7;0.7
-0.0276596;-1.98283;1.98302;0.0206595;1.1837;0.7;0.7
-0.0836312;-1.99447;1.99622;0.0279584;1.6019;0.7;0.7
-0.293096;-2.00233;2.02367;0.103438;5.92658;0.7;0.7
-0.299801;-1.96619;1.98892;0.0059671;0.34189;0.7;0.7
-0.267272;-1.96712;1.9852;-0.01627;-0.932202;0.7;0.7
-0.272134;-2.0023;2.02071;4.00841e-05;0.00229665;0.7;0.7
-0.436017;-2.2362;2.27831;0.0574826;3.29351;0.7;0.7
-0.313733;-1.89346;1.91927;-0.0283638;-1.62512;0.7;0.7
-0.314008;-2.0759;2.09951;-0.0140756;-0.806475;0.7;0.7
-0.162426;-2.04804;2.05448;-0.0709835;-4.06706;0.7;0.7
-0.0869624;-1.94928;1.95121;-0.0345591;-1.98009;0.7;0.7
-0.0768744;-1.64844;1.65023;0.00201783;0.115613;0.7;0.7
-0.153471;-2.09077;2.09639;0.0266716;1.52817;0.7;0.7
-0.240064;-2.01165;2.02592;0.0455027;2.60711;0.7;0.7
-0.225515;-2.00435;2.017;-0.00673405;-0.385833;0.7;0.7
-0.351081;-2.13135;2.16008;0.0512149;2.9344;0.7;0.7
-0.456096;-1.92963;1.9828;0.0688485;3.94473;0.7;0.7
-0.452361;-1.85857;1.91283;0.0066451;0.380736;0.7;0.7
-0.521617;-1.9464;2.01508;0.0230888;1.32289;0.7;0.7
-0.501722;-1.82296;1.89075;0.00673544;0.385912;0.7;0.7
-0.546378;-2.05975;2.13099;-0.0092811;-0.531768;0.7;0.7
-0.60249;-2.00923;2.09761;0.0320368;1.83557;0.7;0.7
-0.333346;-2.05601;2.08286;-0.130596;-7.48261;0.7;0.7
-0.255511;-2.02605;2.04209;-0.0352825;-2.02154;0.7;0.7
-0.268511;-1.93411;1.95266;0.0124965;0.715999;0.7;0.7
-0.155253;-2.23854;2.24392;-0.0687038;-3.93644;0.7;0.7
-0.175923;-1.9731;1.98093;0.0196818;1.12769;0.7;0.7
-0.296126;-2.28673;2.30582;0.0398553;2.28354;0.7;0.7
-0.101565;-1.9134;1.91609;-0.0757496;-4.34013;0.7;0.7
-0.251781;-2.07943;2.09462;0.0674638;3.86539;0.7;0.7
-0.254208;-1.95258;1.96905;0.00896769;0.513811;0.7;0.7
-0.457658;-2.23955;2.28583;0.0721143;4.13184;0.7;0.7
-0.601384;-1.98226;2.07147;0.092981;5.32742;0.7;0.7
-0.641247;-2.23458;2.32477;-0.0151023;-0.8653;0.7;0.7
-0.517439;-1.86746;1.93782;-0.00915534;-0.524562;0.7;0.7
-0.673665;-1.97922;2.09073;0.0577688;3.30991;0.7;0.7
-0.699962;-1.87101;1.99766;0.0299196;1.71426;0.7;0.7
-0.7822;-1.7222;1.89151;0.068341;3.91565;0.7;0.7
-0.829087;-1.83088;2.00985;-0.00112102;-0.0642294;0.7;0.7
-0.8361;-1.81888;2.00184;0.00566519;0.324591;0.7;0.7
-0.841481;-1.76689;1.95704;0.0135924;0.778787;0.7;0.7
-0.902307;-1.73172;1.9527;0.035876;2.05555;0.7;0.7
-0.914394;-1.66986;1.90382;0.0206475;1.18301;0.7;0.7
-0.997917;-1.78628;2.04613;0.00847426;0.485539;0.7;0.7
-0.955425;-1.70389;1.95348;0.00158178;0.0906293;0.7;0.7
-0.998621;-1.66105;1.93812;0.0302554;1.73351;0.7;0.7
-1.11336;-1.76466;2.08652;0.0215446;1.23441;0.7;0.7
-1.3071;-1.7126;2.15442;0.0890679;5.10322;0.7;0.7
-1.22066;-1.60094;2.01322;-0.000483652;-0.0277112;0.7;0.7
-1.21661;-1.59461;2.00572;0.000308057;0.0176504;0.7;0.7
-1.17781;-1.42719;1.85044;0.0382215;2.18993;0.7;0.7
-1.29248;-1.54899;2.01739;0.00540794;0.309852;0.7;0.7
-1.01399;-1.6437;1.9313;-0.142618;-8.1714;0.7;0.7
-1.0694;-1.71417;2.0204;0.00502928;0.288156;0.7;0.7
-1.08673;-1.73184;2.04457;0.00261445;0.149797;0.7;0.7
-0.923166;-1.62876;1.87219;-0.0447512;-2.56405;0.7;0.7
-1.10754;-1.59866;1.94483;0.0902306;5.16983;0.7;0.7
-1.11485;-1.56309;1.91994;0.0136801;0.783809;0.7;0.7
-1.14628;-1.66735;2.02337;-0.0172753;-0.989804;0.7;0.7
-1.11351;-1.64722;1.98827;-0.00784417;-0.449438;0.7;0.7
-0.953655;-1.71151;1.95927;-0.0860784;-4.93193;0.7;0.7
-0.999683;-1.77786;2.03965;0.00387813;0.222201;0.7;0.7
-0.904722;-1.84093;2.05123;-0.0554506;-3.17709;0.7;0.7
-0.814073;-1.88421;2.05255;-0.0489562;-2.80499;0.7;0.7
-0.800959;-1.78196;1.95369;0.0145966;0.836323;0.7;0.7
-0.912836;-1.78179;2.00201;0.0510261;2.92358;0.7;0.7
-0.984989;-1.59315;1.87305;0.0802934;4.60047;0.7;0.7
-1.14934;-1.6609;2.0198;0.0515935;2.95609;0.7;0.7
-1.18687;-1.61991;2.00817;0.0269859;1.54618;0.7;0.7
-1.55719;-1.50649;2.16665;0.169622;9.71865;0.7;0.7
-1.38774;-1.23957;1.86074;0.0397898;2.27979;0.7;0.7
-1.49955;-1.27411;1.96774;0.0247643;1.41889;0.7;0.7
-1.49623;-1.15563;1.89056;0.0466375;2.67213;0.7;0.7
-1.39895;-1.26616;1.88685;-0.0779551;-4.4665;0.7;0.7
-1.55758;-1.23578;1.98827;0.0649141;3.7193;0.7;0.7
-1.41896;-1.25536;1.89457;-0.0535959;-3.07082;0.7;0.7
-1.53358;-1.3844;2.06602;-0.0100203;-0.574122;0.7;0.7
-1.46669;-0.855126;1.69777;0.206468;11.8298;0.7;0.7
-1.89607;-0.815226;2.0639;0.121788;6.97793;0.7;0.7
-1.85119;-0.777641;2.00789;0.00836863;0.479487;0.7;0.7
-1.86698;-0.755186;2.01393;0.0133168;0.762997;0.7;0.7
-1.85604;-0.751598;2.00244;-0.000388517;-0.0222604;0.7;0.7
-1.71395;-0.73097;1.86332;-0.0183614;-1.05203;0.7;0.7
-1.82235;-0.991536;2.07463;-0.0951748;-5.45311;0.7;0.7
-1.97038;-1.13895;2.27588;-0.02581;-1.4788;0.7;0.7
-1.73193;-0.98524;1.99255;0.00689558;0.395087;0.7;0.7
-1.93947;-0.955155;2.16191;0.0595987;3.41476;0.7;0.7
-1.81187;-0.819257;1.98848;0.0329665;1.88884;0.7;0.7
-1.82664;-0.829097;2.00599;-0.0014361;-0.0822823;0.7;0.7
-1.81464;-0.831213;1.99595;-0.00344988;-0.197664;0.7;0.7
-1.86192;-0.791144;2.02303;0.0277437;1.5896;0.7;0.7
-1.98711;-0.88878;2.17682;-0.0187914;-1.07667;0.7;0.7
-1.73567;-1.06641;2.0371;-0.130364;-7.46933;0.7;0.7
-1.7228;-0.957396;1.97095;0.0437223;2.5051;0.7;0.7
-1.85881;-0.862511;2.04917;0.07278;4.16999;0.7;0.7
-1.78945;-0.750976;1.94064;0.0370987;2.1256;0.7;0.7
-1.85118;-0.737254;1.99259;0.01834;1.0508;0.7;0.7
-1.85947;-0.684828;1.98157;0.0261292;1.49709;0.7;0.7
-1.71674;-0.804534;1.89591;-0.0853698;-4.89133;0.7;0.7
-1.70992;-0.825225;1.89864;-0.0113916;-0.65269;0.7;0.7
-1.92367;-0.817477;2.09016;0.0478049;2.73902;0.7;0.7
-1.71392;-0.820436;1.90017;-0.0446208;-2.55659;0.7;0.7
-1.67026;-0.873991;1.88511;-0.0356313;-2.04152;0.7;0.7
-1.73154;-0.925919;1.96355;-0.00896494;-0.513653;0.7;0.7
-1.74046;-0.909683;1.96386;0.00943374;0.540513;0.7;0.7
-1.63748;-1.09479;1.96975;-0.107709;-6.17129;0.7;0.7
-1.72247;-1.10856;2.04836;0.0174702;1.00097;0.7;0.7
-1.71746;-1.09269;2.0356;0.00522561;0.299405;0.7;0.7
-1.73048;-1.10443;2.05289;-0.00141928;-0.0813186;0.7;0.7
-1.86547;-1.05343;2.14235;0.0539887;3.09332;0.7;0.7
-1.72967;-0.976923;1.98649;-7.63931e-05;-0.004377;0.7;0.7
-1.77414;-0.98845;2.03091;0.00582615;0.333814;0.7;0.7
-1.79477;-1.02486;2.06677;-0.0105294;-0.603289;0.7;0.7
-1.75971;-1.20881;2.1349;-0.0830624;-4.75912;0.7;0.7
-1.52297;-1.2313;1.95845;-0.0779908;-4.46855;0.7;0.7
-1.54389;-1.37319;2.06621;-0.0470558;-2.6961;0.7;0.7
-1.50155;-1.34976;2.01903;-0.00526307;-0.301552;0.7;0.7
-1.2351;-1.5124;1.95264;-0.153774;-8.81057;0.7;0.7
-1.17004;-1.41338;1.83484;0.00667528;0.382466;0.7;0.7
-1.32801;-1.73254;2.18296;-0.0375009;-2.14864;0.7;0.7
-1.22993;-1.56749;1.99242;0.0113263;0.648949;0.7;0.7
-1.19007;-1.55962;1.9618;-0.0135094;-0.774033;0.7;0.7
-1.2018;-1.35666;1.81241;0.0731405;4.19064;0.7;0.7
-1.45966;-1.65663;2.20795;-0.00266853;-0.152895;0.7;0.7
-1.36173;-1.48372;2.01389;0.0202792;1.16191;0.7;0.7
-1.2977;-1.46991;1.96078;-0.0192939;-1.10546;0.7;0.7
-1.23453;-1.41824;1.88028;-0.00700202;-0.401186;0.7;0.7
-1.31113;-1.4819;1.97866;0.00807421;0.462618;0.7;0.7
-1.34059;-1.46068;1.98262;0.018224;1.04416;0.7;0.7
-1.33308;-1.45987;1.97694;-0.00252207;-0.144504;0.7;0.7
-1.44478;-1.32848;1.96272;0.0872781;5.00067;0.7;0.7
-1.47936;-1.35632;2.00701;0.00145174;0.0831785;0.7;0.7
-1.50539;-1.40517;2.0593;-0.0089468;-0.512614;0.7;0.7
-1.47952;-1.32799;1.9881;0.0195051;1.11756;0.7;0.7
-1.36863;-1.22617;1.83757;0.000924882;0.0529918;0.7;0.7
-1.63486;-1.31618;2.09883;0.0527255;3.02095;0.7;0.7
-1.55767;-1.25996;2.00346;-0.00230378;-0.131997;0.7;0.7
-1.623;-1.30196;2.08068;0.00405163;0.232142;0.7;0.7
-1.53504;-1.25513;1.98285;-0.00933288;-0.534734;0.7;0.7
-1.47408;-1.29839;1.96436;-0.036705;-2.10304;0.7;0.7
-1.64701;-1.45064;2.19477;2.4621e-05;0.00141068;0.7;0.7
-1.46214;-1.28933;1.94941;-0.000583237;-0.033417;0.7;0.7
-1.46339;-1.31447;1.96706;-0.00916482;-0.525105;0.7;0.7
-1.30852;-1.36297;1.88942;-0.0739367;-4.23626;0.7;0.7
-1.5069;-1.41941;2.07014;0.050265;2.87997;0.7;0.7
-1.57799;-1.25522;2.01634;0.0835459;4.78683;0.7;0.7
-1.60243;-1.36426;2.10452;-0.0333211;-1.90916;0.7;0.7
-1.43609;-1.32825;1.95617;-0.0411195;-2.35597;0.7;0.7
-1.46277;-1.36856;2.00316;-0.00573282;-0.328466;0.7;0.7
-1.22785;-1.39672;1.85969;-0.0975137;-5.58712;0.7;0.7
-1.41155;-1.58721;2.12408;0.00574313;0.329057;0.7;0.7
-1.43705;-1.50754;2.08274;0.0345777;1.98115;0.7;0.7
-1.40019;-1.29465;1.90701;0.0630766;3.61402;0.7;0.7
-1.43454;-1.36074;1.97725;-0.0127499;-0.730518;0.7;0.7
-1.46778;-1.34608;1.99156;0.0168284;0.964196;0.7;0.7
-1.42061;-1.17196;1.84164;0.0523931;3.0019;0.7;0.7
-1.54429;-1.31897;2.03089;-0.0170857;-0.978938;0.7;0.7
-1.68245;-1.47827;2.23963;-0.0140199;-0.80328;0.7;0.7
-1.4365;-1.25433;1.90706;0.00308837;0.176951;0.7;0.7
-1.45484;-1.31269;1.95952;-0.0162815;-0.93286;0.7;0.7
-1.49817;-1.26003;1.9576;0.0348114;1.99455;0.7;0.7
-1.54886;-1.26671;2.00088;0.0137493;0.787778;0.7;0.7
-1.4982;-1.17676;1.90509;0.0197162;1.12965;0.7;0.7
-1.60418;-1.16787;1.98426;0.0365223;2.09257;0.7;0.7
-1.66368;-1.12533;2.00853;0.0345638;1.98036;0.7;0.7
-1.45251;-1.02683;1.77881;-0.0206443;-1.18283;0.7;0.7
-1.64368;-1.08296;1.96837;0.0327841;1.87839;0.7;0.7
-1.56092;-1.18169;1.95777;-0.0654152;-3.74802;0.7;0.7
-1.60749;-1.23582;2.02763;-0.00742488;-0.425415;0.7;0.7
-1.61484;-1.38895;2.13;-0.0549173;-3.14653;0.7;0.7
-1.55606;-1.36779;2.07176;-0.010758;-0.616389;0.7;0.7
-1.37854;-1.37474;1.94686;-0.0629237;-3.60526;0.7;0.7
-1.30441;-1.43696;1.9407;-0.0496952;-2.84732;0.7;0.7
-1.34351;-1.47959;1.99855;0.000151326;0.00867035;0.7;0.7
-1.37955;-1.46788;2.01441;0.0171541;0.982859;0.7;0.7
-1.45568;-1.50673;2.09505;0.0137814;0.789617;0.7;0.7
-1.3942;-1.47534;2.02989;-0.0110418;-0.632648;0.7;0.7
-1.31414;-1.48846;1.98557;-0.0338488;-1.93939;0.7;0.7
-1.21068;-1.4978;1.92592;-0.0434944;-2.49205;0.7;0.7
-1.23882;-1.5624;1.99393;-0.00938947;-0.537977;0.7;0.7
-1.08471;-1.68204;2.00146;-0.0976297;-5.59377;0.7;0.7
-0.998629;-1.70249;1.97376;-0.0422802;-2.42248;0.7;0.7
-1.0913;-1.688;2.01005;0.04343;2.48836;0.7;0.7
-1.08587;-1.67956;2.00001;1.12024e-05;0.000641852;0.7;0.7
-1.11708;-1.70848;2.04127;0.00514581;0.294833;0.7;0.7
-1.13733;-1.6852;2.03308;0.0146021;0.836641;0.7;0.7
-1.084;-1.85217;2.14607;-0.0641651;-3.67639;0.7;0.7
-0.769966;-1.65565;1.82593;-0.0942084;-5.39775;0.7;0.7
-0.84917;-1.80035;1.99056;0.00542592;0.310882;0.7;0.7
-0.838403;-1.53768;1.75139;0.0584532;3.34912;0.7;0.7
-0.958999;-1.75594;2.00075;0.000698012;0.0399932;0.7;0.7
-0.935385;-1.87643;2.09665;-0.0374393;-2.14511;0.7;0.7
-0.830317;-1.70105;1.89288;-0.00834064;-0.477884;0.7;0.7
-0.877477;-1.7978;2.00052;-3.04123e-05;-0.0017425;0.7;0.7
-0.732224;-1.79315;1.93689;-0.0663889;-3.8038;0.7;0.7
-0.636417;-1.61603;1.73683;-0.0125164;-0.717136;0.7;0.7
-0.699666;-1.79711;1.92851;-0.00389065;-0.222918;0.7;0.7
-0.41694;-1.89169;1.93709;-0.154334;-8.8427;0.7;0.7
-0.43063;-1.9197;1.96741;0.00373038;0.213735;0.7;0.7
-0.591863;-1.93228;2.02089;0.0765603;4.38658;0.7;0.7
-0.576264;-1.89566;1.98131;-0.00211457;-0.121156;0.7;0.7
-0.521348;-1.68378;1.76265;0.00515284;0.295236;0.7;0.7
-0.668172;-1.9334;2.04561;0.032477;1.86079;0.7;0.7
-0.651261;-1.88186;1.99136;0.000428732;0.0245645;0.7;0.7
-0.736597;-1.70216;1.8547;0.0752373;4.31078;0.7;0.7
-0.645597;-1.59324;1.71907;-0.0234202;-1.34188;0.7;0.7
-0.629713;-1.90207;2.0036;-0.0652809;-3.74032;0.7;0.7
-1.00672;-1.9657;2.2085;0.153606;8.80098;0.7;0.7
-0.892369;-1.64887;1.87486;0.0227465;1.30328;0.7;0.7
-0.945449;-1.71538;1.95867;0.00767249;0.439601;0.7;0.7
-0.881649;-1.72385;1.93623;-0.0309762;-1.7748;0.7;0.7
-0.814374;-1.75901;1.93838;-0.0391685;-2.24419;0.7;0.7
-0.726301;-1.89959;2.03371;-0.068394;-3.91869;0.7;0.7
-0.560768;-2.02088;2.09724;-0.0945181;-5.41549;0.7;0.7
-0.750902;-1.85316;1.99952;0.114304;6.54915;0.7;0.7
-0.796974;-1.93231;2.09022;0.00620755;0.355666;0.7;0.7
-0.797112;-1.91473;2.07402;0.00329513;0.188797;0.7;0.7
-0.703714;-1.85599;1.98492;-0.0320726;-1.83763;0.7;0.7
-0.587989;-1.98868;2.07378;-0.0749336;-4.29338;0.7;0.7
-0.546544;-1.86563;1.94404;-0.00249814;-0.143133;0.7;0.7
-0.640055;-1.96418;2.06583;0.0300334;1.72079;0.7;0.7
-0.751647;-1.81073;1.96054;0.0784489;4.49479;0.7;0.7
-0.790099;-1.85211;2.0136;0.00975759;0.559069;0.7;0.7
-0.815029;-1.84919;2.02084;0.0119142;0.682633;0.7;0.7
-0.760467;-1.70381;1.86582;0.00466586;0.267334;0.7;0.7
-0.825845;-1.84931;2.02533;0.000196879;0.0112804;0.7;0.7
-0.696837;-1.8504;1.97726;-0.0598348;-3.42828;0.7;0.7
-0.957065;-1.61986;1.88147;0.173488;9.94014;0.7;0.7
-1.01022;-1.73112;2.00432;-0.00540524;-0.309697;0.7;0.7
-0.993378;-1.68667;1.95746;0.00401695;0.230154;0.7;0.7
-0.873782;-1.82094;2.01974;-0.0848627;-4.86227;0.7;0.7
-0.963315;-1.84912;2.085;0.0328749;1.88359;0.7;0.7
-0.89039;-1.81944;2.02563;-0.0251627;-1.44172;0.7;0.7
-1.04862;-1.81865;2.09931;0.0679173;3.89137;0.7;0.7
-1.16979;-1.79301;2.14086;0.0550453;3.15386;0.7;0.7
-0.964451;-1.64304;1.90519;-0.0472747;-2.70864;0.7;0.7
-1.06691;-1.90377;2.18235;-0.019991;-1.1454;0.7;0.7
-0.967089;-1.70506;1.96023;0.0051361;0.294277;0.7;0.7
-0.997874;-1.73487;2.00138;0.00602972;0.345477;0.7;0.7
-0.842179;-1.70252;1.89943;-0.0626026;-3.58686;0.7;0.7
-0.895951;-1.80625;2.01625;0.00109419;0.0626923;0.7;0.7
-0.847717;-1.84278;2.02841;-0.0293096;-1.67932;0.7;0.7
-0.909535;-1.81662;2.03159;0.0330304;1.8925;0.7;0.7
-0.828868;-1.75228;1.93843;-0.0223519;-1.28067;0.7;0.7
-0.922662;-1.99552;2.1985;-0.00874355;-0.500968;0.7;0.7
-0.770172;-1.75655;1.91798;-0.0198776;-1.1389;0.7;0.7
-0.731788;-1.92112;2.05577;-0.0492644;-2.82264;0.7;0.7
-0.751385;-1.80884;1.9587;0.0297586;1.70504;0.7;0.7
-0.559225;-1.87209;1.95383;-0.103427;-5.92596;0.7;0.7
-0.726541;-2.0257;2.15205;0.0540904;3.09915;0.7;0.7
-0.922387;-1.93957;2.14772;0.0995379;5.7031;0.7;0.7
-0.875554;-1.87596;2.07023;-0.00723576;-0.414578;0.7;0.7
-0.714865;-1.7427;1.88362;-0.0473991;-2.71577;0.7;0.7
-0.76468;-1.84084;1.99334;0.00443602;0.254165;0.7;0.7
-0.838501;-1.84785;2.02919;0.0322765;1.84931;0.7;0.7
-0.716703;-2.01693;2.14048;-0.0845584;-4.84484;0.7;0.7
-0.666834;-1.95125;2.06205;-0.0121235;-0.694625;0.7;0.7
-0.64818;-1.87554;1.98438;0.00344283;0.19726;0.7;0.7
-0.85653;-1.83502;2.02508;0.103963;5.95666;0.7;0.7
-0.933493;-1.76283;1.99474;0.0502906;2.88144;0.7;0.7
-0.872081;-1.91933;2.10817;-0.0605217;-3.46764;0.7;0.7
-0.780731;-1.79425;1.95675;-0.0160602;-0.920181;0.7;0.7
-0.760752;-1.99645;2.13648;-0.0463527;-2.65581;0.7;0.7
-0.65509;-1.97121;2.07721;-0.0432196;-2.4763;0.7;0.7
-0.72641;-1.80896;1.94936;0.0610051;3.49533;0.7;0.7
-0.728774;-1.89731;2.03246;-0.0151189;-0.866248;0.7;0.7
-0.618296;-1.73438;1.8413;-0.0242849;-1.39142;0.7;0.7
-0.70889;-1.85622;1.98698;0.0223582;1.28103;0.7;0.7
-0.69236;-1.85172;1.97693;-0.00700012;-0.401077;0.7;0.7
-0.724938;-1.675;1.82514;0.0506526;2.90218;0.7;0.7
-0.805243;-1.6179;1.80721;0.0533538;3.05695;0.7;0.7
-0.804672;-1.7862;1.95908;-0.0385482;-2.20865;0.7;0.7
-0.785545;-1.85531;2.01476;-0.0227467;-1.30329;0.7;0.7
-0.557403;-1.8275;1.91062;-0.104473;-5.98585;0.7;0.7
-0.571937;-1.62655;1.72417;0.0420785;2.41092;0.7;0.7
-0.552294;-1.74763;1.83282;-0.032031;-1.83524;0.7;0.7
-0.563716;-1.90086;1.98268;-0.0177959;-1.01963;0.7;0.7
-0.553542;-1.75395;1.83923;0.0174072;0.99736;0.7;0.7
-0.5873;-1.86372;1.95407;-0.000432229;-0.0247649;0.7;0.7
-0.53092;-1.81352;1.88964;-0.0204734;-1.17304;0.7;0.7
-0.625812;-1.93676;2.03536;0.0277351;1.5891;0.7;0.7
-0.64224;-1.79063;1.90233;0.0318414;1.82438;0.7;0.7
-0.66248;-1.74473;1.86627;0.0185128;1.0607;0.7;0.7
-0.765484;-1.70856;1.8722;0.0583261;3.34184;0.7;0.7
-0.73922;-2.21444;2.33456;-0.0990265;-5.6738;0.7;0.7
-0.676385;-1.76034;1.88581;0.0446557;2.55858;0.7;0.7
-0.726997;-1.77928;1.92207;0.0210478;1.20595;0.7;0.7
-0.746836;-1.93189;2.07123;-0.0190043;-1.08887;0.7;0.7
-0.572153;-2.10275;2.1792;-0.103221;-5.91411;0.7;0.7
-0.586855;-1.93517;2.0222;0.0287772;1.64881;0.7;0.7
-0.666665;-1.92272;2.03502;0.039316;2.25264;0.7;0.7
-0.707498;-2.00547;2.12661;0.00539432;0.309071;0.7;0.7
-0.686779;-1.72855;1.85999;0.0390365;2.23663;0.7;0.7
-0.738498;-1.91959;2.05675;-0.0109281;-0.626136;0.7;0.7
-0.739655;-1.82415;1.96841;0.0179588;1.02896;0.7;0.7
-1.02116;-1.86559;2.12678;0.115598;6.62328;0.7;0.7
-0.959187;-1.66354;1.92026;0.0222133;1.27273;0.7;0.7
-1.03524;-1.78713;2.06532;0.00200877;0.115094;0.7;0.7
-0.923978;-1.74592;1.97534;-0.0382907;-2.1939;0.7;0.7
-1.20211;-1.74256;2.11697;0.117135;6.71133;0.7;0.7
-1.22755;-1.70005;2.09691;0.0214971;1.23169;0.7;0.7
-1.09033;-1.76548;2.07503;-0.0721306;-4.13278;0.7;0.7
-1.08862;-1.68629;2.00715;0.0200037;1.14613;0.7;0.7
-1.06767;-1.6605;1.97413;-0.00183128;-0.104924;0.7;0.7
-1.17834;-1.67875;2.05102;0.0405863;2.32543;0.7;0.7
-1.16522;-1.59722;1.97708;0.018264;1.04645;0.7;0.7
-1.09056;-1.46436;1.82584;0.00984763;0.564228;0.7;0.7
-1.21055;-1.64477;2.04223;-0.00564084;-0.323196;0.7;0.7
-1.24664;-1.76678;2.16232;-0.0200063;-1.14628;0.7;0.7
-1.12234;-1.77793;2.10254;-0.0513834;-2.94405;0.7;0.7
-1.16255;-1.87996;2.21038;-0.0092554;-0.530295;0.7;0.7
-0.952138;-1.63693;1.89371;-0.0270107;-1.5476;0.7;0.7
-0.706708;-1.72668;1.8657;-0.138337;-7.92611;0.7;0.7
-0.54277;-1.80475;1.8846;-0.0963473;-5.52029;0.7;0.7
-0.713327;-2.16317;2.27775;0.02639;1.51204;0.7;0.7
-0.636178;-1.83007;1.93749;0.0160272;0.918291;0.7;0.7
-0.339883;-1.86658;1.89728;-0.154443;-8.84891;0.7;0.7
-0.412679;-2.26199;2.29933;0.00034093;0.0195339;0.7;0.7
-0.327394;-2.01694;2.04334;-0.0195378;-1.11943;0.7;0.7
-0.278419;-1.915;1.93514;-0.0165417;-0.947769;0.7;0.7
-0.274911;-1.98361;2.00257;-0.00666249;-0.381733;0.7;0.7
-0.269938;-1.97958;1.9979;-0.00218889;-0.125414;0.7;0.7
-0.269532;-2.02755;2.04539;-0.00336543;-0.192825;0.7;0.7
-0.23598;-2.02848;2.04216;-0.016347;-0.936613;0.7;0.7
-0.321839;-1.88139;1.90872;0.0536116;3.07172;0.7;0.7
-0.313521;-2.08646;2.10988;-0.0202755;-1.1617;0.7;0.7
-0.328839;-2.20381;2.22821;-0.00102771;-0.0588834;0.7;0.7
-0.0036868;-2.06086;2.06087;-0.146332;-8.38421;0.7;0.7
0.118908;-1.91398;1.91767;-0.0638353;-3.65749;0.7;0.7
0.142599;-1.97979;1.98491;-0.00985715;-0.564773;0.7;0.7
0.146174;-1.94317;1.94866;-0.00317948;-0.182171;0.7;0.7
0.155528;-1.99644;2.00248;-0.00266291;-0.152574;0.7;0.7
0.184682;-2.01639;2.02483;-0.0135894;-0.778618;0.7;0.7
0.144263;-1.98868;1.9939;0.0189199;1.08403;0.7;0.7
0.22238;-2.03479;2.04691;-0.0364413;-2.08793;0.7;0.7
0.0369979;-1.99204;1.99239;0.090286;5.17301;0.7;0.7
0.0336682;-2.02518;2.02546;0.00194747;0.111582;0.7;0.7
0.0468487;-1.97785;1.9784;-0.00705905;-0.404454;0.7;0.7
0.0218884;-1.98343;1.98355;0.0126471;0.724625;0.7;0.7
-3.93045e-05;-1.78213;1.78213;0.0110572;0.633534;0.7;0.7
-0.0770608;-2.06138;2.06282;0.0373436;2.13963;0.7;0.7
-0.0282559;-2.03748;2.03767;-0.0234985;-1.34637;0.7;0.7
-0.0894046;-1.95349;1.95554;0.0318675;1.82587;0.7;0.7
-0.156327;-2.12276;2.12851;0.027776;1.59145;0.7;0.7
-0.0890647;-1.99897;2.00095;-0.0289847;-1.6607;0.7;0.7
-0.060152;-2.19731;2.19813;-0.0171574;-0.983047;0.7;0.7
-0.029408;-1.99473;1.99495;-0.0126267;-0.723459;0.7;0.7
0.00690333;-1.9489;1.94891;-0.018284;-1.04759;0.7;0.7
0.0798832;-2.03113;2.0327;-0.035767;-2.0493;0.7;0.7
-0.00381488;-2.07152;2.07152;0.0411508;2.35777;0.7;0.7
0.304193;-1.94959;1.97318;-0.156623;-8.97383;0.7;0.7
0.295371;-2.00835;2.02995;0.00875664;0.501718;0.7;0.7
0.183641;-1.95848;1.96707;0.0525309;3.0098;0.7;0.7
0.100625;-1.8717;1.87441;0.039784;2.27946;0.7;0.7
0.279113;-1.94837;1.96826;-0.0885769;-5.07508;0.7;0.7
0.478611;-1.99872;2.05523;-0.0927459;-5.31395;0.7;0.7
0.512296;-1.89162;1.95977;-0.029447;-1.68719;0.7;0.7
0.535123;-1.84982;1.92566;-0.0171177;-0.98077;0.7;0.7
0.580602;-1.93174;2.01711;-0.0103721;-0.59428;0.7;0.7
0.6726;-1.8307;1.95034;-0.0601226;-3.44477;0.7;0.7
0.720061;-1.8925;2.02486;-0.0114755;-0.657498;0.7;0.7
0.476744;-1.73488;1.79919;0.0953878;5.46532;0.7;0.7
0.384503;-1.89158;1.93026;0.0676414;3.87556;0.7;0.7
0.588731;-2.11103;2.19158;-0.0714351;-4.09293;0.7;0.7
0.44458;-1.87672;1.92866;0.039369;2.25568;0.7;0.7
0.628965;-1.57298;1.69407;-0.147777;-8.46701;0.7;0.7
0.732071;-1.86684;2.00525;0.00666601;0.381934;0.7;0.7
0.967491;-1.94929;2.17618;-0.0869922;-4.98429;0.7;0.7
0.821099;-1.67917;1.86917;0.00590591;0.338383;0.7;0.7
0.668224;-1.93504;2.04717;0.122295;7.00697;0.7;0.7
0.620276;-1.96559;2.06114;0.0268305;1.53728;0.7;0.7
0.606722;-1.67;1.7768;-0.0428023;-2.45239;0.7;0.7
0.686825;-1.88226;2.00366;-0.0014017;-0.0803116;0.7;0.7
0.8337;-1.93576;2.10766;-0.056793;-3.254;0.7;0.7
0.935053;-1.85469;2.07707;-0.0602924;-3.4545;0.7;0.7
0.914502;-1.78889;2.00909;-0.00561123;-0.3215;0.7;0.7
0.974072;-1.82635;2.06987;-0.0173876;-0.996235;0.7;0.7
0.978869;-1.5455;1.82942;-0.0746277;-4.27585;0.7;0.7
1.29248;-1.60709;2.06234;-0.112725;-6.45866;0.7;0.7
1.13147;-1.65994;2.00889;0.0790281;4.52797;0.7;0.7
1.12357;-1.65468;2.0001;0.00178048;0.102014;0.7;0.7
1.17727;-1.59596;1.98319;-0.0390448;-2.2371;0.7;0.7
1.35791;-1.99415;2.41258;0.0377317;2.16187;0.7;0.7
1.12432;-1.66243;2.00693;0.00317186;0.181734;0.7;0.7
1.01501;-1.72144;1.9984;0.0618919;3.54615;0.7;0.7
1.04261;-1.7489;2.03609;-0.00482852;-0.276654;0.7;0.7
0.947841;-1.67941;1.92842;0.0237623;1.36148;0.7;0.7
0.973209;-1.6991;1.95808;-0.00633854;-0.363171;0.7;0.7
1.073;-1.95774;2.2325;0.0187936;1.07679;0.7;0.7
0.743018;-1.70057;1.85581;0.0894445;5.12479;0.7;0.7
0.673055;-1.74702;1.87219;0.0441908;2.53195;0.7;0.7
0.731315;-1.8982;2.03421;-7.37746e-06;-0.000422698;0.7;0.7
0.727162;-1.87718;2.0131;-0.00182853;-0.104767;0.7;0.7
0.730116;-1.78245;1.92619;-0.0191956;-1.09983;0.7;0.7
0.783692;-1.82191;1.98331;-0.0174586;-1.0003;0.7;0.7
0.895101;-1.81941;2.02768;-0.0509806;-2.92098;0.7;0.7
0.884702;-1.8;2.00567;0.000380397;0.0217951;0.7;0.7
0.608165;-1.91398;2.00828;0.149166;8.54656;0.7;0.7
0.612299;-1.90765;2.00351;-0.00292349;-0.167504;0.7;0.7
0.660141;-1.90399;2.01518;-0.0231633;-1.32716;0.7;0.7
0.689555;-1.81697;1.94342;-0.0289707;-1.6599;0.7;0.7
0.680391;-1.70823;1.83874;-0.0163259;-0.935407;0.7;0.7
0.809631;-1.91076;2.07521;-0.0217458;-1.24594;0.7;0.7
0.774865;-1.86114;2.016;0.00627648;0.359616;0.7;0.7
0.791457;-1.943;2.09801;0.00769537;0.440912;0.7;0.7
0.761591;-1.85623;2.00639;-0.00252806;-0.144847;0.7;0.7
1.07721;-1.7828;2.08297;-0.154176;-8.83363;0.7;0.7
1.10061;-1.54957;1.90066;-0.0740656;-4.24365;0.7;0.7
1.28135;-1.72881;2.15189;-0.0202401;-1.15967;0.7;0.7
1.12981;-1.59779;1.95688;0.0223463;1.28035;0.7;0.7
1.13491;-1.59131;1.95455;-0.0040441;-0.23171;0.7;0.7
1.15286;-1.98291;2.29369;0.0928959;5.32254;0.7;0.7
0.887836;-1.80584;2.01229;0.0696849;3.99265;0.7;0.7
0.885228;-1.79401;2.00053;-0.00143886;-0.0824408;0.7;0.7
1.07657;-1.92462;2.20526;-0.0516252;-2.95791;0.7;0.7
0.922491;-1.70431;1.93795;0.0138916;0.795928;0.7;0.7
0.96574;-1.77637;2.02191;-0.00184742;-0.105849;0.7;0.7
0.925436;-1.43184;1.70487;-0.0758263;-4.34452;0.7;0.7
1.12837;-1.72248;2.05916;-0.00615264;-0.35252;0.7;0.7
1.01699;-1.69733;1.97869;0.0401341;2.29951;0.7;0.7
0.970076;-1.68594;1.94511;0.0176796;1.01297;0.7;0.7
1.03822;-1.80254;2.08016;-0.000439113;-0.0251593;0.7;0.7
0.978092;-1.70281;1.96373;0.00118631;0.0679707;0.7;0.7
1.03107;-1.79304;2.06836;-0.000485137;-0.0277963;0.7;0.7
0.999642;-1.70032;1.9724;-0.00961987;-0.551178;0.7;0.7
0.996166;-1.85606;2.10649;0.0389034;2.229;0.7;0.7
0.763861;-1.88025;2.02949;0.106697;6.11327;0.7;0.7
0.770644;-1.82581;1.98178;-0.0135121;-0.774186;0.7;0.7
0.779506;-1.83561;1.99427;-0.00218226;-0.125034;0.7;0.7
0.907486;-1.82068;2.0343;-0.0608135;-3.48435;0.7;0.7
0.857958;-1.75293;1.95163;0.00722865;0.414171;0.7;0.7
0.938279;-1.76402;1.99803;-0.033674;-1.92938;0.7;0.7
0.926993;-1.74827;1.97883;0.00129644;0.0742803;0.7;0.7
1.09048;-1.64412;1.97288;-0.0980977;-5.62058;0.7;0.7
0.998298;-1.5992;1.88522;0.0275818;1.58032;0.7;0.7
1.04763;-1.72921;2.02181;0.013353;0.765071;0.7;0.7
1.04163;-1.70205;1.99549;-0.00448217;-0.256809;0.7;0.7
1.06239;-1.73032;2.03044;-0.00145054;-0.0831099;0.7;0.7
1.0009;-1.83246;2.08799;0.050714;2.9057;0.7;0.7
0.991734;-1.65915;1.93296;-0.0388279;-2.22468;0.7;0.7
1.12671;-2.14456;2.42252;0.0550054;3.15158;0.7;0.7
0.962039;-1.69336;1.94756;-0.0329058;-1.88536;0.7;0.7
1.00462;-1.76572;2.03151;-0.000628609;-0.0360166;0.7;0.7
0.894243;-1.72772;1.94542;0.0396631;2.27253;0.7;0.7
1.04129;-1.86368;2.13485;-0.0319018;-1.82784;0.7;0.7
0.920181;-1.7765;2.00067;0.0315973;1.81039;0.7;0.7
0.85694;-1.73499;1.93508;0.019153;1.09738;0.7;0.7
0.789061;-1.78434;1.95102;0.0424095;2.42988;0.7;0.7
0.862123;-1.85015;2.04115;-0.0196989;-1.12867;0.7;0.7
0.829582;-1.76499;1.95023;-0.00331911;-0.190171;0.7;0.7
1.19188;-2.1755;2.48061;-0.0618251;-3.54232;0.7;0.7
0.867168;-1.48106;1.71625;-0.0284914;-1.63244;0.7;0.7
1.11735;-1.80952;2.12669;-0.0234809;-1.34535;0.7;0.7
1.28225;-1.54284;2.00612;-0.140241;-8.0352;0.7;0.7
1.32354;-1.67845;2.13751;0.0256971;1.47234;0.7;0.7
1.22372;-1.58378;2.00146;0.00987238;0.565646;0.7;0.7
1.20961;-1.58625;1.99483;0.006356;0.364172;0.7;0.7
1.25608;-1.58606;2.0232;-0.0183224;-1.04979;0.7;0.7
1.23749;-1.5673;1.99695;0.0014634;0.0838469;0.7;0.7
1.25128;-1.58451;2.01901;-7.70801e-05;-0.00441636;0.7;0.7
1.29962;-1.68069;2.12455;0.0102019;0.584524;0.7;0.7
1.13997;-1.55341;1.92681;0.025137;1.44025;0.7;0.7
1.15774;-1.44316;1.85015;-0.0430064;-2.46409;0.7;0.7
1.18195;-1.52292;1.92776;0.0160918;0.921992;0.7;0.7
1.42742;-1.60117;2.14506;-0.0680873;-3.90111;0.7;0.7
1.32311;-1.58942;2.06806;0.0338717;1.9407;0.7;0.7
1.29555;-1.55372;2.02299;-0.000816958;-0.0468083;0.7;0.7
1.1238;-1.67332;2.01567;0.103625;5.9373;0.7;0.7
0.981721;-1.79679;2.04749;0.0913533;5.23416;0.7;0.7
0.921405;-1.77352;1.99859;0.0209046;1.19775;0.7;0.7
0.965863;-1.69606;1.9518;-0.0385191;-2.20698;0.7;0.7
0.966826;-1.80419;2.04691;0.0257338;1.47444;0.7;0.7
1.02924;-1.81342;2.08515;-0.0242957;-1.39204;0.7;0.7
1.00678;-1.81831;2.07843;0.010563;0.605217;0.7;0.7
1.0685;-1.986;2.25519;0.0120751;0.691854;0.7;0.7
0.985541;-1.72762;1.98896;-0.0248213;-1.42216;0.7;0.7
0.979999;-1.79005;2.04076;0.0175179;1.0037;0.7;0.7
0.891429;-1.38244;1.64493;-0.0718278;-4.11543;0.7;0.7
1.34554;-1.57012;2.06779;-0.135797;-7.78059;0.7;0.7
1.25248;-1.33921;1.83363;-0.0434263;-2.48814;0.7;0.7
1.45999;-1.52639;2.11221;-0.0112189;-0.642795;0.7;0.7
1.34359;-1.44804;1.97536;0.015167;0.869007;0.7;0.7
1.36366;-1.45992;1.99773;-0.00331969;-0.190204;0.7;0.7
1.41786;-1.22552;1.87409;-0.106711;-6.11408;0.7;0.7
1.54839;-1.68037;2.28498;0.113487;6.50233;0.7;0.7
1.33238;-1.23716;1.81818;-0.0778952;-4.46307;0.7;0.7
1.48677;-1.36248;2.01664;-0.00655313;-0.375467;0.7;0.7
1.47376;-1.38427;2.02192;0.0122928;0.704324;0.7;0.7
1.61781;-1.49073;2.19991;-0.00955685;-0.547567;0.7;0.7
1.3898;-1.28606;1.89354;0.00210867;0.120818;0.7;0.7
1.29176;-1.30875;1.83888;0.0452802;2.59437;0.7;0.7
1.19937;-1.28633;1.75873;0.0284414;1.62957;0.7;0.7
1.49683;-1.35201;2.01704;-0.0857605;-4.91371;0.7;0.7
1.41425;-1.37071;1.96951;0.035158;2.01441;0.7;0.7
1.52889;-1.4006;2.07345;-0.0281326;-1.61188;0.7;0.7
1.294;-1.35475;1.87345;0.0666943;3.8213;0.7;0.7
1.17209;-1.53397;1.9305;0.110011;6.30317;0.7;0.7
1.42878;-1.56811;2.12141;-0.0864839;-4.95516;0.7;0.7
1.3319;-1.43803;1.96008;-0.00816201;-0.467648;0.7;0.7
1.31924;-1.47622;1.97981;0.0178018;1.01997;0.7;0.7
1.18562;-1.45069;1.87355;0.0441115;2.5274;0.7;0.7
1.26184;-1.53526;1.98727;-0.00276869;-0.158634;0.7;0.7
1.19049;-1.51115;1.92376;0.0206973;1.18587;0.7;0.7
1.13777;-1.71362;2.05695;0.0811385;4.64889;0.7;0.7
1.1172;-1.43525;1.81881;-0.075306;-4.31472;0.7;0.7
1.1854;-1.5861;1.98013;0.0196136;1.12377;0.7;0.7
1.16786;-1.59176;1.97423;0.0088327;0.506076;0.7;0.7
1.45383;-1.48802;2.08034;-0.140794;-8.06693;0.7;0.7
1.36322;-1.39868;1.95312;0.00121684;0.0697197;0.7;0.7
1.5253;-1.41959;2.08369;-0.0487198;-2.79144;0.7;0.7
1.46377;-1.36342;2.00039;0.000401591;0.0230095;0.7;0.7
1.46293;-1.36685;2.00211;0.00153723;0.0880768;0.7;0.7
1.43411;-1.32489;1.95244;-0.00562481;-0.322278;0.7;0.7
1.4953;-1.41376;2.05782;0.0115435;0.661392;0.7;0.7
1.45518;-1.39686;2.01712;0.00757714;0.434138;0.7;0.7
1.47339;-1.41321;2.04158;-0.00039814;-0.0228117;0.7;0.7
1.43369;-1.49033;2.06798;0.0402116;2.30395;0.7;0.7
1.38661;-1.53337;2.06735;0.030853;1.76775;0.7;0.7
1.31013;-1.38914;1.90949;-0.0209588;-1.20085;0.7;0.7
1.26864;-1.53014;1.98765;0.0639009;3.66125;0.7;0.7
1.27453;-1.53285;1.9935;-0.00140492;-0.0804961;0.7;0.7
1.20192;-1.53238;1.94751;0.0285185;1.63399;0.7;0.7
1.3598;-1.53633;2.05168;-0.0593979;-3.40325;0.7;0.7
1.31709;-1.45771;1.9646;-0.0102429;-0.586875;0.7;0.7
1.41544;-1.57387;2.11673;0.00231408;0.132587;0.7;0.7
1.15669;-1.57489;1.95403;0.0989719;5.67067;0.7;0.7
0.870934;-1.75439;1.95868;0.172689;9.89433;0.7;0.7
0.807337;-1.78497;1.95906;0.0360267;2.06418;0.7;0.7
0.795275;-1.7953;1.96356;0.00776392;0.44484;0.7;0.7
0.936734;-1.87677;2.09755;-0.0459463;-2.63253;0.7;0.7
0.879381;-1.75813;1.96579;-0.000846754;-0.0485154;0.7;0.7
1.00042;-1.79443;2.05447;-0.0448041;-2.56709;0.7;0.7
0.928373;-1.69882;1.93594;0.00845874;0.48465;0.7;0.7
0.852648;-1.79097;1.98358;0.0558062;3.19746;0.7;0.7
0.774138;-1.78509;1.94572;0.0351396;2.01335;0.7;0.7
0.742176;-1.81161;1.95775;0.0203702;1.16713;0.7;0.7
0.719784;-1.72133;1.86576;-0.00723946;-0.414791;0.7;0.7
0.769548;-1.81868;1.97479;-0.00423019;-0.242372;0.7;0.7
0.724801;-1.83846;1.97618;0.0247567;1.41845;0.7;0.7
0.742186;-1.86396;2.00629;-0.00339964;-0.194785;0.7;0.7
0.806478;-1.83093;2.00068;-0.0359704;-2.06095;0.7;0.7
0.751208;-2.04057;2.17445;0.0621637;3.56172;0.7;0.7
0.621279;-2.00566;2.09968;0.0523499;2.99943;0.7;0.7
0.645425;-1.90491;2.01128;-0.0262926;-1.50645;0.7;0.7
0.52876;-1.94866;2.01913;0.0617174;3.53615;0.7;0.7
0.550391;-1.99542;2.06994;-0.0041699;-0.238918;0.7;0.7
0.480959;-1.87634;1.937;0.0182087;1.04328;0.7;0.7
0.508768;-1.94856;2.01389;-0.00447127;-0.256185;0.7;0.7
0.492007;-1.98473;2.0448;0.0123994;0.710436;0.7;0.7
0.378933;-2.06585;2.10032;0.0615873;3.52869;0.7;0.7
0.449773;-2.05887;2.10743;-0.0336664;-1.92894;0.7;0.7
0.363093;-1.96966;2.00285;0.0327807;1.8782;0.7;0.7
0.413509;-1.85862;1.90407;-0.0366197;-2.09815;0.7;0.7
0.324987;-1.94758;1.97451;0.0535726;3.06948;0.7;0.7
0.345799;-1.97576;2.00579;-0.00792255;-0.453928;0.7;0.7
0.276583;-1.91309;1.93298;0.0296865;1.70091;0.7;0.7
0.333766;-1.93749;1.96603;-0.0270133;-1.54775;0.7;0.7
0.328461;-1.98082;2.00787;0.00626712;0.35908;0.7;0.7
0.372836;-1.94517;1.98058;-0.0250504;-1.43528;0.7;0.7
0.301952;-1.88764;1.91164;0.0307571;1.76225;0.7;0.7
0.0339616;-1.72951;1.72984;0.138985;7.96325;0.7;0.7
0.0401698;-2.03435;2.03475;-0.000109132;-0.00625279;0.7;0.7
0.0438894;-2.09882;2.09928;-0.00116518;-0.06676;0.7;0.7
-0.186339;-1.98179;1.99053;0.114659;6.56945;0.7;0.7
-0.242094;-2.0303;2.04469;0.0249299;1.42838;0.7;0.7
-0.103005;-1.7783;1.78128;-0.0608215;-3.48481;0.7;0.7
-0.0149312;-2.23535;2.2354;-0.0511791;-2.93235;0.7;0.7
-0.159895;-2.38213;2.38749;0.0603429;3.45739;0.7;0.7
-0.0288334;-1.89651;1.89673;-0.0518201;-2.96908;0.7;0.7
-0.0364233;-2.00291;2.00324;0.002981;0.170799;0.7;0.7
0.0188757;-1.998;1.99809;-0.0276302;-1.5831;0.7;0.7
-0.031472;-2.02004;2.02029;0.0250257;1.43386;0.7;0.7
0.204474;-1.95357;1.96424;-0.119866;-6.86781;0.7;0.7
0.320405;-1.76905;1.79783;-0.0748874;-4.29073;0.7;0.7
0.369198;-1.97405;2.00827;-0.00571524;-0.327459;0.7;0.7
0.354113;-1.94062;1.97267;0.00440175;0.252202;0.7;0.7
0.392755;-1.95703;1.99605;-0.0175701;-1.00669;0.7;0.7
0.422811;-1.81945;1.86793;-0.0302728;-1.7345;0.7;0.7
0.451421;-1.83466;1.88938;-0.0129283;-0.740737;0.7;0.7
0.431384;-2.01141;2.05715;0.0299914;1.71838;0.7;0.7
0.393813;-2.10219;2.13876;0.0260803;1.49429;0.7;0.7
0.411267;-2.12398;2.16343;-0.00607517;-0.348081;0.7;0.7
0.412436;-2.03131;2.07275;-0.00905385;-0.518748;0.7;0.7
0.294147;-1.88591;1.90871;0.0455921;2.61224;0.7;0.7
0.188424;-2.11735;2.12571;0.0659679;3.77968;0.7;0.7
0.251241;-1.91453;1.93095;-0.0417262;-2.39074;0.7;0.7
0.399673;-2.00869;2.04806;-0.0659245;-3.77719;0.7;0.7
0.265903;-2.22528;2.24111;0.0774793;4.43924;0.7;0.7
-0.00162741;-2.02633;2.02633;0.119731;6.86009;0.7;0.7
-0.0125564;-2.02408;2.02412;0.0054003;0.309414;0.7;0.7
-0.00746726;-2.00296;2.00298;-0.00247534;-0.141826;0.7;0.7
0.236319;-2.14204;2.15503;-0.113608;-6.50928;0.7;0.7
0.14464;-1.85651;1.86214;0.0321279;1.84079;0.7;0.7
0.161222;-2.00456;2.01104;-0.0025023;-0.143371;0.7;0.7
0.452712;-1.96781;2.01921;-0.14587;-8.35775;0.7;0.7
0.637854;-1.95094;2.05257;-0.0898666;-5.14898;0.7;0.7
0.608987;-1.88225;1.97831;0.00307856;0.176389;0.7;0.7
0.571306;-1.89933;1.98339;0.020728;1.18762;0.7;0.7
0.778272;-1.91862;2.07046;-0.0931747;-5.33852;0.7;0.7
0.781533;-1.69811;1.86932;-0.0459754;-2.6342;0.7;0.7
0.782052;-1.9903;2.13844;0.0569377;3.26229;0.7;0.7
0.728421;-1.80578;1.94716;-0.00902199;-0.516922;0.7;0.7
0.714966;-1.85856;1.99134;0.0161818;0.927151;0.7;0.7
0.682093;-1.77154;1.89832;-0.000295704;-0.0169426;0.7;0.7
0.712076;-1.912;2.0403;0.011023;0.631572;0.7;0.7
0.712314;-1.57769;1.73104;-0.0675829;-3.87222;0.7;0.7
0.965731;-1.70745;1.96163;-0.0906476;-5.19373;0.7;0.7
0.682374;-1.55565;1.69873;0.101373;5.80826;0.7;0.7
0.9871;-1.91327;2.1529;-0.0629364;-3.60599;0.7;0.7
0.964898;-1.47461;1.76224;-0.103117;-5.90818;0.7;0.7
1.22601;-1.55573;1.98076;-0.0879974;-5.04188;0.7;0.7
1.17062;-1.46904;1.87841;-0.00540334;-0.309589;0.7;0.7
1.23992;-1.56511;1.99675;0.00283869;0.162645;0.7;0.7
1.18184;-1.66648;2.04301;0.0531222;3.04368;0.7;0.7
1.16594;-1.62291;1.99831;-0.00612371;-0.350862;0.7;0.7
1.04406;-1.63474;1.9397;0.0546143;3.12917;0.7;0.7
1.07277;-1.601;1.92718;-0.0219806;-1.25939;0.7;0.7
1.19292;-1.57426;1.97518;-0.0581036;-3.32909;0.7;0.7
1.21301;-1.61773;2.02199;0.00506707;0.290322;0.7;0.7
1.23055;-1.6355;2.04673;-0.00164766;-0.0944037;0.7;0.7
1.17897;-1.73406;2.09689;0.0479314;2.74627;0.7;0.7
0.932642;-1.68406;1.92507;0.0913434;5.23359;0.7;0.7
0.954908;-1.73862;1.9836;0.00350652;0.200909;0.7;0.7
0.810727;-1.58819;1.78315;0.0302643;1.73402;0.7;0.7
0.915468;-1.82688;2.04342;0.00745349;0.427054;0.7;0.7
0.913451;-1.78178;2.00228;-0.00918944;-0.526516;0.7;0.7
0.871446;-1.76568;1.96902;0.015253;0.873935;0.7;0.7
0.844025;-1.8026;1.99041;0.0205647;1.17827;0.7;0.7
0.89203;-1.88195;2.08266;-0.00471739;-0.270286;0.7;0.7
0.845119;-1.73287;1.92797;-0.0111326;-0.637852;0.7;0.7
0.7559;-1.88559;2.03146;0.0724899;4.15337;0.7;0.7
0.794336;-1.75751;1.92868;-0.0432198;-2.47631;0.7;0.7
0.834184;-1.80792;1.99109;-0.00781138;-0.447559;0.7;0.7
1.02154;-1.7507;2.02694;-0.0959022;-5.49479;0.7;0.7
1.2123;-1.61052;2.01581;-0.11705;-6.70649;0.7;0.7
1.07282;-1.23977;1.6395;-0.0680806;-3.90073;0.7;0.7
1.30105;-1.3141;1.84921;-0.0670779;-3.84328;0.7;0.7
1.498;-1.47478;2.10214;-0.0127965;-0.733185;0.7;0.7
1.47592;-1.29159;1.96126;-0.0586976;-3.36313;0.7;0.7
1.47123;-1.40643;2.03533;0.0439914;2.52052;0.7;0.7
1.51303;-1.24622;1.96019;-0.0738821;-4.23313;0.7;0.7
1.39441;-1.19756;1.83808;0.0205957;1.18005;0.7;0.7
1.47047;-1.0614;1.81352;-0.0843837;-4.83483;0.7;0.7
1.63379;-1.16244;2.00513;-0.00681102;-0.390242;0.7;0.7
1.56462;-1.26107;2.00956;0.0599819;3.43671;0.7;0.7
1.70059;-1.28793;2.13326;-0.0302011;-1.7304;0.7;0.7
1.58883;-1.20261;1.99265;-0.000270332;-0.0154889;0.7;0.7
1.86841;-1.35133;2.30587;-0.0217514;-1.24626;0.7;0.7
1.85385;-1.43594;2.34493;0.0328817;1.88398;0.7;0.7
1.60213;-1.19135;1.99653;-0.0196501;-1.12587;0.7;0.7
1.63254;-1.09422;1.96532;-0.0489078;-2.80221;0.7;0.7
1.66127;-1.11394;2.00017;0.000192826;0.0110481;0.7;0.7
1.38306;-0.919888;1.66104;-0.00375511;-0.215152;0.7;0.7
1.6279;-1.08324;1.95537;0.000217961;0.0124882;0.7;0.7
1.71662;-1.08436;2.03043;-0.023749;-1.36072;0.7;0.7
1.764;-1.20347;2.13543;0.0353145;2.02337;0.7;0.7
1.68918;-1.12852;2.03147;-0.00971959;-0.556892;0.7;0.7
1.71208;-0.944282;1.95522;-0.0849613;-4.86792;0.7;0.7
1.77805;-0.882756;1.98513;-0.043204;-2.4754;0.7;0.7
1.8527;-1.03561;2.1225;0.0488841;2.80086;0.7;0.7
1.86173;-0.921825;2.07745;-0.0499512;-2.86199;0.7;0.7
1.6709;-0.873396;1.8854;0.0218945;1.25446;0.7;0.7
1.81749;-0.973497;2.06178;0.0100926;0.578263;0.7;0.7
1.78662;-0.808611;1.96109;-0.0667353;-3.82365;0.7;0.7
1.83534;-0.72134;1.972;-0.0505245;-2.89484;0.7;0.7
1.85681;-0.746154;2.00112;0.00761546;0.436334;0.7;0.7
1.6978;-0.656497;1.82031;-0.0131313;-0.752368;0.7;0.7
1.89152;-0.645624;1.99867;-0.0400397;-2.2941;0.7;0.7
1.93644;-0.671954;2.04971;0.00507705;0.290893;0.7;0.7
1.7917;-0.641412;1.90305;0.00977232;0.559912;0.7;0.7
1.89351;-0.621453;1.99288;-0.0266511;-1.527;0.7;0.7
1.90187;-0.637245;2.00579;0.00618078;0.354132;0.7;0.7
1.9502;-0.581153;2.03495;-0.0336874;-1.93015;0.7;0.7
2.15808;-0.591161;2.23758;-0.0222479;-1.27471;0.7;0.7
1.90042;-0.636213;2.00409;0.0556766;3.19003;0.7;0.7
1.85232;-0.528646;1.92628;-0.0450412;-2.58067;0.7;0.7
1.91688;-0.469308;1.9735;-0.0379;-2.17151;0.7;0.7
2.02704;-0.518243;2.09224;0.0101969;0.58424;0.7;0.7
1.97144;-0.469744;2.02663;-0.0163895;-0.939049;0.7;0.7
1.95395;-0.422314;1.99907;-0.0210545;-1.20633;0.7;0.7
1.98843;-0.412898;2.03085;-0.00811838;-0.465149;0.7;0.7
2.15836;-0.432514;2.20127;-0.00696953;-0.399324;0.7;0.7
2.0429;-0.294251;2.06398;-0.0547185;-3.13514;0.7;0.7
1.89982;-0.211461;1.91155;-0.0322022;-1.84505;0.7;0.7
2.00131;-0.000173157;2.00131;-0.110764;-6.34628;0.7;0.7
2.03364;-0.260698;2.05028;0.127411;7.30013;0.7;0.7
1.96375;-0.255513;1.9803;0.00189014;0.108297;0.7;0.7
1.82769;-0.21272;1.84003;-0.013522;-0.774752;0.7;0.7
2.01635;-0.409273;2.05747;0.0843905;4.83522;0.7;0.7
2.02942;-0.441349;2.07686;0.0138841;0.795501;0.7;0.7
1.92324;-0.391931;1.96277;-0.013107;-0.750974;0.7;0.7
1.96711;-0.138857;1.972;-0.130561;-7.4806;0.7;0.7
2.13829;-0.170822;2.1451;0.00924522;0.529712;0.7;0.7
1.93494;-0.224466;1.94792;0.0357726;2.04962;0.7;0.7
1.91109;-0.189157;1.92042;-0.016833;-0.96446;0.7;0.7
1.97938;-0.192032;1.98868;-0.00194392;-0.111378;0.7;0.7
1.94825;-0.159249;1.95475;-0.0151555;-0.868347;0.7;0.7
2.12141;-0.1729;2.12844;-0.00023553;-0.0134949;0.7;0.7
2.02657;-0.153577;2.03238;-0.00568517;-0.325736;0.7;0.7
1.94462;-0.0441672;1.94512;-0.0529287;-3.03259;0.7;0.7
2.14094;0.0885983;2.14277;-0.064068;-3.67082;0.7;0.7
2.02906;0.12869;2.03313;-0.0219795;-1.25933;0.7;0.7
1.9912;0.119823;1.99481;0.00323496;0.18535;0.7;0.7
1.98251;0.105318;1.9853;0.00702996;0.402787;0.7;0.7
1.85849;0.225707;1.87215;-0.0677802;-3.88352;0.7;0.7
2.03505;0.322078;2.06038;-0.0361098;-2.06894;0.7;0.7
2.13788;0.377623;2.17097;-0.0178673;-1.02372;0.7;0.7
1.90479;0.365951;1.93962;-0.0149775;-0.85815;0.7;0.7
1.9683;0.390011;2.00656;-0.00580398;-0.332543;0.7;0.7
1.89411;0.291914;1.91647;0.0426995;2.4465;0.7;0.7
1.97002;0.331626;1.99773;-0.01386;-0.794118;0.7;0.7
1.96397;0.32638;1.99091;0.00209449;0.120006;0.7;0.7
1.91689;0.315991;1.94276;0.00130215;0.0746076;0.7;0.7
1.96869;0.327455;1.99574;-0.00144605;-0.0828526;0.7;0.7
2.04778;0.128782;2.05183;0.102017;5.84513;0.7;0.7
1.98435;0.12616;1.98836;-0.000686211;-0.039317;0.7;0.7
2.0763;0.0850207;2.07804;0.0225667;1.29298;0.7;0.7
1.99563;0.0657425;1.99671;0.00799396;0.45802;0.7;0.7
1.92193;0.102026;1.92464;-0.0201042;-1.15188;0.7;0.7
1.84415;0.113509;1.84764;-0.00843792;-0.483457;0.7;0.7
1.96225;0.167363;1.96938;-0.0236119;-1.35286;0.7;0.7
1.95852;0.157045;1.96481;0.00507092;0.290542;0.7;0.7
1.95597;0.161205;1.9626;-0.00221686;-0.127017;0.7;0.7
1.99307;0.165239;1.99991;-0.000486564;-0.0278781;0.7;0.7
1.98687;0.00768866;1.98688;0.0788481;4.51766;0.7;0.7
2.1031;0.101151;2.10553;-0.0441895;-2.53187;0.7;0.7
2.06848;0.210939;2.07921;-0.0535673;-3.06918;0.7;0.7
2.1089;0.373333;2.14169;-0.0735854;-4.21613;0.7;0.7
2.0823;0.564636;2.1575;-0.0895801;-5.13256;0.7;0.7
1.96203;0.495347;2.02359;0.0174929;1.00227;0.7;0.7
1.92928;0.490417;1.99063;-0.00162592;-0.0931582;0.7;0.7
1.98296;0.499001;2.04478;0.00239961;0.137488;0.7;0.7
2.08965;0.261045;2.1059;0.122247;7.00422;0.7;0.7
1.96993;0.166301;1.97694;0.0400589;2.29521;0.7;0.7
2.05402;0.19594;2.06334;-0.010886;-0.623722;0.7;0.7
1.90391;0.208043;1.91524;-0.0137336;-0.786878;0.7;0.7
1.91727;0.240351;1.93227;-0.0158712;-0.909354;0.7;0.7
1.95727;0.27189;1.97606;-0.0133194;-0.763144;0.7;0.7
1.98271;0.323977;2.00901;-0.0239394;-1.37163;0.7;0.7
2.21449;0.272136;2.23115;0.0396941;2.2743;0.7;0.7
1.87292;0.180463;1.88159;0.0262178;1.50217;0.7;0.7
2.02943;0.344739;2.0585;-0.0722061;-4.13711;0.7;0.7
1.87994;0.208529;1.89147;0.0577917;3.31122;0.7;0.7
1.98774;0.220577;1.99995;-4.45891e-05;-0.00255477;0.7;0.7
2.0831;0.215378;2.09421;0.0074897;0.429128;0.7;0.7
2.0644;0.322633;2.08946;-0.0520032;-2.97956;0.7;0.7
2.15181;0.209311;2.16197;0.0580632;3.32678;0.7;0.7
1.87858;0.00783228;1.87859;0.0927975;5.31691;0.7;0.7
2.13448;-0.0554348;2.1352;0.0301345;1.72658;0.7;0.7
1.9571;-0.0198226;1.9572;-0.0158371;-0.907398;0.7;0.7
2.00318;0.00567135;2.00319;-0.0129594;-0.742517;0.7;0.7
2.07465;0.00927054;2.07467;-0.0016373;-0.0938102;0.7;0.7
1.97441;0.0235902;1.97455;-0.00747897;-0.428513;0.7;0.7
2.05184;-0.0384466;2.0522;0.0306828;1.758;0.7;0.7
1.95561;-0.0611083;1.95656;0.0125022;0.716322;0.7;0.7
2.00293;-0.0565197;2.00373;-0.00302664;-0.173413;0.7;0.7
2.05584;-0.111526;2.05886;0.0259845;1.4888;0.7;0.7
1.71922;-0.378277;1.76034;0.162382;9.3038;0.7;0.7
2.0677;-0.301254;2.08953;-0.0719;-4.11957;0.7;0.7
2.2586;-0.276278;2.27543;-0.0229594;-1.31548;0.7;0.7
1.79841;-0.216615;1.81141;-0.00184735;-0.105846;0.7;0.7
1.62812;-0.32597;1.66043;0.0777292;4.45355;0.7;0.7
1.85459;-0.301668;1.87896;-0.0363516;-2.08279;0.7;0.7
2.00493;-0.345614;2.0345;0.00945586;0.541781;0.7;0.7
1.94929;-0.350548;1.98055;0.0072282;0.414145;0.7;0.7
1.86038;-0.42502;1.90832;0.0466712;2.67406;0.7;0.7
2.09921;-0.579161;2.17763;0.0445948;2.55509;0.7;0.7
1.9635;-0.483638;2.02219;-0.0276914;-1.5866;0.7;0.7
2.01961;-0.442512;2.06752;-0.0258083;-1.4787;0.7;0.7
1.98902;-0.42487;2.03389;-0.00525359;-0.301009;0.7;0.7
1.75905;-0.376664;1.79892;0.000498969;0.0285888;0.7;0.7
1.95258;-0.385881;1.99035;-0.0158325;-0.907134;0.7;0.7
1.92759;-0.337651;1.95694;-0.0217035;-1.24352;0.7;0.7
2.09939;-0.394157;2.13607;0.0121801;0.697867;0.7;0.7
1.94965;-0.266016;1.96771;-0.0499824;-2.86378;0.7;0.7
2.0977;-0.248311;2.11234;-0.0177809;-1.01877;0.7;0.7
2.07132;-0.0745436;2.07266;-0.0818518;-4.68976;0.7;0.7
1.76443;-0.0294625;1.76468;-0.0192765;-1.10446;0.7;0.7
2.02942;0.031232;2.02966;-0.0320848;-1.83832;0.7;0.7
1.6051;0.193627;1.61674;-0.104664;-5.99679;0.7;0.7
1.74815;0.21147;1.76089;-0.000330979;-0.0189637;0.7;0.7
1.99634;0.241817;2.01093;-0.000159956;-0.0091648;0.7;0.7
1.95057;0.212983;1.96216;0.011784;0.675171;0.7;0.7
1.74005;0.223585;1.75435;-0.0190345;-1.0906;0.7;0.7
1.96599;0.307365;1.98987;-0.0272922;-1.56373;0.7;0.7
1.91735;0.314704;1.94301;-0.0075986;-0.435368;0.7;0.7
1.79872;0.456838;1.85582;-0.0860367;-4.92954;0.7;0.7
2.12296;0.494638;2.17982;0.0198098;1.13502;0.7;0.7
1.93422;0.463304;1.98893;-0.00618981;-0.35465;0.7;0.7
2.0247;0.377303;2.05955;0.050864;2.91429;0.7;0.7
2.05346;0.308692;2.07653;0.0350266;2.00688;0.7;0.7
2.17423;0.458956;2.22214;-0.058825;-3.37042;0.7;0.7
2.0126;0.302023;2.03514;0.0590805;3.38507;0.7;0.7
2.04087;0.298181;2.06254;0.00387627;0.222094;0.7;0.7
1.97869;0.230926;1.99212;0.0288978;1.65572;0.7;0.7
2.00087;0.0121652;2.00091;0.110101;6.30831;0.7;0.7
1.93329;0.0555955;1.93409;-0.0226691;-1.29884;0.7;0.7
1.96919;0.0236846;1.96933;0.016722;0.958098;0.7;0.7
1.98958;0.0343475;1.98987;-0.00523496;-0.299941;0.7;0.7
1.92054;0.267962;1.93914;-0.121368;-6.95386;0.7;0.7
2.00441;0.285859;2.02469;-0.00302972;-0.17359;0.7;0.7
1.99729;0.162616;2.0039;0.0604203;3.46183;0.7;0.7
1.96404;0.252832;1.98025;-0.0467868;-2.68069;0.7;0.7
1.83719;0.160262;1.84417;0.0410141;2.34993;0.7;0.7
2.09054;0.213749;2.10144;-0.0148798;-0.852548;0.7;0.7
1.86125;0.198318;1.87179;-0.00425826;-0.24398;0.7;0.7
2.2249;0.153837;2.23021;0.0371165;2.12662;0.7;0.7
1.99673;0.166114;2.00362;-0.0139686;-0.800342;0.7;0.7
2.01591;0.0644315;2.01694;0.0510516;2.92504;0.7;0.7
1.90763;-0.262286;1.92557;0.168587;9.65934;0.7;0.7
2.07051;-0.0279936;2.0707;-0.123117;-7.05411;0.7;0.7
2.02972;-0.0304595;2.02995;0.00148631;0.0851592;0.7;0.7
1.9949;-0.0424645;1.99536;0.00627762;0.359681;0.7;0.7
2.20269;-0.0706522;2.20382;0.0107811;0.617714;0.7;0.7
1.97373;-0.0736431;1.9751;0.00523001;0.299657;0.7;0.7
2.16185;-0.109008;2.1646;0.0130862;0.749781;0.7;0.7
1.86744;-0.0626277;1.86849;-0.0168565;-0.965804;0.7;0.7
2.10926;-0.123309;2.11286;0.0248701;1.42495;0.7;0.7
2.00904;-0.15659;2.01513;0.0193914;1.11105;0.7;0.7
1.98231;-0.0892333;1.98431;-0.0328011;-1.87936;0.7;0.7
1.94378;-0.0985892;1.94628;0.00569245;0.326153;0.7;0.7
2.09655;0.0724584;2.0978;-0.085224;-4.88297;0.7;0.7
1.94979;0.082674;1.95154;-0.00782909;-0.448574;0.7;0.7
2.00239;0.0840966;2.00415;0.000402656;0.0230705;0.7;0.7
2.01111;0.0750915;2.01251;0.00465245;0.266566;0.7;0.7
1.93834;0.261976;1.95597;-0.0970195;-5.55881;0.7;0.7
1.9795;0.246409;1.99478;0.0104971;0.601441;0.7;0.7
1.97452;0.249692;1.99025;-0.00194603;-0.111499;0.7;0.7
2.02776;0.35614;2.05879;-0.04807;-2.75421;0.7;0.7
1.94779;0.349691;1.97893;-0.00378011;-0.216584;0.7;0.7
1.91699;0.227076;1.93039;0.0597343;3.42252;0.7;0.7
2.08088;0.352272;2.11049;-0.0497945;-2.85301;0.7;0.7
1.98191;0.306671;2.0055;0.0141824;0.812591;0.7;0.7
2.0336;0.264034;2.05067;0.0244037;1.39823;0.7;0.7
1.97586;0.259074;1.99277;-0.00126231;-0.0723249;0.7;0.7
1.78526;0.0673159;1.78653;0.0926874;5.3106;0.7;0.7
2.14258;0.163502;2.14881;-0.0384748;-2.20444;0.7;0.7
2.09073;0.0752859;2.09208;0.0401695;2.30154;0.7;0.7
2.09596;0.0846518;2.09766;-0.00437233;-0.250516;0.7;0.7
1.94332;0.145138;1.94873;-0.0341811;-1.95843;0.7;0.7
1.98845;0.151099;1.99419;-0.00129522;-0.0742105;0.7;0.7
2.07445;0.119291;2.07788;0.0184012;1.05431;0.7;0.7
1.99343;0.148516;1.99896;-0.0169239;-0.969669;0.7;0.7
1.90209;-0.105366;1.90501;0.129704;7.43146;0.7;0.7
1.99994;-0.110717;2.00301;-3.47408e-05;-0.0019905;0.7;0.7
1.98337;-0.081247;1.98503;-0.0143622;-0.822895;0.7;0.7
1.91167;-0.112415;1.91498;0.0177956;1.01961;0.7;0.7
1.81027;-0.0755382;1.81185;-0.0170334;-0.975943;0.7;0.7
1.95165;0.051961;1.95234;-0.0683212;-3.91452;0.7;0.7
1.99557;-0.0486054;1.99616;0.0509697;2.92035;0.7;0.7
2.02248;-0.0834624;2.0242;0.0168922;0.967849;0.7;0.7
2.02876;-0.0861561;2.03059;0.00119791;0.0686353;0.7;0.7
2.13734;-0.283943;2.15612;0.0896332;5.13561;0.7;0.7
2.04514;-0.301467;2.06724;0.0142775;0.818043;0.7;0.7
1.92674;-0.190653;1.93615;-0.0477225;-2.7343;0.7;0.7
2.19862;-0.355522;2.22718;0.0616849;3.53428;0.7;0.7
2.29685;-0.273084;2.31303;-0.0419755;-2.40502;0.7;0.7
1.98455;-0.366731;2.01815;0.0643919;3.68938;0.7;0.7
1.83384;-0.311748;1.86015;-0.0143439;-0.821842;0.7;0.7
2.08422;-0.251152;2.0993;-0.048464;-2.77679;0.7;0.7
1.99286;-0.201417;2.00301;-0.019196;-1.09985;0.7;0.7
1.92672;-0.141733;1.93193;-0.0272979;-1.56406;0.7;0.7
1.92528;-0.158566;1.93179;0.0087454;0.501074;0.7;0.7
1.98628;-0.173872;1.99387;0.00513906;0.294447;0.7;0.7
1.96854;-0.180812;1.97683;0.00428012;0.245233;0.7;0.7
1.97838;-0.231665;1.9919;0.0249734;1.43087;0.7;0.7
1.99075;-0.242615;2.00548;0.00470596;0.269632;0.7;0.7
2.06738;-0.306666;2.09;0.0259881;1.48901;0.7;0.7
1.7176;-0.434589;1.77173;0.100559;5.76158;0.7;0.7
2.13013;-0.447672;2.17666;-0.040673;-2.33039;0.7;0.7
1.90476;-0.385899;1.94346;-0.00725577;-0.415725;0.7;0.7
1.96866;-0.544665;2.04262;0.0700244;4.0121;0.7;0.7
2.08259;-0.466627;2.13423;-0.0494954;-2.83588;0.7;0.7
1.91215;-0.222054;1.925;-0.104811;-6.0052;0.7;0.7
2.0031;-0.257069;2.01953;0.0120282;0.689167;0.7;0.7
1.98726;-0.411005;2.02932;0.0763063;4.37203;0.7;0.7
1.98605;-0.405244;2.02697;-0.00266247;-0.152548;0.7;0.7
1.92924;-0.382334;1.96677;-0.00563869;-0.323073;0.7;0.7
1.91472;-0.306145;1.93904;-0.0370946;-2.12537;0.7;0.7
2.09399;-0.287186;2.11359;-0.0222508;-1.27488;0.7;0.7
2.01787;-0.0751611;2.01927;-0.099067;-5.67612;0.7;0.7
1.95035;-0.471368;2.0065;0.199906;11.4538;0.7;0.7
1.83499;-0.559222;1.91831;0.0586767;3.36193;0.7;0.7
1.88448;-0.613354;1.98179;0.0188493;1.07999;0.7;0.7
1.94946;-0.581783;2.03442;-0.0246434;-1.41196;0.7;0.7
1.88085;-0.60039;1.97436;0.0189685;1.08682;0.7;0.7
1.93929;-0.517;2.00702;-0.0484541;-2.77621;0.7;0.7
1.95078;-0.461709;2.00467;-0.0281303;-1.61175;0.7;0.7
1.94504;-0.479351;2.00324;0.00922917;0.528792;0.7;0.7
1.90897;-0.45377;1.96216;-0.0082595;-0.473235;0.7;0.7
1.85199;-0.555879;1.93361;0.058224;3.33599;0.7;0.7
1.78435;-0.560256;1.87024;0.0126385;0.724135;0.7;0.7
1.81305;-0.855736;2.00485;0.136752;7.83532;0.7;0.7
1.74804;-0.956635;1.99269;0.0597503;3.42344;0.7;0.7
1.74501;-0.983809;2.00324;0.0126254;0.723382;0.7;0.7
1.75393;-0.975053;2.00674;-0.00598365;-0.342838;0.7;0.7
1.7734;-0.962462;2.01774;-0.0101417;-0.581079;0.7;0.7
1.81284;-0.978099;2.05987;-0.00246163;-0.141041;0.7;0.7
1.62939;-0.977606;1.90016;0.0456308;2.61445;0.7;0.7
1.56676;-0.962465;1.83877;0.0104633;0.599503;0.7;0.7
1.80538;-0.955136;2.04247;-0.0642529;-3.68142;0.7;0.7
1.70711;-0.932746;1.94531;0.0134487;0.770553;0.7;0.7
1.68969;-0.952482;1.93965;0.0132371;0.758429;0.7;0.7
1.63043;-0.850397;1.83888;-0.0325411;-1.86447;0.7;0.7
1.77363;-0.919829;1.99796;-0.00233507;-0.13379;0.7;0.7
1.72557;-0.978478;1.98369;0.0374086;2.14335;0.7;0.7
1.8941;-1.10706;2.1939;0.0130905;0.750029;0.7;0.7
1.87169;-1.13084;2.18679;0.0145632;0.834411;0.7;0.7
1.73144;-0.932897;1.96677;-0.0492873;-2.82395;0.7;0.7
1.76033;-0.970532;2.01015;0.00966478;0.553751;0.7;0.7
1.6329;-0.994192;1.91175;0.0430338;2.46566;0.7;0.7
1.85363;-1.0435;2.12717;-0.0341726;-1.95795;0.7;0.7
1.7156;-0.986943;1.97922;0.00931477;0.533697;0.7;0.7
1.83417;-0.997441;2.08784;-0.0239653;-1.37311;0.7;0.7
1.7437;-0.753653;1.8996;-0.0901119;-5.16303;0.7;0.7
1.76149;-0.612413;1.86491;-0.07337;-4.20379;0.7;0.7
1.93298;-0.836404;2.10618;0.0737798;4.22727;0.7;0.7
1.83897;-0.794681;2.00333;-0.000477884;-0.0273807;0.7;0.7
1.77107;-0.766698;1.9299;0.000645619;0.0369913;0.7;0.7
1.9511;-0.833136;2.12153;-0.00497269;-0.284914;0.7;0.7
1.83833;-0.76466;1.99102;-0.00938683;-0.537826;0.7;0.7
1.8305;-0.798651;1.99714;0.0172205;0.98666;0.7;0.7
1.84813;-0.817437;2.02084;0.00503266;0.28835;0.7;0.7
1.8244;-0.802671;1.99317;-0.00195972;-0.112283;0.7;0.7
1.64228;-0.850548;1.84947;0.063392;3.63209;0.7;0.7
1.73846;-0.811184;1.9184;-0.0412887;-2.36567;0.7;0.7
1.84246;-0.769974;1.99688;-0.0407343;-2.3339;0.7;0.7
1.9421;-0.977042;2.17402;0.0702667;4.02599;0.7;0.7
1.78151;-0.872114;1.98352;-0.0108707;-0.622844;0.7;0.7
1.59853;-0.884449;1.8269;0.0501218;2.87177;0.7;0.7
1.65508;-0.921336;1.89425;0.00258573;0.148151;0.7;0.7
1.83938;-1.18793;2.18963;0.0654914;3.75238;0.7;0.7
1.74354;-1.16349;2.09611;0.0150102;0.860022;0.7;0.7
1.71202;-1.11786;2.04466;-0.010008;-0.573414;0.7;0.7
1.60423;-1.0872;1.93792;0.0171642;0.983437;0.7;0.7
1.73417;-1.18208;2.09872;0.00269023;0.154139;0.7;0.7
1.66995;-1.15782;2.03206;0.0079341;0.45459;0.7;0.7
1.56675;-0.984353;1.85031;-0.0452785;-2.59427;0.7;0.7
1.6284;-0.948206;1.88435;-0.0336544;-1.92825;0.7;0.7
1.62002;-0.776378;1.79645;-0.0803964;-4.60637;0.7;0.7
1.86316;-0.890044;2.06484;-0.00124936;-0.0715832;0.7;0.7
1.66537;-0.910303;1.89793;0.0545801;3.12721;0.7;0.7
1.71132;-0.842817;1.9076;-0.0426069;-2.44119;0.7;0.7
1.87287;-0.928584;2.09043;0.00266256;0.152553;0.7;0.7
1.82658;-0.993682;2.07937;0.0379464;2.17417;0.7;0.7
1.81584;-0.842861;2.00192;-0.0636593;-3.64741;0.7;0.7
1.78218;-0.8018;1.95424;-0.0118074;-0.676515;0.7;0.7
1.82787;-1.0311;2.09864;0.0908365;5.20455;0.7;0.7
1.78544;-1.00952;2.05108;0.000997497;0.0571524;0.7;0.7
1.65547;-0.936609;1.90206;0.000264667;0.0151643;0.7;0.7
