#1 AntVel X	#2 AntVel Y	#3 Speed	#4 Turning Angle Rad		#5 Turning Angle Deg	#6 Detected Phero Left	#7 Detected Phero Right	
1.87722;0.515132;1.94662;-0.0107862;-0.618006;0.7;0.7
2.00498;0.795661;2.15709;-0.109962;-6.30034;0.7;0.7
1.84333;0.726083;1.98118;0.00254617;0.145885;0.7;0.7
1.88147;0.814396;2.05016;-0.033267;-1.90606;0.7;0.7
1.80137;0.888966;2.00878;-0.0499277;-2.86065;0.7;0.7
1.90789;0.870375;2.09704;0.0304327;1.74367;0.7;0.7
1.9397;0.827971;2.10902;0.024556;1.40696;0.7;0.7
2.07736;0.664122;2.18094;0.0940147;5.38665;0.7;0.7
1.77878;0.667467;1.89988;-0.0495547;-2.83927;0.7;0.7
2.03815;0.774933;2.1805;-0.00435422;-0.249478;0.7;0.7
1.88346;0.685225;2.00424;0.0144093;0.825594;0.7;0.7
1.59536;0.83748;1.80181;-0.134481;-7.70522;0.7;0.7
1.66802;0.96826;1.92868;-0.0425399;-2.43736;0.7;0.7
1.74632;0.966414;1.99589;0.0204966;1.17437;0.7;0.7
1.75739;0.90118;1.97498;0.0316204;1.81172;0.7;0.7
1.80295;0.932529;2.02983;-0.00350297;-0.200705;0.7;0.7
1.85208;0.811284;2.02197;0.0644698;3.69385;0.7;0.7
1.7686;0.772704;1.93003;0.000955866;0.0547671;0.7;0.7
1.83222;0.801272;1.99977;-0.000355037;-0.0203421;0.7;0.7
1.83971;0.776823;1.997;0.0127211;0.728863;0.7;0.7
1.84591;0.75908;1.99589;0.00939763;0.538445;0.7;0.7
1.91788;0.774418;2.06833;0.00637548;0.365288;0.7;0.7
1.97433;0.965331;2.19769;-0.0709929;-4.06759;0.7;0.7
1.80544;0.930275;2.03102;-0.0210215;-1.20444;0.7;0.7
1.79309;0.950349;2.02937;-0.0115821;-0.663606;0.7;0.7
1.69285;0.941677;1.93713;-0.0202783;-1.16186;0.7;0.7
1.74663;0.900403;1.96506;0.0316655;1.8143;0.7;0.7
1.75836;0.962065;2.00435;-0.0246651;-1.41321;0.7;0.7
1.74306;0.904293;1.96367;0.0220707;1.26456;0.7;0.7
1.64795;0.740291;1.80659;0.0563659;3.22953;0.7;0.7
1.94064;0.859813;2.12258;0.00514034;0.29452;0.7;0.7
1.85426;0.704396;1.98354;0.0540227;3.09527;0.7;0.7
1.82583;0.88013;2.02689;-0.0861374;-4.93531;0.7;0.7
1.74331;0.736565;1.89253;0.0494213;2.83163;0.7;0.7
1.71114;0.817856;1.89654;-0.0461027;-2.64149;0.7;0.7
2.05344;0.608362;2.14166;0.157835;9.0433;0.7;0.7
1.8622;0.665707;1.97762;-0.0552999;-3.16845;0.7;0.7
1.8317;0.682791;1.95482;-0.0134819;-0.772457;0.7;0.7
1.96193;0.649946;2.06679;0.0369084;2.1147;0.7;0.7
1.9283;0.661464;2.03859;-0.0105528;-0.604631;0.7;0.7
1.88207;0.773421;2.03479;-0.0594501;-3.40624;0.7;0.7
1.86612;0.788197;2.02575;-0.00973996;-0.558058;0.7;0.7
1.85449;0.897786;2.06038;-0.0512166;-2.9345;0.7;0.7
1.81948;0.902932;2.0312;-0.00979151;-0.561012;0.7;0.7
1.82806;1.2727;2.22746;-0.147521;-8.45233;0.7;0.7
1.6497;1.143;2.00698;0.00225581;0.129248;0.7;0.7
1.64238;1.14856;2.00415;-0.00435818;-0.249705;0.7;0.7
1.56146;1.15493;1.94217;-0.0265665;-1.52215;0.7;0.7
1.5804;0.960491;1.84938;0.0907405;5.19905;0.7;0.7
1.77749;1.15918;2.12206;-0.0317831;-1.82104;0.7;0.7
1.68006;1.07202;1.99295;0.00992997;0.568946;0.7;0.7
1.56155;1.12978;1.92739;-0.0583708;-3.3444;0.7;0.7
1.72613;1.19384;2.09876;0.0212379;1.21684;0.7;0.7
1.63313;1.10621;1.97252;0.00972011;0.556921;0.7;0.7
1.67028;1.0735;1.98551;0.0241372;1.38296;0.7;0.7
1.63697;1.14358;1.99686;-0.0385538;-2.20897;0.7;0.7
1.63066;1.0047;1.91533;0.0575874;3.29951;0.7;0.7
1.72044;0.935641;1.95841;0.0540959;3.09947;0.7;0.7
1.99597;0.851389;2.16997;0.0949129;5.43811;0.7;0.7
1.97517;0.735916;2.10781;0.0465354;2.66628;0.7;0.7
1.70599;0.75277;1.86469;-0.0589027;-3.37487;0.7;0.7
1.70287;0.921133;1.93604;-0.0802993;-4.60081;0.7;0.7
1.75824;0.821887;1.94085;0.0585841;3.35662;0.7;0.7
1.77596;0.821486;1.95675;0.0040196;0.230306;0.7;0.7
1.60228;0.689036;1.74415;0.0271207;1.5539;0.7;0.7
1.82975;0.789135;1.99267;-0.00104937;-0.0601243;0.7;0.7
1.82081;0.568653;1.90754;0.104468;5.98555;0.7;0.7
1.87091;0.643958;1.97863;-0.0287839;-1.6492;0.7;0.7
1.897;0.64445;2.00348;0.00400592;0.229522;0.7;0.7
2.07212;0.470832;2.12494;0.104059;5.96216;0.7;0.7
1.94798;0.41125;1.99091;0.0153673;0.880483;0.7;0.7
1.86246;0.54063;1.93934;-0.0744517;-4.26577;0.7;0.7
2.10928;0.548816;2.17951;0.0279658;1.60232;0.7;0.7
2.01475;0.475299;2.07006;0.0228739;1.31058;0.7;0.7
1.8059;0.422339;1.85463;0.001936;0.110924;0.7;0.7
2.0225;0.362394;2.05471;0.0524383;3.00449;0.7;0.7
1.98284;0.294597;2.0046;0.0298047;1.70768;0.7;0.7
2.14883;0.349637;2.17709;-0.0138021;-0.7908;0.7;0.7
1.91203;0.342507;1.94246;-0.0159563;-0.914231;0.7;0.7
1.95706;0.365646;1.99092;-0.00745249;-0.426996;0.7;0.7
1.79192;0.391988;1.8343;-0.030655;-1.7564;0.7;0.7
1.93562;0.340097;1.96527;0.0414311;2.37383;0.7;0.7
1.88668;0.41774;1.93238;-0.0439702;-2.51931;0.7;0.7
1.99678;0.478675;2.05335;-0.0173843;-0.996046;0.7;0.7
1.9509;0.425268;1.99672;0.0206564;1.18352;0.7;0.7
1.96571;0.442352;2.01487;-0.00671906;-0.384974;0.7;0.7
1.96491;0.415023;2.00826;0.0131886;0.75565;0.7;0.7
1.87571;0.411551;1.92033;-0.00783051;-0.448655;0.7;0.7
1.70057;0.661525;1.8247;-0.155002;-8.88095;0.7;0.7
2.22996;0.778529;2.36196;0.035098;2.01097;0.7;0.7
1.90633;0.528242;1.97816;0.0655752;3.75718;0.7;0.7
1.81539;0.414387;1.86209;0.0458994;2.62984;0.7;0.7
2.05089;0.608617;2.13929;-0.0640618;-3.67047;0.7;0.7
2.04454;0.621726;2.13698;-0.00672635;-0.385392;0.7;0.7
1.89511;0.548266;1.97283;0.0135893;0.778611;0.7;0.7
1.83573;0.420107;1.88319;0.0566405;3.24526;0.7;0.7
1.89077;0.500496;1.95589;-0.0337943;-1.93627;0.7;0.7
2.05553;0.255015;2.07129;0.135338;7.7543;0.7;0.7
2.08136;0.345049;2.10976;-0.0408545;-2.34079;0.7;0.7
1.99071;0.319175;2.01614;0.00530807;0.30413;0.7;0.7
1.98473;0.312877;2.00924;0.00262353;0.150317;0.7;0.7
2.01997;0.469262;2.07376;-0.0719079;-4.12002;0.7;0.7
2.02295;0.536475;2.09287;-0.0309641;-1.77411;0.7;0.7
1.99459;0.408767;2.03605;0.0570888;3.27095;0.7;0.7
2.04706;0.584653;2.12891;-0.0760616;-4.35801;0.7;0.7
2.07466;0.682675;2.18409;-0.039694;-2.2743;0.7;0.7
1.81284;0.596377;1.90842;7.25864e-05;0.0041589;0.7;0.7
1.80399;0.823546;1.98308;-0.110435;-6.32747;0.7;0.7
1.93655;0.80032;2.09541;0.0363634;2.08347;0.7;0.7
1.88193;0.645056;1.98941;0.0616795;3.53398;0.7;0.7
1.85802;0.675606;1.97704;-0.0185396;-1.06224;0.7;0.7
1.79325;0.956779;2.03253;-0.141369;-8.09984;0.7;0.7
1.72835;1.10678;2.05235;-0.0794517;-4.55225;0.7;0.7
1.66769;1.12049;2.00915;-0.0220312;-1.26229;0.7;0.7
1.51362;1.31509;2.00512;-0.123722;-7.08877;0.7;0.7
1.4972;1.26236;1.95836;0.0148223;0.849256;0.7;0.7
1.53848;1.2291;1.96917;0.026432;1.51444;0.7;0.7
1.77433;1.03547;2.05438;0.145813;8.35445;0.7;0.7
1.93623;1.02917;2.19275;0.0397063;2.275;0.7;0.7
1.73088;0.916098;1.95836;0.0017673;0.101259;0.7;0.7
1.69368;0.902561;1.91916;-0.00283208;-0.162266;0.7;0.7
1.69429;0.912774;1.92452;-0.00453356;-0.259754;0.7;0.7
1.73983;0.824474;1.9253;0.0516165;2.95741;0.7;0.7
1.75296;0.651612;1.87016;0.086644;4.96433;0.7;0.7
1.88107;0.676681;1.99908;0.0105742;0.605858;0.7;0.7
1.86534;0.709345;1.99566;-0.0180714;-1.03541;0.7;0.7
1.9007;0.721079;2.03288;0.000788432;0.0451738;0.7;0.7
1.84616;0.727589;1.98437;-0.0128162;-0.734317;0.7;0.7
2.00721;0.686655;2.12141;0.045803;2.62432;0.7;0.7
1.86302;0.566648;1.94729;0.0343487;1.96804;0.7;0.7
1.99979;0.589259;2.0848;0.00871493;0.499329;0.7;0.7
1.84964;0.508937;1.91838;0.0180408;1.03366;0.7;0.7
1.86086;0.515196;1.93086;-0.00158419;-0.0907673;0.7;0.7
1.94412;0.574814;2.02731;-0.0173843;-0.996044;0.7;0.7
1.92869;0.139474;1.93372;0.215288;12.3351;0.7;0.7
1.99392;0.142615;1.99901;0.000786508;0.0450636;0.7;0.7
1.93674;0.0473731;1.93732;0.0469482;2.68993;0.7;0.7
1.99938;0.0479372;1.99996;0.00048394;0.0277277;0.7;0.7
2.12052;0.047632;2.12106;0.00151284;0.0866791;0.7;0.7
1.92146;0.0779865;1.92304;-0.0181062;-1.03741;0.7;0.7
2.09434;0.00291436;2.09435;0.0391732;2.24446;0.7;0.7
1.93671;-0.0991563;1.93925;0.0525452;3.01062;0.7;0.7
1.9225;-0.0486859;1.92312;-0.0258349;-1.48023;0.7;0.7
1.97042;-0.228257;1.9836;0.0900088;5.15712;0.7;0.7
1.94242;-0.28338;1.96299;0.0295403;1.69254;0.7;0.7
1.87475;-0.348376;1.90684;0.0388623;2.22664;0.7;0.7
1.97413;-0.354213;2.00565;-0.00619194;-0.354772;0.7;0.7
2.06567;-0.378151;2.1;0.00352158;0.201771;0.7;0.7
1.89564;-0.327464;1.92372;-0.0100021;-0.57308;0.7;0.7
1.97684;-0.348506;2.00732;0.00344371;0.19731;0.7;0.7
2.03425;-0.0872066;2.03612;-0.131658;-7.54348;0.7;0.7
1.9997;0.00344242;1.99971;-0.0445643;-2.55335;0.7;0.7
2.06946;-0.1325;2.0737;0.0656606;3.76208;0.7;0.7
1.94565;-0.0816408;1.94736;-0.022003;-1.26068;0.7;0.7
2.01118;-0.0900411;2.0132;0.00280423;0.160671;0.7;0.7
1.96854;-0.174861;1.9763;0.0438549;2.5127;0.7;0.7
2.18188;-0.0974222;2.18405;-0.0439743;-2.51954;0.7;0.7
2.04694;-0.118813;2.05039;0.0133582;0.765367;0.7;0.7
1.99187;-0.0396982;1.99227;-0.0380517;-2.1802;0.7;0.7
1.72468;-0.0878106;1.72691;0.0309428;1.77289;0.7;0.7
2.16523;0.0810011;2.16675;-0.0882626;-5.05708;0.7;0.7
1.95067;0.0910796;1.95279;-0.00926519;-0.530856;0.7;0.7
2.00354;-0.143255;2.00865;0.118037;6.76303;0.7;0.7
1.99828;-0.137381;2.003;-0.00273832;-0.156894;0.7;0.7
1.89934;-0.217068;1.91171;0.0451508;2.58695;0.7;0.7
1.96815;-0.0794966;1.96975;-0.0734225;-4.2068;0.7;0.7
1.99816;-0.081106;1.9998;0.000198443;0.01137;0.7;0.7
1.97701;-0.0439272;1.9775;-0.0183527;-1.05154;0.7;0.7
1.93643;0.116815;1.93995;-0.0824672;-4.72502;0.7;0.7
2.04354;0.124435;2.04732;-0.000565117;-0.0323788;0.7;0.7
2.07928;-0.0732842;2.08057;0.0960474;5.50311;0.7;0.7
1.91436;-0.1522;1.9204;0.0441075;2.52717;0.7;0.7
1.99492;-0.159951;2.00132;0.000670109;0.0383944;0.7;0.7
2.02497;-0.170203;2.03211;0.00384712;0.220424;0.7;0.7
2.06298;-0.226403;2.07537;0.0254527;1.45833;0.7;0.7
1.92701;-0.382855;1.96467;0.0868165;4.97422;0.7;0.7
1.91341;-0.421408;1.95926;0.020655;1.18344;0.7;0.7
1.93064;-0.275609;1.95021;-0.074982;-4.29615;0.7;0.7
1.89436;-0.416209;1.93954;0.074476;4.26716;0.7;0.7
1.99904;-0.419645;2.04261;-0.00935504;-0.536004;0.7;0.7
1.88858;-0.544108;1.9654;0.07359;4.2164;0.7;0.7
1.84041;-0.27284;1.86052;-0.13333;-7.63927;0.7;0.7
1.94619;-0.342178;1.97604;0.026863;1.53913;0.7;0.7
1.85864;-0.404623;1.90218;0.0403126;2.30974;0.7;0.7
1.86737;-0.30485;1.89209;-0.0525301;-3.00975;0.7;0.7
2.23009;-0.351407;2.25761;-0.00553336;-0.317038;0.7;0.7
2.11654;-0.303918;2.13824;-0.0136724;-0.783373;0.7;0.7
2.02241;-0.188987;2.03122;-0.0494419;-2.83281;0.7;0.7
2.14038;-0.219463;2.1516;0.00900233;0.515795;0.7;0.7
2.04121;-0.174454;2.04865;-0.0169192;-0.969399;0.7;0.7
2.04793;-0.269283;2.06555;0.0454818;2.60591;0.7;0.7
1.97612;-0.26208;1.99342;0.00111381;0.0638166;0.7;0.7
1.97243;-0.250603;1.98829;-0.00547859;-0.3139;0.7;0.7
1.94906;-0.122653;1.95291;-0.063529;-3.63995;0.7;0.7
2.04464;-0.239739;2.05864;0.0538731;3.0867;0.7;0.7
1.96242;-0.19897;1.97248;-0.0156747;-0.898096;0.7;0.7
2.06506;-0.268802;2.08248;0.0283942;1.62687;0.7;0.7
2.20353;-0.461761;2.2514;0.0771265;4.41902;0.7;0.7
1.96665;-0.523478;2.03512;0.0535802;3.06992;0.7;0.7
1.88221;-0.565875;1.96544;0.0319006;1.82777;0.7;0.7
1.786;-0.560203;1.8718;0.0118975;0.681674;0.7;0.7
2.03218;-0.470079;2.08584;-0.0766243;-4.39025;0.7;0.7
1.9451;-0.449771;1.99642;-8.0295e-05;-0.00460057;0.7;0.7
2.02885;-0.458969;2.08012;-0.00476282;-0.272889;0.7;0.7
1.92999;-0.418312;1.9748;-0.00903411;-0.517617;0.7;0.7
1.99778;-0.424459;2.04237;-0.00409;-0.23434;0.7;0.7
2.0926;-0.176316;2.10002;-0.125294;-7.17881;0.7;0.7
1.88774;-0.476577;1.94697;0.163233;9.35254;0.7;0.7
1.97143;-0.483398;2.02983;-0.00683379;-0.391547;0.7;0.7
1.84779;-0.473966;1.90761;0.0106339;0.609279;0.7;0.7
1.84234;-0.552032;1.92327;0.040031;2.29361;0.7;0.7
2.04395;-0.423276;2.08731;-0.0869213;-4.98023;0.7;0.7
2.08554;-0.40224;2.12397;-0.0136693;-0.783193;0.7;0.7
1.97733;-0.336646;2.00578;-0.0218955;-1.25452;0.7;0.7
1.83176;-0.107491;1.83492;-0.110022;-6.30378;0.7;0.7
2.02814;-0.169937;2.03524;0.0249801;1.43126;0.7;0.7
1.95429;-0.125593;1.95832;-0.0194174;-1.11254;0.7;0.7
2.03451;-0.20218;2.04454;0.0348729;1.99807;0.7;0.7
1.98133;-0.17362;1.98892;-0.011645;-0.667211;0.7;0.7
2.00137;-0.0556221;2.00215;-0.0596202;-3.41599;0.7;0.7
2.12079;0.174742;2.12797;-0.109994;-6.30218;0.7;0.7
2.07561;0.0838853;2.0773;0.0418163;2.3959;0.7;0.7
1.95973;0.144883;1.96508;-0.0334028;-1.91384;0.7;0.7
1.87162;0.245821;1.8877;-0.0567979;-3.25428;0.7;0.7
1.99017;0.275664;2.00917;-0.00704343;-0.403559;0.7;0.7
1.98348;0.351254;2.01435;-0.0376351;-2.15633;0.7;0.7
1.98945;0.363788;2.02244;-0.00558822;-0.320181;0.7;0.7
1.89254;0.426202;1.93994;-0.040646;-2.32884;0.7;0.7
2.05267;0.32622;2.07843;0.0638998;3.66119;0.7;0.7
2.07217;0.249145;2.08709;0.0379469;2.1742;0.7;0.7
1.98384;0.131129;1.98817;0.0536571;3.07433;0.7;0.7
2.00839;0.0869124;2.01027;0.0227547;1.30375;0.7;0.7
2.07644;0.0635585;2.07742;0.0126479;0.724673;0.7;0.7
2.00044;0.0608837;2.00136;0.000173907;0.00996411;0.7;0.7
2.02428;0.0925371;2.02639;-0.015256;-0.874104;0.7;0.7
1.7736;0.163918;1.78116;-0.0464777;-2.66297;0.7;0.7
2.14796;0.11141;2.15085;0.040338;2.3112;0.7;0.7
2.08118;0.0696365;2.08234;0.0183738;1.05274;0.7;0.7
1.96372;0.0723809;1.96505;-0.00339468;-0.194501;0.7;0.7
1.90616;-0.0226549;1.90629;0.0487269;2.79185;0.7;0.7
1.60999;0.0878217;1.61238;-0.0663787;-3.80322;0.7;0.7
1.96827;0.148981;1.9739;-0.0210534;-1.20627;0.7;0.7
2.03713;0.0960419;2.03939;0.0284368;1.62931;0.7;0.7
2.00583;0.0610894;2.00676;0.0166643;0.954795;0.7;0.7
1.98316;0.0493087;1.98377;0.00558782;0.320159;0.7;0.7
1.86215;0.0559941;1.86299;-0.00520198;-0.298051;0.7;0.7
2.0057;0.0156797;2.00576;0.0222432;1.27444;0.7;0.7
2.02662;-0.12765;2.03064;0.0707206;4.05199;0.7;0.7
1.80101;-0.246754;1.81784;0.0732579;4.19737;0.7;0.7
2.00871;-0.347655;2.03857;0.035215;2.01767;0.7;0.7
2.11003;-0.317887;2.13384;-0.0218454;-1.25165;0.7;0.7
1.97104;-0.328305;1.9982;0.0155183;0.889135;0.7;0.7
1.95026;-0.328828;1.97779;0.00198741;0.11387;0.7;0.7
1.93692;-0.332574;1.96526;0.00300841;0.172369;0.7;0.7
1.90511;-0.395525;1.94573;0.0346601;1.98588;0.7;0.7
2.00603;-0.368159;2.03953;-0.0231984;-1.32917;0.7;0.7
1.84721;-0.216653;1.85987;-0.064753;-3.71007;0.7;0.7
2.11102;-0.185396;2.11915;-0.0291554;-1.67048;0.7;0.7
1.94602;-0.274425;1.96527;0.052497;3.00786;0.7;0.7
1.96448;-0.245107;1.97971;-0.015967;-0.914842;0.7;0.7
2.11177;-0.339789;2.13894;0.0354068;2.02866;0.7;0.7
2.04393;-0.0863138;2.04575;-0.117331;-6.72255;0.7;0.7
2.03948;-0.0418679;2.03991;-0.0216783;-1.24208;0.7;0.7
2.01334;-0.194344;2.0227;0.075704;4.33752;0.7;0.7
2.09388;-0.153543;2.09951;-0.0230318;-1.31962;0.7;0.7
2.02383;-0.194147;2.03312;0.0224401;1.28572;0.7;0.7
2.11456;-0.28202;2.13328;0.0369498;2.11707;0.7;0.7
1.94789;-0.132038;1.95236;-0.0649062;-3.71885;0.7;0.7
2.2351;-0.151429;2.24022;-3.46426e-05;-0.00198487;0.7;0.7
2.15853;-0.488602;2.21314;0.154961;8.87859;0.7;0.7
1.91845;-0.479706;1.97751;0.0224169;1.2844;0.7;0.7
1.86914;-0.52624;1.94181;0.0294125;1.68521;0.7;0.7
1.82721;-0.567991;1.91346;0.0269443;1.5438;0.7;0.7
1.92832;-0.943453;2.14675;0.153638;8.80283;0.7;0.7
1.88001;-0.768129;2.03088;-0.0671418;-3.84694;0.7;0.7
1.99649;-1.03531;2.24897;0.0905115;5.18593;0.7;0.7
1.75266;-0.873247;1.95816;-0.0161503;-0.925343;0.7;0.7
1.90274;-0.996937;2.14809;0.0203825;1.16783;0.7;0.7
1.75432;-0.922138;1.98191;0.00132573;0.0759588;0.7;0.7
1.73733;-0.840439;1.92993;-0.0333813;-1.91261;0.7;0.7
1.79946;-0.869695;1.99861;-0.000360419;-0.0206505;0.7;0.7
1.81997;-0.886243;2.02429;0.00294999;0.169022;0.7;0.7
1.78986;-0.776592;1.95108;-0.0437855;-2.50872;0.7;0.7
1.85998;-0.757471;2.0083;-0.0226324;-1.29674;0.7;0.7
1.75226;-0.546063;1.83538;-0.0846431;-4.8497;0.7;0.7
1.88063;-0.657413;1.99222;0.0341982;1.95941;0.7;0.7
1.9674;-0.679891;2.08156;-0.00356241;-0.204111;0.7;0.7
1.87421;-0.51496;1.94366;-0.0645862;-3.70051;0.7;0.7
2.03642;-0.702058;2.15404;0.063847;3.65816;0.7;0.7
1.97748;-0.540275;2.04995;-0.0652864;-3.74063;0.7;0.7
2.00585;-0.439444;2.05343;-0.0510316;-2.9239;0.7;0.7
1.96357;-0.423296;2.00868;-0.00334804;-0.191829;0.7;0.7
2.05902;-0.363166;2.0908;-0.0377432;-2.16252;0.7;0.7
1.97448;-0.353523;2.00588;0.00258618;0.148177;0.7;0.7
2.02788;-0.292013;2.04879;-0.0341524;-1.95679;0.7;0.7
2.01683;-0.24975;2.03224;-0.0198106;-1.13506;0.7;0.7
2.03948;-0.370988;2.07295;0.05673;3.25039;0.7;0.7
1.99563;-0.279215;2.01507;-0.0409248;-2.34482;0.7;0.7
1.88694;-0.349266;1.91899;0.0440147;2.52185;0.7;0.7
1.96584;-0.35718;1.99802;-0.00329233;-0.188636;0.7;0.7
1.96779;-0.357455;1.99999;-3.92365e-05;-0.00224809;0.7;0.7
1.94895;-0.373366;1.98439;0.00958583;0.549228;0.7;0.7
2.161;-0.337825;2.18725;-0.0342068;-1.95991;0.7;0.7
2.1456;-0.254264;2.16061;-0.0371182;-2.12671;0.7;0.7
2.06443;-0.161411;2.07073;-0.0399269;-2.28764;0.7;0.7
2.05461;-0.232296;2.0677;0.0345552;1.97987;0.7;0.7
2.0519;-0.239014;2.06578;0.00337837;0.193566;0.7;0.7
1.85146;-0.228559;1.86551;0.00686508;0.39334;0.7;0.7
2.04144;-0.177872;2.04917;-0.035915;-2.05778;0.7;0.7
1.89488;-0.165542;1.90209;0.000230338;0.0131974;0.7;0.7
2.17625;-0.265732;2.19241;0.0343619;1.96879;0.7;0.7
1.96591;-0.235486;1.97997;-0.00228745;-0.131061;0.7;0.7
2.11653;-0.301038;2.13783;0.0220681;1.26441;0.7;0.7
1.89486;-0.425648;1.94208;0.0796802;4.56534;0.7;0.7
1.80412;-0.294849;1.82806;-0.0589661;-3.37851;0.7;0.7
2.12941;-0.318022;2.15303;-0.0137466;-0.787622;0.7;0.7
1.96432;-0.33202;1.99218;0.0191909;1.09956;0.7;0.7
1.6613;-0.264324;1.6822;-0.00965907;-0.553424;0.7;0.7
1.96781;-0.409756;2.01001;0.0475127;2.72228;0.7;0.7
1.95815;-0.437141;2.00635;0.0143443;0.821869;0.7;0.7
1.99402;-0.418973;2.03756;-0.0125392;-0.718442;0.7;0.7
1.93767;-0.455161;1.99042;0.0236161;1.3531;0.7;0.7
2.05531;-0.409847;2.09578;-0.0338912;-1.94182;0.7;0.7
1.78533;-0.160524;1.79253;-0.107155;-6.13953;0.7;0.7
2.10175;-0.18939;2.11027;0.000196179;0.0112402;0.7;0.7
1.84567;-0.369568;1.88231;0.107754;6.17383;0.7;0.7
2.0675;-0.490535;2.1249;0.035331;2.02432;0.7;0.7
1.8574;-0.397014;1.89936;-0.022374;-1.28194;0.7;0.7
1.81859;-0.590557;1.91208;0.103412;5.92505;0.7;0.7
1.86148;-0.833359;2.0395;0.106939;6.12717;0.7;0.7
1.76641;-0.933895;1.99809;0.0654116;3.74781;0.7;0.7
1.89;-0.922304;2.10304;-0.0323467;-1.85333;0.7;0.7
2.06468;-0.94479;2.27058;-0.0248414;-1.42331;0.7;0.7
1.82707;-0.765538;1.98097;-0.0323778;-1.85511;0.7;0.7
1.81813;-0.768328;1.97381;0.00305437;0.175002;0.7;0.7
1.81622;-0.768974;1.97231;0.000678137;0.0388544;0.7;0.7
1.61106;-0.97187;1.8815;0.142297;8.15302;0.7;0.7
1.66864;-1.05358;1.97342;0.0203858;1.16802;0.7;0.7
1.59979;-1.1127;1.9487;0.0445319;2.55149;0.7;0.7
1.5653;-1.11;1.91892;0.00910264;0.521543;0.7;0.7
1.57964;-1.10404;1.92722;-0.00682358;-0.390963;0.7;0.7
1.65592;-1.03549;1.95303;-0.051168;-2.93171;0.7;0.7
1.67531;-1.20355;2.06281;0.0641388;3.67488;0.7;0.7
1.71184;-1.38914;2.20456;0.0587382;3.36545;0.7;0.7
1.45168;-1.34843;1.98133;0.0668295;3.82905;0.7;0.7
1.56341;-1.25448;2.00449;-0.0723373;-4.14462;0.7;0.7
1.42262;-1.20055;1.86149;0.0247407;1.41754;0.7;0.7
1.5659;-1.22449;1.98782;-0.0372914;-2.13664;0.7;0.7
1.69481;-1.31003;2.14209;-0.00561391;-0.321653;0.7;0.7
1.59251;-1.22021;2.00625;-0.00423759;-0.242796;0.7;0.7
1.60149;-1.40746;2.13207;0.0672021;3.85039;0.7;0.7
1.39278;-1.44541;2.00724;0.082938;4.752;0.7;0.7
1.52361;-1.38204;2.05704;-0.0672279;-3.85187;0.7;0.7
1.43329;-1.0896;1.80044;-0.0867091;-4.96806;0.7;0.7
1.4397;-1.14359;1.83862;0.021267;1.21851;0.7;0.7
1.51789;-1.22156;1.94839;0.0063736;0.36518;0.7;0.7
1.62533;-1.25638;2.05431;-0.019585;-1.12214;0.7;0.7
1.52379;-1.04868;1.84977;-0.0552938;-3.1681;0.7;0.7
1.79801;-1.08906;2.10211;-0.0581635;-3.33252;0.7;0.7
1.737;-0.963364;1.98627;-0.0382237;-2.19005;0.7;0.7
2.05233;-0.931552;2.25385;-0.0802851;-4.6;0.7;0.7
1.77591;-0.838953;1.96411;0.0152374;0.873039;0.7;0.7
1.80979;-0.885317;2.01473;0.0136245;0.780624;0.7;0.7
1.83189;-0.974243;2.07484;0.0338269;1.93814;0.7;0.7
1.7334;-0.967117;1.98494;0.0201299;1.15336;0.7;0.7
1.48009;-1.09642;1.84196;0.128663;7.37186;0.7;0.7
1.59142;-1.16893;1.9746;-0.0040556;-0.232369;0.7;0.7
1.60205;-1.17087;1.98431;-0.00238387;-0.136586;0.7;0.7
1.57905;-1.13627;1.94538;-0.0073789;-0.42278;0.7;0.7
1.6268;-1.1746;2.00653;0.0016024;0.0918105;0.7;0.7
1.7667;-1.18673;2.12828;-0.0338669;-1.94043;0.7;0.7
1.65079;-1.10818;1.98825;-0.000286312;-0.0164045;0.7;0.7
1.68917;-0.803741;1.87064;-0.147087;-8.42749;0.7;0.7
1.78002;-0.730637;1.92414;-0.0546235;-3.1297;0.7;0.7
1.84454;-0.709069;1.97613;-0.0224951;-1.28887;0.7;0.7
1.83496;-0.739164;1.97824;0.0159378;0.913167;0.7;0.7
1.58914;-0.605829;1.7007;-0.0187145;-1.07226;0.7;0.7
1.73317;-0.522306;1.81016;-0.0715204;-4.09781;0.7;0.7
2.06193;-0.74442;2.1922;0.0537649;3.0805;0.7;0.7
1.87515;-0.656135;1.98663;-0.00987264;-0.565661;0.7;0.7
1.91681;-0.663013;2.02824;-0.00358244;-0.205258;0.7;0.7
1.79498;-0.5401;1.87447;-0.0407343;-2.33391;0.7;0.7
1.83072;-0.629528;1.93593;0.0389247;2.23022;0.7;0.7
1.89398;-0.677751;2.01159;0.012444;0.712992;0.7;0.7
1.9557;-0.703335;2.07833;0.00158376;0.090743;0.7;0.7
1.75955;-0.859656;1.95832;0.109229;6.25833;0.7;0.7
1.74364;-0.915152;1.96921;0.0288704;1.65415;0.7;0.7
1.76451;-1.08917;2.07359;0.0696858;3.9927;0.7;0.7
1.70332;-1.01968;1.98521;-0.0135954;-0.778958;0.7;0.7
1.78483;-0.83321;1.96974;-0.10266;-5.882;0.7;0.7
1.82892;-0.915106;2.04508;0.0271706;1.55676;0.7;0.7
1.57101;-1.01942;1.87278;0.111668;6.3981;0.7;0.7
1.73197;-1.05528;2.02813;-0.0283731;-1.62566;0.7;0.7
1.72446;-1.06313;2.02583;0.00523847;0.300143;0.7;0.7
1.62634;-1.18373;2.01151;0.0767113;4.39523;0.7;0.7
1.47576;-1.08345;1.83077;0.00411297;0.235656;0.7;0.7
1.38408;-1.13356;1.78903;0.0529278;3.03254;0.7;0.7
1.45174;-1.16937;1.86412;-0.00813142;-0.465896;0.7;0.7
1.60169;-1.22792;2.01822;-0.0240189;-1.37618;0.7;0.7
1.54869;-1.07303;1.8841;-0.0481455;-2.75853;0.7;0.7
1.69734;-1.14225;2.0459;-0.01357;-0.777502;0.7;0.7
1.63924;-1.12003;1.98534;0.00705281;0.404096;0.7;0.7
1.87941;-1.07431;2.16479;-0.0801129;-4.59013;0.7;0.7
1.81398;-1.03254;2.08726;-0.00181692;-0.104102;0.7;0.7
1.89201;-1.09511;2.18609;0.00721574;0.413432;0.7;0.7
1.67346;-0.986163;1.94241;0.00782442;0.448306;0.7;0.7
1.71314;-1.04671;2.0076;0.0159476;0.91373;0.7;0.7
1.64813;-1.01947;1.93795;0.00549452;0.314813;0.7;0.7
1.60355;-1.2379;2.02578;0.103465;5.92811;0.7;0.7
1.63171;-1.22907;2.04281;-0.011848;-0.678842;0.7;0.7
1.4901;-1.1348;1.87301;0.00528731;0.302941;0.7;0.7
1.56981;-1.31674;2.04893;0.0470883;2.69796;0.7;0.7
1.67523;-1.13649;2.02436;-0.101861;-5.83621;0.7;0.7
1.66012;-1.20806;2.05314;0.0329854;1.88992;0.7;0.7
1.6289;-1.10403;1.96779;-0.0334189;-1.91476;0.7;0.7
1.58318;-1.2591;2.02282;0.0762143;4.36675;0.7;0.7
1.57767;-1.3044;2.04707;0.0189948;1.08832;0.7;0.7
1.70161;-1.18118;2.07139;-0.0840689;-4.8168;0.7;0.7
1.84364;-1.16782;2.18238;-0.0421523;-2.41515;0.7;0.7
1.70376;-0.96976;1.96041;-0.0471852;-2.70351;0.7;0.7
1.63653;-0.899346;1.86737;-0.0149637;-0.857359;0.7;0.7
1.79477;-0.920854;2.01722;-0.0284392;-1.62945;0.7;0.7
1.82497;-0.963569;2.06373;0.0117362;0.672434;0.7;0.7
1.88524;-1.05608;2.16089;0.0248375;1.42308;0.7;0.7
1.82016;-0.889357;2.02581;-0.056128;-3.2159;0.7;0.7
1.79676;-0.878093;1.99985;7.63043e-05;0.00437192;0.7;0.7
1.9032;-1.06873;2.18274;0.0570874;3.27087;0.7;0.7
1.9304;-0.967835;2.15943;-0.0469237;-2.68853;0.7;0.7
1.8411;-0.901689;2.05004;-0.00931944;-0.533964;0.7;0.7
1.83199;-0.951313;2.06426;0.0235321;1.34829;0.7;0.7
1.61476;-1.05172;1.92706;0.0983494;5.635;0.7;0.7
1.73648;-1.1314;2.07255;0.000162683;0.00932104;0.7;0.7
1.67597;-1.12639;2.01932;0.0142804;0.818207;0.7;0.7
1.66361;-0.991176;1.9365;-0.0544183;-3.11794;0.7;0.7
1.86435;-1.14977;2.19039;0.0152927;0.876206;0.7;0.7
1.65505;-1.15017;2.01546;0.0547063;3.13444;0.7;0.7
1.68181;-1.03518;1.97486;-0.0555721;-3.18405;0.7;0.7
1.70938;-0.923187;1.94274;-0.0565638;-3.24087;0.7;0.7
1.86442;-0.925496;2.0815;-0.0344267;-1.9725;0.7;0.7
1.7508;-0.869117;1.95465;1.14863e-05;0.000658114;0.7;0.7
1.9294;-0.732036;2.0636;-0.0981405;-5.62304;0.7;0.7
1.95886;-0.606931;2.05073;-0.0621741;-3.56231;0.7;0.7
1.93325;-0.586239;2.02018;-0.00603242;-0.345632;0.7;0.7
1.83646;-0.688973;1.96145;0.0644874;3.69486;0.7;0.7
1.845;-0.675929;1.96492;-0.00774205;-0.443587;0.7;0.7
1.99583;-0.61708;2.08905;-0.0513097;-2.93983;0.7;0.7
1.9513;-0.520468;2.01952;-0.0392021;-2.24611;0.7;0.7
1.96233;-0.596284;2.05092;0.0343401;1.96754;0.7;0.7
1.92225;-0.588823;2.01041;0.00224496;0.128627;0.7;0.7
1.96629;-0.683788;2.08179;0.0374288;2.14451;0.7;0.7
2.05794;-0.715354;2.17873;-0.000132698;-0.00760306;0.7;0.7
1.78665;-0.581579;1.87892;-0.0198445;-1.137;0.7;0.7
1.76759;-0.507302;1.83895;-0.0352066;-2.01719;0.7;0.7
1.90409;-0.653948;2.01326;0.0513317;2.94109;0.7;0.7
1.88824;-0.646452;1.99583;-0.00097124;-0.055648;0.7;0.7
1.9431;-0.589569;2.03057;-0.0352618;-2.02035;0.7;0.7
1.89109;-0.520445;1.9614;-0.0260278;-1.49128;0.7;0.7
1.93432;-0.770918;2.08229;0.110693;6.34222;0.7;0.7
1.77742;-0.945516;2.01326;0.109635;6.28162;0.7;0.7
1.73947;-0.748865;1.89382;-0.082358;-4.71877;0.7;0.7
1.83253;-0.777226;1.99054;-0.00539816;-0.309292;0.7;0.7
2.06163;-0.70265;2.17808;-0.0726572;-4.16295;0.7;0.7
1.89198;-0.659517;2.00363;0.00693966;0.397613;0.7;0.7
1.87;-0.653556;1.98092;0.000810656;0.0464472;0.7;0.7
1.88995;-0.660793;2.00214;0.000124619;0.00714014;0.7;0.7
1.97045;-0.344167;2.00028;-0.16343;-9.36383;0.7;0.7
1.7322;-0.296873;1.75746;-0.00318463;-0.182466;0.7;0.7
2.00896;-0.343957;2.03819;-0.000168067;-0.00962953;0.7;0.7
1.89939;-0.275588;1.91928;-0.0254801;-1.4599;0.7;0.7
1.95453;-0.267054;1.97269;-0.00829487;-0.475261;0.7;0.7
1.87167;-0.176844;1.88;-0.0415874;-2.38278;0.7;0.7
1.9877;-0.138169;1.99249;-0.0248049;-1.42122;0.7;0.7
2.09872;-0.157457;2.10462;0.00548492;0.314263;0.7;0.7
2.01668;-0.207338;2.02731;0.0275667;1.57946;0.7;0.7
1.93421;-0.179538;1.94252;-0.00989475;-0.566928;0.7;0.7
2.02054;-0.240333;2.03478;0.0258318;1.48006;0.7;0.7
2.11617;-0.284983;2.13527;0.015475;0.886653;0.7;0.7
1.96702;-0.16694;1.97409;-0.0491972;-2.81879;0.7;0.7
2.00587;-0.18506;2.01439;0.00733206;0.420096;0.7;0.7
1.98004;-0.172267;1.98752;-0.00521536;-0.298818;0.7;0.7
2.02544;-0.184893;2.03386;0.0042494;0.243473;0.7;0.7
2.0574;-0.123411;2.0611;-0.031121;-1.7831;0.7;0.7
1.98588;-0.180811;1.9941;0.0308861;1.76964;0.7;0.7
2.0633;-0.145979;2.06846;-0.0201656;-1.15541;0.7;0.7
1.94727;-0.224101;1.96012;0.0439487;2.51808;0.7;0.7
1.95642;-0.262928;1.97401;0.0190104;1.08922;0.7;0.7
2.07046;-0.202324;2.08032;-0.0361812;-2.07303;0.7;0.7
1.99364;-0.300203;2.01611;0.0520475;2.9821;0.7;0.7
2.10585;-0.227787;2.11813;-0.0417079;-2.38969;0.7;0.7
2.1497;0.073339;2.15095;-0.141853;-8.12756;0.7;0.7
1.9654;0.0189669;1.96549;0.0244526;1.40103;0.7;0.7
2.05833;-0.00645177;2.05834;0.0127846;0.732503;0.7;0.7
2.04466;0.0522989;2.04533;-0.0287072;-1.6448;0.7;0.7
1.91213;-0.282937;1.93295;0.172476;9.88216;0.7;0.7
1.9919;-0.15719;1.99809;-0.0681518;-3.90481;0.7;0.7
2.07649;-0.336884;2.10364;0.0820842;4.70308;0.7;0.7
2.01671;-0.547268;2.08964;0.10415;5.96734;0.7;0.7
1.92142;-0.525201;1.9919;0.00183693;0.105248;0.7;0.7
1.81823;-0.57973;1.90841;0.0418305;2.39671;0.7;0.7
1.91644;-0.570475;1.99954;-0.019331;-1.10759;0.7;0.7
2.04213;-0.693051;2.15652;0.037858;2.1691;0.7;0.7
1.81904;-0.767769;1.97443;0.0722095;4.1373;0.7;0.7
1.91961;-0.589363;2.00805;-0.101504;-5.81574;0.7;0.7
1.68116;-0.604532;1.78655;0.0473078;2.71054;0.7;0.7
1.87044;-0.680851;1.99051;0.00390302;0.223626;0.7;0.7
1.80852;-0.635398;1.91689;-0.0112314;-0.643511;0.7;0.7
1.76531;-0.691345;1.89586;0.0354023;2.0284;0.7;0.7
1.95532;-0.823576;2.12169;0.0253779;1.45405;0.7;0.7
1.88367;-0.787514;2.04166;-0.00265545;-0.152146;0.7;0.7
1.79928;-0.714257;1.93587;-0.0181004;-1.03708;0.7;0.7
1.85264;-0.83586;2.03247;0.0459388;2.6321;0.7;0.7
1.75351;-0.606511;1.85543;-0.0908246;-5.20386;0.7;0.7
1.97677;-0.804953;2.13438;0.053699;3.07672;0.7;0.7
1.96588;-0.679334;2.07995;-0.0539874;-3.09325;0.7;0.7
1.90455;-0.565818;1.98682;-0.0439329;-2.51717;0.7;0.7
1.83659;-0.695383;1.96383;0.0731641;4.19199;0.7;0.7
1.84179;-0.748444;1.98806;0.0240365;1.37719;0.7;0.7
1.70774;-0.68223;1.83897;-0.00591429;-0.338864;0.7;0.7
1.89173;-0.766806;2.04124;0.00503747;0.288626;0.7;0.7
1.99045;-0.782704;2.13882;-0.0104504;-0.598765;0.7;0.7
1.93812;-0.754809;2.07991;-0.00327315;-0.187538;0.7;0.7
1.86536;-0.722312;2.00032;-0.00193763;-0.111018;0.7;0.7
1.93486;-0.852585;2.11438;0.0456006;2.61272;0.7;0.7
1.80994;-0.81913;1.98667;0.00994496;0.569804;0.7;0.7
1.56588;-0.833586;1.77394;0.0641952;3.67811;0.7;0.7
1.77872;-0.903701;1.99513;-0.01911;-1.09492;0.7;0.7
1.79047;-0.902381;2.00501;-0.00324021;-0.18565;0.7;0.7
1.59868;-1.02659;1.89991;0.103998;5.95864;0.7;0.7
1.70425;-1.06118;2.00763;-0.0139122;-0.797113;0.7;0.7
1.69107;-1.06297;1.99741;0.00424605;0.243281;0.7;0.7
1.76306;-0.887904;1.97402;-0.0946308;-5.42194;0.7;0.7
1.7712;-0.892943;1.98356;0.000422543;0.0242099;0.7;0.7
1.83348;-0.863477;2.02663;-0.0268206;-1.53671;0.7;0.7
1.81063;-0.854678;2.00222;0.00088586;0.0507561;0.7;0.7
1.83185;-0.79975;1.99882;-0.0293864;-1.68371;0.7;0.7
2.0624;-0.746368;2.1933;-0.0644083;-3.69033;0.7;0.7
1.90001;-0.744672;2.04073;0.026301;1.50694;0.7;0.7
1.91407;-0.916172;2.12204;0.0728919;4.1764;0.7;0.7
2.05945;-0.975704;2.27889;-0.00397907;-0.227984;0.7;0.7
1.88216;-0.816162;2.0515;-0.0332851;-1.9071;0.7;0.7
1.86182;-0.980894;2.10441;0.0757357;4.33933;0.7;0.7
1.73175;-1.033;2.01644;0.0529546;3.03408;0.7;0.7
1.65156;-1.04676;1.95534;0.0270555;1.55017;0.7;0.7
1.77377;-1.12685;2.10144;0.00105738;0.0605835;0.7;0.7
1.66437;-1.12559;2.00925;0.0286727;1.64283;0.7;0.7
1.50317;-1.05201;1.83473;0.0160007;0.916775;0.7;0.7
1.63884;-1.14726;2.0005;0.000119366;0.00683914;0.7;0.7
1.5872;-1.13127;1.9491;0.00847289;0.485461;0.7;0.7
1.52121;-0.9523;1.7947;-0.0598995;-3.43199;0.7;0.7
1.71236;-1.07702;2.02291;0.00212014;0.121475;0.7;0.7
1.83897;-1.11984;2.1531;-0.0144724;-0.829206;0.7;0.7
1.43424;-1.10914;1.81307;0.111291;6.37649;0.7;0.7
1.54187;-1.17425;1.9381;-0.00739628;-0.423776;0.7;0.7
1.74916;-1.23856;2.14327;-0.0347386;-1.99038;0.7;0.7
1.66854;-1.14652;2.02448;-0.0140877;-0.807168;0.7;0.7
1.93793;-1.16463;2.26095;-0.0609133;-3.49007;0.7;0.7
1.8001;-0.909712;2.01691;-0.0731979;-4.19393;0.7;0.7
1.79296;-0.904148;2.00803;-0.000869184;-0.0498006;0.7;0.7
1.89208;-0.913587;2.1011;-0.0172307;-0.987247;0.7;0.7
1.69316;-0.856434;1.89744;0.0184602;1.05769;0.7;0.7
1.77265;-0.902688;1.98925;0.00271308;0.155448;0.7;0.7
1.7887;-0.910038;2.00689;-0.000366559;-0.0210023;0.7;0.7
1.67183;-0.880932;1.88973;0.0143164;0.820269;0.7;0.7
1.68307;-0.944397;1.92993;0.0263812;1.51153;0.7;0.7
1.74984;-0.790236;1.92;-0.0871493;-4.99329;0.7;0.7
1.78889;-0.812341;1.96469;0.00207447;0.118858;0.7;0.7
1.74749;-0.714329;1.88785;-0.0382135;-2.18947;0.7;0.7
1.8423;-0.761049;1.99331;0.0036968;0.211811;0.7;0.7
1.94463;-0.795769;2.10115;-0.00332164;-0.190316;0.7;0.7
2.07646;-0.82828;2.23556;-0.00887405;-0.508446;0.7;0.7
1.80884;-0.743245;1.95559;0.0103142;0.590957;0.7;0.7
1.90032;-0.812796;2.06685;0.0143037;0.819541;0.7;0.7
1.86629;-0.798996;2.03013;0.000343735;0.0196946;0.7;0.7
1.92156;-0.700195;2.04515;-0.0550756;-3.1556;0.7;0.7
2.02329;-0.646249;2.12399;-0.040272;-2.30742;0.7;0.7
2.0538;-0.695565;2.16839;0.0173837;0.996015;0.7;0.7
1.68642;-0.585525;1.78517;0.00763118;0.437235;0.7;0.7
2.00861;-0.724306;2.13521;0.0119086;0.682312;0.7;0.7
1.81504;-0.667912;1.93404;0.00652053;0.373599;0.7;0.7
1.82573;-0.595884;1.92051;-0.0371263;-2.12718;0.7;0.7
1.87617;-0.573044;1.96173;-0.0190475;-1.09134;0.7;0.7
1.96175;-0.570133;2.04292;-0.0136001;-0.779227;0.7;0.7
1.93878;-0.6066;2.03146;0.0203951;1.16855;0.7;0.7
1.95301;-0.591341;2.04057;-0.00921935;-0.52823;0.7;0.7
1.9386;-0.614529;2.03367;0.0129669;0.742946;0.7;0.7
1.9169;-0.552663;1.99498;-0.026278;-1.50562;0.7;0.7
1.99861;-0.338618;2.02709;-0.112865;-6.4667;0.7;0.7
1.87775;-0.309945;1.90316;-0.00424629;-0.243294;0.7;0.7
2.05716;-0.273712;2.07529;-0.0313103;-1.79395;0.7;0.7
1.98015;-0.247658;1.99557;-0.00785208;-0.449891;0.7;0.7
1.96153;-0.218014;1.9736;-0.0137337;-0.786881;0.7;0.7
1.81787;-0.0973566;1.82047;-0.0571866;-3.27655;0.7;0.7
1.85525;-0.159145;1.86206;0.0320671;1.83731;0.7;0.7
2.01074;-0.203983;2.02106;0.0155295;0.889776;0.7;0.7
2.0102;-0.276408;2.02912;0.0355448;2.03657;0.7;0.7
2.00881;-0.194183;2.01818;-0.0402794;-2.30784;0.7;0.7
1.89647;-0.49647;1.96038;0.159674;9.14865;0.7;0.7
1.86499;-0.534162;1.93998;0.0229073;1.31249;0.7;0.7
1.91557;-0.492399;1.97785;-0.0273441;-1.5667;0.7;0.7
2.07433;-0.627783;2.16725;0.042277;2.42229;0.7;0.7
1.80694;-0.677157;1.92965;0.0646748;3.70559;0.7;0.7
1.58542;-0.709121;1.73678;0.0620307;3.5541;0.7;0.7
1.9356;-0.982737;2.17079;0.0492155;2.81984;0.7;0.7
1.7759;-0.900331;1.99109;-0.000592681;-0.0339581;0.7;0.7
1.60141;-0.952431;1.86324;0.0673371;3.85813;0.7;0.7
1.58838;-1.06949;1.91487;0.0560489;3.21136;0.7;0.7
1.71459;-0.971848;1.97086;-0.0769365;-4.40814;0.7;0.7
1.70364;-0.954647;1.95288;-0.00489686;-0.280569;0.7;0.7
1.74952;-0.979784;2.00519;-0.000249124;-0.0142738;0.7;0.7
1.83686;-1.18285;2.18477;0.0615998;3.52941;0.7;0.7
1.78998;-0.859225;1.98552;-0.124575;-7.13764;0.7;0.7
1.80311;-0.859052;1.99729;-0.0029237;-0.167516;0.7;0.7
1.85849;-0.83726;2.03838;-0.0213388;-1.22262;0.7;0.7
1.55146;-0.634576;1.67622;-0.0350169;-2.00632;0.7;0.7
1.99667;-0.458633;2.04867;-0.162475;-9.30913;0.7;0.7
2.05395;-0.540429;2.12386;0.0315024;1.80495;0.7;0.7
1.95071;-0.575182;2.03374;0.0294482;1.68726;0.7;0.7
1.98774;-0.60696;2.07834;0.00962698;0.551585;0.7;0.7
1.89612;-0.63285;1.99895;0.0257746;1.47678;0.7;0.7
2.00254;-0.55339;2.07759;-0.0525189;-3.00911;0.7;0.7
1.92981;-0.44401;1.98023;-0.0434717;-2.49074;0.7;0.7
1.78692;-0.552671;1.87043;0.0738115;4.22909;0.7;0.7
1.93926;-0.448741;1.9905;-0.0725597;-4.15737;0.7;0.7
1.94859;-0.320853;1.97483;-0.0642012;-3.67846;0.7;0.7
1.97923;-0.440097;2.02757;0.0556031;3.18582;0.7;0.7
2.10512;-0.290698;2.12509;-0.0815744;-4.67387;0.7;0.7
1.97826;-0.271672;1.99683;-0.000748494;-0.0428855;0.7;0.7
1.94235;-0.250397;1.95842;-0.0082673;-0.473682;0.7;0.7
1.9646;-0.217971;1.97666;-0.0177103;-1.01472;0.7;0.7
1.86638;-0.177053;1.87476;-0.0159163;-0.911934;0.7;0.7
1.97776;-0.11078;1.98086;-0.0386264;-2.21313;0.7;0.7
1.89993;-0.109968;1.90311;0.0018612;0.106639;0.7;0.7
1.9899;-0.100153;1.99242;-0.00752789;-0.431316;0.7;0.7
1.92541;0.0189984;1.9255;-0.0601548;-3.44662;0.7;0.7
1.83009;0.184423;1.83936;-0.0905666;-5.18908;0.7;0.7
1.8997;0.213476;1.91165;-0.0114707;-0.657224;0.7;0.7
2.0591;0.35875;2.09012;-0.0605906;-3.47159;0.7;0.7
1.88711;-0.0630348;1.88817;0.205885;11.7963;0.7;0.7
2.03519;-0.175865;2.04277;0.052808;3.02567;0.7;0.7
2.02256;-0.193267;2.03177;0.00906813;0.519566;0.7;0.7
2.00489;-0.185987;2.01349;-0.00276448;-0.158393;0.7;0.7
1.96279;-0.18951;1.97192;0.00375068;0.214898;0.7;0.7
2.06191;-0.248874;2.07688;0.0238669;1.36747;0.7;0.7
1.7882;-0.571702;1.87736;0.189319;10.8472;0.7;0.7
1.84546;-0.417924;1.89219;-0.0867343;-4.96951;0.7;0.7
1.71643;0.0404353;1.7169;-0.246257;-14.1095;0.7;0.7
2.07171;0.0158141;2.07177;0.0159203;0.912167;0.7;0.7
1.78377;-0.0313507;1.78405;0.0252069;1.44425;0.7;0.7
1.98551;0.00679379;1.98552;-0.0209953;-1.20294;0.7;0.7
1.89074;-0.166576;1.89806;0.0912961;5.23088;0.7;0.7
1.96978;-0.292831;1.99142;0.0597068;3.42095;0.7;0.7
1.93076;-0.186392;1.93973;-0.051341;-2.94162;0.7;0.7
1.87402;-0.187389;1.88337;0.00342179;0.196054;0.7;0.7
2.01745;-0.157826;2.02361;-0.0215901;-1.23702;0.7;0.7
1.9892;-0.14163;1.99423;-0.00699242;-0.400636;0.7;0.7
1.86286;-0.0366462;1.86322;-0.05141;-2.94557;0.7;0.7
1.98806;-0.0869135;1.98996;0.0240206;1.37628;0.7;0.7
2.01556;-0.0725992;2.01687;-0.0076862;-0.440387;0.7;0.7
1.8389;0.0742005;1.84039;-0.0763325;-4.37353;0.7;0.7
2.11474;0.121628;2.11824;-0.0171226;-0.981051;0.7;0.7
2.13314;0.189888;2.14157;-0.0313328;-1.79524;0.7;0.7
2.00993;0.130505;2.01416;0.0239448;1.37194;0.7;0.7
1.79676;0.114096;1.80038;0.00142372;0.0815729;0.7;0.7
2.10147;0.273747;2.11923;-0.0661194;-3.78836;0.7;0.7
1.91248;0.267593;1.93111;-0.00948189;-0.543272;0.7;0.7
1.92658;0.0226361;1.92671;0.127268;7.29192;0.7;0.7
2.08139;-0.0224626;2.08151;0.0225405;1.29148;0.7;0.7
1.91176;-0.230887;1.92565;0.109398;6.26806;0.7;0.7
2.03704;-0.373467;2.07099;0.0611344;3.50275;0.7;0.7
2.06135;-0.333417;2.08814;-0.0209663;-1.20128;0.7;0.7
1.86537;-0.266688;1.88434;-0.0183525;-1.05152;0.7;0.7
1.96756;-0.362099;2.0006;0.0399924;2.2914;0.7;0.7
2.02112;-0.39069;2.05854;0.00895032;0.512816;0.7;0.7
1.98357;-0.476841;2.04008;0.044971;2.57665;0.7;0.7
1.88457;-0.64309;1.99127;0.0929299;5.32449;0.7;0.7
1.96216;-0.682363;2.07743;0.00582937;0.333998;0.7;0.7
1.83886;-0.879649;2.03843;0.111512;6.38916;0.7;0.7
1.81956;-0.856481;2.01106;-0.00624912;-0.358048;0.7;0.7
1.84294;-0.873033;2.03927;0.00246003;0.140949;0.7;0.7
1.59764;-0.910892;1.83907;0.0757792;4.34183;0.7;0.7
1.70312;-1.04174;1.99646;0.0307711;1.76305;0.7;0.7
1.65014;-0.973515;1.91591;-0.0159479;-0.913745;0.7;0.7
1.72286;-1.01839;2.00135;0.000850307;0.048719;0.7;0.7
1.70346;-0.988478;1.96948;-0.00806274;-0.461961;0.7;0.7
1.54244;-0.851592;1.76191;-0.021333;-1.22229;0.7;0.7
1.66007;-1.05333;1.96605;0.0609476;3.49204;0.7;0.7
1.51652;-0.950491;1.78976;-0.00554224;-0.317547;0.7;0.7
1.66087;-1.0359;1.95744;-0.00219129;-0.125551;0.7;0.7
1.694;-1.05623;1.99631;-0.00014586;-0.00835714;0.7;0.7
1.67556;-1.0553;1.98019;0.0045292;0.259504;0.7;0.7
1.92928;-1.22463;2.28513;0.00353231;0.202386;0.7;0.7
1.80926;-1.10056;2.1177;-0.0190927;-1.09393;0.7;0.7
1.83618;-0.835929;2.01751;-0.119281;-6.83429;0.7;0.7
1.88262;-0.821816;2.05417;-0.0156195;-0.894931;0.7;0.7
1.88736;-0.788872;2.04559;-0.0156881;-0.898861;0.7;0.7
1.85278;-0.769644;2.00628;-0.00219684;-0.12587;0.7;0.7
1.77941;-0.801977;1.95179;0.0297231;1.70301;0.7;0.7
1.84979;-0.819412;2.02315;-0.00643581;-0.368745;0.7;0.7
1.7173;-0.914872;1.9458;0.0724958;4.15371;0.7;0.7
1.73313;-0.93735;1.97037;0.00629094;0.360444;0.7;0.7
1.71316;-1.02897;1.99843;0.0450952;2.58377;0.7;0.7
1.68151;-0.899563;1.90701;-0.049647;-2.84456;0.7;0.7
1.78145;-0.967693;2.02731;0.00637963;0.365526;0.7;0.7
1.91272;-0.939447;2.13098;-0.0410636;-2.35277;0.7;0.7
1.84754;-0.950742;2.07781;0.0187105;1.07203;0.7;0.7
1.80679;-0.950495;2.04155;0.00902478;0.517082;0.7;0.7
1.77078;-0.954528;2.01167;0.0101079;0.579141;0.7;0.7
1.81055;-1.04013;2.08805;0.0270528;1.55001;0.7;0.7
1.71021;-1.0267;1.99472;0.0192233;1.10142;0.7;0.7
1.71508;-1.02934;2.00026;-0.000124071;-0.00710872;0.7;0.7
1.70465;-1.08247;2.0193;0.025224;1.44523;0.7;0.7
1.62607;-1.09164;1.95851;0.0254633;1.45894;0.7;0.7
1.67444;-0.975039;1.93764;-0.0639222;-3.66247;0.7;0.7
1.68661;-1.20546;2.07311;0.093229;5.34163;0.7;0.7
1.64307;-1.1627;2.01284;-0.00470494;-0.269573;0.7;0.7
1.62221;-1.1638;1.9965;0.00648764;0.371714;0.7;0.7
1.657;-1.1903;2.04021;0.000612917;0.0351176;0.7;0.7
1.47768;-1.14273;1.86798;0.0353295;2.02423;0.7;0.7
1.56957;-1.15049;1.94606;-0.0257345;-1.47448;0.7;0.7
1.61252;-1.18193;1.9993;-1.35709e-05;-0.000777554;0.7;0.7
1.49346;-1.4246;2.06396;0.12929;7.40774;0.7;0.7
1.45143;-1.36274;1.99091;-0.00791283;-0.453372;0.7;0.7
1.48556;-1.59469;2.17943;0.0669219;3.83434;0.7;0.7
1.49425;-1.37728;2.03216;-0.0761255;-4.36167;0.7;0.7
1.34538;-1.2951;1.86744;0.0216702;1.24161;0.7;0.7
1.52527;-1.36714;2.04829;-0.0355777;-2.03845;0.7;0.7
1.37607;-1.48019;2.02102;0.091056;5.21712;0.7;0.7
1.36701;-1.46491;2.00366;-0.00188003;-0.107718;0.7;0.7
1.34015;-1.46521;1.98566;0.00999194;0.572496;0.7;0.7
1.36224;-1.47624;2.00873;-0.00440885;-0.252608;0.7;0.7
1.30937;-1.5416;2.02262;0.0411343;2.35682;0.7;0.7
1.29865;-1.50246;1.98592;-0.00864411;-0.495271;0.7;0.7
1.38345;-1.47237;2.02035;-0.0415071;-2.37818;0.7;0.7
1.40565;-1.6116;2.13848;0.0370288;2.1216;0.7;0.7
1.3018;-1.5156;1.99793;0.00758731;0.434721;0.7;0.7
1.32136;-1.44692;1.95948;-0.030412;-1.74248;0.7;0.7
1.42491;-1.34133;1.95692;-0.0755334;-4.32775;0.7;0.7
1.51217;-1.39121;2.05478;-0.0114333;-0.65508;0.7;0.7
1.47463;-1.37023;2.01298;0.00495891;0.284125;0.7;0.7
1.49544;-1.30254;1.98316;-0.0321554;-1.84237;0.7;0.7
1.56246;-1.42007;2.11136;0.0211297;1.21064;0.7;0.7
1.48903;-1.26646;1.95478;-0.0328921;-1.88458;0.7;0.7
1.40403;-1.3543;1.95075;0.062569;3.58494;0.7;0.7
1.43702;-1.09842;1.80874;-0.114731;-6.57358;0.7;0.7
1.61798;-1.12794;1.97234;-0.0438437;-2.51206;0.7;0.7
1.67835;-1.35094;2.15451;0.0689393;3.94993;0.7;0.7
1.6403;-1.30857;2.09832;-0.00435918;-0.249763;0.7;0.7
1.55611;-1.28972;2.0211;0.0186875;1.07072;0.7;0.7
1.53421;-1.26564;1.98888;-0.00229494;-0.13149;0.7;0.7
1.51569;-1.27013;1.97751;0.00771021;0.441763;0.7;0.7
1.53578;-1.28979;2.00554;0.00108;0.0618795;0.7;0.7
1.62001;-1.04827;1.92958;-0.124241;-7.11848;0.7;0.7
1.69503;-1.08672;2.01347;-0.00420914;-0.241166;0.7;0.7
1.62909;-1.07249;1.95043;0.0121028;0.693442;0.7;0.7
1.72986;-1.11175;2.0563;-0.0109987;-0.630179;0.7;0.7
1.55828;-1.16521;1.94576;0.0708488;4.05934;0.7;0.7
1.62887;-1.16108;2.00033;-0.0227893;-1.30573;0.7;0.7
1.80891;-1.15153;2.14434;-0.0523831;-3.00133;0.7;0.7
1.56341;-1.16322;1.94867;0.0727781;4.16988;0.7;0.7
1.69191;-1.32024;2.14607;0.0229606;1.31555;0.7;0.7
1.45383;-1.02348;1.77796;-0.0492302;-2.82069;0.7;0.7
1.59821;-1.2654;2.03851;0.0562994;3.22572;0.7;0.7
1.48845;-1.19354;1.90788;0.00618446;0.354343;0.7;0.7
1.59161;-1.22915;2.01098;-0.018283;-1.04754;0.7;0.7
1.74919;-1.17898;2.10942;-0.0645263;-3.69709;0.7;0.7
1.65732;-1.11523;1.99761;-0.000756491;-0.0433437;0.7;0.7
1.55987;-1.09346;1.90496;0.0190751;1.09292;0.7;0.7
1.73597;-1.25503;2.14212;0.0145785;0.835288;0.7;0.7
1.58448;-1.16299;1.96548;0.00720498;0.412815;0.7;0.7
1.73031;-1.16709;2.08712;-0.0397697;-2.27864;0.7;0.7
1.65817;-1.15686;2.02184;0.0157567;0.90279;0.7;0.7
1.73562;-1.15912;2.08709;-0.0203489;-1.16591;0.7;0.7
1.64364;-1.07426;1.96357;-0.00991849;-0.568288;0.7;0.7
1.70908;-1.16172;2.06653;0.0181006;1.03709;0.7;0.7
1.51825;-1.20194;1.93642;0.0726428;4.16212;0.7;0.7
1.36039;-1.21252;1.82232;0.0583534;3.34341;0.7;0.7
1.52472;-1.3779;2.05509;0.00686613;0.3934;0.7;0.7
1.59501;-1.19965;1.9958;-0.0899957;-5.15637;0.7;0.7
1.67554;-1.12006;2.01544;-0.0556048;-3.18592;0.7;0.7
1.91045;-1.16607;2.23819;-0.0412513;-2.36353;0.7;0.7
1.79961;-1.08111;2.09938;-0.00703665;-0.40317;0.7;0.7
1.85102;-1.11877;2.16285;0.00268572;0.153881;0.7;0.7
1.69125;-1.03824;1.98451;0.00691704;0.396317;0.7;0.7
1.61219;-1.04437;1.92091;0.0242518;1.38953;0.7;0.7
1.66933;-1.0689;1.98222;-0.00528703;-0.302925;0.7;0.7
1.79438;-1.16589;2.13988;0.00666067;0.381628;0.7;0.7
1.74832;-1.16821;2.1027;0.0128576;0.736688;0.7;0.7
1.59728;-1.08724;1.9322;0.00858556;0.491916;0.7;0.7
1.62961;-1.17191;2.00724;0.0258154;1.47911;0.7;0.7
1.6138;-1.13017;1.97019;-0.0125193;-0.717301;0.7;0.7
1.6474;-1.15622;2.01265;0.00102561;0.0587632;0.7;0.7
1.67195;-1.29506;2.11485;0.0470863;2.69785;0.7;0.7
1.58131;-1.19641;1.98291;-0.0113393;-0.649697;0.7;0.7
1.60138;-1.06182;1.92142;-0.062202;-3.56391;0.7;0.7
1.68048;-1.10387;2.01061;-0.00430977;-0.246932;0.7;0.7
1.65157;-1.03524;1.9492;-0.0212892;-1.21978;0.7;0.7
1.74276;-1.12214;2.07278;0.0121598;0.696707;0.7;0.7
1.68154;-1.13011;2.02601;0.0196643;1.12668;0.7;0.7
1.68627;-1.03936;1.98085;-0.0393627;-2.25532;0.7;0.7
1.60784;-0.963563;1.87446;-0.0124718;-0.71458;0.7;0.7
1.70561;-1.0899;2.0241;0.0287143;1.64521;0.7;0.7
1.70759;-1.21053;2.09314;0.0480672;2.75405;0.7;0.7
1.89552;-1.02821;2.15644;-0.119656;-6.85578;0.7;0.7
1.82102;-0.910615;2.03601;-0.0333294;-1.90963;0.7;0.7
1.88812;-0.97543;2.1252;0.0131571;0.753844;0.7;0.7
1.80767;-0.92625;2.03116;-0.00333164;-0.190889;0.7;0.7
2.03989;-0.907026;2.23245;-0.0551276;-3.15858;0.7;0.7
1.75831;-0.822343;1.9411;0.0190762;1.09299;0.7;0.7
1.66002;-0.832456;1.85706;0.0273576;1.56748;0.7;0.7
1.75908;-0.945335;1.997;0.0282952;1.62119;0.7;0.7
1.83943;-0.930956;2.0616;-0.024597;-1.4093;0.7;0.7
1.8113;-1.06065;2.099;0.0612198;3.50764;0.7;0.7
1.72699;-1.0112;2.00126;-3.31496e-05;-0.00189933;0.7;0.7
1.76925;-0.939964;2.00344;-0.0413538;-2.3694;0.7;0.7
1.48672;-0.786972;1.68216;-0.00151684;-0.0869087;0.7;0.7
1.80098;-0.993321;2.05675;0.0171884;0.984824;0.7;0.7
1.84347;-0.944616;2.0714;-0.0305004;-1.74754;0.7;0.7
1.81109;-1.0165;2.07685;0.0379221;2.17277;0.7;0.7
1.56167;-1.02168;1.86618;0.0678912;3.88988;0.7;0.7
1.30638;-1.06311;1.68429;0.103746;5.94421;0.7;0.7
1.39386;-1.14876;1.80624;0.00621486;0.356085;0.7;0.7
1.53995;-1.29579;2.01259;0.010208;0.584873;0.7;0.7
1.53124;-1.28725;2.00042;-0.000463833;-0.0265757;0.7;0.7
1.5272;-1.31121;2.01286;0.0104017;0.595973;0.7;0.7
1.34598;-1.13236;1.75895;-0.0100321;-0.574795;0.7;0.7
1.47385;-1.39945;2.03241;0.0600964;3.44327;0.7;0.7
1.43625;-1.39141;1.99971;0.0100318;0.574782;0.7;0.7
1.52801;-1.46172;2.11458;-0.0063155;-0.361852;0.7;0.7
1.1557;-1.42016;1.83099;0.124482;7.13229;0.7;0.7
1.22829;-1.49644;1.93598;-0.00421543;-0.241526;0.7;0.7
1.27907;-1.64035;2.08009;0.0250259;1.43388;0.7;0.7
1.21297;-1.53546;1.95676;-0.00632173;-0.362208;0.7;0.7
1.31524;-1.67782;2.13188;0.00374913;0.21481;0.7;0.7
1.21702;-1.59695;2.00783;0.0136527;0.782241;0.7;0.7
1.35639;-1.71034;2.1829;-0.0192946;-1.1055;0.7;0.7
1.22228;-1.55177;1.97533;0.00331484;0.189927;0.7;0.7
1.13846;-1.60087;1.96441;0.0490037;2.8077;0.7;0.7
1.25215;-1.78145;2.17749;0.00551352;0.315901;0.7;0.7
1.06879;-1.67978;1.99097;0.0459999;2.6356;0.7;0.7
1.02385;-1.73918;2.01817;0.0345911;1.98192;0.7;0.7
1.11935;-1.67456;2.01423;-0.0571653;-3.27533;0.7;0.7
1.02546;-1.7688;2.04456;0.0638363;3.65755;0.7;0.7
0.998888;-1.5919;1.87934;-0.034984;-2.00443;0.7;0.7
1.37851;-1.52935;2.05893;-0.173193;-9.92324;0.7;0.7
1.41031;-1.70203;2.2104;0.0416326;2.38537;0.7;0.7
1.27355;-1.54567;2.00275;0.00276831;0.158612;0.7;0.7
1.1349;-1.57484;1.94117;0.0647251;3.70848;0.7;0.7
1.1303;-1.4767;1.85963;-0.0288528;-1.65314;0.7;0.7
1.1452;-1.52398;1.9063;0.00887087;0.508263;0.7;0.7
1.25674;-1.68536;2.10235;0.00369889;0.211931;0.7;0.7
1.20504;-1.61552;2.01545;-0.00015002;-0.00859549;0.7;0.7
1.22331;-1.60722;2.01981;-0.00970732;-0.556188;0.7;0.7
1.20277;-1.57397;1.98092;-0.001917;-0.109836;0.7;0.7
1.28225;-1.56095;2.02008;-0.0351834;-2.01586;0.7;0.7
1.25615;-1.56298;2.0052;0.0107003;0.613081;0.7;0.7
1.20301;-1.58061;1.98635;0.0264172;1.51359;0.7;0.7
1.28812;-1.76262;2.18314;0.0194737;1.11576;0.7;0.7
1.19205;-1.33361;1.78872;-0.0983111;-5.63281;0.7;0.7
1.19793;-1.48258;1.90607;0.0498056;2.85365;0.7;0.7
1.25133;-1.57906;2.01476;0.00948318;0.543346;0.7;0.7
1.24099;-1.55208;1.98721;-0.00435803;-0.249697;0.7;0.7
1.34187;-1.54184;2.04399;-0.041689;-2.3886;0.7;0.7
1.70583;-1.48939;2.26454;-0.136868;-7.84194;0.7;0.7
1.51385;-1.27657;1.98025;-0.0171918;-0.985015;0.7;0.7
1.4363;-1.15127;1.84076;-0.0248831;-1.42569;0.7;0.7
1.60923;-1.25926;2.04337;-0.0116924;-0.669925;0.7;0.7
1.51717;-1.15066;1.90416;-0.0151236;-0.866517;0.7;0.7
1.6681;-1.12625;2.01271;-0.0550069;-3.15166;0.7;0.7
1.4619;-0.974917;1.75716;-0.00571132;-0.327235;0.7;0.7
1.8613;-1.1236;2.17415;-0.0450425;-2.58074;0.7;0.7
1.6884;-1.03673;1.98129;0.00756351;0.433357;0.7;0.7
1.59325;-1.07337;1.92109;0.0421804;2.41676;0.7;0.7
1.65446;-1.11972;1.99775;0.00212216;0.121591;0.7;0.7
1.6628;-1.16249;2.02886;0.0151538;0.868249;0.7;0.7
1.62644;-1.17173;2.00456;0.0141753;0.812187;0.7;0.7
1.5018;-1.23184;1.94238;0.0626582;3.59005;0.7;0.7
1.74625;-1.12019;2.07466;-0.1166;-6.68069;0.7;0.7
1.67228;-1.10808;2.00608;0.0148285;0.84961;0.7;0.7
1.66766;-1.14485;2.02281;0.0164167;0.940606;0.7;0.7
1.6958;-1.1026;2.02274;-0.0250974;-1.43797;0.7;0.7
1.60748;-1.05831;1.92458;0.00572439;0.327984;0.7;0.7
1.49783;-1.02275;1.8137;0.016867;0.966407;0.7;0.7
1.74385;-1.11358;2.06908;-0.0308003;-1.76473;0.7;0.7
1.69234;-1.18665;2.06691;0.0432206;2.47636;0.7;0.7
1.77214;-1.45769;2.29463;0.0768225;4.40161;0.7;0.7
1.57947;-1.29338;2.04146;-0.00220337;-0.126244;0.7;0.7
1.61382;-1.14089;1.97637;-0.0707665;-4.05462;0.7;0.7
1.79734;-1.19497;2.15833;-0.0286313;-1.64045;0.7;0.7
1.93702;-0.980014;2.17082;-0.118357;-6.78136;0.7;0.7
1.79466;-0.900399;2.00787;-0.00337324;-0.193272;0.7;0.7
1.79226;-1.00172;2.0532;0.0446461;2.55803;0.7;0.7
1.74778;-0.972753;2.00025;-0.00179169;-0.102656;0.7;0.7
1.91095;-0.97151;2.14372;-0.0375308;-2.15036;0.7;0.7
1.86271;-0.943017;2.08782;-0.00169533;-0.0971352;0.7;0.7
1.73384;-0.912889;1.95948;0.0159885;0.916074;0.7;0.7
1.77122;-0.920805;1.99627;-0.00521393;-0.298736;0.7;0.7
1.58919;-0.849098;1.8018;0.0112884;0.646779;0.7;0.7
1.76074;-0.93823;1.99511;-0.00111649;-0.06397;0.7;0.7
1.76751;-0.921617;1.99335;-0.0089512;-0.512866;0.7;0.7
1.77312;-0.924321;1.99958;-9.86974e-05;-0.00565494;0.7;0.7
1.97998;-0.821761;2.14374;-0.08714;-4.99275;0.7;0.7
1.58656;-0.605456;1.69816;-0.0288417;-1.6525;0.7;0.7
1.86371;-0.752526;2.00991;0.019201;1.10013;0.7;0.7
1.862;-0.756586;2.00985;0.00219179;0.12558;0.7;0.7
1.89032;-0.620058;1.98942;-0.0689923;-3.95297;0.7;0.7
1.89256;-0.625937;1.99339;0.00245166;0.14047;0.7;0.7
1.82189;-0.722175;1.9598;0.0579779;3.32189;0.7;0.7
2.06198;-0.63087;2.15633;-0.0804777;-4.61103;0.7;0.7
1.8721;-0.601296;1.96629;0.0138706;0.794724;0.7;0.7
1.87659;-0.52363;1.94827;-0.0386687;-2.21555;0.7;0.7
1.99374;-0.326117;2.02024;-0.109978;-6.30125;0.7;0.7
1.99521;-0.337942;2.02363;0.00564955;0.323696;0.7;0.7
2.03683;-0.293724;2.0579;-0.0245646;-1.40745;0.7;0.7
1.78704;-0.341155;1.81932;0.0454156;2.60212;0.7;0.7
1.87396;-0.424349;1.92141;0.0340541;1.95116;0.7;0.7
1.98372;-0.0713652;1.98501;-0.186729;-10.6988;0.7;0.7
1.99408;-0.0374306;1.99443;-0.0171912;-0.984985;0.7;0.7
2.10841;-0.00902929;2.10843;-0.0144862;-0.829997;0.7;0.7
2.05168;0.0285923;2.05188;-0.0182176;-1.04379;0.7;0.7
2.07287;-0.0476486;2.07342;0.0369179;2.11524;0.7;0.7
1.97289;-0.110614;1.97599;0.0330257;1.89223;0.7;0.7
2.15174;-0.0321286;2.15198;-0.041078;-2.3536;0.7;0.7
2.04507;-0.0681484;2.04621;0.0183805;1.05313;0.7;0.7
2.10162;0.0929123;2.10367;-0.077492;-4.43996;0.7;0.7
2.04069;0.177577;2.0484;-0.0426184;-2.44186;0.7;0.7
2.0597;0.210845;2.07047;-0.0152119;-0.871577;0.7;0.7
1.87687;0.0312965;1.87713;0.0853381;4.88951;0.7;0.7
1.96231;0.192557;1.97174;-0.0811413;-4.64905;0.7;0.7
2.07167;0.302507;2.09364;-0.0471814;-2.7033;0.7;0.7
2.04487;0.383623;2.08054;-0.0404512;-2.31768;0.7;0.7
1.86906;0.366189;1.90459;-0.00802357;-0.459716;0.7;0.7
2.25014;0.43587;2.29197;0.00213289;0.122206;0.7;0.7
1.95374;0.382806;1.99088;-0.00214637;-0.122978;0.7;0.7
1.95772;0.340578;1.98712;0.0212414;1.21704;0.7;0.7
1.98632;0.322016;2.01225;0.0115237;0.660259;0.7;0.7
2.02645;0.523529;2.09299;-0.0921006;-5.27698;0.7;0.7
1.892;0.625549;1.99273;-0.0664942;-3.80984;0.7;0.7
1.88687;0.638087;1.99185;-0.00678484;-0.388743;0.7;0.7
1.85161;0.562266;1.9351;0.0312851;1.7925;0.7;0.7
1.85442;0.553438;1.93524;0.00478604;0.27422;0.7;0.7
1.9514;0.533102;2.0229;0.0233449;1.33756;0.7;0.7
1.74822;0.286187;1.77149;0.10442;5.98285;0.7;0.7
1.8758;0.344173;1.90711;-0.0192001;-1.10009;0.7;0.7
1.88916;0.473567;1.94762;-0.064152;-3.67564;0.7;0.7
1.9432;0.489954;2.00402;-0.00137477;-0.0787687;0.7;0.7
1.65461;0.292311;1.68023;0.0721285;4.13266;0.7;0.7
1.9668;0.446066;2.01675;-0.0481642;-2.7596;0.7;0.7
1.94826;0.449056;1.99934;-0.00350984;-0.201099;0.7;0.7
1.93405;0.317926;1.96001;0.0636085;3.6445;0.7;0.7
1.97315;0.524319;2.04162;-0.0967988;-5.54616;0.7;0.7
1.83666;0.457247;1.89272;0.0157291;0.901209;0.7;0.7
2.05748;0.542293;2.12775;-0.013714;-0.785756;0.7;0.7
1.9265;0.523724;1.99642;-0.00772774;-0.442767;0.7;0.7
2.017;0.2964;2.03866;0.119531;6.84865;0.7;0.7
1.89612;0.232889;1.91037;0.0236943;1.35758;0.7;0.7
2.28029;0.0296161;2.28049;0.109225;6.25812;0.7;0.7
1.99477;0.0107276;1.9948;0.00760933;0.435983;0.7;0.7
1.95581;0.00355187;1.95581;0.00356173;0.204072;0.7;0.7
2.08974;0.0576765;2.09054;-0.0257768;-1.4769;0.7;0.7
1.98963;0.0608075;1.99056;-0.00295986;-0.169587;0.7;0.7
1.86281;-0.0542878;1.8636;0.0596874;3.41983;0.7;0.7
1.96549;-0.233894;1.97935;0.0893088;5.11702;0.7;0.7
2.0441;-0.202294;2.05409;-0.0198002;-1.13447;0.7;0.7
1.96492;-0.180111;1.97316;-0.00723557;-0.414567;0.7;0.7
2.2273;-0.222873;2.23843;0.00832447;0.476957;0.7;0.7
2.16297;-0.278326;2.18081;0.028242;1.61815;0.7;0.7
1.94699;-0.204823;1.95774;-0.0231601;-1.32697;0.7;0.7
2.0662;-0.360573;2.09742;0.0679567;3.89363;0.7;0.7
1.97036;-0.343304;2.00004;-0.000268041;-0.0153576;0.7;0.7
1.82131;-0.357369;1.85604;0.0212515;1.21762;0.7;0.7
1.89288;-0.324234;1.92045;-0.024109;-1.38135;0.7;0.7
1.9764;-0.490709;2.03641;0.0737181;4.22374;0.7;0.7
1.83839;-0.502726;1.90589;0.02357;1.35046;0.7;0.7
1.92658;-0.487428;1.98729;-0.0191317;-1.09617;0.7;0.7
1.84397;-0.44639;1.89723;-0.0102901;-0.589579;0.7;0.7
1.94319;-0.470342;1.9993;-3.30456e-05;-0.00189337;0.7;0.7
1.96189;-0.560719;2.04045;0.0409056;2.34372;0.7;0.7
1.7299;-0.538777;1.81186;0.0235431;1.34892;0.7;0.7
1.92729;-0.463745;1.98229;-0.0657953;-3.76979;0.7;0.7
1.91359;-0.441135;1.96378;-0.00956286;-0.547911;0.7;0.7
2.0194;-0.281874;2.03898;-0.0878821;-5.03527;0.7;0.7
1.9227;-0.187723;1.93184;-0.0413604;-2.36977;0.7;0.7
2.3868;-0.280129;2.40318;0.0195046;1.11753;0.7;0.7
1.90424;-0.0632962;1.90529;-0.0836038;-4.79015;0.7;0.7
1.98824;-0.0893172;1.99025;0.011665;0.668357;0.7;0.7
2.0728;-0.216799;2.08411;0.0593209;3.39884;0.7;0.7
1.93286;-0.0978031;1.93533;-0.0536563;-3.07428;0.7;0.7
1.78834;0.0984923;1.79105;-0.105576;-6.04907;0.7;0.7
2.02355;0.190248;2.03248;-0.0387222;-2.21862;0.7;0.7
1.97687;0.212255;1.98823;-0.0132186;-0.75737;0.7;0.7
1.89204;0.396033;1.93304;-0.0993764;-5.69385;0.7;0.7
2.0497;0.359692;2.08102;0.0326194;1.86895;0.7;0.7
2.16669;0.327912;2.19136;0.023514;1.34725;0.7;0.7
1.7313;0.326287;1.76178;-0.0360762;-2.06701;0.7;0.7
1.87959;0.41025;1.92384;-0.0286171;-1.63964;0.7;0.7
1.99215;0.362828;2.02493;0.0347423;1.99059;0.7;0.7
1.98291;0.393251;2.02153;-0.015626;-0.895305;0.7;0.7
1.9761;0.397568;2.0157;-0.00275765;-0.158002;0.7;0.7
1.9121;0.425327;1.95883;-0.0203391;-1.16534;0.7;0.7
1.98897;0.461151;2.04173;-0.00895255;-0.512943;0.7;0.7
1.90043;0.315961;1.92652;0.0630785;3.61413;0.7;0.7
1.92652;0.353597;1.95871;-0.0167703;-0.96087;0.7;0.7
2.14885;0.448744;2.19521;-0.0243503;-1.39517;0.7;0.7
1.85054;0.333455;1.88035;0.0275912;1.58086;0.7;0.7
1.9028;0.43156;1.95113;-0.0447495;-2.56395;0.7;0.7
1.95323;0.442716;2.00277;0.000137003;0.0078497;0.7;0.7
1.85783;0.55194;1.93809;-0.0658907;-3.77526;0.7;0.7
1.95052;0.573122;2.03298;0.00299666;0.171696;0.7;0.7
2.15667;0.655103;2.25398;-0.00911282;-0.522126;0.7;0.7
1.7241;0.564331;1.81411;-0.0214289;-1.22779;0.7;0.7
1.88784;0.699904;2.01341;-0.0387051;-2.21764;0.7;0.7
1.85824;0.71936;1.99262;-0.0143195;-0.820448;0.7;0.7
1.93617;0.797295;2.09391;-0.0212754;-1.21899;0.7;0.7
1.87254;0.821855;2.04496;-0.022956;-1.31528;0.7;0.7
1.76549;0.942582;2.00135;-0.0768081;-4.40078;0.7;0.7
1.67697;0.961214;1.93291;-0.0300772;-1.7233;0.7;0.7
1.72781;0.993673;1.99316;-0.00144447;-0.0827618;0.7;0.7
1.73912;0.971983;1.99231;0.0122695;0.702989;0.7;0.7
1.70202;1.04722;1.99838;-0.0419325;-2.40255;0.7;0.7
1.63572;1.15717;2.00365;-0.064124;-3.67403;0.7;0.7
1.65592;1.08872;1.98176;0.0340898;1.9532;0.7;0.7
1.48002;1.2425;1.93243;-0.116766;-6.69017;0.7;0.7
1.42095;1.17785;1.84565;0.00624792;0.357979;0.7;0.7
1.59336;1.31932;2.06867;0.000540509;0.0309689;0.7;0.7
1.4462;1.49324;2.07877;-0.109811;-6.2917;0.7;0.7
1.34548;1.45471;1.98154;-0.0229865;-1.31703;0.7;0.7
1.34096;1.59413;2.08313;-0.0470562;-2.69612;0.7;0.7
1.13736;1.50983;1.89029;-0.0537448;-3.07935;0.7;0.7
1.23829;1.49031;1.93762;0.0476886;2.73235;0.7;0.7
1.30013;1.51069;1.99312;0.0173299;0.992928;0.7;0.7
1.3692;1.46139;2.00259;0.0422143;2.4187;0.7;0.7
1.43049;1.47351;2.05366;0.0177423;1.01656;0.7;0.7
1.36426;1.40501;1.95839;0.000100632;0.00576582;0.7;0.7
1.6267;1.45119;2.17993;0.071675;4.10667;0.7;0.7
1.57983;1.56773;2.22568;-0.0531163;-3.04334;0.7;0.7
1.43817;1.5078;2.0837;-0.0274777;-1.57435;0.7;0.7
1.33966;1.48668;2.00123;-0.0283369;-1.62358;0.7;0.7
1.29111;1.40649;1.90923;0.00922326;0.528454;0.7;0.7
1.35353;1.47918;2.005;-0.00158134;-0.0906043;0.7;0.7
1.36949;1.48725;2.02174;0.00313086;0.179385;0.7;0.7
1.35138;1.54805;2.05492;-0.0265298;-1.52004;0.7;0.7
1.20523;1.54073;1.95613;-0.053854;-3.08561;0.7;0.7
1.24236;1.57856;2.0088;0.00295822;0.169494;0.7;0.7
1.31116;1.71295;2.15716;-0.0134683;-0.771675;0.7;0.7
1.322;1.64015;2.1066;0.0250959;1.43789;0.7;0.7
1.21426;1.52672;1.95072;-0.00651101;-0.373053;0.7;0.7
1.23461;1.59364;2.01593;-0.0127639;-0.731319;0.7;0.7
1.26984;1.63499;2.07018;0.0012196;0.069878;0.7;0.7
1.21488;1.58703;1.99864;-0.00699864;-0.400993;0.7;0.7
1.219;1.47778;1.91567;0.0363826;2.08457;0.7;0.7
1.24589;1.80223;2.19095;-0.0848646;-4.86238;0.7;0.7
1.12487;1.66475;2.00916;-0.0106396;-0.609603;0.7;0.7
1.04255;1.53592;1.85633;0.00211513;0.121188;0.7;0.7
1.15756;1.63543;2.00364;0.0195975;1.12285;0.7;0.7
1.18929;1.63236;2.01966;0.0137023;0.785084;0.7;0.7
1.07401;1.83655;2.12754;-0.100476;-5.75684;0.7;0.7
0.971573;1.65073;1.91543;0.00280528;0.160731;0.7;0.7
0.91598;1.87661;2.08823;-0.0778889;-4.46271;0.7;0.7
0.943351;1.83578;2.06398;0.0205963;1.18008;0.7;0.7
0.908734;1.8219;2.03596;-0.0120067;-0.687932;0.7;0.7
0.901199;1.8096;2.02159;-0.000619336;-0.0354853;0.7;0.7
0.971542;1.74599;1.99809;0.0457217;2.61966;0.7;0.7
1.02469;1.74032;2.01958;0.0243636;1.39593;0.7;0.7
1.01105;1.73025;2.00399;-0.00331587;-0.189985;0.7;0.7
0.625276;1.61498;1.7318;-0.159424;-9.13434;0.7;0.7
0.831159;1.57026;1.77666;0.117424;6.72787;0.7;0.7
0.969776;1.76575;2.01453;0.0154168;0.883319;0.7;0.7
0.993973;1.75218;2.01448;0.0137719;0.78907;0.7;0.7
0.990258;1.75016;2.01088;-0.00111037;-0.0636198;0.7;0.7
1.16618;1.84336;2.18128;0.0491694;2.8172;0.7;0.7
1.16889;1.63068;2.00635;0.0578494;3.31453;0.7;0.7
0.944445;1.71866;1.96106;-0.119442;-6.84353;0.7;0.7
1.08212;1.7378;2.04717;0.0544607;3.12037;0.7;0.7
0.928073;1.52455;1.78482;-0.010109;-0.579201;0.7;0.7
1.04844;1.71299;2.00837;0.0024058;0.137842;0.7;0.7
0.96304;1.64209;1.90366;-0.0188237;-1.07852;0.7;0.7
0.993063;1.72216;1.98796;-0.00734687;-0.420945;0.7;0.7
0.883113;1.62486;1.84934;-0.0252252;-1.4453;0.7;0.7
0.845163;1.54837;1.76401;0.00180463;0.103398;0.7;0.7
0.756948;1.67031;1.83382;-0.0741513;-4.24856;0.7;0.7
0.989609;1.9238;2.1634;0.0496115;2.84253;0.7;0.7
0.833868;1.75586;1.94381;-0.031734;-1.81822;0.7;0.7
0.926228;1.75957;1.98846;0.0411688;2.3588;0.7;0.7
0.853062;1.83472;2.02335;-0.0493196;-2.8258;0.7;0.7
0.851626;1.71844;1.91789;0.0248853;1.42582;0.7;0.7
0.844651;1.74112;1.93518;-0.00843219;-0.483129;0.7;0.7
0.982896;1.85249;2.09709;0.0361388;2.0706;0.7;0.7
1.02161;1.74893;2.02545;0.0408583;2.34101;0.7;0.7
0.816522;1.90761;2.07502;-0.124233;-7.11804;0.7;0.7
0.726608;1.80026;1.94136;-0.0208198;-1.19289;0.7;0.7
0.778877;1.79767;1.95915;0.0252374;1.44599;0.7;0.7
0.796185;1.82555;1.99162;0.00240949;0.138053;0.7;0.7
0.693886;2.05371;2.16777;-0.0854365;-4.89515;0.7;0.7
0.63988;1.89583;2.0009;-0.000313517;-0.0179632;0.7;0.7
0.682536;1.93976;2.05634;0.0128224;0.734667;0.7;0.7
0.674046;1.81588;1.93695;0.0170942;0.979424;0.7;0.7
0.681968;1.81265;1.93669;0.00441596;0.253016;0.7;0.7
0.632648;1.76795;1.87773;-0.0162013;-0.928269;0.7;0.7
0.670441;1.77348;1.89597;0.0177856;1.01904;0.7;0.7
0.786113;1.87201;2.03036;0.0361386;2.07059;0.7;0.7
0.902617;1.92785;2.12869;0.0403154;2.3099;0.7;0.7
0.82043;1.92931;2.09651;-0.0358071;-2.05159;0.7;0.7
0.765357;1.86782;2.01855;-0.0131871;-0.755563;0.7;0.7
0.765887;1.86004;2.01155;0.00171182;0.09808;0.7;0.7
0.735478;1.85405;1.9946;-0.0129539;-0.742206;0.7;0.7
0.871159;1.72321;1.9309;0.090425;5.18097;0.7;0.7
0.87949;1.6791;1.89549;0.014423;0.826376;0.7;0.7
0.919594;1.76447;1.98973;-0.00205457;-0.117718;0.7;0.7
0.872688;1.79826;1.99883;-0.0286274;-1.64023;0.7;0.7
1.01568;1.77956;2.04901;0.06682;3.8285;0.7;0.7
0.940466;1.71794;1.95852;-0.0177592;-1.01753;0.7;0.7
0.878045;1.53339;1.76699;0.0191658;1.09812;0.7;0.7
1.1816;1.48064;1.89433;0.1535;8.79489;0.7;0.7
1.1793;1.67493;2.04845;-0.0600746;-3.44202;0.7;0.7
0.956904;1.49482;1.77487;-0.0440486;-2.5238;0.7;0.7
1.12348;1.70342;2.04055;0.0136358;0.781272;0.7;0.7
1.2382;1.55079;1.98446;0.0907307;5.19849;0.7;0.7
1.14365;1.46891;1.86162;-0.0122474;-0.701724;0.7;0.7
1.21256;1.58286;1.99393;-0.00784095;-0.449253;0.7;0.7
1.00805;1.65895;1.9412;-0.107675;-6.16933;0.7;0.7
1.11687;1.73277;2.06153;0.0265205;1.51951;0.7;0.7
1.12736;1.69301;2.03402;0.0149226;0.855002;0.7;0.7
1.07423;1.64944;1.9684;-0.0101965;-0.584215;0.7;0.7
1.03739;1.74944;2.03389;-0.0420236;-2.40778;0.7;0.7
1.06342;1.77857;2.07224;0.00363637;0.208349;0.7;0.7
1.14045;1.55476;1.92819;0.0939914;5.38531;0.7;0.7
1.20641;1.49096;1.91791;0.047425;2.71725;0.7;0.7
0.986732;1.3956;1.70919;-0.0648682;-3.71667;0.7;0.7
1.15738;1.84187;2.17532;-0.0544093;-3.11742;0.7;0.7
0.940974;1.62982;1.88195;-0.0374212;-2.14407;0.7;0.7
1.00092;1.73929;2.00673;-0.00140567;-0.0805388;0.7;0.7
1.16247;1.71219;2.06953;0.0742572;4.25462;0.7;0.7
0.988964;1.73214;1.99458;-0.0776643;-4.44984;0.7;0.7
1.07871;1.79175;2.0914;0.0231347;1.32552;0.7;0.7
0.9488;1.68287;1.93191;-0.0285438;-1.63544;0.7;0.7
1.0437;1.83847;2.11407;0.00295526;0.169324;0.7;0.7
1.09595;2.0032;2.28341;-0.0157162;-0.900469;0.7;0.7
1.16191;1.8208;2.15994;0.0673695;3.85999;0.7;0.7
1.04729;1.69927;1.99608;-0.0156544;-0.896929;0.7;0.7
1.00939;1.60103;1.89266;0.0101869;0.583667;0.7;0.7
0.810619;1.81634;1.98902;-0.142751;-8.17901;0.7;0.7
0.880973;1.87399;2.07074;0.0196813;1.12766;0.7;0.7
0.98293;1.78921;2.04143;0.0629069;3.6043;0.7;0.7
0.922992;2.0111;2.21279;-0.0720838;-4.1301;0.7;0.7
0.82035;1.82283;1.99892;-0.00738213;-0.422965;0.7;0.7
0.667105;1.93797;2.04958;-0.0913645;-5.2348;0.7;0.7
0.639301;1.89595;2.00084;-0.00630461;-0.361228;0.7;0.7
0.878186;1.97976;2.16579;0.0922848;5.28753;0.7;0.7
0.730129;1.87851;2.01542;-0.0468002;-2.68146;0.7;0.7
0.821567;1.85196;2.02601;0.0468325;2.6833;0.7;0.7
0.891637;1.85945;2.06218;0.0295898;1.69537;0.7;0.7
0.9452;1.88224;2.10624;0.0182529;1.04581;0.7;0.7
0.947567;1.73974;1.98105;0.0333556;1.91113;0.7;0.7
0.943644;1.8409;2.06867;-0.0250598;-1.43582;0.7;0.7
0.935268;1.81077;2.03804;0.00308866;0.176967;0.7;0.7
1.09239;1.80301;2.10812;0.0679638;3.89404;0.7;0.7
1.03526;1.71447;2.00279;-0.00149444;-0.0856251;0.7;0.7
1.03367;1.71153;1.99945;8.34113e-05;0.00477912;0.7;0.7
1.00802;1.58646;1.87961;0.022722;1.30187;0.7;0.7
1.21602;1.62855;2.03245;0.0753404;4.31669;0.7;0.7
1.15798;1.75296;2.1009;-0.057597;-3.30006;0.7;0.7
1.12239;1.76385;2.09067;-0.017077;-0.978438;0.7;0.7
0.85306;1.82762;2.01691;-0.130001;-7.44851;0.7;0.7
0.801402;1.81286;1.9821;-0.0204685;-1.17276;0.7;0.7
0.884668;1.82424;2.02743;0.0353006;2.02258;0.7;0.7
0.794542;1.86574;2.02787;-0.0489376;-2.80392;0.7;0.7
0.750479;1.86923;2.01426;-0.020808;-1.19221;0.7;0.7
0.7623;1.69164;1.85547;0.0415843;2.3826;0.7;0.7
0.821588;1.77899;1.95954;0.00927175;0.531232;0.7;0.7
0.867259;1.82219;2.01805;0.0115708;0.662956;0.7;0.7
0.949731;1.80001;2.0352;0.0412847;2.36544;0.7;0.7
0.945833;1.70221;1.94734;0.0216678;1.24148;0.7;0.7
0.979601;1.71231;1.97272;0.0124774;0.714901;0.7;0.7
1.14426;1.84061;2.1673;0.0365582;2.09463;0.7;0.7
1.10553;1.56614;1.91703;0.0584669;3.3499;0.7;0.7
1.10222;1.78965;2.10184;-0.062656;-3.58992;0.7;0.7
1.02898;1.70157;1.9885;-0.0081318;-0.465918;0.7;0.7
1.17427;1.54054;1.93705;0.107408;6.15403;0.7;0.7
1.16362;1.57629;1.95926;-0.0153852;-0.881505;0.7;0.7
1.31457;1.64083;2.10248;0.0395427;2.26563;0.7;0.7
1.13892;1.6804;2.03;-0.0798007;-4.57224;0.7;0.7
1.11398;1.56599;1.92179;0.0226611;1.29839;0.7;0.7
1.1914;1.63251;2.02103;0.0121346;0.69526;0.7;0.7
1.18019;1.62349;2.00713;-0.00186298;-0.106741;0.7;0.7
1.14571;1.6334;1.99516;-0.0168992;-0.968253;0.7;0.7
1.26767;1.66488;2.09256;0.0390857;2.23944;0.7;0.7
1.28901;1.62954;2.07773;0.0184782;1.05872;0.7;0.7
1.06221;1.62076;1.93782;-0.0890981;-5.10494;0.7;0.7
1.09757;1.66764;1.99642;0.00193885;0.111088;0.7;0.7
1.11444;1.69458;2.0282;-0.000353567;-0.0202579;0.7;0.7
1.05539;1.39373;1.74824;0.0663822;3.80342;0.7;0.7
1.16755;1.54367;1.93549;-0.000565456;-0.0323983;0.7;0.7
1.01112;1.49053;1.80113;-0.0514945;-2.95042;0.7;0.7
1.12288;1.65991;2.00404;-0.00129594;-0.0742521;0.7;0.7
1.24865;1.81848;2.2059;0.00694461;0.397897;0.7;0.7
0.860932;1.44281;1.68015;-0.0637116;-3.6504;0.7;0.7
1.07301;1.73276;2.03809;0.0164606;0.943123;0.7;0.7
1.01825;1.67837;1.9631;-0.00913004;-0.523113;0.7;0.7
1.17323;1.68063;2.04963;0.0641192;3.67376;0.7;0.7
1.15031;1.76899;2.1101;-0.0328848;-1.88416;0.7;0.7
0.988353;1.6144;1.89291;-0.0272074;-1.55887;0.7;0.7
1.01479;1.72165;1.99847;-0.0167399;-0.959124;0.7;0.7
0.988649;1.78035;2.03644;-0.0256989;-1.47244;0.7;0.7
1.02467;1.77683;2.05112;0.0161886;0.92754;0.7;0.7
0.906973;1.61488;1.85214;-0.0113679;-0.651336;0.7;0.7
1.1191;2.08027;2.36218;-0.0181828;-1.0418;0.7;0.7
1.30129;1.7216;2.15807;0.15369;8.80577;0.7;0.7
1.28349;1.5779;2.03399;0.035631;2.04151;0.7;0.7
1.2352;1.56704;1.99533;-0.0153421;-0.87904;0.7;0.7
1.30848;1.37618;1.89895;0.0926576;5.30889;0.7;0.7
1.61056;1.25444;2.04145;0.14888;8.53021;0.7;0.7
1.60425;1.29814;2.06368;-0.0185909;-1.06518;0.7;0.7
1.61012;1.09154;1.94524;0.0845644;4.84518;0.7;0.7
1.54001;1.26386;1.99223;-0.0914715;-5.24093;0.7;0.7
1.65463;1.31353;2.11262;0.0162471;0.930888;0.7;0.7
1.59232;1.24638;2.02212;0.00685048;0.392504;0.7;0.7
1.65895;1.33957;2.13227;-0.0151539;-0.868254;0.7;0.7
1.44318;1.29288;1.9376;-0.0512379;-2.93572;0.7;0.7
1.36009;1.31132;1.88928;-0.0366206;-2.09821;0.7;0.7
1.41769;1.28574;1.91389;0.0305144;1.74835;0.7;0.7
1.4683;1.3416;1.98892;-0.00370993;-0.212563;0.7;0.7
1.57273;1.70169;2.31716;-0.084424;-4.83714;0.7;0.7
1.3609;1.39523;1.94903;0.0269092;1.54178;0.7;0.7
1.38054;1.37663;1.94961;0.0138707;0.794735;0.7;0.7
1.46639;1.3415;1.98744;0.0430321;2.46556;0.7;0.7
1.3599;1.39194;1.94597;-0.0560906;-3.21375;0.7;0.7
1.40894;1.42379;2.00307;0.00640158;0.366783;0.7;0.7
1.54369;1.41808;2.09617;0.0476234;2.72862;0.7;0.7
1.59005;1.31151;2.06115;0.053323;3.05518;0.7;0.7
1.53719;1.29785;2.01181;-0.0114836;-0.657964;0.7;0.7
1.50052;1.51736;2.134;-0.0898028;-5.14532;0.7;0.7
1.4792;1.3307;1.98967;0.0583821;3.34505;0.7;0.7
1.59193;1.48355;2.17605;-0.0175765;-1.00706;0.7;0.7
1.53359;1.31105;2.01761;0.0428478;2.455;0.7;0.7
1.41284;1.23717;1.87795;-0.0118763;-0.680463;0.7;0.7
1.5705;1.28534;2.02942;0.0333268;1.90949;0.7;0.7
1.55706;1.26273;2.00473;0.00448073;0.256727;0.7;0.7
1.39784;1.0303;1.73651;0.0462223;2.64834;0.7;0.7
1.69917;1.14744;2.05032;0.0412194;2.3617;0.7;0.7
1.80573;1.11569;2.1226;0.040505;2.32077;0.7;0.7
1.81928;1.17988;2.16839;-0.0219038;-1.25499;0.7;0.7
1.71822;1.23261;2.11462;-0.0469394;-2.68943;0.7;0.7
1.59931;1.11983;1.95238;0.011436;0.655237;0.7;0.7
1.70959;1.10145;2.03369;0.0385113;2.20653;0.7;0.7
1.59217;0.960133;1.85927;0.0296974;1.70154;0.7;0.7
1.57582;1.1085;1.92666;-0.070387;-4.03288;0.7;0.7
1.59373;1.04343;1.90492;0.0333557;1.91114;0.7;0.7
1.58792;0.973277;1.86246;0.0298098;1.70798;0.7;0.7
1.43254;1.20324;1.87082;-0.148756;-8.52309;0.7;0.7
1.54108;1.23656;1.97586;0.0224216;1.28466;0.7;0.7
1.52439;1.15369;1.91175;0.0283514;1.62442;0.7;0.7
1.58306;1.10415;1.93009;0.038817;2.22405;0.7;0.7
1.89582;1.02965;2.15738;0.111493;6.3881;0.7;0.7
2.01542;0.916772;2.21414;0.0706374;4.04723;0.7;0.7
1.80633;0.867816;2.00398;-0.0209668;-1.20131;0.7;0.7
1.72697;1.06909;2.0311;-0.106442;-6.09866;0.7;0.7
1.67151;1.02197;1.95917;0.00554932;0.317953;0.7;0.7
1.65864;1.05109;1.96364;-0.0160755;-0.921055;0.7;0.7
1.68674;1.08324;2.00462;-0.00603982;-0.346056;0.7;0.7
1.65251;0.965295;1.91379;0.0422024;2.41802;0.7;0.7
1.79826;1.0028;2.05897;0.019975;1.14448;0.7;0.7
1.63262;1.03088;1.93085;-0.0545071;-3.12303;0.7;0.7
1.69021;1.17671;2.05947;-0.044957;-2.57585;0.7;0.7
1.66808;0.980485;1.9349;0.0767683;4.3985;0.7;0.7
1.59919;0.913771;1.84185;0.0122753;0.703326;0.7;0.7
1.7778;1.13434;2.10886;-0.0488131;-2.79678;0.7;0.7
1.94297;0.760273;2.08642;0.194956;11.1701;0.7;0.7
1.84225;0.733826;1.98302;-0.00608958;-0.348907;0.7;0.7
1.90804;0.738227;2.04587;0.00990204;0.567345;0.7;0.7
1.85244;0.83374;2.03142;-0.053752;-3.07976;0.7;0.7
2.01187;0.865705;2.19022;0.0165674;0.949243;0.7;0.7
1.72462;0.612059;1.83001;0.0653212;3.74263;0.7;0.7
1.81793;0.832244;1.99937;-0.0882908;-5.05869;0.7;0.7
2.15032;0.781354;2.28788;0.0807879;4.62881;0.7;0.7
1.88515;0.569186;1.96921;0.0553049;3.16874;0.7;0.7
1.91886;0.577186;2.00379;0.00104051;0.0596168;0.7;0.7
1.97822;0.714277;2.10322;-0.0543165;-3.11211;0.7;0.7
1.83347;0.654665;1.94684;0.00354927;0.203358;0.7;0.7
1.85923;0.802109;2.02488;-0.0643412;-3.68648;0.7;0.7
1.79888;0.881803;2.00339;-0.0484778;-2.77757;0.7;0.7
1.46986;0.974191;1.76339;-0.129532;-7.42164;0.7;0.7
1.74595;1.11022;2.06904;0.0189182;1.08393;0.7;0.7
1.7212;1.07578;2.02974;0.0077746;0.445452;0.7;0.7
1.83722;1.16891;2.17755;-0.00802913;-0.460036;0.7;0.7
1.71917;1.36888;2.19758;-0.105807;-6.06232;0.7;0.7
1.63727;1.33584;2.11308;-0.011909;-0.682337;0.7;0.7
1.46171;1.00684;1.77491;0.0811796;4.65125;0.7;0.7
1.59595;1.25279;2.02892;-0.0623371;-3.57165;0.7;0.7
1.567;1.15477;1.94653;0.0304336;1.74372;0.7;0.7
1.82573;1.16284;2.1646;0.0679579;3.8937;0.7;0.7
1.69999;1.08483;2.01664;-0.000870493;-0.0498756;0.7;0.7
1.76662;1.33651;2.21522;-0.0796745;-4.56501;0.7;0.7
1.47846;1.25556;1.93965;-0.0563807;-3.23038;0.7;0.7
1.65519;1.2935;2.10066;0.0407042;2.33218;0.7;0.7
1.54867;1.23826;1.98285;-0.0111279;-0.637584;0.7;0.7
1.51054;1.27058;1.97386;-0.0248557;-1.42413;0.7;0.7
1.60795;1.30603;2.07153;0.0171706;0.983803;0.7;0.7
1.5382;1.27924;2.00063;-0.0115815;-0.663572;0.7;0.7
1.52027;1.29235;1.99534;-0.0108009;-0.618848;0.7;0.7
1.54849;1.23617;1.9814;0.0308333;1.76662;0.7;0.7
1.49895;1.33727;2.00877;-0.0547485;-3.13686;0.7;0.7
1.54139;1.26453;1.99372;0.0414096;2.3726;0.7;0.7
1.65084;1.17559;2.02665;0.0682346;3.90955;0.7;0.7
1.89101;1.07379;2.17461;0.102376;5.8657;0.7;0.7
1.43539;0.824579;1.65537;-0.00499597;-0.286248;0.7;0.7
1.57966;0.911067;1.82356;-0.00171526;-0.0982772;0.7;0.7
1.74328;1.09276;2.05746;-0.036778;-2.10723;0.7;0.7
1.69681;1.08298;2.01296;-0.00814256;-0.466534;0.7;0.7
1.7941;1.0028;2.05533;0.0583828;3.34509;0.7;0.7
1.72156;0.976903;1.97942;-0.00645787;-0.370009;0.7;0.7
1.7862;1.00185;2.04797;0.004981;0.28539;0.7;0.7
1.73636;0.979352;1.99351;-0.00238622;-0.13672;0.7;0.7
1.74243;0.988668;2.00338;-0.00256245;-0.146817;0.7;0.7
1.72506;1.29101;2.15465;-0.126357;-7.23974;0.7;0.7
1.67006;1.24176;2.08112;0.00311422;0.178432;0.7;0.7
1.75345;1.29581;2.1803;0.00292638;0.167669;0.7;0.7
1.60531;1.2348;2.02528;-0.0192482;-1.10284;0.7;0.7
1.59725;1.35765;2.09629;-0.0488155;-2.79692;0.7;0.7
1.62907;1.39381;2.14396;-0.00323759;-0.1855;0.7;0.7
1.5925;1.3829;2.10914;-0.00734222;-0.420678;0.7;0.7
1.56757;1.28432;2.02652;0.0286668;1.64249;0.7;0.7
1.88546;1.3091;2.29537;0.079504;4.55524;0.7;0.7
1.44036;1.03847;1.77568;-0.0177706;-1.01818;0.7;0.7
1.74061;1.24723;2.14133;0.00292515;0.167599;0.7;0.7
1.72758;1.04913;2.02118;0.0759882;4.3538;0.7;0.7
1.61314;0.82957;1.81394;0.0707674;4.05468;0.7;0.7
1.98175;0.909706;2.18057;0.044642;2.5578;0.7;0.7
1.7985;0.763633;1.9539;0.0288205;1.65129;0.7;0.7
1.71396;0.650681;1.83331;0.0386978;2.21722;0.7;0.7
1.87326;0.620269;1.97328;0.0430739;2.46795;0.7;0.7
2.02635;0.731432;2.15431;-0.0266506;-1.52697;0.7;0.7
2.04771;0.805362;2.20039;-0.0283105;-1.62207;0.7;0.7
2.06359;0.758345;2.19852;0.0225476;1.29188;0.7;0.7
1.87878;0.707802;2.00768;-0.0081219;-0.46535;0.7;0.7
1.99919;0.875293;2.18241;-0.0523907;-3.00177;0.7;0.7
1.94649;0.707462;2.07107;0.0640702;3.67095;0.7;0.7
1.88205;0.653864;1.9924;0.0142359;0.815657;0.7;0.7
1.81577;0.66108;1.93237;-0.0147842;-0.84707;0.7;0.7
1.93741;0.665206;2.04843;0.0184229;1.05555;0.7;0.7
2.06912;0.64744;2.16805;0.0274823;1.57462;0.7;0.7
1.92832;0.433637;1.97648;0.0820562;4.70148;0.7;0.7
1.92171;0.457017;1.97531;-0.0122819;-0.7037;0.7;0.7
2.1257;0.392014;2.16155;0.051113;2.92856;0.7;0.7
1.94138;0.360966;1.97466;-0.00146577;-0.0839823;0.7;0.7
1.89343;0.464575;1.94959;-0.0567756;-3.253;0.7;0.7
1.97806;0.410535;2.02022;0.0359699;2.06092;0.7;0.7
1.97087;0.409172;2.0129;-6.30026e-05;-0.00360978;0.7;0.7
1.94471;0.369157;1.97944;0.0171077;0.980199;0.7;0.7
1.68891;0.386623;1.73259;-0.0374473;-2.14557;0.7;0.7
1.84506;0.595492;1.93878;-0.0871539;-4.99355;0.7;0.7
1.99205;0.627633;2.08859;0.00697175;0.399452;0.7;0.7
1.91448;0.598201;2.00576;0.00237338;0.135985;0.7;0.7
2.11872;0.451568;2.16631;0.0928599;5.32048;0.7;0.7
2.0174;0.421539;2.06097;0.00400229;0.229314;0.7;0.7
2.22709;0.409298;2.26438;0.0242343;1.38853;0.7;0.7
1.95324;0.373519;1.98863;-0.00719571;-0.412284;0.7;0.7
1.89218;0.0883535;1.89425;0.142289;8.15256;0.7;0.7
2.0403;-0.00201146;2.0403;0.0476459;2.72991;0.7;0.7
1.89679;-0.237498;1.9116;0.123576;7.0804;0.7;0.7
1.99487;-0.249971;2.01047;9.50773e-05;0.00544753;0.7;0.7
2.06409;-0.310295;2.08728;0.024556;1.40696;0.7;0.7
2.13544;-0.272559;2.15276;-0.0222634;-1.2756;0.7;0.7
1.81045;-0.326404;1.83964;0.0514227;2.9463;0.7;0.7
1.95849;-0.388641;1.99668;0.0175217;1.00392;0.7;0.7
1.94019;-0.619241;2.03662;0.11305;6.47731;0.7;0.7
2.01623;-0.748625;2.15072;0.0465782;2.66873;0.7;0.7
1.87265;-0.583281;1.96138;-0.0535733;-3.06952;0.7;0.7
1.85194;-0.602743;1.94756;0.0127029;0.727822;0.7;0.7
1.94881;-0.532476;2.02025;-0.0479317;-2.74629;0.7;0.7
1.81308;-0.586312;1.90553;0.0460437;2.63811;0.7;0.7
1.8356;-0.595478;1.92977;0.000929235;0.0532412;0.7;0.7
1.94003;-0.51591;2.00746;-0.0537804;-3.08139;0.7;0.7
1.82956;-0.472118;1.88949;-0.00737235;-0.422404;0.7;0.7
2.13675;-0.448847;2.18339;-0.045491;-2.60644;0.7;0.7
1.78102;-0.633411;1.8903;0.134646;7.71462;0.7;0.7
1.99435;-0.791727;2.14576;0.0362086;2.0746;0.7;0.7
1.92884;-0.574747;2.01265;-0.0883058;-5.05955;0.7;0.7
1.91872;-0.574268;2.00282;0.00121309;0.069505;0.7;0.7
1.99504;-0.635858;2.09392;0.0177293;1.01581;0.7;0.7
1.84948;-0.685992;1.9726;0.0466398;2.67226;0.7;0.7
1.90983;-0.551771;1.98794;-0.0739278;-4.23575;0.7;0.7
1.90707;-0.537712;1.98143;-0.00642984;-0.368402;0.7;0.7
2.04661;-0.521295;2.11195;-0.0254145;-1.45615;0.7;0.7
1.81634;-0.694527;1.9446;0.115814;6.63566;0.7;0.7
1.77208;-0.682487;1.89896;0.00240271;0.137665;0.7;0.7
1.88129;-0.708579;2.0103;-0.00741222;-0.424689;0.7;0.7
1.97989;-0.66967;2.09008;-0.0340572;-1.95133;0.7;0.7
1.84264;-0.622282;1.94488;-0.00047006;-0.0269324;0.7;0.7
1.88544;-0.656374;1.99643;0.00932019;0.534007;0.7;0.7
1.90694;-0.658686;2.0175;-0.00242129;-0.13873;0.7;0.7
1.86675;-0.880241;2.06388;0.108034;6.18988;0.7;0.7
1.8096;-0.872576;2.00899;0.00868222;0.497454;0.7;0.7
1.79346;-0.753348;1.94526;-0.0516271;-2.95802;0.7;0.7
1.90461;-0.778098;2.05742;-0.00983203;-0.563334;0.7;0.7
1.9466;-0.898908;2.14413;0.0447686;2.56505;0.7;0.7
1.85506;-0.829176;2.03194;-0.0122687;-0.702944;0.7;0.7
1.88714;-0.826703;2.06027;-0.00745061;-0.426888;0.7;0.7
1.67232;-0.841477;1.87209;0.0532973;3.05371;0.7;0.7
1.7623;-0.809288;1.93923;-0.0356901;-2.04489;0.7;0.7
1.81739;-0.668044;1.93628;-0.0782444;-4.48307;0.7;0.7
1.73593;-0.615065;1.84167;-0.01174;-0.672651;0.7;0.7
1.85222;-0.635473;1.9582;-0.0100107;-0.573572;0.7;0.7
1.95851;-0.591185;2.04579;-0.0373452;-2.13972;0.7;0.7
2.04378;-0.681734;2.15449;0.0288012;1.65019;0.7;0.7
1.79851;-0.647231;1.91142;0.0234827;1.34546;0.7;0.7
1.88886;-0.792582;2.04841;0.0518533;2.97098;0.7;0.7
1.81949;-0.771582;1.97633;0.0037842;0.216818;0.7;0.7
1.80436;-0.488786;1.8694;-0.136537;-7.82298;0.7;0.7
1.97583;-0.732742;2.10733;0.0905867;5.19024;0.7;0.7
1.8424;-0.964741;2.0797;0.127246;7.29065;0.7;0.7
1.54456;-0.904512;1.78992;0.0473962;2.7156;0.7;0.7
1.73803;-1.0409;2.02589;0.00983843;0.563701;0.7;0.7
1.72961;-1.04304;2.01977;0.00304736;0.174601;0.7;0.7
1.85322;-1.15415;2.18323;0.0143467;0.822006;0.7;0.7
1.69115;-0.89444;1.91311;-0.0705085;-4.03984;0.7;0.7
1.94828;-0.750448;2.08782;-0.118826;-6.80821;0.7;0.7
1.87892;-0.734193;2.01727;0.00484068;0.277351;0.7;0.7
1.95187;-0.763447;2.09587;0.000331145;0.0189732;0.7;0.7
1.86199;-0.616235;1.96131;-0.0532319;-3.04996;0.7;0.7
1.92005;-0.636551;2.02281;0.00051639;0.0295869;0.7;0.7
1.88203;-0.653043;1.99211;0.013864;0.794351;0.7;0.7
1.62107;-0.480396;1.69076;-0.0458899;-2.6293;0.7;0.7
1.96485;-0.690649;2.0827;0.0499119;2.85974;0.7;0.7
1.91141;-0.647168;2.018;-0.011546;-0.661538;0.7;0.7
1.89097;-0.631824;1.99373;-0.00400093;-0.229236;0.7;0.7
1.94358;-0.650756;2.04963;0.000625786;0.0358549;0.7;0.7
1.8304;-0.586405;1.92204;-0.0130517;-0.747808;0.7;0.7
1.8518;-0.541962;1.92948;-0.0253223;-1.45086;0.7;0.7
1.66142;-0.530918;1.74419;0.024584;1.40856;0.7;0.7
1.8732;-0.554748;1.95362;-0.0213796;-1.22496;0.7;0.7
1.89796;-0.334407;1.92719;-0.113518;-6.50411;0.7;0.7
2.0234;-0.248377;2.03859;-0.0522617;-2.99438;0.7;0.7
1.98661;-0.239458;2.00099;-0.0021842;-0.125145;0.7;0.7
1.6104;-0.289723;1.63626;0.0580457;3.32577;0.7;0.7
1.95478;-0.432969;2.00215;0.0399711;2.29017;0.7;0.7
1.88912;-0.398109;1.93062;-0.0102754;-0.588739;0.7;0.7
1.97761;-0.389713;2.01564;-0.0131286;-0.752211;0.7;0.7
1.92258;-0.360584;1.9561;-0.00917093;-0.525455;0.7;0.7
1.94489;-0.361196;1.97815;-0.00177531;-0.101718;0.7;0.7
2.0776;-0.430614;2.12176;0.0207478;1.18876;0.7;0.7
2.0469;-0.469643;2.10009;0.0211661;1.21273;0.7;0.7
1.93954;-0.449036;1.99084;0.00197063;0.112909;0.7;0.7
1.95899;-0.648166;2.06344;0.0920214;5.27244;0.7;0.7
1.82128;-0.700824;1.95147;0.0478026;2.73889;0.7;0.7
1.70241;-0.654911;1.82404;-8.83958e-05;-0.00506471;0.7;0.7
1.77201;-0.349911;1.80622;-0.172286;-9.87124;0.7;0.7
1.86407;-0.465712;1.92137;0.049866;2.85711;0.7;0.7
1.86668;-0.533938;1.94154;0.0337731;1.93506;0.7;0.7
1.63197;-0.388559;1.67759;-0.0448573;-2.57013;0.7;0.7
1.95684;-0.465355;2.01141;-0.000266853;-0.0152895;0.7;0.7
1.93838;-0.461183;1.99248;0.000106268;0.00608873;0.7;0.7
1.84967;-0.448335;1.90323;0.00422117;0.241855;0.7;0.7
1.89047;-0.393022;1.93089;-0.0328235;-1.88065;0.7;0.7
1.95989;-0.415851;2.00352;0.00410321;0.235097;0.7;0.7
1.99125;-0.466578;2.04519;0.0210813;1.20787;0.7;0.7
1.94898;-0.425359;1.99486;-0.0152841;-0.875712;0.7;0.7
2.02879;-0.539692;2.09935;0.0451183;2.58509;0.7;0.7
1.93074;-0.409177;1.97362;-0.051158;-2.93114;0.7;0.7
1.80413;-0.591176;1.89852;0.107815;6.17736;0.7;0.7
1.86558;-0.584742;1.95507;-0.0129143;-0.739935;0.7;0.7
1.90051;-0.444303;1.95176;-0.0740826;-4.24462;0.7;0.7
1.92781;-0.425983;1.97431;-0.012183;-0.698035;0.7;0.7
1.87794;-0.506517;1.94505;0.0459777;2.63433;0.7;0.7
1.7479;-0.676886;1.87439;0.106022;6.07464;0.7;0.7
1.73014;-0.789111;1.9016;0.0584392;3.34832;0.7;0.7
1.86501;-0.796;2.02778;-0.0245118;-1.40442;0.7;0.7
1.78428;-0.579806;1.87612;-0.0892114;-5.11144;0.7;0.7
1.9024;-0.571374;1.98635;-0.0224173;-1.28442;0.7;0.7
1.91164;-0.574686;1.99615;0.000258286;0.0147987;0.7;0.7
1.97606;-0.572377;2.05729;-0.0100905;-0.578141;0.7;0.7
1.76857;-0.695533;1.90042;0.0927559;5.31452;0.7;0.7
1.878;-0.689679;2.00064;-0.0227443;-1.30315;0.7;0.7
2.01319;-0.816036;2.17229;0.033155;1.89964;0.7;0.7
1.988;-0.924745;2.19255;0.0502866;2.88121;0.7;0.7
1.82072;-0.831509;2.00161;-0.00698747;-0.400353;0.7;0.7
1.78106;-0.759351;1.93617;-0.0253928;-1.4549;0.7;0.7
1.62277;-0.902646;1.85692;0.104608;5.99359;0.7;0.7
1.8668;-1.0107;2.12284;-0.0113984;-0.653083;0.7;0.7
1.42303;-1.05892;1.77379;0.143515;8.22282;0.7;0.7
1.85838;-1.07139;2.1451;-0.116764;-6.69009;0.7;0.7
1.86061;-1.14492;2.18465;0.0286537;1.64173;0.7;0.7
1.69104;-1.05318;1.99218;0.00538676;0.308638;0.7;0.7
1.35845;-1.07603;1.73298;0.112893;6.46828;0.7;0.7
1.51074;-1.11616;1.87834;-0.0336011;-1.9252;0.7;0.7
1.59863;-1.19583;1.99641;0.00593803;0.340224;0.7;0.7
1.69362;-1.24624;2.10273;-0.00786125;-0.450417;0.7;0.7
1.68375;-1.09933;2.01085;-0.0559661;-3.20662;0.7;0.7
1.69533;-1.14054;2.04327;0.0137882;0.790007;0.7;0.7
1.65364;-1.20078;2.04362;0.0358536;2.05426;0.7;0.7
1.62063;-1.16532;1.9961;-0.00465894;-0.266938;0.7;0.7
1.71714;-1.28062;2.14209;0.0173974;0.996799;0.7;0.7
1.76243;-1.18338;2.12286;-0.0494889;-2.8355;0.7;0.7
1.83268;-1.19557;2.18818;-0.0132734;-0.760511;0.7;0.7
1.68988;-1.00332;1.96529;-0.0422438;-2.42039;0.7;0.7
1.75636;-0.990722;2.01651;-0.0222035;-1.27217;0.7;0.7
1.5569;-1.15485;1.93846;0.12462;7.14018;0.7;0.7
1.6073;-1.187;1.9981;-0.00209987;-0.120314;0.7;0.7
1.53534;-1.20097;1.94926;0.0276961;1.58687;0.7;0.7
1.58839;-1.24493;2.01812;0.000961092;0.0550665;0.7;0.7
1.55889;-1.42296;2.11068;0.0750784;4.30168;0.7;0.7
