#1 AntVel X	#2 AntVel Y	#3 Speed	#4 Turning Angle Rad		#5 Turning Angle Deg	#6 Detected Phero Left	#7 Detected Phero Right	
-1.82265;-0.979106;2.06898;-0.0286731;-1.64285;0.7;0.7
-1.72304;-0.9029;1.94527;0.0102787;0.588924;0.7;0.7
-1.84998;-0.868242;2.04359;0.0438677;2.51343;0.7;0.7
-1.95244;-0.769512;2.09862;0.0633738;3.63105;0.7;0.7
-1.92784;-0.672985;2.04193;0.0395714;2.26727;0.7;0.7
-1.90656;-0.513578;1.97452;0.0727345;4.16738;0.7;0.7
-1.95741;-0.526797;2.02706;0.000227314;0.0130241;0.7;0.7
-2.06837;-0.692737;2.18129;-0.0602767;-3.4536;0.7;0.7
-1.93594;-0.927629;2.14671;-0.123661;-7.08528;0.7;0.7
-1.81361;-0.782855;1.97536;0.0393445;2.25428;0.7;0.7
-1.54097;-0.843574;1.75676;-0.0933728;-5.34987;0.7;0.7
-1.96549;-1.01424;2.21174;0.0244836;1.40281;0.7;0.7
-1.68125;-0.83914;1.87903;0.0134416;0.770145;0.7;0.7
-1.75856;-1.12524;2.08775;-0.106274;-6.08907;0.7;0.7
-1.72511;-1.28585;2.15161;-0.0713176;-4.0862;0.7;0.7
-1.60635;-1.10884;1.9519;0.0363568;2.08309;0.7;0.7
-1.68329;-1.12165;2.02276;0.0163982;0.939547;0.7;0.7
-1.70592;-1.22574;2.10062;-0.0352711;-2.02089;0.7;0.7
-1.47399;-1.25853;1.93818;-0.0836632;-4.79355;0.7;0.7
-1.54406;-1.29114;2.01275;0.0102882;0.589468;0.7;0.7
-1.41911;-1.24659;1.88888;-0.0243425;-1.39472;0.7;0.7
-1.59208;-1.27073;2.03702;0.0471516;2.70159;0.7;0.7
-1.56295;-1.24948;2.001;-0.000781059;-0.0447514;0.7;0.7
-1.69826;-1.35039;2.16971;0.00261468;0.14981;0.7;0.7
-1.60289;-1.39199;2.12295;-0.0433101;-2.48149;0.7;0.7
-1.52694;-1.34338;2.03376;-0.00644257;-0.369132;0.7;0.7
-1.56755;-1.22111;1.98704;0.0597358;3.42261;0.7;0.7
-1.37054;-1.27597;1.87256;-0.0878819;-5.03526;0.7;0.7
-1.5626;-1.23472;1.99154;0.0809631;4.63885;0.7;0.7
-1.54732;-1.23395;1.9791;-0.00447919;-0.256639;0.7;0.7
-1.60058;-1.28796;2.05444;-0.00439526;-0.25183;0.7;0.7
-1.59144;-1.22336;2.00731;0.022223;1.27328;0.7;0.7
-1.81799;-1.14416;2.14807;0.0936422;5.36531;0.7;0.7
-1.68858;-1.06817;1.99807;-0.00230625;-0.132138;0.7;0.7
-1.67878;-1.01433;1.96142;0.0205263;1.17607;0.7;0.7
-1.79434;-0.919194;2.01607;0.0700874;4.01571;0.7;0.7
-1.85598;-0.890227;2.05843;0.0261808;1.50005;0.7;0.7
-1.82285;-0.801458;1.99126;0.0330049;1.89104;0.7;0.7
-1.64551;-0.891465;1.87147;-0.0822585;-4.71306;0.7;0.7
-1.87668;-0.889305;2.07673;0.0539663;3.09204;0.7;0.7
-1.74353;-1.01193;2.01591;-0.0833501;-4.77561;0.7;0.7
-1.79908;-1.26923;2.20174;-0.0885223;-5.07195;0.7;0.7
-1.8132;-1.20372;2.17638;0.0283392;1.62372;0.7;0.7
-1.60927;-0.938418;1.8629;0.0581354;3.33092;0.7;0.7
-1.88862;-1.00496;2.13936;0.0389166;2.22976;0.7;0.7
-1.69763;-0.800661;1.87697;0.0483087;2.76788;0.7;0.7
-1.88784;-0.868211;2.07791;0.00964477;0.552605;0.7;0.7
-2.00263;-0.63709;2.10152;0.123051;7.05031;0.7;0.7
-1.8862;-0.458698;1.94117;0.0694465;3.97899;0.7;0.7
-1.95255;-0.469743;2.00826;0.00246344;0.141145;0.7;0.7
-1.9397;-0.533489;2.01172;-0.0323081;-1.85112;0.7;0.7
-1.63869;-0.711233;1.78638;-0.14109;-8.08388;0.7;0.7
-1.87265;-0.709155;2.00243;0.0474889;2.72091;0.7;0.7
-1.73981;-0.838109;1.93116;-0.0869176;-4.98001;0.7;0.7
-1.92823;-0.792044;2.08456;0.0591693;3.39015;0.7;0.7
-2.1793;-0.738388;2.301;0.0630719;3.61375;0.7;0.7
-1.89663;-0.593635;1.98736;0.0233427;1.33744;0.7;0.7
-1.91703;-0.750014;2.05853;-0.0695935;-3.98741;0.7;0.7
-1.86951;-0.725102;2.0052;0.00293501;0.168164;0.7;0.7
-1.71602;-0.810583;1.89783;-0.0713003;-4.0852;0.7;0.7
-1.80086;-0.836295;1.98557;0.00654238;0.374851;0.7;0.7
-1.82574;-0.934502;2.05101;-0.0383282;-2.19604;0.7;0.7
-1.74359;-0.839273;1.93507;0.0244664;1.40182;0.7;0.7
-1.86716;-0.810711;2.03557;0.0389819;2.2335;0.7;0.7
-1.97575;-0.749567;2.11316;0.047025;2.69433;0.7;0.7
-1.86552;-0.732134;2.00404;-0.0113788;-0.651959;0.7;0.7
-1.90852;-1.07624;2.19106;-0.139474;-7.99128;0.7;0.7
-1.66982;-1.04413;1.96939;-0.0453481;-2.59826;0.7;0.7
-1.81375;-0.996579;2.06951;0.0563812;3.23041;0.7;0.7
-1.45862;-0.921861;1.72552;-0.0611961;-3.50628;0.7;0.7
-1.82359;-0.921585;2.04323;0.0956898;5.48262;0.7;0.7
-1.86552;-0.976936;2.10584;-0.0144788;-0.829572;0.7;0.7
-1.62245;-1.01842;1.9156;-0.0781292;-4.47647;0.7;0.7
-1.67936;-1.0675;1.98993;-0.00568456;-0.325702;0.7;0.7
-1.70669;-1.10169;2.03139;-0.00698633;-0.400287;0.7;0.7
-1.83461;-1.68282;2.48951;-0.16906;-9.68641;0.7;0.7
-1.46225;-1.33312;1.97874;0.00303542;0.173917;0.7;0.7
-1.52905;-1.46738;2.11924;-0.0255818;-1.46573;0.7;0.7
-1.29984;-1.41584;1.92203;-0.0632667;-3.62491;0.7;0.7
-1.35091;-1.47094;1.99716;0.000175979;0.0100828;0.7;0.7
-1.32464;-1.43615;1.95376;0.00214365;0.122822;0.7;0.7
-1.57466;-1.54727;2.20762;0.0491399;2.81551;0.7;0.7
-1.37588;-1.34345;1.92299;0.00315031;0.1805;0.7;0.7
-1.30596;-1.31747;1.85506;-0.0163123;-0.934626;0.7;0.7
-1.66312;-1.50028;2.23983;0.0558197;3.19823;0.7;0.7
-1.39482;-1.33021;1.92743;-0.0277261;-1.58859;0.7;0.7
-1.30878;-1.2656;1.82062;-0.00693201;-0.397175;0.7;0.7
-1.44091;-1.40106;2.00977;-0.0027489;-0.1575;0.7;0.7
-1.3916;-1.43055;1.99575;-0.0278226;-1.59412;0.7;0.7
-1.5592;-1.47693;2.14766;0.0408907;2.34286;0.7;0.7
-1.45431;-1.37503;2.00143;0.000920312;0.05273;0.7;0.7
-1.57391;-1.27891;2.028;0.0750285;4.29882;0.7;0.7
-1.56606;-1.24201;1.99878;0.0118491;0.678902;0.7;0.7
-1.65108;-1.16472;2.02056;0.0561482;3.21705;0.7;0.7
-1.61612;-1.16178;1.99037;-0.00891505;-0.510795;0.7;0.7
-1.55961;-1.24654;1.99656;-0.0510187;-2.92316;0.7;0.7
-1.63971;-1.13832;1.9961;0.0674561;3.86495;0.7;0.7
-1.64317;-1.1406;2.00024;5.2035e-05;0.00298139;0.7;0.7
-1.79911;-1.08594;2.10144;0.0637245;3.65115;0.7;0.7
-1.82154;-1.06114;2.10809;0.01557;0.892097;0.7;0.7
-1.73257;-0.872539;1.93987;0.0609595;3.49272;0.7;0.7
-1.78659;-1.00721;2.05094;-0.0468134;-2.68221;0.7;0.7
-1.75374;-0.953933;1.9964;0.0151664;0.868973;0.7;0.7
-1.88582;-1.12904;2.19797;-0.0412846;-2.36543;0.7;0.7
-1.72353;-1.05138;2.0189;-0.00828608;-0.474757;0.7;0.7
-1.71777;-1.09976;2.03966;-0.0217201;-1.24447;0.7;0.7
-1.71666;-1.08349;2.03;0.00645053;0.369588;0.7;0.7
-1.68166;-1.13109;2.02666;-0.0290812;-1.66623;0.7;0.7
-1.64297;-1.22191;2.04754;-0.0473686;-2.71402;0.7;0.7
-1.49137;-1.14124;1.87793;-0.0137072;-0.785362;0.7;0.7
-1.63953;-1.08315;1.96501;0.0693522;3.97359;0.7;0.7
-1.66512;-1.24845;2.08116;-0.0595261;-3.41059;0.7;0.7
-1.58377;-1.06305;1.90746;0.0522084;2.99132;0.7;0.7
-1.76236;-0.878104;1.96901;0.128893;7.38502;0.7;0.7
-1.77099;-0.912778;1.99238;-0.013647;-0.781916;0.7;0.7
-1.88061;-1.01878;2.13883;-0.0205728;-1.17874;0.7;0.7
-2.08709;-1.01104;2.31909;0.0453603;2.59896;0.7;0.7
-1.79223;-0.865479;1.99026;0.00122988;0.0704672;0.7;0.7
-1.8164;-0.863076;2.01102;0.00630115;0.361029;0.7;0.7
-1.82386;-0.823232;2.00105;0.0195873;1.12227;0.7;0.7
-1.8577;-0.683544;1.97946;0.0714125;4.09164;0.7;0.7
-1.8046;-0.88533;2.01007;-0.103519;-5.9312;0.7;0.7
-1.82263;-0.887951;2.02742;0.0027571;0.15797;0.7;0.7
-2.02203;-1.11644;2.30977;-0.0511415;-2.93019;0.7;0.7
-2.06372;-0.955249;2.27408;0.0709708;4.06633;0.7;0.7
-1.69623;-0.876577;1.90934;-0.0434703;-2.49066;0.7;0.7
-1.97191;-1.21065;2.31389;-0.0736335;-4.21889;0.7;0.7
-1.64455;-1.05431;1.95349;-0.0194771;-1.11596;0.7;0.7
-1.72896;-1.10198;2.05029;0.00264985;0.151825;0.7;0.7
-1.5626;-1.03636;1.87504;-0.0181775;-1.04149;0.7;0.7
-1.68207;-1.06924;1.99315;0.0193863;1.11075;0.7;0.7
-1.71691;-1.02896;2.00163;0.0263191;1.50798;0.7;0.7
-1.61705;-0.978665;1.89014;-0.00433159;-0.248182;0.7;0.7
-1.65778;-1.21897;2.0577;-0.0897823;-5.14415;0.7;0.7
-1.60917;-1.15594;1.98132;0.0110964;0.635775;0.7;0.7
-1.68721;-0.916044;1.91985;0.12553;7.19233;0.7;0.7
-1.63202;-0.855686;1.84274;0.0144946;0.830479;0.7;0.7
-1.61916;-0.893125;1.84915;-0.0211616;-1.21247;0.7;0.7
-1.70041;-1.01085;1.97819;-0.0322792;-1.84946;0.7;0.7
-1.6415;-1.14456;2.00113;-0.0725418;-4.15634;0.7;0.7
-1.67363;-1.1125;2.00965;0.0222346;1.27395;0.7;0.7
-1.70367;-1.08233;2.0184;0.0206866;1.18525;0.7;0.7
-1.6865;-1.15095;2.0418;-0.0328828;-1.88405;0.7;0.7
-1.66491;-1.26021;2.08808;-0.0490664;-2.8113;0.7;0.7
-1.48125;-1.37567;2.02152;-0.100543;-5.76071;0.7;0.7
-1.31952;-1.62734;2.09509;-0.141019;-8.07977;0.7;0.7
-1.28595;-1.54406;2.00942;0.0131261;0.752067;0.7;0.7
-1.30037;-1.50658;1.99016;0.0176208;1.0096;0.7;0.7
-1.28756;-1.5034;1.97939;-0.00384764;-0.220454;0.7;0.7
-1.2644;-1.14892;1.70843;0.124996;7.16174;0.7;0.7
-1.45757;-1.68955;2.23139;-0.121393;-6.95529;0.7;0.7
-1.27704;-1.53906;1.99989;-0.0191969;-1.0999;0.7;0.7
-1.23788;-1.5611;1.99233;-0.0221947;-1.27166;0.7;0.7
-1.2489;-1.56337;2.00097;0.00361073;0.20688;0.7;0.7
-1.18079;-1.46439;1.88114;0.00455317;0.260877;0.7;0.7
-1.25061;-1.5367;1.98128;0.00452638;0.259342;0.7;0.7
-1.20285;-1.61367;2.01266;-0.0425617;-2.4386;0.7;0.7
-1.10016;-1.60906;1.94921;-0.0408353;-2.33969;0.7;0.7
-1.08917;-1.68574;2.00699;-0.0260856;-1.49459;0.7;0.7
-1.15113;-1.53457;1.91833;0.0699512;4.00791;0.7;0.7
-1.20867;-1.76752;2.14126;-0.0438022;-2.50968;0.7;0.7
-1.13657;-1.6493;2.00299;0.00360383;0.206484;0.7;0.7
-1.39411;-1.61474;2.13328;0.108813;6.23451;0.7;0.7
-1.34567;-1.41542;1.95301;0.0479399;2.74675;0.7;0.7
-1.22392;-1.5946;2.01016;-0.105509;-6.04522;0.7;0.7
-1.28577;-1.75288;2.17389;-0.0217634;-1.24695;0.7;0.7
-1.27799;-1.68605;2.11566;0.0157211;0.900755;0.7;0.7
-0.988933;-1.59469;1.87644;-0.0934907;-5.35662;0.7;0.7
-0.901934;-1.61265;1.84774;-0.0451545;-2.58716;0.7;0.7
-1.00164;-1.72949;1.9986;0.0150075;0.859866;0.7;0.7
-0.719083;-1.87183;2.0052;-0.158174;-9.06272;0.7;0.7
-0.920663;-1.84137;2.05871;0.0968597;5.54965;0.7;0.7
-0.876053;-1.79925;2.00119;-0.0105245;-0.603011;0.7;0.7
-0.886415;-1.68237;1.9016;0.0318102;1.82259;0.7;0.7
-0.937447;-1.88822;2.10813;-0.0241035;-1.38103;0.7;0.7
-0.754072;-1.83041;1.97965;-0.0700381;-4.01289;0.7;0.7
-0.762417;-1.847;1.99817;0.000699624;0.0400855;0.7;0.7
-0.615807;-1.87597;1.97445;-0.0743024;-4.25721;0.7;0.7
-0.341546;-1.95536;1.98496;-0.144251;-8.265;0.7;0.7
-0.283083;-1.96009;1.98043;-0.029496;-1.69;0.7;0.7
-0.27494;-1.98806;2.00698;-0.00600717;-0.344186;0.7;0.7
-0.351502;-2.11469;2.1437;0.0272892;1.56355;0.7;0.7
-0.290336;-1.96397;1.98532;-0.0179451;-1.02818;0.7;0.7
-0.36909;-1.96251;1.99691;0.0391309;2.24203;0.7;0.7
-0.377114;-1.89324;1.93043;0.0107176;0.614074;0.7;0.7
-0.319605;-2.01311;2.03833;-0.0391694;-2.24424;0.7;0.7
-0.31408;-1.97825;2.00303;4.75282e-06;0.000272316;0.7;0.7
-0.266475;-2.01871;2.03622;-0.0262079;-1.5016;0.7;0.7
-0.137646;-1.88215;1.88718;-0.058242;-3.33702;0.7;0.7
-0.181566;-1.74569;1.75511;0.0306332;1.75515;0.7;0.7
-0.254146;-1.9459;1.96243;0.0262351;1.50316;0.7;0.7
-0.285295;-2.10575;2.12499;0.00479297;0.274617;0.7;0.7
-0.314638;-1.99385;2.01852;0.0218504;1.25194;0.7;0.7
-0.351445;-2.01452;2.04494;0.016204;0.92842;0.7;0.7
-0.476494;-1.90081;1.95962;0.0729;4.17687;0.7;0.7
-0.23959;-2.07779;2.09156;-0.130815;-7.49513;0.7;0.7
-0.198487;-1.97948;1.98941;-0.0148648;-0.851691;0.7;0.7
-0.192445;-1.99829;2.00754;-0.00392961;-0.22515;0.7;0.7
-0.200132;-1.97299;1.98312;0.0050811;0.291126;0.7;0.7
-0.203501;-2.01047;2.02075;-0.000213033;-0.0122059;0.7;0.7
0.0705424;-2.06913;2.07033;-0.134956;-7.73243;0.7;0.7
0.134122;-1.96749;1.97206;-0.033984;-1.94714;0.7;0.7
0.111693;-1.75807;1.76161;0.00461696;0.264533;0.7;0.7
0.444017;-2.06584;2.11302;-0.148265;-8.49499;0.7;0.7
0.425875;-1.97958;2.02487;-0.000192561;-0.0110329;0.7;0.7
0.186408;-2.11038;2.1186;0.123804;7.09346;0.7;0.7
0.176419;-1.95864;1.96657;-0.00172946;-0.0990909;0.7;0.7
0.133034;-1.6996;1.7048;0.0117152;0.671231;0.7;0.7
0.200106;-2.00243;2.0124;-0.0214866;-1.23109;0.7;0.7
-0.0958972;-1.88258;1.88502;0.150496;8.62281;0.7;0.7
-0.164528;-2.13677;2.1431;0.0259514;1.4869;0.7;0.7
-0.100176;-2.02955;2.03202;-0.0275277;-1.57722;0.7;0.7
0.0921381;-2.02441;2.02651;-0.0948009;-5.43169;0.7;0.7
-0.145154;-1.84963;1.85531;0.123799;7.09316;0.7;0.7
-0.0472519;-1.93787;1.93845;-0.0539383;-3.09044;0.7;0.7
-0.0157011;-1.88357;1.88364;-0.016043;-0.919194;0.7;0.7
-0.130491;-2.11899;2.12301;0.0531682;3.04631;0.7;0.7
-0.0498384;-1.73097;1.73169;-0.0327196;-1.8747;0.7;0.7
-0.0627739;-1.95576;1.95677;0.00330176;0.189177;0.7;0.7
-0.134669;-1.97143;1.97603;0.0361185;2.06944;0.7;0.7
0.0302348;-1.94255;1.94279;-0.0837677;-4.79954;0.7;0.7
0.0691201;-2.00566;2.00685;-0.0188856;-1.08207;0.7;0.7
-0.0602403;-1.90655;1.9075;0.0660349;3.78352;0.7;0.7
0.0121683;-1.92342;1.92346;-0.0379123;-2.17221;0.7;0.7
-0.0209917;-2.01376;2.01387;0.0167501;0.959708;0.7;0.7
-0.13555;-2.0659;2.07034;0.0550955;3.15674;0.7;0.7
-0.079853;-1.98836;1.98996;-0.0253806;-1.4542;0.7;0.7
-0.218102;-1.95874;1.97084;0.0707529;4.05384;0.7;0.7
-0.270686;-1.99747;2.01573;0.0238023;1.36377;0.7;0.7
-0.344089;-2.07413;2.10248;0.0297047;1.70196;0.7;0.7
-0.553883;-1.93575;2.01343;0.114289;6.5483;0.7;0.7
-0.736757;-1.90943;2.04664;0.0895625;5.13155;0.7;0.7
-0.933894;-1.76775;1.99927;0.117778;6.74816;0.7;0.7
-0.952522;-1.79121;2.02873;0.00271566;0.155596;0.7;0.7
-0.918811;-1.72987;1.95874;-0.000491458;-0.0281585;0.7;0.7
-0.926943;-1.73939;1.97096;0.00137811;0.07896;0.7;0.7
-0.944821;-1.89927;2.1213;-0.0280126;-1.605;0.7;0.7
-0.976846;-1.85529;2.09674;0.0230194;1.31891;0.7;0.7
-0.91509;-1.80467;2.02342;-0.0153512;-0.879557;0.7;0.7
-0.920489;-1.68909;1.92362;0.0296811;1.7006;0.7;0.7
-0.797849;-1.71579;1.89222;-0.0637057;-3.65006;0.7;0.7
-0.937304;-1.84253;2.06723;0.0353257;2.02401;0.7;0.7
-0.903617;-1.56359;1.80592;0.0534333;3.0615;0.7;0.7
-1.0426;-1.74208;2.03023;0.015279;0.875423;0.7;0.7
-0.926319;-1.86695;2.08412;-0.0787232;-4.51051;0.7;0.7
-1.09071;-2.11837;2.38267;0.0149062;0.854062;0.7;0.7
-0.907693;-1.95919;2.15924;-0.0416232;-2.38483;0.7;0.7
-1.00594;-1.94152;2.18664;0.0441798;2.53132;0.7;0.7
-1.10948;-1.8247;2.13553;0.0682685;3.91149;0.7;0.7
-1.06565;-1.70113;2.00735;0.0133222;0.763304;0.7;0.7
-1.05778;-1.67922;1.98462;0.00250244;0.143379;0.7;0.7
-1.12688;-1.68576;2.02772;0.0271157;1.55361;0.7;0.7
-1.10329;-1.70916;2.03432;-0.0160317;-0.918549;0.7;0.7
-1.32166;-1.6278;2.09679;0.108758;6.23138;0.7;0.7
-1.24348;-1.49316;1.94313;0.0124407;0.712798;0.7;0.7
-1.22468;-1.42308;1.8775;0.0161889;0.927558;0.7;0.7
-1.34867;-1.51876;2.03115;0.0155481;0.890839;0.7;0.7
-1.31908;-1.48272;1.98455;0.000905358;0.0518732;0.7;0.7
-1.30354;-1.35582;1.88081;0.0386861;2.21655;0.7;0.7
-1.34647;-1.52053;2.03101;-0.0409791;-2.34793;0.7;0.7
-1.33917;-1.41781;1.95028;0.0321178;1.84021;0.7;0.7
-1.48349;-1.55484;2.14902;0.0050363;0.288559;0.7;0.7
-1.3684;-1.45739;1.99913;-0.00800196;-0.458478;0.7;0.7
-1.34276;-1.36356;1.91372;0.0237948;1.36334;0.7;0.7
-1.44144;-1.42357;2.0259;0.0139245;0.797814;0.7;0.7
-1.55544;-1.43463;2.11603;0.034145;1.95637;0.7;0.7
-1.26724;-1.23067;1.76647;-0.0257429;-1.47496;0.7;0.7
-1.25343;-1.60935;2.03988;-0.138331;-7.92578;0.7;0.7
-1.20861;-1.55102;1.96632;0.000246111;0.0141011;0.7;0.7
-1.38085;-1.69851;2.189;0.020651;1.18321;0.7;0.7
-1.39143;-1.3293;1.92435;0.125627;7.19789;0.7;0.7
-1.49553;-1.33735;2.00627;0.032946;1.88767;0.7;0.7
-1.48691;-1.31151;1.98266;0.00681771;0.390626;0.7;0.7
-1.43509;-1.3885;1.99685;-0.0460989;-2.64127;0.7;0.7
-1.37047;-1.47924;2.01652;-0.0546496;-3.13119;0.7;0.7
-1.22886;-1.41663;1.87534;-0.0327058;-1.87391;0.7;0.7
-1.41198;-1.46557;2.03509;0.052236;2.9929;0.7;0.7
-1.47562;-1.39971;2.03387;0.0450161;2.57923;0.7;0.7
-1.7666;-1.30972;2.19914;0.121042;6.93521;0.7;0.7
-1.71157;-1.30624;2.15308;-0.0139244;-0.797807;0.7;0.7
-1.72222;-1.35748;2.1929;-0.0156262;-0.895317;0.7;0.7
-1.67695;-1.26124;2.0983;0.0226656;1.29865;0.7;0.7
-1.92599;-1.1613;2.24901;0.102252;5.85859;0.7;0.7
-1.79992;-1.05491;2.08628;0.01247;0.714477;0.7;0.7
-1.72555;-1.02946;2.00931;-0.00779054;-0.446365;0.7;0.7
-1.85209;-1.0807;2.14433;0.00971428;0.556587;0.7;0.7
-1.71312;-0.994713;1.98097;0.00213515;0.122335;0.7;0.7
-1.53228;-1.0572;1.8616;-0.0778841;-4.46243;0.7;0.7
-1.61104;-1.44038;2.16105;-0.125578;-7.19507;0.7;0.7
-1.67351;-1.37844;2.16812;0.0405122;2.32118;0.7;0.7
-1.54928;-1.26509;2.00018;0.00425433;0.243755;0.7;0.7
-1.55251;-1.29941;2.02453;-0.0121212;-0.694492;0.7;0.7
-1.46501;-1.29109;1.95273;-0.0254945;-1.46073;0.7;0.7
-1.54359;-1.29405;2.01426;0.0246935;1.41484;0.7;0.7
-1.39258;-1.55259;2.08562;-0.141992;-8.13553;0.7;0.7
-1.33618;-1.48642;1.99871;0.00109867;0.0629493;0.7;0.7
-1.3138;-1.60425;2.07357;-0.0460295;-2.6373;0.7;0.7
-1.15247;-1.38981;1.80548;0.00612005;0.350653;0.7;0.7
-1.27767;-1.5384;1.99978;0.000763971;0.0437723;0.7;0.7
-1.28291;-1.53512;2.00061;0.00306522;0.175624;0.7;0.7
-1.23804;-1.33164;1.81825;0.0528475;3.02794;0.7;0.7
-1.29256;-1.43532;1.93154;-0.015874;-0.909514;0.7;0.7
-1.33564;-1.02261;1.68216;0.184253;10.5569;0.7;0.7
-1.59655;-1.21714;2.00759;0.00206945;0.118571;0.7;0.7
-1.58629;-1.18348;1.97913;0.0103826;0.594881;0.7;0.7
-1.65507;-1.22355;2.05823;0.00437568;0.250708;0.7;0.7
-1.59458;-1.28509;2.04796;-0.041733;-2.39113;0.7;0.7
-1.66197;-1.24903;2.079;0.0338517;1.93956;0.7;0.7
-1.63228;-1.26021;2.06215;-0.012985;-0.743986;0.7;0.7
-1.62394;-1.26784;2.06025;-0.00540375;-0.309612;0.7;0.7
-1.58109;-1.27796;2.03299;-0.0168962;-0.96808;0.7;0.7
-1.5109;-1.28213;1.98158;-0.0239017;-1.36947;0.7;0.7
-1.55888;-1.44614;2.12636;-0.0442271;-2.53402;0.7;0.7
-1.42869;-1.28636;1.92246;0.0148742;0.85223;0.7;0.7
-1.34705;-1.51118;2.0244;-0.109737;-6.28748;0.7;0.7
-1.21417;-1.44672;1.8887;-0.0298104;-1.70801;0.7;0.7
-1.21172;-1.43252;1.87627;0.00386421;0.221403;0.7;0.7
-1.26705;-1.49206;1.95746;0.00193813;0.111047;0.7;0.7
-1.27111;-1.60401;2.04659;-0.0339024;-1.94247;0.7;0.7
-1.02786;-1.40321;1.73939;-0.0379128;-2.17224;0.7;0.7
-1.18188;-1.63682;2.01892;-0.00683656;-0.391706;0.7;0.7
-1.11772;-1.56711;1.92488;-0.00582063;-0.333498;0.7;0.7
-1.05827;-1.56002;1.8851;-0.0234917;-1.34598;0.7;0.7
-1.39434;-1.73588;2.22654;0.0806529;4.62107;0.7;0.7
-1.08429;-1.54083;1.8841;-0.0635077;-3.63872;0.7;0.7
-1.09709;-1.52781;1.88091;0.00954706;0.547006;0.7;0.7
-1.1861;-1.59147;1.98484;0.0177207;1.01532;0.7;0.7
-1.19611;-1.55443;1.96136;0.0153789;0.881149;0.7;0.7
-1.15935;-1.58011;1.95981;-0.0228568;-1.3096;0.7;0.7
-1.21747;-1.5087;1.93867;0.0459751;2.63418;0.7;0.7
-1.22864;-1.42503;1.88156;0.0325511;1.86504;0.7;0.7
-1.39379;-1.44064;2.00452;0.0573432;3.28552;0.7;0.7
-1.53761;-1.31249;2.0216;0.0953536;5.46336;0.7;0.7
-1.40239;-1.35685;1.95134;-0.0623177;-3.57054;0.7;0.7
-1.42546;-1.39885;1.99718;-0.00708234;-0.405788;0.7;0.7
-1.34369;-1.56523;2.06287;-0.085435;-4.89507;0.7;0.7
-1.33529;-1.66137;2.13146;-0.0323766;-1.85504;0.7;0.7
-1.12794;-1.48658;1.86605;-0.0279327;-1.60043;0.7;0.7
-1.1763;-1.55889;1.9529;-0.00265278;-0.151993;0.7;0.7
-1.29601;-1.56079;2.02872;0.0465556;2.66744;0.7;0.7
-1.44055;-1.49311;2.07474;0.0745053;4.26884;0.7;0.7
-1.36298;-1.45524;1.99385;-0.0148126;-0.848699;0.7;0.7
-1.34847;-1.44134;1.97379;-0.000554305;-0.0317593;0.7;0.7
-1.3996;-1.36598;1.95571;0.0454354;2.60326;0.7;0.7
-1.43238;-1.39542;1.99973;0.000913423;0.0523353;0.7;0.7
-1.21432;-1.27333;1.75953;-0.036786;-2.10768;0.7;0.7
-1.46032;-1.49125;2.08719;0.01324;0.758594;0.7;0.7
-1.47941;-1.44121;2.06537;0.0235532;1.3495;0.7;0.7
-1.45168;-1.48496;2.07665;-0.0244066;-1.3984;0.7;0.7
-1.51633;-1.60745;2.20978;-0.0178299;-1.02158;0.7;0.7
-1.36157;-1.50509;2.02957;-0.020862;-1.1953;0.7;0.7
-1.31256;-1.25964;1.81921;0.0705907;4.04455;0.7;0.7
-1.44898;-1.33883;1.97282;0.0189237;1.08425;0.7;0.7
-1.25695;-1.26571;1.7838;-0.0429653;-2.46173;0.7;0.7
-1.40649;-1.46422;2.03031;-0.0166352;-0.953126;0.7;0.7
-1.20361;-1.48322;1.91013;-0.0835855;-4.7891;0.7;0.7
-1.20624;-1.63611;2.0327;-0.0464033;-2.65871;0.7;0.7
-1.20307;-1.19253;1.69396;0.154497;8.85203;0.7;0.7
-1.43294;-1.42004;2.01738;0.000121379;0.00695453;0.7;0.7
-1.39951;-1.48079;2.03749;-0.0327327;-1.87545;0.7;0.7
-1.33744;-1.5014;2.01071;-0.0294823;-1.68921;0.7;0.7
-1.35336;-1.81689;2.26554;-0.08749;-5.0128;0.7;0.7
-1.29503;-1.40246;1.90893;0.10538;6.03782;0.7;0.7
-1.33744;-1.42153;1.95179;0.00933598;0.534912;0.7;0.7
-1.36007;-1.45732;1.99338;-0.0040369;-0.231297;0.7;0.7
-1.2712;-1.42023;1.90604;-0.0208084;-1.19223;0.7;0.7
-1.50748;-1.78698;2.33791;-0.029322;-1.68003;0.7;0.7
-1.28075;-1.47154;1.95084;0.0154269;0.883896;0.7;0.7
-1.47436;-1.33195;1.98692;0.119912;6.87045;0.7;0.7
-1.51045;-1.46543;2.10451;-0.035576;-2.03835;0.7;0.7
-1.6494;-1.61685;2.3097;-0.00516195;-0.295758;0.7;0.7
-1.17487;-1.44901;1.86546;-0.114066;-6.5355;0.7;0.7
-1.21003;-1.33936;1.80501;0.0534144;3.06042;0.7;0.7
-1.31388;-1.50734;1.99959;-0.0177788;-1.01865;0.7;0.7
-1.29034;-1.40858;1.91026;0.0246804;1.41408;0.7;0.7
-1.38797;-1.54629;2.07785;-0.0101206;-0.57987;0.7;0.7
-1.22865;-1.37293;1.84243;-0.0014961;-0.0857204;0.7;0.7
-1.35178;-1.44618;1.97958;0.0216783;1.24207;0.7;0.7
-1.36389;-1.48697;2.01775;-0.00942316;-0.539907;0.7;0.7
-1.30177;-1.56559;2.03609;-0.0486048;-2.78485;0.7;0.7
-1.17997;-1.5236;1.92709;-0.0346767;-1.98683;0.7;0.7
-1.29425;-1.31392;1.84431;0.118885;6.81159;0.7;0.7
-1.39669;-1.4404;2.00637;-0.00786345;-0.450543;0.7;0.7
-1.2794;-1.28912;1.81623;0.0116196;0.665753;0.7;0.7
-1.48399;-1.3825;2.02819;0.0391768;2.24467;0.7;0.7
-1.51226;-1.37908;2.04665;0.010639;0.609571;0.7;0.7
-1.42981;-1.48552;2.06182;-0.0651368;-3.73207;0.7;0.7
-1.30311;-1.42796;1.93318;-0.0265777;-1.52279;0.7;0.7
-1.28349;-1.82002;2.22707;-0.125501;-7.19069;0.7;0.7
-1.00812;-1.47736;1.78854;-0.0154082;-0.882823;0.7;0.7
-1.23729;-1.61598;2.03525;0.0546447;3.13091;0.7;0.7
-1.40673;-1.71528;2.21835;0.0334406;1.91601;0.7;0.7
-1.38471;-1.5999;2.11592;0.0265353;1.52036;0.7;0.7
-1.23259;-1.42571;1.88465;-0.000548418;-0.031422;0.7;0.7
-1.28216;-1.47668;1.95564;0.00213322;0.122224;0.7;0.7
-1.35367;-1.5067;2.02548;0.0169406;0.970627;0.7;0.7
-1.3382;-1.73235;2.18902;-0.0742189;-4.25243;0.7;0.7
-1.27464;-1.48919;1.96021;0.0501964;2.87604;0.7;0.7
-1.27775;-1.53097;1.99412;-0.012439;-0.7127;0.7;0.7
-1.20219;-1.48204;1.90832;-0.0139744;-0.800674;0.7;0.7
-1.25767;-1.54067;1.98882;0.00309827;0.177518;0.7;0.7
-1.11811;-1.56346;1.92213;-0.0637917;-3.65499;0.7;0.7
-1.17082;-1.62178;2.00025;0.00447867;0.256609;0.7;0.7
-1.24702;-1.68041;2.09256;0.0131229;0.751889;0.7;0.7
-1.27791;-1.57495;2.02818;0.0432325;2.47704;0.7;0.7
-1.23729;-1.60536;2.02684;-0.0250198;-1.43353;0.7;0.7
-1.29607;-1.49742;1.98042;0.056807;3.2548;0.7;0.7
-1.35881;-1.38334;1.93907;0.0630116;3.6103;0.7;0.7
-1.33663;-1.47068;1.98733;-0.0387694;-2.22132;0.7;0.7
-1.33365;-1.31935;1.87598;0.0531012;3.04247;0.7;0.7
-1.60655;-1.57597;2.25049;0.00422048;0.241816;0.7;0.7
-1.49493;-1.34799;2.01293;0.0420333;2.40833;0.7;0.7
-1.44803;-1.33382;1.96872;-0.0106096;-0.607886;0.7;0.7
-1.33261;-1.43296;1.95684;-0.0773012;-4.42903;0.7;0.7
-1.37112;-1.51262;2.04156;-0.0127594;-0.731058;0.7;0.7
-1.46637;-1.53733;2.12453;0.0254128;1.45605;0.7;0.7
-1.15752;-1.55071;1.93509;-0.120557;-6.90743;0.7;0.7
-1.25724;-1.5591;2.00286;0.0374002;2.14287;0.7;0.7
-1.27577;-1.56201;2.01679;0.00624524;0.357826;0.7;0.7
-1.15256;-1.64406;2.00782;-0.0734432;-4.20799;0.7;0.7
-1.16372;-1.66313;2.02984;-0.000888971;-0.0509343;0.7;0.7
-1.09399;-1.43096;1.80124;0.0421861;2.41709;0.7;0.7
-1.10461;-1.6497;1.98537;-0.0627041;-3.59268;0.7;0.7
-1.40608;-1.58194;2.11651;0.136592;7.82614;0.7;0.7
-1.26956;-1.31394;1.82708;0.0416075;2.38393;0.7;0.7
-1.31211;-1.4808;1.97848;-0.0431473;-2.47216;0.7;0.7
-1.35334;-1.50032;2.02052;0.00886916;0.508165;0.7;0.7
-1.38795;-1.42395;1.98848;0.0386562;2.21484;0.7;0.7
-1.44869;-1.41456;2.02477;0.0247192;1.4163;0.7;0.7
-1.52209;-1.48458;2.1262;0.000555766;0.031843;0.7;0.7
-1.43299;-1.42092;2.01804;-0.00824236;-0.472253;0.7;0.7
-1.49176;-1.51508;2.12622;-0.0119845;-0.686664;0.7;0.7
-1.31728;-1.40672;1.9272;-0.0250697;-1.43639;0.7;0.7
-1.35321;-1.66087;2.14235;-0.0688993;-3.94764;0.7;0.7
-1.29644;-1.56436;2.03174;0.00834213;0.477969;0.7;0.7
-1.30712;-1.37567;1.89764;0.0678366;3.88675;0.7;0.7
-1.36922;-1.43506;1.98348;0.00206948;0.118572;0.7;0.7
-1.47132;-1.49266;2.09591;0.0162763;0.932562;0.7;0.7
-1.53998;-1.24031;1.97735;0.114565;6.56411;0.7;0.7
-1.56396;-1.32573;2.05025;-0.025111;-1.43876;0.7;0.7
-1.5265;-1.0786;1.86911;0.0880106;5.04263;0.7;0.7
-1.64494;-1.21011;2.0421;-0.0191258;-1.09583;0.7;0.7
-1.64913;-1.21104;2.04604;0.000846986;0.0485287;0.7;0.7
-1.5292;-1.06359;1.86271;0.0256937;1.47214;0.7;0.7
-1.46833;-1.11521;1.84383;-0.0418455;-2.39757;0.7;0.7
-1.59134;-1.09544;1.93193;0.0466791;2.67452;0.7;0.7
-1.7644;-1.1612;2.11223;0.0208136;1.19253;0.7;0.7
-1.66889;-0.950284;1.92048;0.0644463;3.6925;0.7;0.7
-1.83448;-1.25628;2.22342;-0.0828402;-4.7464;0.7;0.7
-1.48697;-0.931961;1.75489;0.0406051;2.3265;0.7;0.7
-1.69074;-1.13259;2.03504;-0.0303625;-1.73964;0.7;0.7
-1.77002;-1.02205;2.04391;0.066569;3.81412;0.7;0.7
-1.79902;-1.05833;2.08723;-0.0081068;-0.464485;0.7;0.7
-1.75991;-1.03002;2.03917;0.00224097;0.128398;0.7;0.7
-1.70961;-0.976855;1.96901;0.0103992;0.595828;0.7;0.7
-1.91119;-0.90048;2.1127;0.0788049;4.51519;0.7;0.7
-1.76887;-0.833305;1.95532;5.57645e-05;0.00319507;0.7;0.7
-1.72843;-0.814514;1.91073;-0.00012383;-0.00709495;0.7;0.7
-1.61521;-0.950423;1.87408;-0.091482;-5.24153;0.7;0.7
-1.66747;-0.919064;1.90398;0.0281196;1.61113;0.7;0.7
-1.78861;-0.969317;2.03438;0.00711043;0.407398;0.7;0.7
-1.76866;-0.930059;1.99829;0.0125156;0.717089;0.7;0.7
-1.66692;-1.08136;1.98695;-0.091355;-5.23426;0.7;0.7
-1.66885;-1.14056;2.02137;-0.0240519;-1.37807;0.7;0.7
-1.69889;-0.953594;1.94822;0.088044;5.04455;0.7;0.7
-1.75594;-0.939994;1.99171;0.0199755;1.14451;0.7;0.7
-1.69734;-1.00956;1.97489;-0.0450771;-2.58273;0.7;0.7
-1.76606;-1.1999;2.13511;-0.0602011;-3.44927;0.7;0.7
-1.61251;-1.1402;1.97491;-0.0186898;-1.07085;0.7;0.7
-1.68593;-1.07623;2.00016;0.0473227;2.71139;0.7;0.7
-1.63628;-1.16831;2.01056;-0.0519129;-2.97439;0.7;0.7
-1.42961;-1.22127;1.88023;-0.0869051;-4.9793;0.7;0.7
-1.49696;-1.40686;2.0543;-0.0474113;-2.71646;0.7;0.7
-1.46444;-1.5722;2.14858;-0.0664872;-3.80944;0.7;0.7
-1.35413;-1.52672;2.04072;-0.0243692;-1.39625;0.7;0.7
-1.35677;-1.47638;2.00512;0.0176452;1.01099;0.7;0.7
-1.49909;-1.55924;2.16298;0.0225283;1.29078;0.7;0.7
-1.18552;-1.49544;1.90835;-0.0954279;-5.46762;0.7;0.7
-1.07571;-1.4097;1.77325;-0.0184878;-1.05928;0.7;0.7
-1.34637;-1.47845;1.99963;0.0868576;4.97657;0.7;0.7
-1.39989;-1.62615;2.14571;-0.027911;-1.59918;0.7;0.7
-1.27104;-1.57753;2.02588;-0.0325484;-1.86489;0.7;0.7
-1.2377;-1.52193;1.96167;0.00454801;0.260582;0.7;0.7
-1.39533;-1.67851;2.18273;0.0107672;0.616915;0.7;0.7
-1.30732;-1.48199;1.9762;0.0293292;1.68044;0.7;0.7
-1.30751;-1.38389;1.90387;0.0341648;1.9575;0.7;0.7
-1.43438;-1.30945;1.94219;0.073871;4.2325;0.7;0.7
-1.27678;-1.42002;1.90962;-0.0985632;-5.64725;0.7;0.7
-1.44471;-1.66208;2.2022;-0.0167895;-0.961965;0.7;0.7
-1.42996;-1.47947;2.05757;0.0528396;3.02748;0.7;0.7
-1.37452;-1.39137;1.95582;0.0109221;0.625789;0.7;0.7
-1.42062;-1.43328;2.01803;0.00165636;0.0949026;0.7;0.7
-1.41305;-1.31742;1.93191;0.0394438;2.25996;0.7;0.7
-1.42464;-1.3199;1.9421;0.00314005;0.179911;0.7;0.7
-1.46921;-1.35876;2.0012;0.000890243;0.0510072;0.7;0.7
-1.52421;-1.18928;1.93329;0.0837733;4.79986;0.7;0.7
-1.52788;-1.23641;1.96548;-0.0177598;-1.01756;0.7;0.7
-1.67895;-1.23974;2.08706;0.0443088;2.53871;0.7;0.7
-1.6419;-1.20863;2.03878;0.00148126;0.0848697;0.7;0.7
-1.62271;-1.2557;2.05182;-0.0240204;-1.37627;0.7;0.7
-1.53207;-1.27004;1.99004;-0.0335786;-1.92391;0.7;0.7
-1.52677;-1.36456;2.04769;-0.0371995;-2.13137;0.7;0.7
-1.53562;-1.29438;2.00837;0.0289949;1.66128;0.7;0.7
-1.66994;-1.0593;1.97758;0.135075;7.73923;0.7;0.7
-1.58903;-1.34105;2.07929;-0.135683;-7.77404;0.7;0.7
-1.65793;-1.18266;2.03652;0.0813468;4.66083;0.7;0.7
-1.61727;-1.15597;1.98792;-0.000946398;-0.0542246;0.7;0.7
-1.72935;-1.21263;2.11213;0.00903192;0.517491;0.7;0.7
-1.63705;-1.14846;1.99972;-0.000227542;-0.0130372;0.7;0.7
-1.66127;-1.15919;2.02572;0.00253401;0.145188;0.7;0.7
-1.65481;-1.14159;2.01037;0.00534037;0.305981;0.7;0.7
-1.63632;-0.966728;1.90055;0.0702657;4.02593;0.7;0.7
-1.72302;-1.17836;2.08742;-0.066209;-3.7935;0.7;0.7
-1.65421;-1.15168;2.01563;-0.00834964;-0.478399;0.7;0.7
-1.85843;-1.15765;2.1895;0.0510816;2.92676;0.7;0.7
-1.59901;-1.06257;1.91987;-0.0294151;-1.68536;0.7;0.7
-1.66435;-1.09925;1.9946;0.00281589;0.161338;0.7;0.7
-1.59966;-0.996363;1.88458;0.0266404;1.52638;0.7;0.7
-1.78706;-1.04699;2.07117;0.0270899;1.55214;0.7;0.7
-1.73729;-0.752963;1.89345;0.120995;6.93251;0.7;0.7
-1.79708;-0.775867;1.95741;0.00140931;0.0807477;0.7;0.7
-1.88367;-0.850877;2.06693;-0.0167135;-0.957612;0.7;0.7
-1.68642;-0.848157;1.88769;-0.0417146;-2.39007;0.7;0.7
-1.86444;-0.931393;2.08414;0.00269975;0.154684;0.7;0.7
-1.78826;-0.906316;2.00481;-0.00579192;-0.331853;0.7;0.7
-1.85419;-0.865917;2.04642;0.0321786;1.8437;0.7;0.7
-1.77323;-0.803327;1.94671;0.0115337;0.660834;0.7;0.7
-1.73018;-0.845634;1.92578;-0.0292383;-1.67523;0.7;0.7
-1.78903;-0.884779;1.99586;-0.00467348;-0.267771;0.7;0.7
-1.80713;-0.895693;2.01693;-0.000872509;-0.0499911;0.7;0.7
-1.88916;-0.799763;2.05148;0.0596909;3.42004;0.7;0.7
-1.85103;-0.650319;1.96195;0.0626082;3.58719;0.7;0.7
-1.84643;-0.640879;1.95449;0.00377579;0.216337;0.7;0.7
-1.84156;-0.860068;2.0325;-0.102846;-5.89264;0.7;0.7
-1.87603;-0.841495;2.05611;0.0152791;0.875426;0.7;0.7
-1.89228;-0.805562;2.05661;0.0191761;1.09871;0.7;0.7
-1.78658;-0.728598;1.92944;0.0152451;0.873477;0.7;0.7
-1.57409;-0.822335;1.77595;-0.0941945;-5.39695;0.7;0.7
-1.54192;-1.04196;1.86097;-0.112847;-6.46567;0.7;0.7
-1.61726;-1.05572;1.93134;0.0159398;0.91328;0.7;0.7
-1.75961;-1.00478;2.02628;0.0594868;3.40834;0.7;0.7
-1.77354;-1.14608;2.11162;-0.0548626;-3.14339;0.7;0.7
-1.43855;-1.06614;1.79055;-0.0640885;-3.672;0.7;0.7
-1.62927;-1.18677;2.01567;0.00825467;0.472958;0.7;0.7
-1.55811;-1.08582;1.89914;0.020909;1.19799;0.7;0.7
-1.81281;-1.19106;2.16908;0.0273309;1.56595;0.7;0.7
-1.60392;-1.0621;1.9237;-0.00360054;-0.206296;0.7;0.7
-1.67524;-1.05792;1.98132;0.0216364;1.23968;0.7;0.7
-1.63887;-1.07404;1.95945;-0.0168678;-0.966452;0.7;0.7
-1.56555;-1.23915;1.99661;-0.0894106;-5.12285;0.7;0.7
-1.47169;-1.38414;2.02032;-0.0852111;-4.88223;0.7;0.7
-1.71464;-1.63531;2.36944;-0.0069687;-0.399277;0.7;0.7
-1.38307;-1.55706;2.08262;-0.0827855;-4.74326;0.7;0.7
-1.28703;-1.39156;1.89549;0.0201061;1.152;0.7;0.7
-1.31749;-1.67469;2.13081;-0.0798116;-4.57287;0.7;0.7
-1.40309;-1.5538;2.09355;0.0678906;3.88985;0.7;0.7
-1.37845;-1.43113;1.98702;0.0321766;1.84359;0.7;0.7
-1.23342;-1.53723;1.97089;-0.090468;-5.18344;0.7;0.7
-1.13415;-1.84276;2.16381;-0.124471;-7.13164;0.7;0.7
-1.02505;-1.72609;2.00752;-0.0158228;-0.906577;0.7;0.7
-1.18421;-1.69463;2.0674;0.0740314;4.24169;0.7;0.7
-1.25054;-1.59391;2.02593;0.0553445;3.17101;0.7;0.7
-1.09788;-1.52997;1.88312;-0.0428381;-2.45444;0.7;0.7
-1.16787;-1.65053;2.02192;-0.00663775;-0.380315;0.7;0.7
-1.1137;-1.60389;1.95264;-0.00885179;-0.50717;0.7;0.7
-1.02267;-1.48267;1.80116;-0.00312364;-0.178972;0.7;0.7
-1.19366;-1.63022;2.0205;0.0281998;1.61573;0.7;0.7
-1.12952;-1.60582;1.96328;-0.0190148;-1.08947;0.7;0.7
-1.14805;-1.52111;1.90573;0.0335315;1.92121;0.7;0.7
-1.01419;-1.68855;1.96972;-0.105648;-6.05321;0.7;0.7
-0.987557;-1.74938;2.00888;-0.0269603;-1.54471;0.7;0.7
-0.948068;-1.9168;2.13845;-0.0545961;-3.12812;0.7;0.7
-0.865705;-1.72485;1.92991;0.0058414;0.334688;0.7;0.7
-0.80746;-2.0236;2.17875;-0.0855056;-4.89911;0.7;0.7
-0.65228;-1.93623;2.04315;-0.0547219;-3.13533;0.7;0.7
-0.622899;-1.71137;1.82121;0.0241316;1.38264;0.7;0.7
-0.793907;-2.00835;2.15958;0.0273788;1.56869;0.7;0.7
-0.758147;-1.84642;1.996;0.0131646;0.754275;0.7;0.7
-0.765608;-1.91868;2.06579;-0.0099462;-0.569875;0.7;0.7
-0.695582;-1.72284;1.85796;0.00405918;0.232574;0.7;0.7
-0.755198;-1.80679;1.95827;0.0121786;0.697784;0.7;0.7
-0.745551;-1.85105;1.99555;-0.0130126;-0.745567;0.7;0.7
-0.929509;-1.97495;2.18276;0.056998;3.26575;0.7;0.7
-1.0252;-1.96515;2.2165;0.0409576;2.3467;0.7;0.7
-0.992132;-2.0403;2.26873;-0.0282474;-1.61846;0.7;0.7
-1.04151;-1.84764;2.12097;0.0606989;3.47779;0.7;0.7
-0.896237;-1.69994;1.92173;-0.0281186;-1.61108;0.7;0.7
-0.812086;-2.09975;2.25132;-0.116147;-6.65476;0.7;0.7
-0.663322;-1.90188;2.01424;-0.0334557;-1.91687;0.7;0.7
-0.597065;-1.88363;1.976;-0.0286233;-1.63999;0.7;0.7
-0.491894;-2.06749;2.1252;-0.0733803;-4.20438;0.7;0.7
-0.450322;-1.9645;2.01545;-0.00823908;-0.472064;0.7;0.7
-0.629946;-1.76856;1.8774;0.116843;6.69462;0.7;0.7
-0.682607;-1.88421;2.00405;0.00538959;0.308801;0.7;0.7
-0.615998;-1.70116;1.80925;-0.00015138;-0.00867343;0.7;0.7
-0.541357;-1.99294;2.06516;-0.0821806;-4.7086;0.7;0.7
-0.511671;-2.03059;2.09406;-0.0183947;-1.05394;0.7;0.7
-0.489425;-1.90594;1.96778;0.00451474;0.258675;0.7;0.7
-0.658153;-2.13169;2.23097;0.0481049;2.75621;0.7;0.7
-0.723244;-1.90936;2.04175;0.062626;3.5882;0.7;0.7
-0.703228;-1.87184;1.99958;-0.00271522;-0.155571;0.7;0.7
-0.897513;-1.68185;1.90635;0.130826;7.49579;0.7;0.7
-0.953818;-1.77544;2.01543;0.00278444;0.159536;0.7;0.7
-0.967286;-1.93469;2.16302;-0.0293609;-1.68226;0.7;0.7
-0.756936;-2.0715;2.20546;-0.113291;-6.49107;0.7;0.7
-0.797641;-1.91631;2.07568;0.0440937;2.52638;0.7;0.7
-0.801111;-1.85137;2.01726;0.0139589;0.799788;0.7;0.7
-0.775763;-1.94185;2.09107;-0.0283123;-1.62217;0.7;0.7
-0.63352;-1.79074;1.8995;-0.0400385;-2.29404;0.7;0.7
-0.728221;-1.78527;1.92808;0.0472676;2.70823;0.7;0.7
-0.774844;-1.82219;1.98009;0.01476;0.845684;0.7;0.7
-0.676694;-1.82637;1.9477;-0.0472308;-2.70612;0.7;0.7
-0.798868;-1.87773;2.0406;0.0474161;2.71674;0.7;0.7
-0.860349;-1.80059;1.99557;0.0434962;2.49215;0.7;0.7
-0.867485;-1.80699;2.00443;0.00183489;0.105132;0.7;0.7
-0.829259;-1.87316;2.04851;-0.0308066;-1.76509;0.7;0.7
-1.059;-1.89252;2.16867;0.0933892;5.35081;0.7;0.7
-0.745887;-1.57043;1.73856;-0.0667469;-3.82431;0.7;0.7
-0.843138;-2.15384;2.31299;-0.0702938;-4.02754;0.7;0.7
-0.780127;-1.66653;1.84008;0.0646957;3.70679;0.7;0.7
-0.766288;-2.19739;2.32717;-0.102276;-5.86001;0.7;0.7
-0.633655;-1.87938;1.98332;-0.0103468;-0.592828;0.7;0.7
-0.749947;-1.89169;2.03492;0.0522435;2.99333;0.7;0.7
-0.741801;-1.85894;2.00148;0.00224589;0.12868;0.7;0.7
-0.616198;-1.78754;1.89077;-0.0477203;-2.73417;0.7;0.7
-0.665529;-1.96378;2.07349;-0.00520838;-0.298418;0.7;0.7
-0.734239;-1.93026;2.06519;0.0367278;2.10435;0.7;0.7
-0.712513;-1.95292;2.07884;-0.013643;-0.781686;0.7;0.7
-0.845493;-1.81296;2.00042;0.086538;4.95826;0.7;0.7
-0.883032;-1.71175;1.9261;0.0398818;2.28506;0.7;0.7
-0.824443;-1.91895;2.08856;-0.070471;-4.03769;0.7;0.7
-0.786139;-1.92244;2.07697;-0.0176083;-1.00888;0.7;0.7
-0.796907;-1.68001;1.85943;0.0547364;3.13616;0.7;0.7
-0.936412;-1.88153;2.10167;0.0188801;1.08175;0.7;0.7
-0.940983;-1.73018;1.96951;0.0363248;2.08126;0.7;0.7
-1.0295;-1.71374;1.99919;0.0428362;2.45434;0.7;0.7
-1.00949;-1.61562;1.90508;0.0175219;1.00393;0.7;0.7
-1.31141;-1.72238;2.16481;0.092274;5.28691;0.7;0.7
-1.51412;-1.42681;2.08047;0.164327;9.41524;0.7;0.7
-1.54165;-1.3658;2.05963;0.0307246;1.76039;0.7;0.7
-1.51918;-1.43217;2.08783;-0.03093;-1.77216;0.7;0.7
-1.34243;-1.47383;1.99356;-0.0760997;-4.36019;0.7;0.7
-1.33906;-1.47655;1.99331;-0.00216598;-0.124102;0.7;0.7
-1.47638;-1.50747;2.11001;0.0383711;2.1985;0.7;0.7
-1.37152;-1.53877;2.06128;-0.0469854;-2.69206;0.7;0.7
-1.10564;-1.54078;1.89642;-0.105564;-6.04835;0.7;0.7
-1.24275;-1.68318;2.09225;0.0135608;0.776979;0.7;0.7
-0.826484;-1.52652;1.7359;-0.139761;-8.0077;0.7;0.7
-0.878309;-1.77456;1.98002;-0.0366347;-2.09901;0.7;0.7
-0.963321;-1.67653;1.93358;0.0619314;3.54841;0.7;0.7
-1.2504;-1.7816;2.1766;0.0904353;5.18156;0.7;0.7
-1.15021;-1.53548;1.91851;0.0309538;1.77352;0.7;0.7
-1.24718;-1.65092;2.06906;0.00406103;0.23268;0.7;0.7
-1.20947;-1.58681;1.99519;0.00429071;0.245839;0.7;0.7
-1.23931;-1.60286;2.02609;0.00690519;0.395638;0.7;0.7
-1.285;-1.59607;2.04906;0.0196742;1.12725;0.7;0.7
-1.28891;-1.61077;2.06297;-0.00299646;-0.171684;0.7;0.7
-1.22399;-1.7067;2.10023;-0.0526956;-3.01923;0.7;0.7
-1.15932;-1.6419;2.00994;-0.00735662;-0.421503;0.7;0.7
-1.04785;-1.46539;1.80149;0.00596443;0.341736;0.7;0.7
-1.07023;-1.67032;1.98377;-0.0509271;-2.91791;0.7;0.7
-1.12483;-1.82235;2.14154;-0.0168361;-0.964636;0.7;0.7
-0.983897;-1.86316;2.10699;-0.0671412;-3.84691;0.7;0.7
-0.928823;-1.73559;1.9685;0.00552093;0.316326;0.7;0.7
-0.991932;-1.83724;2.08791;0.00367922;0.210804;0.7;0.7
-0.985666;-1.82375;2.07307;0.000430504;0.0246661;0.7;0.7
-0.834388;-1.64776;1.84698;-0.0267542;-1.5329;0.7;0.7
-1.12995;-1.8532;2.17052;0.0788087;4.51541;0.7;0.7
-1.0428;-1.72013;2.01154;-0.00255214;-0.146227;0.7;0.7
-1.0314;-1.7051;1.99277;-0.000984851;-0.0564278;0.7;0.7
-1.02;-1.76316;2.03694;-0.019542;-1.11967;0.7;0.7
-1.02579;-1.72596;2.00778;0.0117773;0.674791;0.7;0.7
-1.16786;-1.69224;2.05611;0.0678253;3.8861;0.7;0.7
-1.1352;-1.64997;2.00277;-0.00143049;-0.0819608;0.7;0.7
-1.10467;-1.66693;1.99974;-0.0173856;-0.996122;0.7;0.7
-1.22135;-1.61968;2.02856;0.0608491;3.4864;0.7;0.7
-1.24688;-1.54466;1.98511;0.0330291;1.89243;0.7;0.7
-1.18872;-1.48023;1.89846;-0.00252514;-0.14468;0.7;0.7
-1.25386;-1.572;2.01081;-0.00331677;-0.190037;0.7;0.7
-1.30422;-1.44079;1.94342;0.0624011;3.57532;0.7;0.7
-1.43192;-1.36056;1.97523;0.0752574;4.31193;0.7;0.7
-1.49148;-1.26438;1.95529;0.0566727;3.24711;0.7;0.7
-1.48486;-1.1805;1.89694;0.0314788;1.8036;0.7;0.7
-1.56415;-1.23419;1.99244;0.00367128;0.210349;0.7;0.7
-1.51082;-1.36439;2.03572;-0.0664888;-3.80953;0.7;0.7
-1.40408;-1.31852;1.92612;-0.0194646;-1.11524;0.7;0.7
-1.50277;-1.31426;1.9964;0.0354024;2.02841;0.7;0.7
-1.54253;-1.31228;2.02521;0.0136583;0.782561;0.7;0.7
-1.65514;-1.35675;2.14016;0.0182698;1.04678;0.7;0.7
-1.61457;-1.33392;2.09432;-0.00384995;-0.220586;0.7;0.7
-1.52674;-1.26532;1.98292;-0.00154243;-0.0883747;0.7;0.7
-1.37928;-1.28575;1.88562;-0.0582735;-3.33883;0.7;0.7
-1.41462;-1.3078;1.92652;0.00413801;0.237091;0.7;0.7
-1.56116;-1.42854;2.11612;0.00511054;0.292813;0.7;0.7
-1.49351;-1.35535;2.01681;0.00412681;0.236449;0.7;0.7
-1.40655;-1.35156;1.95067;-0.0285204;-1.6341;0.7;0.7
-1.34627;-1.4199;1.95667;-0.0465489;-2.66706;0.7;0.7
-1.22324;-1.73364;2.12175;-0.144317;-8.26875;0.7;0.7
-1.15524;-1.63544;2.00231;0.000523713;0.0300066;0.7;0.7
-1.26952;-1.59999;2.04246;0.0557473;3.19408;0.7;0.7
-1.32764;-1.70018;2.15713;-0.00776527;-0.444917;0.7;0.7
-1.25948;-1.53775;1.98771;0.0232701;1.33328;0.7;0.7
-1.51027;-1.83554;2.377;0.00224176;0.128444;0.7;0.7
-1.27716;-1.64913;2.08585;-0.029521;-1.69143;0.7;0.7
-1.30814;-1.68275;2.1314;0.00183186;0.104958;0.7;0.7
-1.21397;-1.43131;1.8768;0.0426198;2.44193;0.7;0.7
-1.26069;-1.39241;1.87834;0.0323728;1.85482;0.7;0.7
-1.50061;-1.70029;2.26778;-0.0126923;-0.727213;0.7;0.7
-1.27357;-1.35118;1.85679;0.032739;1.87581;0.7;0.7
-1.36923;-1.45332;1.99673;-0.000224713;-0.0128751;0.7;0.7
-1.3656;-1.453;1.99401;-0.00121277;-0.0694865;0.7;0.7
-1.44146;-1.48257;2.06781;0.0169383;0.970491;0.7;0.7
-1.38918;-1.45798;2.01383;-0.0100976;-0.578549;0.7;0.7
-1.39377;-1.44515;2.00774;0.00605977;0.347199;0.7;0.7
-1.38506;-1.25839;1.87134;0.0659793;3.78033;0.7;0.7
-1.48124;-1.35629;2.00838;-0.00387294;-0.221903;0.7;0.7
-1.47709;-1.34849;2.00005;0.00147373;0.0844384;0.7;0.7
-1.5921;-1.56632;2.23341;-0.0373189;-2.13821;0.7;0.7
-1.47032;-1.4094;2.03672;0.0129869;0.744097;0.7;0.7
-1.38535;-1.37872;1.9545;-0.0187519;-1.07441;0.7;0.7
-1.5097;-1.41518;2.06928;0.0299063;1.7135;0.7;0.7
-1.45854;-1.39661;2.01936;-0.0106172;-0.60832;0.7;0.7
-1.57691;-1.46457;2.15212;0.0152318;0.87272;0.7;0.7
-1.4444;-1.31925;1.9562;0.00833387;0.477495;0.7;0.7
-1.74123;-1.19679;2.11286;0.137978;7.90553;0.7;0.7
-1.69644;-1.12306;2.03449;0.0173954;0.996682;0.7;0.7
-1.67833;-1.06357;1.98694;0.0199364;1.14227;0.7;0.7
-1.71691;-0.806858;1.89705;0.125519;7.1917;0.7;0.7
-1.84604;-0.906793;2.05673;-0.0172738;-0.989717;0.7;0.7
-2.03069;-1.11216;2.3153;-0.0444671;-2.54777;0.7;0.7
-1.80247;-0.804265;1.97376;0.0813671;4.66199;0.7;0.7
-1.80735;-0.839335;1.99273;-0.0150747;-0.863714;0.7;0.7
-1.86285;-0.862301;2.05275;0.00124155;0.0711357;0.7;0.7
-1.74401;-0.753513;1.89983;0.0256899;1.47192;0.7;0.7
-1.82384;-0.87325;2.02211;-0.0387086;-2.21784;0.7;0.7
-1.75222;-0.735231;1.90022;0.0492548;2.82209;0.7;0.7
-1.97366;-0.681933;2.08814;0.0646116;3.70197;0.7;0.7
-1.9209;-0.540066;1.99537;0.0585986;3.35745;0.7;0.7
-2.07005;-0.892431;2.25423;-0.132961;-7.61811;0.7;0.7
-1.92815;-0.76405;2.07401;0.0297599;1.70512;0.7;0.7
-1.81669;-0.678786;1.93936;0.0197023;1.12886;0.7;0.7
-1.86083;-0.669783;1.9777;0.0120759;0.691896;0.7;0.7
-1.9548;-0.615648;2.04945;0.0403925;2.31432;0.7;0.7
-1.70827;-0.780517;1.87813;-0.123473;-7.0745;0.7;0.7
-2.1001;-1.0265;2.33754;-0.0260532;-1.49274;0.7;0.7
-1.5681;-1.24079;1.99963;-0.214757;-12.3047;0.7;0.7
-1.56342;-1.23745;1.99388;-0.000146623;-0.00840086;0.7;0.7
-1.68663;-1.25368;2.10153;0.0303358;1.73811;0.7;0.7
-1.65096;-1.0294;1.94559;0.0816704;4.67937;0.7;0.7
-1.70793;-1.20568;2.09062;-0.057163;-3.2752;0.7;0.7
-1.70077;-1.27555;2.12594;-0.0287951;-1.64984;0.7;0.7
-1.74561;-1.20067;2.11867;0.0409838;2.3482;0.7;0.7
-1.70516;-1.26611;2.12382;-0.0361886;-2.07345;0.7;0.7
-1.60951;-0.837996;1.81459;0.158661;9.09063;0.7;0.7
-1.54925;-0.997631;1.84268;-0.092072;-5.27534;0.7;0.7
-1.71992;-1.15852;2.07372;-0.0206725;-1.18445;0.7;0.7
-1.80802;-0.918422;2.02791;0.122773;7.0344;0.7;0.7
-1.67947;-0.80375;1.86189;0.0236444;1.35473;0.7;0.7
-1.83436;-0.881447;2.03515;-0.00158158;-0.0906176;0.7;0.7
-2.07309;-0.901028;2.26043;0.0379422;2.17393;0.7;0.7
-1.93738;-0.864157;2.12137;-0.00956054;-0.547778;0.7;0.7
-1.92444;-0.935768;2.13989;-0.0330313;-1.89255;0.7;0.7
-1.80621;-0.919756;2.02691;-0.0184033;-1.05443;0.7;0.7
-1.78427;-0.917073;2.00615;-0.00377086;-0.216054;0.7;0.7
-1.88987;-0.87963;2.08455;0.0391416;2.24265;0.7;0.7
-1.81511;-0.846678;2.00287;-0.000833211;-0.0477395;0.7;0.7
-1.96632;-0.888861;2.15789;0.0119063;0.682183;0.7;0.7
-1.84273;-0.990877;2.09224;-0.0688172;-3.94294;0.7;0.7
-1.7303;-0.83682;1.92203;0.0429039;2.45821;0.7;0.7
-1.89173;-0.762999;2.0398;0.0670863;3.84376;0.7;0.7
-1.74376;-0.60989;1.84734;0.0469205;2.68835;0.7;0.7
-1.89314;-0.656555;2.00375;0.00262903;0.150632;0.7;0.7
-1.9404;-1.05855;2.21036;-0.16558;-9.48706;0.7;0.7
-1.63597;-0.798956;1.82064;0.045109;2.58456;0.7;0.7
-1.78641;-0.873705;1.98862;-0.000576782;-0.0330472;0.7;0.7
-1.6228;-1.09477;1.95755;-0.138611;-7.94181;0.7;0.7
-1.59821;-1.10931;1.94547;-0.0132633;-0.759933;0.7;0.7
-1.72493;-1.19415;2.09795;0.00121857;0.0698189;0.7;0.7
-1.62625;-1.48393;2.20153;-0.134139;-7.68558;0.7;0.7
-1.53605;-1.51803;2.1596;-0.0398278;-2.28196;0.7;0.7
-1.61307;-1.04727;1.92321;0.203656;11.6686;0.7;0.7
-1.76245;-1.16838;2.11455;-0.00957086;-0.54837;0.7;0.7
-1.67183;-1.09756;1.99992;0.00448285;0.256848;0.7;0.7
-1.80194;-1.23144;2.18253;-0.0185634;-1.0636;0.7;0.7
-1.64289;-1.04646;1.94786;0.0323385;1.85286;0.7;0.7
-1.52658;-1.10656;1.88545;-0.0600616;-3.44128;0.7;0.7
-1.62363;-1.3635;2.12022;-0.0713174;-4.08618;0.7;0.7
-1.56794;-1.24788;2.00391;0.0263172;1.50786;0.7;0.7
-1.58515;-1.22306;2.00214;0.0150528;0.862459;0.7;0.7
-1.44384;-1.15197;1.84708;-0.0162617;-0.931727;0.7;0.7
-1.57263;-1.31115;2.04751;-0.0215477;-1.23459;0.7;0.7
-1.58491;-1.35993;2.08839;-0.0141736;-0.812089;0.7;0.7
-1.47819;-1.22176;1.91774;0.0184425;1.05668;0.7;0.7
-1.48152;-1.28828;1.96331;-0.0250392;-1.43464;0.7;0.7
-1.4828;-1.2832;1.96095;0.002383;0.136536;0.7;0.7
-1.60705;-1.27575;2.05186;0.0423863;2.42855;0.7;0.7
-1.56502;-1.24195;1.99794;0.000167275;0.00958414;0.7;0.7
-1.56912;-1.24375;2.00226;0.000571025;0.0327173;0.7;0.7
-1.70079;-1.14308;2.04922;0.0784884;4.49706;0.7;0.7
-1.43253;-1.12134;1.81922;-0.0723942;-4.14788;0.7;0.7
-1.50029;-1.27677;1.97003;-0.0409408;-2.34574;0.7;0.7
-1.62053;-1.19544;2.01375;0.0695094;3.9826;0.7;0.7
-1.54466;-1.24471;1.98375;-0.0427019;-2.44664;0.7;0.7
-1.25827;-1.09836;1.67022;-0.0393732;-2.25592;0.7;0.7
-1.52594;-1.29802;2.00333;0.0127833;0.732432;0.7;0.7
-1.42218;-1.13988;1.82262;0.0292085;1.67352;0.7;0.7
-1.53982;-1.16496;1.93085;0.027971;1.60262;0.7;0.7
-1.51577;-1.28953;1.99008;-0.0572391;-3.27956;0.7;0.7
-1.43726;-1.3853;1.99619;-0.0620667;-3.55616;0.7;0.7
-1.47467;-1.31008;1.97255;0.0406261;2.3277;0.7;0.7
-1.44722;-1.29183;1.93991;-0.00236251;-0.135362;0.7;0.7
-1.4811;-1.33641;1.9949;-0.00536121;-0.307175;0.7;0.7
-1.52783;-1.31709;2.01718;0.0226301;1.29661;0.7;0.7
-1.46259;-1.26113;1.93122;-0.000108709;-0.00622855;0.7;0.7
-1.29336;-1.38318;1.89366;-0.107373;-6.152;0.7;0.7
-1.42916;-1.645;2.17911;-0.0365506;-2.09419;0.7;0.7
-1.40012;-1.27186;1.89154;0.118059;6.76426;0.7;0.7
-1.79664;-1.36161;2.2543;0.088917;5.09457;0.7;0.7
-1.57872;-1.41742;2.12166;-0.0830981;-4.76117;0.7;0.7
-1.54043;-1.08906;1.88652;0.116215;6.65863;0.7;0.7
-1.54745;-0.968078;1.82532;0.0563715;3.22985;0.7;0.7
-1.71395;-1.08351;2.02771;-0.00471236;-0.269998;0.7;0.7
-1.67686;-1.05638;1.98186;0.00157045;0.0899801;0.7;0.7
-1.69128;-1.11222;2.02422;-0.019544;-1.11979;0.7;0.7
-1.62984;-1.14295;1.99066;-0.0298624;-1.71099;0.7;0.7
-1.56807;-1.0876;1.90833;0.00516311;0.295824;0.7;0.7
-1.79973;-1.01683;2.06712;0.0921355;5.27898;0.7;0.7
-1.7756;-0.883176;1.98312;0.0527141;3.02029;0.7;0.7
-1.78532;-0.878664;1.98983;0.00420682;0.241033;0.7;0.7
-1.74264;-0.897244;1.96006;-0.0181218;-1.0383;0.7;0.7
-1.77478;-0.930404;2.00387;-0.00737128;-0.422343;0.7;0.7
-1.90613;-0.958498;2.13355;0.0169238;0.96966;0.7;0.7
-1.71288;-0.856887;1.91526;0.00206918;0.118555;0.7;0.7
-1.88209;-0.915597;2.09298;0.0110834;0.635034;0.7;0.7
-1.89496;-0.953068;2.12113;-0.0132315;-0.75811;0.7;0.7
-1.803;-0.936118;2.03154;-0.0128845;-0.738225;0.7;0.7
-1.67068;-0.730613;1.82345;0.0666338;3.81784;0.7;0.7
-1.84482;-0.743047;1.98884;0.0293594;1.68217;0.7;0.7
-1.83365;-0.803535;2.00198;-0.0301165;-1.72555;0.7;0.7
-1.79209;-0.792976;1.95969;-0.00357671;-0.20493;0.7;0.7
-1.89795;-0.869769;2.08775;-0.0131187;-0.751643;0.7;0.7
-1.95496;-1.01186;2.2013;-0.0479094;-2.74501;0.7;0.7
-1.5529;-0.997868;1.84588;-0.0935258;-5.35863;0.7;0.7
-1.42754;-0.854532;1.66376;0.0317496;1.81912;0.7;0.7
-1.71308;-1.09066;2.03081;-0.0275523;-1.57863;0.7;0.7
-1.55046;-0.870544;1.77814;0.0553358;3.17051;0.7;0.7
-1.76485;-0.832733;1.95145;0.0707398;4.05309;0.7;0.7
-1.70334;-0.866152;1.91092;-0.029556;-1.69343;0.7;0.7
-1.79712;-0.931552;2.02421;-0.00779979;-0.446895;0.7;0.7
-1.84769;-0.93392;2.0703;0.0102241;0.5858;0.7;0.7
-1.49696;-0.838635;1.71587;-0.0426576;-2.4441;0.7;0.7
-1.75031;-1.08164;2.05756;-0.0428694;-2.45624;0.7;0.7
-1.61585;-0.963161;1.88113;0.0160041;0.916968;0.7;0.7
-1.64761;-1.06184;1.96013;-0.0349576;-2.00292;0.7;0.7
-1.70005;-1.15148;2.05331;-0.022859;-1.30972;0.7;0.7
-1.40473;-1.24636;1.87794;-0.130391;-7.47088;0.7;0.7
-1.33156;-1.53259;2.03025;-0.129741;-7.43359;0.7;0.7
-1.30374;-1.52114;2.0034;-0.00673297;-0.385771;0.7;0.7
-1.26192;-1.55238;2.00059;-0.0260369;-1.4918;0.7;0.7
-1.26123;-1.83166;2.22389;-0.0795396;-4.55729;0.7;0.7
-1.14309;-1.69359;2.04325;-0.00929889;-0.532787;0.7;0.7
-1.09856;-1.65966;1.9903;-0.00900644;-0.516031;0.7;0.7
-0.991513;-1.6942;1.96301;-0.0552127;-3.16345;0.7;0.7
-1.21531;-1.76749;2.145;0.0728524;4.17413;0.7;0.7
-1.14952;-1.64701;2.00849;0.00699451;0.400756;0.7;0.7
-1.18749;-1.70054;2.07412;0.000239954;0.0137483;0.7;0.7
-1.04332;-1.52275;1.84588;-0.00888732;-0.509206;0.7;0.7
-0.999927;-1.63277;1.91462;-0.0512;-2.93354;0.7;0.7
-1.01845;-1.60805;1.90343;0.0150814;0.8641;0.7;0.7
-1.22864;-1.44751;1.89864;0.13922;7.97673;0.7;0.7
-1.35218;-1.50498;2.0232;0.028172;1.61414;0.7;0.7
-1.46511;-1.44922;2.06078;0.058882;3.37369;0.7;0.7
-1.43347;-1.52382;2.0921;-0.0359951;-2.06237;0.7;0.7
-1.45303;-1.39036;2.01107;0.0525783;3.01252;0.7;0.7
-1.58718;-1.51792;2.19618;0.000264022;0.0151273;0.7;0.7
-1.40057;-1.44517;2.01249;-0.0379705;-2.17555;0.7;0.7
-1.33979;-1.25431;1.8353;0.0486105;2.78518;0.7;0.7
-1.44645;-1.32381;1.96078;0.0113017;0.647542;0.7;0.7
-1.5022;-1.30027;1.98678;0.0276883;1.58642;0.7;0.7
-1.61048;-1.28009;2.05725;0.0418742;2.39921;0.7;0.7
-1.50471;-1.21252;1.93245;-0.0066837;-0.382948;0.7;0.7
-1.57082;-1.30062;2.03938;-0.0133009;-0.762085;0.7;0.7
-1.58146;-1.10844;1.93123;0.0802493;4.59795;0.7;0.7
-1.64222;-1.14115;1.99978;0.00404561;0.231796;0.7;0.7
-1.64741;-1.57217;2.2772;-0.15475;-8.86649;0.7;0.7
-1.29785;-1.48362;1.97118;-0.0900586;-5.15998;0.7;0.7
-1.16643;-1.36742;1.79733;-0.0124605;-0.713936;0.7;0.7
-1.25765;-1.54631;1.99318;-0.0234318;-1.34254;0.7;0.7
-1.16367;-1.45139;1.86029;-0.00699838;-0.400978;0.7;0.7
-0.936075;-1.64026;1.88857;-0.157227;-9.00847;0.7;0.7
-1.00904;-1.71589;1.99059;0.0130051;0.74514;0.7;0.7
-0.992638;-1.69554;1.96474;-0.00194825;-0.111627;0.7;0.7
-1.02331;-1.8726;2.13397;-0.0295185;-1.69128;0.7;0.7
-0.892485;-1.78369;1.99451;-0.0361903;-2.07355;0.7;0.7
-1.01593;-1.8531;2.11332;0.0375511;2.15152;0.7;0.7
-0.730904;-1.74233;1.88943;-0.104285;-5.97511;0.7;0.7
-0.686411;-1.91963;2.03866;-0.0537939;-3.08217;0.7;0.7
-0.361519;-2.09291;2.1239;-0.17236;-9.87548;0.7;0.7
-0.234208;-2.16944;2.18205;-0.0635059;-3.63862;0.7;0.7
-0.0210917;-1.82291;1.82303;-0.0959717;-5.49877;0.7;0.7
0.0112222;-1.92652;1.92656;-0.0173948;-0.996651;0.7;0.7
-0.0846177;-1.89345;1.89534;0.050485;2.89258;0.7;0.7
-0.252507;-1.96312;1.97929;0.0832634;4.77064;0.7;0.7
-0.225143;-2.00477;2.01738;-0.0160885;-0.921803;0.7;0.7
-0.0950218;-2.00334;2.0056;-0.0644388;-3.69207;0.7;0.7
0.0627869;-1.96618;1.96718;-0.0793187;-4.54463;0.7;0.7
0.0331375;-1.9044;1.90469;0.0145239;0.832159;0.7;0.7
0.0304822;-2.04251;2.04274;0.00247593;0.14186;0.7;0.7
0.0528985;-1.95775;1.95847;-0.0120906;-0.692743;0.7;0.7
0.0887311;-2.11651;2.11837;-0.0148853;-0.852865;0.7;0.7
0.0852797;-2.02535;2.02714;-0.000182623;-0.0104635;0.7;0.7
0.0593732;-1.97598;1.97687;0.0120429;0.690009;0.7;0.7
0.0299101;-1.94782;1.94805;0.014684;0.84133;0.7;0.7
0.030849;-1.9449;1.94514;-0.000505675;-0.028973;0.7;0.7
-0.0710595;-2.03491;2.03615;0.0507661;2.90868;0.7;0.7
0.0293087;-1.90947;1.9097;-0.0502539;-2.87934;0.7;0.7
0.00692446;-1.9434;1.94341;0.0117849;0.675223;0.7;0.7
0.00895124;-2.04749;2.04751;-0.000808726;-0.0463366;0.7;0.7
0.0150322;-2.01203;2.01208;-0.00309926;-0.177575;0.7;0.7
0.000550695;-2.00263;2.00263;0.00719605;0.412303;0.7;0.7
0.190316;-2.06397;2.07272;-0.091674;-5.25253;0.7;0.7
0.0677864;-1.79657;1.79785;0.0542359;3.10749;0.7;0.7
0.00161611;-2.16092;2.16092;0.0369652;2.11795;0.7;0.7
0.101405;-1.88465;1.88738;-0.0530059;-3.03702;0.7;0.7
0.200994;-1.98356;1.99372;-0.0472311;-2.70614;0.7;0.7
0.0463674;-1.90737;1.90793;0.07668;4.39344;0.7;0.7
0.0349965;-2.03699;2.03729;0.00712608;0.408294;0.7;0.7
0.129436;-1.95423;1.95851;-0.0489583;-2.8051;0.7;0.7
0.152238;-2.01823;2.02396;-0.009152;-0.524371;0.7;0.7
0.122018;-2.23654;2.23987;0.0207867;1.19099;0.7;0.7
0.0415863;-1.90429;1.90475;0.0326677;1.87172;0.7;0.7
-0.0249679;-2.03466;2.03482;0.0341053;1.95409;0.7;0.7
-0.0175147;-2.02516;2.02523;-0.00362228;-0.207541;0.7;0.7
-0.0323605;-1.9742;1.97447;0.00774186;0.443576;0.7;0.7
0.0720606;-1.79679;1.79823;-0.0564741;-3.23572;0.7;0.7
0.182333;-2.22481;2.23227;-0.041688;-2.38855;0.7;0.7
0.238579;-1.91809;1.93287;-0.0419763;-2.40507;0.7;0.7
0.340427;-2.22022;2.24617;-0.0283969;-1.62702;0.7;0.7
0.196138;-1.90978;1.91982;0.0498017;2.85343;0.7;0.7
0.0934938;-1.88039;1.88271;0.0526639;3.01742;0.7;0.7
0.10263;-2.04697;2.04954;-0.000415935;-0.0238313;0.7;0.7
-0.0462669;-1.92622;1.92678;0.0741104;4.24621;0.7;0.7
-0.0036095;-1.73807;1.73807;-0.0219382;-1.25697;0.7;0.7
-0.0283348;-1.83095;1.83117;0.0133975;0.767621;0.7;0.7
-0.175274;-2.05058;2.05806;0.0697941;3.99891;0.7;0.7
-0.209988;-2.00353;2.01451;0.0191594;1.09775;0.7;0.7
-0.229463;-2.09905;2.11155;0.00445786;0.255417;0.7;0.7
-0.224704;-1.975;1.98774;0.00440137;0.25218;0.7;0.7
-0.152865;-2.04397;2.04968;-0.0386377;-2.21378;0.7;0.7
-0.177694;-1.95666;1.96471;0.0159173;0.911991;0.7;0.7
-0.10148;-1.96733;1.96995;-0.0390297;-2.23624;0.7;0.7
-0.151937;-2.12999;2.1354;0.0196747;1.12728;0.7;0.7
-0.0862594;-2.12348;2.12523;-0.0306121;-1.75394;0.7;0.7
-0.0576662;-2.13107;2.13185;-0.0135463;-0.776148;0.7;0.7
0.0834944;-1.95503;1.95681;-0.0697347;-3.99551;0.7;0.7
0.00634709;-2.13666;2.13667;0.039711;2.27527;0.7;0.7
-0.0465486;-2.03442;2.03495;0.0258471;1.48093;0.7;0.7
-0.09624;-2.10815;2.11034;0.0227432;1.30309;0.7;0.7
-0.027462;-1.88751;1.88771;-0.0310715;-1.78027;0.7;0.7
-0.0284154;-2.00088;2.00108;-0.000347762;-0.0199253;0.7;0.7
0.0125669;-1.8044;1.80444;-0.021165;-1.21266;0.7;0.7
-0.128095;-2.01877;2.02283;0.0703314;4.0297;0.7;0.7
0.0383418;-2.00395;2.00431;-0.0824978;-4.72677;0.7;0.7
0.09277;-1.98902;1.99119;-0.0274764;-1.57428;0.7;0.7
0.238719;-2.05329;2.06712;-0.069135;-3.96114;0.7;0.7
0.148236;-1.86353;1.86942;0.0363637;2.08348;0.7;0.7
-0.1377;-1.84991;1.85503;0.153677;8.80506;0.7;0.7
0.0322497;-2.03974;2.04;-0.0901082;-5.16282;0.7;0.7
0.0451801;-2.09153;2.09202;-0.00578873;-0.33167;0.7;0.7
0.101436;-2.06108;2.06357;-0.0275774;-1.58007;0.7;0.7
0.186161;-1.99801;2.00666;-0.0437297;-2.50553;0.7;0.7
0.0563458;-1.92859;1.92941;0.0636973;3.64959;0.7;0.7
0.0984191;-1.85791;1.86052;-0.0237156;-1.3588;0.7;0.7
0.203354;-1.90967;1.92047;-0.0531631;-3.04602;0.7;0.7
0.237469;-1.9521;1.96649;-0.0149667;-0.85753;0.7;0.7
0.163489;-1.96507;1.97185;0.0380465;2.1799;0.7;0.7
0.406468;-2.07829;2.11767;-0.110133;-6.31016;0.7;0.7
0.445947;-1.92859;1.97947;-0.0340965;-1.95358;0.7;0.7
0.448537;-2.06435;2.11251;0.0132839;0.761113;0.7;0.7
0.378862;-1.93556;1.97229;0.0206586;1.18365;0.7;0.7
0.227998;-1.92913;1.94256;0.0756524;4.33456;0.7;0.7
0.161343;-1.98262;1.98918;0.0364416;2.08795;0.7;0.7
-0.0448038;-2.21305;2.2135;0.101442;5.81221;0.7;0.7
-0.0261415;-2.09684;2.09701;-0.0077761;-0.445538;0.7;0.7
-0.159783;-2.10858;2.11462;0.0631668;3.61919;0.7;0.7
-0.334327;-1.9063;1.93539;0.0979815;5.61393;0.7;0.7
-0.316447;-1.97684;2.00201;-0.0148846;-0.852824;0.7;0.7
-0.282593;-2.09699;2.11594;-0.0247755;-1.41953;0.7;0.7
-0.418341;-2.10467;2.14585;0.0622557;3.56699;0.7;0.7
-0.325863;-1.94663;1.97372;-0.0303502;-1.73894;0.7;0.7
-0.326012;-1.63795;1.67008;0.0306085;1.75374;0.7;0.7
-0.501841;-1.81679;1.88482;0.0730354;4.18462;0.7;0.7
-0.726947;-1.90237;2.03653;0.0955006;5.47178;0.7;0.7
-0.646924;-2.02263;2.12357;-0.0554445;-3.17673;0.7;0.7
-0.346821;-1.73252;1.7669;-0.111989;-6.41652;0.7;0.7
-0.393158;-1.93061;1.97023;0.0033266;0.1906;0.7;0.7
-0.447175;-1.95227;2.00283;0.0242715;1.39065;0.7;0.7
-0.449584;-1.95495;2.00598;0.000872639;0.0499986;0.7;0.7
-0.539511;-1.84995;1.92701;0.0577242;3.30735;0.7;0.7
-0.681956;-1.96845;2.08323;0.0497371;2.84972;0.7;0.7
-0.911033;-1.87716;2.08655;0.118336;6.78015;0.7;0.7
-0.907091;-1.63199;1.86713;0.0554619;3.17773;0.7;0.7
-0.991932;-1.71396;1.9803;0.0173372;0.993348;0.7;0.7
-1.04935;-1.75971;2.04883;0.013072;0.748973;0.7;0.7
-0.917468;-1.79743;2.01804;-0.0657504;-3.76722;0.7;0.7
-0.873013;-1.87768;2.07071;-0.0367489;-2.10556;0.7;0.7
-1.01388;-2.03431;2.27297;0.0271494;1.55555;0.7;0.7
-1.04861;-1.58328;1.89904;0.122614;7.02529;0.7;0.7
-1.10428;-1.6672;1.99975;4.03902e-05;0.00231419;0.7;0.7
-1.13202;-1.73627;2.0727;-0.00724769;-0.415262;0.7;0.7
-1.19349;-1.69608;2.07391;0.0354188;2.02935;0.7;0.7
-0.932245;-1.53165;1.79305;-0.0664269;-3.80598;0.7;0.7
-1.06186;-1.61638;1.93397;0.0344789;1.97549;0.7;0.7
-1.0736;-1.54576;1.88202;0.0258147;1.47907;0.7;0.7
-0.988656;-1.59674;1.87803;-0.0526548;-3.0169;0.7;0.7
-1.04436;-1.90551;2.17294;-0.0530362;-3.03875;0.7;0.7
-0.945773;-1.76725;2.00441;-0.0099785;-0.571726;0.7;0.7
-0.784452;-2.00687;2.15474;-0.118761;-6.8045;0.7;0.7
-0.75101;-1.93479;2.07543;-0.00236314;-0.135398;0.7;0.7
-0.701926;-1.74666;1.88243;0.0118563;0.679317;0.7;0.7
-0.767722;-1.85243;2.00522;0.0107777;0.617516;0.7;0.7
-0.672967;-1.99212;2.10272;-0.0671149;-3.8454;0.7;0.7
-0.67812;-1.82958;1.95121;0.0291663;1.6711;0.7;0.7
-0.705614;-1.88844;2.01596;0.00264215;0.151384;0.7;0.7
-0.68816;-1.81883;1.94466;0.00412048;0.236086;0.7;0.7
-0.703417;-1.79732;1.93006;0.0113381;0.649625;0.7;0.7
-0.702109;-1.9214;2.04567;-0.0227044;-1.30086;0.7;0.7
-0.904743;-2.05794;2.24804;0.0638611;3.65897;0.7;0.7
-0.86155;-1.85599;2.04621;0.020397;1.16866;0.7;0.7
-0.858578;-1.88353;2.06999;-0.00690434;-0.39559;0.7;0.7
-1.02401;-1.82899;2.09613;0.0827003;4.73838;0.7;0.7
-1.15028;-1.60552;1.97505;0.11129;6.37645;0.7;0.7
-1.17044;-1.62908;2.00595;0.00132776;0.076075;0.7;0.7
-0.953771;-1.59694;1.86008;-0.084618;-4.84826;0.7;0.7
-1.18152;-1.71969;2.08646;0.0635903;3.64346;0.7;0.7
-1.13299;-1.30828;1.73069;0.111732;6.40179;0.7;0.7
-1.41058;-1.5459;2.09273;0.0259423;1.48638;0.7;0.7
-1.46688;-1.31405;1.96938;0.100643;5.76644;0.7;0.7
-1.50093;-1.49944;2.12158;-0.0544093;-3.11742;0.7;0.7
-1.45062;-1.4336;2.03949;0.00540596;0.309739;0.7;0.7
-1.42445;-1.54918;2.10452;-0.0478202;-2.73989;0.7;0.7
-1.43493;-1.45471;2.04333;0.0350726;2.00951;0.7;0.7
-1.22399;-1.30977;1.79266;-0.0269972;-1.54682;0.7;0.7
-1.3402;-1.52498;2.0302;-0.0305583;-1.75086;0.7;0.7
-1.32069;-1.50228;2.00027;0.000164823;0.00944368;0.7;0.7
-1.24714;-1.4365;1.90233;-0.00620644;-0.355603;0.7;0.7
-1.20988;-1.7072;2.09245;-0.0984191;-5.639;0.7;0.7
-1.00555;-1.64432;1.92742;-0.0676801;-3.87779;0.7;0.7
-1.16285;-1.90345;2.23055;-0.000448341;-0.025688;0.7;0.7
-0.95702;-1.70902;1.95874;-0.0379337;-2.17344;0.7;0.7
-1.06158;-1.7829;2.07501;0.026574;1.52258;0.7;0.7
-1.03543;-1.73619;2.02151;0.000707926;0.0405611;0.7;0.7
-1.01384;-1.62073;1.91171;0.0212342;1.21663;0.7;0.7
-1.15109;-1.72312;2.07223;0.0299524;1.71615;0.7;0.7
-0.968194;-1.66724;1.92798;-0.0628224;-3.59946;0.7;0.7
-1.00583;-1.79172;2.05474;-0.0145812;-0.835444;0.7;0.7
-1.10539;-1.699;2.02694;0.0652645;3.73938;0.7;0.7
-1.15535;-1.52533;1.9135;0.0714427;4.09337;0.7;0.7
-1.12685;-1.6724;2.01661;-0.0553228;-3.16976;0.7;0.7
-1.10506;-1.65297;1.98833;-0.0036326;-0.208133;0.7;0.7
-1.17809;-1.85864;2.20056;-0.0243543;-1.3954;0.7;0.7
-1.17576;-1.77782;2.13145;0.0193765;1.11019;0.7;0.7
-1.10244;-1.66798;1.99938;-0.000281268;-0.0161154;0.7;0.7
-1.13312;-1.70532;2.04746;0.00244145;0.139885;0.7;0.7
-1.03974;-1.52308;1.84414;0.0125189;0.717278;0.7;0.7
-1.14979;-1.606;1.97516;0.0223478;1.28043;0.7;0.7
-0.982729;-1.63869;1.91077;-0.0811361;-4.64876;0.7;0.7
-1.08699;-1.83685;2.13438;-0.00585553;-0.335497;0.7;0.7
-1.13307;-1.81738;2.14166;0.0231455;1.32614;0.7;0.7
-1.29433;-1.8172;2.23104;0.0614182;3.519;0.7;0.7
-1.16139;-1.6227;1.99549;0.00228563;0.130957;0.7;0.7
-1.16654;-1.61648;1.99345;0.00391301;0.224199;0.7;0.7
-1.33347;-1.72383;2.17939;0.0332952;1.90767;0.7;0.7
-0.955778;-1.64313;1.90089;-0.131564;-7.53807;0.7;0.7
-1.01519;-1.66583;1.95079;0.0204766;1.17322;0.7;0.7
-1.03686;-1.74811;2.03248;-0.0119642;-0.685498;0.7;0.7
-0.969107;-1.55415;1.83154;0.0222107;1.27258;0.7;0.7
-0.981448;-1.66305;1.93105;-0.0244182;-1.39906;0.7;0.7
-1.02723;-1.73003;2.01201;0.00267494;0.153263;0.7;0.7
-0.887736;-1.65959;1.8821;-0.0446341;-2.55734;0.7;0.7
-0.949536;-1.75345;1.99405;0.00512535;0.293661;0.7;0.7
-1.0528;-1.78664;2.07376;0.0361736;2.07259;0.7;0.7
-1.01411;-1.78497;2.05293;-0.0158263;-0.906783;0.7;0.7
-1.17792;-1.73481;2.09692;0.079829;4.57386;0.7;0.7
-1.13351;-1.65594;2.00673;0.00376847;0.215917;0.7;0.7
-1.04632;-1.50733;1.83489;0.00653172;0.37424;0.7;0.7
-0.930382;-1.92327;2.13648;-0.156225;-8.95102;0.7;0.7
-0.87845;-1.7991;2.00211;0.00365674;0.209516;0.7;0.7
-0.782812;-2.03354;2.17901;-0.086755;-4.9707;0.7;0.7
-0.743627;-1.86456;2.00737;0.0120253;0.688999;0.7;0.7
-0.796582;-1.78848;1.95785;0.0395284;2.26481;0.7;0.7
-0.75122;-1.90097;2.04402;-0.0426771;-2.44522;0.7;0.7
-0.646975;-1.83601;1.94667;-0.0375482;-2.15135;0.7;0.7
-0.698714;-1.92035;2.04352;0.0101625;0.582266;0.7;0.7
-0.830061;-1.84395;2.02216;0.0740264;4.2414;0.7;0.7
-0.846942;-1.84913;2.03386;0.00652212;0.37369;0.7;0.7
-0.836876;-1.75702;1.94614;0.015008;0.859893;0.7;0.7
-0.835191;-1.80428;1.98821;-0.0109871;-0.629512;0.7;0.7
-0.986625;-1.85399;2.10017;0.0555207;3.1811;0.7;0.7
-0.915241;-1.76428;1.98755;-0.0105027;-0.60176;0.7;0.7
-0.894092;-1.78885;1.99985;-0.0150448;-0.862004;0.7;0.7
-0.904603;-1.81553;2.02841;-0.0012458;-0.0713789;0.7;0.7
-0.982883;-1.97488;2.20595;-0.000453468;-0.0259818;0.7;0.7
-0.909877;-1.55618;1.80266;0.0672838;3.85508;0.7;0.7
-0.963033;-1.62455;1.88854;0.00602482;0.345197;0.7;0.7
-0.890334;-1.51179;1.75448;-0.00287122;-0.164509;0.7;0.7
-1.11721;-1.65764;1.99898;0.0608071;3.48399;0.7;0.7
-1.02941;-1.89077;2.15284;-0.0944802;-5.41332;0.7;0.7
-1.08632;-1.72523;2.03875;0.0633843;3.63165;0.7;0.7
-1.06248;-1.69304;1.99881;-0.00151284;-0.0866792;0.7;0.7
-1.02059;-1.62439;1.91839;0.000524933;0.0300765;0.7;0.7
-1.06101;-1.70307;2.00653;-0.00380163;-0.217817;0.7;0.7
-0.963971;-1.73293;1.983;-0.0495162;-2.83707;0.7;0.7
-1.00363;-1.73488;2.00427;0.0168187;0.963641;0.7;0.7
-1.06244;-1.70734;2.01091;0.0321801;1.84378;0.7;0.7
-1.0931;-1.65383;1.98243;0.0273905;1.56936;0.7;0.7
-1.03592;-1.70332;1.99359;-0.0376218;-2.15557;0.7;0.7
-1.04434;-1.70259;1.99736;0.00379024;0.217164;0.7;0.7
-0.905109;-1.95677;2.15596;-0.116957;-6.70115;0.7;0.7
-0.897899;-1.8731;2.07719;0.01376;0.788389;0.7;0.7
-0.89637;-1.59508;1.82968;0.0649767;3.72289;0.7;0.7
-0.941291;-1.77001;2.00473;-0.0232164;-1.3302;0.7;0.7
-1.14909;-1.70364;2.05494;0.104636;5.99519;0.7;0.7
-1.13469;-1.68903;2.03478;-0.00185217;-0.106121;0.7;0.7
-1.17737;-1.84566;2.18921;-0.023715;-1.35877;0.7;0.7
-1.15817;-1.63193;2.00114;0.0493705;2.82872;0.7;0.7
-1.16537;-1.58412;1.9666;0.0170565;0.977266;0.7;0.7
-0.979278;-1.6823;1.94657;-0.107101;-6.13644;0.7;0.7
-1.25696;-1.81342;2.20645;0.0789531;4.52368;0.7;0.7
-1.27122;-1.71033;2.13102;0.0330626;1.89435;0.7;0.7
-1.19743;-1.68413;2.06642;-0.0210989;-1.20888;0.7;0.7
-1.13051;-1.63558;1.98826;-0.0132803;-0.760903;0.7;0.7
-1.12315;-1.62196;1.97287;0.00085692;0.0490979;0.7;0.7
-1.11268;-1.83252;2.14387;-0.0599675;-3.43588;0.7;0.7
-0.8648;-1.7639;1.96449;-0.0898456;-5.14778;0.7;0.7
-0.943912;-1.84077;2.06867;0.0179819;1.03029;0.7;0.7
-1.05353;-1.81146;2.09555;0.052951;3.03387;0.7;0.7
-1.02761;-1.73951;2.02036;0.00681574;0.390513;0.7;0.7
-1.00259;-1.72181;1.99244;-0.00629206;-0.360508;0.7;0.7
-1.21769;-1.61756;2.02466;0.117994;6.76054;0.7;0.7
-1.21227;-1.64764;2.04556;-0.0109631;-0.62814;0.7;0.7
-1.07605;-1.76514;2.06727;-0.0868667;-4.97709;0.7;0.7
-0.992211;-1.65931;1.93334;-0.00853652;-0.489107;0.7;0.7
-1.10489;-1.69798;2.02582;0.0379506;2.17441;0.7;0.7
-1.18645;-1.86225;2.20809;-0.00961606;-0.55096;0.7;0.7
-1.06992;-1.66741;1.98116;0.00323851;0.185553;0.7;0.7
-1.2445;-1.59093;2.01986;0.0933251;5.34714;0.7;0.7
-1.23533;-1.56479;1.99364;0.00445568;0.255292;0.7;0.7
-1.19925;-1.5375;1.9499;-0.00585158;-0.335271;0.7;0.7
-1.60072;-1.7366;2.3618;0.082279;4.71424;0.7;0.7
-1.32289;-1.47011;1.97769;-0.0119661;-0.68561;0.7;0.7
-1.33454;-1.47451;1.98876;0.00287153;0.164527;0.7;0.7
-1.46427;-1.37747;2.01035;0.0803243;4.60225;0.7;0.7
-1.42915;-1.18826;1.85861;0.061238;3.50868;0.7;0.7
-1.68754;-1.17825;2.05817;0.0841031;4.81875;0.7;0.7
-1.75625;-1.09706;2.07074;0.0511676;2.93169;0.7;0.7
-1.64364;-1.01422;1.93137;0.0054896;0.314531;0.7;0.7
-1.75025;-1.0259;2.02876;0.0226946;1.3003;0.7;0.7
-1.67595;-1.06156;1.98386;-0.0344539;-1.97406;0.7;0.7
-1.57109;-0.863717;1.79286;0.061968;3.55051;0.7;0.7
-1.6453;-0.761711;1.81307;0.0690762;3.95777;0.7;0.7
-1.85596;-0.940517;2.08066;-0.0354581;-2.0316;0.7;0.7
-1.79341;-0.891716;2.00287;0.00761887;0.436529;0.7;0.7
-1.79602;-0.888638;2.00383;0.00195366;0.111937;0.7;0.7
-1.68211;-0.87213;1.89476;-0.0188509;-1.08008;0.7;0.7
-1.79218;-1.02618;2.06518;-0.041702;-2.38935;0.7;0.7
-1.81205;-0.903755;2.02492;0.0573735;3.28726;0.7;0.7
-1.90655;-0.962066;2.13554;-0.0046838;-0.268362;0.7;0.7
-1.69278;-0.992357;1.96221;-0.0629037;-3.60411;0.7;0.7
-1.71885;-0.944971;1.96148;0.027566;1.57942;0.7;0.7
-1.88129;-0.876969;2.07565;0.066462;3.80799;0.7;0.7
-1.87006;-0.814718;2.03982;0.0253349;1.45158;0.7;0.7
-1.76257;-0.783172;1.92874;-0.00726283;-0.41613;0.7;0.7
-2.14574;-0.776525;2.28193;0.070903;4.06245;0.7;0.7
-1.9407;-0.722579;2.07085;-0.00919862;-0.527042;0.7;0.7
-1.87944;-0.720375;2.01276;-0.00959392;-0.549691;0.7;0.7
-1.8524;-0.688412;1.97619;0.0102074;0.584844;0.7;0.7
-1.66156;-0.725395;1.813;-0.0558198;-3.19824;0.7;0.7
-1.82262;-0.847694;2.0101;-0.0237035;-1.35811;0.7;0.7
-1.83334;-0.850137;2.02086;0.00114199;0.0654311;0.7;0.7
-1.82094;-0.784722;1.98283;0.0273023;1.56431;0.7;0.7
-1.80357;-0.768169;1.96034;0.00424652;0.243308;0.7;0.7
-1.8972;-0.637101;2.00131;0.0786671;4.50729;0.7;0.7
-1.97399;-0.491476;2.03425;0.0799649;4.58165;0.7;0.7
-1.74302;-0.465962;1.80423;-0.0172073;-0.985906;0.7;0.7
-1.83567;-0.501601;1.90297;-0.005519;-0.316215;0.7;0.7
-1.96047;-0.529251;2.03066;0.00306563;0.175648;0.7;0.7
-1.72194;-0.669827;1.84763;-0.107308;-6.14832;0.7;0.7
-1.83326;-0.593275;1.92687;0.0580035;3.32336;0.7;0.7
-1.89979;-0.615263;1.99693;-0.000219295;-0.0125647;0.7;0.7
-1.73445;-0.585662;1.83066;-0.0124446;-0.713026;0.7;0.7
-1.981;-0.863778;2.16113;-0.0855324;-4.90065;0.7;0.7
-1.96516;-0.757639;2.10615;0.0432018;2.47528;0.7;0.7
-2.02905;-0.684144;2.14128;0.0427706;2.45058;0.7;0.7
-2.00143;-1.00704;2.2405;-0.140968;-8.07689;0.7;0.7
-1.69763;-0.885626;1.91476;-0.0146705;-0.840557;0.7;0.7
-1.91443;-0.846882;2.09338;0.0643538;3.6872;0.7;0.7
-1.8183;-0.796574;1.98513;0.00358699;0.205519;0.7;0.7
-1.56893;-0.672742;1.70708;0.00782541;0.448363;0.7;0.7
-1.78909;-0.811405;1.96449;-0.0207089;-1.18653;0.7;0.7
-1.79537;-0.931348;2.02256;-0.05275;-3.02235;0.7;0.7
-1.55804;-0.976427;1.83872;-0.081287;-4.6574;0.7;0.7
-1.69062;-1.0322;1.98082;0.011688;0.669672;0.7;0.7
-1.71192;-1.04278;2.00451;0.00102854;0.0589311;0.7;0.7
-1.70591;-1.06512;2.01112;-0.0110377;-0.632413;0.7;0.7
-1.78421;-1.19296;2.14629;-0.0312077;-1.78807;0.7;0.7
-1.55709;-1.33249;2.0494;-0.118477;-6.78821;0.7;0.7
-1.40357;-1.41192;1.99086;-0.0805356;-4.61435;0.7;0.7
-1.46325;-1.39356;2.02067;0.0273547;1.56731;0.7;0.7
-1.43601;-1.38802;1.99718;-0.00739792;-0.42387;0.7;0.7
-1.40089;-1.36286;1.95445;-0.00323184;-0.185171;0.7;0.7
-1.47849;-1.40616;2.0404;0.0113117;0.648114;0.7;0.7
-1.57659;-1.27221;2.02587;0.0813706;4.66219;0.7;0.7
-1.4865;-1.07819;1.83635;0.0514404;2.94732;0.7;0.7
-1.52095;-1.25249;1.97029;-0.0613866;-3.5172;0.7;0.7
-1.45429;-1.21569;1.89548;-0.00736853;-0.422186;0.7;0.7
-1.42621;-1.43283;2.02165;-0.0914435;-5.23933;0.7;0.7
-1.41252;-1.52876;2.08142;-0.037184;-2.13049;0.7;0.7
-1.46379;-1.43651;2.05092;0.0489059;2.8021;0.7;0.7
-1.516;-1.49217;2.12717;-0.00148168;-0.0848942;0.7;0.7
-1.48358;-1.32997;1.99244;0.0466208;2.67117;0.7;0.7
-1.4751;-1.39961;2.03343;-0.028289;-1.62084;0.7;0.7
-1.54509;-1.37038;2.06525;0.0335997;1.92512;0.7;0.7
-1.53134;-1.23197;1.96539;0.0480587;2.75356;0.7;0.7
-1.53037;-1.33412;2.03025;-0.0395118;-2.26386;0.7;0.7
-1.57339;-1.44653;2.13729;-0.0264187;-1.51368;0.7;0.7
-1.40746;-1.12797;1.80368;0.0678068;3.88504;0.7;0.7
-1.57267;-1.32035;2.05344;-0.0227935;-1.30597;0.7;0.7
-1.51833;-1.08186;1.86434;0.0793157;4.54445;0.7;0.7
-1.70548;-1.36858;2.18671;-0.0571538;-3.27467;0.7;0.7
-1.72492;-1.29133;2.15474;0.0336131;1.92589;0.7;0.7
-1.59229;-1.15513;1.96716;0.0150212;0.860649;0.7;0.7
-1.50793;-0.955832;1.78535;0.0626519;3.58969;0.7;0.7
-1.708;-1.08197;2.02186;0.000286198;0.0163979;0.7;0.7
-1.59399;-0.978551;1.87039;0.0140888;0.807231;0.7;0.7
-1.68166;-1.16322;2.04477;-0.0545602;-3.12607;0.7;0.7
-1.69047;-1.01104;1.96974;0.0661312;3.78904;0.7;0.7
-1.82244;-0.951012;2.05566;0.0580461;3.3258;0.7;0.7
-1.76792;-0.80245;1.94151;0.0548723;3.14395;0.7;0.7
-1.83876;-0.869558;2.03401;-0.0156474;-0.896531;0.7;0.7
-1.77453;-0.79265;1.94352;0.0216457;1.24021;0.7;0.7
-1.71051;-0.798249;1.88761;-0.016541;-0.94773;0.7;0.7
-1.81196;-0.85631;2.00411;-0.00484642;-0.27768;0.7;0.7
-1.67433;-0.774245;1.84468;0.00834287;0.478011;0.7;0.7
-1.84833;-0.83149;2.02674;0.0103967;0.595685;0.7;0.7
-1.88307;-0.791295;2.04257;0.0249267;1.42819;0.7;0.7
-1.88914;-0.859886;2.07563;-0.0293359;-1.68082;0.7;0.7
-1.81651;-0.823586;1.99449;0.00147858;0.0847163;0.7;0.7
-1.81477;-0.826321;1.99404;-0.00160804;-0.0921338;0.7;0.7
-1.71187;-0.781284;1.88173;-0.000880663;-0.0504583;0.7;0.7
-1.70408;-0.86614;1.91156;-0.042088;-2.41147;0.7;0.7
-1.57635;-0.841684;1.78698;-0.0201882;-1.1567;0.7;0.7
-1.60948;-0.73701;1.7702;0.0610147;3.49589;0.7;0.7
-1.83015;-0.830067;2.00959;0.00361565;0.207162;0.7;0.7
-1.80728;-0.776893;1.96719;0.0198162;1.13538;0.7;0.7
-2.04438;-0.756686;2.17992;0.0514935;2.95036;0.7;0.7
-1.79302;-0.529645;1.86961;0.0672694;3.85425;0.7;0.7
-1.93194;-0.567602;2.01359;0.00146639;0.0840178;0.7;0.7
-2.02003;-0.508643;2.08309;0.039087;2.23952;0.7;0.7
-1.95396;-0.428077;2.0003;0.0309963;1.77596;0.7;0.7
-2.24282;-0.419541;2.28172;0.0307525;1.76199;0.7;0.7
-1.90692;-0.218074;1.91935;0.0710579;4.07132;0.7;0.7
-1.98453;-0.324871;2.01094;-0.0483984;-2.77302;0.7;0.7
-1.93079;-0.442302;1.9808;-0.0629304;-3.60564;0.7;0.7
-2.04063;-0.437777;2.08706;0.0138663;0.794482;0.7;0.7
-1.9366;-0.525379;2.0066;-0.0535865;-3.07028;0.7;0.7
-2.07864;-0.773621;2.21793;-0.0913806;-5.23572;0.7;0.7
-1.935;-0.857417;2.11646;-0.0608156;-3.48448;0.7;0.7
-1.92749;-0.641723;2.03151;0.0957202;5.48436;0.7;0.7
-1.75867;-0.540406;1.83982;0.0232654;1.33301;0.7;0.7
-1.88636;-0.374636;1.9232;0.102072;5.84831;0.7;0.7
-1.93926;-0.404163;1.98093;-0.00941843;-0.539636;0.7;0.7
-1.785;-0.283757;1.80741;0.0478216;2.73997;0.7;0.7
-1.97825;-0.310723;2.0025;0.0018515;0.106083;0.7;0.7
-2.01302;-0.280801;2.03251;0.0171988;0.98542;0.7;0.7
-1.89225;-0.39954;1.93397;-0.0694905;-3.98151;0.7;0.7
-1.90637;-0.386381;1.94514;0.00811894;0.465181;0.7;0.7
-1.92636;-0.328729;1.95421;0.0309504;1.77332;0.7;0.7
-2.0792;-0.296971;2.1003;0.0271494;1.55555;0.7;0.7
-1.89283;-0.506415;1.9594;-0.119551;-6.84978;0.7;0.7
-1.83259;-0.700218;1.96181;-0.103553;-5.93316;0.7;0.7
-1.88026;-0.770733;2.03209;-0.0240441;-1.37762;0.7;0.7
-1.94155;-0.801182;2.10036;-0.00234524;-0.134372;0.7;0.7
-1.99438;-0.517948;2.06054;0.137273;7.86519;0.7;0.7
-1.89609;-0.580244;1.98289;-0.0428811;-2.4569;0.7;0.7
-1.88593;-0.611352;1.98255;-0.0165045;-0.945638;0.7;0.7
-1.81284;-0.792097;1.97833;-0.0984623;-5.64147;0.7;0.7
-1.79318;-0.730464;1.93625;0.0251048;1.4384;0.7;0.7
-1.74685;-0.945071;1.98611;-0.109086;-6.25017;0.7;0.7
-1.74098;-0.966179;1.99111;-0.0107248;-0.614485;0.7;0.7
-1.61629;-1.00032;1.9008;-0.047556;-2.72476;0.7;0.7
-1.73197;-1.08558;2.04407;-0.00568559;-0.32576;0.7;0.7
-1.70197;-1.1266;2.04106;-0.0248368;-1.42304;0.7;0.7
-1.67432;-1.07169;1.98793;0.0153574;0.879914;0.7;0.7
-1.70194;-1.08047;2.01594;0.00371536;0.212874;0.7;0.7
-1.80617;-0.988283;2.05887;0.0649814;3.72316;0.7;0.7
-1.83703;-0.857417;2.02728;0.0639808;3.66583;0.7;0.7
-1.91639;-0.94497;2.13671;-0.0214241;-1.22751;0.7;0.7
-1.97248;-0.976197;2.20083;-0.00145449;-0.0833363;0.7;0.7
-1.7353;-0.937067;1.97214;-0.0355702;-2.03802;0.7;0.7
-1.84711;-0.930507;2.06825;0.0284825;1.63192;0.7;0.7
-1.73312;-0.847516;1.92925;0.0118359;0.678144;0.7;0.7
-1.92383;-0.905606;2.12633;0.0148599;0.851407;0.7;0.7
-1.77942;-0.826546;1.96202;0.00511;0.292781;0.7;0.7
-1.8133;-0.842756;1.99958;-0.000214721;-0.0123026;0.7;0.7
-1.78257;-0.748538;1.93335;0.0375015;2.14868;0.7;0.7
-1.87562;-0.781871;2.03206;0.0026052;0.149267;0.7;0.7
-1.93923;-0.773909;2.08795;0.015242;0.873303;0.7;0.7
-1.8548;-0.747601;1.9998;-0.00342933;-0.196486;0.7;0.7
-2.04408;-0.812974;2.19981;0.00460243;0.2637;0.7;0.7
-1.99755;-0.75744;2.13634;0.0161074;0.922888;0.7;0.7
-1.70295;-0.370607;1.74281;0.148149;8.48828;0.7;0.7
-1.91659;-0.341364;1.94675;0.0380236;2.17859;0.7;0.7
-1.99447;-0.351921;2.02528;0.00161142;0.0923276;0.7;0.7
-2.02051;-0.298861;2.04249;0.0278012;1.59289;0.7;0.7
-1.98012;-0.297446;2.00234;-0.00225233;-0.129049;0.7;0.7
-2.01224;-0.25537;2.02838;0.0228677;1.31022;0.7;0.7
-2.06951;-0.336393;2.09667;-0.0349042;-1.99986;0.7;0.7
-2.00183;-0.371694;2.03604;-0.0224491;-1.28624;0.7;0.7
-2.04669;-0.449442;2.09546;-0.0325766;-1.8665;0.7;0.7
-1.93937;-0.337955;1.9686;0.0436361;2.50016;0.7;0.7
-1.92845;-0.315045;1.95401;0.0105904;0.606783;0.7;0.7
-1.9104;-0.337369;1.93996;-0.0128571;-0.736658;0.7;0.7
-1.93902;-0.391762;1.9782;-0.0245634;-1.40738;0.7;0.7
-1.90212;-0.735573;2.0394;-0.169641;-9.71973;0.7;0.7
-1.8753;-0.557222;1.95634;0.0801704;4.59343;0.7;0.7
-1.92654;-0.677616;2.04224;-0.0493834;-2.82946;0.7;0.7
-1.59171;-0.730112;1.75117;-0.0918507;-5.26266;0.7;0.7
-1.81965;-0.831156;2.00048;0.00159469;0.0913687;0.7;0.7
-1.96819;-0.89333;2.16144;0.00238876;0.136866;0.7;0.7
-1.54888;-1.00053;1.84393;-0.147458;-8.44872;0.7;0.7
-1.64684;-1.10794;1.98485;-0.0186772;-1.07013;0.7;0.7
-1.63481;-1.04836;1.94208;0.0219988;1.26044;0.7;0.7
-1.6877;-1.03446;1.97951;0.0203375;1.16525;0.7;0.7
-1.67529;-1.04761;1.97588;-0.00896119;-0.513439;0.7;0.7
-1.67711;-0.988461;1.94673;0.0262632;1.50477;0.7;0.7
-1.71034;-0.989802;1.9761;0.00795383;0.455721;0.7;0.7
-1.90624;-0.701567;2.03124;0.171969;9.85312;0.7;0.7
-1.82686;-0.659615;1.94229;0.00615437;0.352619;0.7;0.7
-2.09384;-1.08795;2.35962;-0.132703;-7.60331;0.7;0.7
-1.80881;-0.989534;2.06179;-0.0213855;-1.2253;0.7;0.7
-1.93423;-0.932664;2.14735;0.0512888;2.93863;0.7;0.7
-1.83957;-0.815535;2.01224;0.0320052;1.83376;0.7;0.7
-1.86312;-0.805706;2.02987;0.00912804;0.522998;0.7;0.7
-1.78324;-0.896687;1.996;-0.057753;-3.309;0.7;0.7
-1.69048;-1.01687;1.97276;-0.0756229;-4.33287;0.7;0.7
-1.62937;-0.766202;1.80053;0.101978;5.84293;0.7;0.7
-1.80187;-0.886082;2.00795;-0.0174702;-1.00097;0.7;0.7
-1.69413;-0.898948;1.91786;-0.0308131;-1.76546;0.7;0.7
-1.72326;-0.940846;1.96337;-0.0118968;-0.681636;0.7;0.7
-1.76602;-0.97275;2.0162;-0.0037265;-0.213513;0.7;0.7
-1.70809;-1.07275;2.01702;-0.057315;-3.28391;0.7;0.7
-1.59193;-1.07581;1.92136;-0.0335088;-1.91991;0.7;0.7
-1.71177;-1.1123;2.04141;0.0180618;1.03486;0.7;0.7
-1.64343;-0.913914;1.88045;0.0687142;3.93704;0.7;0.7
-1.51669;-1.32527;2.01412;-0.210628;-12.0681;0.7;0.7
-1.58327;-1.36973;2.09354;0.00493081;0.282515;0.7;0.7
-1.51202;-1.28496;1.98427;0.00881843;0.505259;0.7;0.7
-1.652;-1.26109;2.07833;0.052389;3.00167;0.7;0.7
-1.53354;-1.30157;2.01143;-0.0517546;-2.96532;0.7;0.7
-1.75336;-1.18352;2.11542;0.11001;6.30308;0.7;0.7
-1.65797;-1.12224;2.00207;-0.00128782;-0.0737864;0.7;0.7
-1.6394;-0.913713;1.87683;0.086572;4.96021;0.7;0.7
-1.5231;-0.907102;1.77276;-0.0286849;-1.64352;0.7;0.7
-1.81655;-0.997922;2.0726;0.0348064;1.99426;0.7;0.7
-1.72828;-0.867217;1.93366;0.0372745;2.13567;0.7;0.7
-1.89591;-0.874581;2.08791;0.0328602;1.88275;0.7;0.7
-1.8596;-0.765315;2.01092;0.0417875;2.39425;0.7;0.7
-1.92231;-0.89753;2.12152;-0.0463981;-2.65842;0.7;0.7
-1.8303;-0.918026;2.04762;-0.0280839;-1.60909;0.7;0.7
-1.76643;-0.908258;1.98625;-0.0100213;-0.574179;0.7;0.7
-1.66122;-0.930244;1.90395;-0.0355445;-2.03655;0.7;0.7
-1.74465;-0.953983;1.98844;0.0100841;0.577776;0.7;0.7
-1.54703;-1.01952;1.85276;-0.0822992;-4.7154;0.7;0.7
-1.80989;-1.23454;2.19084;-0.0159303;-0.91274;0.7;0.7
-1.64202;-0.91717;1.8808;0.0892221;5.11205;0.7;0.7
-1.80259;-1.02956;2.07589;-0.00954876;-0.547104;0.7;0.7
-1.7406;-0.966279;1.99082;0.0121597;0.6967;0.7;0.7
-1.71635;-0.873332;1.92576;0.0360954;2.06811;0.7;0.7
-1.85687;-0.907496;2.06676;0.0161013;0.922538;0.7;0.7
-1.82278;-0.870507;2.01998;0.00904271;0.518109;0.7;0.7
-1.78886;-0.868701;1.98863;-0.00653276;-0.3743;0.7;0.7
-1.74367;-0.693125;1.87638;0.0737189;4.22378;0.7;0.7
-1.98508;-0.722202;2.11237;0.0294284;1.68612;0.7;0.7
-1.91421;-0.676934;2.03038;0.00901888;0.516744;0.7;0.7
-1.85336;-0.722255;1.98912;-0.0316855;-1.81544;0.7;0.7
-1.97848;-0.53907;2.0506;0.105585;6.04959;0.7;0.7
-1.70761;-0.368788;1.74698;0.0533098;3.05443;0.7;0.7
-2.15751;-0.321187;2.18129;0.0649165;3.71944;0.7;0.7
-1.97064;-0.301002;1.99349;-0.00378814;-0.217045;0.7;0.7
-2.10632;-0.385891;2.14138;-0.0296247;-1.69737;0.7;0.7
-1.92956;-0.186914;1.93859;0.0846292;4.8489;0.7;0.7
-1.96472;-0.295522;1.98683;-0.0527271;-3.02104;0.7;0.7
-2.00543;-0.322723;2.03124;-0.0102619;-0.587966;0.7;0.7
-2.0324;-0.156349;2.0384;0.0827793;4.7429;0.7;0.7
-2.10676;-0.056624;2.10752;0.0499064;2.85942;0.7;0.7
-1.9693;-0.0735758;1.97067;-0.0104732;-0.600068;0.7;0.7
-1.70365;-0.0339188;1.70399;0.0174372;0.999078;0.7;0.7
-1.99788;-0.0475806;1.99845;-0.00390424;-0.223696;0.7;0.7
-2.01637;-0.0602087;2.01726;-0.00604011;-0.346073;0.7;0.7
-1.85572;-0.117948;1.85947;-0.0336225;-1.92643;0.7;0.7
-1.78791;0.0421722;1.7884;0.0870568;4.98799;0.7;0.7
-2.01937;-0.128516;2.02346;-0.0871389;-4.99269;0.7;0.7
-2.13324;-0.365686;2.16436;-0.106216;-6.08575;0.7;0.7
-1.92565;-0.309802;1.95042;0.0102576;0.587714;0.7;0.7
-1.82915;-0.0212347;1.82927;0.147906;8.47439;0.7;0.7
-2.0034;-0.0222806;2.00353;0.000487648;0.0279401;0.7;0.7
-2.09166;-0.00555881;2.09166;0.00846332;0.484913;0.7;0.7
-1.98076;-0.00214923;1.98076;0.00157255;0.0901005;0.7;0.7
-2.0482;-0.00973653;2.04822;-0.00366862;-0.210196;0.7;0.7
-2.0832;-0.0570712;2.08399;-0.0226354;-1.29691;0.7;0.7
-1.89385;-0.0547836;1.89464;-0.00152997;-0.087661;0.7;0.7
-1.99414;-0.0551333;1.9949;0.00127832;0.0732425;0.7;0.7
-2.03991;0.030344;2.04014;0.0425147;2.43592;0.7;0.7
-2.04962;0.0529136;2.0503;0.0109365;0.626615;0.7;0.7
-1.99496;0.0885699;1.99693;0.0185571;1.06324;0.7;0.7
-1.80786;0.143363;1.81353;0.0347667;1.99199;0.7;0.7
-1.90832;0.236873;1.92296;0.0443607;2.54168;0.7;0.7
-2.11205;0.158201;2.11796;-0.0487305;-2.79205;0.7;0.7
-1.97579;0.0872343;1.97771;-0.0306415;-1.75563;0.7;0.7
-2.07338;0.111204;2.07636;0.00945986;0.54201;0.7;0.7
-1.93583;0.0196219;1.93593;-0.043447;-2.48933;0.7;0.7
-1.94276;0.080941;1.94444;0.031503;1.80499;0.7;0.7
-2.08549;-0.04247;2.08592;-0.0620005;-3.55237;0.7;0.7
-1.92736;-0.0397971;1.92777;-0.000283916;-0.0162672;0.7;0.7
-2.14601;0.0678087;2.14708;0.0522327;2.99271;0.7;0.7
-2.00739;0.0745445;2.00877;0.00553097;0.316901;0.7;0.7
-2.03507;0.141698;2.04;0.0323979;1.85626;0.7;0.7
-2.10568;0.0772848;2.10709;-0.0328294;-1.88098;0.7;0.7
-1.92471;-0.0113701;1.92475;-0.042594;-2.44045;0.7;0.7
-1.83877;-0.00892101;1.83879;0.00105577;0.0604914;0.7;0.7
-1.98537;0.0504553;1.98601;0.0302597;1.73375;0.7;0.7
-2.26032;-0.129807;2.26405;-0.0827736;-4.74258;0.7;0.7
-1.94218;-0.0879842;1.94417;0.0120948;0.692978;0.7;0.7
-2.01073;-0.131542;2.01503;-0.0200563;-1.14914;0.7;0.7
-2.04588;-0.162351;2.05231;-0.0138622;-0.794248;0.7;0.7
-2.02416;-0.215617;2.03561;-0.0269324;-1.54311;0.7;0.7
-1.91459;-0.129161;1.91894;0.0387623;2.22092;0.7;0.7
-2.00674;-0.11322;2.00993;0.0109993;0.630212;0.7;0.7
-1.89561;-0.132878;1.90026;-0.0136234;-0.780561;0.7;0.7
-2.20251;-0.235066;2.21502;-0.0363405;-2.08216;0.7;0.7
-1.86395;-0.259035;1.88186;-0.0317629;-1.81988;0.7;0.7
-2.05647;-0.394633;2.09399;-0.0515068;-2.95112;0.7;0.7
-2.07521;-0.379046;2.10954;0.00893111;0.511715;0.7;0.7
-2.20561;-0.237076;2.21832;0.0735861;4.21617;0.7;0.7
-2.00742;-0.155572;2.01344;0.0297325;1.70355;0.7;0.7
-1.91283;-0.257155;1.93004;-0.0562914;-3.22526;0.7;0.7
-2.03994;-0.222419;2.05203;0.0250319;1.43422;0.7;0.7
-2.0079;-0.164274;2.01461;0.0269714;1.54535;0.7;0.7
-2.01856;-0.0124511;2.0186;0.0754638;4.32376;0.7;0.7
-1.89957;0.0895733;1.90168;0.0532879;3.05317;0.7;0.7
-2.00242;0.0901343;2.00445;-0.00213744;-0.122466;0.7;0.7
-2.09076;0.049971;2.09136;-0.021086;-1.20814;0.7;0.7
-1.95772;0.0767619;1.95922;0.0152936;0.87626;0.7;0.7
-2.06736;0.32125;2.09217;0.114969;6.58722;0.7;0.7
-2.0892;0.10725;2.09195;-0.102868;-5.89391;0.7;0.7
-1.96193;-0.14855;1.96755;-0.126863;-7.26869;0.7;0.7
-1.98116;-0.0207986;1.98127;0.0650744;3.72849;0.7;0.7
-2.03982;-0.111818;2.04288;-0.0442647;-2.53618;0.7;0.7
-1.89574;-0.0799814;1.89743;0.0125975;0.721782;0.7;0.7
-2.09273;0.0917069;2.09474;0.0859587;4.92507;0.7;0.7
-2.07797;0.130514;2.08206;0.0189324;1.08475;0.7;0.7
-1.98827;0.0680548;1.98944;-0.0285112;-1.63357;0.7;0.7
-2.18433;0.0171629;2.1844;-0.0263576;-1.51018;0.7;0.7
-2.17768;-0.158936;2.18347;-0.080712;-4.62446;0.7;0.7
-2.01553;-0.199023;2.02533;-0.0255705;-1.46508;0.7;0.7
-1.98913;-0.199033;1.99906;-0.00130312;-0.0746635;0.7;0.7
-2.00756;-0.217881;2.01935;-0.00837836;-0.480045;0.7;0.7
-1.99164;-0.122332;1.99539;0.0467612;2.67922;0.7;0.7
-1.95397;-0.106878;1.9569;0.00670239;0.384019;0.7;0.7
-1.96874;-0.26556;1.98657;-0.0794361;-4.55135;0.7;0.7
-2.07855;-0.208542;2.08899;0.0340836;1.95285;0.7;0.7
-1.97224;-0.165393;1.97916;0.0163311;0.935705;0.7;0.7
-2.06122;-0.166708;2.06796;0.00296227;0.169726;0.7;0.7
-2.13482;-0.137644;2.13926;0.016316;0.934839;0.7;0.7
-2.01135;-0.149689;2.01691;-0.00989895;-0.567168;0.7;0.7
-2.11326;-0.233595;2.12613;-0.0358056;-2.05151;0.7;0.7
-1.93683;-0.148834;1.94254;0.0333977;1.91355;0.7;0.7
-1.97574;-0.124292;1.97965;0.0138671;0.794525;0.7;0.7
-1.85123;-0.22808;1.86522;-0.0597608;-3.42404;0.7;0.7
-1.92912;-0.253687;1.94573;-0.00816679;-0.467923;0.7;0.7
-1.79536;-0.513487;1.86735;-0.147817;-8.46929;0.7;0.7
-1.77304;-0.383403;1.81402;0.0656091;3.75913;0.7;0.7
-2.08602;-0.546663;2.15646;-0.0433358;-2.48296;0.7;0.7
-1.86022;-0.465395;1.91755;0.0111462;0.638632;0.7;0.7
-2.15113;-0.371981;2.18306;0.0739211;4.23537;0.7;0.7
-1.92473;-0.125484;1.92881;0.106127;6.0806;0.7;0.7
-1.9962;-0.198092;2.00601;-0.0338071;-1.937;0.7;0.7
-2.00315;-0.212378;2.01438;-0.00671708;-0.384861;0.7;0.7
-1.87209;-0.323643;1.89986;-0.0655582;-3.75621;0.7;0.7
-2.07563;-0.354662;2.10571;0.00195094;0.111781;0.7;0.7
-1.96855;-0.333397;1.99659;0.00146552;0.0839682;0.7;0.7
-1.92438;-0.279665;1.9446;0.0234525;1.34373;0.7;0.7
-2.1893;-0.325263;2.21333;-0.00317346;-0.181826;0.7;0.7
-1.91344;-0.239013;1.92831;0.0232212;1.33047;0.7;0.7
-1.85469;-0.408031;1.89904;-0.0922808;-5.2873;0.7;0.7
-1.95537;-0.465558;2.01003;-0.0171898;-0.984904;0.7;0.7
-1.95046;-0.451877;2.00212;0.00607978;0.348346;0.7;0.7
-2.03809;-0.535978;2.10739;-0.0294973;-1.69007;0.7;0.7
-1.89184;-0.397523;1.93315;0.0500453;2.86738;0.7;0.7
