#1 AntVel X	#2 AntVel Y	#3 Speed	#4 Turning Angle Rad		#5 Turning Angle Deg	#6 Detected Phero Left	#7 Detected Phero Right	
-1.04943;1.72246;2.01697;-0.0459857;-2.63478;0.7;0.7
-0.98613;1.60501;1.88375;-0.00374382;-0.214505;0.7;0.7
-1.09505;1.73158;2.04878;-0.0129566;-0.742356;0.7;0.7
-0.936915;1.65414;1.90105;0.0485503;2.78172;0.7;0.7
-0.934819;1.58058;1.83633;-0.0187508;-1.07434;0.7;0.7
-1.02008;1.6971;1.98008;-0.00710486;-0.407079;0.7;0.7
-0.996838;1.58997;1.87662;-0.0187953;-1.07689;0.7;0.7
-1.25557;1.63758;2.06353;-0.0941156;-5.39243;0.7;0.7
-1.29328;1.74356;2.17085;0.0159197;0.912134;0.7;0.7
-1.43737;1.53157;2.10041;-0.115482;-6.61661;0.7;0.7
-1.36373;1.53763;2.05525;0.0281508;1.61292;0.7;0.7
-1.33665;1.37171;1.91526;-0.0469241;-2.68855;0.7;0.7
-1.3799;1.39397;1.96145;-0.00787155;-0.451006;0.7;0.7
-1.40954;1.19793;1.84982;-0.0860483;-4.9302;0.7;0.7
-1.72746;1.29155;2.1569;-0.0624232;-3.57659;0.7;0.7
-1.60904;1.19271;2.00289;-0.00411611;-0.235836;0.7;0.7
-1.58131;1.29344;2.04292;0.0477095;2.73355;0.7;0.7
-1.5452;1.1685;1.93728;-0.0381279;-2.18457;0.7;0.7
-1.66929;1.21362;2.06383;-0.0188268;-1.0787;0.7;0.7
-1.62398;1.16425;1.99819;-0.00665253;-0.381162;0.7;0.7
-1.66247;1.18551;2.04187;-0.00252141;-0.144466;0.7;0.7
-1.54209;1.15952;1.92938;0.0252594;1.44725;0.7;0.7
-1.69707;1.29865;2.13695;0.00845342;0.484345;0.7;0.7
-1.63152;1.29761;2.08462;0.0187119;1.07211;0.7;0.7
-1.52132;0.893693;1.7644;-0.140752;-8.06451;0.7;0.7
-1.74637;0.97088;1.99811;-0.0237444;-1.36045;0.7;0.7
-1.76933;0.874486;1.97364;-0.048358;-2.77071;0.7;0.7
-1.54831;1.00509;1.84593;0.116746;6.68904;0.7;0.7
-1.76787;1.02337;2.04271;-0.051041;-2.92443;0.7;0.7
-1.64497;0.968199;1.90875;0.00724327;0.415009;0.7;0.7
-1.6734;1.02733;1.96358;0.01861;1.06628;0.7;0.7
-1.83344;0.98434;2.08097;-0.0578768;-3.3161;0.7;0.7
-1.80739;0.922128;2.02903;-0.0209418;-1.19987;0.7;0.7
-1.66786;0.888538;1.88978;0.0177223;1.01541;0.7;0.7
-1.79504;1.01485;2.06205;0.0250648;1.43611;0.7;0.7
-1.66017;0.962748;1.91913;0.0109549;0.627668;0.7;0.7
-1.45056;0.674514;1.59972;-0.0902566;-5.17132;0.7;0.7
-1.71862;1.04743;2.01265;0.112088;6.42217;0.7;0.7
-1.70227;1.24378;2.10825;0.0836619;4.79347;0.7;0.7
-1.6611;1.20279;2.05084;-0.00429501;-0.246086;0.7;0.7
-1.55905;1.21448;1.97626;0.0350818;2.01004;0.7;0.7
-1.35327;1.07221;1.72655;0.00823844;0.472028;0.7;0.7
-1.6059;0.905535;1.84362;-0.156598;-8.97243;0.7;0.7
-1.76789;1.00915;2.03564;0.00525133;0.300879;0.7;0.7
-1.70509;1.01322;1.98342;0.0174828;1.00169;0.7;0.7
-1.70556;0.962133;1.95822;-0.0225531;-1.2922;0.7;0.7
-1.63308;0.874311;1.8524;-0.0220718;-1.26462;0.7;0.7
-1.5381;1.02369;1.84761;0.0956855;5.48238;0.7;0.7
-1.43269;1.27244;1.91617;0.139;7.96411;0.7;0.7
-1.6294;1.36932;2.12837;-0.0273461;-1.56681;0.7;0.7
-1.52459;1.34911;2.0358;0.0255274;1.46261;0.7;0.7
-1.17506;0.971818;1.52486;-0.0333997;-1.91366;0.7;0.7
-1.56041;1.30007;2.03102;0.00362393;0.207636;0.7;0.7
-1.43329;1.16515;1.84713;-0.0120672;-0.691399;0.7;0.7
-1.51906;1.25692;1.97165;0.00867629;0.497115;0.7;0.7
-1.51048;1.24127;1.95507;-0.0033661;-0.192863;0.7;0.7
-1.4927;1.38314;2.035;0.0594424;3.4058;0.7;0.7
-1.42666;1.39651;1.9964;0.0273967;1.56972;0.7;0.7
-1.31785;1.35563;1.89062;0.0248101;1.42151;0.7;0.7
-1.40376;1.42838;2.0027;-0.00543473;-0.311387;0.7;0.7
-1.34458;1.50736;2.01991;0.0483184;2.76844;0.7;0.7
-1.31716;1.51696;2.009;0.0133693;0.766007;0.7;0.7
-1.26604;1.50804;1.96902;0.0166348;0.953101;0.7;0.7
-1.2568;1.45839;1.92522;-0.0129097;-0.739669;0.7;0.7
-1.14662;1.56165;1.93739;0.0779543;4.46645;0.7;0.7
-1.1115;1.70617;2.03628;0.0559369;3.20495;0.7;0.7
-1.1139;1.71693;2.04662;0.00188576;0.108046;0.7;0.7
-0.944929;1.67924;1.92685;0.062962;3.60745;0.7;0.7
-1.09998;1.86172;2.16239;-0.0211094;-1.20948;0.7;0.7
-0.914181;1.96276;2.16521;0.097775;5.60209;0.7;0.7
-0.833531;1.81715;1.9992;0.00581779;0.333335;0.7;0.7
-0.807695;1.8134;1.98514;0.0110426;0.632696;0.7;0.7
-0.697701;1.62286;1.76648;0.012994;0.744502;0.7;0.7
-0.766561;1.77431;1.93282;-0.00178152;-0.102074;0.7;0.7
-0.83854;1.8279;2.01106;-0.0222907;-1.27717;0.7;0.7
-0.928846;1.877;2.09425;-0.0294219;-1.68575;0.7;0.7
-0.835398;1.83854;2.01944;0.0330337;1.89269;0.7;0.7
-0.881631;1.90125;2.09571;-0.00770713;-0.441586;0.7;0.7
-0.88561;1.8645;2.06414;-0.00923797;-0.529297;0.7;0.7
-0.880293;1.85486;2.05315;0.000324239;0.0185776;0.7;0.7
-1.09258;1.68789;2.01064;-0.131365;-7.52667;0.7;0.7
-1.37252;1.56339;2.08039;-0.146;-8.36517;0.7;0.7
-1.31878;1.48585;1.98669;-0.00542322;-0.310728;0.7;0.7
-1.36234;1.74777;2.21601;0.0638013;3.65555;0.7;0.7
-1.04957;1.59228;1.90708;0.079312;4.54424;0.7;0.7
-0.935726;1.73115;1.96785;0.0872482;4.99895;0.7;0.7
-0.982418;1.76482;2.01983;-0.0124096;-0.711019;0.7;0.7
-1.00286;1.69747;1.97158;-0.0256762;-1.47114;0.7;0.7
-1.15758;1.9352;2.25499;-0.00544827;-0.312163;0.7;0.7
-1.17644;1.56632;1.95892;-0.105125;-6.02321;0.7;0.7
-1.16061;1.61469;1.98853;0.0209766;1.20187;0.7;0.7
-1.15315;1.68817;2.04443;0.0239433;1.37185;0.7;0.7
-1.1614;1.63181;2.00291;-0.0192729;-1.10425;0.7;0.7
-1.07823;1.26908;1.66528;-0.0857196;-4.91137;0.7;0.7
-1.24237;1.3853;1.86079;-0.0267865;-1.53475;0.7;0.7
-1.58404;1.54171;2.21044;-0.0678827;-3.88939;0.7;0.7
-1.26862;1.53426;1.99081;0.108032;6.1898;0.7;0.7
-1.2765;1.55031;2.00821;0.00206912;0.118552;0.7;0.7
-1.25956;1.49267;1.95309;-0.0120614;-0.691066;0.7;0.7
-1.20595;1.40078;1.84838;-0.00989821;-0.567126;0.7;0.7
-1.2549;1.42362;1.89775;-0.0116953;-0.67009;0.7;0.7
-1.42558;1.46896;2.04698;-0.0479204;-2.74564;0.7;0.7
-1.48117;1.39093;2.03188;-0.0463958;-2.65828;0.7;0.7
-1.50535;1.40053;2.0561;-0.00464408;-0.266086;0.7;0.7
-1.52705;1.16478;1.92057;-0.0977221;-5.59906;0.7;0.7
-1.51891;1.188;1.92832;0.0121333;0.695185;0.7;0.7
-1.52539;1.15897;1.91573;-0.0140183;-0.803191;0.7;0.7
-1.57596;1.1833;1.97075;-0.00569528;-0.326316;0.7;0.7
-1.69938;1.16628;2.06109;-0.0425694;-2.43905;0.7;0.7
-1.67402;1.07274;1.98824;-0.0315767;-1.80921;0.7;0.7
-1.74453;0.932181;1.97796;-0.0791491;-4.53491;0.7;0.7
-1.86245;0.834538;2.04088;-0.0694847;-3.98118;0.7;0.7
-2.12202;0.684643;2.22973;-0.109167;-6.2548;0.7;0.7
-1.92446;0.861014;2.10829;0.1086;6.22234;0.7;0.7
-2.06965;1.0401;2.31631;0.0449906;2.57777;0.7;0.7
-1.58661;1.06001;1.90813;0.123308;7.06502;0.7;0.7
-1.59674;1.10028;1.93912;0.0143648;0.823044;0.7;0.7
-1.64681;1.00012;1.92671;-0.0575797;-3.29907;0.7;0.7
-1.75966;1.15269;2.10359;0.034151;1.95671;0.7;0.7
-1.84721;1.29289;2.25472;0.0307385;1.76119;0.7;0.7
-1.68986;1.32072;2.14475;0.0527259;3.02097;0.7;0.7
-1.5657;1.44067;2.12766;0.0804407;4.60891;0.7;0.7
-1.46069;1.32555;1.97248;-0.00690102;-0.395399;0.7;0.7
-1.50189;1.31162;1.994;-0.0190586;-1.09198;0.7;0.7
-1.63515;1.19183;2.0234;-0.0880259;-5.04351;0.7;0.7
-1.50836;1.39798;2.05657;0.117589;6.73733;0.7;0.7
-1.47447;1.35835;2.00479;-0.00300427;-0.172132;0.7;0.7
-1.47264;1.37314;2.0135;0.00601434;0.344596;0.7;0.7
-1.52668;1.45175;2.10673;0.0098003;0.561516;0.7;0.7
-1.41673;1.48458;2.0521;0.048534;2.78079;0.7;0.7
-1.30911;1.59826;2.06596;0.0757434;4.33978;0.7;0.7
-1.27442;1.45601;1.93497;-0.0327186;-1.87464;0.7;0.7
-1.31738;1.50324;1.9988;-0.000608102;-0.0348417;0.7;0.7
-1.24775;1.42728;1.89579;0.00121574;0.0696567;0.7;0.7
-1.35861;1.63479;2.12564;0.024984;1.43148;0.7;0.7
-1.15711;1.52704;1.91592;0.0449596;2.57599;0.7;0.7
-1.07617;1.65162;1.97129;0.07095;4.06513;0.7;0.7
-1.08035;1.69004;2.00584;0.00871347;0.499245;0.7;0.7
-1.35584;1.91046;2.34268;-0.048425;-2.77455;0.7;0.7
-1.34932;1.55681;2.06017;-0.0969226;-5.55326;0.7;0.7
-1.236;1.44569;1.90203;0.0067572;0.387159;0.7;0.7
-1.16066;1.54858;1.93526;0.0641844;3.6775;0.7;0.7
-1.20294;1.6478;2.04018;0.0125873;0.721197;0.7;0.7
-1.07059;1.70005;2.00906;0.0685934;3.93011;0.7;0.7
-1.15267;1.7376;2.08516;-0.0237178;-1.35893;0.7;0.7
-1.0504;1.70405;2.00178;0.0333199;1.90909;0.7;0.7
-1.06999;1.71554;2.02187;-0.00526686;-0.301769;0.7;0.7
-1.16259;1.50077;1.8984;-0.101431;-5.8116;0.7;0.7
-1.223;1.57953;1.99766;0.000235923;0.0135174;0.7;0.7
-1.23928;1.63103;2.04843;0.00910803;0.521852;0.7;0.7
-1.14724;1.47912;1.87188;-0.00994614;-0.569872;0.7;0.7
-1.07988;1.58679;1.91939;0.062148;3.56082;0.7;0.7
-1.10835;1.66338;1.99882;0.00978552;0.560669;0.7;0.7
-0.937872;1.55467;1.81566;0.0449515;2.57553;0.7;0.7
-1.03791;1.73641;2.02296;0.00406351;0.232822;0.7;0.7
-1.1538;2.01348;2.32063;0.0183929;1.05383;0.7;0.7
-1.22149;1.76023;2.14253;-0.0862894;-4.94402;0.7;0.7
-1.23106;1.58213;2.00465;-0.0545991;-3.1283;0.7;0.7
-1.15142;1.35879;1.78103;-0.0417253;-2.39068;0.7;0.7
-1.29213;1.48717;1.97009;-0.0123668;-0.708563;0.7;0.7
-1.18446;1.38545;1.82275;0.00798856;0.457711;0.7;0.7
-1.30442;1.52764;2.00878;0.00060523;0.0346771;0.7;0.7
-1.23628;1.47347;1.92341;0.00865718;0.49602;0.7;0.7
-1.38308;1.5465;2.07474;-0.0315884;-1.80988;0.7;0.7
-1.76216;1.38679;2.24241;-0.174369;-9.9906;0.7;0.7
-1.42977;1.22027;1.87971;0.0397554;2.27782;0.7;0.7
-1.34686;1.36886;1.92036;0.0869919;4.98427;0.7;0.7
-1.36987;1.54236;2.06286;0.0510608;2.92557;0.7;0.7
-1.39477;1.57376;2.10288;0.00106237;0.0608691;0.7;0.7
-1.3298;1.51042;2.01239;0.00328604;0.188276;0.7;0.7
-1.26705;1.51886;1.97796;0.0266325;1.52593;0.7;0.7
-1.19329;1.49645;1.91398;0.0220912;1.26573;0.7;0.7
-1.31101;1.48888;1.98381;-0.0487905;-2.79549;0.7;0.7
-1.32316;1.48343;1.98779;-0.0064029;-0.366859;0.7;0.7
-1.30837;1.60396;2.06991;0.0441085;2.52723;0.7;0.7
-1.29158;1.56309;2.02766;-0.00632558;-0.362429;0.7;0.7
-1.51005;1.60498;2.20368;-0.0643592;-3.68751;0.7;0.7
-1.37566;1.38692;1.95346;-0.0263887;-1.51196;0.7;0.7
-1.54754;1.44472;2.1171;-0.0384267;-2.20169;0.7;0.7
-1.42659;1.35572;1.96803;0.00888842;0.509269;0.7;0.7
-1.44398;1.49096;2.07558;0.0414676;2.37592;0.7;0.7
-1.28339;1.43763;1.92713;0.0406196;2.32733;0.7;0.7
-1.30727;1.54631;2.02486;0.0269486;1.54404;0.7;0.7
-1.17646;1.57136;1.96297;0.0591631;3.3898;0.7;0.7
-1.025;1.49343;1.81134;0.0411639;2.35852;0.7;0.7
-1.20928;1.6917;2.07948;-0.0191141;-1.09516;0.7;0.7
-1.17892;1.50235;1.90969;-0.0447426;-2.56356;0.7;0.7
-1.36831;1.59901;2.10454;-0.0424531;-2.43239;0.7;0.7
-1.31721;1.51147;2.00489;-0.00902419;-0.517048;0.7;0.7
-1.51488;1.37714;2.04728;-0.116158;-6.65535;0.7;0.7
-1.48573;1.34848;2.00643;-0.000794663;-0.0455308;0.7;0.7
-1.42627;1.37694;1.98248;0.0307883;1.76404;0.7;0.7
-1.47827;1.14541;1.8701;-0.108594;-6.22197;0.7;0.7
-1.61091;1.11619;1.95983;-0.0532644;-3.05182;0.7;0.7
-1.63982;1.09725;1.97306;-0.0162367;-0.930292;0.7;0.7
-1.7501;1.10676;2.07069;-0.0258008;-1.47827;0.7;0.7
-1.68093;1.08224;1.99919;0.00812507;0.465532;0.7;0.7
-1.62396;1.13888;1.9835;0.039568;2.26708;0.7;0.7
-1.64569;1.10705;1.9834;-0.0194321;-1.11338;0.7;0.7
-1.72832;0.944062;1.96935;-0.0922208;-5.28386;0.7;0.7
-1.70661;0.952848;1.9546;0.00926928;0.53109;0.7;0.7
-1.64566;0.86952;1.86125;-0.023127;-1.32508;0.7;0.7
-1.73608;0.877514;1.94525;-0.0180832;-1.03609;0.7;0.7
-1.65009;0.797811;1.83284;-0.0176475;-1.01112;0.7;0.7
-1.67359;0.872802;1.88751;0.030355;1.73922;0.7;0.7
-1.80108;0.920001;2.02245;-0.00845646;-0.484519;0.7;0.7
-1.76111;0.934087;1.9935;0.0154142;0.883166;0.7;0.7
-1.86239;0.862647;2.05247;-0.0538968;-3.08806;0.7;0.7
-1.89507;0.784211;2.05093;-0.0414129;-2.37278;0.7;0.7
-1.8568;0.640951;1.96431;-0.0599746;-3.43629;0.7;0.7
-1.68718;0.805527;1.86962;0.113052;6.47741;0.7;0.7
-1.67897;0.828631;1.87232;0.0130258;0.746325;0.7;0.7
-1.84357;0.832121;2.02267;-0.0344756;-1.9753;0.7;0.7
-2.00163;0.901185;2.19515;-0.000946185;-0.0542124;0.7;0.7
-1.82812;0.834693;2.00966;0.00527682;0.30234;0.7;0.7
-1.8417;0.845024;2.02631;0.00185364;0.106206;0.7;0.7
-1.78117;0.783175;1.94575;-0.0159188;-0.912079;0.7;0.7
-1.81264;0.782298;1.97424;-0.00682134;-0.390834;0.7;0.7
-1.89357;1.02179;2.15167;0.0873993;5.00761;0.7;0.7
-1.74984;0.949989;1.99108;0.00254696;0.14593;0.7;0.7
-1.74191;0.774006;1.90613;-0.0792377;-4.53999;0.7;0.7
-1.64881;0.898302;1.87764;0.0807171;4.62475;0.7;0.7
-1.64878;0.895701;1.87636;-0.0012089;-0.0692646;0.7;0.7
-1.50414;1.31737;1.99948;0.22165;12.6996;0.7;0.7
-1.43707;1.44774;2.03988;0.0697983;3.99915;0.7;0.7
-1.13961;1.73464;2.0755;0.200436;11.4842;0.7;0.7
-1.09467;1.6433;1.97452;-0.00637478;-0.365248;0.7;0.7
-1.16775;1.64543;2.01769;-0.0295624;-1.6938;0.7;0.7
-1.22877;1.63224;2.04306;-0.0280949;-1.60972;0.7;0.7
-1.18732;1.48368;1.90028;-0.0295995;-1.69593;0.7;0.7
-1.21155;1.48183;1.91407;-0.0104885;-0.600945;0.7;0.7
-1.40553;1.6137;2.13999;-0.0311753;-1.78621;0.7;0.7
-1.47948;1.39883;2.03607;-0.0968531;-5.54928;0.7;0.7
-1.42859;1.0903;1.79711;-0.105487;-6.04396;0.7;0.7
-1.51072;1.203;1.93119;0.0205895;1.17969;0.7;0.7
-1.55925;1.19925;1.96709;-0.0168619;-0.966116;0.7;0.7
-1.62698;1.17428;2.00648;-0.0304481;-1.74455;0.7;0.7
-1.65852;1.14637;2.01615;-0.0203831;-1.16787;0.7;0.7
-1.5585;0.986353;1.8444;-0.0405423;-2.3229;0.7;0.7
-1.6924;1.07811;2.00663;0.00295185;0.169128;0.7;0.7
-1.69519;1.13011;2.03736;0.0207913;1.19125;0.7;0.7
-1.77941;0.978311;2.03062;-0.0853095;-4.88787;0.7;0.7
-1.87757;0.769928;2.0293;-0.113531;-6.50486;0.7;0.7
-1.88179;0.764834;2.03128;-0.00310777;-0.178062;0.7;0.7
-1.93734;0.927293;2.14783;0.0603704;3.45897;0.7;0.7
-1.75125;0.900399;1.96916;0.0284847;1.63205;0.7;0.7
-1.59514;0.712627;1.74709;-0.0547545;-3.1372;0.7;0.7
-1.72305;0.981574;1.98302;0.0976751;5.59637;0.7;0.7
-1.57823;0.804453;1.77142;-0.0464285;-2.66015;0.7;0.7
-1.74458;0.888698;1.9579;-0.000250609;-0.0143589;0.7;0.7
-1.77445;0.920479;1.99899;0.00738387;0.423064;0.7;0.7
-1.72088;1.03058;2.00587;0.0610603;3.4985;0.7;0.7
-1.69749;0.822489;1.88626;-0.0883895;-5.06434;0.7;0.7
-1.78451;0.937665;2.01586;0.0326011;1.86791;0.7;0.7
-1.71984;0.895126;1.93884;-0.00390733;-0.223873;0.7;0.7
-1.78287;1.03012;2.05907;0.0440366;2.52311;0.7;0.7
-1.73268;0.998415;1.99975;-0.0011717;-0.0671336;0.7;0.7
-1.72397;0.997839;1.99192;0.00193227;0.110711;0.7;0.7
-1.73535;1.01466;2.01021;0.00440458;0.252364;0.7;0.7
-1.75096;1.08671;2.06078;0.0263647;1.51058;0.7;0.7
-1.68191;1.04648;1.98089;0.00112506;0.064461;0.7;0.7
-1.75693;0.938773;1.99201;-0.0658516;-3.77302;0.7;0.7
-1.65342;0.984975;1.92457;0.0465355;2.66629;0.7;0.7
-1.70908;0.988268;1.97424;-0.012997;-0.744675;0.7;0.7
-1.76652;1.0228;2.04125;0.000559086;0.0320332;0.7;0.7
-1.75273;1.01702;2.02642;0.000940641;0.0538948;0.7;0.7
-1.68895;1.01823;1.97214;0.016764;0.960506;0.7;0.7
-1.71413;1.04093;2.00544;0.00321189;0.184028;0.7;0.7
-1.5884;1.15947;1.96656;0.0848074;4.8591;0.7;0.7
-1.5004;1.23167;1.94119;0.0568018;3.25451;0.7;0.7
-1.55701;1.2357;1.98777;-0.0165036;-0.945584;0.7;0.7
-1.54496;1.19254;1.95168;-0.013489;-0.77286;0.7;0.7
-1.64372;1.19279;2.03091;-0.0296163;-1.69689;0.7;0.7
-1.65398;1.04176;1.95472;-0.0656644;-3.7623;0.7;0.7
-2.04179;1.02581;2.28499;-0.0965102;-5.52963;0.7;0.7
-1.88714;0.795222;2.04785;-0.0667619;-3.82518;0.7;0.7
-1.93114;0.886818;2.12503;0.031686;1.81547;0.7;0.7
-1.85603;0.666797;1.97217;-0.0855939;-4.90417;0.7;0.7
-1.94276;0.676964;2.05733;-0.00960364;-0.550248;0.7;0.7
-1.8435;0.698167;1.97128;0.0267289;1.53146;0.7;0.7
-2.01434;0.77275;2.15748;0.0042835;0.245426;0.7;0.7
-2.04661;0.822748;2.20579;0.0159246;0.912411;0.7;0.7
-1.78831;0.827671;1.97056;0.0512316;2.93535;0.7;0.7
-1.81507;0.840076;2.00005;8.90396e-06;0.000510159;0.7;0.7
-1.84904;0.8169;2.02145;-0.0174626;-1.00054;0.7;0.7
-1.87416;0.736804;2.01379;-0.0414347;-2.37403;0.7;0.7
-1.95189;0.618259;2.04747;-0.0678261;-3.88615;0.7;0.7
-2.11062;0.561329;2.18399;-0.0468137;-2.68223;0.7;0.7
-1.85059;0.481039;1.91209;-0.00562667;-0.322384;0.7;0.7
-2.051;0.350179;2.08068;-0.0852055;-4.88191;0.7;0.7
-2.00748;0.306497;2.03074;-0.0175977;-1.00828;0.7;0.7
-1.93949;0.202765;1.95006;-0.0473404;-2.71241;0.7;0.7
-2.00287;0.253606;2.01886;0.0217841;1.24814;0.7;0.7
-2.01856;0.320011;2.04377;0.0312743;1.79188;0.7;0.7
-2.01948;0.309394;2.04305;-0.00520267;-0.298091;0.7;0.7
-2.04222;0.229596;2.05509;-0.0400681;-2.29573;0.7;0.7
-1.84573;0.158146;1.8525;-0.0264816;-1.51728;0.7;0.7
-1.90471;0.254804;1.92168;0.0475126;2.72227;0.7;0.7
-1.80639;0.279305;1.82786;0.0204195;1.16995;0.7;0.7
-1.94077;0.285266;1.96162;-0.0074643;-0.427673;0.7;0.7
-1.97877;0.290604;1.99999;-0.000122129;-0.0069975;0.7;0.7
-2.04288;0.221488;2.05485;-0.037821;-2.16698;0.7;0.7
-1.97003;0.202313;1.98039;-0.00566097;-0.32435;0.7;0.7
-1.99627;0.269027;2.01432;0.0316209;1.81174;0.7;0.7
-1.94952;0.29629;1.9719;0.0168693;0.96654;0.7;0.7
-2.15554;0.162508;2.16166;-0.0755784;-4.33032;0.7;0.7
-2.00273;0.225534;2.01538;0.0368923;2.11377;0.7;0.7
-1.93588;0.290521;1.95756;0.0368193;2.10959;0.7;0.7
-1.92804;-0.0197021;1.92814;-0.159179;-9.12026;0.7;0.7
-1.96727;-0.0638937;1.96831;-0.0222486;-1.27475;0.7;0.7
-1.99781;-0.203464;2.00814;-0.0690269;-3.95495;0.7;0.7
-2.06132;-0.346719;2.09027;-0.0651487;-3.73275;0.7;0.7
-1.94625;-0.333745;1.97466;-0.0031865;-0.182573;0.7;0.7
-1.93646;-0.475377;1.99395;-0.0708981;-4.06216;0.7;0.7
-1.81655;-0.459559;1.87378;-0.00705791;-0.404388;0.7;0.7
-1.88896;-0.453339;1.9426;0.0122457;0.70163;0.7;0.7
-1.92493;-0.396142;1.96527;0.0325777;1.86657;0.7;0.7
-1.9578;-0.407959;1.99985;-0.00247526;-0.141822;0.7;0.7
-1.87056;-0.340106;1.90123;0.0255814;1.46571;0.7;0.7
-1.92741;-0.369437;1.9625;-0.00952306;-0.545631;0.7;0.7
-2.10938;-0.326512;2.1345;0.0358068;2.05158;0.7;0.7
-2.04826;-0.390051;2.08507;-0.0346055;-1.98275;0.7;0.7
-1.98512;-0.38911;2.0229;-0.00538241;-0.308389;0.7;0.7
-1.84837;-0.32244;1.87628;0.020852;1.19473;0.7;0.7
-2.04394;-0.177867;2.05166;0.0859046;4.92197;0.7;0.7
-1.98087;-0.309956;2.00497;-0.068413;-3.91978;0.7;0.7
-1.95541;-0.297302;1.97789;0.00433146;0.248174;0.7;0.7
-1.85095;-0.335336;1.88109;-0.0283409;-1.62382;0.7;0.7
-1.96932;-0.344441;1.99921;0.00607315;0.347966;0.7;0.7
-1.99707;-0.232834;2.01059;0.0570883;3.27092;0.7;0.7
-1.78567;-0.123747;1.78995;0.0468746;2.68572;0.7;0.7
-1.99057;-0.0922931;1.99271;0.0228574;1.30963;0.7;0.7
-2.02796;-0.113582;2.03114;-0.00961739;-0.551036;0.7;0.7
-1.99632;-0.120637;1.99996;-0.00440695;-0.2525;0.7;0.7
-2.25072;-0.164666;2.25674;-0.0126749;-0.726216;0.7;0.7
-1.99657;-0.303526;2.01951;-0.0778373;-4.45975;0.7;0.7
-1.98061;-0.411581;2.02292;-0.0540206;-3.09515;0.7;0.7
-1.91116;-0.440747;1.96132;-0.0217658;-1.24709;0.7;0.7
-1.94121;-0.487828;2.00157;-0.0195483;-1.12004;0.7;0.7
-1.92053;-0.513283;1.98793;-0.0149548;-0.856846;0.7;0.7
-1.93021;-0.506392;1.99554;0.00458961;0.262966;0.7;0.7
-1.92543;-0.493027;1.98755;0.00589329;0.33766;0.7;0.7
-1.89595;-0.514898;1.96463;-0.0145064;-0.831158;0.7;0.7
-1.91411;-0.617623;2.01128;-0.0469407;-2.6895;0.7;0.7
-1.93363;-0.754465;2.0756;-0.0598914;-3.43153;0.7;0.7
-1.77838;-0.663501;1.89812;0.0149159;0.854621;0.7;0.7
-1.96995;-0.778592;2.11824;-0.0192931;-1.10541;0.7;0.7
-1.82168;-0.359843;1.85688;0.181368;10.3916;0.7;0.7
-1.98265;-0.558328;2.05977;-0.0794752;-4.5536;0.7;0.7
-2.06432;-0.410397;2.10472;0.0782516;4.48348;0.7;0.7
-1.92932;-0.0873122;1.93129;0.151021;8.65289;0.7;0.7
-1.89524;-0.0511689;1.89593;0.0182326;1.04465;0.7;0.7
-2.12272;0.0146485;2.12277;0.0338927;1.94191;0.7;0.7
-2.0045;0.00926297;2.00452;-0.00227963;-0.130613;0.7;0.7
-1.94752;-0.126621;1.95163;-0.0695461;-3.9847;0.7;0.7
-1.85726;-0.138294;1.8624;-0.00939923;-0.538536;0.7;0.7
-1.98313;-0.145714;1.98847;0.000978954;0.05609;0.7;0.7
-2.0738;-0.135029;2.0782;0.00832527;0.477003;0.7;0.7
-2.05343;-0.238446;2.06723;-0.0505832;-2.8982;0.7;0.7
-1.90683;-0.227723;1.92037;-0.00325901;-0.186728;0.7;0.7
-1.86222;-0.286615;1.88415;-0.03385;-1.93946;0.7;0.7
-2.15162;-0.295205;2.17177;0.0163618;0.93746;0.7;0.7
-1.98182;-0.29082;2.00305;-0.00935352;-0.535917;0.7;0.7
-1.98556;-0.318902;2.011;-0.0135472;-0.776199;0.7;0.7
-2.01296;-0.319306;2.03812;0.00193634;0.110944;0.7;0.7
-2.03959;-0.309039;2.06287;0.00693871;0.397559;0.7;0.7
-1.9354;-0.312262;1.96043;-0.00958809;-0.549357;0.7;0.7
-1.96846;-0.32879;1.99572;-0.00553731;-0.317264;0.7;0.7
-1.88803;-0.315213;1.91416;7.36323e-05;0.00421882;0.7;0.7
-2.02785;-0.28709;2.04807;0.024789;1.4203;0.7;0.7
-1.95643;-0.300509;1.97938;-0.0117705;-0.674398;0.7;0.7
-1.91381;-0.333177;1.9426;-0.0199539;-1.14327;0.7;0.7
-1.99436;-0.424363;2.03901;-0.0372912;-2.13663;0.7;0.7
-1.77513;-0.298253;1.80001;0.0431916;2.4747;0.7;0.7
-1.82574;-0.481142;1.88807;-0.0912117;-5.22605;0.7;0.7
-1.92169;-0.553902;1.99993;-0.0229554;-1.31525;0.7;0.7
-1.88104;-0.48435;1.94239;0.0286133;1.63942;0.7;0.7
-1.93161;-0.499379;1.99512;-0.000973916;-0.0558013;0.7;0.7
-1.72035;-0.38886;1.76375;0.0306912;1.75848;0.7;0.7
-1.73468;-0.187559;1.74479;0.114595;6.56581;0.7;0.7
-1.94203;-0.0214523;1.94214;0.0966584;5.53812;0.7;0.7
-1.96363;-0.0433852;1.96411;-0.0110448;-0.632822;0.7;0.7
-2.00064;-0.0505516;2.00128;-0.00317157;-0.181718;0.7;0.7
-2.10173;-0.127208;2.10558;-0.035189;-2.01618;0.7;0.7
-1.94243;-0.0836711;1.94423;0.0174023;0.99708;0.7;0.7
-2.01967;-0.0656983;2.02074;0.0105313;0.603397;0.7;0.7
-1.99823;-0.0773863;1.99973;-0.00619032;-0.354679;0.7;0.7
-2.02654;0.0782823;2.02805;0.0773175;4.42997;0.7;0.7
-1.95097;-0.029567;1.95119;-0.0537633;-3.08041;0.7;0.7
-1.96292;-0.0844278;1.96473;-0.027831;-1.5946;0.7;0.7
-2.13391;-0.0618288;2.13481;0.0140186;0.803207;0.7;0.7
-2.08496;0.244355;2.09923;0.145633;8.34417;0.7;0.7
-2.12317;0.364164;2.15417;0.053199;3.04808;0.7;0.7
-2.18297;0.631208;2.2724;0.111608;6.39467;0.7;0.7
-1.94525;0.517443;2.0129;-0.0214916;-1.23138;0.7;0.7
-1.95015;0.4549;2.0025;-0.030816;-1.76563;0.7;0.7
-1.89522;0.19439;1.90516;-0.126955;-7.27399;0.7;0.7
-1.57819;0.320401;1.61039;0.0980842;5.61981;0.7;0.7
-1.96288;0.41493;2.00626;0.00802619;0.459867;0.7;0.7
-2.0156;0.414219;2.05772;-0.00563674;-0.322962;0.7;0.7
-1.9596;0.371165;1.99444;-0.0154936;-0.887719;0.7;0.7
-2.07629;0.474308;2.12978;0.037395;2.14257;0.7;0.7
-1.96311;0.47142;2.01892;0.0110904;0.635435;0.7;0.7
-1.94369;0.466165;1.99881;-0.000287896;-0.0164952;0.7;0.7
-1.94708;0.394869;1.98671;-0.0353015;-2.02263;0.7;0.7
-1.80187;0.510912;1.8729;0.0762066;4.36632;0.7;0.7
-2.16063;0.666161;2.261;0.0227761;1.30497;0.7;0.7
-2.10297;0.650963;2.20142;0.0011202;0.0641827;0.7;0.7
-1.88124;0.612078;1.9783;0.0143669;0.823161;0.7;0.7
-1.8969;0.649499;2.00501;0.0153321;0.878465;0.7;0.7
-1.6863;0.559643;1.77674;-0.00945022;-0.541458;0.7;0.7
-1.80453;0.713669;1.94053;0.0561708;3.21835;0.7;0.7
-1.86988;0.749482;2.01449;0.00460244;0.2637;0.7;0.7
-1.76971;0.734277;1.916;0.0120836;0.692342;0.7;0.7
-1.81569;0.745615;1.96283;-0.00364215;-0.20868;0.7;0.7
-1.91361;0.863515;2.09942;0.0342396;1.96178;0.7;0.7
-1.71606;0.691795;1.85026;-0.0406921;-2.33148;0.7;0.7
-1.83516;0.641961;1.9442;-0.0466934;-2.67534;0.7;0.7
-1.78116;0.750775;1.93292;0.0624033;3.57545;0.7;0.7
-1.74281;0.970374;1.99474;0.109129;6.25262;0.7;0.7
-1.65822;0.910533;1.89176;-0.00588472;-0.337169;0.7;0.7
-1.59751;0.887085;1.82728;0.00474175;0.271682;0.7;0.7
-1.79959;0.94117;2.03084;-0.025026;-1.43389;0.7;0.7
-1.84882;0.56666;1.93371;-0.184462;-10.5689;0.7;0.7
-1.92039;0.58816;2.00844;-0.000207329;-0.0118791;0.7;0.7
-1.86391;0.496985;1.92903;-0.0366275;-2.0986;0.7;0.7
-1.98144;0.601706;2.07079;0.0342476;1.96224;0.7;0.7
-1.91863;0.5289;1.99019;-0.0258357;-1.48028;0.7;0.7
-1.91807;0.588489;2.00631;0.0287108;1.64501;0.7;0.7
-1.91347;0.583335;2.00041;-0.00178886;-0.102494;0.7;0.7
-1.99581;0.480098;2.05274;-0.0598394;-3.42854;0.7;0.7
-1.95464;0.458456;2.00769;-0.0056852;-0.325738;0.7;0.7
-1.94988;0.455638;2.00241;-0.000827016;-0.0473845;0.7;0.7
-1.9826;0.563282;2.06106;0.0472633;2.70799;0.7;0.7
-1.98464;0.491641;2.04463;-0.0339848;-1.94719;0.7;0.7
-1.98409;0.243454;1.99897;-0.120741;-6.91796;0.7;0.7
-1.98528;0.242968;2.00009;-0.000313943;-0.0179876;0.7;0.7
-2.07062;0.269674;2.08811;0.00773017;0.442906;0.7;0.7
-2.06831;0.295973;2.08938;0.0126246;0.723338;0.7;0.7
-1.94311;0.373459;1.97867;0.0477473;2.73572;0.7;0.7
-1.9132;0.361898;1.94713;-0.00293162;-0.16797;0.7;0.7
-2.05279;0.397869;2.09099;0.00449574;0.257587;0.7;0.7
-1.97617;0.353514;2.00754;-0.0144286;-0.826697;0.7;0.7
-2.04588;0.443173;2.09333;0.0363048;2.08011;0.7;0.7
-1.98703;0.427068;2.03241;-0.00161468;-0.0925143;0.7;0.7
-1.98168;0.415708;2.02482;-0.00492997;-0.282467;0.7;0.7
-1.94794;0.539335;2.02122;0.0633318;3.62865;0.7;0.7
-1.78831;0.415355;1.83591;-0.0418937;-2.40033;0.7;0.7
-2.20001;0.418559;2.23947;-0.0402086;-2.30379;0.7;0.7
-2.07016;0.38743;2.1061;-0.0029967;-0.171698;0.7;0.7
-2.16638;0.517765;2.2274;0.0495898;2.84128;0.7;0.7
-1.95442;0.417402;1.9985;-0.0241926;-1.38613;0.7;0.7
-1.94822;0.416941;1.99234;0.000423979;0.0242922;0.7;0.7
-1.99854;0.735646;2.12963;0.14187;8.12857;0.7;0.7
-1.80725;0.650316;1.9207;-0.0072899;-0.417681;0.7;0.7
-1.94369;0.689769;2.06246;-0.0043997;-0.252084;0.7;0.7
-1.88898;0.697766;2.01373;0.0128306;0.73514;0.7;0.7
-1.96442;0.570076;2.04547;-0.0713995;-4.09089;0.7;0.7
-1.95456;0.658915;2.06264;0.0427095;2.44707;0.7;0.7
-1.78295;0.461126;1.84161;-0.072066;-4.12908;0.7;0.7
-1.93763;0.467326;1.99319;-0.0164218;-0.940901;0.7;0.7
-2.00435;0.508604;2.06787;0.011841;0.678439;0.7;0.7
-1.87359;0.380865;1.91191;-0.0479562;-2.74769;0.7;0.7
-1.9621;0.345504;1.99229;-0.0262469;-1.50384;0.7;0.7
-1.97453;0.369058;2.00873;0.0104753;0.60019;0.7;0.7
-1.98578;0.383137;2.0224;0.00582113;0.333526;0.7;0.7
-1.97847;0.39416;2.01735;0.00605141;0.34672;0.7;0.7
-2.10635;0.456891;2.15534;0.0169521;0.971287;0.7;0.7
-1.90546;0.4297;1.95331;0.00819835;0.469731;0.7;0.7
-1.62582;0.585998;1.72821;0.124137;7.11254;0.7;0.7
-1.82392;0.64433;1.93439;-0.00635572;-0.364156;0.7;0.7
-1.86483;0.512207;1.93389;-0.0715248;-4.09807;0.7;0.7
-1.87007;0.566144;1.95389;0.0259113;1.48461;0.7;0.7
-1.91399;0.580059;1.99996;0.000295952;0.0169568;0.7;0.7
-1.93169;0.569709;2.01395;-0.00746779;-0.427873;0.7;0.7
-1.77577;0.627699;1.88344;0.0529755;3.03527;0.7;0.7
-1.904;0.630665;2.00573;-0.0199135;-1.14096;0.7;0.7
-1.90734;0.647085;2.01411;0.00721756;0.413536;0.7;0.7
-1.95044;0.586992;2.03685;-0.0347445;-1.99071;0.7;0.7
-1.92856;0.45731;1.98204;-0.0595072;-3.40951;0.7;0.7
-1.7093;0.425397;1.76144;0.011093;0.635584;0.7;0.7
-2.03938;0.412536;2.08069;-0.0443254;-2.53966;0.7;0.7
-1.95142;0.573526;2.03395;0.0862612;4.9424;0.7;0.7
-1.9326;0.612284;2.02727;0.0209618;1.20102;0.7;0.7
-1.76843;0.55948;1.85482;-0.000407113;-0.0233258;0.7;0.7
-2.11944;0.266675;2.13615;-0.181242;-10.3844;0.7;0.7
-1.70446;0.284676;1.72807;0.0403249;2.31045;0.7;0.7
-1.91206;0.165031;1.91917;-0.0793933;-4.5489;0.7;0.7
-1.9902;0.213443;2.00161;0.0207418;1.18842;0.7;0.7
-1.84653;0.24329;1.86249;0.0241621;1.38439;0.7;0.7
-2.14494;0.0561757;2.14568;-0.104817;-6.00558;0.7;0.7
-2.18326;-0.115704;2.18632;-0.0791302;-4.53382;0.7;0.7
-2.04537;0.157726;2.05144;0.129908;7.44318;0.7;0.7
-2.09164;0.124446;2.09533;-0.0175345;-1.00465;0.7;0.7
-1.81059;0.192197;1.82076;0.0463284;2.65442;0.7;0.7
-1.9852;0.136958;1.98992;-0.0368753;-2.1128;0.7;0.7
-1.79511;0.0986161;1.79782;-0.0139995;-0.802111;0.7;0.7
-1.97311;0.0625314;1.9741;-0.0231995;-1.32923;0.7;0.7
-1.97312;0.0432666;1.97359;-0.00975669;-0.559017;0.7;0.7
-2.05521;0.0655954;2.05626;0.00998123;0.571883;0.7;0.7
-2.05076;0.0513096;2.0514;-0.00689117;-0.394835;0.7;0.7
-1.9633;-0.0725705;1.96464;-0.0619613;-3.55012;0.7;0.7
-1.91461;0.0104971;1.91464;0.0424293;2.43102;0.7;0.7
-2.08491;0.0778877;2.08636;0.0318579;1.82532;0.7;0.7
-2.10234;0.172789;2.10943;0.0446642;2.55907;0.7;0.7
-1.95232;0.163627;1.95917;0.00161144;0.0923287;0.7;0.7
-1.96321;0.203541;1.97373;0.0196925;1.1283;0.7;0.7
-1.79668;0.424026;1.84604;0.128455;7.35996;0.7;0.7
-1.93238;0.326103;1.9597;-0.0645819;-3.70027;0.7;0.7
-1.9793;0.341437;2.00853;0.00364047;0.208584;0.7;0.7
-1.98491;0.557222;2.06164;0.102862;5.89355;0.7;0.7
-1.9256;0.540566;2.00003;-2.25523e-06;-0.000129215;0.7;0.7
-2.16297;0.586606;2.2411;-0.00884866;-0.506991;0.7;0.7
-2.16336;0.567393;2.23653;-0.00833669;-0.477657;0.7;0.7
-2.03422;0.518023;2.09914;-0.00714226;-0.409222;0.7;0.7
-2.13318;0.537701;2.1999;-0.00243309;-0.139406;0.7;0.7
-1.87519;0.477371;1.935;0.00235609;0.134994;0.7;0.7
-1.83676;0.623639;1.93974;0.0780422;4.47149;0.7;0.7
-1.69175;0.581643;1.78894;0.00383175;0.219543;0.7;0.7
-1.90444;0.749992;2.0468;0.0440095;2.52156;0.7;0.7
-1.49317;0.74958;1.67076;0.0900892;5.16173;0.7;0.7
-1.72431;1.03278;2.00995;0.0743991;4.26275;0.7;0.7
-1.78033;1.11431;2.1003;0.0195984;1.12291;0.7;0.7
-1.69038;1.06474;1.99777;0.00285405;0.163525;0.7;0.7
-1.69517;1.12416;2.03405;0.0234636;1.34437;0.7;0.7
-1.85656;1.0253;2.12086;-0.08099;-4.64038;0.7;0.7
-1.74828;0.989064;2.00866;0.0102695;0.588401;0.7;0.7
-1.58093;1.17649;1.97065;0.124917;7.15723;0.7;0.7
-1.61962;1.10641;1.96145;-0.0404476;-2.31748;0.7;0.7
-1.61006;1.22891;2.02547;0.0526276;3.01534;0.7;0.7
-1.71234;1.40825;2.21704;0.0363161;2.08076;0.7;0.7
-1.52906;1.3022;2.00841;0.0171837;0.984554;0.7;0.7
-1.46153;1.22678;1.90816;-0.00714265;-0.409244;0.7;0.7
-1.53132;1.28561;1.99943;9.10393e-05;0.00521617;0.7;0.7
-1.44139;1.19902;1.8749;-0.00452672;-0.259362;0.7;0.7
-1.42726;1.29877;1.92974;0.0444341;2.54589;0.7;0.7
-1.44408;1.28074;1.9302;-0.0127719;-0.731774;0.7;0.7
-1.51871;1.41397;2.07503;0.0241727;1.38499;0.7;0.7
-1.43119;1.42686;2.02095;0.0341821;1.95849;0.7;0.7
-1.4269;1.41086;2.00663;-0.00413473;-0.236903;0.7;0.7
-1.38044;1.50095;2.03923;0.0474518;2.71879;0.7;0.7
-1.34265;1.47167;1.99212;0.00401363;0.229964;0.7;0.7
-1.14724;1.59536;1.96503;0.116151;6.65494;0.7;0.7
-1.11272;1.76749;2.08858;0.0615718;3.52781;0.7;0.7
-1.14739;1.72093;2.06836;-0.026181;-1.50006;0.7;0.7
-1.30987;1.86255;2.27703;-0.0248728;-1.4251;0.7;0.7
-1.13292;1.68041;2.02664;0.0197215;1.12996;0.7;0.7
-1.1174;1.62977;1.97604;-0.00781412;-0.447716;0.7;0.7
-0.857668;1.9561;2.13587;0.187795;10.7599;0.7;0.7
-0.815168;1.82887;2.00232;-0.00607671;-0.34817;0.7;0.7
-0.813664;1.83375;2.00617;0.0016753;0.0959877;0.7;0.7
-0.805539;1.8021;1.97394;-0.00274213;-0.157112;0.7;0.7
-0.521189;1.98049;2.04792;0.16303;9.34092;0.7;0.7
-0.483083;2.00545;2.06282;0.020946;1.20012;0.7;0.7
-0.537225;2.00285;2.07365;-0.0256803;-1.47137;0.7;0.7
-0.510986;2.088;2.14961;0.0220535;1.26357;0.7;0.7
-0.454941;1.99304;2.04431;0.0155884;0.893149;0.7;0.7
-0.4852;1.83107;1.89426;-0.0346093;-1.98296;0.7;0.7
-0.512567;1.94857;2.01485;0.00180792;0.103586;0.7;0.7
-0.452523;1.92181;1.97436;0.0259663;1.48776;0.7;0.7
-0.595937;1.56817;1.67759;-0.13191;-7.55786;0.7;0.7
-0.640587;1.75404;1.86735;0.0130068;0.745235;0.7;0.7
-0.665064;1.87574;1.99016;0.0094261;0.540076;0.7;0.7
-0.748789;1.84154;1.98795;-0.0454596;-2.60465;0.7;0.7
-0.77858;1.86861;2.02432;-0.00859736;-0.492592;0.7;0.7
-0.912681;1.67202;1.90489;-0.104868;-6.00851;0.7;0.7
-0.938709;1.73147;1.96956;0.00286479;0.16414;0.7;0.7
-1.03291;1.79966;2.07501;-0.0242501;-1.38943;0.7;0.7
-1.07461;1.67694;1.99171;-0.0488472;-2.79874;0.7;0.7
-1.09376;1.71488;2.03399;0.002137;0.122441;0.7;0.7
-1.03484;1.62951;1.93034;0.00195309;0.111904;0.7;0.7
-1.12543;1.66385;2.00873;-0.028912;-1.65653;0.7;0.7
-1.15672;1.61598;1.98731;-0.0265416;-1.52072;0.7;0.7
-0.893951;1.55398;1.79276;0.099219;5.68483;0.7;0.7
-1.02917;1.83072;2.10018;0.00989745;0.567082;0.7;0.7
-0.940896;1.64955;1.89902;-0.00623107;-0.357014;0.7;0.7
-0.922879;1.43449;1.70571;-0.0533199;-3.05501;0.7;0.7
-1.08416;1.71721;2.03081;0.0085347;0.489003;0.7;0.7
-1.02059;1.60856;1.90501;-0.00222861;-0.12769;0.7;0.7
-0.936597;1.71884;1.95746;0.0664623;3.80801;0.7;0.7
-0.972455;1.72425;1.97957;-0.0146004;-0.83654;0.7;0.7
-0.847045;1.69894;1.89839;0.0510139;2.92288;0.7;0.7
-0.843044;1.75048;1.94291;0.0136791;0.783755;0.7;0.7
-0.870559;1.78742;1.98815;-0.00440672;-0.252486;0.7;0.7
-0.629483;1.72992;1.84089;0.104247;5.97294;0.7;0.7
-0.780864;1.87554;2.0316;-0.0455272;-2.60852;0.7;0.7
-0.761351;1.74441;1.90332;-0.0170177;-0.97504;0.7;0.7
-0.760002;1.8285;1.98016;0.0176123;1.00911;0.7;0.7
-1.1021;1.78416;2.0971;-0.159424;-9.13431;0.7;0.7
-1.01219;1.91421;2.16535;0.066938;3.83526;0.7;0.7
-0.900758;1.70376;1.92722;7.04732e-05;0.00403781;0.7;0.7
-0.923567;1.9756;2.18082;0.0490336;2.80942;0.7;0.7
-0.844443;1.8088;1.99621;0.000520158;0.0298028;0.7;0.7
-0.805408;1.79665;1.96891;0.0153535;0.879693;0.7;0.7
-0.61786;2.02878;2.12078;0.125803;7.20796;0.7;0.7
-0.655529;1.87056;1.98209;-0.0414487;-2.37483;0.7;0.7
-0.686354;1.94357;2.0612;-0.00239698;-0.137337;0.7;0.7
-0.753522;1.88955;2.03426;-0.0399873;-2.29111;0.7;0.7
-0.59714;2.08217;2.1661;0.100165;5.73905;0.7;0.7
-0.469277;1.88607;1.94357;0.0354309;2.03004;0.7;0.7
-0.533293;1.95547;2.02688;-0.0223838;-1.2825;0.7;0.7
-0.587867;1.91399;2.00224;-0.0317521;-1.81926;0.7;0.7
-0.513183;1.87202;1.94109;0.0304362;1.74387;0.7;0.7
-0.506465;1.84055;1.90896;-0.000964686;-0.0552724;0.7;0.7
-0.513647;1.92594;1.99326;0.00789204;0.452181;0.7;0.7
-0.457815;2.10624;2.15542;0.0466006;2.67002;0.7;0.7
-0.369819;1.86375;1.90008;0.0181488;1.03985;0.7;0.7
-0.461089;1.95147;2.0052;-0.0361395;-2.07064;0.7;0.7
-0.616055;1.99568;2.0886;-0.0673915;-3.86125;0.7;0.7
-0.57289;1.83136;1.91887;-0.00376429;-0.215678;0.7;0.7
-0.595257;1.913;2.00348;0.00151183;0.0866215;0.7;0.7
-0.636414;2.06055;2.15659;0.0021047;0.12059;0.7;0.7
-0.517698;1.95436;2.02176;0.0406149;2.32706;0.7;0.7
-0.406372;1.90293;1.94584;0.0485565;2.78208;0.7;0.7
-0.429522;1.96276;2.0092;-0.00504906;-0.28929;0.7;0.7
-0.503096;2.05987;2.12042;-0.0241075;-1.38126;0.7;0.7
-0.546667;1.99334;2.06694;-0.0281182;-1.61105;0.7;0.7
-0.551822;1.91999;1.99772;-0.0121994;-0.698976;0.7;0.7
-0.693181;1.88723;2.01051;-0.0721391;-4.13327;0.7;0.7
-0.542985;1.94416;2.01856;0.079654;4.56384;0.7;0.7
-0.453405;1.90501;1.95822;0.0386905;2.2168;0.7;0.7
-0.317729;2.05781;2.08219;0.0804675;4.61045;0.7;0.7
-0.474415;1.98608;2.04196;-0.0812844;-4.65725;0.7;0.7
-0.356425;2.05535;2.08602;0.0627709;3.59651;0.7;0.7
-0.328089;2.07981;2.10553;0.0152455;0.873503;0.7;0.7
-0.35485;2.19263;2.22116;-0.00398647;-0.228408;0.7;0.7
-0.32367;1.96761;1.99405;-0.0025923;-0.148528;0.7;0.7
-0.335313;1.96936;1.99771;-0.0056085;-0.321344;0.7;0.7
-0.547616;2.03309;2.10555;-0.0944606;-5.41219;0.7;0.7
-0.381861;1.87553;1.91401;0.0622519;3.56677;0.7;0.7
-0.211543;1.72292;1.73586;0.0786863;4.50839;0.7;0.7
-0.158469;1.88469;1.89134;0.0382852;2.19358;0.7;0.7
-0.1973;2.00872;2.01839;-0.0140231;-0.803462;0.7;0.7
-0.162357;2.01899;2.0255;0.017665;1.01213;0.7;0.7
-0.122484;1.99562;1.99938;0.0189431;1.08536;0.7;0.7
-0.0162186;2.13532;2.13538;0.0537043;3.07703;0.7;0.7
-0.0600059;2.0109;2.01179;-0.0222363;-1.27404;0.7;0.7
0.0303118;1.97458;1.97481;0.0451813;2.5887;0.7;0.7
0.142643;2.13756;2.14231;0.0512833;2.93832;0.7;0.7
0.0830022;1.8749;1.87674;-0.0223919;-1.28296;0.7;0.7
0.139946;2.08752;2.0922;0.022698;1.3005;0.7;0.7
0.0387526;2.14598;2.14633;-0.048883;-2.80079;0.7;0.7
0.0867069;2.05222;2.05405;0.0241689;1.38478;0.7;0.7
0.0998395;2.00035;2.00284;0.00764449;0.437997;0.7;0.7
0.10731;1.86089;1.86398;0.00773275;0.443054;0.7;0.7
0.264367;1.94488;1.96277;0.0774991;4.44037;0.7;0.7
0.0676282;1.94002;1.9412;-0.100256;-5.74425;0.7;0.7
0.0377332;1.86127;1.86165;-0.0145754;-0.835112;0.7;0.7
0.0340123;2.00834;2.00863;-0.00333611;-0.191145;0.7;0.7
0.231884;1.95726;1.97095;0.10099;5.78632;0.7;0.7
0.23666;1.98433;1.9984;0.000779278;0.0446493;0.7;0.7
0.234697;1.98812;2.00192;-0.00119751;-0.0686121;0.7;0.7
0.233813;1.98586;1.99957;-0.000306382;-0.0175544;0.7;0.7
0.302566;1.94771;1.97107;0.0369132;2.11497;0.7;0.7
0.303651;1.98656;2.00964;-0.00243474;-0.1395;0.7;0.7
0.426232;1.92235;1.96903;0.0665167;3.81112;0.7;0.7
0.638241;1.91731;2.02075;0.103151;5.91011;0.7;0.7
0.634055;1.8988;2.00186;0.000936707;0.0536693;0.7;0.7
0.750439;1.74801;1.90229;0.0832335;4.76893;0.7;0.7
0.657638;1.91247;2.02239;-0.0743148;-4.25792;0.7;0.7
0.77601;2.02011;2.16403;0.0355602;2.03745;0.7;0.7
0.63228;1.86801;1.97212;-0.0403881;-2.31407;0.7;0.7
0.703863;1.88016;2.00759;0.031839;1.82424;0.7;0.7
0.561194;1.73532;1.82381;-0.0454332;-2.60313;0.7;0.7
0.606678;1.90285;1.99723;-0.00414217;-0.237329;0.7;0.7
0.5596;1.81491;1.89922;-0.00955046;-0.547201;0.7;0.7
0.594378;1.71302;1.81321;0.0348924;1.99919;0.7;0.7
0.718125;1.8904;2.0222;0.0290636;1.66522;0.7;0.7
0.650065;1.95451;2.05978;-0.0419552;-2.40386;0.7;0.7
0.764457;1.89758;2.04578;0.0618806;3.5455;0.7;0.7
0.60038;1.72173;1.82341;-0.0474454;-2.71842;0.7;0.7
0.56999;2.07722;2.154;-0.0677137;-3.87971;0.7;0.7
0.476314;1.73711;1.80123;-0.000187386;-0.0107364;0.7;0.7
0.471064;1.93037;1.98701;-0.0282711;-1.61982;0.7;0.7
0.343997;2.17771;2.20472;-0.0826825;-4.73736;0.7;0.7
0.335014;1.98688;2.01492;0.0103744;0.594408;0.7;0.7
0.286598;1.94126;1.9623;-0.0204657;-1.1726;0.7;0.7
0.382976;2.02793;2.06378;0.0400757;2.29617;0.7;0.7
0.507846;1.97821;2.04236;0.0646411;3.70366;0.7;0.7
0.416458;1.82946;1.87626;-0.0274675;-1.57377;0.7;0.7
0.420511;1.87497;1.92154;-0.00319978;-0.183334;0.7;0.7
0.420337;1.95569;2.00035;-0.00891654;-0.51088;0.7;0.7
0.4735;1.96669;2.02289;0.0245539;1.40684;0.7;0.7
0.362842;2.04727;2.07918;-0.0608529;-3.48662;0.7;0.7
0.363226;1.89497;1.92947;0.0139719;0.800529;0.7;0.7
0.619049;1.94832;2.04431;0.118264;6.77601;0.7;0.7
0.271712;2.08084;2.0985;-0.177802;-10.1873;0.7;0.7
0.111219;1.98319;1.98631;-0.0738213;-4.22965;0.7;0.7
0.112051;1.99687;2.00001;3.23294e-05;0.00185234;0.7;0.7
0.0492992;2.05728;2.05787;-0.0320959;-1.83896;0.7;0.7
0.147743;1.97328;1.97881;0.0507738;2.90912;0.7;0.7
0.310368;1.81111;1.83751;0.094988;5.44241;0.7;0.7
0.183544;1.89736;1.90622;-0.073284;-4.19887;0.7;0.7
0.188336;1.98;1.98894;-0.00160282;-0.0918349;0.7;0.7
0.285677;2.075;2.09457;0.041982;2.40539;0.7;0.7
0.269416;1.96119;1.97961;-0.000296822;-0.0170066;0.7;0.7
0.795438;1.82407;1.98997;0.274697;15.739;0.7;0.7
0.812444;1.75855;1.93716;0.0215684;1.23578;0.7;0.7
0.939803;1.87385;2.09631;0.0320919;1.83873;0.7;0.7
0.80705;1.41348;1.62765;0.0539217;3.08948;0.7;0.7
1.05175;1.78241;2.06958;0.0142881;0.81865;0.7;0.7
1.06864;1.73143;2.03466;0.0198826;1.13919;0.7;0.7
1.04366;1.58059;1.89407;0.0306084;1.75373;0.7;0.7
1.01235;1.65396;1.93919;-0.0343262;-1.96675;0.7;0.7
1.0366;1.83245;2.10533;-0.0344411;-1.97333;0.7;0.7
1.11128;1.68683;2.01998;0.0677246;3.88033;0.7;0.7
1.05534;1.57513;1.89599;0.00777394;0.445414;0.7;0.7
1.18979;1.77483;2.13673;0.000250935;0.0143775;0.7;0.7
1.16829;1.66194;2.03149;0.0221552;1.2694;0.7;0.7
1.11098;1.62947;1.97217;-0.0143059;-0.819668;0.7;0.7
1.20063;1.77044;2.13915;-0.00249547;-0.14298;0.7;0.7
1.10114;1.61472;1.95444;0.00258568;0.148149;0.7;0.7
1.13763;1.77938;2.11197;-0.0296517;-1.69892;0.7;0.7
1.07686;1.72932;2.0372;-0.0118972;-0.681657;0.7;0.7
1.09684;1.61947;1.95595;0.0383633;2.19805;0.7;0.7
1.08732;1.70139;2.01916;-0.0266547;-1.5272;0.7;0.7
1.17687;1.60871;1.99323;0.0629371;3.60603;0.7;0.7
1.14007;1.60952;1.97239;-0.0153009;-0.876675;0.7;0.7
1.31822;1.59628;2.07021;0.0739851;4.23903;0.7;0.7
1.24296;1.41317;1.88202;0.0311248;1.78332;0.7;0.7
1.30461;1.4999;1.98789;-0.00552755;-0.316705;0.7;0.7
1.1296;1.57888;1.94136;-0.094863;-5.43525;0.7;0.7
1.13804;1.74961;2.08716;-0.0443217;-2.53944;0.7;0.7
1.08968;1.67925;2.00182;-0.00108245;-0.06202;0.7;0.7
1.2838;1.6736;2.10929;0.078738;4.51135;0.7;0.7
1.2284;1.65803;2.0635;-0.0167098;-0.957402;0.7;0.7
1.1957;1.61064;2.00595;0.000964803;0.0552791;0.7;0.7
1.29547;1.49355;1.9771;0.0758933;4.34837;0.7;0.7
1.32172;1.54588;2.03388;-0.00710977;-0.40736;0.7;0.7
1.14456;1.48117;1.87186;-0.04949;-2.83557;0.7;0.7
1.11917;1.76166;2.0871;-0.09193;-5.2672;0.7;0.7
1.2655;1.81346;2.21136;0.0433077;2.48135;0.7;0.7
1.15272;1.63383;1.99954;0.00515213;0.295196;0.7;0.7
1.13382;1.55203;1.92207;0.0165047;0.94565;0.7;0.7
0.947782;1.41266;1.70115;-0.0399892;-2.29122;0.7;0.7
1.25613;1.90581;2.28254;-0.00819008;-0.469257;0.7;0.7
0.981071;1.53154;1.81882;-0.0130278;-0.746437;0.7;0.7
0.800908;1.61517;1.80284;-0.10939;-6.26758;0.7;0.7
0.964148;1.66585;1.92475;0.0643303;3.68585;0.7;0.7
0.998653;1.7649;2.02785;-0.00974055;-0.558093;0.7;0.7
0.909972;1.74642;1.96927;-0.034579;-1.98123;0.7;0.7
0.624302;1.43196;1.56213;-0.0692129;-3.96561;0.7;0.7
0.768897;1.8279;1.98303;-0.0129558;-0.742312;0.7;0.7
0.645247;1.98188;2.08427;-0.0834252;-4.77991;0.7;0.7
0.556931;1.81552;1.89903;-0.0171033;-0.979949;0.7;0.7
0.766117;1.84507;1.99781;0.0959132;5.49542;0.7;0.7
0.612128;1.62089;1.73263;-0.0324698;-1.86038;0.7;0.7
0.804883;1.80997;1.98087;0.0573413;3.28542;0.7;0.7
0.764421;1.82203;1.97589;-0.0211919;-1.21421;0.7;0.7
1.01814;1.83701;2.10029;0.10885;6.23662;0.7;0.7
0.642491;1.63907;1.7605;-0.132513;-7.59241;0.7;0.7
0.61308;2.00155;2.09334;-0.0763487;-4.37446;0.7;0.7
0.607424;2.05417;2.1421;-0.00971936;-0.556878;0.7;0.7
0.723189;2.04423;2.16838;0.0525215;3.00926;0.7;0.7
0.783919;1.98815;2.13712;0.0355484;2.03677;0.7;0.7
0.766351;2.04084;2.17998;-0.0163639;-0.937583;0.7;0.7
0.648342;1.84583;1.95638;-0.0214303;-1.22786;0.7;0.7
0.864112;2.03227;2.20835;0.0642513;3.68133;0.7;0.7
0.751292;1.7787;1.93086;-0.00238543;-0.136675;0.7;0.7
0.785631;1.83387;1.99507;0.00509593;0.291975;0.7;0.7
0.766725;1.84768;2.00045;-0.0114058;-0.653501;0.7;0.7
0.682665;1.89529;2.01449;-0.0476175;-2.72828;0.7;0.7
0.656698;2.03058;2.13413;-0.0329362;-1.88711;0.7;0.7
0.624989;1.94077;2.03892;-0.00124281;-0.0712077;0.7;0.7
0.671317;1.96274;2.07437;0.0180122;1.03202;0.7;0.7
0.547117;1.88802;1.9657;-0.0474995;-2.72152;0.7;0.7
0.550869;1.95263;2.02884;-0.00708645;-0.406024;0.7;0.7
0.473651;1.95543;2.01198;-0.0373252;-2.13858;0.7;0.7
0.306141;1.84007;1.86537;-0.0727814;-4.17007;0.7;0.7
0.266605;2.11493;2.13166;-0.039467;-2.2613;0.7;0.7
0.111565;2.10641;2.10936;-0.0724823;-4.15293;0.7;0.7
-0.037611;1.95057;1.95093;-0.0721948;-4.13645;0.7;0.7
-0.0503776;2.00319;2.00382;-0.00586367;-0.335964;0.7;0.7
-0.13571;2.19915;2.20334;-0.0364885;-2.09064;0.7;0.7
-0.0539429;1.96793;1.96867;0.0342278;1.96111;0.7;0.7
0.246649;2.04375;2.05858;0.147508;8.45159;0.7;0.7
0.219163;2.03093;2.04272;-0.0126072;-0.722341;0.7;0.7
0.167171;1.8536;1.86112;-0.0175524;-1.00568;0.7;0.7
0.00709546;2.08385;2.08386;-0.0865393;-4.95834;0.7;0.7
0.0961453;1.90762;1.91005;0.046953;2.69021;0.7;0.7
-0.0488121;1.82305;1.8237;-0.0771266;-4.41903;0.7;0.7
-0.0219437;2.00151;2.00163;0.0158055;0.905589;0.7;0.7
-0.0148473;2.09666;2.09672;0.00388185;0.222414;0.7;0.7
-0.0585703;1.99503;1.99589;-0.0222684;-1.27589;0.7;0.7
-0.200007;2.1363;2.14564;-0.0640013;-3.667;0.7;0.7
-0.123964;1.99498;1.99882;0.0312926;1.79293;0.7;0.7
-0.0495795;1.89892;1.89957;0.035955;2.06007;0.7;0.7
0.125366;2.08238;2.08615;0.086234;4.94085;0.7;0.7
0.0218138;1.89748;1.89761;-0.048635;-2.78658;0.7;0.7
0.0670944;1.9274;1.92857;0.0233011;1.33505;0.7;0.7
0.162024;1.99023;1.99681;0.0464336;2.66045;0.7;0.7
0.253152;2.00406;2.01999;0.0444233;2.54527;0.7;0.7
0.239948;2.06934;2.08321;-0.0102157;-0.585318;0.7;0.7
0.410173;2.06542;2.10576;0.0806018;4.61814;0.7;0.7
0.362134;1.949;1.98236;-0.0123296;-0.706432;0.7;0.7
0.559262;2.06936;2.1436;0.080242;4.59753;0.7;0.7
0.508321;2.06001;2.1218;-0.0220279;-1.26211;0.7;0.7
0.661382;1.75589;1.87632;0.118305;6.77835;0.7;0.7
0.698746;1.93221;2.05467;-0.01323;-0.758021;0.7;0.7
0.706275;1.94132;2.06581;0.00192637;0.110373;0.7;0.7
0.561954;2.0955;2.16954;-0.086918;-4.98004;0.7;0.7
0.447538;1.91671;1.96827;-0.0326245;-1.86924;0.7;0.7
0.509494;1.82013;1.89009;0.0435535;2.49543;0.7;0.7
0.557873;1.92113;2.00049;0.00967935;0.554586;0.7;0.7
0.648725;1.9099;2.01707;0.0448211;2.56806;0.7;0.7
0.59695;1.80518;1.90132;-0.00806981;-0.462366;0.7;0.7
0.628489;1.89797;1.99933;0.000405449;0.0232305;0.7;0.7
0.601102;1.90918;2.00157;-0.0147499;-0.845107;0.7;0.7
0.480742;1.82095;1.88334;-0.0469063;-2.68753;0.7;0.7
0.672134;2.18528;2.28631;0.0402747;2.30757;0.7;0.7
0.73421;1.9612;2.09413;0.0598246;3.4277;0.7;0.7
0.807669;1.88256;2.0485;0.0470611;2.6964;0.7;0.7
0.673591;1.82515;1.94548;-0.051723;-2.96351;0.7;0.7
0.722315;1.64795;1.7993;0.0595374;3.41124;0.7;0.7
0.845633;1.80783;1.99583;0.0244345;1.4;0.7;0.7
0.863982;1.81463;2.00982;0.00683532;0.391635;0.7;0.7
0.668716;1.70179;1.82846;-0.0699485;-4.00776;0.7;0.7
0.71244;1.93933;2.06606;-0.0223538;-1.28078;0.7;0.7
0.730975;1.73263;1.88051;0.0471728;2.7028;0.7;0.7
0.837444;1.74178;1.93264;0.0489373;2.8039;0.7;0.7
0.773228;1.65522;1.82692;-0.0111474;-0.638698;0.7;0.7
0.814636;1.88832;2.05655;-0.0297363;-1.70377;0.7;0.7
0.930781;1.64554;1.89055;0.107485;6.15842;0.7;0.7
0.911113;1.69096;1.9208;-0.0205552;-1.17773;0.7;0.7
0.869552;1.57284;1.7972;0.0108183;0.619841;0.7;0.7
0.951134;1.73834;1.98153;-0.00437937;-0.25092;0.7;0.7
0.976858;1.8173;2.06321;-0.00743163;-0.425801;0.7;0.7
0.900224;1.63045;1.86246;0.011257;0.644981;0.7;0.7
0.844918;1.86292;2.04557;-0.0786794;-4.508;0.7;0.7
0.826614;1.822;2.00074;0.000115279;0.00660499;0.7;0.7
0.977628;1.82332;2.06888;0.0662559;3.79619;0.7;0.7
1.01486;1.76396;2.03507;0.0299132;1.7139;0.7;0.7
1.02246;1.75567;2.0317;0.00527467;0.302216;0.7;0.7
1.1198;1.73511;2.06508;0.0457632;2.62204;0.7;0.7
1.07216;1.65265;1.96997;0.00237648;0.136162;0.7;0.7
0.956708;1.53929;1.81238;-0.0194013;-1.11161;0.7;0.7
1.11545;1.74789;2.07348;0.011916;0.682738;0.7;0.7
1.14424;1.6166;1.98057;0.0479344;2.74644;0.7;0.7
1.10624;1.65862;1.99369;-0.0277394;-1.58935;0.7;0.7
1.10681;1.5295;1.88797;0.0382103;2.18929;0.7;0.7
1.09318;1.76033;2.07214;-0.0706937;-4.05045;0.7;0.7
1.08781;1.76076;2.06969;-0.00231411;-0.132589;0.7;0.7
1.02631;1.61441;1.91301;0.0128616;0.736914;0.7;0.7
1.03372;1.68737;1.97884;-0.0166259;-0.952596;0.7;0.7
1.39942;1.489;2.0434;0.20475;11.7313;0.7;0.7
1.53171;1.59965;2.21472;0.00930814;0.533317;0.7;0.7
1.36278;1.46144;1.99824;-0.0132268;-0.75784;0.7;0.7
1.29314;1.64198;2.09005;-0.0833763;-4.77711;0.7;0.7
1.05308;1.61767;1.93024;-0.0900321;-5.15846;0.7;0.7
1.15924;1.90162;2.2271;-0.0296154;-1.69684;0.7;0.7
0.983584;1.91875;2.15616;-0.0737626;-4.22628;0.7;0.7
0.740502;2.02724;2.15825;-0.123472;-7.07441;0.7;0.7
0.700039;1.95085;2.07265;-0.00569258;-0.326161;0.7;0.7
0.854335;2.02673;2.19944;0.0544041;3.11712;0.7;0.7
0.660108;1.8544;1.96839;-0.0569493;-3.26295;0.7;0.7
0.637451;1.92798;2.03063;-0.0226653;-1.29862;0.7;0.7
0.505555;1.8057;1.87513;-0.0463279;-2.6544;0.7;0.7
0.623623;1.89938;1.99914;0.0442518;2.53544;0.7;0.7
0.5148;1.81635;1.88789;-0.0410568;-2.35238;0.7;0.7
0.568669;1.96867;2.04915;0.00502274;0.287782;0.7;0.7
0.559141;1.93981;2.01879;-0.000567645;-0.0325237;0.7;0.7
0.621542;1.96336;2.05939;0.0259511;1.48689;0.7;0.7
0.60358;1.85304;1.94886;0.00829741;0.475406;0.7;0.7
0.626467;1.85276;1.9558;0.0111721;0.640114;0.7;0.7
0.694506;1.90505;2.0277;0.0235274;1.34802;0.7;0.7
0.539232;1.90876;1.98347;-0.0742575;-4.25464;0.7;0.7
0.453476;1.93409;1.98655;-0.0450247;-2.57972;0.7;0.7
0.587003;2.18158;2.25917;0.0325432;1.86459;0.7;0.7
0.621269;1.91581;2.01402;0.0507387;2.90712;0.7;0.7
0.674408;1.93073;2.04513;0.0224662;1.28722;0.7;0.7
0.683563;1.836;1.95912;0.0203585;1.16646;0.7;0.7
0.707282;1.88486;2.0132;0.00257308;0.147427;0.7;0.7
0.689574;1.89664;2.0181;-0.0102653;-0.588159;0.7;0.7
0.60954;1.93049;2.02443;-0.042881;-2.4569;0.7;0.7
0.563557;1.61956;1.71481;0.0290268;1.66312;0.7;0.7
0.555361;1.85012;1.93167;-0.0432459;-2.47781;0.7;0.7
0.314814;1.83118;1.85804;-0.121364;-6.95363;0.7;0.7
0.35433;1.98282;2.01423;0.00657823;0.376905;0.7;0.7
0.344063;1.95695;1.98697;-0.00279565;-0.160179;0.7;0.7
0.342698;1.96853;1.99814;-0.00167681;-0.0960739;0.7;0.7
0.316092;1.97415;1.9993;-0.0135932;-0.778834;0.7;0.7
0.104347;1.93885;1.94166;-0.105;-6.01608;0.7;0.7
0.0495122;2.12883;2.1294;-0.0305131;-1.74827;0.7;0.7
0.0603269;2.00292;2.00383;0.00685654;0.392851;0.7;0.7
0.0554045;1.97178;1.97256;-0.00201904;-0.115682;0.7;0.7
0.0575105;1.98471;1.98554;0.000877424;0.0502727;0.7;0.7
0.0809173;2.26816;2.2696;0.00669144;0.383391;0.7;0.7
-0.280311;1.76523;1.78735;-0.193141;-11.0661;0.7;0.7
-0.347864;2.03398;2.06351;-0.011907;-0.68222;0.7;0.7
-0.312384;1.9465;1.9714;0.010259;0.587797;0.7;0.7
-0.292678;1.7538;1.77806;-0.00623004;-0.356955;0.7;0.7
-0.292126;2.03402;2.05489;0.0227138;1.30141;0.7;0.7
-0.345644;1.84247;1.87461;-0.0427985;-2.45217;0.7;0.7
-0.345051;1.95598;1.98618;0.0108312;0.620583;0.7;0.7
-0.252829;1.9353;1.95175;0.0447068;2.56151;0.7;0.7
-0.132891;2.07695;2.0812;0.0660086;3.78201;0.7;0.7
-0.0313295;1.97307;1.97332;0.0480192;2.7513;0.7;0.7
0.0578954;1.91094;1.91182;0.0461647;2.64504;0.7;0.7
0.229088;1.97464;1.98789;0.0852113;4.88225;0.7;0.7
0.359157;2.25035;2.27883;0.042767;2.45037;0.7;0.7
0.310935;1.96364;1.98811;-0.00122364;-0.0701092;0.7;0.7
0.43202;1.71448;1.76807;0.0898019;5.14527;0.7;0.7
0.634213;1.92561;2.02736;0.0713233;4.08653;0.7;0.7
0.706512;1.90607;2.0328;0.0367969;2.10831;0.7;0.7
0.617631;1.83881;1.93977;-0.0309178;-1.77146;0.7;0.7
0.750027;1.94003;2.07997;0.0448599;2.57028;0.7;0.7
0.735751;1.83425;1.97631;0.0125641;0.719868;0.7;0.7
0.75482;1.8811;2.02689;0.000126415;0.00724303;0.7;0.7
0.830423;1.74533;1.93282;0.062501;3.58104;0.7;0.7
0.955796;1.63884;1.8972;0.0838876;4.8064;0.7;0.7
0.946836;1.77063;2.00789;-0.0369284;-2.11584;0.7;0.7
1.03914;1.76342;2.04681;0.0414382;2.37423;0.7;0.7
1.26757;1.72854;2.1435;0.100242;5.74344;0.7;0.7
1.2158;1.51617;1.94343;0.0431544;2.47257;0.7;0.7
1.2388;1.58573;2.01225;-0.0127106;-0.728262;0.7;0.7
1.14723;1.83168;2.1613;-0.103629;-5.93749;0.7;0.7
1.05436;1.60901;1.92369;0.0205308;1.17633;0.7;0.7
1.15479;1.63688;2.00322;0.0343115;1.9659;0.7;0.7
1.14988;1.63319;1.99738;-0.000941623;-0.053951;0.7;0.7
1.11376;1.71348;2.04365;-0.0370794;-2.12449;0.7;0.7
1.13466;1.73274;2.07119;0.00339439;0.194484;0.7;0.7
1.00852;1.63202;1.91849;-0.026247;-1.50385;0.7;0.7
1.21784;1.54782;1.96948;0.113127;6.48168;0.7;0.7
1.25653;1.54866;1.99429;0.014986;0.858633;0.7;0.7
1.06682;1.58939;1.91423;-0.0904875;-5.18455;0.7;0.7
1.15714;1.51164;1.90369;0.062194;3.56345;0.7;0.7
1.1842;1.43375;1.85957;0.0370226;2.12124;0.7;0.7
1.26672;1.53085;1.98698;0.000902032;0.0516826;0.7;0.7
1.00861;1.40647;1.73074;-0.0691376;-3.96129;0.7;0.7
1.20375;1.67255;2.06069;0.00170597;0.0977447;0.7;0.7
1.06655;1.80214;2.0941;-0.0894463;-5.1249;0.7;0.7
1.09241;1.68633;2.00925;0.0404417;2.31714;0.7;0.7
1.10876;1.69631;2.02653;0.00409562;0.234662;0.7;0.7
1.20822;1.75594;2.13146;0.0237541;1.36101;0.7;0.7
1.05545;1.67478;1.97961;-0.0403444;-2.31157;0.7;0.7
1.11818;1.71698;2.04899;0.0149188;0.854783;0.7;0.7
1.15882;1.43131;1.84161;0.103326;5.92013;0.7;0.7
1.15773;1.60037;1.97523;-0.0543107;-3.11178;0.7;0.7
1.21342;1.61343;2.0188;0.0185601;1.06342;0.7;0.7
1.15188;1.63091;1.99667;-0.0298992;-1.7131;0.7;0.7
0.975279;1.60586;1.87882;-0.0691409;-3.96148;0.7;0.7
1.12594;1.72847;2.06286;0.0315777;1.80927;0.7;0.7
1.16088;1.7429;2.09412;0.0102218;0.585668;0.7;0.7
0.893367;1.71534;1.93404;-0.107431;-6.15534;0.7;0.7
0.571539;1.78779;1.87693;-0.170734;-9.78235;0.7;0.7
0.677812;1.81416;1.93665;0.0481408;2.75826;0.7;0.7
0.709336;1.77196;1.90866;0.0232125;1.32998;0.7;0.7
0.730485;1.8306;1.97097;-0.0010959;-0.0627905;0.7;0.7
0.67531;1.51257;1.65647;0.0402315;2.3051;0.7;0.7
0.833083;1.82577;2.00685;0.00816234;0.467668;0.7;0.7
0.80076;1.67946;1.86059;0.0168389;0.964796;0.7;0.7
0.963387;1.68819;1.94373;0.0736568;4.22022;0.7;0.7
1.00196;1.75797;2.02346;-0.00053744;-0.030793;0.7;0.7
0.795698;1.89683;2.05696;-0.120838;-6.92349;0.7;0.7
0.821168;1.84718;2.02148;0.0211203;1.2101;0.7;0.7
0.79351;1.79268;1.96045;-0.00159819;-0.0915698;0.7;0.7
0.84788;1.92885;2.10698;-0.0025628;-0.146838;0.7;0.7
1.20139;1.76801;2.13757;0.182692;10.4675;0.7;0.7
1.03497;1.66791;1.96293;-0.0414738;-2.37627;0.7;0.7
1.03297;1.69638;1.98614;-0.00841455;-0.482118;0.7;0.7
1.0943;1.8004;2.10688;-0.000817111;-0.046817;0.7;0.7
1.02567;1.69093;1.97769;-0.000901449;-0.0516492;0.7;0.7
1.31831;1.83357;2.2583;0.0781156;4.47569;0.7;0.7
1.15455;1.61336;1.98391;-0.00222355;-0.1274;0.7;0.7
0.907761;1.58838;1.82948;-0.10193;-5.84018;0.7;0.7
1.07068;1.65202;1.96863;0.0558397;3.19938;0.7;0.7
1.06024;1.70307;2.00613;-0.0182079;-1.04323;0.7;0.7
0.963038;1.62147;1.8859;-0.0208884;-1.19682;0.7;0.7
0.977314;1.70784;1.96771;-0.0161784;-0.926956;0.7;0.7
1.10042;1.69658;2.0222;0.0556354;3.18767;0.7;0.7
0.97377;1.79585;2.04287;-0.0785392;-4.49996;0.7;0.7
0.955198;1.67897;1.93167;0.0203904;1.16828;0.7;0.7
1.0014;1.75379;2.01955;0.0015643;0.0896278;0.7;0.7
1.16004;1.91261;2.23691;0.0263873;1.51188;0.7;0.7
1.16355;1.55491;1.94206;0.0972129;5.56989;0.7;0.7
1.17773;1.62555;2.00735;-0.0154273;-0.883921;0.7;0.7
1.31762;1.64719;2.10935;0.047705;2.7333;0.7;0.7
1.19538;1.58776;1.98744;-0.0293595;-1.68217;0.7;0.7
1.09708;1.55752;1.90511;-0.0316782;-1.81503;0.7;0.7
1.10509;1.71545;2.04059;-0.0413728;-2.37048;0.7;0.7
0.959014;1.7552;2.00011;-0.0722215;-4.13799;0.7;0.7
0.827159;1.99933;2.16368;-0.107786;-6.17567;0.7;0.7
0.748509;1.83925;1.98573;-0.00578088;-0.33122;0.7;0.7
0.610589;1.72959;1.8342;-0.047128;-2.70024;0.7;0.7
0.679611;1.90631;2.02383;0.0030915;0.17713;0.7;0.7
0.71841;1.81802;1.95482;0.0338685;1.94052;0.7;0.7
0.700488;1.83049;1.95994;-0.0108424;-0.621225;0.7;0.7
0.611821;1.92426;2.01918;-0.0576414;-3.30261;0.7;0.7
0.68195;1.74099;1.86979;0.0654889;3.75224;0.7;0.7
0.730234;1.86158;1.99968;0.000488383;0.0279823;0.7;0.7
0.714769;1.87723;2.0087;-0.0100124;-0.573668;0.7;0.7
0.708679;1.85377;1.98461;0.00133917;0.076729;0.7;0.7
0.737053;1.91832;2.05504;0.0016806;0.0962915;0.7;0.7
0.772764;1.89459;2.04613;0.020452;1.17181;0.7;0.7
0.722504;1.80368;1.94301;-0.00628122;-0.359887;0.7;0.7
0.71107;1.79958;1.93497;-0.00469764;-0.269155;0.7;0.7
0.763794;1.85356;2.00477;0.0145644;0.834476;0.7;0.7
0.794697;1.88408;2.04482;0.00828778;0.474855;0.7;0.7
0.731662;1.79876;1.94187;-0.0128334;-0.735299;0.7;0.7
0.728655;1.63808;1.79283;0.03222;1.84607;0.7;0.7
0.859213;1.69972;1.90455;0.0494998;2.83613;0.7;0.7
1.04066;1.7111;2.00271;0.0783731;4.49045;0.7;0.7
0.759064;1.40437;1.59638;-0.0508919;-2.91589;0.7;0.7
0.866716;1.67936;1.88983;-0.0190777;-1.09307;0.7;0.7
0.82729;1.8468;2.02363;-0.0552889;-3.16782;0.7;0.7
0.835614;2.16324;2.31902;-0.0525321;-3.00987;0.7;0.7
0.788528;2.0158;2.16454;0.00425115;0.243573;0.7;0.7
0.71351;2.13002;2.24635;-0.0496441;-2.8444;0.7;0.7
0.830164;1.84037;2.01894;0.100527;5.75976;0.7;0.7
0.865232;1.9135;2.10002;0.000903673;0.0517766;0.7;0.7
0.498899;1.86093;1.92664;-0.162728;-9.32365;0.7;0.7
0.321479;1.77485;1.80373;-0.0827436;-4.74086;0.7;0.7
0.358332;1.96929;2.00162;0.000802687;0.0459906;0.7;0.7
0.356373;1.98366;2.01542;-0.00223324;-0.127955;0.7;0.7
0.215236;2.0087;2.0202;-0.0710131;-4.06875;0.7;0.7
0.259091;2.02969;2.04616;0.0202195;1.15849;0.7;0.7
0.18394;1.93852;1.94723;-0.0323604;-1.85412;0.7;0.7
0.248935;1.96249;1.97821;0.0315694;1.80879;0.7;0.7
0.251452;2.30824;2.32189;-0.0176639;-1.01207;0.7;0.7
0.0886418;2.02232;2.02426;-0.0647051;-3.70733;0.7;0.7
0.0873544;1.99794;1.99985;-0.000109418;-0.00626917;0.7;0.7
-0.190367;2.13755;2.14601;-0.132519;-7.59276;0.7;0.7
-0.518302;2.12622;2.18848;-0.150279;-8.61037;0.7;0.7
-0.396287;2.04501;2.08305;0.0476939;2.73266;0.7;0.7
-0.371346;1.99807;2.03228;0.0076535;0.438513;0.7;0.7
-0.437031;2.01643;2.06325;-0.0296773;-1.70038;0.7;0.7
-0.339184;1.84953;1.88037;0.032059;1.83685;0.7;0.7
-0.470069;2.0188;2.07281;-0.0473946;-2.71551;0.7;0.7
-0.467418;1.99294;2.04702;-0.00160439;-0.0919248;0.7;0.7
-0.739714;1.65965;1.81703;-0.188903;-10.8234;0.7;0.7
-0.672177;1.87787;1.99454;0.0755396;4.3281;0.7;0.7
-0.656649;1.79215;1.90866;-0.00747467;-0.428267;0.7;0.7
-0.661323;1.92729;2.0376;0.0206651;1.18402;0.7;0.7
-0.674365;1.90015;2.01627;-0.0104868;-0.600849;0.7;0.7
-0.674812;1.89005;2.0069;-0.00189362;-0.108496;0.7;0.7
-0.662678;1.93855;2.04869;0.0135384;0.775692;0.7;0.7
-0.657505;1.89178;2.00278;-0.00510962;-0.29276;0.7;0.7
-0.672967;1.91307;2.02799;-0.00375476;-0.215132;0.7;0.7
-0.567346;1.99234;2.07155;0.0608331;3.48548;0.7;0.7
-0.548271;1.92295;1.99959;-0.000329233;-0.0188636;0.7;0.7
-0.618035;1.84332;1.94417;-0.0457562;-2.62164;0.7;0.7
-0.861166;1.7488;1.94934;-0.13407;-7.68163;0.7;0.7
-0.942635;1.85316;2.07913;-0.0129789;-0.743639;0.7;0.7
-0.728016;1.50278;1.66984;0.0194266;1.11306;0.7;0.7
-1.07755;1.91043;2.19337;-0.0624269;-3.5768;0.7;0.7
-0.978013;1.87116;2.11134;0.03193;1.82945;0.7;0.7
-0.973448;1.54953;1.82993;-0.0792879;-4.54286;0.7;0.7
-1.07503;1.90987;2.19164;0.0482317;2.76347;0.7;0.7
-0.993191;1.74702;2.0096;-0.00425918;-0.244033;0.7;0.7
-1.1243;1.7991;2.12151;-0.0416019;-2.38361;0.7;0.7
-0.944898;1.74635;1.98559;0.0625797;3.58555;0.7;0.7
-0.934544;1.72694;1.9636;-6.44463e-05;-0.0036925;0.7;0.7
-1.00357;1.7642;2.02967;-0.0211741;-1.21319;0.7;0.7
-0.834867;1.49292;1.7105;0.00730908;0.41878;0.7;0.7
-0.955892;1.72992;1.97645;0.00508179;0.291165;0.7;0.7
-0.855152;1.65638;1.8641;0.0282245;1.61715;0.7;0.7
-0.944915;1.7501;1.98889;-0.0184877;-1.05927;0.7;0.7
-1.25338;1.7934;2.18798;-0.114905;-6.58355;0.7;0.7
-1.20403;1.65399;2.04582;-0.0192653;-1.10382;0.7;0.7
-1.17241;1.61648;1.99688;0.00174776;0.100139;0.7;0.7
-1.1601;1.60845;1.98316;0.00264598;0.151604;0.7;0.7
-1.14877;1.51496;1.90125;-0.0239336;-1.3713;0.7;0.7
-1.25017;1.63868;2.06112;-0.00293156;-0.167966;0.7;0.7
-1.20339;1.60044;2.00239;0.00698978;0.400485;0.7;0.7
-1.08164;1.56906;1.90576;0.0411774;2.35929;0.7;0.7
-1.03181;1.51691;1.83457;0.00622925;0.35691;0.7;0.7
-1.12263;1.59453;1.95008;-0.0161236;-0.923813;0.7;0.7
-1.15216;1.86984;2.19631;0.0612092;3.50703;0.7;0.7
-1.07479;1.80303;2.09907;0.0146823;0.841232;0.7;0.7
-0.820903;1.59827;1.79676;0.0630667;3.61346;0.7;0.7
-0.743042;1.72984;1.88267;0.0687698;3.94022;0.7;0.7
-0.711929;1.9486;2.07458;0.0554256;3.17566;0.7;0.7
-0.686354;1.87594;1.99756;-0.000456129;-0.0261343;0.7;0.7
-0.712605;1.89826;2.0276;-0.00837716;-0.479976;0.7;0.7
-0.678232;2.15818;2.26224;0.0546323;3.1302;0.7;0.7
-0.548314;1.71458;1.80012;-0.00502814;-0.288091;0.7;0.7
-0.627095;1.91263;2.01281;-0.00730956;-0.418807;0.7;0.7
-0.589695;1.73563;1.83307;-0.0106951;-0.612783;0.7;0.7
-0.581566;1.87307;1.96128;0.0264702;1.51663;0.7;0.7
-0.616874;2.18514;2.27055;0.0259081;1.48442;0.7;0.7
-0.51961;1.84523;1.91699;0.000654562;0.0375037;0.7;0.7
-0.438103;1.79048;1.8433;0.0345188;1.97778;0.7;0.7
-0.412517;1.92779;1.97143;0.0291648;1.67102;0.7;0.7
-0.398256;1.91313;1.95414;0.00556586;0.3189;0.7;0.7
-0.436462;1.92495;1.97382;-0.0177294;-1.01582;0.7;0.7
-0.422011;1.93017;1.97576;0.00771643;0.442119;0.7;0.7
-0.535249;1.89151;1.96578;-0.0605129;-3.46713;0.7;0.7
-0.476838;2.07026;2.12447;0.0493862;2.82962;0.7;0.7
-0.313509;1.90618;1.93179;0.0633685;3.63075;0.7;0.7
-0.421909;2.17749;2.21799;-0.0283768;-1.62587;0.7;0.7
-0.38175;2.0106;2.04652;0.00375145;0.214942;0.7;0.7
-0.434366;2.0536;2.09903;-0.0208068;-1.19214;0.7;0.7
-0.385275;1.93766;1.97559;0.0121673;0.697133;0.7;0.7
-0.565672;1.96367;2.04352;-0.0841995;-4.82428;0.7;0.7
-0.511902;2.28821;2.34477;0.0603858;3.45985;0.7;0.7
-0.365838;1.94976;1.98379;0.0346136;1.98321;0.7;0.7
-0.453466;2.14779;2.19514;-0.0226;-1.29488;0.7;0.7
-0.39588;2.149;2.18516;0.0259022;1.48409;0.7;0.7
-0.350459;1.92457;1.95622;0.00204925;0.117413;0.7;0.7
-0.144325;1.97219;1.97746;0.107074;6.13489;0.7;0.7
0.0106925;2.19052;2.19055;0.077931;4.46512;0.7;0.7
0.0012913;1.84131;1.84131;-0.0041799;-0.239491;0.7;0.7
0.0382575;2.01702;2.01738;0.0182638;1.04644;0.7;0.7
0.108702;1.98219;1.98517;0.0358192;2.05229;0.7;0.7
0.154099;2.01045;2.01635;0.0217149;1.24417;0.7;0.7
0.0853855;2.15804;2.15973;-0.0369536;-2.11728;0.7;0.7
0.101522;1.86905;1.8718;0.0147186;0.843313;0.7;0.7
0.00726472;2.08154;2.08155;-0.0507741;-2.90914;0.7;0.7
-0.010004;2.09841;2.09844;-0.00825741;-0.473115;0.7;0.7
0.145261;1.87216;1.87779;0.0822026;4.70986;0.7;0.7
0.141825;1.79628;1.80187;0.00135606;0.0776968;0.7;0.7
-0.150683;1.93938;1.94523;-0.156332;-8.95714;0.7;0.7
-0.0468534;2.06065;2.06119;0.0548071;3.14022;0.7;0.7
-0.0533405;2.14296;2.14363;-0.00215262;-0.123336;0.7;0.7
-0.0596436;1.98255;1.98345;-0.00518932;-0.297326;0.7;0.7
-0.0597402;2.01836;2.01924;0.000485375;0.0278099;0.7;0.7
-0.050194;1.94546;1.9461;0.00379491;0.217432;0.7;0.7
0.0120308;2.05862;2.05866;0.0316389;1.81278;0.7;0.7
-0.0569835;1.91071;1.91156;-0.0356584;-2.04308;0.7;0.7
-0.278184;1.8612;1.88187;-0.118553;-6.79256;0.7;0.7
-0.301338;1.98494;2.00769;-0.00229448;-0.131464;0.7;0.7
-0.287859;1.94657;1.96774;0.00384554;0.220333;0.7;0.7
-0.204694;1.75373;1.76564;0.0306222;1.75452;0.7;0.7
-0.209945;1.91188;1.92337;0.00682096;0.390812;0.7;0.7
-0.334317;2.13603;2.16204;-0.0458808;-2.62878;0.7;0.7
-0.305318;2.23708;2.25782;0.0196109;1.12362;0.7;0.7
-0.311699;1.94987;1.97463;-0.0228728;-1.31052;0.7;0.7
-0.258555;2.44951;2.46312;0.0533511;3.05679;0.7;0.7
-0.218878;1.95418;1.96639;-0.00637598;-0.365317;0.7;0.7
-0.247663;2.06249;2.07731;-0.00796726;-0.456491;0.7;0.7
-0.312386;1.82099;1.84759;-0.0503863;-2.88692;0.7;0.7
-0.330812;2.02104;2.04794;0.00764855;0.438229;0.7;0.7
-0.452793;2.1651;2.21194;-0.0439165;-2.51623;0.7;0.7
-0.0796433;1.7656;1.7674;0.161084;9.22944;0.7;0.7
-0.101328;1.89712;1.89982;-0.0082832;-0.474592;0.7;0.7
-0.136023;1.83629;1.84132;-0.0205789;-1.17908;0.7;0.7
-0.306521;1.98438;2.00791;-0.0793163;-4.54449;0.7;0.7
-0.284165;2.07223;2.09162;0.0169761;0.972661;0.7;0.7
-0.11693;1.82974;1.83347;0.0724613;4.15173;0.7;0.7
-0.170871;2.11313;2.12003;-0.0168672;-0.966417;0.7;0.7
-0.184028;1.62725;1.63763;-0.031927;-1.82928;0.7;0.7
-0.219594;1.97345;1.98563;0.00179477;0.102833;0.7;0.7
-0.097607;1.80053;1.80317;0.0566609;3.24643;0.7;0.7
-0.0637972;2.00518;2.00619;0.0223516;1.28065;0.7;0.7
-0.0702376;2.1146;2.11576;-0.00139783;-0.0800898;0.7;0.7
0.136201;2.15891;2.1632;0.0962076;5.51229;0.7;0.7
-0.0919702;1.94427;1.94644;-0.110272;-6.31813;0.7;0.7
-0.159275;2.17709;2.18291;-0.0257615;-1.47602;0.7;0.7
-0.12131;1.7575;1.76168;0.00411429;0.235732;0.7;0.7
-0.148524;2.00187;2.00737;-0.00514203;-0.294617;0.7;0.7
-0.125599;2.19121;2.19481;0.0168004;0.962593;0.7;0.7
-0.0201754;1.98972;1.98983;0.0471173;2.69962;0.7;0.7
-0.000791496;1.98283;1.98283;0.00974028;0.558077;0.7;0.7
0.194555;2.07459;2.08369;0.0939057;5.3804;0.7;0.7
0.195934;1.99425;2.00385;0.00442864;0.253742;0.7;0.7
0.186337;2.02417;2.03273;-0.00613792;-0.351677;0.7;0.7
0.37568;1.94023;1.97627;0.0994627;5.69879;0.7;0.7
0.634861;1.79275;1.90184;0.149087;8.54206;0.7;0.7
0.669923;2.00121;2.11037;-0.017314;-0.992021;0.7;0.7
0.687969;1.75438;1.88445;0.0506817;2.90385;0.7;0.7
0.730362;1.87218;2.0096;-0.00176069;-0.10088;0.7;0.7
0.848572;1.92849;2.10693;0.0425682;2.43898;0.7;0.7
0.809943;1.77745;1.95329;0.0130431;0.747317;0.7;0.7
1.0572;1.76534;2.05769;0.112017;6.4181;0.7;0.7
1.02041;1.78365;2.05491;-0.0199359;-1.14224;0.7;0.7
1.0273;1.58575;1.88943;0.055204;3.16296;0.7;0.7
1.11781;1.84112;2.15388;-0.0292019;-1.67315;0.7;0.7
1.02543;1.73324;2.01386;-0.0114113;-0.65382;0.7;0.7
1.1857;1.73219;2.09914;0.066017;3.78249;0.7;0.7
1.21428;1.69731;2.08694;0.020742;1.18843;0.7;0.7
1.39813;1.74148;2.23327;0.0554736;3.1784;0.7;0.7
1.40853;1.37061;1.96533;0.122571;7.02283;0.7;0.7
1.41631;1.34631;1.95409;0.0116896;0.669765;0.7;0.7
1.45004;1.37821;2.00052;5.81019e-05;0.00332899;0.7;0.7
1.45168;1.48674;2.07793;-0.0373203;-2.13829;0.7;0.7
1.35764;1.42707;1.9697;-0.012999;-0.744789;0.7;0.7
1.24929;1.49925;1.95153;-0.0657659;-3.76811;0.7;0.7
1.45448;1.31463;1.96055;0.141157;8.08772;0.7;0.7
1.48335;1.34139;1.99991;-0.000251785;-0.0144262;0.7;0.7
1.4272;1.31825;1.94286;-0.0105495;-0.60444;0.7;0.7
1.41281;1.53674;2.08749;-0.0816551;-4.67849;0.7;0.7
1.35602;1.50017;2.0222;-0.00843233;-0.483137;0.7;0.7
1.40543;1.38621;1.97403;0.0573091;3.28357;0.7;0.7
1.39376;1.30643;1.91032;0.0254492;1.45813;0.7;0.7
1.43822;1.37383;1.98894;-0.00943974;-0.540857;0.7;0.7
1.25049;1.41991;1.89205;-0.0862525;-4.94191;0.7;0.7
1.40164;1.62746;2.14784;-0.0110505;-0.633145;0.7;0.7
1.305;1.51451;1.99919;0.000237824;0.0136263;0.7;0.7
1.19207;1.61682;2.00876;-0.0759086;-4.34924;0.7;0.7
1.15378;1.60222;1.97442;-0.0112197;-0.642839;0.7;0.7
1.21218;1.74931;2.12825;-0.0181208;-1.03825;0.7;0.7
1.4298;1.45244;2.03811;0.171566;9.83002;0.7;0.7
1.34573;1.41888;1.95556;-0.0185985;-1.06562;0.7;0.7
1.36682;1.58097;2.0899;-0.0460644;-2.6393;0.7;0.7
1.48836;1.49046;2.10635;0.0718116;4.1145;0.7;0.7
1.32926;1.5031;2.00655;-0.0605923;-3.47168;0.7;0.7
1.62927;1.72818;2.3751;0.0318484;1.82478;0.7;0.7
1.42415;1.55564;2.10908;-0.0146498;-0.83937;0.7;0.7
1.3305;1.46132;1.97628;-0.00272369;-0.156056;0.7;0.7
1.13354;1.44005;1.83267;-0.0717167;-4.10907;0.7;0.7
1.57677;1.61374;2.25619;0.106955;6.12805;0.7;0.7
1.31479;1.4197;1.935;-0.0267578;-1.53311;0.7;0.7
1.47367;1.52182;2.11841;0.0222715;1.27606;0.7;0.7
1.49696;1.33817;2.00788;0.0720227;4.1266;0.7;0.7
1.37376;1.36692;1.93795;-0.0534556;-3.06278;0.7;0.7
1.44869;1.16862;1.86128;0.104108;5.96494;0.7;0.7
1.5022;1.16863;1.90323;0.0176469;1.01109;0.7;0.7
1.5672;1.30968;2.0424;-0.0349717;-2.00373;0.7;0.7
1.57405;1.28634;2.03281;0.0109697;0.628519;0.7;0.7
1.65451;1.29425;2.10059;0.0213257;1.22187;0.7;0.7
1.46038;1.25297;1.92423;-0.0452824;-2.59449;0.7;0.7
1.46107;1.31401;1.96503;-0.0233496;-1.33784;0.7;0.7
1.48251;1.31278;1.98021;0.00770516;0.441473;0.7;0.7
1.46408;1.14869;1.86091;0.0594833;3.40814;0.7;0.7
1.54158;1.28555;2.00727;-0.0298148;-1.70826;0.7;0.7
1.36297;1.47807;2.01057;-0.130806;-7.49463;0.7;0.7
1.40271;1.46509;2.02832;0.0187419;1.07383;0.7;0.7
1.38115;1.51855;2.0527;-0.0255977;-1.46664;0.7;0.7
1.43655;1.48887;2.06892;0.0294641;1.68817;0.7;0.7
1.35433;1.63653;2.12425;-0.0761924;-4.3655;0.7;0.7
1.27972;1.58371;2.03613;-0.0116925;-0.669931;0.7;0.7
1.17895;1.61054;1.99593;-0.0477359;-2.73506;0.7;0.7
1.18621;1.59432;1.98719;0.00777126;0.44526;0.7;0.7
1.37914;1.48247;2.02478;0.10964;6.2819;0.7;0.7
1.46914;1.48239;2.08707;0.0316037;1.81076;0.7;0.7
1.54275;1.24596;1.98305;0.110514;6.33196;0.7;0.7
1.80984;0.970603;2.05368;0.187116;10.721;0.7;0.7
1.75951;0.881679;1.96805;0.0277352;1.58911;0.7;0.7
1.78905;0.897656;2.00162;-0.000525423;-0.0301045;0.7;0.7
1.80214;0.936112;2.03077;-0.0140346;-0.804126;0.7;0.7
1.822;0.799017;1.9895;0.0658007;3.7701;0.7;0.7
1.88587;0.803778;2.05001;0.0103854;0.595037;0.7;0.7
1.8465;0.816138;2.01882;-0.0132794;-0.760851;0.7;0.7
1.899;0.584747;1.98699;0.117466;6.73028;0.7;0.7
1.85848;0.633773;1.96357;-0.0299406;-1.71547;0.7;0.7
1.85358;0.726723;1.99095;-0.0449957;-2.57806;0.7;0.7
1.95416;0.713066;2.08019;0.0237624;1.36148;0.7;0.7
1.95645;0.614581;2.05071;0.0455136;2.60774;0.7;0.7
1.79575;0.650119;1.90981;-0.0429824;-2.46271;0.7;0.7
1.88379;0.701347;2.01011;-0.00905519;-0.518824;0.7;0.7
1.85821;0.734267;1.99802;-0.0199091;-1.14071;0.7;0.7
1.88897;0.837124;2.06615;-0.0408386;-2.33988;0.7;0.7
1.79744;0.908092;2.0138;-0.0506557;-2.90236;0.7;0.7
1.65543;0.906213;1.88724;-0.0330478;-1.8935;0.7;0.7
1.76886;0.880067;1.9757;0.0391861;2.2452;0.7;0.7
1.76877;0.918185;1.99289;-0.0171458;-0.982381;0.7;0.7
1.81882;0.801142;1.98745;0.0639156;3.6621;0.7;0.7
1.82927;0.95378;2.06299;-0.0657181;-3.76537;0.7;0.7
1.6873;0.905185;1.91477;-0.0117742;-0.674613;0.7;0.7
1.86191;0.847492;2.04572;0.065248;3.73843;0.7;0.7
1.73469;0.899648;1.9541;-0.051287;-2.93853;0.7;0.7
1.80944;0.77498;1.96842;0.0737737;4.22692;0.7;0.7
1.85298;0.880059;2.05135;-0.0387413;-2.21971;0.7;0.7
1.79457;0.913585;2.01373;-0.0274866;-1.57486;0.7;0.7
1.8887;0.902618;2.0933;0.0250724;1.43654;0.7;0.7
1.80149;0.862371;1.99726;-0.000644681;-0.0369375;0.7;0.7
1.9322;0.703232;2.05619;0.0974089;5.58112;0.7;0.7
1.84312;0.480053;1.90461;0.0942558;5.40046;0.7;0.7
1.76216;0.457702;1.82063;0.000672252;0.0385172;0.7;0.7
1.83984;0.546362;1.91925;-0.0345437;-1.97921;0.7;0.7
1.84932;0.543376;1.9275;0.00288546;0.165325;0.7;0.7
1.96288;0.477449;2.02011;0.0471771;2.70305;0.7;0.7
1.86156;0.627683;1.96453;-0.0866046;-4.96208;0.7;0.7
1.99066;0.673172;2.1014;-0.000883185;-0.0506027;0.7;0.7
1.89471;0.641028;2.00021;-0.000144223;-0.00826335;0.7;0.7
1.95133;0.80373;2.11037;-0.0644763;-3.69422;0.7;0.7
1.87143;0.746099;2.01468;0.011347;0.650134;0.7;0.7
1.79468;0.750606;1.94533;-0.0167633;-0.960465;0.7;0.7
1.87742;0.736516;2.01672;0.0222769;1.27637;0.7;0.7
1.82365;0.672271;1.94362;0.0206697;1.18429;0.7;0.7
1.52534;0.519632;1.61142;0.0248481;1.42369;0.7;0.7
1.86142;0.769078;2.01404;-0.0634705;-3.63659;0.7;0.7
1.8715;0.725223;2.0071;0.0221129;1.26698;0.7;0.7
1.82479;0.77214;1.98143;-0.0306004;-1.75327;0.7;0.7
1.93057;0.986438;2.16799;-0.0720809;-4.12993;0.7;0.7
1.6704;0.940115;1.91679;-0.0402486;-2.30608;0.7;0.7
1.68232;1.07478;1.99633;-0.0558874;-3.20211;0.7;0.7
1.65238;1.19833;2.04116;-0.0589385;-3.37693;0.7;0.7
1.52931;1.14178;1.90852;-0.0138697;-0.794678;0.7;0.7
1.78509;1.03525;2.06356;0.115778;6.63361;0.7;0.7
1.75387;1.01387;2.02583;0.00139735;0.0800624;0.7;0.7
1.70107;0.894906;1.9221;0.0398453;2.28297;0.7;0.7
1.9061;1.24475;2.27653;-0.0942095;-5.39781;0.7;0.7
1.62691;1.0864;1.9563;-0.0102571;-0.587687;0.7;0.7
1.48236;1.01485;1.79647;-0.0115644;-0.662592;0.7;0.7
1.74511;1.18845;2.11136;0.00245386;0.140596;0.7;0.7
1.64683;0.976892;1.91478;0.0624743;3.57951;0.7;0.7
1.70121;1.10302;2.0275;-0.0398316;-2.28218;0.7;0.7
1.75664;1.09776;2.07144;0.0166873;0.956114;0.7;0.7
1.70718;1.07564;2.01778;-0.00369224;-0.21155;0.7;0.7
1.72357;1.14791;2.07085;-0.0253093;-1.45011;0.7;0.7
1.65715;1.22168;2.0588;-0.0477257;-2.73448;0.7;0.7
1.70796;1.14499;2.05624;0.0446971;2.56096;0.7;0.7
1.63414;1.08351;1.96072;0.00508515;0.291358;0.7;0.7
1.61;1.21014;2.01408;-0.0590611;-3.38395;0.7;0.7
1.60569;1.19903;2.00398;0.00314134;0.179986;0.7;0.7
1.56521;1.13063;1.93086;0.0158379;0.907443;0.7;0.7
1.81618;0.977202;2.06239;0.131946;7.55996;0.7;0.7
1.76481;0.947267;2.00296;0.00100812;0.0577608;0.7;0.7
1.83797;1.05193;2.11771;-0.0272113;-1.5591;0.7;0.7
1.73272;0.990249;1.99573;0.00062922;0.0360516;0.7;0.7
1.64813;0.948659;1.90165;-0.00308465;-0.176737;0.7;0.7
1.73926;1.01137;2.01194;-0.00441743;-0.2531;0.7;0.7
1.71111;0.942464;1.95349;0.0232495;1.3321;0.7;0.7
1.74593;1.01059;2.01732;-0.0212533;-1.21773;0.7;0.7
1.74244;1.01498;2.0165;-0.00275244;-0.157703;0.7;0.7
1.74624;1.01407;2.01933;0.00133446;0.0764589;0.7;0.7
1.69955;0.976786;1.96025;0.0044903;0.257275;0.7;0.7
1.74625;1.05004;2.03764;-0.0197489;-1.13153;0.7;0.7
1.71749;1.04846;2.01222;-0.0066925;-0.383452;0.7;0.7
1.6716;1.03476;1.96595;-0.00621673;-0.356192;0.7;0.7
1.70971;1.05678;2.00995;0.000666219;0.0381715;0.7;0.7
1.72843;0.874897;1.93725;0.0850454;4.87274;0.7;0.7
1.69352;0.694956;1.83057;0.0791717;4.53621;0.7;0.7
1.84889;0.770181;2.00289;-0.00529686;-0.303488;0.7;0.7
1.78032;0.733598;1.92554;0.00384552;0.220332;0.7;0.7
1.80962;0.786047;1.97296;-0.0189237;-1.08425;0.7;0.7
1.90666;0.83156;2.08011;-0.00148167;-0.0848933;0.7;0.7
1.84917;0.784965;2.00888;0.00982118;0.562712;0.7;0.7
1.83322;0.796601;1.99882;-0.0084773;-0.485713;0.7;0.7
1.72951;0.793953;1.90305;-0.0204433;-1.17132;0.7;0.7
1.7994;0.706844;1.93325;0.0560604;3.21202;0.7;0.7
2.01511;0.758209;2.15304;0.0144271;0.826614;0.7;0.7
1.69158;0.575305;1.78673;0.0320481;1.83622;0.7;0.7
1.92511;0.650116;2.03192;0.00214881;0.123118;0.7;0.7
1.94337;0.500702;2.00684;0.0735175;4.21224;0.7;0.7
1.97565;0.490043;2.03552;0.00902718;0.517219;0.7;0.7
1.96284;0.366515;1.99676;0.0585332;3.3537;0.7;0.7
1.94397;0.393056;1.98331;-0.0149016;-0.853801;0.7;0.7
1.96507;0.324977;1.99176;0.0356096;2.04028;0.7;0.7
1.93832;0.276865;1.95799;0.0220151;1.26137;0.7;0.7
2.01093;0.232906;2.02438;0.0265717;1.52245;0.7;0.7
1.96236;0.257578;1.97919;-0.015207;-0.871296;0.7;0.7
1.93235;0.302714;1.95592;-0.0248792;-1.42547;0.7;0.7
2.01862;0.350285;2.04878;-0.0164236;-0.941004;0.7;0.7
1.99661;0.39425;2.03517;-0.0231352;-1.32555;0.7;0.7
1.91165;0.338163;1.94133;0.0198668;1.13829;0.7;0.7
1.97107;0.352162;2.00228;-0.00171575;-0.0983051;0.7;0.7
1.94164;0.250895;1.95778;0.0482939;2.76704;0.7;0.7
2.19568;0.280728;2.21355;0.00134172;0.0768749;0.7;0.7
2.05559;0.390721;2.09239;-0.0606719;-3.47624;0.7;0.7
1.97136;0.174136;1.97904;0.0997325;5.71425;0.7;0.7
2.00201;0.189605;2.01097;-0.00632151;-0.362196;0.7;0.7
1.94737;0.260637;1.96474;-0.0386244;-2.21301;0.7;0.7
1.95017;0.255326;1.96682;0.00286557;0.164185;0.7;0.7
2.22533;0.21023;2.23523;0.0359924;2.06221;0.7;0.7
1.90205;0.0154866;1.90211;0.0860501;4.93031;0.7;0.7
1.95053;-0.0411717;1.95096;0.0292467;1.67571;0.7;0.7
1.96172;-0.138691;1.96661;0.0494765;2.8348;0.7;0.7
1.77569;0.007205;1.77571;-0.0746389;-4.2765;0.7;0.7
1.94675;0.0679277;1.94794;-0.0308211;-1.76592;0.7;0.7
1.88479;0.211461;1.89662;-0.0768471;-4.40301;0.7;0.7
1.98717;0.222849;1.99962;4.85257e-05;0.00278032;0.7;0.7
1.97728;0.212943;1.98872;0.00439566;0.251853;0.7;0.7
1.88731;0.122118;1.89125;0.0426665;2.44461;0.7;0.7
1.99048;0.138161;1.99527;-0.0046847;-0.268413;0.7;0.7
1.9587;0.0902478;1.96077;0.0232568;1.33252;0.7;0.7
2.05211;0.153406;2.05783;-0.0285736;-1.63715;0.7;0.7
2.13275;0.0391266;2.13311;0.0562729;3.2242;0.7;0.7
2.03844;0.0543835;2.03917;-0.00832904;-0.477219;0.7;0.7
2.1938;0.13834;2.19815;-0.0363035;-2.08004;0.7;0.7
1.93518;0.0359354;1.93551;0.0444087;2.54443;0.7;0.7
2.04878;0.0650571;2.04981;-0.013176;-0.754932;0.7;0.7
1.95531;0.0135365;1.95535;0.0248207;1.42212;0.7;0.7
2.0123;0.00507766;2.01231;0.00439952;0.252074;0.7;0.7
1.91255;0.0505859;1.91322;-0.02392;-1.37052;0.7;0.7
1.92978;-0.1113;1.93298;0.0840548;4.81598;0.7;0.7
1.86943;-0.11296;1.87284;0.00273996;0.156988;0.7;0.7
1.99435;-0.124785;1.99825;0.00213609;0.122389;0.7;0.7
2.0542;-0.13279;2.05848;0.00206594;0.11837;0.7;0.7
1.99393;-0.128558;1.99807;-0.000167668;-0.00960668;0.7;0.7
1.88075;-0.137715;1.88578;0.00870743;0.498899;0.7;0.7
2.11686;-0.101742;2.1193;-0.0250674;-1.43625;0.7;0.7
2.09265;-0.0741313;2.09396;-0.012616;-0.722843;0.7;0.7
2.02352;-0.046182;2.02404;-0.0125911;-0.721418;0.7;0.7
1.70138;-0.122999;1.70582;0.0493494;2.82751;0.7;0.7
1.92077;-0.116545;1.9243;-0.0115662;-0.662696;0.7;0.7
1.99988;-0.177751;2.00777;0.028046;1.60692;0.7;0.7
2.07728;-0.190328;2.08598;0.00272102;0.155903;0.7;0.7
2.09624;-0.121194;2.09974;-0.033618;-1.92617;0.7;0.7
1.87438;-0.0625381;1.87543;-0.0243986;-1.39794;0.7;0.7
1.78407;-0.139576;1.78952;0.0447234;2.56246;0.7;0.7
1.96508;-0.160998;1.97166;0.00367142;0.210357;0.7;0.7
1.7378;0.121103;1.74202;-0.151322;-8.67011;0.7;0.7
2.01927;0.098476;2.02167;0.0208454;1.19435;0.7;0.7
2.11502;0.00337956;2.11503;0.0471316;2.70044;0.7;0.7
2.1388;-0.0198052;2.13889;0.0108576;0.622093;0.7;0.7
2.1421;0.205646;2.15195;-0.104968;-6.01424;0.7;0.7
2.02777;0.202316;2.03784;-0.00373512;-0.214007;0.7;0.7
1.99028;0.168618;1.99741;0.0149247;0.855124;0.7;0.7
1.95713;0.0828161;1.95888;0.0422291;2.41955;0.7;0.7
2.03418;0.106068;2.03695;-0.00980555;-0.561817;0.7;0.7
2.12913;0.125064;2.1328;-0.00657689;-0.376828;0.7;0.7
2.05639;0.306436;2.0791;-0.0892555;-5.11396;0.7;0.7
2.24692;0.295647;2.26629;0.0171007;0.979797;0.7;0.7
1.89496;0.259126;1.9126;-0.00507486;-0.290768;0.7;0.7
1.85839;0.199483;1.86907;0.0289698;1.65985;0.7;0.7
2.00242;0.183672;2.01082;0.0154627;0.885946;0.7;0.7
2.12034;-0.0622936;2.12126;0.12084;6.92362;0.7;0.7
1.90333;-0.00725904;1.90334;-0.0255567;-1.46429;0.7;0.7
2.01522;0.00228562;2.01522;-0.00494803;-0.283501;0.7;0.7
1.94049;-0.0609259;1.94145;0.032521;1.86331;0.7;0.7
2.12046;-0.135165;2.12477;0.0322703;1.84895;0.7;0.7
2.2161;-0.200968;2.22519;0.0267813;1.53445;0.7;0.7
1.87789;-0.251317;1.89463;0.0426008;2.44085;0.7;0.7
1.85986;-0.212366;1.87195;-0.0193478;-1.10855;0.7;0.7
2.10236;-0.300697;2.12376;0.0283729;1.62565;0.7;0.7
1.86595;-0.32515;1.89407;0.0304577;1.7451;0.7;0.7
2.14344;-0.350924;2.17198;-0.0102421;-0.586829;0.7;0.7
1.94987;-0.321348;1.97617;0.00105667;0.0605425;0.7;0.7
1.90874;-0.200857;1.91928;-0.0584921;-3.35135;0.7;0.7
2.00307;-0.190183;2.01208;-0.0101825;-0.583411;0.7;0.7
2.00177;-0.126421;2.00576;-0.0315912;-1.81004;0.7;0.7
2.07902;-0.121097;2.08254;-0.00488944;-0.280145;0.7;0.7
2.02153;0.257434;2.03786;-0.184845;-10.5909;0.7;0.7
1.97523;0.237952;1.98951;0.00677369;0.388104;0.7;0.7
2.06513;0.144901;2.07021;0.0498395;2.8556;0.7;0.7
1.98491;0.219551;1.99701;-0.0401118;-2.29824;0.7;0.7
2.03669;0.302782;2.05907;-0.0374205;-2.14404;0.7;0.7
2.03159;0.330555;2.0583;-0.0137112;-0.785591;0.7;0.7
1.93817;0.291907;1.96003;0.0118085;0.676575;0.7;0.7
1.94349;0.308354;1.9678;-0.00786285;-0.450508;0.7;0.7
1.97074;0.256485;1.98736;0.0279291;1.60022;0.7;0.7
1.78271;0.413772;1.8301;-0.0986451;-5.65195;0.7;0.7
1.91726;0.540273;1.99193;-0.0466073;-2.6704;0.7;0.7
1.90057;0.590991;1.99033;-0.0268053;-1.53583;0.7;0.7
2.04366;0.969609;2.26201;-0.141519;-8.10846;0.7;0.7
1.78946;0.812399;1.96524;0.0168292;0.964243;0.7;0.7
1.9114;0.978673;2.14738;-0.0470494;-2.69573;0.7;0.7
1.72052;1.05106;2.01616;-0.075175;-4.30721;0.7;0.7
1.83351;0.862769;2.02636;0.108575;6.22088;0.7;0.7
1.59823;0.877279;1.82317;-0.0621875;-3.56308;0.7;0.7
1.912;0.703254;2.03723;0.149552;8.56869;0.7;0.7
1.86451;0.729416;2.00211;-0.0204548;-1.17197;0.7;0.7
1.89645;0.739889;2.03567;0.000925442;0.0530239;0.7;0.7
1.77729;0.549113;1.86019;0.072325;4.14392;0.7;0.7
1.97303;0.736191;2.10591;-0.0574704;-3.29281;0.7;0.7
2.05735;0.694147;2.1713;0.0317228;1.81758;0.7;0.7
1.95837;0.568565;2.03924;0.0428471;2.45496;0.7;0.7
1.98588;0.587458;2.07095;-0.00505717;-0.289755;0.7;0.7
1.89714;0.567373;1.98017;-0.00298649;-0.171114;0.7;0.7
1.96149;0.469718;2.01695;0.0555579;3.18323;0.7;0.7
1.93764;0.410127;1.98057;0.0264585;1.51596;0.7;0.7
1.93179;0.389481;1.97066;0.0096349;0.552039;0.7;0.7
1.70599;0.338338;1.73922;0.00316643;0.181423;0.7;0.7
2.19906;0.25378;2.21366;0.0808878;4.63453;0.7;0.7
2.00287;0.41784;2.04599;-0.0907758;-5.20107;0.7;0.7
1.93749;0.343754;1.96774;0.0300757;1.72321;0.7;0.7
1.92065;0.276176;1.9404;0.0327816;1.87825;0.7;0.7
2.04911;0.159151;2.05528;0.0653012;3.74149;0.7;0.7
1.82898;0.353248;1.86278;-0.113278;-6.49034;0.7;0.7
1.9595;0.421896;2.0044;-0.0212803;-1.21927;0.7;0.7
1.78342;0.486745;1.84865;-0.0543678;-3.11505;0.7;0.7
1.91859;0.506851;1.98441;0.00816004;0.467536;0.7;0.7
1.91169;0.507768;1.97797;-0.00133962;-0.0767545;0.7;0.7
1.89466;0.483848;1.95547;0.00958801;0.549353;0.7;0.7
1.96494;0.48948;2.02499;0.00589214;0.337595;0.7;0.7
1.90217;0.483805;1.96274;-0.00492432;-0.282143;0.7;0.7
1.8409;0.384907;1.88071;0.0429455;2.4606;0.7;0.7
2.23681;0.583849;2.31176;-0.049205;-2.81924;0.7;0.7
1.86827;0.474448;1.92757;0.0066278;0.379745;0.7;0.7
1.84405;0.452408;1.89873;0.00811116;0.464735;0.7;0.7
1.94123;0.538136;2.01444;-0.0298409;-1.70976;0.7;0.7
2.0108;0.810538;2.16801;-0.112746;-6.45989;0.7;0.7
1.75874;0.653549;1.87625;0.0273835;1.56896;0.7;0.7
1.82163;0.680762;1.94467;-0.00185363;-0.106205;0.7;0.7
1.93259;0.591614;2.02112;0.0605737;3.47062;0.7;0.7
1.91226;0.585464;1.99988;-3.46983e-05;-0.00198807;0.7;0.7
1.3932;0.847588;1.63077;-0.249454;-14.2927;0.7;0.7
1.77833;0.976924;2.029;0.0442108;2.53309;0.7;0.7
1.74478;0.990178;2.00617;-0.0138423;-0.793108;0.7;0.7
1.76137;0.977914;2.01463;0.00935958;0.536264;0.7;0.7
1.80507;0.741043;1.95126;0.117273;6.71922;0.7;0.7
1.84655;0.76151;1.99741;-0.00159264;-0.0912517;0.7;0.7
1.87544;0.836696;2.05362;-0.0284862;-1.63214;0.7;0.7
1.83683;0.897572;2.0444;-0.0348949;-1.99933;0.7;0.7
1.97712;0.755613;2.11659;0.0894795;5.1268;0.7;0.7
1.93593;0.649069;2.04184;0.0415518;2.38074;0.7;0.7
1.85356;0.782991;2.01215;-0.0761913;-4.36544;0.7;0.7
1.83845;0.771773;1.99388;0.00223479;0.128044;0.7;0.7
2.02114;0.774387;2.16441;0.0315622;1.80838;0.7;0.7
1.86584;0.65892;1.97877;0.0264135;1.51338;0.7;0.7
1.84181;0.823114;2.01737;-0.0808001;-4.6295;0.7;0.7
1.84165;0.834143;2.02175;-0.00501165;-0.287146;0.7;0.7
2.01972;0.770798;2.1618;0.0607131;3.4786;0.7;0.7
2.01386;0.858178;2.18909;-0.0382561;-2.19192;0.7;0.7
1.89872;0.736457;2.03654;0.0328267;1.88083;0.7;0.7
1.83079;0.506496;1.89956;0.100102;5.73541;0.7;0.7
1.77913;0.31879;1.80747;0.0926027;5.30574;0.7;0.7
1.97451;0.27833;1.99403;0.0372622;2.13497;0.7;0.7
1.98369;0.254713;1.99998;0.0123344;0.706707;0.7;0.7
1.99806;0.284795;2.01826;-0.0138769;-0.79509;0.7;0.7
2.27413;0.348616;2.3007;-0.0105301;-0.603333;0.7;0.7
2.01738;0.196991;2.02698;0.0547738;3.13831;0.7;0.7
1.7758;-0.0584258;1.77676;0.130227;7.46148;0.7;0.7
2.14258;-0.240098;2.15599;0.0787054;4.50949;0.7;0.7
2.05723;-0.0714;2.05847;-0.0769018;-4.40615;0.7;0.7
2.17691;-0.109953;2.17968;0.0157731;0.903734;0.7;0.7
2.17557;0.0128196;2.17561;-0.0563585;-3.22911;0.7;0.7
2.11284;0.0169661;2.11291;-0.00213741;-0.122465;0.7;0.7
