#1 AntVel X	#2 AntVel Y	#3 Speed	#4 Turning Angle Rad		#5 Turning Angle Deg	#6 Detected Phero Left	#7 Detected Phero Right	
-0.725336;-1.76712;1.91019;-0.0665191;-3.81126;0.7;0.7
-0.775493;-1.85233;2.00811;0.00699416;0.400736;0.7;0.7
-0.749085;-1.8572;2.00258;-0.0131039;-0.750796;0.7;0.7
-0.796067;-1.62128;1.80617;0.0730496;4.18543;0.7;0.7
-0.896432;-1.7324;1.95059;0.021078;1.20768;0.7;0.7
-0.613438;-1.70979;1.8165;-0.133035;-7.62235;0.7;0.7
-0.710368;-1.83516;1.96785;0.02485;1.4238;0.7;0.7
-0.8591;-1.97285;2.15179;0.041372;2.37044;0.7;0.7
-0.715644;-1.7103;1.85399;-0.0144032;-0.825243;0.7;0.7
-0.929153;-1.87611;2.09359;0.0635513;3.64122;0.7;0.7
-0.706803;-1.55739;1.71028;-0.0338048;-1.93687;0.7;0.7
-0.66126;-1.98978;2.09678;-0.105194;-6.02719;0.7;0.7
-0.99552;-1.89181;2.13776;0.163561;9.37138;0.7;0.7
-0.945573;-1.80841;2.0407;-0.00262673;-0.150501;0.7;0.7
-0.875215;-1.66224;1.87857;0.00286344;0.164063;0.7;0.7
-0.78887;-1.71881;1.8912;-0.0543629;-3.11476;0.7;0.7
-0.864877;-1.83306;2.02685;0.0105716;0.60571;0.7;0.7
-0.84597;-1.89048;2.07113;-0.0200895;-1.15105;0.7;0.7
-0.835726;-1.82522;2.00745;0.00862189;0.493998;0.7;0.7
-1.08664;-1.91724;2.20377;0.0862451;4.94148;0.7;0.7
-1.02318;-1.7102;1.99291;0.0235228;1.34776;0.7;0.7
-1.05855;-1.81427;2.1005;-0.010987;-0.629508;0.7;0.7
-1.00906;-1.77157;2.03879;-0.0104089;-0.596387;0.7;0.7
-0.866804;-1.85291;2.04563;-0.0801936;-4.59476;0.7;0.7
-0.828876;-1.78791;1.9707;-0.00345699;-0.198071;0.7;0.7
-0.69989;-1.60928;1.75489;-0.0238744;-1.3679;0.7;0.7
-0.885083;-1.54792;1.7831;0.109185;6.25585;0.7;0.7
-0.981988;-1.76153;2.01675;-0.0108629;-0.622399;0.7;0.7
-1.04469;-1.68616;1.98356;0.0461302;2.64306;0.7;0.7
-1.05975;-1.66115;1.9704;0.0131809;0.755209;0.7;0.7
-1.08319;-1.83417;2.13014;-0.0344145;-1.97181;0.7;0.7
-1.02047;-1.71299;1.99391;0.00382013;0.218877;0.7;0.7
-1.08429;-1.82575;2.12345;-0.00135665;-0.0777302;0.7;0.7
-0.981514;-1.73853;1.99646;-0.0219563;-1.25801;0.7;0.7
-1.10345;-1.69555;2.02299;0.0629726;3.60807;0.7;0.7
-1.16297;-1.54639;1.93489;0.0678861;3.88959;0.7;0.7
-0.811884;-1.33763;1.56474;-0.0992978;-5.68935;0.7;0.7
-0.758371;-1.47089;1.65489;-0.0694811;-3.98097;0.7;0.7
-0.969108;-1.71943;1.97373;0.037204;2.13163;0.7;0.7
-1.09006;-1.78172;2.08872;0.0358106;2.0518;0.7;0.7
-1.02942;-1.78802;2.06318;-0.0266703;-1.52809;0.7;0.7
-1.04979;-1.73317;2.02631;0.0222236;1.27332;0.7;0.7
-1.00166;-1.74857;2.01514;-0.0243935;-1.39764;0.7;0.7
-0.971229;-1.73874;1.99161;-0.0108055;-0.619112;0.7;0.7
-0.820063;-1.65678;1.84863;-0.0497877;-2.85263;0.7;0.7
-0.864427;-1.73363;1.93719;0.00292645;0.167673;0.7;0.7
-1.05355;-1.82204;2.10471;0.0617103;3.53574;0.7;0.7
-0.930259;-1.83425;2.05666;-0.0548962;-3.14532;0.7;0.7
-0.922635;-1.77963;2.00458;0.00893176;0.511752;0.7;0.7
-0.725935;-1.83544;1.97379;-0.101662;-5.82482;0.7;0.7
-0.846367;-2.06249;2.22939;0.0127779;0.73212;0.7;0.7
-0.706681;-1.87086;1.99988;-0.0282452;-1.61833;0.7;0.7
-0.705109;-1.88747;2.01488;-0.00364331;-0.208746;0.7;0.7
-0.69832;-1.86333;1.98988;0.00105096;0.0602157;0.7;0.7
-0.730873;-1.87131;2.00897;0.013779;0.789481;0.7;0.7
-0.689238;-1.79475;1.92255;-0.00568552;-0.325756;0.7;0.7
-0.716977;-1.73303;1.87548;0.0256088;1.46727;0.7;0.7
-0.649623;-1.69863;1.81861;-0.026995;-1.5467;0.7;0.7
-0.709956;-1.83173;1.9645;0.00448468;0.256953;0.7;0.7
-0.70929;-1.90784;2.03542;-0.0138203;-0.791847;0.7;0.7
-0.522363;-1.93101;2.00041;-0.0917514;-5.25697;0.7;0.7
-0.445385;-1.98733;2.03663;-0.0437209;-2.50502;0.7;0.7
-0.464523;-1.85845;1.91562;0.0244648;1.40173;0.7;0.7
-0.491668;-2.00375;2.06319;-0.00431403;-0.247176;0.7;0.7
-0.635577;-1.96224;2.06261;0.0726198;4.16081;0.7;0.7
-0.535161;-1.83364;1.91014;-0.0292698;-1.67703;0.7;0.7
-0.30249;-1.90187;1.92578;-0.126242;-7.23314;0.7;0.7
-0.491122;-1.91993;1.98175;0.0927037;5.31153;0.7;0.7
-0.41774;-1.98999;2.03336;-0.0435149;-2.49322;0.7;0.7
-0.32497;-1.9064;1.9339;-0.0380772;-2.18166;0.7;0.7
-0.389508;-1.8773;1.91728;0.0357408;2.0478;0.7;0.7
-0.357234;-1.97142;2.00353;-0.0253191;-1.45068;0.7;0.7
-0.365806;-1.91684;1.95143;0.00930974;0.533409;0.7;0.7
-0.230421;-1.84187;1.85623;-0.0641159;-3.67357;0.7;0.7
-0.237609;-1.99063;2.00476;-0.00565319;-0.323904;0.7;0.7
-0.175807;-2.16844;2.17556;-0.0379035;-2.17171;0.7;0.7
-0.264781;-2.14604;2.16231;0.0418624;2.39854;0.7;0.7
-0.240706;-1.82284;1.83867;0.00852932;0.488694;0.7;0.7
-0.187731;-1.98867;1.99751;-0.0371683;-2.12959;0.7;0.7
-0.119246;-2.03709;2.04058;-0.0356509;-2.04264;0.7;0.7
-0.362903;-2.18121;2.21119;0.106396;6.09604;0.7;0.7
-0.335834;-1.88018;1.90993;0.0118876;0.68111;0.7;0.7
-0.429883;-2.18009;2.22207;0.0179342;1.02755;0.7;0.7
-0.400025;-1.97118;2.01136;0.00552982;0.316836;0.7;0.7
-0.395756;-1.96523;2.00468;-0.00149755;-0.0858034;0.7;0.7
-0.552631;-1.98953;2.06485;0.0722193;4.13786;0.7;0.7
-0.406639;-1.94846;1.99044;-0.0651961;-3.73546;0.7;0.7
-0.245834;-2.05837;2.073;-0.0868755;-4.9776;0.7;0.7
-0.206282;-1.91866;1.92972;-0.0117664;-0.674165;0.7;0.7
-0.153292;-1.95949;1.96548;-0.0290301;-1.6633;0.7;0.7
-0.184611;-1.99685;2.00537;0.0141172;0.808854;0.7;0.7
-0.134884;-2.0669;2.0713;-0.0270225;-1.54828;0.7;0.7
-0.141541;-1.9466;1.95174;0.00741787;0.425013;0.7;0.7
-0.314833;-2.06108;2.08499;0.0789952;4.52609;0.7;0.7
-0.173428;-1.87537;1.88337;-0.0593654;-3.40139;0.7;0.7
0.0252894;-1.97064;1.9708;-0.105047;-6.01872;0.7;0.7
0.0534653;-2.01935;2.02006;-0.013638;-0.781397;0.7;0.7
0.192869;-1.9671;1.97653;-0.0712645;-4.08315;0.7;0.7
0.194377;-1.97941;1.98893;-0.000150965;-0.00864967;0.7;0.7
0.259964;-2.11366;2.12959;-0.0244922;-1.4033;0.7;0.7
0.0747048;-1.88969;1.89117;0.0828657;4.74785;0.7;0.7
0.0998046;-1.93402;1.93659;-0.0120468;-0.690228;0.7;0.7
0.0929476;-1.9919;1.99407;0.00493003;0.28247;0.7;0.7
0.100098;-2.02813;2.0306;-0.00268581;-0.153886;0.7;0.7
0.00709353;-1.98616;1.98618;0.0457434;2.6209;0.7;0.7
0.0633565;-2.19003;2.19094;-0.02535;-1.45245;0.7;0.7
0.0299371;-2.01854;2.01877;0.0140915;0.807386;0.7;0.7
-0.0441495;-1.74909;1.74965;0.040066;2.29561;0.7;0.7
-0.0303125;-1.80518;1.80544;-0.00844573;-0.483905;0.7;0.7
-0.00348785;-1.9907;1.99071;-0.0150383;-0.86163;0.7;0.7
-0.162817;-2.28077;2.28657;0.0695139;3.98285;0.7;0.7
-0.212137;-2.03298;2.04402;0.0327055;1.87389;0.7;0.7
-0.219007;-2.1022;2.11358;-0.000166258;-0.0095259;0.7;0.7
-0.225628;-2.04863;2.06102;0.00588871;0.337398;0.7;0.7
-0.116906;-1.79554;1.79934;-0.0446767;-2.55978;0.7;0.7
-0.144789;-1.97782;1.98311;0.00805865;0.461727;0.7;0.7
-0.0754875;-2.11448;2.11582;-0.0373907;-2.14233;0.7;0.7
-0.0936165;-2.14122;2.14327;0.00800808;0.458829;0.7;0.7
-0.114418;-1.94875;1.9521;0.014953;0.856743;0.7;0.7
-0.287296;-2.18602;2.20482;0.0720291;4.12696;0.7;0.7
-0.25769;-1.9852;2.00186;-0.00159186;-0.0912066;0.7;0.7
-0.526085;-1.91922;1.99001;0.138459;7.93313;0.7;0.7
-0.597523;-2.00562;2.09274;0.0220087;1.261;0.7;0.7
-0.541121;-1.8751;1.95162;-0.00860286;-0.492908;0.7;0.7
-0.67189;-1.94992;2.06243;0.0508832;2.91539;0.7;0.7
-0.569242;-1.8754;1.95988;-0.0371378;-2.12784;0.7;0.7
-0.497024;-1.97355;2.03518;-0.0479822;-2.74918;0.7;0.7
-0.489392;-1.84691;1.91065;0.0123147;0.70558;0.7;0.7
-0.472701;-1.91473;1.97222;-0.0169901;-0.97346;0.7;0.7
-0.319919;-1.83125;1.85898;-0.0690817;-3.95809;0.7;0.7
-0.314687;-1.9749;1.99981;-0.0149396;-0.855974;0.7;0.7
-0.300102;-1.9294;1.9526;-0.00371026;-0.212582;0.7;0.7
-0.370644;-1.94914;1.98407;0.0336095;1.92568;0.7;0.7
-0.372409;-1.95174;1.98695;0.000628408;0.0360051;0.7;0.7
-0.373913;-1.96577;2.00102;-0.000576338;-0.0330217;0.7;0.7
-0.331719;-1.97574;2.00339;-0.0216216;-1.23882;0.7;0.7
-0.322651;-2.09251;2.11724;-0.0133564;-0.765263;0.7;0.7
-0.335991;-1.97685;2.0052;0.015365;0.880353;0.7;0.7
-0.390037;-2.08408;2.12027;0.016657;0.954378;0.7;0.7
-0.136118;-1.99872;2.00335;-0.117013;-6.70436;0.7;0.7
-0.0584587;-1.84781;1.84874;-0.0363711;-2.08391;0.7;0.7
0.0723125;-1.91143;1.91279;-0.0694398;-3.97861;0.7;0.7
0.212738;-2.26776;2.27771;-0.0557227;-3.19268;0.7;0.7
0.173654;-1.98401;1.9916;0.00623211;0.357074;0.7;0.7
0.314441;-1.96735;1.99232;-0.0711844;-4.07857;0.7;0.7
0.206396;-2.09188;2.10204;0.060142;3.44588;0.7;0.7
0.111633;-1.93753;1.94074;0.040794;2.33732;0.7;0.7
0.13376;-2.03116;2.03556;-0.00820588;-0.470162;0.7;0.7
0.0433195;-1.87903;1.87953;0.0427086;2.44702;0.7;0.7
-0.139591;-2.02046;2.02528;0.0920292;5.27288;0.7;0.7
-0.12716;-1.98635;1.99041;-0.00504963;-0.289323;0.7;0.7
-0.0517512;-2.05333;2.05398;-0.0387313;-2.21914;0.7;0.7
0.106556;-1.95653;1.95943;-0.0796065;-4.56112;0.7;0.7
-0.00159348;-2.08077;2.08077;0.0551741;3.16124;0.7;0.7
0.0814514;-1.91426;1.91599;-0.0432901;-2.48034;0.7;0.7
0.171055;-1.82178;1.82979;-0.0510956;-2.92756;0.7;0.7
0.0580493;-2.11854;2.11933;0.0662261;3.79448;0.7;0.7
-0.05076;-2.05893;2.05956;0.0520423;2.98181;0.7;0.7
-0.0457286;-2.01222;2.01274;-0.00192702;-0.11041;0.7;0.7
-0.206117;-2.12645;2.13642;0.0739065;4.23453;0.7;0.7
-0.160934;-2.12211;2.1282;-0.0209361;-1.19955;0.7;0.7
-0.032752;-2.0474;2.04766;-0.0596965;-3.42036;0.7;0.7
0.0450874;-1.87236;1.8729;-0.0400714;-2.29592;0.7;0.7
0.0525066;-1.9587;1.9594;-0.00272455;-0.156105;0.7;0.7
0.021351;-1.93922;1.93934;0.0157909;0.904751;0.7;0.7
-0.158437;-2.09526;2.10124;0.0864828;4.9551;0.7;0.7
-0.162376;-2.06593;2.0723;0.00296254;0.169741;0.7;0.7
-0.263158;-2.00654;2.02373;0.0519696;2.97764;0.7;0.7
-0.310665;-1.95145;1.97602;0.027467;1.57374;0.7;0.7
-0.167347;-2.00901;2.01597;-0.074766;-4.28377;0.7;0.7
-0.113688;-2.08456;2.08766;-0.0286223;-1.63994;0.7;0.7
-0.12078;-1.97152;1.97522;0.00670191;0.383991;0.7;0.7
-0.181071;-2.045;2.053;0.0271275;1.55429;0.7;0.7
-0.176196;-2.03146;2.03909;-0.00179644;-0.102928;0.7;0.7
-0.192627;-2.11608;2.12483;0.00426303;0.244254;0.7;0.7
-0.36694;-1.9643;1.99828;0.0938958;5.37983;0.7;0.7
-0.364354;-2.05953;2.09151;-0.00957587;-0.548657;0.7;0.7
-0.348429;-1.96936;1.99995;1.29063e-05;0.000739477;0.7;0.7
-0.129475;-1.96141;1.96568;-0.109197;-6.25654;0.7;0.7
-0.00521817;-1.87431;1.87431;-0.0631315;-3.61717;0.7;0.7
0.0362049;-2.16726;2.16756;-0.0194878;-1.11657;0.7;0.7
0.146175;-1.98746;1.99283;-0.0567127;-3.2494;0.7;0.7
0.280303;-1.92487;1.94517;-0.071189;-4.07883;0.7;0.7
0.271853;-1.91732;1.9365;0.00375633;0.215222;0.7;0.7
0.20315;-1.93419;1.94483;0.0362019;2.07422;0.7;0.7
0.20531;-1.926;1.93691;-0.00155109;-0.0888707;0.7;0.7
0.170835;-1.98103;1.98838;0.0201756;1.15597;0.7;0.7
0.158135;-1.99451;2.00077;0.00690317;0.395523;0.7;0.7
0.116306;-2.01526;2.01861;0.0214706;1.23018;0.7;0.7
0.126421;-1.99337;1.99738;-0.00568685;-0.325832;0.7;0.7
0.183352;-1.90928;1.91806;-0.0324025;-1.85653;0.7;0.7
0.170889;-1.96527;1.97268;0.00900194;0.515773;0.7;0.7
0.0800494;-2.08124;2.08278;0.048293;2.76699;0.7;0.7
0.0300525;-1.97023;1.97046;0.0231912;1.32876;0.7;0.7
0.0754375;-1.76739;1.769;-0.027405;-1.57019;0.7;0.7
0.271639;-2.18001;2.19687;-0.081308;-4.65861;0.7;0.7
0.250243;-1.85677;1.87356;-0.010001;-0.573014;0.7;0.7
0.244218;-2.09188;2.10609;0.0177466;1.01681;0.7;0.7
0.213592;-1.94419;1.95589;0.00679651;0.389411;0.7;0.7
0.30731;-2.0709;2.09358;-0.0378962;-2.17129;0.7;0.7
0.298597;-2.04408;2.06577;0.00226583;0.129823;0.7;0.7
0.320551;-1.95221;1.97836;-0.0176927;-1.01372;0.7;0.7
0.324788;-1.97847;2.00495;3.65125e-05;0.00209201;0.7;0.7
0.344423;-2.01312;2.04237;-0.0067385;-0.386088;0.7;0.7
0.295211;-2.00522;2.02684;0.0232771;1.33368;0.7;0.7
0.15741;-2.06269;2.06868;0.0700054;4.01102;0.7;0.7
0.314775;-2.15357;2.17645;-0.068971;-3.95175;0.7;0.7
0.225009;-2.10022;2.11224;0.0384078;2.20061;0.7;0.7
0.170384;-2.25107;2.25751;0.0311827;1.78664;0.7;0.7
0.0431262;-1.97554;1.97601;0.0537195;3.0779;0.7;0.7
0.00873737;-1.89682;1.89684;0.0172203;0.986652;0.7;0.7
-0.0734135;-2.04708;2.04839;0.0404536;2.31782;0.7;0.7
-0.106579;-2.02018;2.02299;0.0168608;0.966052;0.7;0.7
-0.133647;-1.99094;1.99542;0.0143192;0.820432;0.7;0.7
0.00569595;-1.96613;1.96614;-0.0699243;-4.00637;0.7;0.7
0.00160827;-2.00395;2.00395;0.00209448;0.120005;0.7;0.7
-0.0397888;-1.98987;1.99027;0.0207956;1.1915;0.7;0.7
-0.218077;-1.99417;2.00606;0.0889311;5.09538;0.7;0.7
-0.173234;-1.93894;1.94666;-0.0198161;-1.13538;0.7;0.7
-0.141883;-1.83874;1.8442;-0.0120975;-0.693133;0.7;0.7
0.176915;-1.96452;1.97247;-0.166824;-9.55828;0.7;0.7
-0.141629;-1.90013;1.9054;0.164212;9.40864;0.7;0.7
-0.35694;-2.29067;2.31832;0.0801815;4.59406;0.7;0.7
-0.147992;-1.93956;1.9452;-0.0784258;-4.49347;0.7;0.7
-0.170106;-1.93998;1.94742;0.0113062;0.6478;0.7;0.7
-0.161181;-1.99821;2.0047;-0.00697203;-0.399468;0.7;0.7
-0.0655;-1.95082;1.95192;-0.0469256;-2.68864;0.7;0.7
-0.071938;-2.15006;2.15127;-0.000116945;-0.00670047;0.7;0.7
-0.0709417;-2.00856;2.00981;0.00185891;0.106508;0.7;0.7
-0.183187;-1.84141;1.85049;0.0638507;3.65838;0.7;0.7
-0.194002;-2.0016;2.01098;-0.0025345;-0.145216;0.7;0.7
-0.141174;-2.02234;2.02726;-0.0269271;-1.54281;0.7;0.7
-0.114518;-2.01931;2.02255;-0.013043;-0.747311;0.7;0.7
-0.155852;-2.15838;2.164;0.0154317;0.884172;0.7;0.7
-0.228758;-2.035;2.04782;0.0398589;2.28375;0.7;0.7
-0.125174;-1.97196;1.97593;-0.0485499;-2.7817;0.7;0.7
-0.128697;-1.99459;1.99874;0.00104201;0.059703;0.7;0.7
-0.185331;-2.10293;2.11109;0.0234689;1.34467;0.7;0.7
-0.160681;-1.98548;1.99197;-0.00715049;-0.409693;0.7;0.7
-0.178757;-2.01646;2.02437;0.00766541;0.439196;0.7;0.7
-0.129056;-2.04303;2.0471;-0.0253325;-1.45145;0.7;0.7
-0.20846;-2.05798;2.06851;0.0378641;2.16945;0.7;0.7
-0.192792;-1.85069;1.8607;0.0028498;0.163282;0.7;0.7
-0.183027;-2.0243;2.03255;-0.0136291;-0.780891;0.7;0.7
-0.037621;-2.05904;2.05938;-0.0719008;-4.11961;0.7;0.7
-0.016663;-1.98351;1.98358;-0.00986854;-0.565426;0.7;0.7
0.116818;-2.22282;2.22589;-0.0609062;-3.48967;0.7;0.7
0.139674;-2.0518;2.05655;-0.0154632;-0.885976;0.7;0.7
0.153542;-1.97776;1.98372;-0.00950978;-0.54487;0.7;0.7
0.133645;-2.13252;2.13671;0.0148907;0.853172;0.7;0.7
-0.0870904;-2.00663;2.00852;0.105962;6.07118;0.7;0.7
-0.0849353;-1.99464;1.99644;-0.00081792;-0.0468634;0.7;0.7
-0.0999619;-2.00042;2.00292;0.00737265;0.422422;0.7;0.7
-0.0966697;-1.99395;1.99629;-0.0014852;-0.0850958;0.7;0.7
-0.124234;-2.20197;2.20547;0.00791599;0.453553;0.7;0.7
-0.136202;-2.08127;2.08572;0.00898896;0.515029;0.7;0.7
-0.0838811;-2.08147;2.08315;-0.0250713;-1.43648;0.7;0.7
-0.152187;-1.97886;1.9847;0.0364779;2.09003;0.7;0.7
-0.12768;-1.86171;1.86608;-0.00827989;-0.474403;0.7;0.7
-0.0879172;-2.09803;2.09987;-0.026595;-1.52378;0.7;0.7
-0.0554057;-1.96812;1.9689;-0.0137361;-0.78702;0.7;0.7
-0.0267762;-1.86171;1.86191;-0.0137625;-0.788535;0.7;0.7
0.121471;-2.14815;2.15158;-0.0708684;-4.06046;0.7;0.7
0.186328;-2.0547;2.06313;-0.0339494;-1.94516;0.7;0.7
0.175987;-1.95233;1.96024;0.000536953;0.0307652;0.7;0.7
0.116392;-2.05209;2.05539;0.0332412;1.90458;0.7;0.7
0.336315;-2.30974;2.33409;-0.0879332;-5.0382;0.7;0.7
0.269231;-1.95055;1.96904;0.00742945;0.425676;0.7;0.7
0.146792;-1.78228;1.78831;0.0549854;3.15043;0.7;0.7
-0.290447;-2.18397;2.2032;0.214391;12.2837;0.7;0.7
-0.297043;-2.01651;2.03828;0.0140389;0.80437;0.7;0.7
-0.307623;-1.88452;1.90946;0.0155568;0.89134;0.7;0.7
-0.332605;-1.84976;1.87942;0.0160989;0.922401;0.7;0.7
-0.351702;-1.96556;1.99678;-0.000850812;-0.0487479;0.7;0.7
-0.354683;-1.94709;1.97913;0.00312635;0.179127;0.7;0.7
-0.356434;-1.96632;1.99836;-0.000861825;-0.049379;0.7;0.7
-0.33793;-1.9587;1.98764;-0.00847678;-0.485684;0.7;0.7
-0.378894;-1.95866;1.99497;0.0202394;1.15963;0.7;0.7
-0.423375;-1.86595;1.91338;0.0320325;1.83533;0.7;0.7
-0.478027;-1.95816;2.01567;0.0163191;0.935018;0.7;0.7
-0.483451;-1.95359;2.01252;0.00315781;0.180929;0.7;0.7
-0.409491;-1.94495;1.98759;-0.0350848;-2.01021;0.7;0.7
-0.546332;-2.06453;2.13559;0.0511881;2.93286;0.7;0.7
-0.529354;-1.86426;1.93796;0.0179679;1.02948;0.7;0.7
-0.663462;-2.07158;2.17523;0.033281;1.90686;0.7;0.7
-0.655154;-1.91804;2.02684;0.0192031;1.10026;0.7;0.7
-0.609811;-1.80489;1.90512;-0.00332504;-0.190511;0.7;0.7
-0.702878;-1.71767;1.85592;0.0625905;3.58617;0.7;0.7
-0.583749;-1.86798;1.95707;-0.0855277;-4.90037;0.7;0.7
-0.681864;-1.87474;1.99489;0.0459498;2.63273;0.7;0.7
-0.676165;-1.86791;1.98653;-0.00152182;-0.0871937;0.7;0.7
-0.65411;-1.83676;1.94975;-0.00519772;-0.297807;0.7;0.7
-0.629262;-1.87919;1.98174;-0.018995;-1.08833;0.7;0.7
-0.627931;-1.91137;2.01187;-0.00570716;-0.326996;0.7;0.7
-0.669944;-1.87144;1.98774;0.0263525;1.50989;0.7;0.7
-0.66792;-1.89413;2.00844;-0.00475565;-0.272479;0.7;0.7
-0.903639;-1.82826;2.03939;0.120034;6.87742;0.7;0.7
-0.946343;-1.7063;1.95116;0.0473351;2.7121;0.7;0.7
-1.0888;-1.68587;2.0069;0.067063;3.84243;0.7;0.7
-1.16275;-1.70795;2.06618;0.0242686;1.39049;0.7;0.7
-1.18816;-1.65276;2.03552;0.0255836;1.46583;0.7;0.7
-1.15025;-1.54412;1.92546;0.0169484;0.971071;0.7;0.7
-1.19627;-1.61712;2.0115;-0.00333676;-0.191182;0.7;0.7
-0.99824;-1.76035;2.02369;-0.121055;-6.93596;0.7;0.7
-1.10451;-1.68774;2.01703;0.0636297;3.64571;0.7;0.7
-0.985439;-1.76477;2.02126;-0.0702155;-4.02305;0.7;0.7
-1.0372;-1.7252;2.01298;0.0320371;1.83559;0.7;0.7
-1.06451;-1.84149;2.12703;-0.0171658;-0.983528;0.7;0.7
-0.867151;-1.68143;1.89187;-0.0479931;-2.7498;0.7;0.7
-0.970679;-1.57646;1.85134;0.0757615;4.34082;0.7;0.7
-0.911137;-1.78154;2.00101;-0.0791555;-4.53527;0.7;0.7
-0.786275;-1.86656;2.02541;-0.0740673;-4.24374;0.7;0.7
-0.739983;-1.87379;2.01461;-0.0225713;-1.29324;0.7;0.7
-0.73579;-1.93794;2.07292;-0.0132487;-0.759093;0.7;0.7
-0.70914;-1.84371;1.97539;0.00431905;0.247463;0.7;0.7
-0.659317;-2.20726;2.30363;-0.0769163;-4.40698;0.7;0.7
-0.615398;-1.68761;1.79631;0.0594055;3.40368;0.7;0.7
-0.905416;-1.81508;2.02837;0.113039;6.47664;0.7;0.7
-0.947769;-1.64695;1.90019;0.0594749;3.40766;0.7;0.7
-1.11027;-1.95968;2.25234;-0.00671937;-0.384991;0.7;0.7
-0.959976;-1.76303;2.00744;-0.0168526;-0.965585;0.7;0.7
-1.00185;-1.96107;2.20216;-0.026307;-1.50728;0.7;0.7
-0.664478;-1.69992;1.82518;-0.0996813;-5.71132;0.7;0.7
-0.779638;-2.0096;2.15553;-0.00254333;-0.145722;0.7;0.7
-0.6707;-1.88911;2.00464;-0.0289298;-1.65755;0.7;0.7
-0.604613;-1.92156;2.01443;-0.0363127;-2.08057;0.7;0.7
-0.38224;-2.06758;2.10262;-0.122031;-6.99184;0.7;0.7
-0.0642829;-2.00854;2.00957;-0.150815;-8.64107;0.7;0.7
-0.0639313;-1.99959;2.00061;-3.25098e-05;-0.00186267;0.7;0.7
-0.142776;-2.09941;2.10426;0.0359418;2.05931;0.7;0.7
-0.00979619;-1.92937;1.92939;-0.0628258;-3.59965;0.7;0.7
-0.199965;-1.98721;1.99725;0.0952109;5.45518;0.7;0.7
-0.0498438;-1.8991;1.89976;-0.0740483;-4.24266;0.7;0.7
-0.0608833;-1.93412;1.93508;0.00522822;0.299555;0.7;0.7
-0.000158128;-1.99322;1.99322;-0.0313889;-1.79845;0.7;0.7
-0.0217993;-2.01082;2.01094;0.0107612;0.616573;0.7;0.7
-0.0449487;-1.98764;1.98815;0.0117697;0.674354;0.7;0.7
-0.0797058;-1.9666;1.96821;0.0178973;1.02544;0.7;0.7
-0.0839865;-2.00566;2.00742;0.00134274;0.0769335;0.7;0.7
0.0916382;-2.0658;2.06783;-0.086181;-4.93781;0.7;0.7
0.0462707;-1.91871;1.91927;0.0202198;1.15851;0.7;0.7
0.111919;-2.00772;2.01084;-0.0315757;-1.80915;0.7;0.7
0.0183414;-1.9646;1.96468;0.0463508;2.65571;0.7;0.7
0.187864;-1.79398;1.80379;-0.0950033;-5.44329;0.7;0.7
0.132609;-2.07177;2.07601;0.0404187;2.31582;0.7;0.7
0.0188901;-2.06333;2.06342;0.0547654;3.13783;0.7;0.7
0.17394;-2.19845;2.20532;-0.0697999;-3.99924;0.7;0.7
0.152051;-2.05004;2.05567;0.00492086;0.281944;0.7;0.7
0.1224;-2.31256;2.31579;0.0211551;1.2121;0.7;0.7
0.0693858;-2.12438;2.12551;0.0202288;1.15902;0.7;0.7
0.0885697;-2.03095;2.03288;-0.0109323;-0.626373;0.7;0.7
0.100394;-1.95415;1.95672;-0.00774724;-0.443884;0.7;0.7
0.13913;-2.10725;2.11184;-0.0145992;-0.836472;0.7;0.7
0.177756;-1.97921;1.98718;-0.0236424;-1.35461;0.7;0.7
0.184653;-1.94503;1.95377;-0.00508126;-0.291134;0.7;0.7
0.206323;-2.01775;2.02828;-0.00724728;-0.415239;0.7;0.7
0.177585;-2.02381;2.03158;0.0143761;0.823691;0.7;0.7
0.213333;-2.04751;2.05859;-0.0162935;-0.933546;0.7;0.7
0.261558;-2.05391;2.0705;-0.0228478;-1.30909;0.7;0.7
0.168244;-1.83378;1.84148;0.0351742;2.01533;0.7;0.7
0.0966885;-2.08004;2.08229;0.0450403;2.58062;0.7;0.7
0.077855;-2.2858;2.28713;0.0124034;0.710661;0.7;0.7
-0.03785;-1.99374;1.9941;0.0530292;3.03835;0.7;0.7
0.0366662;-2.08968;2.09;-0.0365267;-2.09283;0.7;0.7
0.056098;-2.08605;2.0868;-0.00934098;-0.535199;0.7;0.7
-0.0758099;-1.93557;1.93706;0.0660322;3.78337;0.7;0.7
-0.0578483;-2.06344;2.06425;-0.0111192;-0.63708;0.7;0.7
-0.0948517;-2.00105;2.0033;0.019338;1.10798;0.7;0.7
-0.0245053;-2.11929;2.11943;-0.035803;-2.05136;0.7;0.7
-0.148732;-2.05748;2.06285;0.0606005;3.47216;0.7;0.7
-0.216442;-2.00819;2.01982;0.035202;2.01693;0.7;0.7
-0.302988;-1.88891;1.91306;0.0516837;2.96126;0.7;0.7
-0.203088;-1.72094;1.73288;-0.0415822;-2.38248;0.7;0.7
-0.357328;-2.13065;2.1604;0.0486956;2.79005;0.7;0.7
-0.295082;-1.96341;1.98546;-0.0169878;-0.97333;0.7;0.7
-0.289683;-1.98492;2.00595;-0.00425597;-0.243849;0.7;0.7
-0.376747;-1.8885;1.92571;0.0519919;2.97891;0.7;0.7
-0.333497;-1.93913;1.96759;-0.0265932;-1.52368;0.7;0.7
-0.350443;-1.97853;2.00933;0.00498747;0.285761;0.7;0.7
-0.498973;-1.91468;1.97862;0.0796295;4.56243;0.7;0.7
-0.5323;-2.07288;2.14013;-0.00357267;-0.204699;0.7;0.7
-0.552487;-1.85349;1.93408;0.0383328;2.19631;0.7;0.7
-0.588757;-1.93164;2.01937;0.0061573;0.352787;0.7;0.7
-0.328658;-1.9959;2.02277;-0.132649;-7.60023;0.7;0.7
-0.304226;-1.97643;1.99971;-0.0104739;-0.600112;0.7;0.7
-0.437672;-1.94275;1.99144;0.0688577;3.94526;0.7;0.7
-0.27149;-1.90376;1.92302;-0.0799342;-4.57989;0.7;0.7
-0.264104;-1.95175;1.96954;-0.00715229;-0.409796;0.7;0.7
-0.375767;-2.15493;2.18744;0.0381401;2.18527;0.7;0.7
-0.375997;-1.97304;2.00855;0.0156694;0.897791;0.7;0.7
-0.363213;-1.98766;2.02057;-0.00756919;-0.433682;0.7;0.7
-0.222821;-1.88096;1.89411;-0.0628283;-3.5998;0.7;0.7
-0.235491;-1.98887;2.00276;-5.57505e-05;-0.00319427;0.7;0.7
-0.289772;-1.67148;1.69641;0.0538003;3.08253;0.7;0.7
-0.393064;-2.09213;2.12874;0.0140561;0.805355;0.7;0.7
-0.373781;-2.10621;2.13912;-0.010075;-0.577254;0.7;0.7
-0.371998;-1.72982;1.76937;0.0361867;2.07334;0.7;0.7
-0.509811;-2.01277;2.07633;0.0362476;2.07684;0.7;0.7
-0.451769;-1.88029;1.9338;-0.0122753;-0.703322;0.7;0.7
-0.440703;-1.9217;1.97159;-0.0103652;-0.593883;0.7;0.7
-0.294189;-2.10661;2.12705;-0.0866783;-4.9663;0.7;0.7
-0.236087;-2.0005;2.01438;-0.0212818;-1.21936;0.7;0.7
-0.313457;-1.96757;1.99238;0.040513;2.32123;0.7;0.7
-0.217719;-2.10626;2.11748;-0.0549823;-3.15026;0.7;0.7
-0.209017;-1.97733;1.98835;0.00231362;0.132561;0.7;0.7
-0.547996;-2.16482;2.2331;0.142614;8.17115;0.7;0.7
-0.502666;-1.94335;2.0073;0.00518364;0.297001;0.7;0.7
-0.797775;-2.07436;2.22248;0.114038;6.53392;0.7;0.7
-0.59852;-1.91238;2.00385;-0.0638369;-3.65759;0.7;0.7
-0.593365;-1.75335;1.85103;0.0230061;1.31815;0.7;0.7
-0.540415;-2.0021;2.07375;-0.0626786;-3.59122;0.7;0.7
-0.66549;-1.78133;1.90158;0.093894;5.37973;0.7;0.7
-0.741812;-1.96188;2.09744;0.0039621;0.227011;0.7;0.7
-0.702734;-1.8641;1.99216;-0.000989014;-0.0566663;0.7;0.7
-0.823698;-1.65447;1.84817;0.101427;5.81136;0.7;0.7
-0.885808;-1.83975;2.0419;-0.0132124;-0.757016;0.7;0.7
-0.866836;-1.81812;2.01419;-0.00382738;-0.219293;0.7;0.7
-0.801159;-1.87394;2.03801;-0.0408872;-2.34266;0.7;0.7
-0.786609;-1.83912;2.00028;0.00015354;0.00879718;0.7;0.7
-0.860667;-1.59583;1.81313;0.0904456;5.18215;0.7;0.7
-0.953794;-1.76611;2.00721;0.00056612;0.0324363;0.7;0.7
-0.936719;-1.76098;1.99461;-0.00630863;-0.361458;0.7;0.7
-0.951555;-1.76877;2.00848;0.00469912;0.26924;0.7;0.7
-1.03778;-1.55825;1.8722;0.0939685;5.384;0.7;0.7
-1.01147;-1.34507;1.68294;0.0572345;3.2793;0.7;0.7
-1.02491;-1.52664;1.83876;-0.0535307;-3.06708;0.7;0.7
-1.23088;-1.65468;2.06229;0.0483356;2.76943;0.7;0.7
-0.973709;-1.83785;2.07985;-0.152363;-8.72975;0.7;0.7
-1.01219;-1.7041;1.98204;0.0487667;2.79413;0.7;0.7
-1.24789;-1.86055;2.24029;0.0548188;3.14089;0.7;0.7
-0.865838;-1.59913;1.81849;-0.0945458;-5.41708;0.7;0.7
-1.03146;-1.80092;2.07538;0.0238856;1.36854;0.7;0.7
-0.993949;-1.73553;2;-2.7185e-05;-0.00155759;0.7;0.7
-1.03809;-1.66164;1.95925;0.0383022;2.19456;0.7;0.7
-1.20729;-1.55112;1.96558;0.102979;5.90028;0.7;0.7
-1.24154;-1.6322;2.05073;-0.0111032;-0.636167;0.7;0.7
-1.11531;-1.57245;1.92782;-0.0333586;-1.91131;0.7;0.7
-1.10697;-1.64563;1.9833;-0.0247784;-1.4197;0.7;0.7
-1.1482;-1.64577;2.00672;0.0170121;0.974723;0.7;0.7
-1.0675;-1.51603;1.85416;0.00433652;0.248464;0.7;0.7
-1.21333;-1.39455;1.8485;0.102524;5.8742;0.7;0.7
-1.3228;-1.32491;1.87221;0.0685791;3.92929;0.7;0.7
-1.49146;-1.11492;1.86212;0.144273;8.26622;0.7;0.7
-1.62044;-1.2225;2.02986;-0.00440358;-0.252307;0.7;0.7
-1.64556;-1.14618;2.00539;0.0379315;2.17331;0.7;0.7
-1.5277;-1.15189;1.9133;-0.0376635;-2.15796;0.7;0.7
-1.53355;-1.2127;1.9551;-0.0230365;-1.31989;0.7;0.7
-1.52787;-1.42757;2.09101;-0.0823776;-4.71989;0.7;0.7
-1.50902;-1.30871;1.99747;0.0370422;2.12236;0.7;0.7
-1.70186;-1.11811;2.0363;0.133153;7.62908;0.7;0.7
-1.49036;-1.14797;1.88122;-0.075069;-4.30114;0.7;0.7
-1.58888;-1.2187;2.00244;0.00204305;0.117058;0.7;0.7
-1.50098;-1.27094;1.96678;-0.0482945;-2.76707;0.7;0.7
-1.50779;-1.28251;1.97946;-0.00224017;-0.128352;0.7;0.7
-1.50946;-1.29685;1.99005;-0.00494605;-0.283388;0.7;0.7
-1.41049;-1.11215;1.79621;0.0421068;2.41254;0.7;0.7
-1.42186;-1.2335;1.88234;-0.0469037;-2.68738;0.7;0.7
-1.4273;-1.44458;2.03076;-0.0768331;-4.40221;0.7;0.7
-1.55015;-1.51321;2.16628;0.0180745;1.03559;0.7;0.7
-1.33669;-1.3104;1.87187;-0.00212729;-0.121885;0.7;0.7
-1.42389;-1.3685;1.97491;0.00990173;0.567327;0.7;0.7
-1.39136;-1.39196;1.9681;-0.0200481;-1.14867;0.7;0.7
-1.55818;-1.69033;2.29894;-0.0404441;-2.31728;0.7;0.7
-1.25099;-1.46314;1.92503;-0.0373453;-2.13973;0.7;0.7
-1.31315;-1.52791;2.01467;0.00255531;0.146408;0.7;0.7
-1.29611;-1.77263;2.19593;-0.0786013;-4.50352;0.7;0.7
-1.37978;-1.34659;1.92798;0.16622;9.52372;0.7;0.7
-1.43869;-1.32112;1.95325;0.0304059;1.74213;0.7;0.7
-1.55221;-1.25539;1.99634;0.0627519;3.59542;0.7;0.7
-1.64506;-1.38195;2.14849;-0.0186262;-1.0672;0.7;0.7
-1.53415;-1.3072;2.01554;-0.00699473;-0.400769;0.7;0.7
-1.53933;-1.28399;2.00453;0.0104865;0.60083;0.7;0.7
-1.55719;-1.27973;2.01558;0.007301;0.418317;0.7;0.7
-1.5149;-1.17936;1.91985;0.0264054;1.51292;0.7;0.7
-1.6234;-1.19738;2.01721;0.0259967;1.4895;0.7;0.7
-1.61163;-1.18941;2.00301;-0.000287222;-0.0164566;0.7;0.7
-1.5714;-1.17095;1.9597;-0.00461032;-0.264152;0.7;0.7
-1.58308;-1.19409;1.98293;-0.00583563;-0.334357;0.7;0.7
-1.72243;-1.22712;2.11485;0.0272115;1.5591;0.7;0.7
-1.63446;-1.15869;2.0035;0.00233906;0.134018;0.7;0.7
-1.63555;-1.07814;1.95893;0.0338773;1.94102;0.7;0.7
-1.61761;-1.04448;1.92551;0.00946625;0.542376;0.7;0.7
-1.51318;-0.950794;1.7871;0.0123405;0.707056;0.7;0.7
-1.62597;-1.10181;1.96411;-0.0345555;-1.97988;0.7;0.7
-1.71082;-1.1505;2.06169;0.00353651;0.202627;0.7;0.7
-1.71674;-1.2425;2.11919;-0.0344721;-1.97511;0.7;0.7
-1.77612;-0.941112;2.01005;0.139235;7.9776;0.7;0.7
-1.77277;-0.960092;2.01606;-0.00909765;-0.521257;0.7;0.7
-1.81902;-1.01444;2.08277;-0.0123704;-0.708773;0.7;0.7
-1.71858;-0.973628;1.97522;-0.00672108;-0.385089;0.7;0.7
-1.82938;-0.706795;1.96117;0.146755;8.40842;0.7;0.7
-1.73909;-0.680492;1.86748;-0.00428743;-0.245652;0.7;0.7
-1.62775;-0.750369;1.79238;-0.0589742;-3.37897;0.7;0.7
-1.8245;-0.843431;2.01002;-0.00106806;-0.0611953;0.7;0.7
-1.86426;-0.782096;2.02167;0.0357998;2.05118;0.7;0.7
-1.85875;-0.798821;2.02313;-0.00867796;-0.497211;0.7;0.7
-1.89562;-0.634634;1.99903;0.0828376;4.74624;0.7;0.7
-1.71656;-0.649315;1.83526;-0.0385694;-2.20987;0.7;0.7
-1.79203;-0.919841;2.01431;-0.112598;-6.45142;0.7;0.7
-1.82818;-1.09193;2.12944;-0.0641872;-3.67765;0.7;0.7
-1.69321;-0.993726;1.96328;0.00769336;0.440797;0.7;0.7
-1.73585;-0.904639;1.95743;0.0502978;2.88185;0.7;0.7
-1.85846;-1.03148;2.12552;-0.0262631;-1.50476;0.7;0.7
-1.73445;-0.973484;1.98897;-0.00476207;-0.272847;0.7;0.7
-1.68652;-1.02255;1.9723;-0.033597;-1.92497;0.7;0.7
-1.89448;-1.05553;2.16868;0.0367214;2.10398;0.7;0.7
-2.00509;-1.02003;2.24963;0.0377272;2.16161;0.7;0.7
-1.78221;-0.91823;2.00484;-0.00515235;-0.295208;0.7;0.7
-1.86188;-0.976688;2.1025;-0.00736085;-0.421746;0.7;0.7
-1.86702;-1.18771;2.21278;-0.0834685;-4.78239;0.7;0.7
-1.57308;-1.16051;1.95483;-0.069024;-3.95478;0.7;0.7
-1.68128;-1.15378;2.0391;0.0341654;1.95753;0.7;0.7
-1.63819;-1.12497;1.98726;-0.000317682;-0.0182018;0.7;0.7
-1.53208;-1.09572;1.88358;-0.0190899;-1.09377;0.7;0.7
-1.64712;-1.12149;1.99267;0.0230696;1.32179;0.7;0.7
-1.65054;-1.14257;2.00742;-0.00772539;-0.442632;0.7;0.7
-1.44048;-1.21157;1.88226;-0.0937965;-5.37415;0.7;0.7
-1.75674;-1.1876;2.12051;0.104845;6.00719;0.7;0.7
-1.46788;-0.957137;1.75237;0.0166365;0.953201;0.7;0.7
-1.68808;-1.02372;1.97423;0.0326749;1.87213;0.7;0.7
-1.91023;-0.891863;2.10818;0.108334;6.20706;0.7;0.7
-1.83985;-0.726646;1.97815;0.0606643;3.47581;0.7;0.7
-1.93495;-0.763784;2.08024;0.000188319;0.0107899;0.7;0.7
-1.76563;-0.750819;1.91864;-0.0261206;-1.4966;0.7;0.7
-2.15502;-0.489304;2.20987;0.178808;10.245;0.7;0.7
-1.9606;-0.427044;2.00657;0.00880422;0.504444;0.7;0.7
-2.09946;-0.385679;2.13459;0.0327848;1.87843;0.7;0.7
-1.99862;-0.460035;2.05088;-0.0445579;-2.55298;0.7;0.7
-1.90759;-0.397441;1.94855;0.0208275;1.19333;0.7;0.7
-1.95087;-0.370151;1.98567;0.0179008;1.02564;0.7;0.7
-1.98555;-0.453252;2.03662;-0.0369219;-2.11547;0.7;0.7
-1.96434;-0.356989;1.99651;0.0446569;2.55865;0.7;0.7
-1.94618;-0.34355;1.97627;0.00504784;0.28922;0.7;0.7
-2.05898;-0.482416;2.11474;-0.0554218;-3.17543;0.7;0.7
-1.95477;-0.60015;2.04482;-0.0677367;-3.88102;0.7;0.7
-1.92657;-0.572672;2.00988;0.00895246;0.512938;0.7;0.7
-1.88527;-0.536773;1.9602;0.0115519;0.661874;0.7;0.7
-2.1197;-0.450368;2.16702;0.0680244;3.89751;0.7;0.7
-1.85388;-0.582233;1.94316;-0.0949519;-5.44034;0.7;0.7
-1.86522;-0.549449;1.94446;0.0178326;1.02173;0.7;0.7
-1.95451;-0.629469;2.05338;-0.0250961;-1.4379;0.7;0.7
-1.82752;-0.672033;1.94717;-0.0408116;-2.33833;0.7;0.7
-1.8292;-0.730564;1.9697;-0.0275981;-1.58125;0.7;0.7
-1.93776;-0.864793;2.12198;-0.0397804;-2.27925;0.7;0.7
-1.77476;-0.861856;1.97296;-0.0323149;-1.85151;0.7;0.7
-1.75669;-1.09038;2.06758;-0.103427;-5.92593;0.7;0.7
-1.68783;-1.07242;1.99971;-0.0105293;-0.603282;0.7;0.7
-1.73031;-1.12724;2.0651;-0.0113767;-0.651835;0.7;0.7
-1.40379;-1.13102;1.80273;-0.100793;-5.77501;0.7;0.7
-1.50841;-1.12196;1.87992;0.0386795;2.21617;0.7;0.7
-1.67923;-1.42306;2.20112;-0.0634895;-3.63768;0.7;0.7
-1.48811;-1.29481;1.97256;-0.0130395;-0.747106;0.7;0.7
-1.52048;-1.46271;2.10983;-0.049986;-2.86399;0.7;0.7
-1.4792;-1.27467;1.95264;0.0547723;3.13822;0.7;0.7
-1.55523;-1.41394;2.1019;-0.026585;-1.52321;0.7;0.7
-1.48575;-1.36837;2.01987;-0.00644348;-0.369184;0.7;0.7
-1.5457;-1.17047;1.93886;0.0961719;5.51025;0.7;0.7
-1.59729;-1.24874;2.02748;-0.0154136;-0.883134;0.7;0.7
-1.57812;-1.34823;2.07562;-0.0434662;-2.49043;0.7;0.7
-1.4604;-1.32966;1.97503;-0.0315751;-1.80912;0.7;0.7
-1.45192;-1.33375;1.97153;-0.00442753;-0.253679;0.7;0.7
-1.44114;-1.42175;2.02441;-0.0356194;-2.04084;0.7;0.7
-1.38109;-1.40128;1.96748;-0.0140353;-0.804165;0.7;0.7
-1.39883;-1.46599;2.02629;-0.0161787;-0.926971;0.7;0.7
-1.3691;-1.33962;1.91547;0.03432;1.96639;0.7;0.7
-1.42768;-1.50624;2.07534;-0.0376521;-2.15731;0.7;0.7
-1.41011;-1.54825;2.09416;-0.0198877;-1.13948;0.7;0.7
-1.38182;-1.54841;2.07534;-0.0101332;-0.580592;0.7;0.7
-1.3346;-1.48233;1.99461;0.00439843;0.252011;0.7;0.7
-1.39471;-1.50402;2.05117;0.0147003;0.842267;0.7;0.7
-1.29228;-1.50103;1.98067;-0.0369002;-2.11422;0.7;0.7
-1.26393;-1.61152;2.04805;-0.0457031;-2.6186;0.7;0.7
-1.25059;-1.52549;1.97258;0.021594;1.23724;0.7;0.7
-1.29549;-1.57941;2.04275;0.000260482;0.0149245;0.7;0.7
-1.26833;-1.54892;2.00195;-0.000828223;-0.0474537;0.7;0.7
-1.39361;-1.42142;1.99063;0.0893911;5.12173;0.7;0.7
-1.35946;-1.49735;2.02242;-0.0383529;-2.19746;0.7;0.7
-1.45436;-1.5079;2.09498;0.0301582;1.72794;0.7;0.7
-1.44102;-1.58826;2.14455;-0.0304939;-1.74717;0.7;0.7
-1.40405;-1.50828;2.06065;0.0127945;0.733069;0.7;0.7
-1.20825;-1.45756;1.89324;-0.0574786;-3.29328;0.7;0.7
-1.17958;-1.54529;1.94405;-0.0401649;-2.30128;0.7;0.7
-1.20232;-1.60471;2.00516;-0.00896626;-0.513729;0.7;0.7
-1.2651;-1.66043;2.08746;0.00806482;0.46208;0.7;0.7
-1.26936;-1.6607;2.09026;0.00154162;0.0883284;0.7;0.7
-1.28271;-1.55196;2.01344;0.0380763;2.18161;0.7;0.7
-1.19426;-1.29164;1.75915;0.055545;3.18249;0.7;0.7
-1.38177;-1.45067;2.00343;0.0148327;0.849848;0.7;0.7
-1.2051;-1.44698;1.88308;-0.0666306;-3.81765;0.7;0.7
-1.33963;-1.41434;1.94807;0.0638297;3.65717;0.7;0.7
-1.33846;-1.43137;1.95967;-0.00640791;-0.367146;0.7;0.7
-1.31968;-1.47726;1.98087;-0.0227491;-1.30343;0.7;0.7
-1.04724;-1.61237;1.92262;-0.15309;-8.7714;0.7;0.7
-1.01963;-1.55669;1.8609;0.00385426;0.220833;0.7;0.7
-1.33066;-1.58082;2.06631;0.119803;6.86421;0.7;0.7
-1.50222;-1.48662;2.11346;0.0909299;5.2099;0.7;0.7
-1.43498;-1.45782;2.04558;-0.0131129;-0.751313;0.7;0.7
-1.59918;-1.52158;2.20739;0.0327551;1.87673;0.7;0.7
-1.44633;-1.38101;1.99977;-0.00176076;-0.100884;0.7;0.7
-1.45788;-1.4276;2.04045;-0.0126053;-0.722233;0.7;0.7
-1.41605;-1.39222;1.98582;-0.00200769;-0.115032;0.7;0.7
-1.22584;-1.15123;1.68167;0.0228892;1.31146;0.7;0.7
-1.7723;-1.09475;2.08315;0.200692;11.4988;0.7;0.7
-1.73893;-1.06877;2.04112;0.00223784;0.128219;0.7;0.7
-1.82721;-0.983202;2.07495;0.0574414;3.29115;0.7;0.7
-1.52416;-1.03149;1.84039;-0.101304;-5.80432;0.7;0.7
-1.62127;-1.06196;1.93811;0.0150633;0.863065;0.7;0.7
-1.38911;-1.03195;1.73048;-0.0590382;-3.38264;0.7;0.7
-1.54085;-1.28413;2.00579;-0.0558436;-3.1996;0.7;0.7
-1.49164;-1.2775;1.96393;-0.0134456;-0.770377;0.7;0.7
-1.45978;-1.46729;2.06976;-0.079743;-4.56894;0.7;0.7
-1.21542;-1.485;1.91898;-0.0969363;-5.55404;0.7;0.7
-1.27375;-1.52406;1.98625;0.0102696;0.588406;0.7;0.7
-1.55516;-1.78199;2.36517;0.0213663;1.2242;0.7;0.7
-1.26375;-1.698;2.11666;-0.0777169;-4.45285;0.7;0.7
-1.1776;-1.55407;1.94984;0.00862932;0.494424;0.7;0.7
-1.05428;-1.68728;1.98958;-0.0899605;-5.15436;0.7;0.7
-1.07371;-1.71854;2.02639;-4.24627e-05;-0.00243293;0.7;0.7
-1.15518;-1.65977;2.0222;0.049585;2.84101;0.7;0.7
-0.901439;-1.72831;1.94927;-0.12727;-7.29206;0.7;0.7
-0.930806;-1.70794;1.94511;0.0182295;1.04447;0.7;0.7
-0.778478;-1.7154;1.88378;-0.0729634;-4.1805;0.7;0.7
-0.635497;-1.8999;2.00336;-0.103231;-5.91471;0.7;0.7
-0.871972;-1.97046;2.15477;0.0938265;5.37586;0.7;0.7
-0.881199;-1.87297;2.06991;0.0231373;1.32567;0.7;0.7
-0.897136;-1.73355;1.95194;0.0378038;2.166;0.7;0.7
-1.07402;-1.53228;1.87121;0.13379;7.66559;0.7;0.7
-1.05001;-2.04664;2.30027;-0.137322;-7.868;0.7;0.7
-0.830744;-1.84691;2.02515;-0.0513379;-2.94145;0.7;0.7
-0.712596;-1.71732;1.8593;-0.0293643;-1.68245;0.7;0.7
-0.499905;-1.74217;1.81248;-0.113889;-6.52534;0.7;0.7
-0.619244;-1.89422;1.99287;0.0365254;2.09275;0.7;0.7
-0.725789;-1.88718;2.02194;0.0511892;2.93292;0.7;0.7
-0.804693;-1.78437;1.95743;0.0565074;3.23763;0.7;0.7
-0.842228;-1.6759;1.87563;0.0420306;2.40817;0.7;0.7
-0.713982;-1.96126;2.08718;-0.116559;-6.67831;0.7;0.7
-0.705413;-1.90091;2.02757;0.00621118;0.355874;0.7;0.7
-0.715818;-1.88576;2.01705;0.00744889;0.42679;0.7;0.7
-0.737169;-1.75418;1.90278;0.0350374;2.00749;0.7;0.7
-0.767813;-1.85312;2.00589;-0.00502461;-0.287889;0.7;0.7
-0.809495;-1.86503;2.03313;0.0166994;0.956804;0.7;0.7
-0.807748;-1.73827;1.91678;0.0254967;1.46085;0.7;0.7
-0.6995;-1.72534;1.86174;-0.0498214;-2.85456;0.7;0.7
-0.622964;-1.85045;1.95249;-0.0604393;-3.46292;0.7;0.7
-0.751207;-2.05062;2.18389;0.026411;1.51324;0.7;0.7
-0.688403;-1.87778;1.99999;0.000241688;0.0138477;0.7;0.7
-0.645631;-1.85458;1.96375;-0.0163852;-0.9388;0.7;0.7
-0.426899;-1.8066;1.85635;-0.102962;-5.89926;0.7;0.7
-0.473842;-1.95354;2.01018;0.00591634;0.338981;0.7;0.7
-0.473184;-1.94213;1.99894;0.00102564;0.0587646;0.7;0.7
-0.618163;-1.70843;1.81682;0.108191;6.19886;0.7;0.7
-0.558742;-1.87313;1.95469;-0.0572864;-3.28227;0.7;0.7
-0.554245;-1.90779;1.98667;-0.00715645;-0.410034;0.7;0.7
-0.579289;-1.85164;1.94014;0.0204723;1.17297;0.7;0.7
-0.595727;-1.90596;1.99689;-0.000266624;-0.0152764;0.7;0.7
-0.591332;-1.8892;1.97958;0.000407197;0.0233306;0.7;0.7
-0.552359;-1.94127;2.01833;-0.0261376;-1.49757;0.7;0.7
-0.636171;-1.72074;1.83457;0.0769149;4.4069;0.7;0.7
-0.685836;-1.78222;1.90963;0.0132288;0.757953;0.7;0.7
-0.684797;-1.90411;2.0235;-0.0221135;-1.26701;0.7;0.7
-0.773686;-2.08885;2.22753;0.00948277;0.543323;0.7;0.7
-0.53331;-1.85732;1.93238;-0.0751054;-4.30322;0.7;0.7
-0.350476;-2.1535;2.18184;-0.118284;-6.77717;0.7;0.7
-0.326166;-1.98462;2.01125;0.00155811;0.0892734;0.7;0.7
-0.572166;-2.19795;2.2712;0.0917757;5.25836;0.7;0.7
-0.512405;-1.94548;2.01183;0.00286735;0.164287;0.7;0.7
-0.53131;-1.89045;1.96369;0.0164483;0.942417;0.7;0.7
-0.578161;-1.84056;1.92923;0.0303805;1.74067;0.7;0.7
-0.55041;-2.00345;2.07769;-0.0362467;-2.07678;0.7;0.7
-0.485998;-1.95666;2.01612;-0.0246613;-1.41299;0.7;0.7
-0.432739;-1.95511;2.00243;-0.0256294;-1.46846;0.7;0.7
-0.316924;-1.79076;1.81859;-0.0426613;-2.44431;0.7;0.7
-0.37479;-1.95437;1.98998;0.0143059;0.819669;0.7;0.7
-0.362227;-2.08545;2.11668;-0.017493;-1.00228;0.7;0.7
-0.344227;-1.98199;2.01166;-1.41784e-05;-0.00081236;0.7;0.7
-0.32094;-1.87475;1.90202;-0.00241457;-0.138344;0.7;0.7
-0.380585;-2.00673;2.0425;0.0178807;1.02449;0.7;0.7
-0.338874;-1.8771;1.90744;-0.0088215;-0.505435;0.7;0.7
-0.283545;-1.99877;2.01878;-0.0376874;-2.15933;0.7;0.7
-0.32911;-2.18714;2.21176;0.00843507;0.483294;0.7;0.7
-0.0863651;-2.19339;2.19509;-0.11;-6.30252;0.7;0.7
-0.314075;-1.99563;2.02019;0.116746;6.68906;0.7;0.7
-0.260201;-1.98507;2.00206;-0.0257653;-1.47624;0.7;0.7
-0.266889;-1.91299;1.93152;0.0082834;0.474604;0.7;0.7
-0.285523;-2.10671;2.12597;-0.00390964;-0.224006;0.7;0.7
-0.0989994;-2.01063;2.01307;-0.0855111;-4.89942;0.7;0.7
-0.0897692;-2.1279;2.12979;-0.00703645;-0.403159;0.7;0.7
-0.0890433;-2.00435;2.00633;0.00223391;0.127993;0.7;0.7
-0.108291;-2.17628;2.17897;0.00532303;0.304987;0.7;0.7
-0.149347;-1.93636;1.94211;0.0272566;1.56169;0.7;0.7
-0.0187879;-2.03275;2.03284;-0.0677331;-3.88082;0.7;0.7
0.0706992;-2.0309;2.03213;-0.04404;-2.5233;0.7;0.7
0.170906;-2.02705;2.03424;-0.0493163;-2.82561;0.7;0.7
0.257411;-2.03093;2.04717;-0.0419596;-2.40411;0.7;0.7
0.034155;-1.92444;1.92475;0.108327;6.2067;0.7;0.7
-0.00723842;-2.11401;2.11402;0.0211701;1.21296;0.7;0.7
-0.291285;-1.88466;1.90704;0.149918;8.58968;0.7;0.7
-0.301312;-2.00084;2.02341;-0.00387288;-0.2219;0.7;0.7
-0.26843;-2.24975;2.26571;-0.0307155;-1.75987;0.7;0.7
-0.311789;-2.01075;2.03478;0.035082;2.01005;0.7;0.7
-0.246112;-1.92742;1.94307;-0.0268335;-1.53745;0.7;0.7
-0.278516;-1.99701;2.01633;0.0115708;0.662956;0.7;0.7
-0.0731735;-1.81414;1.81562;-0.0982598;-5.62987;0.7;0.7
-0.0653761;-1.93897;1.94008;-0.00660914;-0.378676;0.7;0.7
-0.0625319;-2.0105;2.01147;-0.00261143;-0.149624;0.7;0.7
-0.313111;-1.93679;1.96194;0.129185;7.40178;0.7;0.7
-0.283174;-1.90081;1.92179;-0.0123906;-0.709928;0.7;0.7
-0.353091;-1.91228;1.94461;0.0346998;1.98815;0.7;0.7
-0.392389;-2.02032;2.05807;0.00924581;0.529746;0.7;0.7
-0.640345;-1.95728;2.05937;0.124352;7.12482;0.7;0.7
-0.627731;-1.85781;1.96099;0.00966005;0.55348;0.7;0.7
-0.641364;-1.89262;1.99834;0.000885798;0.0507525;0.7;0.7
-0.687306;-1.9261;2.04506;0.0160226;0.918026;0.7;0.7
-0.361713;-1.93263;1.96619;-0.157732;-9.0374;0.7;0.7
-0.318834;-1.98559;2.01103;-0.0258056;-1.47855;0.7;0.7
-0.546436;-2.05256;2.12405;0.100972;5.78527;0.7;0.7
-0.558934;-2.08108;2.15483;0.00220034;0.12607;0.7;0.7
-0.522357;-1.92935;1.99881;0.00201633;0.115527;0.7;0.7
-0.615623;-1.81969;1.92101;0.0618212;3.54209;0.7;0.7
-0.663638;-1.94681;2.05682;0.00230587;0.132117;0.7;0.7
-0.648957;-1.89412;2.00221;0.00155118;0.0888763;0.7;0.7
-0.641697;-1.89738;2.00295;-0.00395605;-0.226665;0.7;0.7
-0.640045;-1.82242;1.93155;0.0116225;0.66592;0.7;0.7
-0.697924;-1.67083;1.81074;0.0579331;3.31932;0.7;0.7
-0.600367;-1.91564;2.00752;-0.0919747;-5.26976;0.7;0.7
-0.727788;-1.91478;2.04843;0.0595182;3.41014;0.7;0.7
-0.877359;-1.98244;2.16791;0.0534287;3.06124;0.7;0.7
-0.896846;-2.05839;2.24529;-0.00575348;-0.32965;0.7;0.7
-0.857681;-1.47062;1.70245;0.117081;6.70828;0.7;0.7
-1.16442;-1.64306;2.01383;0.0885519;5.07365;0.7;0.7
-1.2745;-1.66439;2.09632;0.0369692;2.11818;0.7;0.7
-1.01337;-1.65814;1.94328;-0.104928;-6.01195;0.7;0.7
-1.06135;-1.62262;1.93891;0.030674;1.75749;0.7;0.7
-0.938429;-1.72031;1.95963;-0.0798682;-4.57611;0.7;0.7
-0.921325;-1.98142;2.18514;-0.0641368;-3.67477;0.7;0.7
-0.57392;-1.9228;2.00663;-0.145181;-8.31826;0.7;0.7
-0.743927;-2.05826;2.18858;0.0567627;3.25227;0.7;0.7
-0.77909;-1.84242;2.00037;0.0532336;3.05006;0.7;0.7
-0.665086;-1.72648;1.85015;-0.0323527;-1.85367;0.7;0.7
-0.680104;-1.58211;1.7221;0.0382828;2.19345;0.7;0.7
-0.711627;-1.79292;1.92898;-0.0281495;-1.61285;0.7;0.7
-0.704016;-2.02345;2.14243;-0.043012;-2.46441;0.7;0.7
-0.767683;-2.00097;2.14318;0.0315092;1.80534;0.7;0.7
-0.698853;-1.86948;1.99583;-0.00859858;-0.492663;0.7;0.7
-0.705453;-1.85066;1.98056;0.00644783;0.369433;0.7;0.7
-0.601053;-1.75116;1.85144;-0.0335545;-1.92253;0.7;0.7
-0.610763;-1.94208;2.03585;-0.0259351;-1.48597;0.7;0.7
-0.629301;-1.85564;1.95944;0.0222614;1.27548;0.7;0.7
-0.594658;-1.82262;1.91718;-0.0115818;-0.663587;0.7;0.7
-0.583521;-2.07993;2.16024;-0.0418594;-2.39837;0.7;0.7
-0.477847;-1.88971;1.94919;-0.0258402;-1.48054;0.7;0.7
-0.538182;-1.9434;2.01655;0.022481;1.28807;0.7;0.7
-0.546591;-2.22051;2.2868;-0.0288003;-1.65013;0.7;0.7
-0.367434;-1.91585;1.95076;-0.0518712;-2.972;0.7;0.7
-0.37138;-1.99449;2.02877;-0.00539145;-0.308907;0.7;0.7
-0.280182;-1.87587;1.89668;-0.0358291;-2.05285;0.7;0.7
-0.223037;-2.06328;2.0753;-0.0405854;-2.32537;0.7;0.7
-0.203359;-1.91453;1.9253;-0.0018579;-0.10645;0.7;0.7
-0.138906;-1.86548;1.87065;-0.0314983;-1.80472;0.7;0.7
0.098852;-1.90606;1.90862;-0.126139;-7.22725;0.7;0.7
0.0534081;-2.00834;2.00905;0.0252286;1.44549;0.7;0.7
0.0351493;-2.13766;2.13795;0.0101455;0.581293;0.7;0.7
0.00727238;-1.97173;1.97174;0.0127531;0.730698;0.7;0.7
0.00991692;-1.98125;1.98127;-0.00131704;-0.0754607;0.7;0.7
-0.00370951;-2.00128;2.00129;0.00685892;0.392987;0.7;0.7
0.108213;-2.15955;2.16225;-0.0519209;-2.97485;0.7;0.7
0.0123885;-2.17396;2.174;0.0443689;2.54215;0.7;0.7
-0.221314;-1.82966;1.84299;0.126073;7.22346;0.7;0.7
-0.244374;-2.26777;2.2809;-0.0130296;-0.746542;0.7;0.7
-0.283435;-2.00418;2.02412;0.0331454;1.89909;0.7;0.7
-0.297841;-1.91198;1.93504;0.0140437;0.804643;0.7;0.7
-0.345544;-2.02658;2.05583;0.0143481;0.822087;0.7;0.7
-0.300335;-1.95892;1.98181;-0.0167497;-0.959689;0.7;0.7
-0.221675;-1.89846;1.91135;-0.035893;-2.05652;0.7;0.7
-0.232746;-1.98901;2.00258;0.000246701;0.0141349;0.7;0.7
-0.271945;-2.00966;2.02798;0.018016;1.03224;0.7;0.7
-0.307011;-1.93232;1.95656;0.0230628;1.3214;0.7;0.7
-0.279595;-2.07757;2.0963;-0.0237907;-1.36311;0.7;0.7
-0.302294;-1.96246;1.98561;0.0190626;1.09221;0.7;0.7
-0.223669;-2.15269;2.16428;-0.0493065;-2.82506;0.7;0.7
-0.145648;-1.92001;1.92553;-0.0278176;-1.59383;0.7;0.7
-0.0529738;-1.75793;1.75873;-0.0455877;-2.61198;0.7;0.7
-0.186192;-1.94416;1.95305;0.0653541;3.74451;0.7;0.7
-0.204678;-2.01972;2.03006;0.00551593;0.316039;0.7;0.7
-0.169717;-1.90931;1.91683;-0.0123388;-0.706961;0.7;0.7
-0.191314;-1.97856;1.98779;0.00773735;0.443318;0.7;0.7
-0.181541;-1.9548;1.96322;-0.00378999;-0.217151;0.7;0.7
-0.243121;-1.83896;1.85496;0.0388398;2.22536;0.7;0.7
-0.533288;-2.18202;2.24624;0.108258;6.20275;0.7;0.7
-0.457287;-1.90983;1.96381;-0.00468792;-0.268598;0.7;0.7
-0.467461;-1.94864;2.00392;0.000428201;0.0245341;0.7;0.7
-0.487097;-1.91041;1.97153;0.0142085;0.814088;0.7;0.7
-0.598724;-1.92098;2.01213;0.0524832;3.00707;0.7;0.7
-0.640018;-2.06306;2.16005;-0.00132057;-0.0756631;0.7;0.7
-0.589668;-1.84036;1.93252;0.00926;0.530559;0.7;0.7
-0.617269;-1.81128;1.91357;0.0183755;1.05284;0.7;0.7
-0.677028;-2.1416;2.24607;-0.0222584;-1.27531;0.7;0.7
-0.775435;-1.92;2.07068;0.0776497;4.449;0.7;0.7
-0.654324;-1.79393;1.90953;-0.0340911;-1.95328;0.7;0.7
-0.724373;-1.90368;2.03684;0.0138456;0.793297;0.7;0.7
-0.751608;-1.79429;1.94535;0.0330887;1.89584;0.7;0.7
-0.858284;-1.57879;1.79701;0.101258;5.80165;0.7;0.7
-1.19227;-1.68425;2.06354;0.118064;6.76458;0.7;0.7
-1.1481;-1.61125;1.97845;0.00309232;0.177177;0.7;0.7
-1.27243;-1.5024;1.96883;0.0836139;4.79072;0.7;0.7
-1.15671;-1.73077;2.08172;-0.113565;-6.50677;0.7;0.7
-1.08648;-1.72739;2.04066;-0.0276949;-1.5868;0.7;0.7
-1.02814;-1.69051;1.97861;-0.0150357;-0.861485;0.7;0.7
-0.952819;-1.78604;2.0243;-0.0563439;-3.22827;0.7;0.7
-0.908726;-1.76243;1.98291;-0.0140143;-0.802963;0.7;0.7
-0.909726;-2.07216;2.26306;-0.0623693;-3.5735;0.7;0.7
-0.752748;-1.87013;2.01594;-0.0310203;-1.77733;0.7;0.7
-0.748546;-1.53334;1.7063;0.0714797;4.09548;0.7;0.7
-0.829559;-1.81012;1.99115;-0.0244218;-1.39927;0.7;0.7
-0.950917;-1.74493;1.98722;0.0692384;3.96707;0.7;0.7
-0.849304;-1.90949;2.08985;-0.0804595;-4.60999;0.7;0.7
-0.720225;-1.85767;1.9924;-0.0486439;-2.78709;0.7;0.7
-0.730422;-1.84473;1.98407;0.00714953;0.409638;0.7;0.7
-0.837222;-1.94258;2.11531;0.0299185;1.71421;0.7;0.7
-0.848928;-1.77187;1.96474;0.0398712;2.28445;0.7;0.7
-0.999517;-1.69203;1.96519;0.0867689;4.97149;0.7;0.7
-1.0066;-1.70248;1.9778;0.000397439;0.0227716;0.7;0.7
-1.16915;-1.7934;2.14084;0.0437555;2.507;0.7;0.7
-1.09455;-1.65291;1.98246;0.00717667;0.411193;0.7;0.7
-1.11083;-1.62245;1.96629;0.0154609;0.885845;0.7;0.7
-1.11791;-1.52776;1.89309;0.0313478;1.7961;0.7;0.7
-1.12548;-1.58946;1.94759;-0.0155738;-0.892315;0.7;0.7
-1.14775;-1.69798;2.0495;-0.0217316;-1.24513;0.7;0.7
-1.05933;-1.70815;2.00996;-0.0392904;-2.25117;0.7;0.7
-1.0897;-1.69954;2.01889;0.015034;0.861382;0.7;0.7
-1.17246;-1.63606;2.0128;0.0516566;2.9597;0.7;0.7
-1.14311;-1.81995;2.14917;-0.0609759;-3.49366;0.7;0.7
-0.899238;-1.48373;1.73496;-0.0159583;-0.914344;0.7;0.7
-0.717421;-1.75971;1.90033;-0.157748;-9.03828;0.7;0.7
-0.722922;-1.78738;1.92804;-0.00277537;-0.159017;0.7;0.7
-0.786949;-2.04594;2.19207;-0.017151;-0.982681;0.7;0.7
-0.651021;-1.87002;1.9801;-0.03218;-1.84378;0.7;0.7
-0.83962;-1.88516;2.06368;0.0839944;4.81252;0.7;0.7
-0.646063;-1.79349;1.9063;-0.0732517;-4.19701;0.7;0.7
-0.625811;-1.81832;1.923;-0.0142844;-0.818434;0.7;0.7
-0.661782;-1.80015;1.91794;0.0208173;1.19274;0.7;0.7
-0.686252;-1.87861;2.00003;-0.00205185;-0.117562;0.7;0.7
-0.859143;-1.76786;1.96557;0.102131;5.85166;0.7;0.7
-0.729497;-1.6618;1.81487;-0.0387173;-2.21834;0.7;0.7
-0.612275;-1.88497;1.98192;-0.0995824;-5.70565;0.7;0.7
-0.622;-1.99333;2.08812;-0.0116025;-0.664774;0.7;0.7
-0.569941;-1.90498;1.98841;-0.0117582;-0.673695;0.7;0.7
-0.386965;-1.98151;2.01894;-0.0978476;-5.60625;0.7;0.7
-0.404457;-1.93595;1.97774;0.0130966;0.75038;0.7;0.7
-0.427861;-1.96487;2.01091;0.0084515;0.484235;0.7;0.7
-0.429303;-1.89446;1.94249;0.00843759;0.483438;0.7;0.7
-0.279943;-1.97958;1.99928;-0.0823628;-4.71904;0.7;0.7
-0.204621;-1.94903;1.95974;-0.0358805;-2.0558;0.7;0.7
-0.159962;-2.08869;2.0948;-0.0281672;-1.61386;0.7;0.7
-0.281878;-1.80063;1.82256;0.0788479;4.51765;0.7;0.7
-0.497433;-2.00977;2.07042;0.0873475;5.00464;0.7;0.7
-0.469476;-1.95481;2.01039;-0.00693012;-0.397067;0.7;0.7
-0.373509;-1.85912;1.89627;-0.0374344;-2.14483;0.7;0.7
-0.397698;-1.95798;1.99797;0.00212328;0.121655;0.7;0.7
-0.364608;-1.77329;1.81039;0.00239481;0.137212;0.7;0.7
-0.361185;-2.08452;2.11558;-0.0312183;-1.78868;0.7;0.7
-0.362952;-1.98754;2.02041;0.00905723;0.518941;0.7;0.7
-0.254371;-2.01678;2.03276;-0.055159;-3.16038;0.7;0.7
-0.347222;-1.95775;1.9883;0.0500674;2.86865;0.7;0.7
-0.446057;-2.17715;2.22238;0.0265523;1.52133;0.7;0.7
-0.479668;-1.95506;2.01304;0.0385105;2.20649;0.7;0.7
-0.447811;-1.79839;1.85331;0.00344821;0.197568;0.7;0.7
-0.493927;-1.8734;1.93742;0.0137431;0.78742;0.7;0.7
-0.560823;-2.08086;2.15511;0.00547301;0.31358;0.7;0.7
-0.427758;-1.9039;1.95136;-0.0422546;-2.42101;0.7;0.7
-0.321522;-1.75829;1.78744;-0.0401416;-2.29994;0.7;0.7
-0.298386;-1.97265;1.99509;-0.03074;-1.76127;0.7;0.7
-0.305562;-2.02942;2.0523;-0.000679722;-0.0389452;0.7;0.7
-0.298603;-1.978;2.00041;0.000387433;0.0221983;0.7;0.7
-0.0325211;-2.23752;2.23776;-0.135297;-7.75196;0.7;0.7
-0.0185103;-1.90256;1.90265;-0.00480456;-0.275281;0.7;0.7
-0.000234592;-1.98207;1.98207;-0.00961048;-0.55064;0.7;0.7
0.015468;-1.98127;1.98133;-0.00792533;-0.454088;0.7;0.7
-0.180107;-2.19614;2.20352;0.0896345;5.13568;0.7;0.7
-0.172895;-2.08629;2.09344;0.000855297;0.0490049;0.7;0.7
-0.167589;-2.00681;2.0138;0.000634007;0.0363259;0.7;0.7
-0.154032;-1.97731;1.98331;-0.00557407;-0.319371;0.7;0.7
-0.112599;-1.86976;1.87315;-0.0175945;-1.00809;0.7;0.7
-0.0720128;-1.96391;1.96523;-0.0234967;-1.34626;0.7;0.7
0.0784864;-1.55524;1.55722;-0.0870747;-4.98901;0.7;0.7
0.303626;-1.82936;1.85438;-0.114052;-6.53469;0.7;0.7
0.607736;-1.95032;2.04282;-0.137597;-7.88371;0.7;0.7
0.61192;-2.11713;2.20379;0.0207064;1.18639;0.7;0.7
0.793959;-2.10224;2.24717;-0.0797469;-4.56916;0.7;0.7
0.93408;-1.86205;2.0832;-0.103848;-5.95004;0.7;0.7
0.936013;-1.78243;2.01325;-0.0185914;-1.06521;0.7;0.7
0.976504;-1.82097;2.06628;-0.00867686;-0.497148;0.7;0.7
1.09687;-1.79215;2.10117;-0.0569979;-3.26574;0.7;0.7
1.03651;-1.71078;2.00028;0.00450033;0.25785;0.7;0.7
1.00439;-1.74077;2.00975;0.0214047;1.2264;0.7;0.7
1.10321;-1.68676;2.0155;-0.055888;-3.20214;0.7;0.7
1.27402;-1.60685;2.05063;-0.0911677;-5.22353;0.7;0.7
1.32406;-1.64761;2.1137;-0.00657287;-0.376598;0.7;0.7
1.14899;-1.67722;2.03304;0.076321;4.37287;0.7;0.7
1.22741;-1.86968;2.23657;0.0197093;1.12926;0.7;0.7
1.20692;-1.6173;2.018;-0.0601795;-3.44803;0.7;0.7
1.29013;-1.57888;2.03895;-0.0439932;-2.52062;0.7;0.7
1.24969;-1.54253;1.98523;0.00418914;0.24002;0.7;0.7
1.2587;-1.55357;1.99948;-2.48262e-05;-0.00142243;0.7;0.7
1.26351;-1.55341;2.00239;-0.0019189;-0.109945;0.7;0.7
1.27011;-1.47715;1.94812;-0.0273317;-1.56599;0.7;0.7
1.31461;-1.3765;1.90341;-0.0522241;-2.99222;0.7;0.7
1.57621;-1.29243;2.03833;-0.1216;-6.96717;0.7;0.7
1.80176;-1.26281;2.20023;-0.0754791;-4.32464;0.7;0.7
1.66659;-1.26621;2.09304;0.038402;2.20027;0.7;0.7
1.73255;-1.11407;2.05983;-0.0782605;-4.48399;0.7;0.7
1.73232;-0.959179;1.98014;-0.0657806;-3.76895;0.7;0.7
1.78995;-1.03504;2.06767;0.0185984;1.06561;0.7;0.7
1.77039;-1.01126;2.03886;-0.00529484;-0.303372;0.7;0.7
1.76977;-0.943803;2.0057;-0.0290546;-1.6647;0.7;0.7
1.89761;-0.806992;2.06207;-0.0878269;-5.03211;0.7;0.7
1.84475;-0.793879;2.00832;0.00429196;0.245911;0.7;0.7
1.90838;-0.730206;2.04331;-0.040946;-2.34603;0.7;0.7
1.87086;-0.713977;2.00247;-0.00087209;-0.0499671;0.7;0.7
1.80163;-0.407439;1.84712;-0.142163;-8.14532;0.7;0.7
2.01471;-0.458049;2.06612;0.00114302;0.0654901;0.7;0.7
1.68392;-0.34015;1.71794;-0.0242359;-1.38861;0.7;0.7
1.93155;-0.547854;2.00774;0.0770594;4.41518;0.7;0.7
1.92502;-0.549845;2.00201;0.00184673;0.10581;0.7;0.7
1.92978;-0.532774;2.00197;-0.00885187;-0.507175;0.7;0.7
1.86854;-0.563345;1.95161;0.0234523;1.34372;0.7;0.7
1.91815;-0.643762;2.02329;0.0309816;1.77512;0.7;0.7
1.92717;-0.650689;2.03405;0.00181672;0.10409;0.7;0.7
1.77012;-0.501127;1.83969;-0.0497376;-2.84975;0.7;0.7
1.95478;-0.51716;2.02204;-0.0172479;-0.988234;0.7;0.7
1.88647;-0.499884;1.95158;0.000394866;0.0226242;0.7;0.7
1.94934;-0.719613;2.07793;0.0946079;5.42063;0.7;0.7
1.93057;-0.693761;2.05144;-0.00865401;-0.495838;0.7;0.7
2.04485;-0.573288;2.12369;-0.0716449;-4.10495;0.7;0.7
1.90671;-0.50414;1.97224;-0.0148522;-0.850971;0.7;0.7
1.93802;-0.497468;2.00085;-0.00722381;-0.413894;0.7;0.7
1.82706;-0.714418;1.96177;0.121479;6.96022;0.7;0.7
1.83839;-0.702451;1.96803;-0.00776115;-0.444681;0.7;0.7
2.10729;-0.474462;2.16004;-0.143521;-8.22313;0.7;0.7
1.95634;-0.574914;2.03906;0.0643652;3.68785;0.7;0.7
1.93354;-0.613738;2.02861;0.0215327;1.23374;0.7;0.7
1.79486;-0.654672;1.91053;0.0423936;2.42897;0.7;0.7
1.89715;-0.666227;2.01073;-0.0120332;-0.689453;0.7;0.7
1.85693;-0.754544;2.00437;0.0482414;2.76403;0.7;0.7
1.76712;-0.685292;1.89534;-0.0160128;-0.917465;0.7;0.7
1.76305;-0.857736;1.96063;0.0828466;4.74676;0.7;0.7
1.88384;-0.956094;2.11257;0.0168552;0.965734;0.7;0.7
1.72448;-0.950376;1.96902;0.0340438;1.95057;0.7;0.7
1.73998;-0.978503;1.99625;0.00859239;0.492308;0.7;0.7
1.86814;-0.913429;2.07949;-0.0575153;-3.29538;0.7;0.7
1.75283;-0.8881;1.96497;0.0141975;0.813458;0.7;0.7
1.72561;-0.901843;1.94707;0.0126131;0.722676;0.7;0.7
1.86205;-0.986485;2.10722;0.00560905;0.321375;0.7;0.7
1.76637;-0.933018;1.99765;-0.00122812;-0.0703659;0.7;0.7
1.75277;-0.954306;1.99572;0.0126164;0.722864;0.7;0.7
1.6231;-0.869795;1.84147;-0.00663639;-0.380237;0.7;0.7
1.63723;-0.970954;1.90349;0.0433493;2.48373;0.7;0.7
1.76121;-1.05155;2.05125;0.00296627;0.169955;0.7;0.7
1.5998;-1.07166;1.92557;0.0519624;2.97722;0.7;0.7
1.82405;-1.07601;2.11777;-0.0572568;-3.28057;0.7;0.7
1.64642;-1.00517;1.92901;0.0151558;0.868363;0.7;0.7
1.78367;-1.01687;2.05316;-0.0299754;-1.71746;0.7;0.7
1.58056;-1.00014;1.87041;0.0460298;2.63732;0.7;0.7
1.63424;-1.03342;1.93357;-0.000299177;-0.0171416;0.7;0.7
1.65666;-0.985322;1.92753;-0.0273134;-1.56494;0.7;0.7
1.73053;-1.00856;2.00298;-0.00888171;-0.508884;0.7;0.7
1.72884;-0.999702;1.99707;-0.00340538;-0.195114;0.7;0.7
2.09987;-0.897833;2.28376;-0.120231;-6.88874;0.7;0.7
1.76224;-0.884341;1.97169;0.0610665;3.49885;0.7;0.7
1.76074;-1.02103;2.03536;0.0603931;3.46027;0.7;0.7
1.70939;-1.00679;1.98384;0.00677261;0.388042;0.7;0.7
1.93434;-0.767427;2.08101;-0.154582;-8.85691;0.7;0.7
1.87813;-0.683172;1.99852;-0.0288189;-1.6512;0.7;0.7
1.95239;-0.712787;2.07843;0.00117622;0.0673923;0.7;0.7
1.91269;-0.916612;2.12098;0.0968423;5.54865;0.7;0.7
1.83085;-0.840729;2.01465;-0.0164116;-0.940316;0.7;0.7
1.84058;-0.696902;1.9681;-0.0685289;-3.92642;0.7;0.7
1.71259;-0.397077;1.75802;-0.13412;-7.68449;0.7;0.7
2.00892;-0.484082;2.06642;0.00862659;0.494267;0.7;0.7
1.84686;-0.469557;1.90562;0.0125128;0.71693;0.7;0.7
1.9418;-0.465738;1.99687;-0.0135694;-0.777469;0.7;0.7
1.94855;-0.474664;2.00553;0.00354379;0.203044;0.7;0.7
1.86967;-0.591073;1.96088;0.0672496;3.85312;0.7;0.7
1.62314;-0.425146;1.6779;-0.0500218;-2.86604;0.7;0.7
1.96076;-0.509546;2.02589;-0.00192483;-0.110285;0.7;0.7
1.94124;-0.495322;2.00343;-0.00442101;-0.253305;0.7;0.7
1.92738;-0.515727;1.99518;0.0116275;0.666204;0.7;0.7
1.93301;-0.497237;1.99593;-0.00967831;-0.554526;0.7;0.7
2.00902;-0.491349;2.06823;-0.0119129;-0.68256;0.7;0.7
1.82355;-0.162813;1.83081;-0.150816;-8.64114;0.7;0.7
1.94655;-0.16679;1.95368;-0.00357085;-0.204595;0.7;0.7
1.96477;-0.151235;1.97059;-0.00865452;-0.495867;0.7;0.7
1.97918;-0.310808;2.00343;0.0789449;4.52321;0.7;0.7
1.96377;-0.331179;1.9915;0.0113051;0.647736;0.7;0.7
2.0728;-0.353795;2.10278;0.00198331;0.113635;0.7;0.7
1.96901;-0.347512;1.99944;0.0056369;0.32297;0.7;0.7
1.88608;-0.292715;1.90866;-0.0207227;-1.18732;0.7;0.7
1.7279;-0.307479;1.75505;0.0221364;1.26832;0.7;0.7
1.72332;-0.0296136;1.72357;-0.158923;-9.10564;0.7;0.7
2.08053;0.0423794;2.08096;-0.037549;-2.1514;0.7;0.7
1.87728;0.113965;1.88074;-0.0402667;-2.30711;0.7;0.7
1.92062;0.292991;1.94284;-0.0907499;-5.19959;0.7;0.7
1.91026;0.318074;1.93656;-0.013611;-0.779852;0.7;0.7
1.83625;0.10186;1.83908;0.109579;6.27843;0.7;0.7
1.94913;0.215838;1.96104;-0.0548716;-3.14391;0.7;0.7
1.90058;0.201842;1.91127;0.00448279;0.256845;0.7;0.7
1.98315;0.184095;1.99167;0.0132395;0.758567;0.7;0.7
1.99057;0.195775;2.00017;-0.0054718;-0.313511;0.7;0.7
1.99387;0.225446;2.00657;-0.0145553;-0.83396;0.7;0.7
1.9881;0.205743;1.99872;0.00947107;0.542652;0.7;0.7
1.98542;0.20842;1.99633;-0.00147182;-0.0843291;0.7;0.7
1.92716;0.229777;1.94081;-0.0140789;-0.806662;0.7;0.7
2.33753;0.0212709;2.33763;0.109572;6.27799;0.7;0.7
1.85519;0.0855306;1.85716;-0.0369712;-2.1183;0.7;0.7
1.98836;0.0762754;1.98983;0.00772862;0.442817;0.7;0.7
1.97144;0.360739;2.00417;-0.142638;-8.17257;0.7;0.7
1.81584;0.514534;1.88733;-0.0951402;-5.45113;0.7;0.7
1.94754;0.587525;2.03423;-0.0168731;-0.966758;0.7;0.7
1.89366;0.612817;1.99035;-0.0199854;-1.14508;0.7;0.7
1.96151;0.601279;2.05159;0.0155337;0.890017;0.7;0.7
1.89124;0.634287;1.99477;-0.0261482;-1.49818;0.7;0.7
1.86792;0.639809;1.97446;-0.00640641;-0.36706;0.7;0.7
1.86542;0.414437;1.9109;0.111382;6.38173;0.7;0.7
1.78545;0.199632;1.79657;0.10727;6.1461;0.7;0.7
1.85424;0.199315;1.86492;0.00426771;0.244522;0.7;0.7
2.00296;0.214483;2.01441;0.000403903;0.023142;0.7;0.7
1.99405;0.0244426;1.9942;0.0944194;5.40983;0.7;0.7
1.96076;0.141647;1.96587;-0.0598581;-3.42962;0.7;0.7
2.03682;0.0893674;2.03878;0.0282674;1.6196;0.7;0.7
2.09694;0.261659;2.1132;-0.080292;-4.60039;0.7;0.7
1.95796;0.293447;1.97983;-0.0246269;-1.41102;0.7;0.7
2.02667;0.17984;2.03463;0.0602619;3.45275;0.7;0.7
2.25259;0.184481;2.26014;0.00679029;0.389055;0.7;0.7
1.80466;0.503269;1.87352;-0.190248;-10.9004;0.7;0.7
1.85223;0.619124;1.95296;-0.0506211;-2.90037;0.7;0.7
1.92192;0.584363;2.0088;0.0274141;1.57071;0.7;0.7
1.89646;0.690473;2.01825;-0.0539972;-3.09381;0.7;0.7
1.87684;0.677017;1.99521;0.0029724;0.170306;0.7;0.7
1.88044;0.628682;1.98275;0.0235487;1.34924;0.7;0.7
1.86664;0.850882;2.05143;-0.105051;-6.01896;0.7;0.7
1.89375;0.972786;2.12899;-0.0468384;-2.68364;0.7;0.7
1.78943;0.930602;2.01695;-0.00502756;-0.288058;0.7;0.7
1.88038;0.783195;2.03696;0.0849052;4.86471;0.7;0.7
1.86429;0.83734;2.0437;-0.0274868;-1.57488;0.7;0.7
1.87202;0.796174;2.03429;0.0200178;1.14693;0.7;0.7
1.82017;0.909745;2.03486;-0.0613723;-3.51637;0.7;0.7
1.92673;0.847435;2.10486;0.0491331;2.81512;0.7;0.7
1.83208;0.802557;2.00016;0.00148713;0.0852061;0.7;0.7
1.86483;0.906077;2.0733;-0.0394075;-2.25788;0.7;0.7
1.87017;0.995607;2.11867;-0.0369153;-2.11509;0.7;0.7
1.74166;0.993137;2.00492;-0.0290361;-1.66365;0.7;0.7
1.71254;1.03208;1.9995;-0.0241346;-1.38281;0.7;0.7
1.98149;1.00519;2.22187;0.0729101;4.17744;0.7;0.7
1.77157;0.839719;1.9605;0.0268308;1.53729;0.7;0.7
1.64292;0.893303;1.87008;-0.055384;-3.17327;0.7;0.7
1.31632;1.12234;1.72984;-0.208008;-11.918;0.7;0.7
1.40338;1.39957;1.98199;-0.0780169;-4.47004;0.7;0.7
1.45812;1.35189;1.9884;0.036428;2.08717;0.7;0.7
1.45669;1.4371;2.04627;-0.0310171;-1.77715;0.7;0.7
1.26258;1.31875;1.82571;-0.0285278;-1.63452;0.7;0.7
1.34233;1.44435;1.9718;-0.0148375;-0.850128;0.7;0.7
1.30301;1.42492;1.93086;-0.00806248;-0.461946;0.7;0.7
1.36444;1.45817;1.99698;0.0114628;0.656767;0.7;0.7
0.935764;1.44746;1.7236;-0.178302;-10.216;0.7;0.7
1.1039;1.80299;2.11409;-0.0245149;-1.4046;0.7;0.7
1.11417;1.77956;2.09957;0.00999844;0.572869;0.7;0.7
0.984433;1.77305;2.02801;-0.0525416;-3.01041;0.7;0.7
0.91922;1.73876;1.96679;-0.0205279;-1.17616;0.7;0.7
0.931112;1.79324;2.02057;-0.00739827;-0.42389;0.7;0.7
0.894181;1.75273;1.96764;-0.00716996;-0.410808;0.7;0.7
0.904926;1.78016;1.99696;-0.00144839;-0.0829867;0.7;0.7
0.784876;1.89339;2.04962;-0.0773234;-4.4303;0.7;0.7
0.764297;1.83729;1.98992;0.00124123;0.0711175;0.7;0.7
0.728938;1.53514;1.69941;0.0490991;2.81317;0.7;0.7
0.818846;1.807;1.98387;-0.0178416;-1.02225;0.7;0.7
0.843739;1.84921;2.03261;0.00258227;0.147953;0.7;0.7
0.781135;1.88556;2.04096;-0.0353059;-2.02288;0.7;0.7
0.75781;1.84663;1.99608;-0.00333197;-0.190908;0.7;0.7
1.00187;1.87202;2.12325;0.101977;5.84286;0.7;0.7
0.930106;1.87257;2.09084;-0.0303904;-1.74124;0.7;0.7
0.918495;1.68653;1.92042;0.0376885;2.15939;0.7;0.7
0.803214;1.99695;2.15243;-0.116274;-6.66198;0.7;0.7
0.730015;1.90606;2.04107;-0.0166554;-0.954283;0.7;0.7
0.556432;1.96029;2.03773;-0.0891866;-5.11001;0.7;0.7
0.386558;2.07148;2.10724;-0.0920896;-5.27634;0.7;0.7
0.367758;1.96704;2.00112;0.000338967;0.0194214;0.7;0.7
0.262883;1.79214;1.81132;-0.0391786;-2.24477;0.7;0.7
0.259938;1.89265;1.91042;-0.00916126;-0.524901;0.7;0.7
0.248196;1.91008;1.92614;-0.00727039;-0.416562;0.7;0.7
0.26309;1.98231;1.99969;0.00273165;0.156512;0.7;0.7
0.39774;2.06575;2.10369;0.0582649;3.33834;0.7;0.7
0.391975;2.02195;2.0596;0.00127171;0.0728635;0.7;0.7
0.382744;1.95715;1.99422;0.00164018;0.0939753;0.7;0.7
0.369769;1.92869;1.96381;-0.00370251;-0.212138;0.7;0.7
0.540032;1.73257;1.81478;0.112729;6.45888;0.7;0.7
0.688832;1.96714;2.08426;0.0346752;1.98674;0.7;0.7
0.685063;1.85173;1.97439;0.017518;1.00371;0.7;0.7
0.686175;1.95649;2.07333;-0.0170299;-0.975742;0.7;0.7
0.712841;1.80368;1.93944;0.0390596;2.23795;0.7;0.7
0.791301;1.59587;1.78128;0.0839421;4.80953;0.7;0.7
0.948699;1.55596;1.82237;0.0872208;4.99738;0.7;0.7
1.29296;1.81765;2.23061;0.0707568;4.05407;0.7;0.7
1.47238;1.65485;2.21504;0.108822;6.23506;0.7;0.7
1.53905;1.36851;2.05949;0.116869;6.69612;0.7;0.7
1.48752;1.315;1.98544;0.00289476;0.165858;0.7;0.7
1.50205;1.28401;1.97606;0.0166201;0.952263;0.7;0.7
1.60666;1.24733;2.03401;0.0471468;2.70131;0.7;0.7
1.61856;1.26553;2.05458;-0.00344879;-0.197601;0.7;0.7
1.59444;1.45163;2.15626;-0.0749527;-4.29447;0.7;0.7
1.51157;1.30919;1.99971;0.0247768;1.4196;0.7;0.7
1.53866;1.2741;1.9977;0.0221591;1.26962;0.7;0.7
1.40317;1.31369;1.92215;-0.0608577;-3.48689;0.7;0.7
1.43164;1.38242;1.99014;-0.0154369;-0.884468;0.7;0.7
1.43603;1.36744;1.98294;0.00697083;0.399399;0.7;0.7
1.46044;1.36414;1.99844;0.00962007;0.551189;0.7;0.7
1.4861;1.33975;2.00086;0.0176643;1.01209;0.7;0.7
1.51058;1.34072;2.01974;0.00775888;0.444551;0.7;0.7
1.50637;1.21523;1.93544;0.0470674;2.69676;0.7;0.7
1.55153;1.24075;1.98664;0.00427485;0.244931;0.7;0.7
1.5619;1.25342;2.00265;-0.00170795;-0.0978586;0.7;0.7
1.66;1.16987;2.03081;0.0623589;3.5729;0.7;0.7
1.57134;1.122;1.9308;-0.00618248;-0.35423;0.7;0.7
1.76278;1.17598;2.11904;0.0317696;1.82027;0.7;0.7
1.66699;1.07352;1.98275;0.0161805;0.927076;0.7;0.7
1.4308;1.10261;1.80636;-0.0844355;-4.8378;0.7;0.7
1.74563;1.0655;2.04511;0.108552;6.2196;0.7;0.7
1.70438;1.06379;2.00912;-0.00997149;-0.571324;0.7;0.7
1.41404;0.796306;1.62284;0.0451114;2.58469;0.7;0.7
1.72501;1.00423;1.99603;-0.0143197;-0.820456;0.7;0.7
1.73927;1.01738;2.01498;-0.00207807;-0.119065;0.7;0.7
1.72295;1.04121;2.01312;-0.0143152;-0.820198;0.7;0.7
1.8028;1.12415;2.12457;-0.0139716;-0.800515;0.7;0.7
1.52451;1.10043;1.88018;-0.0676611;-3.87669;0.7;0.7
1.58923;1.45317;2.15345;-0.11548;-6.61652;0.7;0.7
1.45175;1.3426;1.97741;-0.00565661;-0.3241;0.7;0.7
1.33073;1.42038;1.94636;-0.0716145;-4.10321;0.7;0.7
1.36655;1.53069;2.05194;-0.0240176;-1.37611;0.7;0.7
1.26413;1.51348;1.97197;-0.0329366;-1.88713;0.7;0.7
1.29319;1.50937;1.98759;0.0125492;0.719017;0.7;0.7
1.5338;1.36428;2.05276;0.13541;7.75843;0.7;0.7
1.35141;1.31184;1.88341;-0.0435708;-2.49642;0.7;0.7
1.37221;1.39688;1.95812;-0.0237693;-1.36188;0.7;0.7
1.37543;1.4722;2.01474;-0.0250575;-1.43569;0.7;0.7
1.34041;1.44918;1.97404;-0.00500083;-0.286527;0.7;0.7
1.27942;1.24404;1.78453;0.0529922;3.03623;0.7;0.7
1.39476;1.49892;2.04746;-0.0500021;-2.86491;0.7;0.7
1.41115;1.41656;1.9995;0.0340695;1.95204;0.7;0.7
1.39067;1.47211;2.02512;-0.0265297;-1.52004;0.7;0.7
1.21438;1.63486;2.03654;-0.118078;-6.76535;0.7;0.7
1.42602;1.84356;2.33072;0.0195005;1.1173;0.7;0.7
0.864039;1.37944;1.6277;-0.0987984;-5.66073;0.7;0.7
1.06836;1.68729;1.99709;0.0048767;0.279414;0.7;0.7
0.931096;1.66031;1.90357;-0.0533659;-3.05764;0.7;0.7
1.04742;1.7234;2.01673;0.0350174;2.00635;0.7;0.7
1.14855;1.85074;2.17817;0.00931233;0.533557;0.7;0.7
0.943102;1.82242;2.05199;-0.0778735;-4.46182;0.7;0.7
0.895375;1.82386;2.03178;-0.0211891;-1.21405;0.7;0.7
0.922667;1.55836;1.81102;0.0782115;4.48119;0.7;0.7
1.19568;1.64335;2.0323;0.0944271;5.41028;0.7;0.7
0.835041;1.57637;1.78388;-0.141856;-8.12778;0.7;0.7
0.984626;1.89728;2.13756;-0.00843749;-0.483433;0.7;0.7
0.743078;1.89032;2.03113;-0.104165;-5.96821;0.7;0.7
0.693543;1.83604;1.96266;-0.0133715;-0.766129;0.7;0.7
0.858816;1.91414;2.09797;0.0605783;3.47088;0.7;0.7
0.724676;1.8331;1.97114;-0.0452745;-2.59404;0.7;0.7
0.718036;2.00649;2.1311;-0.0328157;-1.8802;0.7;0.7
0.588053;1.85585;1.94679;-0.0368008;-2.10853;0.7;0.7
0.537845;1.93394;2.00734;-0.0356029;-2.0399;0.7;0.7
0.408122;1.90784;1.95101;-0.0605113;-3.46704;0.7;0.7
0.0657229;1.88082;1.88197;-0.175812;-10.0733;0.7;0.7
0.116451;2.00199;2.00537;0.0231725;1.32769;0.7;0.7
0.148419;2.02799;2.03342;0.014953;0.856745;0.7;0.7
0.203163;1.75635;1.76806;0.0421067;2.41254;0.7;0.7
0.202272;2.04925;2.0592;-0.0167747;-0.961121;0.7;0.7
0.166535;2.20179;2.20808;-0.0228946;-1.31177;0.7;0.7
0.120442;1.96219;1.96589;-0.0141879;-0.812905;0.7;0.7
0.231147;1.81729;1.83193;0.0652093;3.73622;0.7;0.7
0.238507;2.03236;2.04631;-0.00969371;-0.555409;0.7;0.7
0.0192816;2.09271;2.0928;-0.107607;-6.16541;0.7;0.7
0.143959;2.00029;2.00546;0.0626318;3.58854;0.7;0.7
0.199988;2.15428;2.16354;0.0207221;1.18729;0.7;0.7
0.226801;2.0499;2.06241;0.0176244;1.00981;0.7;0.7
0.261464;1.91158;1.92938;0.0257438;1.47501;0.7;0.7
0.206478;2.04741;2.05779;-0.0354265;-2.02979;0.7;0.7
0.203776;1.98542;1.99585;0.00176905;0.101359;0.7;0.7
0.202344;1.99294;2.00318;-0.00109412;-0.0626882;0.7;0.7
0.214434;1.92993;1.94181;0.00947187;0.542698;0.7;0.7
0.107729;1.87043;1.87353;-0.0531233;-3.04374;0.7;0.7
0.159379;1.92106;1.92766;0.0252421;1.44627;0.7;0.7
0.142762;1.93373;1.93899;-0.00908119;-0.520314;0.7;0.7
0.164302;2.00249;2.00922;0.0081718;0.46821;0.7;0.7
0.145577;1.92716;1.93265;-0.00646899;-0.370646;0.7;0.7
0.100992;1.94842;1.95104;-0.0236101;-1.35276;0.7;0.7
0.325458;1.80031;1.82949;0.127061;7.28008;0.7;0.7
0.461074;1.96344;2.01685;0.0518033;2.96811;0.7;0.7
0.581766;1.85542;1.94449;0.0731903;4.1935;0.7;0.7
0.540657;1.88669;1.96263;-0.0247562;-1.41843;0.7;0.7
0.358082;1.86729;1.90131;-0.0896195;-5.13482;0.7;0.7
0.225508;1.80728;1.82129;-0.0653292;-3.74309;0.7;0.7
0.137539;1.83748;1.84262;-0.0494236;-2.83176;0.7;0.7
0.278597;1.95015;1.96995;0.0671867;3.84952;0.7;0.7
0.372906;2.03202;2.06595;0.0395962;2.26869;0.7;0.7
0.409247;2.14237;2.18111;0.00725559;0.415715;0.7;0.7
0.326582;2.16364;2.18815;-0.038941;-2.23115;0.7;0.7
0.297813;1.97437;1.9967;-9.90387e-05;-0.0056745;0.7;0.7
0.249745;1.89481;1.91119;-0.0186616;-1.06923;0.7;0.7
0.260192;1.98387;2.00086;-0.000639895;-0.0366633;0.7;0.7
0.2379;1.90456;1.91936;-0.0061429;-0.351962;0.7;0.7
0.274424;1.9961;2.01488;0.0123565;0.707975;0.7;0.7
0.26966;2.01011;2.02812;-0.00326781;-0.187232;0.7;0.7
0.353401;1.93724;1.96921;0.047085;2.69777;0.7;0.7
0.418902;1.79055;1.8389;0.0493775;2.82912;0.7;0.7
0.560029;1.9599;2.03834;0.0485087;2.77935;0.7;0.7
0.570865;1.9351;2.01755;0.00854168;0.489402;0.7;0.7
0.62944;1.80893;1.91531;0.0479904;2.74965;0.7;0.7
0.697303;1.90066;2.02453;0.0167694;0.960813;0.7;0.7
0.703982;2.0014;2.1216;-0.0133999;-0.767757;0.7;0.7
0.599531;1.93269;2.02354;-0.0374344;-2.14483;0.7;0.7
0.663667;1.92121;2.03261;0.0318144;1.82283;0.7;0.7
0.804363;1.83062;1.99954;0.0813902;4.66332;0.7;0.7
0.786466;1.94043;2.09375;-0.0289279;-1.65745;0.7;0.7
0.797732;1.87721;2.03968;0.0167623;0.96041;0.7;0.7
0.885202;1.80148;2.00721;0.0548911;3.14503;0.7;0.7
0.841083;1.8647;2.04561;-0.0329923;-1.89032;0.7;0.7
0.700826;1.76842;1.90223;-0.0464193;-2.65963;0.7;0.7
0.795725;1.98778;2.14113;0.00346014;0.198252;0.7;0.7
0.873099;1.92946;2.11781;0.0441666;2.53056;0.7;0.7
0.807281;1.73383;1.91256;0.0108159;0.619704;0.7;0.7
0.924806;1.46616;1.73346;0.12698;7.27544;0.7;0.7
0.938097;1.74525;1.9814;-0.0695295;-3.98375;0.7;0.7
0.888681;1.78395;1.99304;-0.031036;-1.77823;0.7;0.7
0.889027;1.79628;2.00425;-0.0025903;-0.148413;0.7;0.7
1.00989;1.6879;1.96695;0.0796;4.56074;0.7;0.7
1.01798;1.75496;2.02883;-0.0135524;-0.776495;0.7;0.7
1.13428;1.74325;2.07979;0.0512179;2.93457;0.7;0.7
1.25772;1.69218;2.1084;0.0623242;3.57092;0.7;0.7
1.23583;1.63256;2.04756;0.00878926;0.503587;0.7;0.7
1.33285;1.70495;2.1641;0.0155575;0.891378;0.7;0.7
1.22566;1.62389;2.03452;-0.0169724;-0.972447;0.7;0.7
1.325;1.50225;2.0031;0.0762409;4.36828;0.7;0.7
1.29155;1.29858;1.8315;0.0599015;3.4321;0.7;0.7
1.13893;1.37664;1.7867;-0.0915037;-5.24277;0.7;0.7
1.06294;1.47561;1.81859;-0.0669348;-3.83508;0.7;0.7
1.1403;1.62402;1.98437;-0.0120815;-0.69222;0.7;0.7
1.18984;1.70469;2.07887;-0.00279816;-0.160323;0.7;0.7
1.20997;1.81148;2.17841;-0.0204823;-1.17355;0.7;0.7
1.17019;1.58865;1.97311;0.0459801;2.63446;0.7;0.7
1.17774;1.61934;2.00233;-0.00605231;-0.346772;0.7;0.7
1.04846;1.5038;1.83322;-0.0199639;-1.14385;0.7;0.7
1.42059;1.71508;2.22701;0.082907;4.75022;0.7;0.7
1.28233;1.53261;1.99831;0.00496494;0.28447;0.7;0.7
1.33895;1.36111;1.90929;0.0804693;4.61055;0.7;0.7
1.49564;1.30446;1.98458;0.0763765;4.37605;0.7;0.7
1.51269;1.32204;2.00898;-0.00101698;-0.0582686;0.7;0.7
1.60014;1.30883;2.06724;0.0326597;1.87127;0.7;0.7
1.67662;1.49822;2.24849;-0.0436777;-2.50255;0.7;0.7
1.75954;1.22903;2.14628;0.119549;6.84966;0.7;0.7
1.57803;1.16837;1.96348;-0.0276134;-1.58213;0.7;0.7
1.55816;1.08477;1.89858;0.0291657;1.67107;0.7;0.7
1.59271;1.0375;1.90082;0.0308015;1.7648;0.7;0.7
1.56609;1.12843;1.93028;-0.047018;-2.69393;0.7;0.7
1.45916;1.13103;1.84618;-0.0350088;-2.00586;0.7;0.7
1.38534;1.30041;1.90006;-0.0944001;-5.40872;0.7;0.7
1.45958;1.36464;1.99815;0.00199399;0.114247;0.7;0.7
1.44785;1.58426;2.14619;-0.0785617;-4.50125;0.7;0.7
1.23893;1.22521;1.74243;0.0505266;2.89496;0.7;0.7
1.27334;1.47008;1.94487;-0.077161;-4.421;0.7;0.7
1.3315;1.53222;2.02993;0.00161517;0.0925426;0.7;0.7
1.36653;1.51824;2.04266;0.0174359;0.999005;0.7;0.7
1.26692;1.47243;1.94245;-0.0223398;-1.27998;0.7;0.7
1.16497;1.6035;1.98201;-0.0822135;-4.71049;0.7;0.7
1.16163;1.64323;2.01236;-0.0129497;-0.741962;0.7;0.7
0.942438;1.55596;1.81912;-0.0707577;-4.05411;0.7;0.7
1.039;1.64546;1.94604;0.0186169;1.06667;0.7;0.7
1.06432;1.6049;1.92575;0.0223641;1.28137;0.7;0.7
1.1192;1.68799;2.02532;-9.35807e-05;-0.00536178;0.7;0.7
1.10189;1.62352;1.96214;0.0108086;0.619286;0.7;0.7
1.00255;1.54019;1.83774;-0.0192656;-1.10384;0.7;0.7
0.803525;1.9334;2.09373;-0.183144;-10.4934;0.7;0.7
0.815913;1.89243;2.06082;0.0131818;0.755263;0.7;0.7
0.617335;1.81069;1.91303;-0.0784838;-4.49679;0.7;0.7
0.670764;1.9049;2.01955;0.00998606;0.572159;0.7;0.7
0.753608;1.83601;1.98465;0.0509246;2.91776;0.7;0.7
0.622434;1.78941;1.89457;-0.05474;-3.13637;0.7;0.7
0.464723;1.78377;1.84332;-0.0798891;-4.57731;0.7;0.7
0.528216;2.01922;2.08716;0.000998559;0.0572132;0.7;0.7
0.619617;2.03642;2.1286;0.0395064;2.26355;0.7;0.7
0.583915;1.80263;1.89484;0.0178904;1.02504;0.7;0.7
0.571565;1.82054;1.90815;-0.00904852;-0.518442;0.7;0.7
0.615363;2.08667;2.17551;-0.017436;-0.999009;0.7;0.7
0.47223;2.09762;2.15012;-0.0653386;-3.74362;0.7;0.7
0.478825;1.88773;1.94752;0.0269764;1.54564;0.7;0.7
0.46232;1.89279;1.94844;-0.00884901;-0.507011;0.7;0.7
0.354072;1.70119;1.73764;-0.0343593;-1.96864;0.7;0.7
0.422171;1.97503;2.01964;0.00538254;0.308397;0.7;0.7
0.299009;1.81754;1.84197;-0.0475327;-2.72343;0.7;0.7
0.0726611;2.14371;2.14494;-0.129171;-7.40094;0.7;0.7
0.0663338;2.04494;2.04602;-0.0014555;-0.0833943;0.7;0.7
-0.0791892;1.75658;1.75837;-0.0774775;-4.43913;0.7;0.7
-0.0896438;1.9895;1.99152;2.30133e-05;0.00131857;0.7;0.7
-0.240845;2.13793;2.15145;-0.0671526;-3.84756;0.7;0.7
-0.096983;2.08588;2.08813;0.0657189;3.76542;0.7;0.7
-0.218496;2.07886;2.09031;-0.0582579;-3.33793;0.7;0.7
-0.225452;2.03225;2.04472;-0.00576603;-0.330369;0.7;0.7
-0.449753;2.18182;2.2277;-0.0928031;-5.31723;0.7;0.7
-0.365406;1.92527;1.95964;0.0157245;0.900945;0.7;0.7
-0.418227;2.08481;2.12635;-0.0104148;-0.596721;0.7;0.7
-0.22103;1.90934;1.92209;0.0827293;4.74004;0.7;0.7
-0.308928;2.19526;2.21689;-0.0245577;-1.40705;0.7;0.7
-0.499355;2.12755;2.18537;-0.090729;-5.19839;0.7;0.7
-0.571602;1.97601;2.05702;-0.0510483;-2.92485;0.7;0.7
-0.570848;1.81275;1.90051;-0.0234914;-1.34596;0.7;0.7
-0.606336;2.09276;2.17883;0.023068;1.3217;0.7;0.7
-0.734043;1.89682;2.0339;-0.0872302;-4.99792;0.7;0.7
-0.756708;1.9938;2.13257;0.00650138;0.372501;0.7;0.7
-0.829739;2.00543;2.1703;-0.0295637;-1.69388;0.7;0.7
-0.858591;1.91687;2.10038;-0.0288156;-1.65101;0.7;0.7
-0.447786;1.81521;1.86963;0.179259;10.2708;0.7;0.7
-0.508888;1.79279;1.86361;-0.0347211;-1.98937;0.7;0.7
-0.514607;1.8854;1.95437;0.0101249;0.580114;0.7;0.7
-0.424958;1.81472;1.86381;0.0364257;2.08704;0.7;0.7
-0.402695;1.94621;1.98743;0.025994;1.48935;0.7;0.7
-0.593543;2.12909;2.21027;-0.0678416;-3.88704;0.7;0.7
-0.626646;1.75121;1.85995;-0.0717633;-4.11173;0.7;0.7
-0.657055;1.89587;2.0065;0.0100202;0.574116;0.7;0.7
-0.761707;1.71248;1.87424;-0.084902;-4.86453;0.7;0.7
-0.754891;1.80737;1.95868;0.0228704;1.31037;0.7;0.7
-0.79203;1.983;2.13532;0.0156525;0.896821;0.7;0.7
-0.823797;1.94473;2.11202;-0.0206911;-1.18551;0.7;0.7
-0.794362;2.05372;2.202;0.0316203;1.81171;0.7;0.7
-0.732022;1.85905;1.99798;-0.00604784;-0.346515;0.7;0.7
-0.677379;1.88064;1.99892;0.0293965;1.68429;0.7;0.7
-0.683516;1.90394;2.02292;0.0010493;0.0601206;0.7;0.7
-0.607285;1.88812;1.98338;0.0334848;1.91854;0.7;0.7
-0.76925;1.77439;1.93396;-0.0978878;-5.60855;0.7;0.7
-0.809343;1.8332;2.00391;-0.00668251;-0.38288;0.7;0.7
-1.06584;1.69991;2.00642;-0.144277;-8.26645;0.7;0.7
-1.10512;1.81107;2.12162;0.012146;0.695914;0.7;0.7
-0.847102;2.0191;2.1896;0.150646;8.63138;0.7;0.7
-0.823186;1.95565;2.12184;-0.00117495;-0.0673196;0.7;0.7
-0.741429;2.0165;2.14848;0.046076;2.63996;0.7;0.7
-0.611043;1.87094;1.96819;0.0366636;2.10067;0.7;0.7
-0.659752;1.93718;2.04644;-0.0125774;-0.720631;0.7;0.7
-0.642052;1.89496;2.00078;0.00157183;0.0900591;0.7;0.7
-0.636489;1.91848;2.02131;0.0063404;0.363278;0.7;0.7
-0.627434;1.85956;1.96256;-0.00507445;-0.290744;0.7;0.7
-0.851388;1.93189;2.11118;-0.0896791;-5.13823;0.7;0.7
-0.829135;1.90132;2.07424;0.00387323;0.22192;0.7;0.7
-0.775858;1.88835;2.04152;0.0213826;1.22513;0.7;0.7
-0.907358;1.72895;1.95258;-0.0934534;-5.35448;0.7;0.7
-0.941828;1.78008;2.01388;-0.0033581;-0.192405;0.7;0.7
-1.05259;2.00583;2.26524;0.003388;0.194118;0.7;0.7
-0.926281;1.7703;1.99799;0.00120119;0.0688232;0.7;0.7
-0.74097;1.92445;2.06217;0.114525;6.56182;0.7;0.7
-0.592322;1.97965;2.06636;0.076807;4.40071;0.7;0.7
-0.531108;2.06741;2.13454;0.0392707;2.25004;0.7;0.7
-0.55205;1.94288;2.01979;-0.025386;-1.45451;0.7;0.7
-0.539609;1.89846;1.97366;-8.81367e-05;-0.00504986;0.7;0.7
-0.53681;2.08532;2.1533;0.0249781;1.43114;0.7;0.7
-0.546191;2.10852;2.17811;-0.00151511;-0.0868094;0.7;0.7
-0.536814;1.98607;2.05734;-0.010513;-0.602351;0.7;0.7
-0.383039;2.04843;2.08394;0.0791252;4.53354;0.7;0.7
-0.34811;1.97894;2.00933;0.0107311;0.614845;0.7;0.7
-0.362369;2.13504;2.16558;0.00600339;0.343969;0.7;0.7
-0.384364;1.98249;2.01941;-0.0233814;-1.33966;0.7;0.7
-0.379949;1.78813;1.82805;-0.0178665;-1.02367;0.7;0.7
-0.436954;1.95438;2.00264;-0.0105887;-0.606688;0.7;0.7
-0.527711;1.9086;1.98021;-0.0497935;-2.85296;0.7;0.7
-0.497047;1.85492;1.92036;0.00794217;0.455053;0.7;0.7
-0.528807;1.95574;2.02597;-0.00226313;-0.129668;0.7;0.7
-0.537196;1.96777;2.03978;-0.0024302;-0.13924;0.7;0.7
-0.448271;1.92971;1.98109;0.0382516;2.19166;0.7;0.7
-0.425974;1.9854;2.03059;0.0169029;0.968464;0.7;0.7
-0.453401;1.97673;2.02807;-0.0141197;-0.808999;0.7;0.7
-0.43882;2.01851;2.06566;0.0114017;0.653268;0.7;0.7
-0.515413;1.95351;2.02036;-0.0438949;-2.51499;0.7;0.7
-0.461167;1.87233;1.92829;0.0164625;0.943229;0.7;0.7
-0.48324;1.91354;1.97361;-0.005866;-0.336097;0.7;0.7
-0.463204;2.09286;2.14351;0.029551;1.69315;0.7;0.7
-0.434714;2.02522;2.07135;0.00637234;0.365108;0.7;0.7
-0.281046;1.8146;1.83623;0.0577823;3.31068;0.7;0.7
-0.172239;2.06858;2.07574;0.070587;4.04434;0.7;0.7
-0.16664;2.07052;2.07721;0.00276363;0.158344;0.7;0.7
-0.183139;1.79644;1.80575;-0.0212853;-1.21956;0.7;0.7
-0.225171;2.05602;2.06831;-0.00748899;-0.429088;0.7;0.7
-0.115936;1.80088;1.80461;0.0447949;2.56656;0.7;0.7
-0.0423624;2.05437;2.05481;0.0436708;2.50215;0.7;0.7
-0.0445244;1.95963;1.96014;-0.00209918;-0.120274;0.7;0.7
-0.0463215;2.02805;2.02858;-0.000119516;-0.00684778;0.7;0.7
0.16681;2.00394;2.01087;0.105886;6.06682;0.7;0.7
0.121099;1.76348;1.76764;-0.0144868;-0.830034;0.7;0.7
0.0776436;1.95359;1.95513;-0.0288395;-1.65238;0.7;0.7
-0.00111831;1.98001;1.98001;-0.040288;-2.30833;0.7;0.7
-0.0465346;2.02865;2.02918;-0.0223699;-1.2817;0.7;0.7
-0.090224;2.0755;2.07746;-0.020509;-1.17508;0.7;0.7
-0.0379158;2.09799;2.09833;0.0253732;1.45378;0.7;0.7
-0.0455417;1.76932;1.7699;-0.00766356;-0.43909;0.7;0.7
0.0108923;1.94867;1.9487;0.0313235;1.79471;0.7;0.7
0.125197;1.767;1.77143;0.0651448;3.73252;0.7;0.7
0.196409;2.11109;2.12021;0.0220352;1.26252;0.7;0.7
0.0360878;1.79527;1.79563;-0.0726707;-4.16372;0.7;0.7
-0.0305399;1.9724;1.97263;-0.0355813;-2.03866;0.7;0.7
0.00515485;1.92544;1.92545;0.0181596;1.04047;0.7;0.7
0.00135394;2.00516;2.00516;-0.00200199;-0.114706;0.7;0.7
-0.035955;2.06246;2.06277;-0.0181065;-1.03743;0.7;0.7
0.0465333;1.9322;1.93276;0.0415098;2.37834;0.7;0.7
-0.0735999;1.93853;1.93993;-0.0620271;-3.55389;0.7;0.7
-0.108513;1.99886;2.0018;-0.0162858;-0.933107;0.7;0.7
-0.227634;1.78589;1.80034;-0.0725448;-4.15651;0.7;0.7
-0.438676;2.00041;2.04795;-0.0890964;-5.10485;0.7;0.7
-0.485775;1.91337;1.97408;-0.0327553;-1.87674;0.7;0.7
-0.493095;1.92404;1.98622;-0.00225093;-0.128969;0.7;0.7
-0.569306;1.88997;1.97386;-0.0416981;-2.38913;0.7;0.7
-0.731812;1.671;1.82422;-0.120206;-6.88732;0.7;0.7
-0.650739;1.71528;1.83457;0.0501835;2.8753;0.7;0.7
-0.508372;1.98018;2.04439;0.111299;6.37699;0.7;0.7
-0.49959;1.83334;1.90019;-0.0147402;-0.844551;0.7;0.7
-0.566955;1.96065;2.04098;-0.0154449;-0.884928;0.7;0.7
-0.505347;1.92459;1.98983;0.0247109;1.41583;0.7;0.7
-0.58827;1.85074;1.94198;-0.0509797;-2.92092;0.7;0.7
-0.733305;1.96713;2.09936;-0.0490654;-2.81124;0.7;0.7
-0.873743;1.85581;2.05121;-0.0832052;-4.76731;0.7;0.7
-0.779445;1.65762;1.83173;0.000488329;0.0279792;0.7;0.7
-0.730467;1.66974;1.82253;0.0271512;1.55565;0.7;0.7
-0.7235;1.87829;2.01282;0.044714;2.56192;0.7;0.7
-0.768993;1.7911;1.9492;-0.0378671;-2.16963;0.7;0.7
-0.792275;1.84509;2.008;-4.71625e-05;-0.00270221;0.7;0.7
-0.724457;1.69379;1.84222;0.00142192;0.0814698;0.7;0.7
-0.741574;1.94319;2.07988;0.0395984;2.26882;0.7;0.7
-0.821348;1.92471;2.09264;-0.038774;-2.22158;0.7;0.7
-0.750549;1.90171;2.04446;0.0274383;1.5721;0.7;0.7
-0.636766;1.76002;1.87167;0.028761;1.64788;0.7;0.7
-0.686301;1.8757;1.99731;-0.00361778;-0.207284;0.7;0.7
-0.776607;1.65226;1.82567;-0.0886225;-5.07769;0.7;0.7
-0.857489;1.80667;1.99984;-0.00375845;-0.215343;0.7;0.7
-0.873201;1.84855;2.04441;0.00183987;0.105417;0.7;0.7
-0.835287;1.86415;2.04273;0.0200458;1.14854;0.7;0.7
-0.525709;1.76736;1.84389;0.132136;7.57085;0.7;0.7
-0.60657;1.95885;2.05062;-0.0111719;-0.640102;0.7;0.7
-0.577949;1.8887;1.97515;0.00333624;0.191152;0.7;0.7
-0.574898;2.13041;2.20662;0.0333801;1.91254;0.7;0.7
-0.543176;2.21174;2.27746;0.0227537;1.30369;0.7;0.7
-0.476666;1.94199;1.99963;0.000127806;0.00732275;0.7;0.7
-0.431225;1.86289;1.91215;0.0132183;0.757353;0.7;0.7
-0.232606;1.935;1.94893;0.10784;6.17877;0.7;0.7
-0.157258;2.07102;2.07698;0.0438481;2.51231;0.7;0.7
-0.111373;2.12619;2.1291;0.0234536;1.34379;0.7;0.7
-0.156301;1.73579;1.74282;-0.03747;-2.14687;0.7;0.7
-0.1568;2.01956;2.02564;0.0123187;0.705807;0.7;0.7
-0.0852033;2.13909;2.14079;0.0376746;2.1586;0.7;0.7
0.0118395;1.86582;1.86586;0.0461558;2.64453;0.7;0.7
0.383052;2.00854;2.04474;0.182103;10.4338;0.7;0.7
0.368596;2.00389;2.0375;-0.00654136;-0.374792;0.7;0.7
0.377074;1.99406;2.0294;0.00498448;0.28559;0.7;0.7
0.269288;2.05707;2.07462;-0.0567237;-3.25003;0.7;0.7
0.541191;2.18857;2.25449;0.112249;6.4314;0.7;0.7
0.366261;2.06645;2.09866;-0.0669971;-3.83865;0.7;0.7
0.284538;1.87872;1.90014;-0.0251094;-1.43866;0.7;0.7
0.217671;2.07691;2.08829;-0.0458865;-2.6291;0.7;0.7
0.0716317;2.07805;2.07929;-0.0699672;-4.00882;0.7;0.7
-0.331864;1.97506;2.00275;-0.200929;-11.5124;0.7;0.7
-0.0222213;1.91169;1.91182;0.154849;8.87217;0.7;0.7
0.0107013;1.89522;1.89525;0.0172698;0.989486;0.7;0.7
0.0262134;1.99705;1.99722;0.00747884;0.428506;0.7;0.7
-0.0711824;1.94278;1.94408;-0.0497484;-2.85037;0.7;0.7
-0.0730282;1.99612;1.99745;5.42981e-05;0.00311105;0.7;0.7
-0.362514;1.946;1.97948;-0.147607;-8.45723;0.7;0.7
-0.3417;1.91678;1.947;0.00776043;0.44464;0.7;0.7
-0.398566;1.98637;2.02597;-0.0216054;-1.2379;0.7;0.7
-0.395143;1.96378;2.00314;-0.000543231;-0.0311248;0.7;0.7
-0.413732;2.04255;2.08403;-0.00128906;-0.0738574;0.7;0.7
-0.357432;2.02001;2.05139;0.0247195;1.41632;0.7;0.7
-0.316958;1.93711;1.96287;0.0129463;0.741767;0.7;0.7
-0.294845;1.86535;1.88851;0.00542023;0.310556;0.7;0.7
-0.515769;1.84545;1.91617;-0.115761;-6.63263;0.7;0.7
-0.45623;1.81827;1.87464;0.0266888;1.52916;0.7;0.7
-0.518944;1.94747;2.01543;-0.0145807;-0.835414;0.7;0.7
-0.425541;2.05044;2.09413;0.055788;3.19642;0.7;0.7
-0.49727;1.96914;2.03096;-0.0427278;-2.44812;0.7;0.7
-0.468296;1.8931;1.95016;0.00485796;0.278341;0.7;0.7
-0.415431;1.99403;2.03685;0.0371024;2.12581;0.7;0.7
-0.520955;1.97635;2.04386;-0.0523329;-2.99845;0.7;0.7
-0.280306;1.76677;1.78887;0.100389;5.75186;0.7;0.7
-0.320609;1.75147;1.78057;-0.0237041;-1.35814;0.7;0.7
-0.293098;1.93921;1.96124;0.0310401;1.77847;0.7;0.7
-0.299091;1.97812;2.0006;-5.63282e-05;-0.00322737;0.7;0.7
-0.276287;1.98768;2.00679;0.0119481;0.684578;0.7;0.7
-0.260585;1.83228;1.85072;-0.00315673;-0.180867;0.7;0.7
-0.281409;1.9816;2.00148;0.000204267;0.0117036;0.7;0.7
-0.400892;2.05813;2.09681;-0.0513083;-2.93975;0.7;0.7
-0.574029;1.90071;1.9855;-0.100922;-5.78239;0.7;0.7
-0.611292;1.89542;1.99156;-0.0186802;-1.0703;0.7;0.7
-0.60478;1.83055;1.92787;-0.00711306;-0.407548;0.7;0.7
-0.589375;1.98996;2.0754;0.0311469;1.78459;0.7;0.7
-0.593279;1.76497;1.86202;-0.036331;-2.08161;0.7;0.7
-0.716791;1.91763;2.04722;-0.0334335;-1.9156;0.7;0.7
-0.746873;1.8504;1.99545;-0.0259212;-1.48517;0.7;0.7
-0.769986;1.76828;1.92865;-0.0270539;-1.55007;0.7;0.7
-0.735823;1.54813;1.7141;-0.0330082;-1.89123;0.7;0.7
-0.865339;1.78355;1.98239;-0.00802872;-0.460012;0.7;0.7
