#1 AntVel X	#2 AntVel Y	#3 Speed	#4 Turning Angle Rad		#5 Turning Angle Deg	#6 Detected Phero Left	#7 Detected Phero Right	
-1.70608;0.739234;1.85934;-0.0202004;-1.1574;0.7;0.7
-1.86839;0.735155;2.00782;-0.0340106;-1.94866;0.7;0.7
-2.17591;0.386987;2.21006;-0.198855;-11.3935;0.7;0.7
-1.99259;0.257223;2.00912;-0.0476305;-2.72903;0.7;0.7
-2.07203;0.361302;2.10329;0.0442557;2.53567;0.7;0.7
-1.89553;0.27016;1.91469;-0.0310647;-1.77988;0.7;0.7
-1.89056;0.416633;1.93593;0.0753371;4.3165;0.7;0.7
-1.91708;0.447986;1.96872;0.0126547;0.725063;0.7;0.7
-2.00804;0.43681;2.055;-0.0153691;-0.880583;0.7;0.7
-1.83398;0.529368;1.90885;0.0668131;3.82811;0.7;0.7
-1.93377;0.247123;1.9495;-0.153902;-8.81794;0.7;0.7
-1.92685;0.260424;1.94437;0.00723688;0.414643;0.7;0.7
-1.98105;0.221014;1.99334;-0.0232372;-1.33139;0.7;0.7
-2.01124;0.115386;2.01455;-0.0537967;-3.08233;0.7;0.7
-1.98979;0.253138;2.00583;0.0692312;3.96666;0.7;0.7
-1.94074;0.242453;1.95582;-0.00225406;-0.129148;0.7;0.7
-2.19853;0.255488;2.21333;-0.00859552;-0.492487;0.7;0.7
-1.94691;0.159342;1.95342;-0.0340275;-1.94963;0.7;0.7
-1.97364;0.322373;1.9998;0.0802477;4.59785;0.7;0.7
-2.03829;0.367592;2.07117;0.0165166;0.946331;0.7;0.7
-1.90712;0.362489;1.94127;0.0094048;0.538855;0.7;0.7
-2.09357;0.465628;2.14472;0.0310159;1.77708;0.7;0.7
-1.54088;0.468379;1.6105;0.0762463;4.36859;0.7;0.7
-1.91391;0.581635;2.00034;-6.33923e-05;-0.00363211;0.7;0.7
-1.91242;0.569346;1.99537;-0.00567508;-0.325158;0.7;0.7
-1.70037;0.561246;1.7906;0.0294587;1.68786;0.7;0.7
-1.92377;0.577292;2.00852;-0.027279;-1.56297;0.7;0.7
-1.96196;0.612114;2.05523;0.0108865;0.623751;0.7;0.7
-2.03933;0.628278;2.13391;-0.00356632;-0.204335;0.7;0.7
-1.9137;0.616224;2.01047;0.0126677;0.725805;0.7;0.7
-1.9593;0.700647;2.0808;0.0319084;1.82822;0.7;0.7
-1.716;0.641082;1.83184;0.0141047;0.808142;0.7;0.7
-1.89171;0.700106;2.01711;-0.00307502;-0.176186;0.7;0.7
-2.0472;0.578369;2.12733;-0.0791185;-4.53316;0.7;0.7
-1.76896;0.698727;1.90195;0.100842;5.77781;0.7;0.7
-1.85747;0.712034;1.98927;-0.0101252;-0.580131;0.7;0.7
-1.89662;0.741965;2.03659;0.00684215;0.392026;0.7;0.7
-1.81688;0.728062;1.95733;0.00822789;0.471424;0.7;0.7
-1.8515;0.736696;1.99268;-0.00244067;-0.13984;0.7;0.7
-1.88374;0.70047;2.00976;-0.0226804;-1.29949;0.7;0.7
-1.90695;0.547956;1.98412;-0.0761989;-4.36587;0.7;0.7
-1.98279;0.645889;2.08533;0.0350999;2.01108;0.7;0.7
-1.85362;0.642161;1.96171;0.0185879;1.06501;0.7;0.7
-1.82931;0.659379;1.94452;0.0124603;0.713922;0.7;0.7
-1.88975;0.682363;2.00918;0.000559776;0.0320728;0.7;0.7
-1.89775;0.731897;2.03399;0.0215725;1.23601;0.7;0.7
-1.70431;0.509818;1.77893;-0.0774264;-4.4362;0.7;0.7
-1.82386;0.506987;1.89302;-0.0195335;-1.11919;0.7;0.7
-2.00648;0.516279;2.07184;-0.0192867;-1.10505;0.7;0.7
-1.96761;0.50194;2.03063;-0.00206808;-0.118492;0.7;0.7
-1.97071;0.642174;2.0727;0.0652355;3.73772;0.7;0.7
-1.96188;0.613537;2.05557;-0.0119154;-0.682703;0.7;0.7
-1.99896;0.634718;2.09731;0.00436074;0.249852;0.7;0.7
-1.88397;0.668578;1.99909;0.0335578;1.92272;0.7;0.7
-1.78349;0.706924;1.91849;0.0363604;2.0833;0.7;0.7
-1.90589;0.732627;2.04185;-0.0103852;-0.59503;0.7;0.7
-1.89478;0.83495;2.07058;0.0480708;2.75425;0.7;0.7
-1.84044;0.800054;2.00681;-0.00499357;-0.28611;0.7;0.7
-2.04573;1.05507;2.30178;0.0660962;3.78703;0.7;0.7
-1.88994;0.862432;2.07742;-0.048059;-2.75358;0.7;0.7
-1.87743;0.620442;1.9773;-0.108928;-6.24113;0.7;0.7
-1.94083;0.641706;2.04416;0.000146042;0.00836761;0.7;0.7
-1.90415;0.627113;2.00475;-0.0011674;-0.066887;0.7;0.7
-1.87562;0.404747;1.91879;-0.105618;-6.05148;0.7;0.7
-2.11112;0.650423;2.20904;0.0863309;4.9464;0.7;0.7
-2.0067;0.502499;2.06866;-0.0535008;-3.06537;0.7;0.7
-1.85153;0.587792;1.9426;0.0620343;3.5543;0.7;0.7
-1.93191;0.574861;2.01563;-0.0181819;-1.04174;0.7;0.7
-1.96048;0.625216;2.05776;0.019496;1.11704;0.7;0.7
-2.01848;0.689764;2.13308;0.0205699;1.17857;0.7;0.7
-1.89319;0.650132;2.00171;0.0015045;0.0862016;0.7;0.7
-1.87526;0.663179;1.98907;0.00913149;0.523196;0.7;0.7
-1.90606;0.690899;2.02741;0.00782623;0.44841;0.7;0.7
-2.07839;0.802411;2.2279;0.0206987;1.18595;0.7;0.7
-1.86299;0.907054;2.07207;0.0846537;4.8503;0.7;0.7
-1.79659;1.01471;2.06334;0.0610365;3.49713;0.7;0.7
-1.98878;0.943454;2.20121;-0.0711841;-4.07855;0.7;0.7
-1.75975;0.879974;1.9675;0.0207431;1.18849;0.7;0.7
-1.81114;0.849792;2.00059;-0.0249854;-1.43156;0.7;0.7
-1.91543;0.915498;2.12297;0.00715219;0.409791;0.7;0.7
-1.80925;0.870788;2.0079;0.00271451;0.15553;0.7;0.7
-1.82952;0.908768;2.04279;0.0124501;0.713336;0.7;0.7
-1.72979;0.934388;1.96603;0.0342427;1.96196;0.7;0.7
-1.76837;0.948954;2.0069;-0.0027493;-0.157523;0.7;0.7
-1.58478;1.14451;1.95485;0.132946;7.61723;0.7;0.7
-1.78468;1.14725;2.12161;-0.0541444;-3.10225;0.7;0.7
-1.61758;1.17552;1.9996;0.0571093;3.27212;0.7;0.7
-1.26132;1.13377;1.69599;0.103766;5.94533;0.7;0.7
-1.50999;1.3378;2.01737;-0.00718525;-0.411684;0.7;0.7
-1.49202;1.31195;1.98678;-0.00374267;-0.214439;0.7;0.7
-1.47055;1.31246;1.97106;0.00738551;0.423159;0.7;0.7
-1.43634;1.65467;2.19112;0.127265;7.29172;0.7;0.7
-1.23308;1.37221;1.84484;-0.0171649;-0.983477;0.7;0.7
-1.10694;1.45975;1.83199;0.0832473;4.76972;0.7;0.7
-0.871717;1.68849;1.90024;0.172219;9.86744;0.7;0.7
-0.940306;1.74594;1.98305;-0.0174448;-0.999514;0.7;0.7
-0.994204;1.64166;1.91924;-0.0505102;-2.89402;0.7;0.7
-1.03219;1.75299;2.0343;0.0123779;0.709202;0.7;0.7
-1.12077;1.77846;2.10215;-0.0301702;-1.72862;0.7;0.7
-0.759586;1.76679;1.92316;0.156292;8.9549;0.7;0.7
-0.859297;1.71515;1.91837;-0.0584166;-3.34703;0.7;0.7
-0.84667;1.83144;2.01768;0.0314175;1.80009;0.7;0.7
-0.829567;1.75736;1.94332;-0.008008;-0.458825;0.7;0.7
-0.931926;1.57015;1.82588;-0.0946066;-5.42056;0.7;0.7
-1.14063;1.75649;2.09435;-0.0402905;-2.30848;0.7;0.7
-0.936093;1.76807;2.00059;0.0890138;5.10011;0.7;0.7
-0.801102;1.80266;1.97265;0.0687365;3.93831;0.7;0.7
-0.84325;1.94645;2.12126;0.00937103;0.536921;0.7;0.7
-0.83439;1.86604;2.04409;-0.0116605;-0.668095;0.7;0.7
-0.897017;1.77559;1.98931;-0.047318;-2.71112;0.7;0.7
-0.878886;1.80618;2.00866;0.0149253;0.855155;0.7;0.7
-0.552346;1.83074;1.91225;0.159848;9.15861;0.7;0.7
-0.441052;1.61111;1.67039;0.0258114;1.47888;0.7;0.7
-0.520467;1.99408;2.06088;0.0118993;0.681779;0.7;0.7
-0.475545;1.90952;1.96785;0.0112373;0.643848;0.7;0.7
-0.645134;1.94852;2.05254;-0.0756555;-4.33474;0.7;0.7
-0.615039;1.88408;1.98192;0.00419453;0.240329;0.7;0.7
-0.499822;1.89641;1.96118;0.0578333;3.3136;0.7;0.7
-0.493883;1.9232;1.98561;0.00633088;0.362733;0.7;0.7
-0.51281;2.04526;2.10857;0.0057037;0.326798;0.7;0.7
-0.478048;1.8643;1.92462;-0.00534715;-0.306369;0.7;0.7
-0.405507;2.00543;2.04602;0.0514995;2.9507;0.7;0.7
-0.303262;2.09401;2.11586;0.055691;3.19086;0.7;0.7
-0.286133;1.97799;1.99858;0.000161586;0.00925819;0.7;0.7
-0.0572523;2.13552;2.13628;0.116859;6.6955;0.7;0.7
0.0135735;1.94967;1.94972;0.033765;1.93459;0.7;0.7
-0.0167946;2.08461;2.08468;-0.0150182;-0.860477;0.7;0.7
0.0246823;2.0227;2.02285;0.0202583;1.16072;0.7;0.7
0.0674865;1.65048;1.65186;0.0286642;1.64234;0.7;0.7
0.0465542;1.92496;1.92553;-0.0166865;-0.956068;0.7;0.7
0.0717558;2.02712;2.02839;0.0112035;0.641911;0.7;0.7
0.0315478;1.99381;1.99406;-0.0195616;-1.1208;0.7;0.7
-0.153814;2.25034;2.25559;-0.0840668;-4.81667;0.7;0.7
-0.119398;2.0187;2.02222;0.00916769;0.52527;0.7;0.7
-0.146631;1.83778;1.84362;-0.0205411;-1.17692;0.7;0.7
-0.259722;1.96016;1.97729;-0.0521144;-2.98593;0.7;0.7
-0.331473;1.91701;1.94545;-0.0394856;-2.26236;0.7;0.7
-0.348395;2.00807;2.03807;-0.00056904;-0.0326036;0.7;0.7
-0.300409;2.05716;2.07898;0.0267815;1.53447;0.7;0.7
-0.193113;1.86725;1.87721;0.0419514;2.40364;0.7;0.7
-0.0281329;2.06851;2.0687;0.089455;5.12539;0.7;0.7
-0.105377;2.22093;2.22343;-0.0338121;-1.93729;0.7;0.7
0.0244259;1.85776;1.85792;0.060559;3.46978;0.7;0.7
0.0101828;2.1732;2.17323;-0.00846166;-0.484818;0.7;0.7
0.138766;1.99166;1.99649;0.0648755;3.71709;0.7;0.7
0.160446;1.88705;1.89386;0.01526;0.874331;0.7;0.7
0.245219;1.96617;1.9814;0.0392575;2.24929;0.7;0.7
0.254577;1.9985;2.01465;0.00262335;0.150307;0.7;0.7
0.178275;1.9055;1.91382;-0.0334152;-1.91455;0.7;0.7
0.280118;1.89544;1.91603;0.0534366;3.06169;0.7;0.7
0.487537;1.82334;1.8874;0.114551;6.56329;0.7;0.7
0.622785;1.92338;2.02169;0.0518699;2.97192;0.7;0.7
0.614992;1.89181;1.98926;0.00116098;0.0665194;0.7;0.7
0.68902;1.64118;1.77995;0.0831806;4.7659;0.7;0.7
0.825237;2.0745;2.23261;-0.0188764;-1.08154;0.7;0.7
0.729178;1.8394;1.97866;-0.00119222;-0.0683094;0.7;0.7
0.727942;1.81765;1.95799;0.00350798;0.200992;0.7;0.7
0.774687;1.92316;2.07333;0.00200942;0.115131;0.7;0.7
0.879893;1.87734;2.07331;0.0553533;3.17151;0.7;0.7
0.819498;1.71069;1.89685;0.00845573;0.484478;0.7;0.7
0.921751;1.84508;2.06251;0.0165612;0.94889;0.7;0.7
0.892182;1.80823;2.01635;-0.0049497;-0.283597;0.7;0.7
0.671958;1.75217;1.8766;-0.0921532;-5.27999;0.7;0.7
0.864666;1.83099;2.02489;0.074991;4.29667;0.7;0.7
0.688704;1.7484;1.87915;-0.0659522;-3.77878;0.7;0.7
0.484399;1.93924;1.99883;-0.130462;-7.47491;0.7;0.7
0.480729;1.85245;1.91381;0.00913012;0.523118;0.7;0.7
0.603513;1.92293;2.01541;0.0502065;2.87662;0.7;0.7
0.770999;1.99404;2.1379;0.0648313;3.71456;0.7;0.7
1.1029;1.8183;2.12664;0.176276;10.0999;0.7;0.7
1.08815;1.69483;2.01408;0.0255382;1.46323;0.7;0.7
1.09865;1.73598;2.05442;-0.00652001;-0.373569;0.7;0.7
1.08832;1.68811;2.00852;0.00839547;0.481025;0.7;0.7
1.06621;1.74356;2.04372;-0.0237946;-1.36333;0.7;0.7
1.1514;1.62546;1.99195;0.0674691;3.86569;0.7;0.7
1.14346;1.62699;1.98862;-0.00370282;-0.212156;0.7;0.7
0.681858;1.67468;1.80817;-0.225947;-12.9458;0.7;0.7
0.843825;2.03617;2.20409;0.00621213;0.355929;0.7;0.7
0.79971;1.8569;2.02179;0.0137887;0.790036;0.7;0.7
0.883445;1.74401;1.95501;0.0622192;3.5649;0.7;0.7
0.751899;1.75062;1.90526;-0.0632019;-3.6212;0.7;0.7
0.89234;1.83617;2.04152;0.046688;2.67502;0.7;0.7
0.896706;1.64605;1.87445;0.0464468;2.6612;0.7;0.7
0.94201;1.67548;1.92214;0.0133715;0.766133;0.7;0.7
1.0038;1.75814;2.02452;0.0065928;0.37774;0.7;0.7
0.7901;1.53645;1.72769;-0.043805;-2.50984;0.7;0.7
0.875612;1.59311;1.81788;0.0275813;1.58029;0.7;0.7
0.814402;1.71978;1.90287;-0.060291;-3.45442;0.7;0.7
0.862051;1.77324;1.97167;0.0102393;0.586671;0.7;0.7
0.865365;1.84383;2.03681;-0.013692;-0.784494;0.7;0.7
0.788028;1.89238;2.0499;-0.0442286;-2.53411;0.7;0.7
0.789766;1.79366;1.95984;0.0201832;1.15641;0.7;0.7
0.906288;1.73309;1.95575;0.0670588;3.84219;0.7;0.7
0.794741;1.85869;2.02147;-0.0777698;-4.45588;0.7;0.7
1.04561;1.61368;1.92283;0.170887;9.7911;0.7;0.7
1.38996;1.64719;2.15528;0.125963;7.21712;0.7;0.7
1.20452;1.51107;1.93241;-0.0279161;-1.59947;0.7;0.7
1.24588;1.56285;1.99868;3.38623e-05;0.00194017;0.7;0.7
1.21081;1.61675;2.01988;-0.0302137;-1.73112;0.7;0.7
1.17983;1.7247;2.08964;-0.0428499;-2.45512;0.7;0.7
0.983879;1.86439;2.10807;-0.11438;-6.5535;0.7;0.7
0.942944;1.80536;2.03678;-0.00424896;-0.243448;0.7;0.7
0.950975;1.60829;1.86841;0.0526652;3.01749;0.7;0.7
1.06932;1.70947;2.01637;0.0249868;1.43164;0.7;0.7
1.0038;1.74601;2.01399;-0.0372165;-2.13235;0.7;0.7
0.916363;1.62144;1.86246;-0.00736063;-0.421733;0.7;0.7
0.978502;1.7334;1.99051;-0.000498037;-0.0285354;0.7;0.7
0.859061;1.93095;2.11342;-0.0953092;-5.46081;0.7;0.7
0.829811;1.78177;1.96553;0.017254;0.988582;0.7;0.7
0.904715;1.6293;1.86363;0.0710349;4.07;0.7;0.7
1.20787;1.76296;2.13705;0.0937936;5.37398;0.7;0.7
1.28532;1.70309;2.13368;0.045821;2.62535;0.7;0.7
1.32646;1.63892;2.10845;0.0339168;1.94329;0.7;0.7
1.25284;1.55469;1.99666;-0.00211991;-0.121462;0.7;0.7
1.11137;1.52526;1.88721;-0.0486033;-2.78477;0.7;0.7
1.20018;1.65641;2.04552;-0.00266895;-0.15292;0.7;0.7
1.17042;1.60319;1.98497;0.0035913;0.205766;0.7;0.7
1.10242;1.57539;1.92281;-0.0200403;-1.14823;0.7;0.7
0.941629;1.49125;1.76365;-0.0473608;-2.71357;0.7;0.7
1.07649;1.70226;2.01408;0.000682357;0.0390962;0.7;0.7
1.19718;1.59288;1.99261;0.0806179;4.61907;0.7;0.7
1.18998;1.60801;2.00044;-0.00742349;-0.425335;0.7;0.7
1.11849;1.61298;1.96283;-0.0307902;-1.76415;0.7;0.7
1.13679;1.64737;2.00153;-0.0022773;-0.13048;0.7;0.7
1.12397;1.7634;2.09115;-0.0365657;-2.09506;0.7;0.7
0.858599;1.69946;1.90404;-0.0996451;-5.70925;0.7;0.7
0.915482;1.8235;2.04041;-0.00253009;-0.144963;0.7;0.7
0.826607;1.75943;1.94393;-0.0260739;-1.49393;0.7;0.7
0.92872;1.56943;1.82363;0.0951271;5.45038;0.7;0.7
1.09022;1.70994;2.02793;0.0332554;1.9054;0.7;0.7
1.05068;1.68691;1.98736;-0.0105477;-0.60434;0.7;0.7
1.12514;1.81018;2.13136;-0.000922329;-0.0528456;0.7;0.7
1.10485;1.63962;1.97713;0.0368336;2.11041;0.7;0.7
1.13937;1.65149;2.00639;0.0109627;0.628115;0.7;0.7
1.13486;1.73552;2.07363;-0.024806;-1.42128;0.7;0.7
1.18993;1.59135;1.98704;0.0629483;3.60667;0.7;0.7
1.30219;1.51408;1.99703;0.0682389;3.9098;0.7;0.7
1.36525;1.62383;2.1215;-0.0111946;-0.641404;0.7;0.7
1.22087;1.38499;1.84627;0.0233945;1.34041;0.7;0.7
1.27059;1.50021;1.96597;-0.0197832;-1.13349;0.7;0.7
1.25404;1.55853;2.00041;-0.0251566;-1.44137;0.7;0.7
1.16886;1.47808;1.8844;-0.00845577;-0.48448;0.7;0.7
1.22812;1.50317;1.94108;0.0159291;0.912672;0.7;0.7
1.25773;1.54106;1.98915;-0.000525165;-0.0300898;0.7;0.7
1.26313;1.54751;1.99757;5.5477e-05;0.0031786;0.7;0.7
1.32824;1.3386;1.88575;0.0969479;5.55471;0.7;0.7
1.70524;1.34104;2.16939;0.122877;7.04035;0.7;0.7
1.8662;1.0078;2.12093;0.171253;9.81205;0.7;0.7
1.79033;1.06743;2.08439;-0.042482;-2.43404;0.7;0.7
1.61535;1.00558;1.90277;-0.0191705;-1.09839;0.7;0.7
1.47626;1.0305;1.80035;-0.0526061;-3.01411;0.7;0.7
1.64118;1.13379;1.99473;0.00486239;0.278594;0.7;0.7
1.43965;1.04019;1.77612;-0.0211368;-1.21105;0.7;0.7
1.56266;1.19538;1.96744;-0.0273209;-1.56537;0.7;0.7
1.57507;1.2823;2.03104;-0.0302849;-1.7352;0.7;0.7
1.95971;1.12502;2.25968;0.162158;9.29095;0.7;0.7
1.678;1.11951;2.01717;-0.0672148;-3.85112;0.7;0.7
1.5627;1.15227;1.94159;-0.0470124;-2.69361;0.7;0.7
1.57652;1.24008;2.00579;-0.0311475;-1.78462;0.7;0.7
1.65961;1.23363;2.06788;0.0272964;1.56397;0.7;0.7
1.71907;1.13484;2.05987;0.0557365;3.19347;0.7;0.7
1.61404;1.03216;1.91585;0.0145295;0.832478;0.7;0.7
1.70151;1.11754;2.03569;-0.0121865;-0.698237;0.7;0.7
1.60634;0.878611;1.83092;0.0806247;4.61945;0.7;0.7
1.87984;1.09262;2.1743;-0.025993;-1.48929;0.7;0.7
1.68123;1.03488;1.97421;-0.0252705;-1.44789;0.7;0.7
1.82469;0.958972;2.06134;0.0678934;3.89001;0.7;0.7
1.90822;0.769295;2.05745;0.100664;5.7676;0.7;0.7
1.90972;0.655829;2.01919;0.052419;3.00339;0.7;0.7
1.89406;0.597607;1.98611;0.0251679;1.44202;0.7;0.7
1.70989;0.597531;1.81129;-0.0305594;-1.75092;0.7;0.7
1.76673;0.973808;2.01733;-0.16757;-9.60104;0.7;0.7
1.74856;0.94546;1.98781;0.00807896;0.46289;0.7;0.7
1.78114;0.975779;2.03091;-0.00550367;-0.315337;0.7;0.7
1.84567;0.85621;2.0346;0.066829;3.82902;0.7;0.7
1.87119;0.845993;2.05354;0.00974247;0.558202;0.7;0.7
1.52642;0.819828;1.73265;-0.0682676;-3.91145;0.7;0.7
1.80951;0.972811;2.05443;-0.000400339;-0.0229377;0.7;0.7
1.75955;1.01321;2.03043;-0.0291805;-1.67192;0.7;0.7
1.72422;1.02857;2.00771;-0.0154131;-0.883106;0.7;0.7
1.50277;0.995856;1.80279;-0.0473627;-2.71369;0.7;0.7
1.72042;1.40172;2.21916;-0.0984374;-5.64005;0.7;0.7
1.45368;1.41805;2.03078;-0.0893187;-5.11758;0.7;0.7
1.48286;1.44009;2.06706;0.00222856;0.127687;0.7;0.7
1.51337;1.26248;1.97083;0.0755032;4.32602;0.7;0.7
1.64795;1.23681;2.06045;0.0514333;2.94691;0.7;0.7
1.72352;1.14876;2.07127;0.0559266;3.20436;0.7;0.7
1.50181;1.06073;1.83864;-0.027038;-1.54916;0.7;0.7
1.62727;1.11761;1.97409;0.0131276;0.752153;0.7;0.7
1.64851;1.05273;1.95598;0.0334959;1.91917;0.7;0.7
1.58657;0.984511;1.86721;0.0129379;0.741285;0.7;0.7
1.63811;1.06973;1.95646;-0.0231213;-1.32475;0.7;0.7
2.0082;0.963656;2.22744;0.131093;7.51106;0.7;0.7
1.7622;0.982157;2.01742;-0.0610604;-3.4985;0.7;0.7
2.18268;0.781112;2.31824;0.164799;9.44231;0.7;0.7
1.87841;0.560368;1.96022;0.0537528;3.07981;0.7;0.7
1.81131;0.510494;1.88187;0.0152024;0.871034;0.7;0.7
1.88837;0.541422;1.96446;-0.00451106;-0.258464;0.7;0.7
1.91719;0.690318;2.03769;-0.0663917;-3.80396;0.7;0.7
2.1671;0.917276;2.35324;-0.054792;-3.13935;0.7;0.7
1.94224;0.765889;2.0878;0.0247959;1.4207;0.7;0.7
1.8619;0.690438;1.98579;0.0205053;1.17487;0.7;0.7
1.93892;0.601901;2.03019;0.054106;3.10005;0.7;0.7
1.97927;0.63084;2.07737;-0.00754518;-0.432307;0.7;0.7
1.55187;0.710876;1.70694;-0.121005;-6.93309;0.7;0.7
1.91369;0.869348;2.1019;0.00314473;0.18018;0.7;0.7
1.79883;0.77008;1.95673;0.0219109;1.2554;0.7;0.7
1.70862;0.719194;1.85381;0.0060837;0.348571;0.7;0.7
1.89023;0.848254;2.07184;-0.0234083;-1.3412;0.7;0.7
1.6777;0.734097;1.83128;0.00935739;0.536139;0.7;0.7
1.83024;0.781131;1.98996;0.00907508;0.519964;0.7;0.7
2.03123;0.874403;2.21144;-0.00311713;-0.178599;0.7;0.7
1.87098;0.815911;2.04114;-0.00472065;-0.270474;0.7;0.7
1.81786;0.813404;1.99154;-0.00950797;-0.544766;0.7;0.7
2.01018;0.908109;2.20578;-0.00358024;-0.205133;0.7;0.7
1.70236;0.737014;1.85505;0.0157395;0.901808;0.7;0.7
1.55542;0.787603;1.74346;-0.0601506;-3.44637;0.7;0.7
1.86992;0.98031;2.11131;-0.0141367;-0.809974;0.7;0.7
1.69853;0.613276;1.80586;0.136364;7.81309;0.7;0.7
1.96603;0.528329;2.03578;0.0839697;4.81111;0.7;0.7
1.83018;0.575075;1.91841;-0.0419217;-2.40194;0.7;0.7
1.87213;0.780055;2.02814;-0.090344;-5.17633;0.7;0.7
1.84807;0.668538;1.96528;0.0476896;2.73241;0.7;0.7
1.91429;0.743227;2.05351;-0.0232347;-1.33125;0.7;0.7
1.78349;0.512788;1.85575;0.09037;5.17782;0.7;0.7
1.91488;0.586117;2.00258;-0.0170623;-0.9776;0.7;0.7
2.07347;0.563036;2.14855;0.0318797;1.82657;0.7;0.7
1.89404;0.534457;1.968;-0.00987783;-0.565958;0.7;0.7
1.79281;0.463006;1.85163;0.0222926;1.27727;0.7;0.7
1.97423;0.490685;2.0343;0.00912653;0.522912;0.7;0.7
1.86733;0.450593;1.92093;0.00683186;0.391437;0.7;0.7
2.14093;0.517274;2.20253;-0.000292109;-0.0167366;0.7;0.7
1.94711;0.424639;1.99288;0.0223443;1.28023;0.7;0.7
2.08293;0.333922;2.10953;0.0557636;3.19502;0.7;0.7
2.11859;0.378434;2.15212;-0.0178006;-1.0199;0.7;0.7
2.00317;0.376144;2.03818;-0.0088514;-0.507148;0.7;0.7
2.07855;0.519315;2.14244;-0.0592202;-3.39307;0.7;0.7
1.83692;0.488745;1.90083;-0.0152096;-0.871443;0.7;0.7
1.77452;0.704402;1.90922;-0.117834;-6.75139;0.7;0.7
1.82855;0.863299;2.0221;-0.0632201;-3.62225;0.7;0.7
1.7705;0.865706;1.97081;-0.0136817;-0.783906;0.7;0.7
1.55278;0.771581;1.73391;-0.00638916;-0.366072;0.7;0.7
1.71518;0.971271;1.97109;-0.054089;-3.09907;0.7;0.7
1.7604;0.838192;1.94976;0.0708797;4.06111;0.7;0.7
1.90851;0.688338;2.02885;0.0982301;5.62817;0.7;0.7
1.74527;0.656804;1.86477;-0.013793;-0.790278;0.7;0.7
1.94125;0.663073;2.05137;0.0307941;1.76437;0.7;0.7
1.88884;0.834161;2.06483;-0.0867227;-4.96884;0.7;0.7
1.86449;0.623476;1.96598;0.0931632;5.33786;0.7;0.7
1.89862;0.631223;2.0008;0.00173637;0.0994865;0.7;0.7
1.67407;0.587731;1.77425;-0.0166664;-0.954913;0.7;0.7
1.68357;0.725481;1.83323;-0.0692381;-3.96705;0.7;0.7
1.85206;0.793428;2.01486;0.00212304;0.121641;0.7;0.7
1.83806;0.80263;2.00567;-0.00696487;-0.399058;0.7;0.7
1.79407;0.802294;1.96529;-0.00880043;-0.504227;0.7;0.7
1.8018;0.709307;1.93639;0.0454823;2.60594;0.7;0.7
1.94069;0.707159;2.06552;0.0256015;1.46686;0.7;0.7
1.90405;0.659707;2.01509;0.0158993;0.910961;0.7;0.7
1.70028;0.657085;1.82283;-0.0352452;-2.0194;0.7;0.7
1.94179;0.886084;2.13441;-0.0593217;-3.39888;0.7;0.7
1.74101;0.660713;1.86217;0.0653899;3.74657;0.7;0.7
1.86849;0.717745;2.0016;-0.0040432;-0.231658;0.7;0.7
1.82111;0.754474;1.97121;-0.0260147;-1.49053;0.7;0.7
1.86648;0.767981;2.0183;0.00242148;0.138741;0.7;0.7
1.85165;0.897985;2.05791;-0.0612011;-3.50657;0.7;0.7
1.70117;0.646319;1.81981;0.0884652;5.06868;0.7;0.7
1.90354;0.680445;2.0215;0.0197732;1.13292;0.7;0.7
1.85762;0.729792;1.99583;-0.0310314;-1.77797;0.7;0.7
1.73642;0.610863;1.84074;0.0360678;2.06653;0.7;0.7
1.89568;0.613805;1.99257;0.0251334;1.44004;0.7;0.7
2.04437;0.904336;2.23546;-0.103338;-5.92086;0.7;0.7
1.92957;0.531019;2.0013;0.147924;8.47542;0.7;0.7
1.90024;0.478972;1.95968;0.0216385;1.23979;0.7;0.7
1.92736;0.483045;1.98697;0.00134746;0.0772037;0.7;0.7
1.9583;0.530843;2.02898;-0.0191444;-1.09689;0.7;0.7
2.05525;0.724976;2.17936;-0.0744058;-4.26314;0.7;0.7
1.82961;0.610603;1.92881;0.0170067;0.974412;0.7;0.7
1.9963;0.593802;2.08274;0.0329934;1.89038;0.7;0.7
1.88056;0.496001;1.94487;0.0312381;1.78981;0.7;0.7
1.96153;0.697043;2.0817;-0.0835592;-4.78759;0.7;0.7
1.93757;0.702827;2.0611;-0.00653763;-0.374578;0.7;0.7
1.90454;0.702831;2.03009;-0.00554927;-0.31795;0.7;0.7
1.83671;0.722509;1.97371;-0.0212533;-1.21773;0.7;0.7
1.7558;0.835131;1.94429;-0.0691929;-3.96446;0.7;0.7
1.98729;0.942286;2.19937;0.00121263;0.0694786;0.7;0.7
1.8763;0.961509;2.10832;-0.0307988;-1.76464;0.7;0.7
1.64768;0.860978;1.85907;-0.00795838;-0.455982;0.7;0.7
1.96548;0.867016;2.14822;0.0660705;3.78556;0.7;0.7
1.85537;0.894566;2.05977;-0.0338198;-1.93773;0.7;0.7
1.80044;0.714848;1.93716;0.0713127;4.08592;0.7;0.7
1.61548;0.708363;1.76396;-0.0352845;-2.02165;0.7;0.7
1.81423;0.608337;1.9135;0.0897044;5.13968;0.7;0.7
1.82707;0.80256;1.99556;-0.090355;-5.17696;0.7;0.7
1.93388;0.688633;2.05283;0.0717989;4.11377;0.7;0.7
1.89308;0.650413;2.0017;0.0111504;0.638869;0.7;0.7
1.80774;0.710453;1.94234;-0.0435234;-2.4937;0.7;0.7
1.96994;0.91808;2.17337;-0.0616539;-3.53251;0.7;0.7
1.96748;0.806404;2.12632;0.0471327;2.7005;0.7;0.7
1.95801;0.849402;2.13431;-0.0203256;-1.16457;0.7;0.7
1.60733;0.843079;1.81502;-0.0737633;-4.22633;0.7;0.7
1.78461;1.02088;2.05598;-0.0365405;-2.09361;0.7;0.7
1.84609;1.01239;2.10547;0.0180022;1.03145;0.7;0.7
1.84507;0.962455;2.08101;0.0208033;1.19194;0.7;0.7
1.80802;0.916762;2.02716;0.0115335;0.660818;0.7;0.7
1.78928;0.881953;1.99483;0.0113137;0.648229;0.7;0.7
1.47522;0.776124;1.66693;-0.026354;-1.50997;0.7;0.7
1.7897;0.909675;2.00762;0.0140621;0.805701;0.7;0.7
1.9396;0.981631;2.17385;0.00173567;0.0994468;0.7;0.7
1.84828;0.944217;2.0755;-0.00378278;-0.216738;0.7;0.7
1.85633;0.912667;2.06856;0.0153528;0.879652;0.7;0.7
2.05778;0.444961;2.10534;0.243991;13.9797;0.7;0.7
1.84969;0.502695;1.91678;-0.0524091;-3.00282;0.7;0.7
1.84101;0.624681;1.9441;-0.0617602;-3.5386;0.7;0.7
1.8142;0.586355;1.90661;0.0145191;0.831882;0.7;0.7
2.12022;0.605743;2.20505;0.0343204;1.96641;0.7;0.7
1.92043;0.536838;1.99406;0.00570256;0.326733;0.7;0.7
2.26511;0.562245;2.33385;0.0292799;1.67762;0.7;0.7
2.10634;0.494998;2.16373;0.0124868;0.715439;0.7;0.7
2.22547;0.467989;2.27414;0.0235475;1.34918;0.7;0.7
1.78027;0.371145;1.81855;0.00173534;0.0994277;0.7;0.7
1.95772;0.404281;1.99902;0.00188845;0.1082;0.7;0.7
1.82442;0.492058;1.88961;-0.0597942;-3.42595;0.7;0.7
1.88484;0.400518;1.92692;0.0540577;3.09728;0.7;0.7
1.95345;0.390345;1.99207;0.0121553;0.696445;0.7;0.7
2.0144;0.404563;2.05462;-0.000973787;-0.0557939;0.7;0.7
2.27879;0.35882;2.30686;0.0420206;2.4076;0.7;0.7
1.95218;0.286984;1.97316;0.0102166;0.585367;0.7;0.7
1.88087;0.307209;1.90579;-0.0159423;-0.913427;0.7;0.7
2.07164;0.325558;2.09706;0.00602856;0.345411;0.7;0.7
1.86886;0.412698;1.91388;-0.0614654;-3.52171;0.7;0.7
1.88786;0.391781;1.92808;0.0127189;0.728738;0.7;0.7
1.95237;0.400852;1.9931;0.00212064;0.121504;0.7;0.7
2.01535;0.305832;2.03842;0.0518991;2.9736;0.7;0.7
1.97118;0.226549;1.98415;0.0361737;2.0726;0.7;0.7
2.02064;0.232115;2.03393;5.80823e-05;0.00332787;0.7;0.7
1.97874;0.360819;2.01137;-0.0659956;-3.78127;0.7;0.7
1.98481;0.476529;2.04122;-0.0552619;-3.16627;0.7;0.7
1.96521;0.395485;2.00461;0.037037;2.12207;0.7;0.7
1.97223;0.381677;2.00883;0.00742846;0.425619;0.7;0.7
2.00825;0.347489;2.0381;0.0198285;1.13609;0.7;0.7
1.97607;0.318905;2.00164;0.01133;0.649162;0.7;0.7
1.77423;0.406957;1.8203;-0.0654675;-3.75101;0.7;0.7
1.83834;0.503751;1.90611;-0.0419879;-2.40573;0.7;0.7
1.77916;0.549864;1.86219;-0.0322866;-1.84989;0.7;0.7
2.03665;0.531952;2.10497;0.0442635;2.53611;0.7;0.7
1.89006;0.37295;1.92651;0.0606637;3.47578;0.7;0.7
2.04773;0.585682;2.12984;-0.0837585;-4.79901;0.7;0.7
1.89471;0.774457;2.04688;-0.109447;-6.27087;0.7;0.7
1.93576;0.919694;2.14313;-0.0555119;-3.1806;0.7;0.7
1.93619;0.716594;2.06454;0.0890641;5.10299;0.7;0.7
1.70826;0.734974;1.85966;-0.0518346;-2.9699;0.7;0.7
1.8365;0.822641;2.01233;-0.0148319;-0.849807;0.7;0.7
1.49833;0.836767;1.71615;-0.0881816;-5.05243;0.7;0.7
1.86177;0.983311;2.10549;0.0233993;1.34068;0.7;0.7
1.76165;0.916165;1.98564;0.00635393;0.364053;0.7;0.7
1.75416;0.930116;1.98549;-0.00797537;-0.456955;0.7;0.7
1.80709;0.767453;1.96331;0.0859353;4.92373;0.7;0.7
1.71112;0.720833;1.85675;0.00290467;0.166425;0.7;0.7
1.8516;0.813832;2.02256;-0.0154103;-0.882946;0.7;0.7
1.81379;0.939718;2.04277;-0.0639077;-3.66164;0.7;0.7
1.84395;1.06706;2.13044;-0.0465767;-2.66865;0.7;0.7
1.68056;0.907626;1.91;0.0294079;1.68495;0.7;0.7
1.70072;1.02087;1.98359;-0.0454198;-2.60236;0.7;0.7
1.73928;1.05611;2.03481;-0.00509572;-0.291963;0.7;0.7
1.63381;1.06642;1.95105;-0.0325781;-1.86659;0.7;0.7
1.71654;1.01994;1.9967;0.0421516;2.41511;0.7;0.7
1.78053;1.04992;2.06703;0.00334473;0.191639;0.7;0.7
2.00179;1.13469;2.30102;0.0171073;0.980176;0.7;0.7
2.0192;1.14308;2.32031;0.000555624;0.0318349;0.7;0.7
1.74423;0.986037;2.00365;0.000600603;0.034412;0.7;0.7
1.74539;0.992482;2.00783;-0.00251189;-0.143921;0.7;0.7
1.51317;1.34927;2.02737;-0.211165;-12.0989;0.7;0.7
1.32131;1.27656;1.83724;-0.0399747;-2.29038;0.7;0.7
1.51252;1.32754;2.01248;0.0478198;2.73987;0.7;0.7
1.53345;1.16387;1.92512;0.0711263;4.07524;0.7;0.7
1.67077;1.25234;2.08802;0.00600945;0.344316;0.7;0.7
1.67243;1.21203;2.06544;0.0161004;0.922484;0.7;0.7
1.73692;1.43398;2.25237;-0.0630285;-3.61127;0.7;0.7
1.487;1.33894;2.00099;-0.042906;-2.45833;0.7;0.7
1.50949;1.39543;2.05568;-0.0130997;-0.750558;0.7;0.7
1.46584;1.36181;2.00081;-0.00247171;-0.141618;0.7;0.7
1.5925;1.15976;1.97006;0.11918;6.82854;0.7;0.7
1.61628;1.31715;2.08501;-0.0543337;-3.11309;0.7;0.7
1.54252;1.2597;1.99154;-0.00103423;-0.059257;0.7;0.7
1.65204;1.19325;2.03791;0.0592821;3.39661;0.7;0.7
1.46246;1.14383;1.85665;-0.0382171;-2.18968;0.7;0.7
1.57375;1.22651;1.99525;0.00172135;0.098626;0.7;0.7
1.53536;1.18365;1.93865;0.00526395;0.301602;0.7;0.7
1.53056;1.20748;1.94952;-0.0111821;-0.64069;0.7;0.7
1.41181;1.23381;1.87496;-0.0502756;-2.88058;0.7;0.7
1.66862;1.49311;2.23912;-0.0117232;-0.671691;0.7;0.7
1.52576;1.2466;1.97027;0.0448994;2.57254;0.7;0.7
1.59561;1.21813;2.00744;0.0330036;1.89097;0.7;0.7
1.584;1.14838;1.95649;0.024742;1.41761;0.7;0.7
1.53556;0.983992;1.82378;0.0574144;3.2896;0.7;0.7
1.63228;1.06757;1.9504;-0.00932551;-0.534312;0.7;0.7
1.72975;1.01208;2.00408;0.0498172;2.85432;0.7;0.7
1.84709;1.17836;2.19095;-0.0384717;-2.20427;0.7;0.7
1.66656;1.22651;2.06925;-0.0665869;-3.81515;0.7;0.7
1.74011;1.23923;2.13627;0.0156118;0.894493;0.7;0.7
1.66929;1.10613;2.00251;0.0336352;1.92715;0.7;0.7
1.78118;1.04349;2.06433;0.05526;3.16617;0.7;0.7
1.57303;0.981536;1.85414;-0.0279208;-1.59975;0.7;0.7
1.67612;1.00842;1.95609;0.0162392;0.93044;0.7;0.7
1.64006;1.08928;1.96884;-0.0446475;-2.55811;0.7;0.7
1.66609;1.11759;2.00621;-0.00457714;-0.262251;0.7;0.7
1.6883;1.21907;2.08242;-0.0345365;-1.9788;0.7;0.7
1.75565;1.32676;2.20059;-0.0217575;-1.24661;0.7;0.7
1.73609;0.978656;1.99293;0.133833;7.66808;0.7;0.7
1.74752;0.94385;1.98612;0.018093;1.03665;0.7;0.7
1.70244;1.04281;1.99644;-0.0543704;-3.11519;0.7;0.7
1.57304;1.19469;1.97528;-0.0999493;-5.72667;0.7;0.7
1.60174;1.2291;2.01898;-0.00497535;-0.285066;0.7;0.7
1.5919;1.27342;2.03857;-0.0201909;-1.15685;0.7;0.7
1.72121;1.18318;2.08865;0.0724759;4.15256;0.7;0.7
1.69387;1.15381;2.0495;0.0042516;0.243599;0.7;0.7
1.7623;1.15848;2.10897;0.0164374;0.941796;0.7;0.7
1.54674;1.16972;1.93924;-0.0659507;-3.7787;0.7;0.7
1.50472;1.13139;1.88261;0.002774;0.158938;0.7;0.7
1.52958;1.37631;2.05762;-0.0879869;-5.04128;0.7;0.7
1.69863;1.24113;2.10375;0.101691;5.82648;0.7;0.7
1.66974;1.21362;2.0642;0.00250546;0.143552;0.7;0.7
1.66469;1.1691;2.0342;0.0162418;0.930589;0.7;0.7
1.69993;1.07175;2.00958;0.0497425;2.85003;0.7;0.7
1.63374;1.10311;1.97129;-0.0313706;-1.7974;0.7;0.7
1.76464;1.1072;2.08323;0.0335419;1.92181;0.7;0.7
1.83174;0.963019;2.06946;0.076322;4.37293;0.7;0.7
1.79581;0.860657;1.9914;0.0371114;2.12632;0.7;0.7
1.80589;0.861248;2.00075;0.00190993;0.109431;0.7;0.7
1.82685;0.842895;2.01193;0.0127188;0.728731;0.7;0.7
1.68422;0.773088;1.85317;0.00195886;0.112234;0.7;0.7
2.01268;0.753656;2.14916;0.0720369;4.12741;0.7;0.7
1.77734;0.889411;1.98746;-0.105689;-6.05554;0.7;0.7
1.75417;0.913108;1.97759;-0.0159605;-0.91447;0.7;0.7
1.73711;0.68618;1.86772;0.103742;5.944;0.7;0.7
1.84327;0.654828;1.95613;0.0348518;1.99686;0.7;0.7
1.88343;0.670258;1.99914;-0.000547599;-0.0313751;0.7;0.7
1.88501;0.666774;1.99946;0.00190667;0.109244;0.7;0.7
2.0191;0.499781;2.08004;0.0973393;5.57713;0.7;0.7
1.91368;0.507451;1.97982;-0.016556;-0.948591;0.7;0.7
1.96466;0.570898;2.04592;-0.0235914;-1.35169;0.7;0.7
2.00234;0.592754;2.08823;-0.00501503;-0.28734;0.7;0.7
2.10625;0.376301;2.1396;0.111017;6.36082;0.7;0.7
1.87862;0.331248;1.9076;0.00226267;0.129641;0.7;0.7
1.9536;0.441375;2.00284;-0.0476669;-2.73111;0.7;0.7
1.84224;0.388679;1.88279;0.0142656;0.817359;0.7;0.7
1.94569;0.405119;1.98742;0.00265272;0.15199;0.7;0.7
2.12174;0.52838;2.18654;-0.0387863;-2.22229;0.7;0.7
1.99445;0.474435;2.0501;0.0105291;0.603271;0.7;0.7
2.13986;0.391083;2.1753;0.0527715;3.02359;0.7;0.7
1.93851;0.389346;1.97722;-0.0174451;-0.999532;0.7;0.7
1.70588;0.595839;1.80694;-0.137828;-7.89697;0.7;0.7
1.94422;0.669143;2.05615;0.0045671;0.261675;0.7;0.7
1.88544;0.408475;1.92918;0.118122;6.76791;0.7;0.7
1.98483;0.20988;1.99589;0.107999;6.18787;0.7;0.7
1.90761;0.269653;1.92657;-0.0350752;-2.00966;0.7;0.7
1.98996;0.0610957;1.99089;0.109734;6.28729;0.7;0.7
2.06227;0.254819;2.07795;-0.0922469;-5.28536;0.7;0.7
2.04891;0.27669;2.06751;-0.0112911;-0.64693;0.7;0.7
1.91574;0.402733;1.95761;-0.0729755;-4.18119;0.7;0.7
1.89478;0.554551;1.97427;-0.0775154;-4.4413;0.7;0.7
1.91996;0.559514;1.99983;0.00115498;0.0661753;0.7;0.7
1.98174;0.551146;2.05695;0.012309;0.705253;0.7;0.7
1.90643;0.614357;2.00297;-0.0404904;-2.31993;0.7;0.7
1.87086;0.633532;1.97521;-0.0147643;-0.845932;0.7;0.7
1.80002;0.728452;1.94183;-0.0580322;-3.325;0.7;0.7
1.95783;0.788772;2.11075;0.00155656;0.0891842;0.7;0.7
1.91224;0.626296;2.01219;0.066478;3.80891;0.7;0.7
1.96608;0.631435;2.06499;0.00575067;0.329489;0.7;0.7
2.00962;0.568654;2.08852;0.0350018;2.00546;0.7;0.7
1.96648;0.439497;2.01499;0.0558761;3.20146;0.7;0.7
2.14582;0.600932;2.22838;-0.0531717;-3.04651;0.7;0.7
2.02109;0.443891;2.06926;0.0568559;3.2576;0.7;0.7
1.97849;0.373658;2.01347;0.0295356;1.69226;0.7;0.7
1.98519;0.434839;2.03225;-0.028975;-1.66015;0.7;0.7
1.82398;0.515074;1.89531;-0.0595874;-3.41411;0.7;0.7
1.8874;0.272964;1.90703;0.131595;7.53983;0.7;0.7
2.11057;0.198972;2.11993;0.0496324;2.84373;0.7;0.7
2.09616;0.171505;2.10317;0.0123598;0.708163;0.7;0.7
1.98387;0.0541431;1.98461;0.0543519;3.11413;0.7;0.7
2.00418;-0.114487;2.00745;0.0843469;4.83272;0.7;0.7
2.16259;-0.326479;2.1871;0.0927728;5.31549;0.7;0.7
1.92174;-0.469399;1.97824;0.0897309;5.1412;0.7;0.7
1.97177;-0.555602;2.04855;0.0350914;2.01059;0.7;0.7
1.8842;-0.591048;1.97473;0.0293077;1.67921;0.7;0.7
1.9057;-0.640583;2.01048;0.02031;1.16368;0.7;0.7
1.88701;-0.796298;2.04814;0.0750433;4.29966;0.7;0.7
1.83398;-0.755121;1.98335;-0.00873259;-0.50034;0.7;0.7
1.82209;-0.818072;1.99731;0.0314156;1.79998;0.7;0.7
1.69988;-0.65008;1.81995;-0.0567354;-3.2507;0.7;0.7
1.92581;-0.63683;2.02838;-0.0459042;-2.63012;0.7;0.7
1.92806;-0.545269;2.00368;-0.043752;-2.5068;0.7;0.7
1.93165;-0.579172;2.01661;0.0156936;0.899175;0.7;0.7
1.92064;-0.580625;2.00648;0.00226999;0.130061;0.7;0.7
1.75963;-0.50032;1.82938;-0.0165515;-0.948333;0.7;0.7
1.90955;-0.453021;1.96255;-0.0440882;-2.52607;0.7;0.7
2.05575;-0.650135;2.1561;0.0733663;4.20358;0.7;0.7
1.88859;-0.389434;1.92833;-0.102947;-5.89841;0.7;0.7
1.94637;-0.399008;1.98685;-0.00115295;-0.0660589;0.7;0.7
2.05158;-0.440066;2.09824;0.00909927;0.52135;0.7;0.7
1.90542;-0.548466;1.98278;0.0689698;3.95168;0.7;0.7
1.94085;-0.531559;2.01232;-0.0129444;-0.741661;0.7;0.7
2.17656;-0.676594;2.2793;0.0340604;1.95152;0.7;0.7
2.03651;-0.420827;2.07953;-0.0976115;-5.59273;0.7;0.7
2.04996;-0.553268;2.12331;0.0598378;3.42845;0.7;0.7
1.88353;-0.477971;1.94323;-0.0150931;-0.864771;0.7;0.7
2.00989;-0.467609;2.06357;-0.0199306;-1.14194;0.7;0.7
1.95232;-0.394398;1.99176;-0.0292551;-1.67619;0.7;0.7
1.93508;-0.473906;1.99226;0.0408434;2.34016;0.7;0.7
2.20567;-0.444599;2.25004;-0.0412705;-2.36463;0.7;0.7
1.84458;-0.291752;1.86751;-0.0420377;-2.40858;0.7;0.7
2.04306;-0.199974;2.05283;-0.0592991;-3.39759;0.7;0.7
2.04091;-0.182255;2.04903;-0.0085039;-0.487238;0.7;0.7
1.80907;-0.101971;1.81194;-0.032758;-1.87689;0.7;0.7
2.01724;-0.0941852;2.01944;-0.00965044;-0.552929;0.7;0.7
1.89146;-0.168983;1.89899;0.0424472;2.43205;0.7;0.7
1.98181;-0.160319;1.98829;-0.00838417;-0.480378;0.7;0.7
1.96534;-0.170646;1.97273;0.00589108;0.337534;0.7;0.7
2.01549;-0.108564;2.01841;-0.0327975;-1.87916;0.7;0.7
2.02429;-0.178741;2.03217;0.0342567;1.96276;0.7;0.7
1.98487;-0.187518;1.9937;0.00612499;0.350936;0.7;0.7
1.93522;-0.178291;1.94341;-0.00232424;-0.133169;0.7;0.7
1.88005;-0.147285;1.88581;-0.0136891;-0.784327;0.7;0.7
1.87091;-0.385061;1.91012;0.124799;7.15048;0.7;0.7
2.06054;-0.518772;2.12484;0.0436586;2.50146;0.7;0.7
1.84902;-0.64062;1.95686;0.0868817;4.97796;0.7;0.7
1.92088;-0.569862;2.00362;-0.0451239;-2.58541;0.7;0.7
2.00366;-0.456404;2.05499;-0.0644339;-3.69179;0.7;0.7
1.96489;-0.451371;2.01607;0.00183676;0.105238;0.7;0.7
1.96743;-0.461629;2.02087;0.00466584;0.267333;0.7;0.7
2.15223;-0.466523;2.20221;-0.0170059;-0.974364;0.7;0.7
1.86251;-0.40781;1.90664;0.00209508;0.120039;0.7;0.7
1.99449;-0.417913;2.03781;-0.00900965;-0.516215;0.7;0.7
1.79278;-0.463276;1.85167;0.0463351;2.6548;0.7;0.7
1.89613;-0.423541;1.94286;-0.0331168;-1.89745;0.7;0.7
1.78517;-0.803787;1.95778;0.203305;11.6485;0.7;0.7
1.8296;-0.837221;2.01205;0.00608594;0.348699;0.7;0.7
1.88834;-0.811857;2.05546;-0.0231138;-1.32432;0.7;0.7
1.76378;-0.848038;1.95706;0.0421352;2.41417;0.7;0.7
1.82855;-0.82836;2.00743;-0.0228192;-1.30744;0.7;0.7
1.85632;-0.774196;2.0113;-0.0302324;-1.73219;0.7;0.7
1.75216;-0.736401;1.90062;0.00274278;0.15715;0.7;0.7
1.91589;-0.653746;2.02435;-0.0690326;-3.95528;0.7;0.7
1.85531;-0.733575;1.99507;0.0476928;2.73259;0.7;0.7
2.19469;-0.751513;2.31979;-0.0466185;-2.67104;0.7;0.7
1.95793;-0.752766;2.09765;0.0371379;2.12784;0.7;0.7
1.87608;-0.700588;2.00263;-0.00965318;-0.553086;0.7;0.7
1.75578;-0.630282;1.86548;-0.0127453;-0.73025;0.7;0.7
1.93898;-0.491244;2.00024;-0.096518;-5.53008;0.7;0.7
1.785;-0.515914;1.85806;0.0332289;1.90388;0.7;0.7
1.699;-0.464966;1.76148;-0.0142304;-0.815343;0.7;0.7
2.08104;-0.526022;2.14649;-0.0195465;-1.11993;0.7;0.7
1.79874;-0.499769;1.86688;0.0234251;1.34216;0.7;0.7
1.92917;-0.565116;2.01023;0.0139526;0.799424;0.7;0.7
2.02247;-0.506837;2.08501;-0.0394145;-2.25829;0.7;0.7
1.9765;-0.582258;2.06048;0.0409404;2.34571;0.7;0.7
1.93459;-0.614625;2.02987;0.0211317;1.21076;0.7;0.7
1.90386;-0.587552;1.99246;-0.00828054;-0.47444;0.7;0.7
1.99577;-0.554983;2.0715;-0.0281102;-1.6106;0.7;0.7
1.91592;-0.462861;1.97103;-0.0341825;-1.95851;0.7;0.7
2.11683;-0.381376;2.15091;-0.0587931;-3.36859;0.7;0.7
1.98001;0.0501782;1.98064;-0.203589;-11.6648;0.7;0.7
1.98497;-0.00902454;1.98499;0.0298834;1.71219;0.7;0.7
2.11952;-0.130201;2.12351;0.0568062;3.25476;0.7;0.7
1.95794;-0.0296828;1.95816;-0.0461936;-2.6467;0.7;0.7
1.90263;-0.0854604;1.90455;0.0297277;1.70327;0.7;0.7
1.9683;-0.167847;1.97545;0.0401825;2.30229;0.7;0.7
1.96232;-0.197575;1.97225;0.0152768;0.875298;0.7;0.7
1.83412;-0.215779;1.84676;0.016763;0.960448;0.7;0.7
1.98154;-0.229949;1.99484;-0.00158071;-0.0905683;0.7;0.7
1.99059;-0.0580564;1.99143;-0.0863712;-4.9487;0.7;0.7
1.99684;-0.0515679;1.9975;-0.00333816;-0.191262;0.7;0.7
2.04659;-0.149171;2.05202;0.04694;2.68946;0.7;0.7
2.08384;-0.123249;2.08748;-0.0136827;-0.783959;0.7;0.7
1.99448;-0.122965;1.99826;0.00249851;0.143154;0.7;0.7
1.98762;-0.152061;1.99342;0.0147803;0.846851;0.7;0.7
1.99311;-0.167628;2.00015;0.00755131;0.432658;0.7;0.7
1.97971;-0.222033;1.99212;0.027781;1.59173;0.7;0.7
2.02687;-0.169763;2.03397;-0.0281263;-1.61152;0.7;0.7
2.21281;-0.186822;2.22068;0.000666656;0.0381965;0.7;0.7
2.01;-0.120633;2.01362;-0.0242832;-1.39133;0.7;0.7
1.9488;0.126915;1.95293;-0.124977;-7.16067;0.7;0.7
2.18289;0.175395;2.18993;-0.0151448;-0.867735;0.7;0.7
2.01326;0.151349;2.01894;0.00514263;0.294651;0.7;0.7
2.1373;0.218963;2.14848;-0.0270574;-1.55028;0.7;0.7
1.91556;0.429422;1.9631;-0.118438;-6.78599;0.7;0.7
2.07631;0.528185;2.14244;-0.0285722;-1.63706;0.7;0.7
1.95911;0.46458;2.01344;0.0162651;0.93192;0.7;0.7
1.83097;0.365155;1.86703;0.035988;2.06196;0.7;0.7
1.59631;0.343142;1.63277;-0.0148884;-0.853043;0.7;0.7
1.95543;0.420031;2.00003;0.000150291;0.00861103;0.7;0.7
1.85505;0.319937;1.88244;0.0407991;2.33761;0.7;0.7
1.71768;0.382094;1.75967;-0.0480951;-2.75565;0.7;0.7
1.92526;0.509706;1.99159;-0.0399261;-2.2876;0.7;0.7
1.98584;0.568816;2.0657;-0.0201573;-1.15493;0.7;0.7
1.90771;0.555888;1.98705;-0.00457187;-0.261949;0.7;0.7
1.92147;0.561814;2.00192;-0.000920329;-0.052731;0.7;0.7
1.95721;0.59857;2.0467;-0.0123358;-0.706788;0.7;0.7
1.94964;0.526639;2.01952;0.0329705;1.88907;0.7;0.7
1.79712;0.754313;1.94901;-0.133577;-7.65342;0.7;0.7
1.62465;0.662128;1.7544;0.0104028;0.596035;0.7;0.7
1.88614;0.738908;2.02572;0.01362;0.780366;0.7;0.7
1.7059;0.632133;1.81925;0.0185087;1.06047;0.7;0.7
1.86891;0.677663;1.98798;0.00701731;0.402062;0.7;0.7
1.97458;0.71215;2.09907;0.00171353;0.098178;0.7;0.7
1.52681;0.434705;1.58749;0.0687652;3.93995;0.7;0.7
1.88605;0.635558;1.99026;-0.0476528;-2.73031;0.7;0.7
1.8222;0.491777;1.8874;0.0614264;3.51947;0.7;0.7
1.94248;0.512877;2.00904;0.00545937;0.312799;0.7;0.7
2.02991;0.500669;2.09074;0.0163222;0.935193;0.7;0.7
1.90823;0.499015;1.9724;-0.0139592;-0.799804;0.7;0.7
1.85672;0.448821;1.9102;0.0186006;1.06574;0.7;0.7
1.90216;0.216334;1.91442;0.123934;7.10087;0.7;0.7
2.08267;0.195478;2.09182;0.0196589;1.12637;0.7;0.7
2.00942;0.197538;2.0191;-0.00440576;-0.252431;0.7;0.7
2.16114;0.155808;2.16675;0.0260203;1.49085;0.7;0.7
2.01408;0.0646879;2.01512;0.0398642;2.28405;0.7;0.7
2.03911;0.326986;2.06516;-0.126897;-7.27064;0.7;0.7
1.90806;0.299203;1.93138;0.00346;0.198243;0.7;0.7
1.96722;0.309702;1.99145;-0.000606425;-0.0347456;0.7;0.7
1.84475;0.437654;1.89595;-0.076787;-4.39957;0.7;0.7
1.86094;0.524367;1.93341;-0.0417175;-2.39024;0.7;0.7
1.91262;0.540163;1.98743;-0.000598065;-0.0342666;0.7;0.7
2.03988;0.537849;2.10959;0.0174523;0.999945;0.7;0.7
2.16671;0.663686;2.26608;-0.0394363;-2.25954;0.7;0.7
1.92795;0.554606;2.00613;0.0171328;0.981639;0.7;0.7
1.98133;0.618748;2.0757;-0.0225891;-1.29426;0.7;0.7
1.92024;0.595216;2.01037;0.0021144;0.121146;0.7;0.7
2.08541;0.593067;2.1681;0.0235044;1.3467;0.7;0.7
1.96707;0.479696;2.02472;0.0378792;2.17032;0.7;0.7
1.74644;0.406315;1.79308;0.0106076;0.607772;0.7;0.7
1.92554;0.156198;1.93187;0.147645;8.45944;0.7;0.7
2.00161;0.165765;2.00846;-0.00168531;-0.0965612;0.7;0.7
1.96562;0.189358;1.97472;-0.0134118;-0.768439;0.7;0.7
2.0422;0.335109;2.06951;-0.0666041;-3.81613;0.7;0.7
2.04868;0.422963;2.09188;-0.0409532;-2.34645;0.7;0.7
2.01844;0.476923;2.07402;-0.0284316;-1.62901;0.7;0.7
2.02023;0.512487;2.08422;-0.0164094;-0.940192;0.7;0.7
1.96748;0.442179;2.01656;0.0273667;1.56799;0.7;0.7
1.93477;0.396256;1.97493;0.019056;1.09183;0.7;0.7
1.95761;0.401147;1.99829;-0.000104306;-0.00597627;0.7;0.7
1.92857;0.24233;1.94373;0.0771208;4.4187;0.7;0.7
1.99789;0.0487289;1.99849;0.100613;5.76468;0.7;0.7
1.9086;0.140696;1.91378;-0.0491986;-2.81887;0.7;0.7
2.21583;0.327056;2.23984;-0.0729578;-4.18017;0.7;0.7
2.03393;0.464186;2.08623;-0.0778366;-4.45971;0.7;0.7
1.95637;0.421612;2.00129;0.0121175;0.694279;0.7;0.7
2.04526;0.511009;2.10813;-0.0325771;-1.86653;0.7;0.7
1.89389;0.537771;1.96876;-0.0318306;-1.82376;0.7;0.7
1.98205;0.492148;2.04223;0.0332878;1.90725;0.7;0.7
1.94665;0.460885;2.00047;0.0109036;0.624732;0.7;0.7
1.814;0.549622;1.89544;-0.0617189;-3.53623;0.7;0.7
1.91858;0.513666;1.98615;0.0325985;1.86776;0.7;0.7
1.84525;0.455044;1.90053;0.0198191;1.13555;0.7;0.7
2.02031;0.199762;2.03016;0.143222;8.20601;0.7;0.7
1.98757;0.198867;1.99749;-0.00116711;-0.0668707;0.7;0.7
1.95438;0.23986;1.96904;-0.0223947;-1.28312;0.7;0.7
1.95743;0.355769;1.9895;-0.0576719;-3.30436;0.7;0.7
2.09688;0.396793;2.13409;-0.00722854;-0.414165;0.7;0.7
1.73539;0.295597;1.76039;0.0183037;1.04873;0.7;0.7
1.95597;0.16248;1.9627;0.0858366;4.91807;0.7;0.7
2.17507;0.41055;2.21348;-0.103679;-5.94038;0.7;0.7
2.35035;0.443508;2.39183;5.21377e-05;0.00298727;0.7;0.7
1.9563;0.380751;1.99301;-0.00571925;-0.327689;0.7;0.7
1.94963;0.505446;2.01408;-0.0614432;-3.52044;0.7;0.7
2.0549;0.491211;2.11279;0.019027;1.09017;0.7;0.7
1.97529;0.529005;2.0449;-0.0270293;-1.54866;0.7;0.7
1.96339;0.504325;2.02713;0.0102418;0.58681;0.7;0.7
1.85896;0.258233;1.87681;0.113399;6.4973;0.7;0.7
1.93121;0.239221;1.94597;0.0147858;0.847164;0.7;0.7
1.93363;0.369362;1.96859;-0.0655024;-3.75301;0.7;0.7
2.08364;0.756485;2.21672;-0.159515;-9.13956;0.7;0.7
1.87215;0.898186;2.07646;-0.0990651;-5.67601;0.7;0.7
1.76255;0.855845;1.95935;-0.00471253;-0.270008;0.7;0.7
1.78801;0.810203;1.96301;0.0265838;1.52314;0.7;0.7
1.79214;0.743723;1.94033;0.0320923;1.83875;0.7;0.7
1.8758;0.788631;2.03484;-0.00462514;-0.265001;0.7;0.7
1.70104;0.852538;1.90273;-0.0666073;-3.81632;0.7;0.7
1.77981;0.803298;1.9527;0.040629;2.32787;0.7;0.7
1.85067;0.724618;1.98747;0.0507708;2.90895;0.7;0.7
1.84946;0.490084;1.91329;0.114161;6.54096;0.7;0.7
1.73595;0.514909;1.8107;-0.0293146;-1.6796;0.7;0.7
1.88866;0.606308;1.98359;-0.0222844;-1.2768;0.7;0.7
1.95607;0.628923;2.05469;-0.000451664;-0.0258785;0.7;0.7
2.04325;0.715851;2.16502;-0.0259015;-1.48405;0.7;0.7
1.97217;0.659717;2.07959;0.014175;0.812166;0.7;0.7
1.87494;0.644653;1.98267;-0.00835166;-0.478515;0.7;0.7
1.88109;0.628225;1.98322;0.00884078;0.506539;0.7;0.7
1.68708;0.512279;1.76314;0.0275213;1.57686;0.7;0.7
1.70215;0.360361;1.73988;0.0861724;4.93731;0.7;0.7
1.74296;0.583701;1.8381;-0.114523;-6.56169;0.7;0.7
1.64527;0.515395;1.7241;0.0195752;1.12157;0.7;0.7
1.83556;0.669163;1.95373;-0.046005;-2.63589;0.7;0.7
1.63363;0.530841;1.71772;0.035399;2.02821;0.7;0.7
2.06482;0.902913;2.25361;-0.098046;-5.61762;0.7;0.7
2.01575;0.855126;2.18963;0.011016;0.631172;0.7;0.7
1.79498;0.892848;2.00478;-0.0603634;-3.45857;0.7;0.7
1.97916;0.790042;2.13102;0.0817758;4.68541;0.7;0.7
1.85449;0.738119;1.99599;0.00100463;0.0575612;0.7;0.7
2.04454;0.831072;2.207;-0.00728705;-0.417517;0.7;0.7
1.87459;0.771368;2.02709;-0.00428705;-0.24563;0.7;0.7
1.79313;0.708685;1.9281;0.013989;0.80151;0.7;0.7
1.76063;0.655457;1.87868;0.0199916;1.14543;0.7;0.7
1.85795;0.754993;2.00549;-0.0295869;-1.6952;0.7;0.7
1.84545;0.662399;1.96073;0.0413618;2.36986;0.7;0.7
1.92962;0.580839;2.01515;0.052229;2.9925;0.7;0.7
2.0471;0.627296;2.14106;-0.00496129;-0.284261;0.7;0.7
2.00413;0.612285;2.09557;0.00084038;0.0481502;0.7;0.7
1.79816;0.701265;1.93006;-0.0753425;-4.31681;0.7;0.7
1.82449;0.703005;1.95525;0.0040648;0.232896;0.7;0.7
1.61215;0.642693;1.73554;-0.0115632;-0.662521;0.7;0.7
1.56485;0.846485;1.77913;-0.116511;-6.6756;0.7;0.7
1.83306;0.72916;1.97276;0.117264;6.71874;0.7;0.7
1.93535;0.62602;2.03408;0.0657497;3.76718;0.7;0.7
2.06505;0.614246;2.15447;0.0237298;1.35961;0.7;0.7
1.80628;0.642111;1.91702;-0.0524405;-3.00462;0.7;0.7
1.81235;0.817364;1.98814;-0.0821282;-4.7056;0.7;0.7
1.7183;0.668256;1.84367;0.0527774;3.02392;0.7;0.7
1.80428;0.804734;1.97561;-0.0486285;-2.78621;0.7;0.7
1.92902;0.655078;2.03721;0.0921617;5.28048;0.7;0.7
1.64457;0.676083;1.77812;-0.062666;-3.5905;0.7;0.7
1.97304;0.757052;2.1133;0.0236649;1.3559;0.7;0.7
1.91759;0.931479;2.13186;-0.0858125;-4.91669;0.7;0.7
1.90591;0.850492;2.08707;0.0324649;1.8601;0.7;0.7
1.80291;0.701843;1.9347;0.0484872;2.77811;0.7;0.7
1.99924;0.779225;2.14573;-0.000414131;-0.023728;0.7;0.7
2.04006;0.705099;2.15847;0.038875;2.22737;0.7;0.7
1.90705;0.815592;2.07413;-0.0713592;-4.08858;0.7;0.7
1.81988;0.760426;1.97237;0.00833956;0.477822;0.7;0.7
1.74209;0.766123;1.90311;-0.0185226;-1.06127;0.7;0.7
1.53049;0.5924;1.64114;0.045008;2.57877;0.7;0.7
1.86383;0.722582;1.999;-0.00053879;-0.0308704;0.7;0.7
1.92392;0.640098;2.02761;0.0486613;2.78809;0.7;0.7
2.10882;0.570373;2.18459;0.0570349;3.26786;0.7;0.7
2.10207;0.409125;2.14151;0.0719238;4.12093;0.7;0.7
2.09015;0.464495;2.14114;-0.0264504;-1.5155;0.7;0.7
2.08387;0.488758;2.14042;-0.0117024;-0.670497;0.7;0.7
2.0145;0.22375;2.02689;0.119763;6.86191;0.7;0.7
2.06148;0.188742;2.0701;0.0193143;1.10663;0.7;0.7
1.97831;0.168556;1.98548;0.00630533;0.361269;0.7;0.7
1.8667;0.197257;1.87709;-0.0202842;-1.1622;0.7;0.7
2.09314;0.251298;2.10817;-0.0142055;-0.813914;0.7;0.7
2.28946;0.115615;2.29238;0.0690306;3.95516;0.7;0.7
1.8855;0.103461;1.88834;-0.00436089;-0.249861;0.7;0.7
2.02916;0.0364757;2.02948;0.0368428;2.11094;0.7;0.7
1.9639;-0.0462172;1.96445;0.0415029;2.37794;0.7;0.7
2.01846;-0.0573082;2.01928;0.00485539;0.278193;0.7;0.7
1.94964;-0.109954;1.95273;0.0279531;1.60159;0.7;0.7
1.96616;-0.152467;1.97206;0.0210533;1.20626;0.7;0.7
2.08841;0.109871;2.0913;-0.129952;-7.44571;0.7;0.7
1.95707;0.0364165;1.95741;0.0339559;1.94553;0.7;0.7
1.9836;-0.239532;1.99801;0.13878;7.95148;0.7;0.7
1.98371;-0.231006;1.99711;-0.00424462;-0.243199;0.7;0.7
1.68503;-0.298443;1.71125;0.0593673;3.4015;0.7;0.7
1.95544;-0.269747;1.97396;-0.0382151;-2.18956;0.7;0.7
1.95199;-0.331755;1.97998;0.0312671;1.79148;0.7;0.7
1.89143;-0.39738;1.93272;0.0387348;2.21934;0.7;0.7
1.97295;-0.256225;1.98952;-0.0779375;-4.46549;0.7;0.7
1.87718;-0.217245;1.8897;-0.013929;-0.798074;0.7;0.7
1.77189;-0.227894;1.78648;0.0126973;0.727502;0.7;0.7
1.99046;-0.352516;2.02143;0.0473712;2.71417;0.7;0.7
1.92198;-0.326461;1.9495;-0.00703426;-0.403033;0.7;0.7
1.92184;-0.0725014;1.92321;-0.130544;-7.47963;0.7;0.7
1.98593;-0.0680018;1.9871;-0.00347867;-0.199313;0.7;0.7
2.00114;-0.0356769;2.00146;-0.0164019;-0.939762;0.7;0.7
1.93954;-0.142447;1.94477;0.0554855;3.17908;0.7;0.7
2.1112;-0.260832;2.12725;0.0496123;2.84258;0.7;0.7
1.97006;-0.254665;1.98645;0.00563061;0.32261;0.7;0.7
1.99806;-0.220673;2.01021;-0.018557;-1.06324;0.7;0.7
1.867;-0.206725;1.87841;0.000278895;0.0159795;0.7;0.7
1.99752;-0.276265;2.01654;0.0271555;1.55589;0.7;0.7
1.92448;-0.330481;1.95265;0.0326339;1.86978;0.7;0.7
1.91909;-0.341041;1.94915;0.0058079;0.332768;0.7;0.7
1.88305;-0.40697;1.92653;0.0369747;2.11849;0.7;0.7
1.96542;-0.413244;2.0084;-0.00561049;-0.321457;0.7;0.7
2.15838;-0.549541;2.22724;0.0420727;2.41059;0.7;0.7
2.15935;-0.354745;2.1883;-0.0864825;-4.95508;0.7;0.7
1.98916;-0.465242;2.04284;0.06693;3.83481;0.7;0.7
1.96739;-0.605646;2.0585;0.0688781;3.94643;0.7;0.7
1.92272;-0.572522;2.00615;-0.00922944;-0.528808;0.7;0.7
1.97384;-0.759329;2.11486;0.0778366;4.45971;0.7;0.7
1.88843;-0.73817;2.02758;0.00538545;0.308563;0.7;0.7
1.83827;-0.726256;1.97653;0.00362588;0.207747;0.7;0.7
1.93639;-0.747903;2.0758;-0.00767031;-0.439477;0.7;0.7
1.8645;-0.773296;2.0185;0.0245702;1.40777;0.7;0.7
1.72262;-0.586163;1.81962;-0.0651705;-3.734;0.7;0.7
2.08836;-0.660277;2.19025;-0.0217589;-1.24669;0.7;0.7
1.91765;-0.63844;2.02114;0.0151602;0.868618;0.7;0.7
1.90906;-0.644745;2.015;0.00431583;0.247279;0.7;0.7
1.83992;-0.594961;1.93372;-0.0129512;-0.742048;0.7;0.7
1.90319;-0.609906;1.99853;-0.00262564;-0.150438;0.7;0.7
2.03043;-0.612658;2.12085;-0.0170748;-0.978314;0.7;0.7
1.85627;-0.423666;1.904;-0.0686587;-3.93385;0.7;0.7
1.92433;-0.477725;1.98274;0.0189449;1.08546;0.7;0.7
2.01483;-0.566423;2.09293;0.030717;1.75996;0.7;0.7
1.92339;-0.448682;1.97503;-0.0448749;-2.57114;0.7;0.7
1.93707;-0.440888;1.98661;-0.00538522;-0.30855;0.7;0.7
1.94681;-0.442776;1.99652;-0.000160139;-0.00917532;0.7;0.7
1.95785;-0.464208;2.01213;0.00916837;0.525309;0.7;0.7
2.07614;-0.302143;2.09801;-0.088285;-5.05836;0.7;0.7
2.09638;-0.317429;2.12028;0.00575994;0.33002;0.7;0.7
1.96824;-0.322798;1.99453;0.01228;0.703592;0.7;0.7
1.9855;-0.285148;2.00587;-0.0199164;-1.14112;0.7;0.7
2.09295;-0.308828;2.11561;0.00385928;0.22112;0.7;0.7
1.95563;-0.205908;1.96644;-0.0415961;-2.38328;0.7;0.7
1.98378;-0.197487;1.99359;-0.0056794;-0.325406;0.7;0.7
1.92896;-0.441998;1.97895;0.126026;7.22075;0.7;0.7
1.80035;-0.449641;1.85565;0.0194947;1.11697;0.7;0.7
1.96053;-0.496374;2.02239;0.00322855;0.184982;0.7;0.7
1.90908;-0.5765;1.99423;0.045297;2.59533;0.7;0.7
1.99901;-0.769342;2.14194;0.0741189;4.2467;0.7;0.7
1.87166;-0.719625;2.00523;-0.000328522;-0.0188229;0.7;0.7
2.12529;-0.695583;2.23622;-0.0507597;-2.90832;0.7;0.7
1.74219;-0.558708;1.82959;-0.00596995;-0.342053;0.7;0.7
2.00633;-0.678258;2.11788;0.0156668;0.897639;0.7;0.7
1.84641;-0.676387;1.9664;0.0251467;1.4408;0.7;0.7
1.85201;-0.638906;1.95911;-0.0189481;-1.08565;0.7;0.7
2.10709;-0.613716;2.19464;-0.0487743;-2.79456;0.7;0.7
1.89405;-0.52499;1.96546;-0.0130314;-0.746643;0.7;0.7
1.95998;-0.487967;2.01981;-0.0263863;-1.51182;0.7;0.7
2.00386;-0.427785;2.04902;-0.0336811;-1.92978;0.7;0.7
2.20733;-0.727358;2.32408;0.107992;6.18746;0.7;0.7
2.00003;-0.709902;2.12229;0.0227587;1.30398;0.7;0.7
1.71498;-0.698532;1.85178;0.0457209;2.61961;0.7;0.7
1.84961;-0.749793;1.99581;-0.00166011;-0.0951173;0.7;0.7
1.83475;-0.716968;1.96987;-0.0126092;-0.722454;0.7;0.7
1.88244;-0.457055;1.93713;-0.134335;-7.69683;0.7;0.7
2.12476;-0.479795;2.17826;-0.0161031;-0.922637;0.7;0.7
2.02419;-0.488846;2.08238;0.0148783;0.852463;0.7;0.7
2.05231;-0.306383;2.07505;-0.0887725;-5.08629;0.7;0.7
1.9545;-0.321845;1.98082;0.0150117;0.860106;0.7;0.7
2.12791;-0.25018;2.14257;-0.0461709;-2.6454;0.7;0.7
2.15677;0.0218019;2.15688;-0.127142;-7.28467;0.7;0.7
2.10369;-0.0109626;2.10372;0.0153193;0.877731;0.7;0.7
2.30891;-0.0922634;2.31075;0.0347275;1.98974;0.7;0.7
2.00582;-0.0349604;2.00613;-0.0225109;-1.28978;0.7;0.7
2.02152;0.0465337;2.02206;-0.0404427;-2.3172;0.7;0.7
2.00177;0.0437201;2.00225;0.00117785;0.0674857;0.7;0.7
1.97192;0.0660977;1.97302;-0.0116698;-0.668629;0.7;0.7
1.96994;0.141469;1.97501;-0.0381839;-2.18777;0.7;0.7
1.98983;0.14373;1.99501;-0.000416357;-0.0238555;0.7;0.7
2.02427;0.15449;2.03016;-0.00406409;-0.232855;0.7;0.7
2.09862;0.283858;2.11773;-0.0582721;-3.33875;0.7;0.7
1.91624;0.0757083;1.91774;0.0949553;5.44054;0.7;0.7
1.86859;-0.0147353;1.86865;0.0473738;2.71432;0.7;0.7
2.11411;-0.0803571;2.11564;0.0301059;1.72494;0.7;0.7
1.99869;-0.0761242;2.00014;7.70011e-05;0.00441184;0.7;0.7
2.01427;-0.0988224;2.0167;0.0109532;0.627573;0.7;0.7
2.03006;-0.0789562;2.0316;-0.0101479;-0.581433;0.7;0.7
1.99966;-0.122202;2.00339;0.0221619;1.26978;0.7;0.7
1.93385;-0.124659;1.93786;0.00333647;0.191166;0.7;0.7
2.13096;-0.0479134;2.13149;-0.0418916;-2.40021;0.7;0.7
1.98102;-0.114907;1.98435;0.0354583;2.03161;0.7;0.7
1.92298;-0.127452;1.9272;0.00824253;0.472262;0.7;0.7
1.94941;-0.24401;1.96462;0.0583422;3.34276;0.7;0.7
1.96422;-0.308595;1.98831;0.0313106;1.79397;0.7;0.7
1.95906;-0.249737;1.97491;-0.0290402;-1.66388;0.7;0.7
1.95219;-0.3209;1.97839;0.0361281;2.06999;0.7;0.7
2.00399;-0.393175;2.0422;0.0308128;1.76545;0.7;0.7
1.93851;-0.307039;1.96268;-0.0366508;-2.09994;0.7;0.7
1.95969;-0.401177;2.00033;0.0448403;2.56916;0.7;0.7
1.82744;-0.423638;1.8759;0.025872;1.48235;0.7;0.7
2.06535;-0.464172;2.11687;-0.00672694;-0.385426;0.7;0.7
1.94035;-0.441786;1.99001;0.00279776;0.1603;0.7;0.7
1.92831;-0.367128;1.96295;-0.0357305;-2.0472;0.7;0.7
1.94081;-0.437215;1.98945;0.0334389;1.91591;0.7;0.7
1.92017;-0.473747;1.97774;0.0203156;1.164;0.7;0.7
1.98186;-0.437592;2.02959;-0.0245792;-1.40829;0.7;0.7
1.94655;-0.463138;2.00089;0.016272;0.932318;0.7;0.7
1.85744;-0.340384;1.88837;-0.0523405;-2.99889;0.7;0.7
1.9717;-0.271637;1.99032;-0.0443375;-2.54035;0.7;0.7
2.09892;-0.457977;2.14831;0.0779228;4.46465;0.7;0.7
1.73016;-0.572916;1.82255;0.104941;6.01269;0.7;0.7
1.79886;-0.527197;1.87452;-0.0346805;-1.98705;0.7;0.7
1.88385;-0.556554;1.96434;0.00217385;0.124552;0.7;0.7
1.91151;-0.568967;1.99439;0.00203921;0.116838;0.7;0.7
1.91272;-0.805745;2.0755;0.109393;6.26777;0.7;0.7
1.69099;-0.702919;1.83127;-0.00474127;-0.271655;0.7;0.7
2.05559;-0.645035;2.15442;-0.0898901;-5.15033;0.7;0.7
1.82211;-0.817283;1.99701;0.117572;6.73636;0.7;0.7
1.71025;-0.733318;1.86084;-0.0165704;-0.949416;0.7;0.7
2.13629;-0.744671;2.26236;-0.0696551;-3.99094;0.7;0.7
1.91697;-0.519458;1.9861;-0.0707867;-4.05578;0.7;0.7
2.06913;-0.43383;2.11412;-0.0579499;-3.32028;0.7;0.7
2.05851;-0.514248;2.12177;0.038131;2.18475;0.7;0.7
2.05716;-0.491597;2.11509;-0.0102363;-0.586496;0.7;0.7
1.96422;-0.494716;2.02556;0.0121635;0.696916;0.7;0.7
1.92801;-0.392587;1.96757;-0.0458552;-2.62731;0.7;0.7
1.96168;-0.394138;2.00088;-0.0025987;-0.148894;0.7;0.7
1.99503;-0.31463;2.01968;-0.0418599;-2.39839;0.7;0.7
1.92409;-0.260271;1.94161;-0.0219651;-1.2585;0.7;0.7
1.96976;-0.26477;1.98747;-0.000836899;-0.0479508;0.7;0.7
1.85523;-0.262675;1.87374;0.00703429;0.403035;0.7;0.7
1.97614;-0.24578;1.99136;-0.0169126;-0.969023;0.7;0.7
1.90871;-0.23592;1.92324;-0.000760667;-0.043583;0.7;0.7
2.00264;-0.207169;2.01332;-0.0198963;-1.13997;0.7;0.7
2.00894;-0.234633;2.02259;0.0131861;0.755509;0.7;0.7
1.7906;-0.0229158;1.79075;-0.10347;-5.92842;0.7;0.7
2.0212;-0.156138;2.02722;0.0642999;3.68411;0.7;0.7
1.92608;-0.0102654;1.92611;-0.0717674;-4.11197;0.7;0.7
2.01566;0.168241;2.02266;-0.088604;-5.07663;0.7;0.7
2.01985;-0.00256939;2.01985;0.0845464;4.84415;0.7;0.7
1.974;0.0561227;1.97479;-0.0296954;-1.70142;0.7;0.7
1.88655;0.142541;1.89193;-0.04699;-2.69233;0.7;0.7
1.79872;0.184657;1.80817;-0.0268888;-1.54061;0.7;0.7
2.17657;0.305886;2.19796;-0.0373194;-2.13824;0.7;0.7
2.01594;0.486632;2.07384;-0.0972399;-5.57143;0.7;0.7
1.99064;0.327361;2.01738;0.0738699;4.23244;0.7;0.7
2.10829;0.323005;2.13289;0.0109662;0.628319;0.7;0.7
2.02328;0.298723;2.04522;0.00544164;0.311783;0.7;0.7
1.68986;0.271557;1.71154;-0.0127528;-0.730679;0.7;0.7
2.12817;0.159765;2.13416;0.0844055;4.83608;0.7;0.7
1.98154;-0.032792;1.98181;0.0914781;5.24131;0.7;0.7
1.94843;-0.0833881;1.95022;0.0262242;1.50253;0.7;0.7
2.0405;-0.0463019;2.04102;-0.0200839;-1.15072;0.7;0.7
1.92053;0.186119;1.92953;-0.119296;-6.83517;0.7;0.7
1.9905;0.20485;2.00101;-0.00594464;-0.340603;0.7;0.7
1.975;0.282771;1.99514;-0.039656;-2.27212;0.7;0.7
1.99197;0.168839;1.99911;0.0576515;3.30319;0.7;0.7
1.99792;0.162394;2.00451;0.00345468;0.197939;0.7;0.7
1.99069;0.164492;1.99748;-0.00134011;-0.0767828;0.7;0.7
1.99064;-0.0847199;1.99244;0.124977;7.16064;0.7;0.7
2.25959;-0.0745267;2.26082;-0.00956307;-0.547924;0.7;0.7
2.044;0.0896946;2.04596;-0.0768243;-4.40171;0.7;0.7
1.98068;0.0215347;1.9808;0.0329819;1.88972;0.7;0.7
1.92496;-0.0476481;1.92555;0.0356197;2.04086;0.7;0.7
1.98425;-0.0734073;1.98561;0.0122304;0.700751;0.7;0.7
1.95045;-0.0282105;1.95066;-0.0225156;-1.29005;0.7;0.7
2.04404;0.0222669;2.04417;-0.0253557;-1.45277;0.7;0.7
2.0636;-0.059077;2.06445;0.0395134;2.26395;0.7;0.7
2.01803;0.00664299;2.01804;-0.0319121;-1.82843;0.7;0.7
1.73262;0.11897;1.7367;-0.0652653;-3.73943;0.7;0.7
1.98894;0.0815495;1.99061;0.0275785;1.58013;0.7;0.7
1.86854;0.115113;1.87208;-0.0205494;-1.1774;0.7;0.7
1.95839;0.341312;1.98791;-0.111021;-6.36103;0.7;0.7
1.85352;0.210926;1.86548;0.0592387;3.39413;0.7;0.7
1.90276;0.317904;1.92913;-0.0522358;-2.99289;0.7;0.7
2.03225;0.348095;2.06185;-0.00409312;-0.234519;0.7;0.7
2.03499;0.375281;2.0693;-0.0127261;-0.729151;0.7;0.7
1.87139;0.357933;1.90531;-0.00661872;-0.379225;0.7;0.7
1.97934;0.363567;2.01245;0.00732809;0.419869;0.7;0.7
1.90457;0.0298136;1.9048;0.166004;9.5113;0.7;0.7
2.10506;0.193468;2.11393;-0.0759964;-4.35428;0.7;0.7
2.04314;0.266767;2.06048;-0.038184;-2.18778;0.7;0.7
1.97364;0.427245;2.01935;-0.083354;-4.77583;0.7;0.7
2.08468;0.395103;2.12179;0.0258817;1.48291;0.7;0.7
1.86156;0.521182;1.93314;-0.0856755;-4.90884;0.7;0.7
1.92297;0.550756;2.00029;-0.00596092;-0.341536;0.7;0.7
1.91785;0.554269;1.99634;-0.0023974;-0.137361;0.7;0.7
1.66595;0.541838;1.75185;-0.0331128;-1.89722;0.7;0.7
1.90661;0.617665;2.00416;0.00116005;0.0664658;0.7;0.7
2.24256;0.830925;2.39155;-0.0415501;-2.38064;0.7;0.7
1.59367;0.950149;1.85542;-0.18278;-10.4725;0.7;0.7
1.85148;0.997221;2.10296;0.0435679;2.49626;0.7;0.7
1.94079;0.982545;2.17533;0.0254116;1.45598;0.7;0.7
1.92164;0.870672;2.10968;0.0432233;2.47651;0.7;0.7
1.80579;0.893329;2.01468;-0.033981;-1.94697;0.7;0.7
1.95373;0.905717;2.15346;0.0253083;1.45006;0.7;0.7
1.9114;0.746378;2.05196;0.0618125;3.54159;0.7;0.7
2.04828;0.720943;2.17145;0.0338466;1.93927;0.7;0.7
1.91833;0.589518;2.00687;0.0402857;2.3082;0.7;0.7
2.00844;0.657365;2.11328;-0.0181652;-1.04079;0.7;0.7
1.84898;0.582799;1.93866;0.0109699;0.628531;0.7;0.7
1.90227;0.595698;1.99336;0.00186473;0.106841;0.7;0.7
1.88668;0.693386;2.01006;-0.0487152;-2.79117;0.7;0.7
1.81757;0.704798;1.94944;-0.0177248;-1.01555;0.7;0.7
1.95955;0.700287;2.08093;0.0266918;1.52933;0.7;0.7
1.92407;0.716515;2.05315;-0.0132591;-0.759692;0.7;0.7
1.87236;0.697601;1.99809;-0.000160723;-0.00920874;0.7;0.7
1.90695;0.846228;2.08628;-0.061006;-3.49538;0.7;0.7
1.982;0.723384;2.10988;0.0676973;3.87877;0.7;0.7
1.98347;0.859412;2.16165;-0.0589146;-3.37556;0.7;0.7
1.98943;1.00813;2.23029;-0.0601574;-3.44676;0.7;0.7
1.7808;0.90024;1.99541;0.000967832;0.0554527;0.7;0.7
1.83611;1.00374;2.09256;-0.0322205;-1.8461;0.7;0.7
1.92739;0.952745;2.15001;0.0411874;2.35987;0.7;0.7
1.793;0.891269;2.0023;-0.00221891;-0.127134;0.7;0.7
1.88233;0.991863;2.12766;-0.0236516;-1.35514;0.7;0.7
1.68738;1.13289;2.03241;-0.106305;-6.09081;0.7;0.7
1.5407;0.917289;1.79309;0.0542589;3.10881;0.7;0.7
1.83175;1.13808;2.15651;-0.0189303;-1.08462;0.7;0.7
1.68536;1.0859;2.0049;-0.0164273;-0.941216;0.7;0.7
1.74895;1.12351;2.07873;0.00135703;0.0777521;0.7;0.7
1.52427;1.21075;1.94661;-0.100259;-5.74441;0.7;0.7
1.48809;1.20537;1.91503;-0.00954871;-0.547101;0.7;0.7
1.39127;1.52802;2.06651;-0.151388;-8.67392;0.7;0.7
1.25091;1.48662;1.94288;-0.0390861;-2.23947;0.7;0.7
1.22995;1.30553;1.79365;0.0560932;3.21391;0.7;0.7
1.34929;1.56344;2.06517;-0.0435893;-2.49748;0.7;0.7
1.40491;1.4247;2.00089;0.0663943;3.80411;0.7;0.7
1.19156;1.44087;1.86974;-0.0874288;-5.0093;0.7;0.7
1.21574;1.66939;2.06516;-0.0615367;-3.52579;0.7;0.7
1.1723;1.6117;1.99295;-0.000578871;-0.0331668;0.7;0.7
1.43444;1.79893;2.30082;0.0442858;2.53739;0.7;0.7
1.22435;1.43085;1.88318;0.0346361;1.9845;0.7;0.7
1.33743;1.59903;2.08461;-0.0112352;-0.643731;0.7;0.7
1.46121;1.49531;2.09072;0.0773204;4.43013;0.7;0.7
1.2136;1.37523;1.83414;-0.0508193;-2.91173;0.7;0.7
1.21795;1.47321;1.91147;-0.0322176;-1.84593;0.7;0.7
1.28379;1.53003;1.99727;0.00727986;0.417105;0.7;0.7
1.2953;1.53589;2.00917;0.00251298;0.143983;0.7;0.7
1.09018;1.41253;1.7843;-0.0433218;-2.48215;0.7;0.7
1.30117;1.57732;2.04474;0.0324551;1.85954;0.7;0.7
1.27651;1.57162;2.02471;-0.00760629;-0.435808;0.7;0.7
1.19693;1.72466;2.09931;-0.0754577;-4.32341;0.7;0.7
1.09746;1.72735;2.0465;-0.0406891;-2.33132;0.7;0.7
1.08373;1.68335;2.00203;0.00599439;0.343453;0.7;0.7
1.129;1.66154;2.00882;0.0248317;1.42275;0.7;0.7
0.988182;1.57964;1.86327;-0.0378165;-2.16673;0.7;0.7
1.18142;1.98315;2.30838;-0.0217406;-1.24564;0.7;0.7
0.994967;1.80502;2.06108;-0.0334916;-1.91893;0.7;0.7
0.942233;1.76085;1.9971;-0.0124477;-0.713201;0.7;0.7
1.01137;1.68373;1.96413;0.0495803;2.84074;0.7;0.7
1.04803;1.84033;2.11782;-0.023237;-1.33138;0.7;0.7
1.16518;1.66691;2.03378;0.0923828;5.29314;0.7;0.7
1.36235;1.80162;2.25873;0.037386;2.14206;0.7;0.7
1.26029;1.41211;1.89272;0.0812049;4.6527;0.7;0.7
1.40349;1.30356;1.91548;0.0936482;5.36565;0.7;0.7
1.49916;1.1292;1.87685;0.102937;5.89784;0.7;0.7
1.59354;1.18612;1.98652;0.00569829;0.326488;0.7;0.7
1.45849;1.20544;1.89217;-0.0508267;-2.91216;0.7;0.7
1.5626;1.16773;1.95072;0.0489204;2.80293;0.7;0.7
1.61865;1.20628;2.0187;0.0013244;0.0758824;0.7;0.7
1.57624;1.21698;1.99138;-0.0170369;-0.976145;0.7;0.7
1.57776;1.27072;2.02584;-0.0205396;-1.17683;0.7;0.7
1.55648;1.25302;1.99817;0.000220096;0.0126106;0.7;0.7
1.52022;1.25354;1.97039;-0.0117472;-0.673065;0.7;0.7
1.54479;1.2593;1.99304;0.00561327;0.321616;0.7;0.7
1.66249;1.33581;2.13266;0.00706471;0.404778;0.7;0.7
1.53981;1.31558;2.02529;-0.0301604;-1.72806;0.7;0.7
1.58272;1.266;2.02676;0.0323597;1.85407;0.7;0.7
1.55837;1.33337;2.05095;-0.0330743;-1.89502;0.7;0.7
1.428;1.15139;1.83436;0.0291761;1.67167;0.7;0.7
1.57374;1.29272;2.03661;-0.00910204;-0.521509;0.7;0.7
1.47292;1.16018;1.87497;0.0204924;1.17413;0.7;0.7
1.24579;1.22331;1.74599;-0.109117;-6.25192;0.7;0.7
1.38073;1.30058;1.89682;0.0207814;1.19069;0.7;0.7
1.48835;1.42384;2.05973;-0.00773332;-0.443087;0.7;0.7
1.45268;1.37932;2.0032;0.00375134;0.214936;0.7;0.7
1.52862;1.26296;1.98287;0.0689775;3.95212;0.7;0.7
1.56763;1.26977;2.01737;0.0097168;0.556732;0.7;0.7
1.53957;1.31541;2.02499;-0.0262382;-1.50334;0.7;0.7
1.43447;1.34399;1.96571;-0.0458025;-2.62429;0.7;0.7
1.45101;1.32729;1.9665;0.0119474;0.684537;0.7;0.7
1.33285;1.42596;1.95188;-0.0782398;-4.48281;0.7;0.7
1.39819;1.49176;2.04458;0.00137305;0.0786697;0.7;0.7
1.22287;1.38634;1.84861;-0.0302067;-1.73072;0.7;0.7
1.29216;1.55517;2.02194;-0.0295383;-1.69242;0.7;0.7
1.23852;1.72317;2.12208;-0.0700906;-4.0159;0.7;0.7
1.16239;1.76018;2.10936;-0.0395574;-2.26647;0.7;0.7
1.09508;1.6432;1.97467;0.00420223;0.24077;0.7;0.7
1.27567;1.88392;2.27519;0.00737323;0.422455;0.7;0.7
1.10258;1.67959;2.00916;-0.0143124;-0.82004;0.7;0.7
1.15872;1.53096;1.92002;0.0669714;3.83718;0.7;0.7
0.980715;1.76633;2.02033;-0.141027;-8.08025;0.7;0.7
0.982985;1.74273;2.00084;0.00671801;0.384914;0.7;0.7
0.984429;1.74662;2.00494;-0.000325673;-0.0186597;0.7;0.7
1.1436;1.80176;2.13405;0.0523116;2.99724;0.7;0.7
1.3071;1.54067;2.02044;0.138011;7.90744;0.7;0.7
1.36576;1.65793;2.14803;-0.0144939;-0.830442;0.7;0.7
1.23163;1.79815;2.17951;-0.0885198;-5.07181;0.7;0.7
1.16907;1.62704;2.0035;0.0225022;1.28928;0.7;0.7
1.08529;1.52044;1.86805;-0.00312497;-0.179047;0.7;0.7
1.16287;1.62976;2.0021;-0.000180936;-0.0103669;0.7;0.7
1.10902;1.59006;1.93861;-0.0107162;-0.613992;0.7;0.7
1.18735;1.72518;2.09428;-0.00623552;-0.357269;0.7;0.7
1.14522;1.5967;1.96494;0.0194087;1.11204;0.7;0.7
0.972432;1.59802;1.87064;-0.0755386;-4.32804;0.7;0.7
0.878627;1.32458;1.58949;0.0390234;2.23587;0.7;0.7
1.15173;1.67642;2.03393;0.0162706;0.932235;0.7;0.7
1.22152;1.6745;2.0727;0.0282816;1.62042;0.7;0.7
1.42746;1.87195;2.35411;0.0212451;1.21726;0.7;0.7
1.09763;1.55689;1.90491;-0.0374024;-2.143;0.7;0.7
1.1212;1.86125;2.17286;-0.0719037;-4.11978;0.7;0.7
1.13537;1.77993;2.11121;0.0256225;1.46806;0.7;0.7
1.04443;1.64146;1.94556;-0.00112905;-0.06469;0.7;0.7
1.02709;1.62027;1.91838;-0.00169907;-0.0973497;0.7;0.7
0.927602;1.73998;1.97179;-0.0751888;-4.308;0.7;0.7
0.937462;1.83577;2.06128;-0.0176404;-1.01072;0.7;0.7
0.927144;1.94935;2.1586;-0.0281925;-1.61531;0.7;0.7
0.93914;1.96507;2.17796;0.00187405;0.107375;0.7;0.7
0.859699;2.10165;2.27068;-0.0575334;-3.29642;0.7;0.7
0.706436;1.87602;2.00462;-0.0281529;-1.61304;0.7;0.7
0.69635;1.86274;1.98865;-0.00239371;-0.13715;0.7;0.7
0.676502;1.82561;1.94693;-0.00287199;-0.164553;0.7;0.7
0.642265;1.88361;1.9901;-0.0262598;-1.50458;0.7;0.7
0.605324;1.84259;1.93947;-0.0112025;-0.641855;0.7;0.7
0.600405;1.88382;1.97719;-0.00887268;-0.508367;0.7;0.7
0.594531;1.93969;2.02876;-0.0111221;-0.637247;0.7;0.7
0.746733;1.86873;2.0124;0.0827405;4.74068;0.7;0.7
0.773093;1.89287;2.04466;0.00759017;0.434884;0.7;0.7
0.994174;2.07447;2.3004;0.0591565;3.38942;0.7;0.7
0.76617;1.77467;1.933;-0.039351;-2.25465;0.7;0.7
0.801842;1.84017;2.00729;0.00338173;0.193759;0.7;0.7
0.587171;2.03774;2.12065;-0.130385;-7.47051;0.7;0.7
0.527486;1.94039;2.01081;-0.0151179;-0.866189;0.7;0.7
0.532867;1.93145;2.00361;0.00376177;0.215534;0.7;0.7
0.505703;2.05096;2.11238;-0.0274462;-1.57255;0.7;0.7
0.501925;1.91096;1.97578;0.0151071;0.865571;0.7;0.7
0.501984;1.94373;2.0075;-0.00411778;-0.235931;0.7;0.7
0.504974;2.07908;2.13952;-0.0144664;-0.828862;0.7;0.7
0.467358;1.9484;2.00367;-0.00285021;-0.163305;0.7;0.7
0.493312;1.93052;1.99255;0.0147603;0.845702;0.7;0.7
0.425114;1.87481;1.9224;-0.0271994;-1.55841;0.7;0.7
0.379391;2.01557;2.05097;-0.0369278;-2.11581;0.7;0.7
0.378575;1.95914;1.99538;0.00483067;0.276777;0.7;0.7
0.414522;1.76378;1.81183;0.0399474;2.28882;0.7;0.7
0.495867;1.92598;1.98879;0.0211583;1.21228;0.7;0.7
0.534343;1.92644;1.99917;0.0185821;1.06468;0.7;0.7
0.557114;1.921;2.00015;0.0116975;0.670218;0.7;0.7
0.546259;1.8237;1.90375;0.00876039;0.501933;0.7;0.7
0.622809;1.80946;1.91364;0.0404664;2.31855;0.7;0.7
0.790853;1.923;2.07927;0.0586806;3.36215;0.7;0.7
0.838502;1.98143;2.15155;0.0101521;0.581674;0.7;0.7
0.93251;1.90631;2.12217;0.0546175;3.12935;0.7;0.7
0.744416;2.03974;2.17134;-0.10501;-6.01664;0.7;0.7
0.739448;1.97757;2.11129;0.0078863;0.451852;0.7;0.7
0.706437;1.9152;2.04133;-0.00444674;-0.254779;0.7;0.7
0.732482;1.79578;1.93942;0.0339148;1.94318;0.7;0.7
0.816283;2.09922;2.25235;-0.0164324;-0.94151;0.7;0.7
0.758519;1.79755;1.95104;0.0284469;1.62989;0.7;0.7
0.768528;1.84337;1.99716;-0.00430085;-0.246421;0.7;0.7
0.735187;1.88127;2.01982;-0.0224596;-1.28684;0.7;0.7
0.959867;1.87039;2.10231;0.1016;5.82124;0.7;0.7
1.09585;1.58584;1.92764;0.13053;7.47881;0.7;0.7
0.983826;1.65948;1.92919;-0.0695266;-3.98358;0.7;0.7
1.02547;1.64424;1.93781;0.0225003;1.28917;0.7;0.7
1.10687;1.70152;2.02986;0.0190905;1.09381;0.7;0.7
1.09035;1.70445;2.02336;-0.00763042;-0.437191;0.7;0.7
1.01899;1.87925;2.13773;-0.0722491;-4.13957;0.7;0.7
0.862698;1.83889;2.0312;-0.0582012;-3.33468;0.7;0.7
0.915522;2.02476;2.22213;-0.0140061;-0.802491;0.7;0.7
0.919858;1.85966;2.07472;0.034698;1.98805;0.7;0.7
0.877788;1.78663;1.99062;-0.00267904;-0.153498;0.7;0.7
0.890557;1.72211;1.93876;0.0205876;1.17958;0.7;0.7
0.945142;1.90604;2.12751;-0.0169227;-0.969601;0.7;0.7
0.979451;1.76988;2.02282;0.0451149;2.58489;0.7;0.7
0.973819;1.74221;1.9959;0.00424363;0.243142;0.7;0.7
0.972375;1.78472;2.03242;-0.0108246;-0.620202;0.7;0.7
0.743593;1.62771;1.78952;-0.070347;-4.03059;0.7;0.7
0.625611;1.87468;1.97631;-0.106426;-6.09775;0.7;0.7
0.69934;1.83919;1.96766;0.0412643;2.36427;0.7;0.7
0.899729;2.00958;2.2018;0.0575954;3.29997;0.7;0.7
0.941946;2.15165;2.3488;-0.00831088;-0.476179;0.7;0.7
0.799414;1.83317;1.99989;-0.00142398;-0.0815883;0.7;0.7
1.01104;1.7091;1.98575;0.12297;7.04565;0.7;0.7
1.03198;1.74039;2.02335;0.00103785;0.0594645;0.7;0.7
1.03196;1.72337;2.00871;0.00431035;0.246965;0.7;0.7
1.01574;1.85128;2.11163;-0.0377168;-2.16101;0.7;0.7
0.978971;1.75245;2.00735;0.00762318;0.436776;0.7;0.7
1.02361;1.70814;1.99136;0.0304251;1.74323;0.7;0.7
1.08862;1.84725;2.14416;-0.00734153;-0.420639;0.7;0.7
1.15723;1.75191;2.09962;0.051229;2.93521;0.7;0.7
1.09863;1.69106;2.0166;-0.00761268;-0.436174;0.7;0.7
1.04053;1.62618;1.93059;-0.00693302;-0.397233;0.7;0.7
1.1372;1.85326;2.17435;-0.0188359;-1.07922;0.7;0.7
1.0383;1.71935;2.00854;-0.00709856;-0.406718;0.7;0.7
0.918136;1.5421;1.79473;-0.00626226;-0.358801;0.7;0.7
0.617175;1.84171;1.94237;-0.213667;-12.2422;0.7;0.7
0.708468;2.01816;2.1389;0.0142591;0.816985;0.7;0.7
0.566605;1.92583;2.00745;-0.0514677;-2.94888;0.7;0.7
0.566044;1.90962;1.99175;0.0020268;0.116127;0.7;0.7
0.362499;1.91354;1.94757;-0.100946;-5.78377;0.7;0.7
0.338374;1.98957;2.01814;-0.0187581;-1.07476;0.7;0.7
0.369388;2.10027;2.13251;0.00563323;0.32276;0.7;0.7
0.192237;1.89346;1.9032;-0.0729156;-4.17776;0.7;0.7
0.168991;1.97056;1.97779;-0.0156317;-0.895629;0.7;0.7
0.151842;1.9027;1.90875;-0.00591403;-0.338849;0.7;0.7
0.00886379;1.95205;1.95207;-0.0750937;-4.30255;0.7;0.7
0.0103085;2.00288;2.00291;0.000606075;0.0347255;0.7;0.7
-0.145393;2.05937;2.0645;-0.0756303;-4.3333;0.7;0.7
-0.148836;2.02193;2.02741;-0.00299441;-0.171567;0.7;0.7
-0.0826305;1.92229;1.92406;0.0305188;1.7486;0.7;0.7
-0.171806;2.03933;2.04656;-0.0410885;-2.3542;0.7;0.7
0.049008;1.95618;1.9568;0.109095;6.25069;0.7;0.7
-0.0528708;1.81826;1.81903;-0.0541171;-3.10068;0.7;0.7
0.0232044;2.02699;2.02713;0.0405167;2.32143;0.7;0.7
-0.0358829;2.087;2.0873;-0.0286391;-1.6409;0.7;0.7
-0.185618;2.28884;2.29636;-0.0637279;-3.65134;0.7;0.7
-0.188773;1.9755;1.9845;-0.0143482;-0.82209;0.7;0.7
0.00199321;1.87033;1.87033;0.0963336;5.51951;0.7;0.7
0.116279;1.96981;1.97324;0.0578965;3.31723;0.7;0.7
0.117812;1.99654;2.00001;-2.23032e-05;-0.00127788;0.7;0.7
0.25742;1.77152;1.79013;0.0853603;4.89078;0.7;0.7
0.419122;1.75066;1.80013;0.0906856;5.1959;0.7;0.7
0.65143;1.97333;2.07807;0.0838675;4.80526;0.7;0.7
0.602655;2.08854;2.17375;-0.0379311;-2.17329;0.7;0.7
0.565822;1.77787;1.86574;0.0272005;1.55848;0.7;0.7
0.602617;1.9095;2.00233;-0.00242607;-0.139003;0.7;0.7
0.591073;1.91306;2.00229;-0.00603324;-0.345679;0.7;0.7
0.478082;2.02968;2.08522;-0.0683342;-3.91526;0.7;0.7
0.453346;1.95711;2.00893;-0.00370366;-0.212204;0.7;0.7
0.609557;1.81292;1.91265;0.0967299;5.54222;0.7;0.7
0.650959;1.92264;2.02985;0.00210602;0.120666;0.7;0.7
0.573934;1.83489;1.92256;-0.0233135;-1.33576;0.7;0.7
0.589819;1.89775;1.9873;-0.00181384;-0.103925;0.7;0.7
0.53779;1.88741;1.96254;-0.023755;-1.36106;0.7;0.7
0.576947;1.81597;1.90541;0.0300435;1.72136;0.7;0.7
0.596521;1.92218;2.01261;-0.00671078;-0.384499;0.7;0.7
0.478605;1.6816;1.74838;-0.0236308;-1.35394;0.7;0.7
0.428337;2.00889;2.05405;-0.0672063;-3.85064;0.7;0.7
0.408209;1.89283;1.93634;0.00233349;0.133699;0.7;0.7
0.627854;2.07021;2.16332;0.0820558;4.70145;0.7;0.7
0.586824;1.88277;1.9721;0.00767475;0.439731;0.7;0.7
0.828095;1.89882;2.07154;0.109104;6.25121;0.7;0.7
0.804042;1.92433;2.08555;-0.0154607;-0.885833;0.7;0.7
0.638521;1.97359;2.07431;-0.0828776;-4.74854;0.7;0.7
0.609203;1.90885;2.00371;-0.00397585;-0.2278;0.7;0.7
0.580795;1.88118;1.9688;-0.00947386;-0.542812;0.7;0.7
0.683684;2.12442;2.23172;0.0119;0.681821;0.7;0.7
0.536834;1.94078;2.01366;-0.0414946;-2.37746;0.7;0.7
0.661724;1.8537;1.96827;0.0730137;4.18338;0.7;0.7
0.678019;1.896;2.01358;0.000559919;0.032081;0.7;0.7
0.581569;1.92757;2.01339;-0.0504075;-2.88814;0.7;0.7
0.528284;2.00946;2.07774;-0.0359453;-2.05951;0.7;0.7
0.528898;1.72045;1.79991;0.0411678;2.35874;0.7;0.7
0.355611;1.9997;2.03107;-0.122256;-7.00476;0.7;0.7
0.379326;1.85328;1.89171;0.0258968;1.48378;0.7;0.7
0.4088;1.96235;2.00448;0.00349459;0.200225;0.7;0.7
0.645663;1.9204;2.02603;0.118956;6.8157;0.7;0.7
0.660225;1.84414;1.95876;0.019455;1.11469;0.7;0.7
0.852484;2.02294;2.19522;0.0550298;3.15298;0.7;0.7
0.721759;1.75593;1.89848;-0.0088374;-0.506346;0.7;0.7
0.784864;1.91999;2.07422;-0.001931;-0.110638;0.7;0.7
0.942941;2.12313;2.3231;0.0299035;1.71334;0.7;0.7
0.695351;2.02258;2.13877;-0.0868247;-4.97469;0.7;0.7
0.548836;2.13024;2.1998;-0.0789791;-4.52517;0.7;0.7
0.496718;1.93673;1.99942;-0.00109606;-0.0627997;0.7;0.7
0.605955;2.08637;2.17259;0.0315978;1.81042;0.7;0.7
0.193332;2.04926;2.05836;-0.188594;-10.8057;0.7;0.7
0.336055;2.13542;2.1617;0.0620273;3.5539;0.7;0.7
0.381839;1.63784;1.68176;0.0729534;4.17992;0.7;0.7
0.283584;1.99791;2.01793;-0.0880463;-5.04468;0.7;0.7
0.295479;1.98457;2.00645;0.00680363;0.389819;0.7;0.7
0.299793;2.03158;2.05358;-0.00129345;-0.0741091;0.7;0.7
0.150454;1.98161;1.98732;-0.0707294;-4.0525;0.7;0.7
0.13351;2.01758;2.022;-0.00970266;-0.555922;0.7;0.7
0.112566;1.97989;1.98309;-0.00928321;-0.531889;0.7;0.7
0.067922;1.98835;1.98951;-0.0226467;-1.29756;0.7;0.7
0.104245;1.84705;1.84999;0.0222319;1.27379;0.7;0.7
0.103222;2.02871;2.03134;-0.00554209;-0.317538;0.7;0.7
0.242852;1.57833;1.59691;0.101832;5.83455;0.7;0.7
0.288673;1.71095;1.73513;0.0144781;0.829536;0.7;0.7
0.318903;1.85698;1.88416;0.00292669;0.167687;0.7;0.7
0.367983;1.95256;1.98693;0.0162039;0.928416;0.7;0.7
0.509854;1.94553;2.01123;0.0700228;4.01201;0.7;0.7
0.674185;1.90005;2.01611;0.084667;4.85106;0.7;0.7
0.661702;1.76339;1.88346;0.0180167;1.03228;0.7;0.7
0.717618;1.65749;1.80617;0.0496042;2.84211;0.7;0.7
0.772135;1.76755;1.92884;0.00326802;0.187243;0.7;0.7
0.728072;1.89262;2.02783;-0.0446176;-2.5564;0.7;0.7
0.73546;1.87398;2.01314;0.00674931;0.386707;0.7;0.7
0.73856;1.84353;1.98597;0.00705537;0.404243;0.7;0.7
0.812931;1.84494;2.0161;0.0339888;1.94741;0.7;0.7
1.10242;1.87306;2.1734;0.11694;6.70017;0.7;0.7
1.00064;1.74094;2.00802;-0.0103137;-0.590934;0.7;0.7
0.954789;1.69577;1.94609;-0.00885755;-0.5075;0.7;0.7
0.965631;1.72586;1.97764;-0.00268841;-0.154034;0.7;0.7
1.12696;1.59574;1.95356;0.104783;6.00361;0.7;0.7
1.28645;1.86523;2.26584;-0.0111147;-0.636827;0.7;0.7
1.08111;1.70015;2.01477;-0.0373905;-2.14232;0.7;0.7
1.24321;1.65382;2.06899;0.0782119;4.48121;0.7;0.7
1.21496;1.59329;2.00367;0.00687977;0.394182;0.7;0.7
1.33844;1.56725;2.06099;0.0553344;3.17043;0.7;0.7
1.30751;1.53918;2.01957;-0.00261788;-0.149993;0.7;0.7
1.16663;1.62341;1.99912;-0.0810791;-4.64549;0.7;0.7
1.15074;1.64951;2.01124;-0.0139899;-0.801563;0.7;0.7
1.21082;1.57928;1.99003;0.0449715;2.57668;0.7;0.7
1.2046;1.26917;1.74981;0.105205;6.02782;0.7;0.7
1.42824;1.42983;2.02096;0.0255361;1.46311;0.7;0.7
1.37523;1.42083;1.97738;-0.0157535;-0.90261;0.7;0.7
1.48293;1.45815;2.07973;0.0247375;1.41735;0.7;0.7
1.50162;1.42248;2.06841;0.0186288;1.06735;0.7;0.7
1.36664;1.43103;1.97877;-0.0500652;-2.86852;0.7;0.7
1.16221;1.26798;1.72003;-0.0204894;-1.17396;0.7;0.7
1.34444;1.59553;2.08644;-0.0417032;-2.38941;0.7;0.7
1.03802;1.46819;1.79808;-0.0847859;-4.85787;0.7;0.7
1.13261;1.62645;1.98196;-0.00712404;-0.408178;0.7;0.7
1.29325;1.81482;2.22847;0.0108516;0.621754;0.7;0.7
1.11319;1.61254;1.95946;-0.0149308;-0.855469;0.7;0.7
1.16764;1.61792;1.99526;0.0209308;1.19925;0.7;0.7
1.24914;1.3585;1.8455;0.118347;6.78078;0.7;0.7
1.37568;1.43023;1.98445;0.0224753;1.28774;0.7;0.7
1.49715;1.36073;2.02312;0.0671367;3.84665;0.7;0.7
1.47558;1.32352;1.98219;0.00657172;0.376532;0.7;0.7
1.57555;1.1994;1.98013;0.0804595;4.60999;0.7;0.7
1.80082;1.20717;2.168;0.0601213;3.4447;0.7;0.7
1.6933;1.14188;2.04234;-0.00275784;-0.158012;0.7;0.7
1.62912;1.0788;1.95393;0.00840156;0.481374;0.7;0.7
1.66934;1.1085;2.00386;-0.00127721;-0.0731785;0.7;0.7
1.66703;1.12302;2.01002;-0.00665217;-0.381141;0.7;0.7
1.62232;1.12859;1.97627;-0.0149763;-0.858081;0.7;0.7
1.74424;1.14754;2.08787;0.0258958;1.48372;0.7;0.7
1.64308;1.09969;1.97713;-0.00790154;-0.452725;0.7;0.7
1.64895;1.07628;1.96912;0.011539;0.661134;0.7;0.7
1.63021;1.12702;1.98186;-0.0266089;-1.52458;0.7;0.7
1.52003;0.994828;1.81663;0.025365;1.45331;0.7;0.7
1.66597;1.27729;2.09927;-0.0745811;-4.27318;0.7;0.7
1.59698;1.22915;2.01523;-0.00187231;-0.107275;0.7;0.7
1.58753;1.19008;1.98407;0.0126977;0.727527;0.7;0.7
1.62134;1.2801;2.06577;-0.0250499;-1.43525;0.7;0.7
1.49846;1.18662;1.9114;-0.00145206;-0.0831971;0.7;0.7
1.72753;1.51012;2.29452;-0.0485734;-2.78305;0.7;0.7
1.44815;1.43078;2.03575;-0.0610151;-3.49591;0.7;0.7
1.62108;1.36659;2.12026;0.0789409;4.52298;0.7;0.7
1.50042;1.80189;2.3448;-0.176011;-10.0847;0.7;0.7
1.37313;1.6126;2.11801;0.0110046;0.630516;0.7;0.7
1.29859;1.55669;2.02722;-0.010116;-0.579602;0.7;0.7
1.31455;1.50511;1.99835;0.0226689;1.29883;0.7;0.7
1.19107;1.70899;2.0831;-0.109246;-6.25932;0.7;0.7
0.803247;1.70934;1.88866;-0.16938;-9.70473;0.7;0.7
0.820172;2.0231;2.18303;-0.0541373;-3.10184;0.7;0.7
0.740784;1.96658;2.10148;-0.0249084;-1.42715;0.7;0.7
0.686961;1.90517;2.02523;-0.0141804;-0.812479;0.7;0.7
0.577874;2.05891;2.13847;-0.0724377;-4.15038;0.7;0.7
0.538097;1.92767;2.00137;-0.00141562;-0.0811092;0.7;0.7
0.678201;1.82195;1.94408;0.0841339;4.82052;0.7;0.7
0.697815;1.87443;2.00011;3.68937e-05;0.00211385;0.7;0.7
0.656839;1.81733;1.93239;-0.00956305;-0.547922;0.7;0.7
0.624401;1.95839;2.05552;-0.0381771;-2.18739;0.7;0.7
0.691155;1.80707;1.93474;0.0566609;3.24643;0.7;0.7
0.703544;1.74278;1.87943;0.0183793;1.05306;0.7;0.7
0.781497;1.85716;2.01489;0.0146241;0.837902;0.7;0.7
0.946567;1.93727;2.15616;0.0561831;3.21906;0.7;0.7
1.12196;1.94551;2.24584;0.0686142;3.9313;0.7;0.7
0.971182;1.51339;1.79821;0.0474307;2.71758;0.7;0.7
1.13313;1.81457;2.13931;-0.0123245;-0.706143;0.7;0.7
1.05079;1.7091;2.00629;-0.00696547;-0.399092;0.7;0.7
1.04537;1.70209;1.99748;-0.000473955;-0.0271556;0.7;0.7
1.03942;1.70464;1.99655;-0.00321097;-0.183975;0.7;0.7
1.10133;1.72977;2.05062;0.0194012;1.11161;0.7;0.7
1.15707;1.76155;2.10757;0.014212;0.814285;0.7;0.7
1.07206;1.71831;2.02531;-0.0233658;-1.33876;0.7;0.7
1.04938;1.76491;2.05332;-0.0213843;-1.22523;0.7;0.7
0.948218;1.7106;1.95583;-0.0302732;-1.73452;0.7;0.7
0.867204;2.0737;2.24773;-0.110063;-6.30613;0.7;0.7
0.870707;1.79109;1.99152;0.0564017;3.23158;0.7;0.7
0.966093;1.78382;2.02863;0.0438705;2.51359;0.7;0.7
0.929357;1.75043;1.98185;-0.00827771;-0.474278;0.7;0.7
1.02154;1.70628;1.9887;0.0513736;2.94349;0.7;0.7
0.880161;1.80783;2.01071;-0.0863776;-4.94907;0.7;0.7
0.912257;1.73029;1.95604;0.0321128;1.83993;0.7;0.7
0.838704;1.74438;1.93554;-0.0370206;-2.12112;0.7;0.7
0.868177;1.80479;2.00275;0.000193641;0.0110948;0.7;0.7
0.959049;1.79426;2.03449;0.0425061;2.43542;0.7;0.7
0.96264;1.96459;2.18776;-0.0352595;-2.02022;0.7;0.7
0.853651;1.84651;2.03429;-0.0225728;-1.29333;0.7;0.7
0.619787;1.81493;1.91784;-0.103962;-5.9566;0.7;0.7
0.636787;1.87551;1.98066;-0.00176154;-0.100929;0.7;0.7
0.55533;2.06167;2.13516;-0.0642014;-3.67847;0.7;0.7
0.519615;1.92783;1.99663;0.000163413;0.00936287;0.7;0.7
0.672999;1.88674;2.00317;0.0793536;4.54663;0.7;0.7
0.847672;1.93044;2.10835;0.0711276;4.07531;0.7;0.7
0.958372;1.76176;2.00556;0.0844564;4.83899;0.7;0.7
0.962611;1.77417;2.01849;-0.00109431;-0.0626992;0.7;0.7
0.994626;1.77976;2.03883;0.0124947;0.715891;0.7;0.7
1.02934;1.81329;2.08508;0.00668757;0.38317;0.7;0.7
0.954185;1.72837;1.97427;-0.0118704;-0.680124;0.7;0.7
1.06582;1.70023;2.00668;0.05551;3.18049;0.7;0.7
0.824098;1.40024;1.62475;-0.0279926;-1.60386;0.7;0.7
0.912354;1.59502;1.83752;-0.0123729;-0.708915;0.7;0.7
1.02147;1.74078;2.01834;0.0110698;0.634255;0.7;0.7
0.824888;1.78687;1.96809;-0.0981577;-5.62402;0.7;0.7
0.828405;1.74702;1.93348;0.0102898;0.589563;0.7;0.7
1.16831;1.89497;2.22618;0.109705;6.28564;0.7;0.7
1.19679;1.63999;2.03024;0.0779346;4.46533;0.7;0.7
1.17916;1.48245;1.89422;0.0415172;2.37876;0.7;0.7
1.29831;1.59551;2.05701;0.0111198;0.637115;0.7;0.7
1.28204;1.48313;1.96043;0.029748;1.70444;0.7;0.7
1.37585;1.43546;1.98834;0.0513919;2.94454;0.7;0.7
1.51048;1.26797;1.97213;0.108263;6.20302;0.7;0.7
1.52489;1.32238;2.0184;-0.0160558;-0.919928;0.7;0.7
1.52072;1.25902;1.97427;0.0228644;1.31004;0.7;0.7
1.29922;1.21488;1.77874;-0.0603378;-3.4571;0.7;0.7
1.5222;1.13304;1.8976;0.111997;6.41694;0.7;0.7
1.81335;1.15671;2.15086;0.0720577;4.1286;0.7;0.7
1.73896;0.937639;1.97564;0.0733027;4.19994;0.7;0.7
1.91968;0.802669;2.08073;0.0984742;5.64216;0.7;0.7
1.83017;0.755696;1.98005;0.0044485;0.25488;0.7;0.7
1.78318;0.775029;1.94432;-0.0184154;-1.05513;0.7;0.7
1.83898;0.817306;2.01242;-0.0082143;-0.470644;0.7;0.7
1.74482;0.841107;1.93697;-0.0309767;-1.77483;0.7;0.7
1.80202;0.867494;1.99995;0.000534473;0.0306231;0.7;0.7
1.62184;0.970193;1.88988;-0.0904404;-5.18185;0.7;0.7
1.68846;1.0298;1.97773;-0.00857207;-0.491143;0.7;0.7
1.6901;1.04166;1.98531;-0.00466897;-0.267512;0.7;0.7
1.77121;1.10825;2.08936;-0.00676297;-0.38749;0.7;0.7
1.68974;1.02408;1.97584;0.0142432;0.816076;0.7;0.7
1.43258;1.05607;1.77977;-0.0903884;-5.17888;0.7;0.7
1.5722;1.12282;1.93198;0.0150735;0.863646;0.7;0.7
1.57573;0.920721;1.82501;0.0913688;5.23505;0.7;0.7
1.66486;0.996837;1.94047;-0.0106959;-0.612833;0.7;0.7
1.63009;1.10866;1.97137;-0.0577573;-3.30925;0.7;0.7
1.73565;1.10268;2.05631;0.0312786;1.79213;0.7;0.7
1.99434;1.05351;2.2555;0.0799875;4.58294;0.7;0.7
1.6426;0.782569;1.81949;0.0413858;2.37123;0.7;0.7
1.80079;0.85691;1.99427;0.000463564;0.0265603;0.7;0.7
1.84343;0.890579;2.04728;-0.00590034;-0.338065;0.7;0.7
1.61213;0.848114;1.82161;-0.0342517;-1.96248;0.7;0.7
1.71865;0.769477;1.88304;0.0633369;3.62894;0.7;0.7
