#1 AntVel X	#2 AntVel Y	#3 Speed	#4 Turning Angle Rad		#5 Turning Angle Deg	#6 Detected Phero Left	#7 Detected Phero Right	
-0.84942;-1.78393;1.97584;0.0520279;2.98098;0.7;0.7
-0.846671;-1.68273;1.88373;0.0217805;1.24793;0.7;0.7
-0.919567;-1.78659;2.00936;0.00917523;0.525702;0.7;0.7
-0.91387;-1.81465;2.03178;-0.00881367;-0.504986;0.7;0.7
-0.898651;-1.79629;2.00854;-0.00265639;-0.1522;0.7;0.7
-0.894548;-1.78954;2.00067;-0.000324237;-0.0185774;0.7;0.7
-0.987186;-1.89819;2.13955;0.0160235;0.918079;0.7;0.7
-0.889854;-1.87204;2.07277;-0.0358472;-2.05389;0.7;0.7
-0.776739;-1.8087;1.96843;-0.0380943;-2.18265;0.7;0.7
-0.923671;-1.56645;1.8185;0.127151;7.28522;0.7;0.7
-1.05013;-1.76789;2.05626;0.00321617;0.184273;0.7;0.7
-1.06089;-1.80673;2.09518;-0.00505289;-0.289509;0.7;0.7
-1.0422;-1.71069;2.00316;0.0162329;0.930075;0.7;0.7
-1.04847;-1.65181;1.95647;0.0183982;1.05414;0.7;0.7
-1.07178;-1.72198;2.02828;-0.00883763;-0.506359;0.7;0.7
-1.06101;-1.69445;1.99923;0.0026994;0.154664;0.7;0.7
-1.03177;-1.69629;1.98543;-0.0129702;-0.743135;0.7;0.7
-0.966505;-1.71053;1.9647;-0.0321567;-1.84244;0.7;0.7
-0.984133;-1.71756;1.97953;0.00600671;0.344159;0.7;0.7
-0.997379;-1.73476;2.00104;0.00146935;0.0841875;0.7;0.7
-1.07845;-1.68981;2.00462;0.0462537;2.65014;0.7;0.7
-1.00822;-1.6215;1.90938;-0.0117582;-0.673695;0.7;0.7
-0.913074;-1.73036;1.95649;-0.0707361;-4.05288;0.7;0.7
-0.911297;-1.53583;1.78584;0.0499749;2.86335;0.7;0.7
-1.00341;-1.68167;1.95827;0.00244946;0.140344;0.7;0.7
-1.01534;-1.68212;1.96479;0.0050967;0.292019;0.7;0.7
-1.24488;-1.62003;2.04309;0.112125;6.42428;0.7;0.7
-1.22495;-1.59361;2.00999;0.00014656;0.00839725;0.7;0.7
-1.21203;-1.56159;1.97676;0.00469223;0.268845;0.7;0.7
-1.21186;-1.61409;2.01839;-0.0160193;-0.917841;0.7;0.7
-1.19185;-1.5991;1.9944;-0.00350764;-0.200973;0.7;0.7
-1.16434;-1.78476;2.13097;-0.0624559;-3.57846;0.7;0.7
-0.959753;-1.67213;1.92799;-0.0569877;-3.26515;0.7;0.7
-0.889249;-1.71835;1.93481;-0.0435107;-2.49298;0.7;0.7
-0.908384;-1.81952;2.03367;-0.0145066;-0.831165;0.7;0.7
-0.919602;-1.62984;1.87138;0.050658;2.90249;0.7;0.7
-0.99777;-1.82647;2.08124;-0.0137158;-0.785857;0.7;0.7
-0.825626;-1.88934;2.06186;-0.0880021;-5.04215;0.7;0.7
-0.7042;-1.85865;1.98758;-0.0498179;-2.85435;0.7;0.7
-0.67327;-1.89343;2.00957;-0.0205261;-1.17606;0.7;0.7
-0.510235;-1.93116;1.99743;-0.0833301;-4.77446;0.7;0.7
-0.79702;-1.83462;2.00026;0.151526;8.68179;0.7;0.7
-0.556702;-1.77076;1.85621;-0.105233;-6.0294;0.7;0.7
-0.410161;-2.10964;2.14914;-0.112575;-6.45005;0.7;0.7
-0.239085;-1.90487;1.91982;-0.0671674;-3.84841;0.7;0.7
-0.241536;-1.96542;1.98021;-0.00258021;-0.147835;0.7;0.7
-0.0885211;-1.90636;1.90842;-0.0758781;-4.3475;0.7;0.7
-0.110758;-2.00219;2.00525;0.00886069;0.50768;0.7;0.7
-0.112405;-2.03479;2.03789;-7.63074e-05;-0.00437209;0.7;0.7
-0.134422;-2.04707;2.05148;0.0103857;0.595059;0.7;0.7
-0.110361;-2.0458;2.04878;-0.0116787;-0.669138;0.7;0.7
-0.29047;-2.13566;2.15532;0.0812873;4.65742;0.7;0.7
-0.353885;-1.90254;1.93517;0.0487248;2.79173;0.7;0.7
-0.356784;-1.9703;2.00234;-0.00476449;-0.272985;0.7;0.7
-0.421317;-1.98524;2.02946;0.0299815;1.71781;0.7;0.7
-0.374668;-1.72548;1.76569;0.00469693;0.269114;0.7;0.7
-0.471552;-2.03316;2.08713;0.0140827;0.806881;0.7;0.7
-0.436477;-1.89163;1.94133;-0.00112886;-0.0646791;0.7;0.7
-0.460934;-1.95306;2.00672;0.00499216;0.28603;0.7;0.7
-0.523008;-1.82209;1.89566;0.0477585;2.73636;0.7;0.7
-0.665114;-1.73677;1.85977;0.0862073;4.93932;0.7;0.7
-0.601165;-2.01773;2.10538;-0.076163;-4.36382;0.7;0.7
-0.588778;-1.91698;2.00536;0.00842551;0.482746;0.7;0.7
-0.580016;-1.92009;2.00578;-0.00463083;-0.265327;0.7;0.7
-0.612682;-1.89322;1.98989;0.0196201;1.12415;0.7;0.7
-0.709267;-1.99438;2.11674;0.028702;1.6445;0.7;0.7
-0.886271;-1.94304;2.13562;0.0862526;4.94191;0.7;0.7
-0.828146;-1.79215;1.97424;0.00493067;0.282506;0.7;0.7
-0.812964;-1.9584;2.12044;-0.0393982;-2.25735;0.7;0.7
-0.804777;-1.98211;2.13926;-0.00778451;-0.446019;0.7;0.7
-0.750703;-1.83169;1.97955;0.00327731;0.187776;0.7;0.7
-0.829977;-1.8474;2.02528;0.0332826;1.90695;0.7;0.7
-0.769633;-1.74472;1.90693;-0.00679948;-0.389582;0.7;0.7
-0.724025;-1.67894;1.8284;-0.00830176;-0.475656;0.7;0.7
-0.657401;-1.83419;1.94844;-0.0629918;-3.60916;0.7;0.7
-0.627503;-1.89742;1.99849;-0.0247611;-1.41871;0.7;0.7
-0.493191;-1.89377;1.95693;-0.0646213;-3.70253;0.7;0.7
-0.515636;-1.89851;1.96729;0.010433;0.597768;0.7;0.7
-0.765123;-1.77223;1.93034;0.142354;8.15625;0.7;0.7
-0.745622;-1.82028;1.96707;-0.0187852;-1.07631;0.7;0.7
-0.660282;-1.68;1.80509;-0.0142914;-0.818838;0.7;0.7
-0.645444;-2.29552;2.38454;-0.100381;-5.7514;0.7;0.7
-0.577441;-1.90017;1.98598;0.0209217;1.19873;0.7;0.7
-0.579473;-1.91313;1.99896;-0.00091167;-0.0522348;0.7;0.7
-0.778967;-1.89429;2.0482;0.0960322;5.50224;0.7;0.7
-0.92338;-1.76755;1.99421;0.0912706;5.22942;0.7;0.7
-0.894605;-1.75621;1.97094;-0.0102758;-0.58876;0.7;0.7
-0.8777;-1.87284;2.0683;-0.0328829;-1.88405;0.7;0.7
-0.917089;-1.82314;2.0408;0.0278144;1.59365;0.7;0.7
-0.847677;-1.88557;2.06735;-0.0435798;-2.49694;0.7;0.7
-0.766196;-1.75294;1.91307;-0.0104184;-0.596931;0.7;0.7
-0.709369;-1.84841;1.97986;-0.0456301;-2.61441;0.7;0.7
-0.703659;-2.0847;2.20025;-0.0409118;-2.34407;0.7;0.7
-0.732825;-1.88397;2.02148;0.045443;2.60369;0.7;0.7
-0.783817;-1.81359;1.97572;0.0369755;2.11854;0.7;0.7
-0.800145;-1.84728;2.01313;0.000805677;0.0461619;0.7;0.7
-0.815589;-1.74421;1.92547;0.0286409;1.641;0.7;0.7
-0.733129;-1.84872;1.98878;-0.0598551;-3.42945;0.7;0.7
-0.729053;-1.8531;1.99136;-0.00271306;-0.155447;0.7;0.7
-0.88201;-1.68246;1.89964;0.108026;6.18941;0.7;0.7
-0.941984;-1.7758;2.01018;0.00486447;0.278714;0.7;0.7
-0.738663;-1.72656;1.87794;-0.083455;-4.78162;0.7;0.7
-0.604458;-1.597;1.70756;-0.0424261;-2.43083;0.7;0.7
-0.689533;-1.87339;1.99626;-0.00915455;-0.524517;0.7;0.7
-0.630483;-1.88061;1.98348;-0.0291998;-1.67303;0.7;0.7
-0.565483;-1.88784;1.97071;-0.0324437;-1.85889;0.7;0.7
-0.604448;-1.89968;1.99352;0.0170203;0.975193;0.7;0.7
-0.681912;-1.81506;1.93893;0.0513263;2.94078;0.7;0.7
-0.803137;-1.7535;1.92868;0.0701204;4.0176;0.7;0.7
-0.666562;-1.77519;1.8962;-0.0703027;-4.02805;0.7;0.7
-0.710611;-1.88183;2.01153;0.00186357;0.106775;0.7;0.7
-0.801967;-1.84976;2.01612;0.0480297;2.7519;0.7;0.7
-0.711232;-1.78894;1.92514;-0.0306816;-1.75793;0.7;0.7
-0.760935;-1.78729;1.94253;0.0240932;1.38044;0.7;0.7
-0.757013;-1.92895;2.07217;-0.0285238;-1.6343;0.7;0.7
-0.769743;-2.01575;2.15772;-0.00920554;-0.527439;0.7;0.7
-0.852221;-1.59771;1.81079;0.125237;7.17553;0.7;0.7
-0.710338;-1.53877;1.69482;-0.0575314;-3.29631;0.7;0.7
-0.960645;-1.87907;2.11039;0.0401151;2.29842;0.7;0.7
-0.712297;-1.48903;1.65063;-0.0264056;-1.51293;0.7;0.7
-0.799457;-1.83253;1.99933;-0.0348212;-1.99511;0.7;0.7
-0.499356;-1.83648;1.90316;-0.145878;-8.35819;0.7;0.7
-0.495643;-1.81141;1.878;0.00159478;0.0913741;0.7;0.7
-0.615321;-1.81709;1.91844;0.0594259;3.40485;0.7;0.7
-0.218899;-1.61116;1.62596;-0.191473;-10.9706;0.7;0.7
-0.256095;-1.93495;1.95182;-0.0034502;-0.197682;0.7;0.7
-0.393869;-1.93164;1.97139;0.0695585;3.98541;0.7;0.7
-0.503427;-2.0013;2.06365;0.0452901;2.59493;0.7;0.7
-0.469861;-2.19452;2.24426;-0.0355148;-2.03485;0.7;0.7
-0.345437;-1.95747;1.98771;-0.0362483;-2.07688;0.7;0.7
-0.347691;-1.96967;2.00012;4.90936e-05;0.00281286;0.7;0.7
-0.374993;-1.96241;1.99792;0.0140896;0.807276;0.7;0.7
-0.374471;-1.97807;2.0132;-0.00171454;-0.0982362;0.7;0.7
-0.359251;-2.08854;2.11921;-0.0167537;-0.959915;0.7;0.7
-0.290929;-1.99949;2.02055;-0.0258564;-1.48146;0.7;0.7
-0.352938;-1.68638;1.72291;0.0618226;3.54217;0.7;0.7
-0.403476;-1.97951;2.02021;-0.00523777;-0.300102;0.7;0.7
-0.280389;-2.01557;2.03498;-0.0628475;-3.6009;0.7;0.7
-0.488189;-1.98434;2.04351;0.103005;5.90175;0.7;0.7
-0.389063;-1.90487;1.9442;-0.0397543;-2.27775;0.7;0.7
-0.56582;-1.82072;1.90661;0.0998307;5.71987;0.7;0.7
-0.594929;-1.89738;1.98847;0.0025375;0.145388;0.7;0.7
-0.36427;-2.10676;2.13802;-0.132631;-7.59918;0.7;0.7
-0.526792;-1.75816;1.83538;0.119902;6.86989;0.7;0.7
-0.60845;-1.84003;1.93802;0.0282404;1.61806;0.7;0.7
-0.643251;-1.89193;1.99829;0.00838108;0.4802;0.7;0.7
-0.318915;-1.71216;1.74161;-0.143582;-8.22667;0.7;0.7
-0.242601;-1.58771;1.60614;-0.0325279;-1.86371;0.7;0.7
-0.343462;-2.14993;2.17719;0.00679082;0.389085;0.7;0.7
-0.0910998;-1.8999;1.90208;-0.110504;-6.3314;0.7;0.7
-0.215449;-1.89555;1.90776;0.0652614;3.7392;0.7;0.7
-0.245932;-2.13866;2.15275;0.00131602;0.0754023;0.7;0.7
-0.219238;-2.0047;2.01666;-0.00556188;-0.318672;0.7;0.7
0.0141596;-2.07536;2.07541;-0.115751;-6.63206;0.7;0.7
0.0333043;-1.97594;1.97622;-0.0100307;-0.574717;0.7;0.7
-0.0914011;-1.75978;1.76216;0.0687454;3.93882;0.7;0.7
-0.199967;-2.14934;2.15862;0.0408775;2.34211;0.7;0.7
-0.189217;-1.99103;2;0.00198018;0.113456;0.7;0.7
-0.286133;-1.83548;1.85765;0.0598957;3.43177;0.7;0.7
-0.343467;-1.87071;1.90198;0.0269345;1.54323;0.7;0.7
-0.38168;-2.09914;2.13356;-0.00171831;-0.098452;0.7;0.7
-0.106957;-2.06863;2.07139;-0.128203;-7.3455;0.7;0.7
-0.0308125;-1.91141;1.91166;-0.0355395;-2.03626;0.7;0.7
-0.0520189;-2.16187;2.16249;0.00793849;0.454842;0.7;0.7
-0.0628241;-2.05582;2.05678;0.00649231;0.371982;0.7;0.7
-0.175752;-2.07338;2.08081;0.0540141;3.09478;0.7;0.7
-0.176951;-1.98117;1.98905;0.00451663;0.258784;0.7;0.7
-0.0557447;-1.83854;1.83938;-0.0587696;-3.36725;0.7;0.7
-0.0164163;-1.92267;1.92274;-0.0217727;-1.24749;0.7;0.7
-0.0446139;-1.89812;1.89865;0.0149618;0.85725;0.7;0.7
0.0133997;-1.94966;1.9497;-0.0303726;-1.74022;0.7;0.7
0.0492179;-1.88991;1.89055;-0.0191638;-1.09801;0.7;0.7
0.0577986;-1.99177;1.99261;-0.00297401;-0.170398;0.7;0.7
0.0995085;-1.91393;1.91652;-0.0229343;-1.31404;0.7;0.7
0.105036;-2.04746;2.05016;0.00068919;0.0394877;0.7;0.7
0.0438752;-2.03815;2.03862;0.0297319;1.70352;0.7;0.7
-0.0185001;-2.04911;2.0492;0.0305518;1.75049;0.7;0.7
-0.0592116;-2.00307;2.00394;0.0205237;1.17592;0.7;0.7
-0.253652;-1.77506;1.79309;0.112385;6.4392;0.7;0.7
-0.0663867;-1.89923;1.90039;-0.106997;-6.13046;0.7;0.7
-0.0950122;-2.03201;2.03423;0.0117833;0.675136;0.7;0.7
-0.277517;-2.05621;2.07485;0.087431;5.00943;0.7;0.7
-0.331485;-2.09657;2.12261;0.0226556;1.29807;0.7;0.7
-0.458056;-2.05963;2.10995;0.0620253;3.55379;0.7;0.7
-0.44492;-2.02107;2.06947;-0.00215165;-0.123281;0.7;0.7
-0.452964;-2.0066;2.05709;0.00533127;0.305459;0.7;0.7
-0.280598;-1.68659;1.70977;-0.0571554;-3.27476;0.7;0.7
-0.432834;-1.9265;1.97452;0.0561444;3.21684;0.7;0.7
-0.339157;-2.06062;2.08834;-0.0578767;-3.31609;0.7;0.7
-0.280553;-1.91513;1.93557;-0.0176691;-1.01237;0.7;0.7
-0.21021;-1.94476;1.95609;-0.0377861;-2.16498;0.7;0.7
-0.223614;-2.01085;2.02324;0.00307652;0.176272;0.7;0.7
-0.239364;-2.1497;2.16298;0.000141737;0.0081209;0.7;0.7
-0.252263;-2.06736;2.08269;0.0105308;0.603372;0.7;0.7
-0.232263;-1.98025;1.99382;-0.00466494;-0.267282;0.7;0.7
-0.190284;-2.00341;2.01243;-0.0220607;-1.26398;0.7;0.7
-0.174975;-1.87215;1.88031;-0.00150469;-0.0862122;0.7;0.7
-0.388139;-1.96759;2.00551;0.101574;5.81978;0.7;0.7
-0.37627;-1.9296;1.96594;-0.00218308;-0.125081;0.7;0.7
-0.329112;-1.79776;1.82763;-0.0115192;-0.659999;0.7;0.7
-0.562777;-1.94504;2.02482;0.100585;5.76307;0.7;0.7
-0.528952;-1.93177;2.00288;-0.0143817;-0.824009;0.7;0.7
-0.393581;-2.10509;2.14157;-0.0824344;-4.72314;0.7;0.7
-0.434374;-1.90961;1.95839;0.0388297;2.22478;0.7;0.7
-0.442474;-1.95192;2.00144;-0.000742488;-0.0425414;0.7;0.7
-0.438315;-1.93747;1.98643;-0.000433052;-0.024812;0.7;0.7
-0.499177;-1.87348;1.93884;0.037908;2.17197;0.7;0.7
-0.471094;-1.93982;1.99621;-0.022152;-1.26921;0.7;0.7
-0.386587;-1.9072;1.94599;-0.0382526;-2.19171;0.7;0.7
-0.471871;-1.84104;1.90055;0.0509157;2.91725;0.7;0.7
-0.519965;-1.84416;1.91606;0.0239126;1.37009;0.7;0.7
-0.535503;-1.93998;2.01253;-0.00548897;-0.314495;0.7;0.7
-0.332387;-1.81332;1.84354;-0.0880389;-5.04426;0.7;0.7
-0.260506;-1.97396;1.99107;-0.0500764;-2.86916;0.7;0.7
-0.170013;-2.02323;2.03036;-0.0473802;-2.71468;0.7;0.7
-0.0170246;-1.85585;1.85593;-0.0746601;-4.27771;0.7;0.7
0.0190984;-2.2025;2.20258;-0.0178442;-1.0224;0.7;0.7
-0.0372651;-1.95589;1.95624;0.0277215;1.58833;0.7;0.7
-0.0867671;-2.03053;2.03238;0.0236548;1.35532;0.7;0.7
-0.0778278;-1.78854;1.79024;0.000781897;0.0447994;0.7;0.7
-0.088908;-2.01062;2.01259;0.000703182;0.0402893;0.7;0.7
-0.0421063;-2.05465;2.05508;-0.0237001;-1.35792;0.7;0.7
-0.049339;-1.99713;1.99774;0.00420958;0.241191;0.7;0.7
0.125614;-1.98229;1.98627;-0.0879834;-5.04108;0.7;0.7
0.107394;-2.04607;2.04889;0.0108437;0.621299;0.7;0.7
-0.00813052;-1.81714;1.81716;0.0569141;3.26094;0.7;0.7
0.113604;-2.06974;2.07286;-0.0593074;-3.39806;0.7;0.7
0.170373;-1.963;1.97038;-0.0317422;-1.8187;0.7;0.7
-0.0586815;-1.92959;1.93048;0.116977;6.70231;0.7;0.7
-0.143812;-2.21565;2.22031;0.0344143;1.9718;0.7;0.7
-0.174264;-1.96901;1.97671;0.0234571;1.34399;0.7;0.7
-0.125943;-2.02854;2.03244;-0.0262673;-1.50501;0.7;0.7
-0.157579;-1.96806;1.97436;0.0178914;1.0251;0.7;0.7
-0.0341357;-1.99818;1.99847;-0.0628157;-3.59907;0.7;0.7
-0.224074;-1.88733;1.90058;0.10109;5.79204;0.7;0.7
-0.257679;-1.98554;2.00219;0.0108846;0.623641;0.7;0.7
-0.27158;-1.86945;1.88907;0.0152072;0.871307;0.7;0.7
-0.0837007;-2.0415;2.04321;-0.103287;-5.91791;0.7;0.7
-0.122119;-2.05479;2.05841;0.0183848;1.05337;0.7;0.7
-0.166789;-1.94711;1.95424;0.0260898;1.49483;0.7;0.7
0.0923095;-1.76052;1.76294;-0.137836;-7.89745;0.7;0.7
0.124897;-1.768;1.7724;-0.0181411;-1.03941;0.7;0.7
0.205463;-1.96262;1.97335;-0.0337818;-1.93556;0.7;0.7
0.194326;-2.10668;2.11562;0.0123254;0.706191;0.7;0.7
0.19278;-2.07077;2.07973;-0.000845304;-0.0484324;0.7;0.7
0.284965;-2.09468;2.11397;-0.0423842;-2.42843;0.7;0.7
0.142567;-2.12475;2.12952;0.0682141;3.90838;0.7;0.7
0.32596;-1.76263;1.79251;-0.115865;-6.63855;0.7;0.7
0.408923;-1.87852;1.92251;-0.0314776;-1.80353;0.7;0.7
0.513936;-1.85335;1.92329;-0.0561638;-3.21795;0.7;0.7
0.414308;-1.83241;1.87866;0.0481421;2.75834;0.7;0.7
0.273473;-2.16927;2.18644;0.0969568;5.55522;0.7;0.7
0.203421;-1.77108;1.78272;0.0110491;0.633065;0.7;0.7
0.338851;-1.95564;1.98478;-0.0572094;-3.27785;0.7;0.7
0.367291;-1.95302;1.98725;-0.0143271;-0.820881;0.7;0.7
0.376085;-1.92673;1.9631;-0.00687678;-0.39401;0.7;0.7
0.388016;-1.94114;1.97954;-0.0045218;-0.25908;0.7;0.7
0.53278;-1.9717;2.04242;-0.0666196;-3.81702;0.7;0.7
0.81191;-1.70588;1.88924;-0.180311;-10.3311;0.7;0.7
0.822146;-1.83121;2.0073;0.0222303;1.2737;0.7;0.7
0.988307;-1.91164;2.15201;-0.055158;-3.16032;0.7;0.7
0.947365;-1.84265;2.07192;0.00226121;0.129558;0.7;0.7
0.89823;-1.78403;1.99739;0.00845663;0.484529;0.7;0.7
0.909206;-1.78865;2.00647;-0.00384952;-0.220561;0.7;0.7
0.938384;-1.90061;2.11964;0.0116628;0.668231;0.7;0.7
0.808665;-1.75413;1.93156;0.0266491;1.52688;0.7;0.7
0.780552;-1.85705;2.01443;0.0340716;1.95216;0.7;0.7
0.947471;-1.85366;2.08177;-0.0746183;-4.27531;0.7;0.7
0.811738;-1.8421;2.01302;0.0574577;3.29209;0.7;0.7
0.896533;-1.70541;1.9267;-0.0689382;-3.94987;0.7;0.7
0.959251;-1.88266;2.11295;0.0127627;0.731251;0.7;0.7
1.14696;-1.86196;2.18687;-0.0808663;-4.6333;0.7;0.7
1.16053;-1.59136;1.96959;-0.0779999;-4.46907;0.7;0.7
1.18446;-1.61932;2.00628;-0.00142663;-0.08174;0.7;0.7
1.28435;-1.35309;1.86559;-0.127813;-7.32314;0.7;0.7
1.22371;-1.30842;1.79149;0.00738527;0.423145;0.7;0.7
1.37547;-1.45972;2.00567;-0.0037374;-0.214137;0.7;0.7
1.38638;-1.51125;2.05083;0.013361;0.76553;0.7;0.7
1.53616;-1.53017;2.16823;-0.0450198;-2.57945;0.7;0.7
1.39114;-1.35957;1.94517;-0.00952304;-0.54563;0.7;0.7
1.44133;-1.38807;2.00104;-0.00734408;-0.420785;0.7;0.7
1.54191;-1.48484;2.14061;-3.49169e-05;-0.00200059;0.7;0.7
1.53498;-1.43375;2.10042;-0.0152321;-0.872734;0.7;0.7
1.46284;-1.49362;2.09065;0.044497;2.54949;0.7;0.7
1.32592;-1.32193;1.87231;-0.0119166;-0.682771;0.7;0.7
1.36514;-1.42461;1.9731;0.022822;1.3076;0.7;0.7
1.34574;-1.65262;2.13124;0.0806784;4.62253;0.7;0.7
1.27365;-1.59482;2.04099;0.00950674;0.544696;0.7;0.7
1.1135;-1.62797;1.97235;0.0740014;4.23997;0.7;0.7
1.17316;-1.54407;1.93919;-0.0498376;-2.85548;0.7;0.7
1.11147;-1.44596;1.82378;-0.00561012;-0.321436;0.7;0.7
1.21739;-1.59335;2.00519;0.0029146;0.166994;0.7;0.7
1.47911;-1.71856;2.26742;-0.0582258;-3.33609;0.7;0.7
1.32665;-1.52893;2.02426;-0.00402308;-0.230506;0.7;0.7
1.18538;-1.4458;1.86962;0.0279313;1.60035;0.7;0.7
1.1142;-1.55575;1.91359;0.0652432;3.73816;0.7;0.7
1.12939;-1.52106;1.8945;-0.0171811;-0.984407;0.7;0.7
1.20423;-1.59934;2.00201;-0.00670509;-0.384174;0.7;0.7
1.14263;-1.51865;1.9005;0.000351921;0.0201636;0.7;0.7
1.2025;-1.59433;1.99697;-0.00116808;-0.0669261;0.7;0.7
1.22578;-1.70259;2.09794;0.0222144;1.27279;0.7;0.7
1.22118;-1.58593;2.00162;-0.0321945;-1.84461;0.7;0.7
1.24515;-1.58642;2.01671;-0.0092687;-0.531057;0.7;0.7
1.13641;-1.7747;2.10737;0.095899;5.49461;0.7;0.7
1.07196;-1.59758;1.92389;-0.0214356;-1.22817;0.7;0.7
1.03493;-1.72498;2.01162;0.0505937;2.89881;0.7;0.7
1.13409;-1.6031;1.96369;-0.0753001;-4.31438;0.7;0.7
1.28014;-1.62524;2.06886;-0.0514743;-2.94926;0.7;0.7
1.32739;-1.77518;2.21658;0.0251113;1.43877;0.7;0.7
1.05432;-1.51407;1.84499;0.0337891;1.93597;0.7;0.7
1.18143;-1.527;1.93067;-0.0502196;-2.87737;0.7;0.7
1.42189;-1.65293;2.18035;-0.0519096;-2.9742;0.7;0.7
1.03173;-1.50569;1.82526;0.109663;6.28325;0.7;0.7
1.13865;-1.66884;2.02028;0.00199037;0.11404;0.7;0.7
0.994177;-1.60273;1.88603;0.0435316;2.49418;0.7;0.7
0.977322;-1.64854;1.91647;0.020077;1.15033;0.7;0.7
1.05016;-1.76212;2.05132;-0.00230998;-0.132352;0.7;0.7
0.983411;-1.79789;2.04927;0.0369254;2.11567;0.7;0.7
0.93012;-1.77852;2.00705;0.0186651;1.06943;0.7;0.7
0.757746;-1.79645;1.94972;0.0826998;4.73835;0.7;0.7
0.873684;-1.80909;2.00902;-0.0507492;-2.90771;0.7;0.7
0.818074;-1.88966;2.05914;0.0413469;2.369;0.7;0.7
0.777066;-1.63134;1.80696;-0.0359773;-2.06135;0.7;0.7
0.765143;-1.85508;2.00668;0.0533365;3.05596;0.7;0.7
0.756241;-1.85526;2.00347;0.00414272;0.23736;0.7;0.7
0.529453;-1.89014;1.96289;0.113944;6.5285;0.7;0.7
0.633103;-1.77875;1.88806;-0.0688302;-3.94368;0.7;0.7
0.680472;-1.8912;2.00989;-0.00344292;-0.197265;0.7;0.7
0.584327;-1.9534;2.03892;0.0547259;3.13556;0.7;0.7
0.558152;-1.99275;2.06944;0.0175682;1.00658;0.7;0.7
0.643949;-1.94961;2.0532;-0.0459215;-2.63111;0.7;0.7
0.360868;-1.74071;1.77772;0.1146;6.5661;0.7;0.7
0.114368;-1.92411;1.92751;0.145045;8.31047;0.7;0.7
0.0789143;-2.10675;2.10823;0.0219293;1.25646;0.7;0.7
0.0836729;-1.98586;1.98762;-0.00466923;-0.267527;0.7;0.7
0.0688738;-1.88692;1.88818;0.00562511;0.322295;0.7;0.7
-0.0227181;-1.88756;1.8877;0.0485195;2.77996;0.7;0.7
0.177559;-1.84018;1.84873;-0.108227;-6.20097;0.7;0.7
0.198759;-1.99308;2.00297;-0.00320358;-0.183552;0.7;0.7
0.184427;-2.03886;2.04718;0.0091852;0.526273;0.7;0.7
0.280211;-1.875;1.89582;-0.0581376;-3.33104;0.7;0.7
0.431469;-1.97901;2.0255;-0.0663157;-3.79961;0.7;0.7
0.440381;-1.96274;2.01154;-0.0060511;-0.346703;0.7;0.7
0.286326;-1.97907;1.99967;0.0770344;4.41375;0.7;0.7
0.275493;-1.95551;1.97482;0.0037216;0.213232;0.7;0.7
0.258348;-2.12322;2.13888;0.018877;1.08157;0.7;0.7
0.212026;-1.99789;2.00911;0.0153527;0.879644;0.7;0.7
0.369078;-2.12124;2.15311;-0.0665378;-3.81234;0.7;0.7
0.342779;-2.05783;2.08618;0.00720973;0.413087;0.7;0.7
0.328823;-1.96539;1.99271;-0.000713917;-0.0409045;0.7;0.7
0.408644;-1.9697;2.01164;-0.038792;-2.22262;0.7;0.7
0.467752;-1.94241;1.99794;-0.031747;-1.81897;0.7;0.7
0.541065;-2.03895;2.10952;-0.023076;-1.32216;0.7;0.7
0.462305;-1.93397;1.98846;0.024745;1.41778;0.7;0.7
0.317657;-1.91378;1.93997;0.0701571;4.0197;0.7;0.7
0.292546;-1.9499;1.97172;0.015564;0.891754;0.7;0.7
0.427519;-2.00443;2.04951;-0.061218;-3.50753;0.7;0.7
0.556216;-1.9819;2.05847;-0.0634706;-3.6366;0.7;0.7
0.482359;-1.89866;1.95897;0.0248198;1.42207;0.7;0.7
0.490698;-2.05032;2.10822;0.0138799;0.79526;0.7;0.7
0.441505;-1.967;2.01594;0.0141131;0.80862;0.7;0.7
0.363234;-1.86605;1.90107;0.0285465;1.6356;0.7;0.7
0.262033;-2.0263;2.04317;0.0636475;3.64674;0.7;0.7
0.333671;-1.92785;1.95651;-0.0427792;-2.45107;0.7;0.7
0.309029;-2.03464;2.05798;0.0206493;1.18312;0.7;0.7
0.329387;-1.9419;1.96964;-0.0172896;-0.99062;0.7;0.7
0.263075;-2.13466;2.15081;0.0453998;2.60122;0.7;0.7
0.0946089;-1.97931;1.98157;0.0748593;4.28912;0.7;0.7
0.0685568;-2.00039;2.00157;0.0135042;0.773735;0.7;0.7
0.15434;-1.99751;2.00346;-0.0428548;-2.4554;0.7;0.7
0.0847193;-1.95717;1.959;0.0338535;1.93966;0.7;0.7
0.073622;-1.99872;2.00007;0.00644156;0.369074;0.7;0.7
0.170389;-2.08443;2.09138;-0.0447444;-2.56367;0.7;0.7
0.142224;-1.88402;1.88938;0.00621566;0.356131;0.7;0.7
0.162439;-1.99937;2.00595;-0.0057204;-0.327755;0.7;0.7
0.279658;-1.94482;1.96483;-0.06175;-3.53801;0.7;0.7
0.295532;-1.97882;2.00077;-0.00543446;-0.311372;0.7;0.7
0.121109;-1.92827;1.93207;0.0855269;4.90033;0.7;0.7
-0.0393274;-1.9871;1.98749;0.0825135;4.72767;0.7;0.7
-0.0308349;-2.00555;2.00579;-0.0044152;-0.252972;0.7;0.7
0.0921827;-1.82879;1.83111;-0.0657373;-3.76647;0.7;0.7
0.157185;-2.001;2.00717;-0.0280286;-1.60592;0.7;0.7
-0.0901263;-2.01334;2.01535;0.123127;7.05466;0.7;0.7
0.0785415;-1.96895;1.97051;-0.0846037;-4.84743;0.7;0.7
0.0796158;-1.99544;1.99703;-8.7465e-06;-0.000501137;0.7;0.7
0.169284;-1.8435;1.85125;-0.0516932;-2.9618;0.7;0.7
0.245472;-2.06925;2.08376;-0.026506;-1.51868;0.7;0.7
0.235698;-1.9837;1.99765;-0.000186335;-0.0106762;0.7;0.7
0.219466;-1.99658;2.0086;0.00878174;0.503156;0.7;0.7
0.186992;-2.07573;2.08413;0.0196388;1.12522;0.7;0.7
0.161932;-1.95082;1.95753;0.00702514;0.402511;0.7;0.7
0.148142;-1.94792;1.95355;0.00691252;0.396058;0.7;0.7
0.107286;-2.04831;2.05112;0.0235749;1.35074;0.7;0.7
0.082349;-1.88605;1.88785;0.0086957;0.498227;0.7;0.7
-0.122407;-2.15878;2.16224;0.100276;5.74538;0.7;0.7
-0.135579;-2.02754;2.03207;0.0101278;0.580278;0.7;0.7
-0.109023;-2.29954;2.30213;-0.0193938;-1.11118;0.7;0.7
-0.0430666;-2.03125;2.0317;-0.0261765;-1.4998;0.7;0.7
-0.0471448;-1.94234;1.94291;0.00306864;0.17582;0.7;0.7
-0.199593;-2.00659;2.01649;0.0748754;4.29004;0.7;0.7
-0.295968;-1.96411;1.98629;0.0504194;2.88882;0.7;0.7
-0.320888;-1.98996;2.01566;0.0103152;0.591018;0.7;0.7
-0.343965;-1.96899;1.99881;0.0130679;0.748738;0.7;0.7
-0.262621;-2.085;2.10147;-0.0476481;-2.73003;0.7;0.7
-0.250568;-2.02892;2.04433;-0.00242106;-0.138716;0.7;0.7
-0.1546;-2.03476;2.04062;-0.0470425;-2.69534;0.7;0.7
0.0461548;-1.86712;1.86769;-0.100549;-5.76101;0.7;0.7
-0.011487;-2.12483;2.12486;0.0301208;1.72579;0.7;0.7
-0.218011;-1.72008;1.73384;0.120666;6.91366;0.7;0.7
-0.059989;-1.81513;1.81612;-0.0930347;-5.3305;0.7;0.7
-0.0792722;-1.99201;1.99359;0.00673656;0.385977;0.7;0.7
-0.0495068;-1.87387;1.87453;-0.0133607;-0.765509;0.7;0.7
-0.00458798;-2.04826;2.04827;-0.0241734;-1.38503;0.7;0.7
0.0646993;-2.06261;2.06363;-0.0335973;-1.92498;0.7;0.7
0.147384;-2.04439;2.0497;-0.0406098;-2.32677;0.7;0.7
0.162642;-2.03661;2.0431;-0.00772265;-0.442475;0.7;0.7
0.126915;-1.86072;1.86504;0.0115875;0.663916;0.7;0.7
0.205585;-2.07362;2.08379;-0.0307179;-1.76;0.7;0.7
0.207795;-1.99147;2.00228;-0.00514632;-0.294863;0.7;0.7
0.254038;-2.02688;2.04273;-0.0207183;-1.18707;0.7;0.7
0.174866;-2.04929;2.05674;0.039561;2.26668;0.7;0.7
0.416293;-1.67281;1.72383;-0.158781;-9.09746;0.7;0.7
0.471286;-1.93832;1.99479;0.00539145;0.308908;0.7;0.7
0.489402;-1.85354;1.91706;-0.0196326;-1.12487;0.7;0.7
0.344553;-1.99202;2.0216;0.0868735;4.97748;0.7;0.7
0.363892;-1.94858;1.98226;-0.0133489;-0.764835;0.7;0.7
0.260282;-1.94379;1.96114;0.0515085;2.95122;0.7;0.7
-0.0062765;-2.13457;2.13458;0.136053;7.79526;0.7;0.7
-0.0603057;-2.02478;2.02568;0.0268346;1.53751;0.7;0.7
-0.0255857;-1.9283;1.92847;-0.0165073;-0.945798;0.7;0.7
-0.0395782;-2.02362;2.02401;0.00628786;0.360268;0.7;0.7
0.169438;-1.95986;1.96717;-0.105795;-6.06162;0.7;0.7
0.111618;-2.07894;2.08193;0.0326014;1.86792;0.7;0.7
-0.0310564;-1.94804;1.94829;0.0695793;3.9866;0.7;0.7
0.108482;-2.0971;2.0999;-0.0676246;-3.87461;0.7;0.7
-0.146173;-2.05465;2.05984;0.122706;7.03055;0.7;0.7
-0.130497;-1.90726;1.91172;-0.00270785;-0.155148;0.7;0.7
-0.153475;-2.03324;2.03903;0.00702508;0.402507;0.7;0.7
-0.0460445;-1.93735;1.93789;-0.0515776;-2.95518;0.7;0.7
-0.0213424;-2.08398;2.08409;-0.0135215;-0.774723;0.7;0.7
-0.0170719;-2.08323;2.0833;-0.00204609;-0.117232;0.7;0.7
0.122772;-1.7756;1.77984;-0.0772292;-4.4249;0.7;0.7
0.228193;-1.8751;1.88894;-0.0520661;-2.98317;0.7;0.7
0.263458;-1.93524;1.95309;-0.0142049;-0.813883;0.7;0.7
0.214868;-2.0771;2.08819;0.0322261;1.84642;0.7;0.7
0.175012;-1.9755;1.98324;0.0147186;0.843316;0.7;0.7
0.179584;-2.1279;2.13547;0.0041656;0.238672;0.7;0.7
0.255923;-2.02944;2.04551;-0.0412482;-2.36335;0.7;0.7
0.130385;-1.88189;1.8864;0.0562698;3.22402;0.7;0.7
0.139665;-1.89711;1.90225;-0.00431367;-0.247155;0.7;0.7
0.0431518;-2.1243;2.12474;0.0531766;3.04679;0.7;0.7
0.164545;-2.09368;2.10013;-0.0581197;-3.33001;0.7;0.7
-0.09905;-2.14112;2.14341;0.124658;7.14239;0.7;0.7
-0.0929386;-1.99776;1.99992;0.000259986;0.0148961;0.7;0.7
0.00569866;-1.96064;1.96065;-0.0493943;-2.83009;0.7;0.7
-0.0298438;-2.03025;2.03047;0.017605;1.00869;0.7;0.7
-0.073843;-2.04548;2.04681;0.0213864;1.22535;0.7;0.7
-0.102942;-2.0406;2.0432;0.014319;0.820418;0.7;0.7
-0.12768;-2.1292;2.13302;0.00949067;0.543775;0.7;0.7
-0.0204904;-2.00428;2.00438;-0.0496716;-2.84597;0.7;0.7
-0.228377;-1.90143;1.9151;0.109312;6.26312;0.7;0.7
-0.166095;-2.02641;2.0332;-0.0377528;-2.16307;0.7;0.7
-0.0660163;-2.03316;2.03423;-0.0493239;-2.82605;0.7;0.7
0.0564358;-2.07074;2.07151;-0.0597056;-3.42088;0.7;0.7
0.0549002;-2.00203;2.00278;-0.000168186;-0.00963634;0.7;0.7
-0.114503;-1.8189;1.8225;0.0902841;5.1729;0.7;0.7
0.104718;-1.71173;1.71493;-0.12397;-7.10294;0.7;0.7
0.078204;-1.85312;1.85477;0.0189246;1.0843;0.7;0.7
0.208809;-1.97677;1.98777;-0.0630648;-3.61335;0.7;0.7
0.258967;-1.75655;1.77553;-0.0411341;-2.35681;0.7;0.7
0.302706;-1.98875;2.01165;-0.00467461;-0.267836;0.7;0.7
0.368704;-1.97986;2.0139;-0.0330682;-1.89467;0.7;0.7
0.414692;-1.96545;2.00872;-0.023823;-1.36496;0.7;0.7
0.396898;-1.94996;1.98994;0.0071424;0.409229;0.7;0.7
0.336685;-2.02025;2.04811;0.0356608;2.04322;0.7;0.7
0.246047;-1.9419;1.95742;0.0391048;2.24054;0.7;0.7
0.0764986;-1.94679;1.94829;0.0867584;4.97089;0.7;0.7
0.117994;-1.97404;1.97756;-0.0204274;-1.1704;0.7;0.7
0.328411;-1.94936;1.97683;-0.107202;-6.14223;0.7;0.7
0.217037;-1.65704;1.67119;0.0366664;2.10083;0.7;0.7
0.162604;-2.0922;2.09851;0.0526746;3.01803;0.7;0.7
0.20886;-1.95205;1.96319;-0.0290269;-1.66312;0.7;0.7
0.214095;-2.00103;2.01245;2.931e-06;0.000167934;0.7;0.7
0.240713;-1.95519;1.96996;-0.0159116;-0.911667;0.7;0.7
0.235482;-1.98308;1.99701;0.00430631;0.246733;0.7;0.7
0.374545;-2.08883;2.12214;-0.0592312;-3.3937;0.7;0.7
0.40841;-1.94086;1.98336;-0.0299781;-1.71762;0.7;0.7
0.375345;-1.90457;1.94121;0.0128193;0.734492;0.7;0.7
0.555042;-2.10226;2.1743;-0.0635489;-3.64108;0.7;0.7
0.468555;-1.87261;1.93034;0.0129504;0.742002;0.7;0.7
0.490808;-1.94539;2.00634;-0.00195553;-0.112044;0.7;0.7
0.446303;-1.91987;1.97107;0.0187284;1.07306;0.7;0.7
0.465372;-1.89147;1.94788;-0.0128376;-0.735541;0.7;0.7
0.50447;-1.93169;1.99648;-0.0142041;-0.813833;0.7;0.7
0.475717;-1.90275;1.96131;0.0104558;0.599075;0.7;0.7
0.573534;-1.93426;2.0175;-0.0432614;-2.4787;0.7;0.7
0.624743;-1.89539;1.99569;-0.0301433;-1.72708;0.7;0.7
0.631791;-1.89374;1.99634;-0.00361177;-0.206939;0.7;0.7
0.604334;-1.89669;1.99064;0.0135539;0.776579;0.7;0.7
0.521972;-1.93145;2.00073;0.044512;2.55035;0.7;0.7
0.551944;-1.89349;1.9723;-0.0196922;-1.12828;0.7;0.7
0.662168;-1.88721;2.00001;-0.0538144;-3.08334;0.7;0.7
0.691321;-1.89882;2.02075;-0.011711;-0.67099;0.7;0.7
0.622587;-1.96211;2.05852;0.0419061;2.40104;0.7;0.7
0.445006;-1.94397;1.99426;0.0822171;4.7107;0.7;0.7
0.631728;-2.02;2.11648;-0.0780617;-4.4726;0.7;0.7
0.600385;-1.90199;1.9945;-0.00266244;-0.152547;0.7;0.7
0.732506;-1.98741;2.11811;-0.0473616;-2.71362;0.7;0.7
0.67468;-1.87134;1.98925;0.00709687;0.406621;0.7;0.7
0.578366;-1.87373;1.96096;0.0466351;2.67199;0.7;0.7
0.527072;-1.86594;1.93895;0.0240943;1.3805;0.7;0.7
0.752958;-1.9534;2.09349;-0.0926119;-5.30627;0.7;0.7
0.648919;-1.81201;1.92471;0.0240192;1.3762;0.7;0.7
0.527563;-2.01388;2.08183;0.0876839;5.02392;0.7;0.7
0.535255;-1.94429;2.01662;-0.0124346;-0.712449;0.7;0.7
0.596332;-2.12019;2.20246;-0.0055386;-0.317338;0.7;0.7
0.706098;-1.81524;1.94773;-0.0967941;-5.5459;0.7;0.7
0.921429;-1.84267;2.06021;-0.0927138;-5.31211;0.7;0.7
0.887259;-1.817;2.02206;0.00943607;0.540647;0.7;0.7
0.809628;-1.78752;1.96233;0.028961;1.65934;0.7;0.7
0.805466;-1.82371;1.99367;0.00939204;0.538124;0.7;0.7
0.965256;-1.65816;1.91865;-0.111274;-6.37556;0.7;0.7
1.03177;-1.76233;2.04215;-0.0024838;-0.142311;0.7;0.7
0.943082;-1.6799;1.92651;0.018109;1.03757;0.7;0.7
1.09173;-1.68302;2.00609;-0.0638931;-3.6608;0.7;0.7
0.989113;-1.58797;1.87082;0.018368;1.05241;0.7;0.7
1.10557;-1.82299;2.13204;0.011919;0.682911;0.7;0.7
1.0453;-1.66054;1.96215;-0.0166735;-0.955323;0.7;0.7
1.10699;-1.87285;2.17554;0.0279959;1.60405;0.7;0.7
1.03919;-1.60002;1.90787;-0.0421819;-2.41684;0.7;0.7
1.03183;-1.86509;2.13149;0.0706899;4.05023;0.7;0.7
0.987206;-1.69153;1.95853;-0.0229633;-1.3157;0.7;0.7
1.05398;-1.72474;2.02129;-0.0202498;-1.16023;0.7;0.7
0.846601;-1.49442;1.71756;0.0331079;1.89694;0.7;0.7
1.02872;-1.81202;2.08367;-0.000914694;-0.0524081;0.7;0.7
1.00529;-1.74251;2.0117;-0.00693276;-0.397218;0.7;0.7
1.25252;-1.97766;2.34093;-0.0412943;-2.36599;0.7;0.7
1.00588;-1.7688;2.03481;0.0475013;2.72162;0.7;0.7
1.00952;-1.74801;2.01858;-0.00666354;-0.381793;0.7;0.7
0.736634;-1.68351;1.83762;0.111274;6.37552;0.7;0.7
0.921825;-1.82269;2.04254;-0.055778;-3.19584;0.7;0.7
0.874329;-1.78976;1.99191;0.0138185;0.791739;0.7;0.7
0.956051;-1.82706;2.06208;-0.0276747;-1.58564;0.7;0.7
0.836232;-1.59739;1.80304;-0.000175251;-0.0100411;0.7;0.7
0.9357;-1.78267;2.01332;-0.00108932;-0.0624135;0.7;0.7
0.924506;-1.82912;2.04949;0.0153703;0.880655;0.7;0.7
0.910581;-1.78485;2.00371;-0.00376516;-0.215728;0.7;0.7
0.698135;-1.82644;1.95532;0.106651;6.11065;0.7;0.7
0.725132;-1.90913;2.0422;0.00210937;0.120858;0.7;0.7
0.710252;-1.86761;1.99811;-0.000416746;-0.0238778;0.7;0.7
0.708826;-1.52957;1.68582;-0.0705457;-4.04197;0.7;0.7
0.816259;-1.88736;2.05631;0.0257602;1.47595;0.7;0.7
0.857867;-1.8965;2.0815;-0.0166053;-0.951411;0.7;0.7
0.632205;-1.54027;1.66496;0.0353158;2.02345;0.7;0.7
0.711264;-1.88349;2.01332;0.0284096;1.62775;0.7;0.7
0.805164;-1.93612;2.09687;-0.0330327;-1.89264;0.7;0.7
0.763821;-1.85288;2.00415;0.0030993;0.177577;0.7;0.7
0.640507;-1.76736;1.87985;0.0433217;2.48215;0.7;0.7
0.731509;-1.90934;2.04467;-0.0181859;-1.04197;0.7;0.7
0.550135;-2.07663;2.14826;0.106903;6.12509;0.7;0.7
0.473712;-1.99559;2.05104;0.0259036;1.48417;0.7;0.7
0.339607;-1.9484;1.97777;0.0604986;3.46631;0.7;0.7
0.191675;-2.04331;2.05228;0.0790348;4.52836;0.7;0.7
0.0658387;-2.05062;2.05167;0.0614363;3.52004;0.7;0.7
-0.131075;-1.68346;1.68855;0.1098;6.29105;0.7;0.7
-0.121781;-1.95641;1.9602;-0.0155367;-0.890189;0.7;0.7
-0.0683452;-1.86934;1.87059;-0.0256223;-1.46805;0.7;0.7
-0.0283519;-1.93903;1.93924;-0.0219241;-1.25616;0.7;0.7
0.162917;-2.13013;2.13635;-0.0909539;-5.21128;0.7;0.7
0.0229579;-1.89998;1.90012;0.0642506;3.68129;0.7;0.7
0.00333557;-1.97341;1.97341;0.0103924;0.595441;0.7;0.7
-0.0301921;-2.10596;2.10618;0.0160257;0.918208;0.7;0.7
-0.0799847;-1.95967;1.9613;0.0264573;1.51589;0.7;0.7
-0.186215;-1.92683;1.9358;0.0555512;3.18285;0.7;0.7
-0.0689818;-1.81452;1.81583;-0.0583457;-3.34296;0.7;0.7
-0.326681;-1.74396;1.7743;0.147177;8.43261;0.7;0.7
-0.374795;-2.00502;2.03975;-0.000379643;-0.021752;0.7;0.7
-0.410798;-1.84584;1.891;0.0341888;1.95887;0.7;0.7
-0.502525;-2.0057;2.0677;0.0265102;1.51892;0.7;0.7
-0.535073;-1.77379;1.85274;0.0474797;2.72038;0.7;0.7
-0.434048;-1.95769;2.00523;-0.0747898;-4.28514;0.7;0.7
-0.176093;-2.10365;2.11101;-0.134671;-7.71607;0.7;0.7
-0.154933;-1.99809;2.00408;-0.00612747;-0.351078;0.7;0.7
0.027636;-1.71901;1.71924;-0.0934612;-5.35493;0.7;0.7
-0.0466789;-1.92053;1.9211;0.0403757;2.31336;0.7;0.7
0.186066;-1.96819;1.97697;-0.118557;-6.79281;0.7;0.7
-0.0211105;-2.05862;2.05873;0.104511;5.98803;0.7;0.7
-0.205597;-1.984;1.99462;0.0930049;5.32879;0.7;0.7
-0.0551594;-1.98685;1.98762;-0.0755041;-4.32607;0.7;0.7
-0.0992499;-1.9833;1.98578;0.0222459;1.2746;0.7;0.7
0.0484632;-1.75806;1.75873;-0.0775604;-4.44388;0.7;0.7
-0.228428;-2.23971;2.25133;0.129198;7.40249;0.7;0.7
-0.207487;-1.99306;2.00383;0.00209262;0.119898;0.7;0.7
-0.235251;-1.98636;2.00024;0.0141532;0.810917;0.7;0.7
-0.258578;-1.95275;1.9698;0.0137672;0.788804;0.7;0.7
-0.0721761;-1.77365;1.77511;-0.0909802;-5.21278;0.7;0.7
-0.0408762;-2.06351;2.06392;-0.0208647;-1.19546;0.7;0.7
-0.0716554;-1.93438;1.93571;0.0172197;0.986615;0.7;0.7
-0.0307078;-1.89469;1.89494;-0.0208203;-1.19292;0.7;0.7
-0.0350607;-1.96851;1.96883;0.001603;0.0918451;0.7;0.7
0.106802;-1.92806;1.93101;-0.073146;-4.19096;0.7;0.7
0.101272;-1.95623;1.95884;0.00361441;0.20709;0.7;0.7
0.217446;-1.74713;1.76061;-0.0720993;-4.13099;0.7;0.7
0.231386;-1.95271;1.96637;0.00587714;0.336736;0.7;0.7
0.217479;-1.96993;1.9819;0.00799123;0.457864;0.7;0.7
0.112542;-1.84358;1.84701;0.0489842;2.80659;0.7;0.7
0.160412;-1.81203;1.81911;-0.0273265;-1.5657;0.7;0.7
0.221467;-1.91943;1.93217;-0.0265773;-1.52277;0.7;0.7
0.267561;-1.96387;1.98201;-0.0205349;-1.17656;0.7;0.7
0.444749;-2.30315;2.3457;-0.0553482;-3.17122;0.7;0.7
0.315029;-1.94489;1.97024;0.0301733;1.7288;0.7;0.7
0.361375;-1.95349;1.98663;-0.0223382;-1.27989;0.7;0.7
0.209391;-1.97355;1.98463;0.0772181;4.42427;0.7;0.7
0.182218;-1.98253;1.99089;0.0140491;0.804956;0.7;0.7
0.0966397;-1.9585;1.96089;0.0423504;2.4265;0.7;0.7
0.102813;-2.00016;2.0028;-0.00205365;-0.117666;0.7;0.7
-0.0285396;-2.02621;2.02641;0.0654416;3.74953;0.7;0.7
0.173343;-1.56987;1.57941;-0.124057;-7.10796;0.7;0.7
0.352583;-1.89942;1.93187;-0.0735644;-4.21493;0.7;0.7
0.318016;-1.98395;2.00928;0.0245956;1.40922;0.7;0.7
0.243284;-1.91791;1.93328;0.0327677;1.87745;0.7;0.7
0.239985;-2.01461;2.02885;0.00761022;0.436033;0.7;0.7
0.0857367;-2.2131;2.21476;0.0798428;4.57465;0.7;0.7
0.0605769;-1.98869;1.98962;0.00826992;0.473832;0.7;0.7
0.142767;-2.10516;2.11;-0.0372623;-2.13497;0.7;0.7
-0.0529871;-2.1131;2.11376;0.0927839;5.31613;0.7;0.7
-0.0484532;-1.9313;1.93191;1.27868e-05;0.00073263;0.7;0.7
-0.0763051;-1.9499;1.9514;0.0140297;0.803841;0.7;0.7
-0.0481664;-2.18583;2.18636;-0.0170806;-0.978647;0.7;0.7
-0.0348738;-2.04083;2.04113;-0.00494576;-0.283371;0.7;0.7
-0.1423;-2.01592;2.02094;0.0533848;3.05872;0.7;0.7
-0.197294;-1.98245;1.99224;0.0287227;1.64569;0.7;0.7
-0.184332;-1.99095;1.99946;-0.00687188;-0.393729;0.7;0.7
0.0897564;-1.96114;1.9632;-0.138057;-7.91011;0.7;0.7
-0.0698219;-1.90427;1.90555;0.0823849;4.72031;0.7;0.7
-0.0945604;-1.91645;1.91878;0.0126521;0.72491;0.7;0.7
-0.0587326;-2.21374;2.21452;-0.0227768;-1.30502;0.7;0.7
-0.157796;-2.14143;2.14724;0.0470294;2.69458;0.7;0.7
-0.208505;-2.03293;2.04359;0.0286522;1.64165;0.7;0.7
0.153192;-1.83012;1.83652;-0.185718;-10.6408;0.7;0.7
0.268965;-2.14828;2.16505;-0.041041;-2.35148;0.7;0.7
0.255665;-2.03103;2.04706;-0.00066818;-0.0382839;0.7;0.7
0.265685;-1.86576;1.88458;-0.0162294;-0.929875;0.7;0.7
0.443545;-1.96794;2.01731;-0.080231;-4.5969;0.7;0.7
0.284232;-2.09192;2.11114;0.0866366;4.96391;0.7;0.7
0.315118;-2.03331;2.05759;-0.0187097;-1.07199;0.7;0.7
0.301736;-1.89407;1.91795;-0.00422444;-0.242042;0.7;0.7
0.42049;-1.93322;1.97843;-0.0561929;-3.21961;0.7;0.7
0.362695;-1.78084;1.8174;0.0132543;0.759414;0.7;0.7
0.441648;-1.95179;2.00114;-0.0216134;-1.23836;0.7;0.7
0.375641;-2.02871;2.06319;0.0394417;2.25984;0.7;0.7
0.262057;-1.9351;1.95276;0.048485;2.77799;0.7;0.7
0.231979;-2.13492;2.14748;0.0263691;1.51084;0.7;0.7
0.223358;-1.96948;1.9821;-0.00469261;-0.268867;0.7;0.7
0.423022;-1.78967;1.83899;-0.119181;-6.82858;0.7;0.7
0.59169;-1.80547;1.89995;-0.0845829;-4.84624;0.7;0.7
0.738611;-2.0434;2.17279;-0.0301583;-1.72794;0.7;0.7
0.657416;-1.88221;1.99372;0.0108178;0.619814;0.7;0.7
0.617612;-1.93071;2.02708;0.0264296;1.5143;0.7;0.7
0.605215;-1.89929;1.99339;0.00112222;0.0642985;0.7;0.7
0.821372;-1.98014;2.14373;-0.0847246;-4.85436;0.7;0.7
1.01448;-1.95711;2.20442;-0.0850196;-4.87126;0.7;0.7
0.879887;-1.76768;1.97456;0.0163663;0.93772;0.7;0.7
0.930665;-1.81318;2.03808;-0.0123554;-0.707911;0.7;0.7
0.901532;-1.94485;2.14364;0.0401493;2.30039;0.7;0.7
0.886754;-1.75654;1.96768;-0.0334393;-1.91593;0.7;0.7
0.682858;-1.89525;2.01452;0.121683;6.97194;0.7;0.7
0.905433;-2.18947;2.3693;-0.0463042;-2.65303;0.7;0.7
0.916089;-1.91817;2.12569;-0.0534318;-3.06142;0.7;0.7
0.806858;-1.77098;1.94612;0.0180555;1.03451;0.7;0.7
0.827412;-1.81504;1.99474;-0.000219318;-0.012566;0.7;0.7
1.13109;-1.84651;2.1654;-0.12188;-6.9832;0.7;0.7
1.12493;-1.66059;2.00575;-0.0458155;-2.62503;0.7;0.7
1.10692;-1.53516;1.89262;-0.029297;-1.67859;0.7;0.7
1.41374;-1.5854;2.12418;-0.103511;-5.93077;0.7;0.7
1.44431;-1.50808;2.08814;-0.0355803;-2.0386;0.7;0.7
1.28367;-1.40939;1.90635;0.0250522;1.43539;0.7;0.7
1.32176;-1.48345;1.98688;0.0109308;0.626288;0.7;0.7
1.22455;-1.64163;2.04804;0.0869263;4.98051;0.7;0.7
1.18677;-1.60291;1.99443;0.00357426;0.20479;0.7;0.7
1.33831;-1.78842;2.23372;-0.00510545;-0.29252;0.7;0.7
1.21763;-1.56968;1.98659;-0.0173341;-0.993171;0.7;0.7
1.3653;-1.34888;1.91925;-0.131685;-7.545;0.7;0.7
1.35181;-1.67451;2.15206;0.112277;6.43297;0.7;0.7
0.966289;-1.47015;1.75928;0.0976974;5.59765;0.7;0.7
1.09999;-1.56395;1.91205;-0.0314911;-1.80431;0.7;0.7
1.16334;-1.64071;2.01129;-0.00380838;-0.218204;0.7;0.7
1.22799;-1.60853;2.02369;-0.0352694;-2.02079;0.7;0.7
1.19741;-1.63104;2.02338;0.0187649;1.07515;0.7;0.7
1.02628;-1.5458;1.85546;0.0471784;2.70312;0.7;0.7
1.01832;-1.69749;1.97951;0.0457549;2.62156;0.7;0.7
1.00236;-1.873;2.12435;0.0489589;2.80514;0.7;0.7
0.977787;-1.74979;2.00446;-0.0181928;-1.04237;0.7;0.7
0.992254;-1.69737;1.96612;-0.019431;-1.11331;0.7;0.7
1.10226;-1.90785;2.20338;0.00510665;0.29259;0.7;0.7
1.00552;-2.00597;2.24387;0.0592425;3.39435;0.7;0.7
1.24337;-1.72592;2.12715;-0.159634;-9.14636;0.7;0.7
1.28723;-1.67578;2.1131;-0.0307159;-1.75989;0.7;0.7
1.16245;-1.56805;1.95194;0.0170757;0.978363;0.7;0.7
1.18912;-1.58603;1.98229;-0.00540564;-0.30972;0.7;0.7
1.01037;-1.52582;1.83002;0.058448;3.34883;0.7;0.7
1.10202;-1.6194;1.95881;-0.0126363;-0.724009;0.7;0.7
1.02073;-1.51615;1.82773;0.00498506;0.285623;0.7;0.7
1.08274;-1.62145;1.94972;0.00378107;0.216639;0.7;0.7
1.02727;-1.72891;2.01107;0.0526342;3.01572;0.7;0.7
1.08367;-1.81673;2.11538;-0.00171262;-0.0981258;0.7;0.7
1.04666;-1.75122;2.04017;-0.000871551;-0.0499362;0.7;0.7
1.00104;-1.69947;1.97238;0.00639598;0.366463;0.7;0.7
0.719428;-1.73922;1.88214;0.140096;8.02692;0.7;0.7
0.79127;-1.69996;1.87509;-0.0434218;-2.48788;0.7;0.7
0.916261;-1.75686;1.98144;-0.045086;-2.58324;0.7;0.7
0.917809;-1.76838;1.99237;0.00198417;0.113684;0.7;0.7
0.98507;-1.91809;2.15626;0.00429874;0.2463;0.7;0.7
0.865667;-1.74802;1.95063;0.0146196;0.83764;0.7;0.7
0.708206;-1.70669;1.8478;0.0664881;3.80949;0.7;0.7
0.760127;-1.88975;2.03689;0.0109006;0.624561;0.7;0.7
0.782608;-2.07564;2.21828;0.0218726;1.25321;0.7;0.7
0.574451;-1.81021;1.89918;0.0532745;3.0524;0.7;0.7
0.654084;-1.90991;2.01881;-0.0226625;-1.29847;0.7;0.7
0.638512;-1.94014;2.04251;0.0120088;0.688054;0.7;0.7
0.703581;-1.89249;2.01905;-0.0380001;-2.17725;0.7;0.7
0.603773;-1.86704;1.96224;0.0431702;2.47347;0.7;0.7
0.613796;-1.83984;1.93953;-0.00923202;-0.528956;0.7;0.7
0.694065;-1.86113;1.98633;-0.0349499;-2.00248;0.7;0.7
0.689838;-1.87919;2.00181;0.00513124;0.293998;0.7;0.7
0.755874;-1.82744;1.9776;-0.0403749;-2.31331;0.7;0.7
0.670054;-1.86539;1.98208;0.0473458;2.71271;0.7;0.7
0.695879;-1.88613;2.01041;-0.0086016;-0.492835;0.7;0.7
0.60486;-2.03097;2.11913;0.063998;3.66682;0.7;0.7
0.387684;-1.97194;2.00969;0.0953295;5.46198;0.7;0.7
0.5884;-2.00301;2.08765;-0.0915963;-5.24808;0.7;0.7
0.645517;-1.96292;2.06634;-0.0319945;-1.83315;0.7;0.7
0.679935;-1.64857;1.78328;-0.0734683;-4.20942;0.7;0.7
0.98269;-1.70158;1.96496;-0.132539;-7.59394;0.7;0.7
1.03755;-1.72249;2.01084;-0.0184255;-1.05571;0.7;0.7
0.885379;-1.81906;2.02308;0.0891781;5.10953;0.7;0.7
0.931195;-1.72673;1.96181;-0.0416077;-2.38395;0.7;0.7
1.17722;-1.88715;2.22422;-0.063163;-3.61897;0.7;0.7
1.33909;-2.05502;2.45281;-0.0197711;-1.1328;0.7;0.7
1.09205;-1.67562;2.00006;-7.69232e-05;-0.00440737;0.7;0.7
1.02587;-1.56343;1.86995;-0.00310958;-0.178166;0.7;0.7
1.09752;-1.63652;1.97047;-0.0100546;-0.576085;0.7;0.7
1.14578;-1.975;2.28329;0.0650638;3.72788;0.7;0.7
0.997728;-1.58932;1.87654;-0.0349005;-1.99965;0.7;0.7
1.00371;-1.50971;1.81291;-0.0261476;-1.49815;0.7;0.7
1.24759;-1.59449;2.02457;-0.0772016;-4.42332;0.7;0.7
1.14657;-1.54572;1.92454;0.0257275;1.47408;0.7;0.7
1.2431;-1.88491;2.25792;0.055186;3.16193;0.7;0.7
0.959589;-1.65802;1.91569;0.0583741;3.34459;0.7;0.7
0.901461;-1.76369;1.98071;0.0521453;2.9877;0.7;0.7
0.949326;-1.75088;1.99168;-0.024329;-1.39395;0.7;0.7
0.935104;-1.68336;1.92565;-0.0102197;-0.585545;0.7;0.7
0.976234;-1.73974;1.99493;-0.00429921;-0.246326;0.7;0.7
0.956054;-1.81047;2.0474;0.0255043;1.46129;0.7;0.7
0.909879;-1.78098;1.99994;0.0135311;0.775277;0.7;0.7
0.940631;-1.7681;2.00274;-0.0166016;-0.951202;0.7;0.7
0.901359;-1.74277;1.96207;0.0116093;0.665167;0.7;0.7
0.917281;-1.87052;2.08333;0.0213827;1.22514;0.7;0.7
0.730252;-2.00745;2.13615;0.107039;6.13288;0.7;0.7
0.561901;-1.86638;1.94913;0.0564565;3.23472;0.7;0.7
0.565796;-1.95639;2.03656;0.0109091;0.625046;0.7;0.7
0.534947;-2.0668;2.13491;0.0282534;1.6188;0.7;0.7
0.237182;-1.92053;1.93512;0.130394;7.47105;0.7;0.7
0.133941;-2.11939;2.12362;0.059762;3.42411;0.7;0.7
0.0280718;-1.88482;1.88503;0.0482213;2.76288;0.7;0.7
-0.136546;-1.88724;1.89218;0.0871189;4.99154;0.7;0.7
-0.216192;-1.88329;1.89566;0.0420686;2.41035;0.7;0.7
-0.24827;-1.93738;1.95322;0.0131578;0.753889;0.7;0.7
-0.532783;-2.00437;2.07398;0.13235;7.58308;0.7;0.7
-0.624529;-1.90212;2.00202;0.0574413;3.29114;0.7;0.7
-0.597935;-1.9011;1.99292;-0.0125195;-0.717314;0.7;0.7
-0.551341;-1.8615;1.94143;-0.0167754;-0.96116;0.7;0.7
-0.644492;-2.00989;2.1107;0.0223522;1.28069;0.7;0.7
-0.622862;-2.05008;2.14261;-0.015341;-0.878974;0.7;0.7
-0.600178;-1.90118;1.99367;0.0108251;0.620232;0.7;0.7
-0.6679;-1.84331;1.96058;0.0418384;2.39716;0.7;0.7
-0.719975;-2.10347;2.22327;-0.0178429;-1.02232;0.7;0.7
-0.545456;-1.89546;1.97238;-0.0495815;-2.84081;0.7;0.7
-0.547451;-2.04245;2.11455;-0.0183185;-1.04957;0.7;0.7
-0.373567;-2.07134;2.10476;-0.0834482;-4.78123;0.7;0.7
-0.395769;-1.92732;1.96753;0.0240992;1.38078;0.7;0.7
-0.469643;-1.82556;1.88501;0.049267;2.82279;0.7;0.7
-0.630454;-1.82376;1.92966;0.0810301;4.64268;0.7;0.7
-0.783842;-1.85094;2.01008;0.0677555;3.8821;0.7;0.7
-0.679749;-1.88542;2.00421;-0.0545596;-3.12603;0.7;0.7
-0.859152;-1.75164;1.951;0.109981;6.30142;0.7;0.7
-0.696365;-1.81456;1.94359;-0.089572;-5.1321;0.7;0.7
-0.715274;-1.86653;1.99889;-0.000484083;-0.0277359;0.7;0.7
-0.763345;-2.05424;2.19149;-0.0101679;-0.582577;0.7;0.7
-0.573337;-1.65719;1.75357;-0.0227022;-1.30074;0.7;0.7
-0.492543;-2.18663;2.24142;-0.111525;-6.38989;0.7;0.7
-0.33883;-2.06;2.08768;-0.0585333;-3.35371;0.7;0.7
-0.363426;-2.02263;2.05502;0.0147617;0.845784;0.7;0.7
-0.269115;-1.97691;1.99514;-0.0424854;-2.43424;0.7;0.7
-0.261609;-1.98539;2.00255;-0.00428514;-0.245521;0.7;0.7
-0.181334;-1.87107;1.87984;-0.0343998;-1.97096;0.7;0.7
-0.187162;-1.98672;1.99552;-0.00268307;-0.153729;0.7;0.7
-0.164729;-2.01243;2.01916;-0.0122556;-0.702196;0.7;0.7
-0.145993;-1.80189;1.80779;-0.000828441;-0.0474662;0.7;0.7
-0.109408;-2.13898;2.14178;-0.0297406;-1.70401;0.7;0.7
-0.0332814;-2.05417;2.05444;-0.0349044;-1.99988;0.7;0.7
-0.0869031;-2.16327;2.16501;0.02395;1.37224;0.7;0.7
-0.0889501;-2.09561;2.0975;0.00226992;0.130057;0.7;0.7
-0.0842689;-1.98155;1.98334;8.06619e-05;0.00462159;0.7;0.7
-0.066704;-2.01694;2.01804;-0.00944127;-0.540945;0.7;0.7
0.0103977;-1.88349;1.88352;-0.0385802;-2.21048;0.7;0.7
-0.0185693;-2.02946;2.02954;0.01467;0.840528;0.7;0.7
-0.00464191;-1.90189;1.90189;-0.00670895;-0.384394;0.7;0.7
-0.0561076;-1.99309;1.99388;0.0257029;1.47267;0.7;0.7
-0.0357203;-1.99473;1.99505;-0.0102381;-0.586603;0.7;0.7
0.139669;-1.96312;1.96809;-0.0889322;-5.09544;0.7;0.7
0.0913694;-1.90401;1.9062;0.0230758;1.32214;0.7;0.7
0.350278;-2.06752;2.09698;-0.119875;-6.86832;0.7;0.7
0.403892;-1.9389;1.98052;-0.0375467;-2.15126;0.7;0.7
0.394187;-1.95996;1.99921;0.00690054;0.395372;0.7;0.7
0.360323;-2.03767;2.06928;0.0234502;1.3436;0.7;0.7
0.399637;-1.9686;2.00875;-0.0252629;-1.44746;0.7;0.7
0.347834;-1.91562;1.94694;0.020664;1.18396;0.7;0.7
0.246753;-1.95945;1.97493;0.0543503;3.11404;0.7;0.7
0.416344;-1.94034;1.98451;-0.0860975;-4.93302;0.7;0.7
0.332544;-2.05239;2.07916;0.0507363;2.90697;0.7;0.7
0.238028;-1.88762;1.90257;0.0351942;2.01648;0.7;0.7
0.484759;-2.00323;2.06105;-0.111987;-6.41637;0.7;0.7
0.395088;-1.98253;2.02151;0.0407164;2.33288;0.7;0.7
0.336843;-1.8273;1.85809;0.0144148;0.825909;0.7;0.7
0.37659;-1.95269;1.98868;-0.00822462;-0.471236;0.7;0.7
0.385475;-2.06554;2.1012;0.00601804;0.344808;0.7;0.7
0.27926;-2.00404;2.0234;0.0460426;2.63804;0.7;0.7
0.04736;-1.88322;1.88382;0.113314;6.49241;0.7;0.7
0.0403738;-1.97452;1.97494;0.00469858;0.269209;0.7;0.7
0.198394;-2.05588;2.06543;-0.0757581;-4.34062;0.7;0.7
0.0186078;-1.83597;1.83607;0.0860679;4.93133;0.7;0.7
0.0926023;-1.9531;1.95529;-0.0372428;-2.13386;0.7;0.7
0.129377;-1.99685;2.00104;-0.0173224;-0.992499;0.7;0.7
0.128159;-2.02675;2.0308;0.00155025;0.0888231;0.7;0.7
0.0577889;-2.04103;2.04185;0.0348437;1.9964;0.7;0.7
-0.136925;-1.97857;1.98331;0.0973995;5.58058;0.7;0.7
-0.135866;-1.98225;1.9869;-0.000659082;-0.0377626;0.7;0.7
-0.204944;-2.02869;2.03902;0.0322468;1.84761;0.7;0.7
-0.207941;-2.01351;2.02422;0.0022267;0.127581;0.7;0.7
-0.10282;-1.95944;1.96214;-0.050482;-2.8924;0.7;0.7
-0.104739;-1.99757;2.00031;-4.09676e-05;-0.00234727;0.7;0.7
-0.11238;-2.06628;2.06934;0.00194871;0.111653;0.7;0.7
-0.109348;-1.9965;1.99949;0.000381401;0.0218527;0.7;0.7
-0.3009;-1.93092;1.95422;0.0998739;5.72235;0.7;0.7
-0.2048;-2.05963;2.06979;-0.0554793;-3.17873;0.7;0.7
-0.0995701;-1.88349;1.88612;-0.0462942;-2.65246;0.7;0.7
-0.259069;-2.13306;2.14873;0.0680469;3.8988;0.7;0.7
-0.213359;-1.99117;2.00257;-0.0141176;-0.808876;0.7;0.7
-0.109141;-1.86132;1.86451;-0.0481754;-2.76024;0.7;0.7
-0.139464;-2.11589;2.12048;0.00724801;0.41528;0.7;0.7
-0.253492;-2.01219;2.0281;0.0594999;3.40909;0.7;0.7
-0.0605649;-2.02648;2.02738;-0.0954396;-5.46829;0.7;0.7
-0.0591611;-2.01816;2.01903;-0.000571925;-0.0327689;0.7;0.7
-0.198158;-2.12597;2.13518;0.0636342;3.64597;0.7;0.7
-0.241208;-2.01828;2.03264;0.0260073;1.49011;0.7;0.7
-0.358154;-2.06114;2.09203;0.0530996;3.04238;0.7;0.7
-0.194578;-2.12;2.12891;-0.0805214;-4.61354;0.7;0.7
-0.164244;-1.99742;2.00416;-0.00948211;-0.543285;0.7;0.7
-0.0177529;-2.0125;2.01258;-0.0732224;-4.19534;0.7;0.7
-0.014406;-2.01015;2.0102;-0.00165457;-0.0947996;0.7;0.7
0.136623;-1.90489;1.90978;-0.0787665;-4.51299;0.7;0.7
0.310903;-2.24992;2.2713;-0.0657145;-3.76517;0.7;0.7
0.240796;-1.85951;1.87503;0.00853676;0.48912;0.7;0.7
0.346541;-1.93575;1.96652;-0.048368;-2.77128;0.7;0.7
0.347795;-1.9094;1.94082;-0.00302777;-0.173479;0.7;0.7
0.339622;-1.95269;1.98201;0.00797092;0.4567;0.7;0.7
0.343908;-1.96258;1.99249;-0.00126885;-0.0726999;0.7;0.7
0.289285;-2.07161;2.09171;0.0347259;1.98965;0.7;0.7
0.267029;-1.87633;1.89524;-0.00261957;-0.15009;0.7;0.7
0.0939675;-2.07647;2.07859;0.0961424;5.50855;0.7;0.7
0.0891012;-1.99905;2.00103;0.000680376;0.0389827;0.7;0.7
0.0486154;-2.05538;2.05595;0.0208939;1.19713;0.7;0.7
0.115436;-2.07924;2.08244;-0.0318133;-1.82277;0.7;0.7
0.0654492;-1.87541;1.87655;0.0205771;1.17898;0.7;0.7
0.2329;-1.90308;1.91727;-0.0868907;-4.97847;0.7;0.7
0.163834;-2.11286;2.1192;0.0443887;2.54328;0.7;0.7
0.124823;-2.00791;2.01178;0.0153009;0.876677;0.7;0.7
0.21223;-1.99978;2.01101;-0.0436453;-2.50069;0.7;0.7
0.199197;-1.99661;2.00652;0.0062925;0.360534;0.7;0.7
0.200609;-2.01504;2.025;0.000209802;0.0120208;0.7;0.7
0.0353111;-2.03011;2.03042;0.0818367;4.6889;0.7;0.7
0.0270057;-1.97483;1.97502;0.00371786;0.213017;0.7;0.7
-0.0520367;-1.94334;1.94404;0.0404446;2.3173;0.7;0.7
0.0548693;-1.87887;1.87967;-0.0559656;-3.20659;0.7;0.7
0.142351;-1.89994;1.90526;-0.0455896;-2.61209;0.7;0.7
0.127599;-2.01017;2.01421;0.011393;0.652769;0.7;0.7
0.104407;-1.96299;1.96576;0.010254;0.58751;0.7;0.7
0.194111;-2.02878;2.03805;-0.0422505;-2.42078;0.7;0.7
0.300064;-1.93151;1.95468;-0.058732;-3.3651;0.7;0.7
0.211391;-1.9633;1.97465;0.0468624;2.68501;0.7;0.7
0.26858;-1.9571;1.97544;-0.0291241;-1.66869;0.7;0.7
0.275247;-1.67976;1.70216;-0.026036;-1.49175;0.7;0.7
0.322562;-1.96704;1.99332;-0.000118587;-0.00679453;0.7;0.7
0.371673;-1.75442;1.79335;-0.0462269;-2.6486;0.7;0.7
0.421946;-1.98206;2.02647;-0.000988293;-0.056625;0.7;0.7
0.390562;-1.93071;1.96981;0.0101559;0.581889;0.7;0.7
0.29777;-1.67038;1.69672;0.0231842;1.32836;0.7;0.7
0.328913;-1.98706;2.0141;0.0123714;0.708829;0.7;0.7
0.353602;-1.98394;2.01521;-0.0123394;-0.706998;0.7;0.7
0.252314;-2.10063;2.11573;0.0568386;3.25661;0.7;0.7
0.277787;-2.0074;2.02653;-0.0179667;-1.02942;0.7;0.7
0.240187;-1.82751;1.84323;0.00682822;0.391228;0.7;0.7
0.24671;-1.97878;1.9941;0.0066417;0.380541;0.7;0.7
0.247489;-1.98399;1.99936;-6.43921e-05;-0.00368939;0.7;0.7
0.209713;-1.90931;1.92079;0.0147035;0.842447;0.7;0.7
0.176267;-2.02575;2.0334;0.0226038;1.2951;0.7;0.7
0.240032;-2.16352;2.17679;-0.0236983;-1.35781;0.7;0.7
0.220254;-2.11743;2.12886;0.00684657;0.39228;0.7;0.7
0.310414;-2.00608;2.02996;-0.0498719;-2.85745;0.7;0.7
0.30234;-1.82213;1.84704;-0.0109098;-0.625087;0.7;0.7
0.38085;-1.94101;1.97802;-0.0293229;-1.68008;0.7;0.7
0.536871;-2.01756;2.08777;-0.0663207;-3.79989;0.7;0.7
0.422754;-1.93224;1.97795;0.0446767;2.55979;0.7;0.7
0.382064;-1.8511;1.89012;0.0118555;0.679268;0.7;0.7
0.459058;-1.94288;1.99638;-0.0284815;-1.63187;0.7;0.7
0.423995;-2.03706;2.08071;0.0268102;1.53611;0.7;0.7
0.411918;-1.96543;2.00813;-0.00137998;-0.0790672;0.7;0.7
0.391864;-1.99611;2.03421;0.0127423;0.730078;0.7;0.7
0.437305;-1.96493;2.013;-0.0251372;-1.44025;0.7;0.7
0.383902;-1.87145;1.91042;0.0166564;0.954341;0.7;0.7
0.523183;-1.89688;1.9677;-0.0667921;-3.82691;0.7;0.7
0.666392;-1.75277;1.87518;-0.0941943;-5.39694;0.7;0.7
0.601623;-1.96293;2.05306;0.0659143;3.77661;0.7;0.7
0.751915;-2.01243;2.14831;-0.0601717;-3.44759;0.7;0.7
0.72649;-1.74741;1.89241;-0.036439;-2.0878;0.7;0.7
0.803909;-1.76432;1.93884;-0.0335278;-1.921;0.7;0.7
0.819554;-1.81353;1.99012;0.0030988;0.177548;0.7;0.7
0.893215;-1.95007;2.1449;-0.00508029;-0.291079;0.7;0.7
0.830319;-1.82151;2.00183;0.00182165;0.104373;0.7;0.7
0.858246;-1.83112;2.02228;-0.0105946;-0.607028;0.7;0.7
0.838227;-1.8229;2.00638;0.00729448;0.417943;0.7;0.7
0.738261;-1.89042;2.02946;0.0586857;3.36244;0.7;0.7
0.696405;-1.84711;1.97403;0.0117711;0.674432;0.7;0.7
0.612898;-1.8044;1.90565;0.0331028;1.89665;0.7;0.7
0.641483;-1.8812;1.98756;-0.00119089;-0.0682329;0.7;0.7
0.634727;-2.00547;2.10352;0.0221084;1.26672;0.7;0.7
0.737994;-1.84145;1.98383;-0.0746454;-4.27687;0.7;0.7
0.91105;-2.01249;2.2091;-0.0439269;-2.51683;0.7;0.7
0.88625;-1.74341;1.95574;-0.0452035;-2.58997;0.7;0.7
0.911343;-1.79208;2.0105;-0.000155942;-0.00893484;0.7;0.7
0.935699;-1.804;2.03223;-0.00802392;-0.459737;0.7;0.7
0.937157;-1.69919;1.94049;-0.0255387;-1.46326;0.7;0.7
0.918128;-1.59761;1.84264;-0.0175822;-1.00739;0.7;0.7
1.00269;-1.73133;2.00072;-0.00334312;-0.191547;0.7;0.7
0.97024;-1.76734;2.01615;0.0228804;1.31095;0.7;0.7
0.899235;-1.76227;1.97844;0.0302315;1.73214;0.7;0.7
0.986166;-1.74403;2.00354;-0.0427988;-2.45219;0.7;0.7
0.960995;-1.76566;2.01024;0.016196;0.927964;0.7;0.7
0.760303;-1.64232;1.80977;0.0648681;3.71667;0.7;0.7
0.756972;-2.04534;2.18092;0.0791015;4.53218;0.7;0.7
0.606466;-1.82693;1.92496;0.0339516;1.94528;0.7;0.7
0.513855;-1.78442;1.85693;0.0401305;2.29931;0.7;0.7
0.607023;-1.84941;1.94648;-0.036764;-2.10642;0.7;0.7
0.656442;-1.99027;2.09573;-0.00144426;-0.0827502;0.7;0.7
0.528053;-2.03131;2.09883;0.0642634;3.68202;0.7;0.7
0.509075;-2.00963;2.07311;0.00622832;0.356857;0.7;0.7
0.327612;-1.75948;1.78972;0.0640089;3.66744;0.7;0.7
0.366117;-1.9662;1.99999;-7.36307e-06;-0.000421873;0.7;0.7
0.519467;-1.99339;2.05996;-0.0708277;-4.05813;0.7;0.7
0.500675;-1.93303;1.99682;0.00148448;0.0850542;0.7;0.7
0.648031;-1.98934;2.09223;-0.061471;-3.52203;0.7;0.7
0.571233;-1.81914;1.90672;0.0106493;0.610162;0.7;0.7
0.657486;-1.9527;2.06042;-0.0205213;-1.17578;0.7;0.7
0.708177;-1.75452;1.89205;-0.0588491;-3.37181;0.7;0.7
0.862354;-1.78249;1.98013;-0.0669653;-3.83683;0.7;0.7
0.863764;-1.87416;2.06363;0.0187322;1.07328;0.7;0.7
0.8247;-1.56804;1.77169;-0.0523213;-2.99779;0.7;0.7
0.951211;-1.80487;2.04019;-0.000845588;-0.0484486;0.7;0.7
1.0253;-1.68904;1.97588;-0.0605398;-3.46867;0.7;0.7
1.24182;-1.81199;2.19669;-0.0552404;-3.16504;0.7;0.7
1.17996;-1.66943;2.04433;-0.0144648;-0.82877;0.7;0.7
1.04367;-1.64818;1.95083;0.0507868;2.90987;0.7;0.7
1.16432;-1.6975;2.05843;-0.0367123;-2.10346;0.7;0.7
0.907755;-1.69436;1.9222;0.109365;6.26613;0.7;0.7
0.96632;-1.7058;1.96049;-0.0235783;-1.35093;0.7;0.7
0.740585;-1.87396;2.015;0.139058;7.96742;0.7;0.7
0.767176;-1.91285;2.06096;-0.00506522;-0.290216;0.7;0.7
0.699166;-1.77187;1.90483;0.00558898;0.320225;0.7;0.7
0.803168;-1.84511;2.01234;-0.034723;-1.98948;0.7;0.7
0.610106;-2.08332;2.17082;0.125672;7.20046;0.7;0.7
0.566124;-1.88256;1.96584;-0.00723065;-0.414286;0.7;0.7
0.574085;-1.91438;1.99861;0.000770405;0.044141;0.7;0.7
0.575171;-1.91398;1.99854;-0.000577976;-0.0331156;0.7;0.7
0.346402;-1.97562;2.00576;0.118351;6.781;0.7;0.7
0.337287;-1.97711;2.00568;0.00460509;0.263852;0.7;0.7
0.355402;-1.85995;1.8936;-0.0198366;-1.13655;0.7;0.7
0.32828;-2.08701;2.11267;0.0327868;1.87855;0.7;0.7
0.397448;-2.04648;2.08471;-0.0358043;-2.05144;0.7;0.7
0.643108;-2.00611;2.10667;-0.118401;-6.78386;0.7;0.7
0.595255;-1.86426;1.95699;0.00115803;0.0663503;0.7;0.7
0.536732;-1.97447;2.04612;0.0436436;2.50059;0.7;0.7
0.528047;-1.92317;1.99435;-0.00254537;-0.145839;0.7;0.7
0.228602;-1.90371;1.91739;0.148457;8.50599;0.7;0.7
0.130211;-2.01019;2.0144;0.0548248;3.14123;0.7;0.7
0.149781;-2.00192;2.00752;-0.00999449;-0.572642;0.7;0.7
0.128403;-2.00359;2.0077;0.0106811;0.611982;0.7;0.7
0.215121;-2.21685;2.22726;-0.0327376;-1.87573;0.7;0.7
0.0469063;-2.13658;2.1371;0.0747858;4.28491;0.7;0.7
0.0190489;-1.98333;1.98342;0.0123461;0.707381;0.7;0.7
-0.0677322;-1.9346;1.93578;0.0446009;2.55544;0.7;0.7
0.0698282;-1.96613;1.96737;-0.0704973;-4.0392;0.7;0.7
0.0827698;-1.94239;1.94415;-0.00708592;-0.405993;0.7;0.7
0.0300251;-1.9194;1.91964;0.0269449;1.54383;0.7;0.7
0.374596;-2.17242;2.20448;-0.155112;-8.88728;0.7;0.7
0.347117;-1.93761;1.96845;-0.00651297;-0.373166;0.7;0.7
0.359536;-1.94333;1.97631;-0.0056752;-0.325165;0.7;0.7
0.393879;-2.12046;2.15674;-0.000716123;-0.0410308;0.7;0.7
0.357696;-1.88743;1.92103;-0.00363555;-0.208302;0.7;0.7
0.515509;-1.95703;2.02379;-0.0702697;-4.02616;0.7;0.7
0.540706;-2.05973;2.12952;0.000843126;0.0483075;0.7;0.7
0.554675;-1.99533;2.07099;-0.0144203;-0.82622;0.7;0.7
0.70543;-1.83143;1.96259;-0.0965245;-5.53045;0.7;0.7
0.665412;-1.99731;2.10524;0.0460761;2.63996;0.7;0.7
0.635215;-1.83588;1.94267;-0.011518;-0.659935;0.7;0.7
0.675524;-1.85786;1.97686;-0.0156355;-0.89585;0.7;0.7
0.727918;-1.59435;1.75266;-0.0795539;-4.5581;0.7;0.7
0.351994;-1.88757;1.92011;0.243934;13.9764;0.7;0.7
0.652073;-1.87344;1.98368;-0.150585;-8.62789;0.7;0.7
0.695696;-1.8753;2.00019;-0.0202926;-1.16268;0.7;0.7
0.577277;-1.93638;2.0206;0.0655082;3.75334;0.7;0.7
0.592449;-1.89108;1.98171;-0.0138689;-0.79463;0.7;0.7
0.620385;-1.9686;2.06404;-0.00168713;-0.0966657;0.7;0.7
0.871153;-1.86435;2.05784;-0.131833;-7.55349;0.7;0.7
0.739498;-1.79098;1.93764;0.0455418;2.60936;0.7;0.7
0.781502;-1.82835;1.98837;-0.0123518;-0.707704;0.7;0.7
0.839993;-1.85436;2.03574;-0.0214006;-1.22616;0.7;0.7
0.924423;-2.00871;2.21122;-0.00597726;-0.342472;0.7;0.7
0.880941;-1.92597;2.11788;0.00231803;0.132813;0.7;0.7
0.760338;-2.00275;2.14223;0.0661531;3.79029;0.7;0.7
0.821781;-1.7323;1.91734;-0.0801106;-4.59;0.7;0.7
0.839406;-1.84328;2.02541;0.0156233;0.895147;0.7;0.7
0.802575;-1.83292;2.00093;0.0146059;0.836857;0.7;0.7
0.815567;-1.83576;2.00877;-0.00535661;-0.306911;0.7;0.7
0.815314;-1.80397;1.97966;-0.00640244;-0.366833;0.7;0.7
0.83482;-1.84185;2.02221;-0.00107567;-0.0616315;0.7;0.7
1.06262;-1.71359;2.01632;-0.129527;-7.42134;0.7;0.7
1.12533;-1.79624;2.11963;-0.00458775;-0.262859;0.7;0.7
0.913383;-1.57523;1.82089;0.0342049;1.95979;0.7;0.7
1.04858;-1.70276;1.99973;-0.0265024;-1.51847;0.7;0.7
1.06058;-1.65266;1.9637;-0.0185842;-1.06479;0.7;0.7
1.09607;-1.81074;2.11663;0.0262296;1.50284;0.7;0.7
0.995181;-1.62072;1.90187;-0.0063554;-0.364138;0.7;0.7
0.908268;-1.34137;1.61995;-0.0445275;-2.55124;0.7;0.7
1.05582;-1.66942;1.97528;0.0312636;1.79127;0.7;0.7
1.03742;-1.67234;1.96799;0.00869938;0.498438;0.7;0.7
1.10839;-1.77439;2.09213;-0.00311529;-0.178493;0.7;0.7
1.12765;-1.70115;2.04096;-0.0270193;-1.54809;0.7;0.7
1.13656;-1.70431;2.04853;-0.0027716;-0.158801;0.7;0.7
1.21057;-1.62262;2.02444;-0.0528279;-3.02682;0.7;0.7
1.22692;-1.45339;1.90202;-0.0601303;-3.44522;0.7;0.7
1.27097;-1.42771;1.91147;-0.0262797;-1.50571;0.7;0.7
1.34291;-1.50137;2.01433;-0.00235905;-0.135163;0.7;0.7
1.24782;-1.51175;1.96021;0.0396991;2.27459;0.7;0.7
1.24889;-1.50125;1.95282;-0.00384615;-0.220368;0.7;0.7
1.29652;-1.54304;2.01543;-0.00490654;-0.281124;0.7;0.7
1.2642;-1.34797;1.84803;-0.0545416;-3.125;0.7;0.7
1.38318;-1.49017;2.03317;0.00516151;0.295733;0.7;0.7
1.25678;-1.74157;2.14769;0.123078;7.05184;0.7;0.7
1.25445;-1.57138;2.01069;-0.0486121;-2.78527;0.7;0.7
1.40487;-1.69971;2.20515;-0.0170011;-0.974091;0.7;0.7
1.47016;-1.72445;2.26607;-0.0152523;-0.873891;0.7;0.7
1.24223;-1.52298;1.96535;0.0217505;1.24621;0.7;0.7
1.25833;-1.59685;2.03305;0.0168282;0.964186;0.7;0.7
1.13867;-1.48223;1.86911;0.0123296;0.706435;0.7;0.7
1.27583;-1.54392;2.00285;-0.0355523;-2.037;0.7;0.7
1.3429;-1.59824;2.08753;-0.00818811;-0.469144;0.7;0.7
1.22596;-1.52196;1.95431;0.0207028;1.18618;0.7;0.7
1.25746;-1.55575;2.00039;-0.00166449;-0.0953683;0.7;0.7
1.25027;-1.48888;1.94421;-0.0187463;-1.07408;0.7;0.7
1.22122;-1.36739;1.83334;-0.0304874;-1.7468;0.7;0.7
1.21994;-1.49153;1.92689;0.0434247;2.48805;0.7;0.7
1.20057;-1.55131;1.96162;0.0269394;1.54351;0.7;0.7
1.07621;-1.6619;1.97994;0.0839566;4.81036;0.7;0.7
1.0876;-1.69045;2.0101;0.00296365;0.169805;0.7;0.7
1.15669;-1.69904;2.0554;-0.0260072;-1.4901;0.7;0.7
1.10462;-1.73183;2.05412;0.0299403;1.71545;0.7;0.7
1.07699;-1.68768;2.00204;-0.000222438;-0.0127447;0.7;0.7
1.01215;-1.62778;1.9168;0.0117017;0.670455;0.7;0.7
1.41053;-1.57579;2.11488;-0.17382;-9.95913;0.7;0.7
1.34484;-1.41227;1.95016;-0.0308297;-1.76641;0.7;0.7
1.42282;-1.2776;1.91225;-0.0781758;-4.47914;0.7;0.7
1.62361;-1.31332;2.08828;-0.0515381;-2.95291;0.7;0.7
1.58345;-1.23001;2.00505;-0.0197116;-1.12939;0.7;0.7
1.66212;-1.22639;2.06559;-0.0247457;-1.41783;0.7;0.7
1.55777;-1.10654;1.91078;-0.0180484;-1.0341;0.7;0.7
1.54878;-1.18966;1.95295;0.0373706;2.14118;0.7;0.7
1.62592;-1.2081;2.02562;-0.0159782;-0.915483;0.7;0.7
1.57935;-1.12592;1.93959;-0.0196937;-1.12837;0.7;0.7
1.67619;-1.15865;2.03766;-0.0145078;-0.831237;0.7;0.7
1.60612;-1.15282;1.97702;0.0177281;1.01575;0.7;0.7
1.62096;-1.16878;1.99839;0.00215956;0.123734;0.7;0.7
1.69613;-1.2587;2.11215;0.0137162;0.785882;0.7;0.7
1.74482;-1.30922;2.18139;0.00529747;0.303522;0.7;0.7
1.4953;-1.29871;1.98055;0.0714292;4.09259;0.7;0.7
1.38718;-1.36838;1.94852;0.0634215;3.63379;0.7;0.7
1.335;-1.34389;1.89427;0.0101408;0.581028;0.7;0.7
1.16702;-1.38003;1.80732;0.0801165;4.59034;0.7;0.7
1.35903;-1.4792;2.00873;-0.0411202;-2.35602;0.7;0.7
1.24978;-1.25811;1.77335;-0.0389936;-2.23417;0.7;0.7
1.41454;-1.34229;1.95004;-0.0295192;-1.69133;0.7;0.7
1.48677;-1.34121;2.00233;-0.0252286;-1.44549;0.7;0.7
1.41999;-1.36541;1.96995;0.0318366;1.82411;0.7;0.7
1.33344;-1.2483;1.82656;-0.0133759;-0.766383;0.7;0.7
1.52103;-1.33163;2.02157;-0.0333291;-1.90962;0.7;0.7
1.63598;-1.33245;2.10994;-0.035602;-2.03985;0.7;0.7
1.60811;-1.07859;1.93633;-0.092698;-5.31121;0.7;0.7
1.67369;-1.10545;2.0058;-0.00709029;-0.406244;0.7;0.7
1.66236;-1.11284;2.00046;0.00620195;0.355345;0.7;0.7
1.85492;-1.35449;2.29681;0.0408033;2.33786;0.7;0.7
1.64736;-1.17584;2.02396;-0.0108086;-0.619289;0.7;0.7
1.90635;-0.836944;2.08199;-0.206216;-11.8153;0.7;0.7
1.83682;-0.809071;2.00711;0.00121162;0.0694206;0.7;0.7
1.80972;-1.05396;2.09426;0.112467;6.44386;0.7;0.7
1.67419;-0.920414;1.91052;-0.0247075;-1.41564;0.7;0.7
1.71731;-0.843547;1.9133;-0.0460781;-2.64008;0.7;0.7
1.48572;-0.934269;1.75505;0.104766;6.00265;0.7;0.7
1.54422;-1.34741;2.04942;0.156092;8.9434;0.7;0.7
1.57274;-1.18429;1.96877;-0.0720187;-4.12636;0.7;0.7
1.59268;-1.22825;2.01127;0.0114991;0.658848;0.7;0.7
1.58322;-1.22029;1.99892;-0.000263068;-0.0150727;0.7;0.7
1.58181;-1.22382;1.99997;0.00182683;0.104669;0.7;0.7
1.63603;-1.14885;1.99911;-0.0462736;-2.65128;0.7;0.7
1.66509;-1.08221;1.98587;-0.0358794;-2.05574;0.7;0.7
1.5145;-1.13382;1.89189;0.0662983;3.79861;0.7;0.7
1.5463;-1.25165;1.98939;0.0378426;2.16822;0.7;0.7
1.5501;-1.44321;2.11794;0.0692272;3.96643;0.7;0.7
1.61615;-1.38484;2.12831;-0.0412288;-2.36223;0.7;0.7
1.61912;-1.2997;2.07624;-0.0320747;-1.83775;0.7;0.7
1.56355;-1.24592;1.99925;-0.00357756;-0.204979;0.7;0.7
1.38219;-1.40836;1.9733;0.121954;6.98742;0.7;0.7
1.41314;-1.35215;1.95583;-0.0314267;-1.80062;0.7;0.7
1.42143;-1.06686;1.77726;-0.119495;-6.84656;0.7;0.7
1.51781;-1.21074;1.94156;0.0294767;1.68889;0.7;0.7
1.65334;-1.17259;2.02694;-0.0564367;-3.23358;0.7;0.7
1.75795;-1.09051;2.06872;-0.061656;-3.53263;0.7;0.7
1.58401;-0.87044;1.80742;-0.0527657;-3.02325;0.7;0.7
1.73218;-0.8303;1.9209;-0.0554899;-3.17934;0.7;0.7
1.7903;-0.841269;1.97811;-0.00769936;-0.441141;0.7;0.7
1.94727;-0.858724;2.1282;-0.0239464;-1.37203;0.7;0.7
1.91909;-0.685192;2.03774;-0.0724024;-4.14835;0.7;0.7
2.02443;-0.600494;2.11162;-0.0545774;-3.12706;0.7;0.7
1.80913;-0.625157;1.9141;0.0443554;2.54137;0.7;0.7
1.9439;-0.653641;2.05085;-0.00833506;-0.477564;0.7;0.7
1.99768;-0.824901;2.1613;0.0672261;3.85177;0.7;0.7
1.98354;-0.615221;2.07676;-0.0908483;-5.20522;0.7;0.7
1.9021;-0.592903;1.99236;0.0014113;0.0808614;0.7;0.7
1.83594;-0.545385;1.91524;-0.0134084;-0.768247;0.7;0.7
1.94248;-0.650679;2.04856;0.0344691;1.97494;0.7;0.7
1.80599;-0.640962;1.91636;0.0178145;1.02069;0.7;0.7
1.86465;-0.671688;1.98194;0.00471251;0.270007;0.7;0.7
1.97917;-0.658965;2.08599;-0.0243466;-1.39496;0.7;0.7
1.93553;-0.772794;2.0841;0.0584687;3.35001;0.7;0.7
1.8227;-0.706232;1.95474;-0.0102215;-0.585648;0.7;0.7
1.72129;-0.787745;1.89298;0.0595419;3.4115;0.7;0.7
1.88288;-0.847042;2.06463;-0.00645299;-0.369729;0.7;0.7
1.79874;-0.614457;1.9008;-0.0935673;-5.36101;0.7;0.7
1.99732;-0.782038;2.14496;0.0440211;2.52222;0.7;0.7
1.88352;-0.554644;1.96349;-0.0868187;-4.97435;0.7;0.7
1.96925;-0.697668;2.08919;0.0541055;3.10002;0.7;0.7
1.89577;-0.635493;1.99945;-0.0170386;-0.976238;0.7;0.7
1.88238;-0.616708;1.98083;-0.00684434;-0.392152;0.7;0.7
1.99333;-0.78853;2.14363;0.0600936;3.44311;0.7;0.7
2.03875;-0.59848;2.12478;-0.0911624;-5.22322;0.7;0.7
1.91148;-0.569938;1.99464;0.00424221;0.243061;0.7;0.7
1.92761;-0.567809;2.0095;-0.00330934;-0.189611;0.7;0.7
1.90256;-0.587432;1.99118;0.0130092;0.745373;0.7;0.7
1.96371;-0.65329;2.06952;0.0216911;1.24281;0.7;0.7
2.00444;-0.621616;2.09862;-0.0204502;-1.17171;0.7;0.7
1.87912;-0.559294;1.96058;-0.0114272;-0.65473;0.7;0.7
2.00334;-0.587389;2.08768;-0.00407598;-0.233536;0.7;0.7
1.94312;-0.361705;1.9765;-0.101171;-5.79669;0.7;0.7
1.93862;-0.409256;1.98134;0.024013;1.37584;0.7;0.7
1.98194;-0.453622;2.03319;0.016949;0.971104;0.7;0.7
1.89556;-0.521547;1.966;0.0434953;2.4921;0.7;0.7
1.9225;-0.604824;2.0154;0.0363021;2.07996;0.7;0.7
1.96203;-0.70024;2.08324;0.0380059;2.17758;0.7;0.7
1.87991;-0.656244;1.99116;-0.00694728;-0.39805;0.7;0.7
1.88952;-0.661461;2.00195;0.000878618;0.0503411;0.7;0.7
2.01022;-0.555167;2.08547;-0.0672804;-3.85488;0.7;0.7
2.17819;-0.446527;2.22349;-0.0672588;-3.85365;0.7;0.7
1.97812;-0.348578;2.00859;-0.0277706;-1.59114;0.7;0.7
1.89012;-0.408277;1.93372;0.0383105;2.19503;0.7;0.7
1.90443;-0.42082;1.95037;0.00473803;0.271469;0.7;0.7
1.93357;-0.709576;2.05966;0.134243;7.69155;0.7;0.7
1.85617;-0.708561;1.98681;0.0129431;0.741585;0.7;0.7
1.83905;-0.78366;1.99906;0.0381596;2.18639;0.7;0.7
1.65383;-0.70586;1.79816;0.000576978;0.0330584;0.7;0.7
1.87893;-0.823336;2.05141;0.00959509;0.549758;0.7;0.7
1.87856;-0.776283;2.03263;-0.02113;-1.21066;0.7;0.7
1.85782;-0.752434;2.00441;-0.00704605;-0.403709;0.7;0.7
1.88096;-0.899047;2.08477;0.0610549;3.49819;0.7;0.7
1.94192;-0.986934;2.17832;0.0243358;1.39434;0.7;0.7
1.78374;-0.861349;1.98082;-0.0203415;-1.16548;0.7;0.7
1.76715;-0.891997;1.97952;0.017587;1.00766;0.7;0.7
1.786;-0.879833;1.99096;-0.00972073;-0.556957;0.7;0.7
1.73837;-0.716341;1.88018;-0.0668596;-3.83077;0.7;0.7
2.02023;-0.888409;2.20694;0.023431;1.3425;0.7;0.7
1.68774;-0.727823;1.83798;-0.00715713;-0.410073;0.7;0.7
1.85475;-0.815287;2.02603;0.00699705;0.400901;0.7;0.7
1.89199;-0.853715;2.07568;0.00972887;0.557423;0.7;0.7
1.88925;-0.794495;2.04951;-0.0257907;-1.4777;0.7;0.7
1.79716;-0.817752;1.97446;0.0289431;1.65832;0.7;0.7
1.88323;-0.728476;2.01921;-0.0579287;-3.31907;0.7;0.7
2.03756;-0.7511;2.17159;-0.0159239;-0.912373;0.7;0.7
1.8569;-0.692818;1.98194;0.00393607;0.22552;0.7;0.7
1.89907;-0.714528;2.02905;0.00275894;0.158076;0.7;0.7
1.90284;-0.837983;2.07919;0.054962;3.14909;0.7;0.7
1.85736;-0.82918;2.03404;0.00505246;0.289485;0.7;0.7
1.78551;-0.813455;1.96208;0.00760905;0.435967;0.7;0.7
1.82582;-0.769452;1.98133;-0.0286484;-1.64143;0.7;0.7
1.77798;-0.584832;1.8717;-0.0810596;-4.64437;0.7;0.7
1.90165;-0.63507;2.00489;0.00452893;0.259489;0.7;0.7
1.78304;-0.639259;1.89417;0.021935;1.25678;0.7;0.7
1.68321;-0.401026;1.73032;-0.110356;-6.32295;0.7;0.7
1.94274;-0.489449;2.00344;0.0129113;0.739765;0.7;0.7
2.04293;-0.45465;2.09291;-0.027822;-1.59408;0.7;0.7
1.83567;-0.465652;1.89381;0.0294483;1.68726;0.7;0.7
1.92967;-0.487356;1.99026;-0.00104195;-0.0596996;0.7;0.7
1.85287;-0.510639;1.92195;0.0215314;1.23366;0.7;0.7
1.80636;-0.606524;1.90547;0.055026;3.15276;0.7;0.7
2.01749;-0.606156;2.10658;-0.032073;-1.83765;0.7;0.7
1.93913;-0.587728;2.02624;0.00241701;0.138484;0.7;0.7
1.92541;-0.580532;2.01102;-0.00144456;-0.0827672;0.7;0.7
1.86105;-0.6857;1.98335;0.0601721;3.44761;0.7;0.7
2.04658;-0.741452;2.17675;-0.0054349;-0.311397;0.7;0.7
1.91557;-0.668013;2.02871;-0.0120386;-0.689762;0.7;0.7
2.00558;-0.707119;2.12658;0.00342682;0.196342;0.7;0.7
1.86166;-0.58265;1.95071;-0.0356522;-2.04272;0.7;0.7
1.92464;-0.543666;1.99996;-0.0280127;-1.60501;0.7;0.7
1.78722;-0.403691;1.83225;-0.0531549;-3.04555;0.7;0.7
1.88446;-0.38389;1.92316;-0.0211844;-1.21377;0.7;0.7
1.95329;-0.379697;1.98985;-0.00897007;-0.513947;0.7;0.7
1.9743;-0.366875;2.0081;-0.00826462;-0.473528;0.7;0.7
1.77425;-0.223535;1.78828;-0.058401;-3.34613;0.7;0.7
1.96442;-0.233131;1.97821;-0.00720402;-0.41276;0.7;0.7
1.89143;-0.240162;1.90661;0.00817389;0.468329;0.7;0.7
1.95781;-0.105414;1.96065;-0.0725075;-4.15438;0.7;0.7
2.05564;-0.111005;2.05863;0.000157039;0.0089977;0.7;0.7
2.06511;-0.0812435;2.06671;-0.014627;-0.838067;0.7;0.7
1.91414;-0.0795867;1.9158;0.00223362;0.127977;0.7;0.7
1.90881;0.0185181;1.9089;-0.0512554;-2.93672;0.7;0.7
1.81183;0.0795322;1.81357;-0.0341669;-1.95762;0.7;0.7
2.21476;0.286127;2.23317;-0.0846111;-4.84786;0.7;0.7
2.09494;0.100046;2.09733;0.0807594;4.62717;0.7;0.7
1.93046;0.120823;1.93424;-0.0147865;-0.847202;0.7;0.7
1.70015;0.0971953;1.70293;0.00539983;0.309387;0.7;0.7
2.08375;0.127648;2.08765;-0.00407611;-0.233544;0.7;0.7
2.09319;0.061123;2.09409;0.0319899;1.83289;0.7;0.7
2.06751;-0.116312;2.07078;0.0853905;4.89251;0.7;0.7
2.0099;-0.0950686;2.01215;-0.00893294;-0.51182;0.7;0.7
1.94727;-0.15097;1.95312;0.0301094;1.72514;0.7;0.7
1.94203;-0.226424;1.95519;0.0386928;2.21694;0.7;0.7
1.801;-0.363556;1.83733;0.0831194;4.76239;0.7;0.7
1.91334;-0.40777;1.95631;0.0107909;0.618274;0.7;0.7
1.86906;-0.443108;1.92087;0.0228004;1.30637;0.7;0.7
1.89817;-0.414722;1.94295;-0.0176729;-1.01258;0.7;0.7
1.99633;-0.410409;2.03808;-0.0123482;-0.707499;0.7;0.7
1.84299;-0.594612;1.93653;0.109335;6.26441;0.7;0.7
1.89263;-0.618803;1.99122;0.00390731;0.223873;0.7;0.7
1.96248;-0.632829;2.06199;-0.00406218;-0.232746;0.7;0.7
1.91646;-0.757412;2.0607;0.0644377;3.69201;0.7;0.7
2.04514;-0.694674;2.1599;-0.0489315;-2.80357;0.7;0.7
1.99064;-0.738967;2.12337;0.0280108;1.6049;0.7;0.7
1.84511;-0.672415;1.96381;-0.00598015;-0.342637;0.7;0.7
1.80609;-0.586512;1.89894;-0.0354764;-2.03265;0.7;0.7
1.90918;-0.601559;2.00171;-0.00875695;-0.501737;0.7;0.7
1.91572;-0.574491;2.00001;-0.0138914;-0.795917;0.7;0.7
1.78935;-0.561132;1.87527;0.0125344;0.718171;0.7;0.7
1.90564;-0.594597;1.99625;-0.00143604;-0.0822791;0.7;0.7
1.87756;-0.535401;1.9524;-0.0246617;-1.41301;0.7;0.7
1.98542;-0.695743;2.10379;0.0592692;3.39587;0.7;0.7
1.90617;-0.675825;2.02243;0.00366473;0.209974;0.7;0.7
1.68129;-0.632359;1.79628;0.0190285;1.09026;0.7;0.7
1.8565;-0.700102;1.98413;0.000869312;0.0498079;0.7;0.7
2.01033;-0.729687;2.13866;-0.0124358;-0.712521;0.7;0.7
1.76461;-0.649801;1.88045;0.00465089;0.266476;0.7;0.7
1.8768;-0.688118;1.99897;-0.00140649;-0.080586;0.7;0.7
1.7461;-0.601504;1.8468;-0.0196735;-1.12721;0.7;0.7
1.91771;-0.760957;2.06317;0.045997;2.63543;0.7;0.7
1.83772;-0.622928;1.94042;-0.0509356;-2.91839;0.7;0.7
1.96669;-0.718094;2.09369;0.0232745;1.33353;0.7;0.7
1.90658;-0.569637;1.98986;-0.0597562;-3.42378;0.7;0.7
2.03828;-0.481282;2.09433;-0.0584579;-3.34939;0.7;0.7
1.86885;-0.535155;1.94396;0.0470186;2.69397;0.7;0.7
1.84644;-0.607456;1.94379;0.0389427;2.23125;0.7;0.7
1.9401;-0.74273;2.07741;0.0477838;2.73781;0.7;0.7
1.98396;-0.650988;2.08803;-0.0485625;-2.78242;0.7;0.7
1.92265;-0.512916;1.98989;-0.0563519;-3.22872;0.7;0.7
1.72885;-0.457358;1.78833;-0.00208524;-0.119475;0.7;0.7
1.91569;-0.354012;1.94812;-0.0758842;-4.34785;0.7;0.7
2.00689;-0.465354;2.06014;0.0451163;2.58497;0.7;0.7
1.5794;-0.539969;1.66915;0.101573;5.81969;0.7;0.7
2.0175;-0.626481;2.11253;-0.0283417;-1.62386;0.7;0.7
1.90222;-0.605551;1.99628;0.00711327;0.40756;0.7;0.7
1.90717;-0.61926;2.00519;0.00576485;0.330302;0.7;0.7
1.85612;-0.645657;1.96521;0.0207996;1.19173;0.7;0.7
1.81982;-0.581282;1.9104;-0.0255861;-1.46598;0.7;0.7
1.84655;-0.43871;1.89795;-0.0759148;-4.3496;0.7;0.7
1.94586;-0.629959;2.04529;0.079836;4.57427;0.7;0.7
1.80866;-0.550584;1.89061;-0.017593;-1.008;0.7;0.7
1.89176;-0.475028;1.95049;-0.0494854;-2.8353;0.7;0.7
1.93912;-0.495898;2.00152;0.00435103;0.249296;0.7;0.7
2.0137;-0.366706;2.04682;-0.0702365;-4.02425;0.7;0.7
1.85861;-0.420257;1.90553;0.0422423;2.4203;0.7;0.7
2.04958;-0.449304;2.09825;-0.00656998;-0.376432;0.7;0.7
1.79447;-0.692722;1.92353;0.152604;8.74355;0.7;0.7
1.86082;-0.731574;1.99946;0.006176;0.353859;0.7;0.7
1.91339;-0.670184;2.02737;-0.0376773;-2.15875;0.7;0.7
1.61796;-0.744881;1.78119;0.094549;5.41726;0.7;0.7
1.79861;-0.739683;1.94477;-0.0412865;-2.36554;0.7;0.7
1.78224;-0.620561;1.88719;-0.0551064;-3.15736;0.7;0.7
1.92463;-0.810532;2.08834;0.063531;3.64006;0.7;0.7
1.88275;-0.61059;1.97929;-0.0849887;-4.86949;0.7;0.7
1.89839;-0.624437;1.99845;0.00417814;0.23939;0.7;0.7
1.95325;-0.530545;2.02402;-0.05256;-3.01147;0.7;0.7
2.02472;-0.582118;2.10674;0.0147326;0.844116;0.7;0.7
2.01825;-0.471069;2.07249;-0.0506556;-2.90235;0.7;0.7
1.82934;-0.535182;1.90602;0.0553123;3.16916;0.7;0.7
1.5056;-0.523391;1.59398;0.0499503;2.86194;0.7;0.7
1.89994;-0.630661;2.00188;-0.0140692;-0.806105;0.7;0.7
2.04204;-0.58328;2.12371;-0.0422664;-2.42169;0.7;0.7
1.9937;-0.470829;2.04854;-0.0463175;-2.6538;0.7;0.7
1.9693;-0.456579;2.02154;-0.00408675;-0.234153;0.7;0.7
1.99796;-0.459192;2.05005;-0.00191495;-0.109719;0.7;0.7
1.94843;-0.400126;1.98909;-0.0233649;-1.33871;0.7;0.7
2.01702;-0.485728;2.07468;0.0337723;1.93501;0.7;0.7
2.03006;-0.48484;2.08716;-0.00187675;-0.10753;0.7;0.7
1.82734;-0.41745;1.87442;-0.00984595;-0.564131;0.7;0.7
1.9496;-0.379241;1.98614;-0.0324695;-1.86037;0.7;0.7
2.03015;-0.276204;2.04885;-0.0569023;-3.26026;0.7;0.7
1.94078;-0.164958;1.94778;-0.0504286;-2.88934;0.7;0.7
1.99197;-0.159281;1.99833;-0.00500001;-0.28648;0.7;0.7
2.08312;-0.384532;2.11832;0.102747;5.88698;0.7;0.7
1.94458;-0.339605;1.97401;-0.00964082;-0.552378;0.7;0.7
2.03141;-0.449224;2.08049;0.0447381;2.56331;0.7;0.7
1.92316;-0.408571;1.96608;-0.00830072;-0.475596;0.7;0.7
1.74862;-0.55291;1.83395;0.0969145;5.55279;0.7;0.7
1.83768;-0.800389;2.00441;0.104517;5.9884;0.7;0.7
1.85326;-0.765382;2.00509;-0.019111;-1.09498;0.7;0.7
1.86187;-0.852285;2.04767;0.0376305;2.15607;0.7;0.7
1.68353;-0.807721;1.86727;0.0180522;1.03432;0.7;0.7
1.73413;-0.920359;1.96323;0.0405899;2.32563;0.7;0.7
1.63648;-0.939826;1.88715;0.033377;1.91236;0.7;0.7
1.62267;-0.672925;1.75667;-0.12819;-7.34474;0.7;0.7
1.94033;-0.909125;2.14275;0.0450491;2.58112;0.7;0.7
1.82752;-0.862104;2.02066;0.00261412;0.149778;0.7;0.7
1.82274;-1.03996;2.09855;0.0777046;4.45214;0.7;0.7
1.71101;-0.990684;1.97713;0.00635402;0.364058;0.7;0.7
1.72613;-1.00909;1.99945;0.00417814;0.23939;0.7;0.7
1.67184;-1.02345;1.96023;0.0203021;1.16322;0.7;0.7
1.67038;-1.06869;1.983;0.0198443;1.137;0.7;0.7
1.77333;-1.08365;2.07822;-0.020636;-1.18235;0.7;0.7
1.67272;-1.04635;1.97303;0.010459;0.599257;0.7;0.7
1.71683;-1.18284;2.08485;0.0443001;2.53821;0.7;0.7
1.6434;-1.13483;1.99714;0.00106134;0.0608104;0.7;0.7
1.60199;-1.02644;1.90262;-0.0345172;-1.97769;0.7;0.7
1.58504;-0.943923;1.84482;-0.0327115;-1.87423;0.7;0.7
1.85272;-1.1819;2.1976;0.030721;1.76018;0.7;0.7
1.68903;-1.09971;2.01549;0.00930318;0.533033;0.7;0.7
1.65486;-1.12814;2.00282;0.0212056;1.21499;0.7;0.7
1.83548;-1.02574;2.10265;-0.0887421;-5.08455;0.7;0.7
1.45858;-0.948614;1.73992;0.0670292;3.84049;0.7;0.7
1.66427;-1.06528;1.97601;-0.00725655;-0.41577;0.7;0.7
1.78159;-1.0061;2.04605;-0.0553073;-3.16888;0.7;0.7
1.7451;-1.02181;2.02224;0.0156404;0.89613;0.7;0.7
1.74053;-1.01136;2.01303;-0.003334;-0.191024;0.7;0.7
1.73905;-0.926015;1.97023;-0.0370826;-2.12468;0.7;0.7
1.70361;-0.670316;1.83074;-0.114432;-6.55647;0.7;0.7
1.89833;-0.703893;2.02463;-0.0197834;-1.13351;0.7;0.7
1.79928;-0.635328;1.90815;-0.0156449;-0.896387;0.7;0.7
1.89246;-0.668245;2.00697;7.88251e-06;0.000451635;0.7;0.7
2.0771;-0.729289;2.20141;-0.00177947;-0.101956;0.7;0.7
1.90508;-0.786952;2.06122;0.0540679;3.09786;0.7;0.7
1.84264;-0.785606;2.00312;0.0112805;0.646326;0.7;0.7
1.83608;-0.690594;1.96166;-0.0432563;-2.4784;0.7;0.7
1.63791;-0.527101;1.72063;-0.0484081;-2.77358;0.7;0.7
1.89497;-0.487482;1.95667;-0.0595566;-3.41234;0.7;0.7
1.89118;-0.494105;1.95466;0.00376467;0.2157;0.7;0.7
1.77791;-0.334241;1.80906;-0.0697283;-3.99514;0.7;0.7
1.893;-0.383169;1.93139;0.0138887;0.795763;0.7;0.7
1.85385;-0.369098;1.89023;-0.00318734;-0.182621;0.7;0.7
1.88209;-0.390319;1.92213;0.00795899;0.456017;0.7;0.7
1.95715;-0.302887;1.98044;-0.0509456;-2.91897;0.7;0.7
2.02748;-0.42691;2.07194;0.0539888;3.09333;0.7;0.7
1.70754;-0.425517;1.75976;0.0366933;2.10237;0.7;0.7
1.9102;-0.400318;1.9517;-0.0376454;-2.15692;0.7;0.7
2.21626;-0.426108;2.25685;-0.0166319;-0.952935;0.7;0.7
1.86697;-0.287418;1.88896;-0.037197;-2.13123;0.7;0.7
1.95041;-0.299819;1.97332;-0.000222394;-0.0127423;0.7;0.7
2.13137;-0.273842;2.14889;-0.0247461;-1.41784;0.7;0.7
1.87863;-0.608985;1.97487;0.185695;10.6395;0.7;0.7
1.97685;-0.716535;2.1027;0.0342585;1.96287;0.7;0.7
1.88639;-0.663077;1.99953;-0.00971825;-0.556815;0.7;0.7
1.88281;-0.552941;1.96233;-0.0523692;-3.00053;0.7;0.7
2.01687;-0.640172;2.11603;0.0217036;1.24352;0.7;0.7
1.92977;-0.644976;2.0347;0.0152024;0.871033;0.7;0.7
1.96022;-0.568732;2.04106;-0.0401693;-2.30153;0.7;0.7
1.91818;-0.544731;1.99403;-0.00568492;-0.325722;0.7;0.7
1.90798;-0.459986;1.96264;-0.0401274;-2.29913;0.7;0.7
2.10108;-0.414395;2.14155;-0.0418404;-2.39728;0.7;0.7
1.97114;-0.408956;2.01311;0.009839;0.563733;0.7;0.7
1.9455;-0.413857;1.98903;0.00503175;0.288298;0.7;0.7
1.63272;-0.423035;1.68664;0.0439212;2.5165;0.7;0.7
1.90354;-0.473742;1.9616;-0.00960357;-0.550244;0.7;0.7
1.94336;-0.481108;2.00203;-0.00123347;-0.0706729;0.7;0.7
2.0352;-0.48473;2.09213;-0.00886858;-0.508132;0.7;0.7
2.03707;-0.225556;2.04952;-0.12354;-7.07835;0.7;0.7
2.04853;-0.284055;2.06813;0.0275079;1.57609;0.7;0.7
2.03244;-0.26643;2.04982;-0.00743856;-0.426198;0.7;0.7
1.98379;-0.271562;2.00229;0.0056987;0.326511;0.7;0.7
2.14979;-0.368482;2.18114;0.0337098;1.93143;0.7;0.7
1.88718;-0.565644;1.97013;0.121455;6.95883;0.7;0.7
1.88787;-0.579603;1.97484;0.00667119;0.382231;0.7;0.7
1.9001;-0.590479;1.98974;0.00342056;0.195984;0.7;0.7
1.94452;-0.663536;2.05461;0.0275437;1.57814;0.7;0.7
1.89103;-0.659803;2.00283;0.00686104;0.393109;0.7;0.7
1.92371;-0.615575;2.0198;-0.0260088;-1.4902;0.7;0.7
1.85232;-0.601814;1.94763;0.00444204;0.25451;0.7;0.7
1.88673;-0.501655;1.95228;-0.0542654;-3.10918;0.7;0.7
1.63265;-0.292187;1.65859;-0.0827833;-4.74313;0.7;0.7
1.91876;-0.575197;2.00312;0.114161;6.54092;0.7;0.7
1.91742;-0.569457;2.00019;-0.00255629;-0.146465;0.7;0.7
1.97135;-0.668316;2.08155;0.0381612;2.18648;0.7;0.7
1.72972;-0.543622;1.81313;-0.0223467;-1.28037;0.7;0.7
1.92371;-0.588093;2.01159;-0.00782403;-0.448284;0.7;0.7
1.96486;-0.580436;2.0488;-0.00944626;-0.541231;0.7;0.7
1.86327;-0.670876;1.98036;0.0583642;3.34402;0.7;0.7
1.92365;-0.736563;2.05984;0.0200745;1.15019;0.7;0.7
1.84114;-0.604623;1.93787;-0.0483765;-2.77177;0.7;0.7
1.90353;-0.729992;2.0387;0.0488962;2.80155;0.7;0.7
1.9127;-0.726735;2.04611;-0.00309093;-0.177097;0.7;0.7
1.94532;-0.791559;2.1002;0.0233381;1.33717;0.7;0.7
1.85362;-0.783686;2.01248;0.0135505;0.776384;0.7;0.7
1.80511;-0.760139;1.95863;-0.00142819;-0.0818292;0.7;0.7
1.82524;-0.784569;1.98672;0.00739931;0.423949;0.7;0.7
1.83556;-0.790937;1.99871;0.000889833;0.0509837;0.7;0.7
1.82697;-0.792488;1.99145;0.0024208;0.138702;0.7;0.7
1.83856;-0.801317;2.0056;0.00173868;0.0996192;0.7;0.7
1.78706;-0.80105;1.95838;0.0103832;0.594915;0.7;0.7
1.77925;-0.786329;1.94526;-0.00526471;-0.301646;0.7;0.7
1.87812;-0.702088;2.00506;-0.0583938;-3.34572;0.7;0.7
2.02073;-0.489968;2.07929;-0.11986;-6.86749;0.7;0.7
1.99187;-0.446966;2.0414;-0.0171407;-0.982092;0.7;0.7
1.89398;-0.44952;1.9466;0.0122909;0.704216;0.7;0.7
1.9599;-0.57086;2.04134;0.0503989;2.88764;0.7;0.7
1.86062;-0.520214;1.93197;-0.010798;-0.618682;0.7;0.7
1.9176;-0.680825;2.03487;0.0685275;3.92634;0.7;0.7
1.87321;-0.677462;1.99196;0.00586411;0.335989;0.7;0.7
1.7678;-0.769022;1.92782;0.0633026;3.62697;0.7;0.7
1.9206;-0.753801;2.06323;-0.0363164;-2.08078;0.7;0.7
1.75502;-0.627838;1.86394;-0.0304565;-1.74503;0.7;0.7
1.82191;-0.693643;1.94949;0.0202268;1.15891;0.7;0.7
1.87761;-0.966958;2.11197;0.111792;6.4052;0.7;0.7
1.62486;-1.10404;1.96445;0.121241;6.94662;0.7;0.7
1.55994;-1.0181;1.86278;-0.0185756;-1.06431;0.7;0.7
1.92219;-1.04393;2.18738;-0.0807096;-4.62432;0.7;0.7
1.95904;-1.18207;2.28804;0.0453833;2.60027;0.7;0.7
1.56351;-1.08136;1.90103;0.0621742;3.56232;0.7;0.7
1.69607;-1.18977;2.07177;0.0066387;0.380369;0.7;0.7
1.52391;-1.16825;1.92019;0.0423251;2.42505;0.7;0.7
1.57694;-1.27312;2.02671;0.0251495;1.44096;0.7;0.7
1.52272;-1.22214;1.95251;-0.0028721;-0.164559;0.7;0.7
1.34065;-1.19061;1.79301;0.0498669;2.85717;0.7;0.7
1.58098;-1.37852;2.09757;-0.00909772;-0.521261;0.7;0.7
1.44441;-1.43273;2.03446;0.0642442;3.68092;0.7;0.7
1.44175;-1.18413;1.86569;-0.0937383;-5.37081;0.7;0.7
1.55254;-1.17955;1.9498;-0.0378856;-2.17069;0.7;0.7
1.62003;-1.20119;2.01677;-0.011701;-0.670417;0.7;0.7
1.58108;-1.09536;1.92345;-0.0321427;-1.84164;0.7;0.7
1.47092;-1.16837;1.87848;0.0653929;3.74674;0.7;0.7
1.70876;-1.38251;2.198;0.00898431;0.514763;0.7;0.7
1.75644;-1.39361;2.24215;-0.00952622;-0.545812;0.7;0.7
1.74232;-1.22098;2.12755;-0.0594739;-3.40761;0.7;0.7
1.78418;-1.16408;2.13035;-0.0331543;-1.8996;0.7;0.7
1.55739;-1.05021;1.87841;0.0152034;0.871091;0.7;0.7
1.65829;-1.11779;1.99984;-0.00019091;-0.0109383;0.7;0.7
1.66046;-0.990142;1.93326;-0.0554073;-3.17461;0.7;0.7
1.72157;-1.02402;2.00311;-0.00109887;-0.0629604;0.7;0.7
1.76492;-0.996368;2.02674;-0.0226616;-1.29842;0.7;0.7
1.732;-0.973259;1.98672;-0.00198466;-0.113713;0.7;0.7
1.74147;-0.989276;2.00284;0.00465697;0.266825;0.7;0.7
1.95395;-0.937245;2.1671;-0.0693613;-3.97411;0.7;0.7
1.8027;-0.862598;1.99845;-0.000946502;-0.0542306;0.7;0.7
1.93843;-0.846021;2.11501;-0.0347782;-1.99264;0.7;0.7
1.80256;-0.799826;1.97204;0.00609165;0.349026;0.7;0.7
1.92434;-0.847815;2.10282;-0.002628;-0.150574;0.7;0.7
1.92884;-0.758395;2.07258;-0.0403689;-2.31297;0.7;0.7
1.78589;-0.758345;1.94023;0.0269385;1.54346;0.7;0.7
1.83991;-0.781761;1.99911;0.000219732;0.0125897;0.7;0.7
1.783;-0.818249;1.96179;0.0284668;1.63103;0.7;0.7
1.92473;-0.790183;2.08062;-0.0406837;-2.331;0.7;0.7
1.76538;-1.03086;2.04431;0.138958;7.96172;0.7;0.7
1.72786;-1.0379;2.01562;0.0124018;0.710572;0.7;0.7
1.76019;-1.09231;2.07157;0.0144802;0.829653;0.7;0.7
1.72546;-1.02878;2.00889;-0.0177531;-1.01718;0.7;0.7
1.70542;-1.04362;1.9994;0.0115088;0.659407;0.7;0.7
1.95426;-0.789527;2.10772;-0.165204;-9.46549;0.7;0.7
1.91622;-0.788294;2.07203;0.00632557;0.362429;0.7;0.7
1.74676;-0.581493;1.84101;-0.0689202;-3.94884;0.7;0.7
