#1 AntVel X	#2 AntVel Y	#3 Speed	#4 Turning Angle Rad		#5 Turning Angle Deg	#6 Detected Phero Left	#7 Detected Phero Right	
-1.37033;-1.44917;1.99446;0.00200042;0.114615;0.7;0.7
-1.13004;-1.36634;1.7731;-0.0664185;-3.8055;0.7;0.7
-1.3488;-1.3358;1.89832;0.0992162;5.68467;0.7;0.7
-1.26444;-1.42946;1.90844;-0.0660209;-3.78272;0.7;0.7
-1.49967;-1.61738;2.20566;0.0234325;1.34258;0.7;0.7
-1.34522;-1.64076;2.12173;-0.0609097;-3.48987;0.7;0.7
-1.25819;-1.59157;2.02883;-0.0177975;-1.01972;0.7;0.7
-1.33671;-1.62779;2.1063;0.0185819;1.06466;0.7;0.7
-1.3294;-1.44414;1.96287;0.0565254;3.23867;0.7;0.7
-1.47063;-1.30589;1.96675;0.10061;5.76452;0.7;0.7
-1.56439;-1.31268;2.04216;0.0280012;1.60435;0.7;0.7
-1.45797;-1.17715;1.87386;0.0189043;1.08313;0.7;0.7
-1.55978;-1.26069;2.00555;-0.000520229;-0.029807;0.7;0.7
-1.46675;-1.19645;1.89284;-0.00450168;-0.257927;0.7;0.7
-1.55609;-1.1985;1.96413;0.0279449;1.60112;0.7;0.7
-1.55305;-0.967987;1.83001;0.0989431;5.66902;0.7;0.7
-1.80267;-1.14362;2.13483;-0.00796774;-0.456518;0.7;0.7
-1.68889;-1.06974;1.99917;0.000715381;0.0409883;0.7;0.7
-1.62296;-1.10084;1.96108;-0.0313923;-1.79865;0.7;0.7
-1.64508;-1.13447;1.99833;-0.00771474;-0.442022;0.7;0.7
-1.6348;-1.14375;1.99518;-0.00675556;-0.387065;0.7;0.7
-1.73002;-1.00601;2.00125;0.0837735;4.79987;0.7;0.7
-1.76186;-1.00132;2.02652;0.00989586;0.566991;0.7;0.7
-1.78151;-1.00907;2.04744;0.00145189;0.0831872;0.7;0.7
-1.69872;-0.889439;1.91748;0.0330128;1.89149;0.7;0.7
-1.79555;-0.938893;2.02621;0.000544549;0.0312004;0.7;0.7
-1.84106;-0.975206;2.0834;-0.00532277;-0.304972;0.7;0.7
-1.84632;-1.06291;2.13042;-0.0352305;-2.01856;0.7;0.7
-1.59876;-1.24624;2.0271;-0.139766;-8.00798;0.7;0.7
-1.54485;-1.22271;1.97018;-0.00740262;-0.424139;0.7;0.7
-1.43974;-1.28136;1.92737;-0.0577398;-3.30825;0.7;0.7
-1.74201;-1.07061;2.0447;0.176188;10.0948;0.7;0.7
-1.63272;-1.20269;2.02787;-0.0838051;-4.80168;0.7;0.7
-1.60237;-1.19019;1.99603;-0.00398061;-0.228072;0.7;0.7
-1.54348;-1.16921;1.93633;-0.00943364;-0.540508;0.7;0.7
-1.6012;-1.21941;2.01266;-0.0025669;-0.147073;0.7;0.7
-1.59349;-1.27368;2.03997;-0.0234546;-1.34385;0.7;0.7
-1.54407;-1.33331;2.04006;-0.0379674;-2.17537;0.7;0.7
-1.54345;-1.52422;2.16921;-0.0668492;-3.83018;0.7;0.7
-1.46236;-1.28942;1.94964;0.056494;3.23686;0.7;0.7
-1.55208;-1.2094;1.96764;0.0607023;3.47798;0.7;0.7
-1.52815;-1.2563;1.97826;-0.026138;-1.4976;0.7;0.7
-1.54932;-1.31643;2.03308;-0.0162385;-0.930399;0.7;0.7
-1.45828;-1.2877;1.94545;-0.0190468;-1.0913;0.7;0.7
-1.38447;-1.40931;1.97558;-0.0709294;-4.06395;0.7;0.7
-1.34965;-1.43386;1.96914;-0.021356;-1.22361;0.7;0.7
-1.33631;-1.44715;1.96977;-0.00955507;-0.547465;0.7;0.7
-1.34003;-1.52406;2.02939;-0.0243645;-1.39598;0.7;0.7
-1.32866;-1.50799;2.00982;0.00103005;0.0590174;0.7;0.7
-1.31056;-1.3367;1.87199;0.053263;3.05175;0.7;0.7
-1.43905;-1.44525;2.03951;0.00772214;0.442446;0.7;0.7
-1.44635;-1.40758;2.01822;0.0157332;0.901444;0.7;0.7
-1.41654;-1.45399;2.02994;-0.0266313;-1.52586;0.7;0.7
-1.41774;-1.4863;2.05404;-0.0105581;-0.604933;0.7;0.7
-1.35758;-1.42682;1.96948;-0.00125551;-0.0719356;0.7;0.7
-1.19708;-1.48913;1.91063;-0.0834347;-4.78045;0.7;0.7
-1.25472;-1.56059;2.00244;7.65511e-05;0.00438605;0.7;0.7
-1.205;-1.55477;1.96707;-0.0178468;-1.02254;0.7;0.7
-1.22992;-1.75375;2.14204;-0.0477258;-2.73449;0.7;0.7
-1.14754;-1.64602;2.00655;-0.00278947;-0.159825;0.7;0.7
-1.13755;-1.65544;2.00861;-0.00675965;-0.387299;0.7;0.7
-1.14063;-1.54639;1.92155;0.0334645;1.91738;0.7;0.7
-1.17397;-1.61297;1.99496;-0.00635952;-0.364374;0.7;0.7
-0.999551;-1.69041;1.96382;-0.0951593;-5.45223;0.7;0.7
-1.03658;-1.88605;2.15214;-0.0314651;-1.80282;0.7;0.7
-0.99978;-1.63006;1.91224;0.047633;2.72917;0.7;0.7
-1.08689;-1.68646;2.00636;0.022317;1.27867;0.7;0.7
-0.925798;-1.64675;1.88915;-0.0603288;-3.45658;0.7;0.7
-1.06915;-1.76436;2.06302;0.0326404;1.87016;0.7;0.7
-1.03476;-1.74494;2.02868;-0.00953612;-0.546379;0.7;0.7
-1.03192;-1.72042;2.00616;0.00501417;0.287291;0.7;0.7
-0.964202;-1.75342;2.00104;-0.0375138;-2.14938;0.7;0.7
-1.03033;-1.8257;2.09637;0.0110267;0.631783;0.7;0.7
-1.16772;-1.62477;2.00086;0.109377;6.26686;0.7;0.7
-1.12063;-1.7126;2.04666;-0.0437438;-2.50633;0.7;0.7
-1.02764;-1.45923;1.78477;0.034139;1.95602;0.7;0.7
-1.08402;-1.65196;1.97587;-0.0328412;-1.88166;0.7;0.7
-1.10523;-1.73295;2.0554;-0.012988;-0.744157;0.7;0.7
-1.29518;-1.68358;2.12413;0.0880084;5.04251;0.7;0.7
-1.21924;-1.58525;1.9999;-0.000118329;-0.00677977;0.7;0.7
-1.33706;-1.63281;2.1104;0.030516;1.74844;0.7;0.7
-1.28683;-1.6134;2.06373;-0.0128723;-0.737528;0.7;0.7
-1.21299;-1.54112;1.96122;-0.00645058;-0.369591;0.7;0.7
-1.21737;-1.55445;1.97441;-0.00243479;-0.139503;0.7;0.7
-1.12138;-1.28422;1.70491;0.0534262;3.06109;0.7;0.7
-1.34782;-1.53963;2.04624;0.00125731;0.0720385;0.7;0.7
-1.33607;-1.33927;1.89175;0.0651388;3.73218;0.7;0.7
-1.44576;-1.40579;2.01655;0.0152097;0.871452;0.7;0.7
-1.43613;-1.39669;2.00331;-9.46431e-05;-0.00542265;0.7;0.7
-1.44436;-1.35191;1.97835;0.0191293;1.09603;0.7;0.7
-1.33311;-1.45075;1.97024;-0.0752846;-4.31349;0.7;0.7
-1.35604;-1.47374;2.00269;0.000665769;0.0381458;0.7;0.7
-1.33324;-1.47009;1.98462;-0.0072095;-0.413074;0.7;0.7
-1.27625;-1.49945;1.96905;-0.031462;-1.80264;0.7;0.7
-1.30648;-1.47584;1.97104;0.0194466;1.11421;0.7;0.7
-1.34869;-1.46501;1.99129;0.0194739;1.11577;0.7;0.7
-1.53024;-1.48744;2.13403;0.055503;3.18009;0.7;0.7
-1.4405;-1.39363;2.0043;0.00235318;0.134827;0.7;0.7
-1.25206;-1.56613;2.0051;-0.127521;-7.30639;0.7;0.7
-1.13773;-1.54562;1.91921;-0.0398713;-2.28446;0.7;0.7
-1.13447;-1.61429;1.97305;-0.0219603;-1.25823;0.7;0.7
-0.889578;-1.70965;1.92724;-0.132807;-7.60926;0.7;0.7
-0.899761;-1.76726;1.98313;-0.00885446;-0.507323;0.7;0.7
-0.851892;-1.68898;1.89166;-0.00377504;-0.216294;0.7;0.7
-0.713811;-1.90755;2.03673;-0.109075;-6.24956;0.7;0.7
-0.773465;-1.94908;2.09694;0.0197053;1.12903;0.7;0.7
-0.751739;-1.86419;2.01006;0.00552975;0.316831;0.7;0.7
-0.951751;-1.80528;2.0408;0.101867;5.83654;0.7;0.7
-0.803303;-1.74695;1.9228;-0.0541743;-3.10396;0.7;0.7
-0.927805;-1.80781;2.03199;0.0431684;2.47337;0.7;0.7
-1.08555;-1.7954;2.09806;0.0696513;3.99073;0.7;0.7
-0.778254;-1.67004;1.84248;-0.107733;-6.17262;0.7;0.7
-0.740247;-1.97109;2.10551;-0.0768322;-4.40216;0.7;0.7
-0.671157;-1.77235;1.89517;0.00274108;0.157052;0.7;0.7
-0.699064;-1.89093;2.01601;-0.00788537;-0.451798;0.7;0.7
-0.490057;-1.80643;1.87172;-0.0892008;-5.11083;0.7;0.7
-0.6883;-1.90118;2.02194;0.0824491;4.72398;0.7;0.7
-0.448844;-1.85322;1.9068;-0.109737;-6.28749;0.7;0.7
-0.470953;-1.94393;2.00017;6.74016e-05;0.00386183;0.7;0.7
-0.491034;-1.93929;2.00049;0.0103021;0.590265;0.7;0.7
-0.57759;-1.62559;1.72515;0.0934077;5.35187;0.7;0.7
-0.621139;-1.94491;2.04169;-0.0322697;-1.84892;0.7;0.7
-0.753559;-1.8351;1.98379;0.0805139;4.61311;0.7;0.7
-0.749294;-1.92069;2.06167;-0.0176838;-1.01321;0.7;0.7
-0.734358;-1.86311;2.00261;0.00350167;0.200631;0.7;0.7
-0.896819;-2.02286;2.21275;0.0418429;2.39742;0.7;0.7
-0.823581;-1.77794;1.95943;0.0164909;0.944859;0.7;0.7
-0.829462;-2.07695;2.23645;-0.0538342;-3.08448;0.7;0.7
-0.700256;-1.86969;1.99652;-0.0216;-1.23759;0.7;0.7
-0.719543;-1.77778;1.91788;0.0262275;1.50272;0.7;0.7
-0.989602;-2.01219;2.24237;0.0724827;4.15295;0.7;0.7
-0.819541;-1.74499;1.92786;-0.0179932;-1.03094;0.7;0.7
-0.969522;-1.74513;1.99636;0.0680237;3.89747;0.7;0.7
-1.02536;-1.74277;2.02203;0.0247089;1.41572;0.7;0.7
-0.980756;-1.82866;2.07506;-0.0395254;-2.26464;0.7;0.7
-0.837915;-1.90665;2.08265;-0.0782216;-4.48176;0.7;0.7
-0.657141;-1.86642;1.97872;-0.0755291;-4.3275;0.7;0.7
-0.663799;-1.88555;1.99898;-3.70738e-05;-0.00212417;0.7;0.7
-0.686635;-1.66764;1.80346;0.0520913;2.98461;0.7;0.7
-0.659338;-1.7256;1.84728;-0.0256144;-1.4676;0.7;0.7
-0.638614;-2.02526;2.12356;-0.0595172;-3.41008;0.7;0.7
-0.601776;-1.90919;2.00179;-0.000113576;-0.00650745;0.7;0.7
-0.519875;-1.81316;1.88621;-0.0261092;-1.49595;0.7;0.7
-0.453768;-1.88253;1.93645;-0.0427037;-2.44674;0.7;0.7
-0.325073;-1.93789;1.96497;-0.0703308;-4.02966;0.7;0.7
-0.343467;-1.96728;1.99704;0.00664932;0.380978;0.7;0.7
-0.333023;-1.96237;1.99043;-0.00474462;-0.271846;0.7;0.7
-0.367867;-1.96976;2.00382;0.0165271;0.946931;0.7;0.7
-0.37104;-2.04075;2.0742;-0.00477885;-0.273808;0.7;0.7
-0.336479;-1.9476;1.97645;-0.00877415;-0.502722;0.7;0.7
-0.262411;-1.91585;1.93374;-0.034956;-2.00283;0.7;0.7
-0.235021;-2.03966;2.05315;-0.0214014;-1.22621;0.7;0.7
-0.155816;-1.88374;1.89017;-0.0321915;-1.84444;0.7;0.7
-0.433455;-1.80004;1.85149;0.153776;8.8107;0.7;0.7
-0.452828;-1.95588;2.00762;-0.00879175;-0.50373;0.7;0.7
-0.644992;-1.74529;1.86066;0.126482;7.24687;0.7;0.7
-0.834374;-1.71296;1.90536;0.0992762;5.68811;0.7;0.7
-0.997947;-1.98004;2.21731;0.0135753;0.777805;0.7;0.7
-0.776455;-1.73387;1.89978;-0.0458084;-2.62463;0.7;0.7
-0.577592;-1.9413;2.02541;-0.13185;-7.55444;0.7;0.7
-0.575707;-1.94978;2.033;-0.00207746;-0.11903;0.7;0.7
-0.577993;-1.93305;2.01762;0.00343413;0.196761;0.7;0.7
-0.559951;-1.99662;2.07365;-0.0171181;-0.980797;0.7;0.7
-0.439344;-1.89136;1.94172;-0.0451833;-2.58881;0.7;0.7
-0.451767;-1.95706;2.00853;-0.00137725;-0.0789105;0.7;0.7
-0.452398;-1.85402;1.90842;0.0124665;0.714278;0.7;0.7
-0.365863;-2.2589;2.28834;-0.0787613;-4.51269;0.7;0.7
-0.309879;-2.13091;2.15333;-0.0161622;-0.926023;0.7;0.7
-0.415203;-2.27273;2.31035;0.0362881;2.07915;0.7;0.7
-0.306109;-1.9404;1.96439;-0.0242297;-1.38826;0.7;0.7
-0.410348;-1.93454;1.97758;0.0525521;3.01101;0.7;0.7
-0.565152;-2.04069;2.1175;0.0611523;3.50377;0.7;0.7
-0.361137;-1.88142;1.91577;-0.0805287;-4.61396;0.7;0.7
-0.221017;-2.13357;2.14499;-0.0864205;-4.95153;0.7;0.7
-0.152599;-2.18756;2.19288;-0.0335772;-1.92383;0.7;0.7
-0.0762129;-1.99271;1.99417;-0.0314175;-1.80009;0.7;0.7
-0.121707;-2.13079;2.13427;0.0188291;1.07883;0.7;0.7
-0.0860758;-1.94679;1.94869;-0.0128707;-0.737439;0.7;0.7
-0.190503;-1.97613;1.98529;0.0519198;2.97479;0.7;0.7
-0.180242;-2.00247;2.01056;-0.00633744;-0.363108;0.7;0.7
-0.222726;-1.9454;1.95811;0.0242244;1.38795;0.7;0.7
-0.18737;-1.91073;1.9199;-0.0162429;-0.930648;0.7;0.7
-0.264518;-1.9633;1.98104;0.0361751;2.07268;0.7;0.7
-0.476182;-2.1156;2.16853;0.087467;5.01149;0.7;0.7
-0.219461;-1.91607;1.9286;-0.107352;-6.15079;0.7;0.7
-0.00199143;-2.03058;2.03058;-0.113059;-6.47782;0.7;0.7
-0.0359188;-1.89452;1.89486;0.0179763;1.02997;0.7;0.7
0.15724;-2.00632;2.01248;-0.0971692;-5.56738;0.7;0.7
0.255715;-2.06439;2.08017;-0.0450295;-2.58;0.7;0.7
0.317771;-1.99797;2.02309;-0.0344837;-1.97577;0.7;0.7
0.463591;-1.83036;1.88816;-0.0903364;-5.1759;0.7;0.7
0.419907;-1.91615;1.96162;0.0323314;1.85245;0.7;0.7
0.412915;-1.95061;1.99383;0.00712437;0.408196;0.7;0.7
0.397001;-2.02278;2.06137;0.0148041;0.848213;0.7;0.7
0.496669;-2.00178;2.06248;-0.0494004;-2.83044;0.7;0.7
0.460384;-1.92511;1.9794;0.00846476;0.484995;0.7;0.7
0.48854;-1.94262;2.00311;-0.0116379;-0.666802;0.7;0.7
0.436943;-2.01262;2.0595;0.0325909;1.86732;0.7;0.7
0.408674;-1.91801;1.96106;0.00385151;0.220675;0.7;0.7
0.381761;-1.92939;1.96679;0.0145901;0.835951;0.7;0.7
0.406285;-1.78641;1.83203;-0.0282844;-1.62058;0.7;0.7
0.440896;-2.13196;2.17707;0.0196991;1.12867;0.7;0.7
0.356625;-1.97996;2.01182;0.0257217;1.47375;0.7;0.7
0.4209;-2.02567;2.06893;-0.0266619;-1.52762;0.7;0.7
0.546053;-1.85142;1.93026;-0.0819376;-4.69468;0.7;0.7
0.672878;-1.95011;2.06293;-0.0454493;-2.60405;0.7;0.7
0.576217;-1.65701;1.75434;-0.00240914;-0.138033;0.7;0.7
0.673633;-1.79871;1.92071;-0.0236763;-1.35655;0.7;0.7
0.715646;-1.78169;1.92004;-0.0236025;-1.35232;0.7;0.7
0.660304;-1.91872;2.02916;0.0505007;2.89348;0.7;0.7
0.650285;-1.89102;1.9997;0.000228965;0.0131187;0.7;0.7
0.658936;-1.88379;1.99571;-0.00527588;-0.302286;0.7;0.7
0.64325;-1.89908;2.00506;0.00990226;0.567358;0.7;0.7
0.72857;-2.12051;2.24218;-0.00435958;-0.249786;0.7;0.7
0.596996;-2.04807;2.1333;0.0473131;2.71084;0.7;0.7
0.506132;-1.76159;1.83286;0.0038549;0.22087;0.7;0.7
0.540939;-1.95065;2.02426;0.00926425;0.530802;0.7;0.7
0.523919;-1.95892;2.02777;0.00917866;0.525898;0.7;0.7
0.51713;-1.97071;2.03743;0.00471286;0.270027;0.7;0.7
0.510323;-1.97237;2.03732;0.00343997;0.197096;0.7;0.7
0.503499;-1.91551;1.98058;-0.00385651;-0.220962;0.7;0.7
0.701975;-1.9391;2.06225;-0.0902956;-5.17356;0.7;0.7
0.460468;-2.02695;2.07859;0.123953;7.10198;0.7;0.7
0.375047;-1.88345;1.92043;0.0268254;1.53698;0.7;0.7
0.297469;-1.94215;1.9648;0.044573;2.55385;0.7;0.7
0.353947;-1.98346;2.01479;-0.024607;-1.40988;0.7;0.7
0.296706;-1.94077;1.96332;0.0248846;1.42578;0.7;0.7
0.260707;-2.00333;2.02022;0.0222963;1.27748;0.7;0.7
0.199848;-1.9367;1.94699;0.0265843;1.52317;0.7;0.7
0.349891;-1.92195;1.95354;-0.0772523;-4.42623;0.7;0.7
0.543581;-1.72457;1.80821;-0.125263;-7.17706;0.7;0.7
0.58174;-1.92663;2.01254;0.012099;0.693223;0.7;0.7
0.532398;-1.88885;1.96245;0.0185063;1.06033;0.7;0.7
0.49784;-1.88791;1.95245;0.0169064;0.968668;0.7;0.7
0.463768;-1.85664;1.91368;0.0130491;0.747661;0.7;0.7
0.417425;-1.91102;1.95608;0.0297273;1.70325;0.7;0.7
0.52208;-1.97825;2.04598;-0.0429739;-2.46222;0.7;0.7
0.436701;-1.83163;1.88297;0.0239745;1.37363;0.7;0.7
0.403093;-2.01506;2.05499;0.0366184;2.09808;0.7;0.7
0.512489;-1.92643;1.99343;-0.0625742;-3.58524;0.7;0.7
0.424918;-1.93173;1.97792;0.0434893;2.49175;0.7;0.7
0.489499;-1.96707;2.02706;-0.0273742;-1.56843;0.7;0.7
0.391251;-1.88716;1.92729;0.0394665;2.26126;0.7;0.7
0.430821;-2.08425;2.12831;0.000593668;0.0340147;0.7;0.7
0.394732;-1.94637;1.98599;0.00374199;0.2144;0.7;0.7
0.275548;-2.08586;2.10398;0.0687489;3.93902;0.7;0.7
0.257514;-1.96148;1.97831;0.000803048;0.0460113;0.7;0.7
0.113754;-1.95021;1.95352;0.0722759;4.1411;0.7;0.7
0.0809017;-1.94644;1.94812;0.0167231;0.95816;0.7;0.7
0.0324417;-1.99931;1.99957;0.025315;1.45044;0.7;0.7
-0.000107102;-2.02871;2.02871;0.0162779;0.932653;0.7;0.7
-0.0539944;-2.19353;2.19419;0.0245575;1.40704;0.7;0.7
-0.275039;-2.00903;2.02777;0.111445;6.38535;0.7;0.7
-0.198622;-1.94546;1.95557;-0.0343132;-1.966;0.7;0.7
-0.15478;-1.75414;1.76096;-0.0137336;-0.78688;0.7;0.7
-0.197384;-1.91193;1.92209;0.014865;0.851704;0.7;0.7
-0.211317;-1.99455;2.00571;0.00267925;0.15351;0.7;0.7
-0.317723;-2.03662;2.06126;0.0492039;2.81918;0.7;0.7
-0.268993;-1.97964;1.99783;-0.0197047;-1.129;0.7;0.7
-0.609729;-1.96863;2.06089;0.1653;9.47097;0.7;0.7
-0.69296;-1.91395;2.03553;0.047024;2.69428;0.7;0.7
-0.854641;-2.09757;2.26499;0.039531;2.26496;0.7;0.7
-0.768146;-1.88445;2.035;0.000153583;0.00879966;0.7;0.7
-0.878214;-1.88297;2.0777;0.0493453;2.82728;0.7;0.7
-0.897185;-1.73325;1.95169;0.0412483;2.36335;0.7;0.7
-0.826039;-1.83543;2.01275;-0.0547572;-3.13736;0.7;0.7
-0.785214;-1.85235;2.01191;-0.0219578;-1.25809;0.7;0.7
-0.975554;-1.84254;2.08487;0.0859985;4.92735;0.7;0.7
-0.906328;-1.74779;1.9688;-0.00855428;-0.490124;0.7;0.7
-0.893443;-1.74441;1.9599;-0.00504336;-0.288963;0.7;0.7
-0.927948;-1.79896;2.02419;0.00288618;0.165366;0.7;0.7
-0.959144;-1.75299;1.99824;0.024423;1.39933;0.7;0.7
-0.919299;-1.80752;2.02786;-0.0301473;-1.72731;0.7;0.7
-1.0064;-1.87218;2.12553;0.0227372;1.30274;0.7;0.7
-0.853013;-1.7542;1.9506;-0.0406354;-2.32824;0.7;0.7
-0.640064;-1.81951;1.92881;-0.114346;-6.55152;0.7;0.7
-0.64156;-2.05236;2.1503;-0.0352859;-2.02173;0.7;0.7
-0.599608;-1.83497;1.93045;0.0128568;0.73664;0.7;0.7
-0.587264;-2.15176;2.23046;-0.0493955;-2.83015;0.7;0.7
-0.412086;-1.92897;1.9725;-0.0559675;-3.2067;0.7;0.7
-0.347496;-1.90443;1.93587;-0.0299843;-1.71797;0.7;0.7
-0.34315;-1.98435;2.0138;-0.0092469;-0.529808;0.7;0.7
-0.27163;-1.85287;1.87268;-0.0256727;-1.47094;0.7;0.7
-0.232183;-2.33089;2.34243;-0.0462787;-2.65158;0.7;0.7
-0.243108;-1.97247;1.98739;0.0233488;1.33779;0.7;0.7
-0.379012;-1.79319;1.8328;0.0856642;4.9082;0.7;0.7
-0.492166;-2.00977;2.06916;0.0318636;1.82565;0.7;0.7
-0.516022;-1.93999;2.00744;0.0198127;1.13519;0.7;0.7
-0.425612;-1.89466;1.94187;-0.039003;-2.23471;0.7;0.7
-0.530025;-1.92558;1.99719;0.0476333;2.72919;0.7;0.7
-0.530389;-1.93025;2.00179;-0.00044339;-0.0254044;0.7;0.7
-0.508162;-1.95103;2.01612;-0.0133624;-0.765608;0.7;0.7
-0.586583;-1.90835;1.99647;0.043413;2.48738;0.7;0.7
-0.470639;-1.95553;2.01137;-0.0620314;-3.55414;0.7;0.7
-0.392825;-2.13827;2.17405;-0.0544933;-3.12224;0.7;0.7
-0.357313;-1.95492;1.98731;-0.00090475;-0.0518384;0.7;0.7
-0.404785;-2.00268;2.04318;0.0186542;1.06881;0.7;0.7
-0.326918;-1.80725;1.83658;-0.0204784;-1.17332;0.7;0.7
-0.398038;-1.93032;1.97093;0.0243962;1.3978;0.7;0.7
-0.392308;-1.98153;2.01999;-0.0078979;-0.452516;0.7;0.7
-0.362158;-2.11462;2.14541;-0.0258367;-1.48033;0.7;0.7
-0.191318;-1.8744;1.88414;-0.0679019;-3.89049;0.7;0.7
-0.310006;-2.08009;2.10306;0.0462296;2.64876;0.7;0.7
-0.329802;-2.02897;2.0556;0.0131909;0.755781;0.7;0.7
-0.434956;-1.75027;1.8035;0.0824368;4.72328;0.7;0.7
-0.510881;-1.92648;1.99307;0.0156488;0.896608;0.7;0.7
-0.2492;-2.02661;2.04187;-0.136873;-7.84223;0.7;0.7
-0.304927;-1.98139;2.00471;0.0303478;1.7388;0.7;0.7
-0.241993;-1.93727;1.95233;-0.0284271;-1.62875;0.7;0.7
-0.506783;-1.96932;2.03348;0.127604;7.31117;0.7;0.7
-0.503624;-2.08512;2.14508;-0.0148815;-0.852646;0.7;0.7
-0.27524;-1.85565;1.87596;-0.0897419;-5.14183;0.7;0.7
-0.464663;-2.07707;2.12841;0.0728358;4.17318;0.7;0.7
-0.420777;-1.89563;1.94177;-0.00165663;-0.0949177;0.7;0.7
-0.267781;-1.86009;1.87927;-0.0754516;-4.32306;0.7;0.7
-0.447927;-2.00623;2.05562;0.0766868;4.39383;0.7;0.7
-0.296176;-1.99453;2.0164;-0.0722488;-4.13955;0.7;0.7
-0.242227;-1.98066;1.99542;-0.0257252;-1.47395;0.7;0.7
-0.572257;-2.02053;2.1;0.154301;8.84082;0.7;0.7
-0.517826;-1.96877;2.03573;-0.0187978;-1.07703;0.7;0.7
-0.496563;-1.88846;1.95265;-6.94856e-05;-0.00398123;0.7;0.7
-0.517873;-1.93955;2.00749;0.00379466;0.217418;0.7;0.7
-0.624483;-2.00148;2.09664;0.0415188;2.37885;0.7;0.7
-0.662275;-1.91166;2.02312;0.0310611;1.77967;0.7;0.7
-0.54156;-1.82073;1.89956;-0.0443926;-2.54351;0.7;0.7
-0.615629;-1.95355;2.04826;0.0161739;0.926698;0.7;0.7
-0.601265;-1.70098;1.80412;0.0344919;1.97624;0.7;0.7
-0.511048;-2.12744;2.18796;-0.104024;-5.96012;0.7;0.7
-0.524333;-1.88473;1.9563;0.0355898;2.03915;0.7;0.7
-0.59704;-1.94331;2.03296;0.0267349;1.5318;0.7;0.7
-0.546413;-2.02218;2.0947;-0.0341673;-1.95764;0.7;0.7
-0.611519;-2.01244;2.1033;0.031096;1.78167;0.7;0.7
-0.510662;-1.72812;1.80199;-0.00767788;-0.43991;0.7;0.7
-0.510015;-1.96331;2.02847;-0.0331697;-1.90048;0.7;0.7
-0.418297;-1.73494;1.78465;-0.0175691;-1.00664;0.7;0.7
-0.569021;-2.00139;2.08071;0.0404168;2.31571;0.7;0.7
-0.476204;-1.92505;1.98308;-0.0345001;-1.97671;0.7;0.7
-0.525794;-1.90244;1.97376;0.0271448;1.55528;0.7;0.7
-0.577394;-1.9112;1.99651;0.0237443;1.36045;0.7;0.7
-0.544495;-1.8688;1.94651;-0.00988031;-0.5661;0.7;0.7
-0.286567;-1.90318;1.92463;-0.134063;-7.68122;0.7;0.7
-0.127727;-2.09632;2.10021;-0.0885957;-5.07616;0.7;0.7
0.065823;-1.98056;1.98166;-0.0940763;-5.39017;0.7;0.7
0.0697027;-2.00197;2.00318;-0.0015808;-0.0905731;0.7;0.7
0.0704363;-2.08861;2.0898;0.00109191;0.0625621;0.7;0.7
0.0103283;-1.88666;1.88669;0.0282368;1.61785;0.7;0.7
0.165453;-2.1165;2.12295;-0.0725401;-4.15624;0.7;0.7
0.143367;-1.96796;1.97317;0.00529243;0.303234;0.7;0.7
-0.269812;-2.23453;2.25076;0.192887;11.0516;0.7;0.7
-0.245963;-2.02779;2.04265;0.000541113;0.0310035;0.7;0.7
-0.165982;-2.05755;2.06424;-0.0402108;-2.30391;0.7;0.7
-0.180011;-2.30543;2.31245;-0.00257206;-0.147368;0.7;0.7
-0.0953502;-1.94603;1.94837;-0.0289653;-1.65959;0.7;0.7
-0.03449;-2.20467;2.20494;-0.0333152;-1.90882;0.7;0.7
0.141167;-1.99842;2.0034;-0.086165;-4.93689;0.7;0.7
0.058262;-2.16901;2.1698;0.0436676;2.50197;0.7;0.7
0.0718807;-2.02684;2.02811;-0.00859496;-0.492455;0.7;0.7
0.095011;-1.90856;1.91092;-0.0142909;-0.818809;0.7;0.7
-0.110787;-2.10147;2.10439;0.10241;5.86768;0.7;0.7
-0.0410775;-2.21071;2.21109;-0.0340909;-1.95326;0.7;0.7
-0.0590354;-2.08652;2.08735;0.00970715;0.556178;0.7;0.7
-0.105414;-1.816;1.81906;0.0296962;1.70147;0.7;0.7
-0.0976;-2.02874;2.03108;-0.00991065;-0.567839;0.7;0.7
-0.062675;-2.20845;2.20934;-0.0196997;-1.12871;0.7;0.7
0.0551326;-1.83336;1.83419;-0.0584348;-3.34807;0.7;0.7
-0.0116174;-2.01885;2.01888;0.0358172;2.05217;0.7;0.7
-0.0380272;-1.98507;1.98543;0.0133999;0.767757;0.7;0.7
-0.0406546;-2.05451;2.05491;0.000631063;0.0361572;0.7;0.7
-0.0402069;-1.99735;1.99775;0.000342006;0.0195955;0.7;0.7
-0.0431325;-2.05513;2.05558;0.000857287;0.0491189;0.7;0.7
-0.0642845;-2.02447;2.02549;0.0107584;0.616412;0.7;0.7
-0.0847972;-1.99969;2.00149;0.0106366;0.609434;0.7;0.7
-0.344475;-1.9943;2.02383;0.128663;7.37182;0.7;0.7
-0.107289;-1.88156;1.88461;-0.114082;-6.53645;0.7;0.7
-0.262351;-2.01018;2.02723;0.0728176;4.17214;0.7;0.7
-0.355383;-1.77842;1.81358;0.0674554;3.86491;0.7;0.7
-0.221581;-1.88117;1.89417;-0.079984;-4.58274;0.7;0.7
-0.219579;-1.98872;2.00081;-0.00728214;-0.417236;0.7;0.7
-0.216216;-1.98688;1.99861;-0.00157131;-0.0900296;0.7;0.7
-0.242795;-1.99043;2.00518;0.0129863;0.744059;0.7;0.7
-0.227765;-1.99976;2.01269;-0.00797397;-0.456875;0.7;0.7
-0.260846;-2.00519;2.02209;0.0159512;0.913938;0.7;0.7
-0.212158;-1.98918;2.00046;-0.0231045;-1.32379;0.7;0.7
-0.158461;-1.9357;1.94218;-0.024574;-1.40799;0.7;0.7
-0.274648;-1.97989;1.99885;0.0561585;3.21765;0.7;0.7
-0.235319;-1.98941;2.00328;-0.0201;-1.15164;0.7;0.7
-0.239916;-1.94118;1.95595;0.00523026;0.299672;0.7;0.7
-0.285477;-2.04508;2.06491;0.0157269;0.901084;0.7;0.7
-0.227901;-1.59831;1.61448;0.0029376;0.168312;0.7;0.7
-0.185866;-2.37287;2.38014;-0.0634637;-3.6362;0.7;0.7
-0.41134;-2.00574;2.04748;0.124107;7.11081;0.7;0.7
-0.469543;-1.94458;2.00046;0.0346508;1.98534;0.7;0.7
-0.514132;-1.93965;2.00663;0.022178;1.2707;0.7;0.7
-0.401151;-2.14136;2.17861;-0.0739173;-4.23515;0.7;0.7
-0.318746;-2.05703;2.08158;-0.0314567;-1.80234;0.7;0.7
-0.262733;-2.00732;2.02444;-0.0235838;-1.35125;0.7;0.7
-0.326448;-2.21231;2.23627;0.0163545;0.937041;0.7;0.7
-0.32153;-2.00123;2.0269;0.0128019;0.733495;0.7;0.7
-0.180398;-1.79961;1.80863;-0.0593952;-3.4031;0.7;0.7
-0.01302;-2.16028;2.16032;-0.0938821;-5.37905;0.7;0.7
-0.0152341;-2.04247;2.04252;0.00143163;0.0820261;0.7;0.7
-0.119839;-2.11224;2.11563;0.0492164;2.81989;0.7;0.7
-0.105227;-1.93483;1.93769;-0.00234298;-0.134243;0.7;0.7
0.0782795;-2.08546;2.08693;-0.0918502;-5.26263;0.7;0.7
-0.0305465;-2.09288;2.09311;0.0521126;2.98583;0.7;0.7
-0.262149;-2.25777;2.27294;0.100998;5.78674;0.7;0.7
-0.296037;-1.96609;1.98825;0.0338568;1.93985;0.7;0.7
-0.297616;-1.97483;1.99713;0.00012973;0.00743296;0.7;0.7
-0.510793;-2.04454;2.10738;0.0952426;5.457;0.7;0.7
-0.440273;-1.90363;1.95388;-0.0175365;-1.00477;0.7;0.7
-0.426669;-1.85428;1.90273;-0.00112159;-0.0642623;0.7;0.7
-0.574831;-1.86646;1.95297;0.0725985;4.15959;0.7;0.7
-0.825141;-1.96507;2.13128;0.0987855;5.65999;0.7;0.7
-0.687754;-1.74024;1.87121;-0.0211801;-1.21353;0.7;0.7
-0.853185;-1.93884;2.11826;0.0381817;2.18765;0.7;0.7
-0.818993;-1.78224;1.96141;0.0162018;0.928297;0.7;0.7
-0.497828;-1.87164;1.93672;-0.170785;-9.78526;0.7;0.7
-0.662506;-1.96157;2.07042;0.0657491;3.76714;0.7;0.7
-0.54552;-1.77003;1.85218;-0.026753;-1.53283;0.7;0.7
-0.584068;-1.91956;2.00645;-0.0035902;-0.205703;0.7;0.7
-0.558136;-2.24805;2.3163;-0.0520159;-2.98029;0.7;0.7
-0.483084;-1.9399;1.99915;0.000705139;0.0404015;0.7;0.7
-0.417826;-2.00765;2.05067;-0.0388726;-2.22724;0.7;0.7
-0.393556;-1.97351;2.01237;-0.00835052;-0.478449;0.7;0.7
-0.390679;-1.96171;2.00024;-0.000257653;-0.0147624;0.7;0.7
-0.26961;-2.01915;2.03707;-0.0638388;-3.65769;0.7;0.7
-0.269784;-1.96448;1.98292;0.00373618;0.214067;0.7;0.7
-0.287824;-2.01455;2.03501;0.00543462;0.311381;0.7;0.7
-0.460276;-2.0138;2.06574;0.082789;4.74346;0.7;0.7
-0.398228;-2.12894;2.16586;-0.039783;-2.2794;0.7;0.7
-0.427314;-1.97883;2.02444;0.0277595;1.5905;0.7;0.7
-0.427155;-1.96113;2.00711;0.00178405;0.102219;0.7;0.7
-0.511607;-1.98081;2.04581;0.0382971;2.19426;0.7;0.7
-0.226293;-2.27162;2.28286;-0.153468;-8.7931;0.7;0.7
-0.192922;-2.11404;2.12282;-0.00828444;-0.474663;0.7;0.7
-0.534076;-2.03869;2.10749;0.165207;9.46564;0.7;0.7
-0.535052;-1.94013;2.01256;0.0128806;0.738005;0.7;0.7
-0.64963;-1.66004;1.78262;0.103921;5.95421;0.7;0.7
-0.710394;-1.88008;2.00981;-0.0117432;-0.672837;0.7;0.7
-0.581465;-1.97833;2.06201;-0.0754032;-4.32028;0.7;0.7
-0.569926;-1.91872;2.00158;0.00286606;0.164213;0.7;0.7
-0.621581;-1.94501;2.04192;0.0205856;1.17947;0.7;0.7
-0.604584;-1.92923;2.02175;-0.00563241;-0.322713;0.7;0.7
-0.745032;-1.81344;1.96052;0.0861283;4.93479;0.7;0.7
-0.749464;-2.01185;2.14691;-0.0332155;-1.90311;0.7;0.7
-0.615169;-1.95169;2.04634;-0.0512578;-2.93685;0.7;0.7
-0.654019;-1.96614;2.07207;0.0157853;0.904431;0.7;0.7
-0.696024;-2.04437;2.15961;0.00702332;0.402407;0.7;0.7
-0.659726;-1.793;1.91052;0.0244214;1.39924;0.7;0.7
-0.661285;-1.85992;1.97398;-0.0109657;-0.628291;0.7;0.7
-0.703857;-1.98991;2.11073;-0.00162727;-0.0932357;0.7;0.7
-0.523701;-1.66013;1.74077;-0.0344012;-1.97104;0.7;0.7
-0.790237;-1.88327;2.04235;0.0917181;5.25506;0.7;0.7
-0.739572;-1.95193;2.08734;-0.0351162;-2.01201;0.7;0.7
-0.729753;-1.8961;2.03168;0.00521801;0.29897;0.7;0.7
-0.659819;-1.90404;2.01513;-0.0338117;-1.93727;0.7;0.7
-0.677067;-1.89908;2.01616;0.0088897;0.509342;0.7;0.7
-0.573966;-1.65696;1.75355;-0.00901323;-0.51642;0.7;0.7
-0.615571;-1.864;1.96302;-0.0144962;-0.83057;0.7;0.7
-0.514095;-1.92926;1.99658;-0.0585436;-3.3543;0.7;0.7
-0.365367;-2.06178;2.0939;-0.0850333;-4.87205;0.7;0.7
-0.421529;-1.93259;1.97803;0.0393634;2.25536;0.7;0.7
-0.399061;-1.99237;2.03194;-0.0170731;-0.978217;0.7;0.7
-0.430505;-1.93865;1.98588;0.0208391;1.19399;0.7;0.7
-0.389881;-2.04956;2.08632;-0.0305376;-1.74968;0.7;0.7
-0.378854;-1.86082;1.89899;0.0128701;0.737402;0.7;0.7
-0.335283;-1.85445;1.88452;-0.0219839;-1.25959;0.7;0.7
-0.299022;-1.8925;1.91597;-0.0221583;-1.26958;0.7;0.7
-0.0520943;-2.1832;2.18382;-0.132851;-7.61182;0.7;0.7
-0.0442646;-2.25923;2.25967;-0.00426668;-0.244463;0.7;0.7
0.152975;-2.08094;2.08655;-0.092971;-5.32685;0.7;0.7
0.0430317;-1.96804;1.96851;0.051519;2.95182;0.7;0.7
-0.132416;-2.13582;2.13992;0.0837803;4.80026;0.7;0.7
-0.0232404;-1.92421;1.92435;-0.0498412;-2.85569;0.7;0.7
-0.00115007;-1.77733;1.77733;-0.0114302;-0.654903;0.7;0.7
0.0819007;-2.00768;2.00935;-0.0414183;-2.37309;0.7;0.7
0.192868;-1.91999;1.92965;-0.0593458;-3.40027;0.7;0.7
0.277371;-1.95699;1.97654;-0.040679;-2.33074;0.7;0.7
0.259505;-1.88073;1.89854;0.00368051;0.210878;0.7;0.7
0.230325;-1.88932;1.90331;0.0158056;0.905595;0.7;0.7
0.00265353;-2.12697;2.12697;0.120062;6.87907;0.7;0.7
-0.0212837;-1.91855;1.91867;0.0123407;0.707073;0.7;0.7
-0.111113;-1.94665;1.94982;0.0459241;2.63125;0.7;0.7
-0.149626;-1.77153;1.77784;0.027244;1.56096;0.7;0.7
-0.159323;-2.10445;2.11047;-0.00869761;-0.498336;0.7;0.7
-0.0613293;-1.9868;1.98775;-0.044705;-2.56141;0.7;0.7
-0.0387388;-1.93634;1.93673;-0.0108551;-0.62195;0.7;0.7
0.0518651;-2.02353;2.02419;-0.0456289;-2.61434;0.7;0.7
0.0921036;-1.97233;1.97448;-0.0210385;-1.20542;0.7;0.7
0.0721231;-1.87307;1.87446;0.00817761;0.468542;0.7;0.7
0.0709564;-2.06804;2.06926;0.00418881;0.240001;0.7;0.7
-0.0941476;-2.13625;2.13832;0.0783405;4.48858;0.7;0.7
-0.0996303;-2.12698;2.12931;0.00276406;0.158369;0.7;0.7
-0.210848;-1.95262;1.96397;0.0607582;3.48119;0.7;0.7
-0.109956;-2.00335;2.00637;-0.0527345;-3.02146;0.7;0.7
-0.119955;-2.03818;2.0417;0.00395524;0.226619;0.7;0.7
-0.132765;-2.00247;2.00687;0.00741745;0.424988;0.7;0.7
-0.116419;-1.65705;1.66114;0.00393762;0.225609;0.7;0.7
-0.188634;-1.99587;2.00477;0.0240913;1.38033;0.7;0.7
-0.0955576;-1.94763;1.94997;-0.0452081;-2.59023;0.7;0.7
-0.235676;-1.82334;1.83851;0.079518;4.55605;0.7;0.7
-0.260445;-1.95372;1.971;0.00398342;0.228233;0.7;0.7
-0.365614;-2.01824;2.05109;0.046686;2.67491;0.7;0.7
-0.144347;-1.92964;1.93503;-0.104545;-5.99001;0.7;0.7
-0.152134;-1.91102;1.91707;0.00477498;0.273586;0.7;0.7
-0.158916;-2.00132;2.00762;-0.000202058;-0.0115771;0.7;0.7
-0.00238902;-1.8262;1.8262;-0.0779309;-4.46511;0.7;0.7
0.0428673;-1.84652;1.84702;-0.0245191;-1.40484;0.7;0.7
0.0254532;-2.2224;2.22255;0.0117585;0.67371;0.7;0.7
-0.0168114;-2.07308;2.07314;0.0195617;1.1208;0.7;0.7
0.0579409;-1.99308;1.99392;-0.0371721;-2.1298;0.7;0.7
-0.248982;-1.98321;1.99878;0.153954;8.82093;0.7;0.7
-0.264866;-1.89401;1.91244;0.0140516;0.805099;0.7;0.7
-0.0516178;-2.0414;2.04206;-0.113663;-6.51242;0.7;0.7
-0.240232;-1.92171;1.93667;0.0990842;5.67711;0.7;0.7
-0.0252763;-2.01622;2.01637;-0.111828;-6.40729;0.7;0.7
-0.0270309;-1.96938;1.96957;0.00118887;0.0681174;0.7;0.7
0.0338173;-1.91121;1.91151;-0.0314171;-1.80007;0.7;0.7
0.0407935;-2.01227;2.01268;-0.0025773;-0.147669;0.7;0.7
0.0573897;-2.00879;2.00961;-0.00829186;-0.475089;0.7;0.7
0.060513;-1.97977;1.98069;-0.0019947;-0.114288;0.7;0.7
0.109376;-2.01063;2.0136;-0.0237891;-1.36301;0.7;0.7
0.031428;-2.08034;2.08058;0.0392393;2.24825;0.7;0.7
0.101354;-2.12755;2.12996;-0.0324968;-1.86193;0.7;0.7
0.0892975;-1.99717;1.99917;0.00292061;0.167339;0.7;0.7
0.0664777;-1.94747;1.9486;0.01056;0.605046;0.7;0.7
0.0542284;-2.11652;2.11722;0.00850631;0.487375;0.7;0.7
0.177481;-1.90747;1.91571;-0.0671624;-3.84812;0.7;0.7
0.209499;-2.06201;2.07262;-0.00847392;-0.48552;0.7;0.7
0.0907331;-2.09297;2.09494;0.057928;3.31903;0.7;0.7
0.108375;-1.97713;1.9801;-0.0114353;-0.655195;0.7;0.7
0.103633;-1.91016;1.91297;0.000558906;0.032023;0.7;0.7
-0.085698;-1.91965;1.92156;0.0988136;5.6616;0.7;0.7
-0.172993;-1.99599;2.00348;0.0418411;2.39732;0.7;0.7
-0.184766;-1.98942;1.99798;0.00615451;0.352627;0.7;0.7
-0.190156;-1.95264;1.96187;0.00446931;0.256072;0.7;0.7
-0.22016;-2.04634;2.05815;0.0100972;0.578527;0.7;0.7
-0.232253;-1.94576;1.95958;0.0116261;0.666129;0.7;0.7
-0.242875;-1.9138;1.92915;0.00743147;0.425792;0.7;0.7
-0.506113;-2.36992;2.42336;0.0841634;4.82221;0.7;0.7
-0.478672;-1.93061;1.98907;0.032641;1.87019;0.7;0.7
-0.650326;-1.97761;2.0818;0.0746674;4.27813;0.7;0.7
-0.642575;-1.89331;1.99938;0.00948892;0.543675;0.7;0.7
-0.828702;-1.76267;1.94775;0.112283;6.43336;0.7;0.7
-0.951123;-1.73988;1.98288;0.0607997;3.48356;0.7;0.7
-0.96895;-1.75463;2.00439;0.00427395;0.244879;0.7;0.7
-1.00652;-1.77654;2.04186;0.010917;0.625501;0.7;0.7
-0.871508;-1.58131;1.80556;-0.011756;-0.673567;0.7;0.7
-1.13741;-2.04507;2.34008;0.00385737;0.221011;0.7;0.7
-0.913873;-1.73824;1.96384;-0.023538;-1.34863;0.7;0.7
-0.937301;-1.74814;1.98357;0.00813189;0.465923;0.7;0.7
-0.804542;-1.7316;1.90938;-0.0572142;-3.27813;0.7;0.7
-0.855916;-1.66088;1.86845;0.040895;2.34311;0.7;0.7
-0.970249;-1.77586;2.02363;0.0241954;1.38629;0.7;0.7
-0.99131;-1.43464;1.74382;0.104607;5.99355;0.7;0.7
-1.10926;-1.63174;1.97308;-0.00760814;-0.435914;0.7;0.7
-1.16018;-1.59026;1.96849;0.0332501;1.90509;0.7;0.7
-1.13368;-1.62234;1.97919;-0.0203715;-1.1672;0.7;0.7
-1.15032;-1.51733;1.90409;0.0387613;2.22086;0.7;0.7
-1.16484;-1.55767;1.94505;-0.00658064;-0.377043;0.7;0.7
-1.21146;-1.6531;2.04948;-0.00966682;-0.553868;0.7;0.7
-1.2031;-1.4836;1.91011;0.0489385;2.80397;0.7;0.7
-1.11846;-1.65546;1.99788;-0.087197;-4.99602;0.7;0.7
-1.13357;-1.64835;2.00051;0.00824989;0.472684;0.7;0.7
-1.10338;-1.69023;2.0185;-0.024082;-1.3798;0.7;0.7
-1.1629;-1.6596;2.02647;0.0328622;1.88286;0.7;0.7
-1.09737;-1.66165;1.99131;-0.0275434;-1.57812;0.7;0.7
-1.18015;-1.58518;1.97625;0.0563067;3.22614;0.7;0.7
-0.961628;-1.72527;1.97517;-0.131476;-7.533;0.7;0.7
-1.06671;-1.91083;2.18841;0.000664144;0.0380526;0.7;0.7
-1.05332;-1.72645;2.0224;0.0386644;2.21531;0.7;0.7
-1.04805;-1.73806;2.0296;-0.00519684;-0.297757;0.7;0.7
-1.22029;-1.63376;2.03918;0.0989074;5.66697;0.7;0.7
-1.29096;-1.62006;2.07151;0.0312916;1.79288;0.7;0.7
-1.19087;-1.60939;2.00208;-0.0357823;-2.05018;0.7;0.7
-1.2759;-1.46012;1.93904;0.0811296;4.64838;0.7;0.7
-1.32977;-1.35454;1.89817;0.0580056;3.32348;0.7;0.7
-1.63384;-1.14746;1.99652;0.18235;10.4479;0.7;0.7
-1.70182;-1.17209;2.0664;0.00915478;0.52453;0.7;0.7
-1.36291;-1.16874;1.79541;-0.105736;-6.05824;0.7;0.7
-1.5231;-1.29079;1.99649;0.00582571;0.333789;0.7;0.7
-1.55095;-1.30258;2.02538;0.00445371;0.255179;0.7;0.7
-1.48666;-1.21431;1.91955;0.0136718;0.783338;0.7;0.7
-1.5299;-1.27391;1.99084;-0.00944744;-0.541299;0.7;0.7
-1.49598;-1.36915;2.02793;-0.0468096;-2.68199;0.7;0.7
-1.7688;-1.54122;2.34606;0.0244082;1.39848;0.7;0.7
-1.40968;-1.39591;1.98388;-0.0637418;-3.65214;0.7;0.7
-1.41629;-1.40737;1.99664;-0.00174352;-0.0998963;0.7;0.7
-1.59054;-1.29933;2.05379;0.0972667;5.57297;0.7;0.7
-1.54825;-1.26675;2.00043;-0.000758494;-0.0434585;0.7;0.7
-1.51132;-1.33713;2.01792;-0.0385932;-2.21123;0.7;0.7
-1.54117;-1.48744;2.14189;-0.0433386;-2.48312;0.7;0.7
-1.50769;-1.38791;2.04925;0.0236046;1.35244;0.7;0.7
-1.50541;-1.33744;2.01371;0.0176762;1.01277;0.7;0.7
-1.68277;-1.45757;2.22626;0.0125724;0.720344;0.7;0.7
-1.51718;-1.33216;2.01904;-0.00674768;-0.386613;0.7;0.7
-1.56836;-1.28772;2.02928;0.0331038;1.89671;0.7;0.7
-1.54157;-1.27078;1.99782;-0.00195677;-0.112115;0.7;0.7
-1.46806;-1.3062;1.96503;-0.037715;-2.16091;0.7;0.7
-1.43997;-1.36126;1.98155;-0.0301832;-1.72937;0.7;0.7
-1.55187;-1.46199;2.13207;0.00172364;0.0987574;0.7;0.7
-1.50449;-1.22647;1.94106;0.0716374;4.10452;0.7;0.7
-1.5178;-1.73982;2.30883;-0.169501;-9.71169;0.7;0.7
-1.38012;-1.56791;2.0888;0.00443416;0.254059;0.7;0.7
-1.28477;-1.19717;1.75609;0.098897;5.66638;0.7;0.7
-1.47391;-1.40951;2.03939;-0.012955;-0.742265;0.7;0.7
-1.28427;-1.35888;1.86973;-0.0505462;-2.89608;0.7;0.7
-1.2009;-1.39075;1.83748;-0.0449076;-2.57302;0.7;0.7
-0.989159;-1.62238;1.90014;-0.164753;-9.43967;0.7;0.7
-1.25;-1.77109;2.16778;0.0670765;3.8432;0.7;0.7
-1.25027;-1.54556;1.98794;0.0655755;3.7572;0.7;0.7
-1.01564;-1.48693;1.8007;-0.0809152;-4.6361;0.7;0.7
-1.04124;-1.77354;2.0566;-0.0683753;-3.91761;0.7;0.7
-1.04043;-1.71986;2.01008;0.0131695;0.754557;0.7;0.7
-1.10626;-1.70652;2.03372;0.0310977;1.78177;0.7;0.7
-1.21146;-1.82269;2.18857;0.0114613;0.656687;0.7;0.7
-1.10742;-1.70347;2.0318;-0.0101679;-0.58258;0.7;0.7
-1.07143;-1.8409;2.12999;-0.0493513;-2.82762;0.7;0.7
-0.950306;-1.80748;2.04208;-0.043046;-2.46635;0.7;0.7
-0.930951;-1.92281;2.13632;-0.0331467;-1.89916;0.7;0.7
-1.01188;-1.65504;1.93986;0.0978567;5.60677;0.7;0.7
-1.15011;-1.64381;2.0062;0.0617472;3.53785;0.7;0.7
-1.03702;-1.54905;1.86413;-0.0205726;-1.17872;0.7;0.7
-1.17834;-1.65406;2.03086;0.0290668;1.66541;0.7;0.7
-1.28047;-1.76815;2.18311;0.0077784;0.445669;0.7;0.7
-1.05303;-1.8386;2.1188;-0.106643;-6.11019;0.7;0.7
-1.21647;-1.79856;2.17132;0.0745531;4.27158;0.7;0.7
-1.07209;-1.56856;1.89993;0.00487301;0.279203;0.7;0.7
-1.16201;-1.59623;1.97439;0.0296971;1.70152;0.7;0.7
-1.1285;-1.78562;2.11233;-0.0656421;-3.76101;0.7;0.7
-1.07401;-1.69989;2.01075;-0.000132187;-0.00757374;0.7;0.7
-1.13878;-1.6924;2.03986;0.02881;1.65069;0.7;0.7
-1.44958;-1.76604;2.28477;0.0950098;5.44366;0.7;0.7
-1.32683;-1.36789;1.90567;0.0828611;4.74759;0.7;0.7
-1.57674;-1.43092;2.12923;0.0636823;3.64873;0.7;0.7
-1.52667;-1.32783;2.02333;0.021101;1.209;0.7;0.7
-1.37455;-1.46571;2.0094;-0.101628;-5.82288;0.7;0.7
-1.368;-1.45869;1.9998;1.12665e-05;0.000645523;0.7;0.7
-1.35439;-1.36996;1.92644;0.026358;1.5102;0.7;0.7
-1.47579;-1.30206;1.96807;0.0681753;3.90616;0.7;0.7
-1.49187;-1.32126;1.99284;-0.00188615;-0.108069;0.7;0.7
-1.49634;-1.38274;2.0374;-0.0211399;-1.21123;0.7;0.7
-1.31701;-1.17486;1.76489;0.0175474;1.00539;0.7;0.7
-1.49486;-1.35277;2.01608;-0.007127;-0.408347;0.7;0.7
-1.64523;-1.29938;2.09647;0.0670619;3.84236;0.7;0.7
-1.60478;-1.23239;2.02339;0.0135912;0.778717;0.7;0.7
-1.58819;-1.21839;2.00171;0.000496137;0.0284266;0.7;0.7
-1.65788;-1.26635;2.0862;0.00209633;0.120111;0.7;0.7
-1.50172;-1.27453;1.96966;-0.0514519;-2.94798;0.7;0.7
-1.552;-1.23294;1.98213;0.0324223;1.85766;0.7;0.7
-1.5396;-1.2399;1.97679;-0.00666435;-0.381839;0.7;0.7
-1.66788;-1.26848;2.09544;0.0277841;1.59191;0.7;0.7
-1.62332;-1.17921;2.00642;0.021971;1.25885;0.7;0.7
-1.47932;-1.04878;1.81338;0.0115219;0.660154;0.7;0.7
-1.58796;-1.07568;1.91799;0.0213179;1.22143;0.7;0.7
-1.68313;-1.09953;2.01045;0.0167291;0.95851;0.7;0.7
-1.6498;-1.08977;1.97723;-0.00508858;-0.291554;0.7;0.7
-1.69997;-1.03611;1.99083;0.0363899;2.08499;0.7;0.7
-1.78802;-0.976772;2.03743;0.0473782;2.71457;0.7;0.7
-1.75439;-0.959216;1.9995;-0.000358296;-0.0205289;0.7;0.7
-1.48623;-1.04849;1.81885;-0.114041;-6.53409;0.7;0.7
-1.60704;-1.12895;1.96395;0.00198266;0.113598;0.7;0.7
-1.64198;-1.16298;2.01212;-0.00385928;-0.221121;0.7;0.7
-1.65297;-1.0896;1.97978;0.0334661;1.91747;0.7;0.7
-1.61282;-0.978626;1.88651;0.0374089;2.14337;0.7;0.7
-1.69703;-1.13511;2.04166;-0.0441444;-2.52929;0.7;0.7
-1.47696;-1.11001;1.84757;-0.0549587;-3.1489;0.7;0.7
-1.59802;-1.20115;1.99911;-6.51236e-05;-0.00373131;0.7;0.7
-1.59415;-1.19906;1.99476;-0.000328335;-0.0188122;0.7;0.7
-1.55468;-1.37171;2.07331;-0.0780727;-4.47324;0.7;0.7
-1.4956;-1.31784;1.99337;0.000658575;0.0377336;0.7;0.7
-1.53229;-1.45919;2.11592;-0.0386679;-2.21551;0.7;0.7
-1.44056;-1.39478;2.00514;-0.00828558;-0.474729;0.7;0.7
-1.42867;-1.54397;2.10356;-0.0549122;-3.14624;0.7;0.7
-1.19982;-1.47517;1.9015;-0.0638063;-3.65583;0.7;0.7
-1.23477;-1.5265;1.96338;-0.00268489;-0.153833;0.7;0.7
-1.23529;-1.51891;1.95782;0.00264257;0.151408;0.7;0.7
-1.22408;-1.56327;1.98549;-0.0184819;-1.05894;0.7;0.7
-1.32775;-1.532;2.0273;0.049796;2.8531;0.7;0.7
-1.37335;-1.36777;1.93827;0.0733363;4.20186;0.7;0.7
-1.39078;-1.32475;1.92074;0.0222773;1.27639;0.7;0.7
-1.39548;-1.38698;1.9675;-0.0212599;-1.2181;0.7;0.7
-1.41852;-1.4092;1.99951;0.000245903;0.0140892;0.7;0.7
-1.4457;-1.48747;2.07427;-0.0175394;-1.00493;0.7;0.7
-1.4415;-1.44029;2.03773;0.014663;0.840127;0.7;0.7
-1.31846;-1.14443;1.74587;0.0701186;4.0175;0.7;0.7
-1.41676;-1.36752;1.96909;-0.0528581;-3.02855;0.7;0.7
-1.22538;-1.5909;2.00811;-0.14675;-8.40816;0.7;0.7
-1.30143;-1.53918;2.01563;0.0455651;2.61069;0.7;0.7
-1.284;-1.58108;2.03678;-0.0198165;-1.1354;0.7;0.7
-1.23141;-1.57826;2.00182;-0.019509;-1.11778;0.7;0.7
-1.15371;-1.69709;2.05211;-0.0655181;-3.75391;0.7;0.7
-1.21829;-1.69019;2.0835;0.0274966;1.57544;0.7;0.7
-1.2713;-1.71015;2.13092;0.0147057;0.842573;0.7;0.7
-1.22827;-1.66801;2.07145;-0.00453283;-0.259712;0.7;0.7
-1.13162;-1.62136;1.97721;-0.025377;-1.45399;0.7;0.7
-1.2278;-1.63566;2.04521;0.0345697;1.9807;0.7;0.7
-1.22249;-1.48991;1.92726;0.0432117;2.47585;0.7;0.7
-1.25432;-1.60839;2.03966;-0.0247874;-1.42022;0.7;0.7
-1.2406;-1.57662;2.0062;0.00434358;0.248869;0.7;0.7
-1.22663;-1.57113;1.99326;-0.00380232;-0.217857;0.7;0.7
-1.27538;-1.57274;2.02487;0.0184883;1.0593;0.7;0.7
-1.25477;-1.57671;2.01506;-0.00918573;-0.526304;0.7;0.7
-1.28524;-1.46808;1.95118;0.0469056;2.68749;0.7;0.7
-1.33944;-1.37919;1.92257;0.051691;2.96168;0.7;0.7
-1.37633;-1.4939;2.03127;-0.0263203;-1.50804;0.7;0.7
-1.23446;-1.44971;1.90409;-0.0390811;-2.23918;0.7;0.7
-1.29805;-1.52565;2.00313;-0.000410943;-0.0235453;0.7;0.7
-1.34996;-1.53296;2.04263;0.0170403;0.976339;0.7;0.7
-1.29515;-1.43562;1.9335;0.0119957;0.687304;0.7;0.7
-1.47913;-1.42022;2.05057;0.0717099;4.10867;0.7;0.7
-1.47367;-1.46614;2.07877;-0.0177536;-1.0172;0.7;0.7
-1.50518;-1.29193;1.9836;0.0735308;4.21301;0.7;0.7
-1.81809;-1.23932;2.2003;0.110995;6.35955;0.7;0.7
-1.66984;-1.06489;1.98049;0.030619;1.75434;0.7;0.7
-1.94254;-0.986636;2.17874;0.0977372;5.59993;0.7;0.7
-1.84334;-0.897214;2.05009;0.0169766;0.972688;0.7;0.7
-1.75802;-0.650099;1.87437;0.0987829;5.65984;0.7;0.7
-1.85287;-0.649752;1.9635;0.0169218;0.969549;0.7;0.7
-1.91146;-0.711626;2.03963;-0.0191237;-1.09571;0.7;0.7
-1.87621;-0.698869;2.00214;-0.000170628;-0.00977626;0.7;0.7
-2.00435;-0.823472;2.16691;-0.0332507;-1.90512;0.7;0.7
-1.86461;-0.850361;2.04937;-0.0380564;-2.18047;0.7;0.7
-1.66435;-0.879387;1.88239;-0.0582069;-3.33501;0.7;0.7
-1.77954;-0.952967;2.01864;-0.00557077;-0.319182;0.7;0.7
-1.67932;-1.16105;2.0416;-0.113268;-6.48979;0.7;0.7
-1.52777;-1.38958;2.06519;-0.133144;-7.62861;0.7;0.7
-1.45147;-1.35367;1.98474;-0.0124803;-0.715067;0.7;0.7
-1.37429;-1.64085;2.14034;-0.12303;-7.04908;0.7;0.7
-1.08074;-1.36739;1.74292;-0.0283803;-1.62607;0.7;0.7
-1.17561;-1.44212;1.86058;0.0150973;0.86501;0.7;0.7
-1.26627;-1.63157;2.0653;-0.0239362;-1.37144;0.7;0.7
-1.22802;-1.58059;2.00157;0.000519595;0.0297706;0.7;0.7
-1.20161;-1.53991;1.95325;0.00209695;0.120146;0.7;0.7
-1.24542;-1.58606;2.0166;0.0030508;0.174798;0.7;0.7
-1.00541;-1.59545;1.88582;-0.103357;-5.92192;0.7;0.7
-1.07454;-1.62109;1.94488;0.023043;1.32027;0.7;0.7
-1.09179;-1.69623;2.01723;-0.0134548;-0.770906;0.7;0.7
-0.965685;-1.69281;1.94889;-0.0534826;-3.06433;0.7;0.7
-0.738196;-1.83124;1.97443;-0.135231;-7.74818;0.7;0.7
-0.677892;-1.9546;2.06882;-0.0493489;-2.82748;0.7;0.7
-0.619339;-1.86426;1.96444;-0.0130912;-0.750069;0.7;0.7
-0.580355;-2.0842;2.16349;-0.0491711;-2.8173;0.7;0.7
-0.534053;-1.90423;1.9777;0.00185618;0.106351;0.7;0.7
-0.525779;-1.91928;1.99;-0.00604561;-0.346388;0.7;0.7
-0.430513;-2.06018;2.10469;-0.0613818;-3.51692;0.7;0.7
-0.311816;-1.90699;1.93232;-0.0439263;-2.51679;0.7;0.7
-0.337524;-1.93561;1.96481;0.0105631;0.60522;0.7;0.7
-0.28531;-1.97116;1.9917;-0.0288964;-1.65564;0.7;0.7
-0.538311;-1.95834;2.03098;0.124512;7.13402;0.7;0.7
-0.482782;-1.86622;1.92765;-0.0151105;-0.865767;0.7;0.7
-0.503672;-1.93519;1.99966;0.00147475;0.084497;0.7;0.7
-0.567873;-1.90458;1.98743;0.035149;2.01389;0.7;0.7
-0.833543;-1.85929;2.03758;0.131681;7.54476;0.7;0.7
-0.591719;-1.67754;1.77884;-0.0823459;-4.71807;0.7;0.7
-0.62353;-2.08461;2.17586;-0.0484634;-2.77675;0.7;0.7
-0.588222;-1.90562;1.99434;0.00875697;0.501737;0.7;0.7
-0.723223;-1.95307;2.08268;0.0552453;3.16532;0.7;0.7
-0.51268;-1.84601;1.91588;-0.0837471;-4.79836;0.7;0.7
-0.508445;-1.90897;1.97552;-0.0105942;-0.607003;0.7;0.7
-0.384552;-1.87585;1.91486;-0.0581019;-3.32899;0.7;0.7
-0.413901;-1.99395;2.03645;0.00247171;0.141618;0.7;0.7
-0.595268;-2.02802;2.11358;0.0808305;4.63125;0.7;0.7
-0.660076;-1.94245;2.05154;0.0420715;2.41052;0.7;0.7
-0.625703;-2.01903;2.11376;-0.0270576;-1.55029;0.7;0.7
-0.475494;-2.07417;2.12798;-0.0751655;-4.30666;0.7;0.7
-0.462584;-1.97254;2.02606;0.00499846;0.286391;0.7;0.7
-0.458347;-1.94615;1.99939;0.000950811;0.0544775;0.7;0.7
-0.448259;-1.96075;2.01133;-0.00654613;-0.375066;0.7;0.7
-0.30515;-2.10712;2.1291;-0.0809353;-4.63725;0.7;0.7
-0.308829;-1.88944;1.91451;0.0181989;1.04272;0.7;0.7
-0.331974;-2.00013;2.02749;0.00245908;0.140895;0.7;0.7
-0.40067;-2.16209;2.1989;0.0187604;1.07489;0.7;0.7
-0.375465;-1.97172;2.00715;0.00493506;0.282758;0.7;0.7
-0.372879;-1.51489;1.56011;0.0531721;3.04654;0.7;0.7
-0.527539;-1.93187;2.0026;0.0252285;1.44549;0.7;0.7
-0.548287;-1.93236;2.00864;0.0099002;0.56724;0.7;0.7
-0.495612;-2.01629;2.07631;-0.0354473;-2.03098;0.7;0.7
-0.509149;-1.94108;2.00675;0.0154968;0.887901;0.7;0.7
-0.518811;-1.9078;1.97709;0.00899781;0.515536;0.7;0.7
-0.453506;-2.10433;2.15265;-0.0532564;-3.05137;0.7;0.7
-0.443421;-1.94944;1.99923;0.0113915;0.652686;0.7;0.7
-0.460054;-2.01971;2.07145;0.000305202;0.0174868;0.7;0.7
-0.475344;-1.92152;1.97944;0.0185501;1.06284;0.7;0.7
-0.452943;-1.90297;1.95613;-0.00883901;-0.506438;0.7;0.7
-0.430204;-2.00349;2.04916;-0.022156;-1.26945;0.7;0.7
-0.433053;-1.9808;2.02759;0.00372287;0.213305;0.7;0.7
-0.524584;-1.90153;1.97256;0.0539408;3.09058;0.7;0.7
-0.532286;-1.92891;2.001;7.16848e-05;0.00410724;0.7;0.7
-0.658369;-1.91804;2.02788;0.0613992;3.51791;0.7;0.7
-0.642295;-2.00516;2.10552;-0.020656;-1.1835;0.7;0.7
-0.663755;-1.96266;2.07186;0.0161231;0.923786;0.7;0.7
-0.584291;-1.84865;1.93879;-0.0199886;-1.14526;0.7;0.7
-0.385694;-1.86574;1.90519;-0.102276;-5.85997;0.7;0.7
-0.42112;-2.05381;2.09654;-0.00161278;-0.0924056;0.7;0.7
-0.454958;-1.80048;1.85707;0.0452661;2.59355;0.7;0.7
-0.312066;-1.92909;1.95417;-0.0871274;-4.99203;0.7;0.7
-0.293389;-1.94771;1.96968;-0.0108699;-0.622798;0.7;0.7
-0.353105;-2.00469;2.03555;0.0248422;1.42335;0.7;0.7
-0.464196;-1.90868;1.96431;0.0642202;3.67954;0.7;0.7
-0.4822;-1.99729;2.05467;-0.00167686;-0.0960771;0.7;0.7
-0.426252;-1.94049;1.98676;-0.0206666;-1.18411;0.7;0.7
-0.394413;-1.96114;2.00041;-0.0177611;-1.01764;0.7;0.7
-0.393949;-1.96054;1.99973;-0.000168314;-0.0096437;0.7;0.7
-0.417267;-1.93283;1.97736;0.0143222;0.820604;0.7;0.7
-0.481148;-2.00276;2.05974;0.0231537;1.32661;0.7;0.7
-0.727917;-1.74973;1.8951;0.158463;9.07926;0.7;0.7
-0.614461;-1.82949;1.92992;-0.0702096;-4.02271;0.7;0.7
-0.667119;-1.76497;1.88684;0.0373519;2.1401;0.7;0.7
-0.649518;-1.94017;2.046;-0.0383326;-2.1963;0.7;0.7
-0.769101;-1.9446;2.09117;0.0535784;3.06982;0.7;0.7
-0.752876;-1.81013;1.96046;0.017532;1.00451;0.7;0.7
-0.813246;-1.85342;2.02399;0.0193288;1.10746;0.7;0.7
-1.0134;-1.88072;2.13637;0.0807476;4.6265;0.7;0.7
-0.916481;-1.78517;2.00668;-0.019934;-1.14213;0.7;0.7
-0.954466;-1.95298;2.17374;-0.0197147;-1.12957;0.7;0.7
-0.938689;-1.77181;2.0051;0.0326107;1.86846;0.7;0.7
-0.996695;-1.78352;2.04312;0.022405;1.28371;0.7;0.7
-0.994571;-1.78037;2.03934;-0.000155298;-0.00889792;0.7;0.7
-0.813614;-1.70893;1.89273;-0.065104;-3.73018;0.7;0.7
-1.24465;-1.90027;2.2716;0.135531;7.76534;0.7;0.7
-1.05083;-1.79199;2.07737;-0.0495082;-2.83661;0.7;0.7
-0.937893;-2.1206;2.31874;-0.11395;-6.52888;0.7;0.7
-0.957994;-1.65668;1.91372;0.107869;6.18046;0.7;0.7
-1.11024;-1.47953;1.84977;0.119477;6.8455;0.7;0.7
-1.40247;-1.6374;2.15592;0.0645081;3.69604;0.7;0.7
-1.12737;-1.39624;1.79456;-0.0290128;-1.66231;0.7;0.7
-1.3169;-1.4134;1.93182;0.0708166;4.05749;0.7;0.7
-1.58347;-1.41093;2.12088;0.092884;5.32186;0.7;0.7
-1.39747;-1.21952;1.85477;0.0103383;0.592343;0.7;0.7
-1.52901;-1.38014;2.05977;-0.0167676;-0.96071;0.7;0.7
-1.3524;-1.39046;1.93968;-0.0650034;-3.72442;0.7;0.7
-1.36845;-1.40513;1.96139;0.000650098;0.0372479;0.7;0.7
-1.609;-1.46012;2.17275;0.0616963;3.53494;0.7;0.7
-1.46723;-1.36111;2.00134;-0.0109674;-0.628384;0.7;0.7
-1.46965;-1.39066;2.02332;-0.00989481;-0.566931;0.7;0.7
-1.49657;-1.4475;2.08207;-0.0109439;-0.627037;0.7;0.7
-1.30768;-1.11092;1.71586;0.0645063;3.69594;0.7;0.7
-1.5258;-1.29082;1.99857;0.00206011;0.118036;0.7;0.7
-1.26521;-1.34748;1.84836;-0.11471;-6.57238;0.7;0.7
-1.49576;-1.50042;2.11862;0.0299243;1.71454;0.7;0.7
-1.46768;-1.2966;1.95838;0.0633667;3.63064;0.7;0.7
-1.48928;-1.32376;1.99256;-0.00304158;-0.17427;0.7;0.7
-1.44068;-1.122;1.82604;0.0649473;3.72121;0.7;0.7
-1.58541;-1.21055;1.99474;0.00955983;0.547738;0.7;0.7
-1.60318;-1.2146;2.01133;0.00376139;0.215512;0.7;0.7
-1.6024;-1.25115;2.03299;-0.0145631;-0.834402;0.7;0.7
-1.72664;-1.44386;2.25078;-0.0335216;-1.92065;0.7;0.7
-1.48813;-1.21235;1.91946;0.0128155;0.734275;0.7;0.7
-1.48846;-1.28549;1.96672;-0.0287317;-1.6462;0.7;0.7
-1.56325;-1.16222;1.94795;0.0730545;4.18572;0.7;0.7
-1.55925;-1.26734;2.00933;-0.0431872;-2.47444;0.7;0.7
-1.74294;-1.23564;2.13651;0.0657912;3.76956;0.7;0.7
-1.6082;-0.876872;1.83173;0.117512;6.73295;0.7;0.7
-1.75865;-0.95022;1.99894;0.00381284;0.21846;0.7;0.7
-1.80011;-0.81097;1.97435;0.0720967;4.13083;0.7;0.7
-1.77496;-0.819539;1.95503;-0.00928054;-0.531736;0.7;0.7
-1.71509;-1.04716;2.0095;-0.115585;-6.62252;0.7;0.7
-1.66205;-0.76867;1.83119;0.114957;6.58658;0.7;0.7
-1.74761;-1.00848;2.01772;-0.0901974;-5.16793;0.7;0.7
-1.79259;-0.97785;2.04195;0.0240048;1.37537;0.7;0.7
-1.62744;-1.07417;1.94998;-0.0840177;-4.81386;0.7;0.7
-1.65257;-1.11579;1.99399;-0.010482;-0.600573;0.7;0.7
-1.66264;-1.13149;2.01113;-0.00366593;-0.210042;0.7;0.7
-1.46613;-1.00659;1.77841;-0.00410384;-0.235133;0.7;0.7
-1.65533;-1.11476;1.9957;0.00897198;0.514056;0.7;0.7
-1.74767;-0.955546;1.99184;0.0923293;5.29008;0.7;0.7
-1.74739;-0.955235;1.99145;6.99733e-05;0.00400918;0.7;0.7
-1.67597;-1.13014;2.02141;-0.0930031;-5.32869;0.7;0.7
-1.64929;-1.0858;1.97461;0.0110638;0.633908;0.7;0.7
-1.80812;-1.13098;2.1327;0.0232568;1.33252;0.7;0.7
-1.62117;-1.24161;2.04201;-0.094621;-5.42138;0.7;0.7
-1.58841;-1.21613;2.00051;0.000154053;0.00882662;0.7;0.7
-1.87564;-1.36644;2.3206;0.023815;1.3645;0.7;0.7
-1.49359;-1.24334;1.94337;-0.0646062;-3.70166;0.7;0.7
-1.53446;-1.14962;1.91734;0.0512281;2.93515;0.7;0.7
-1.51526;-1.06258;1.8507;0.0314253;1.80053;0.7;0.7
-1.63838;-1.23445;2.05138;-0.0341437;-1.95629;0.7;0.7
-1.66437;-1.05688;1.97158;0.0799503;4.58081;0.7;0.7
-1.6513;-1.00793;1.93461;0.0177384;1.01633;0.7;0.7
-1.81894;-1.11794;2.13503;-0.00307426;-0.176142;0.7;0.7
-1.7289;-0.968099;1.98149;0.0406433;2.32869;0.7;0.7
-1.74682;-0.971614;1.99885;0.00284481;0.162996;0.7;0.7
-1.72934;-0.899954;1.94949;0.0277691;1.59105;0.7;0.7
-1.84037;-0.973431;2.08195;-0.00668786;-0.383186;0.7;0.7
-1.71161;-0.957167;1.96107;-0.0233683;-1.3389;0.7;0.7
-1.78756;-0.903201;2.00279;0.0420389;2.40865;0.7;0.7
-1.86045;-0.879711;2.05796;0.0261638;1.49908;0.7;0.7
-1.805;-0.832469;1.98772;0.00956064;0.547784;0.7;0.7
-1.66351;-0.602555;1.76928;0.0846116;4.84789;0.7;0.7
-1.75385;-0.663291;1.87509;-0.0140468;-0.804822;0.7;0.7
-1.89024;-0.634905;1.99402;0.0375195;2.14971;0.7;0.7
-1.83147;-0.51657;1.90293;0.0491356;2.81526;0.7;0.7
-1.9239;-0.543408;1.99917;-0.00037066;-0.0212373;0.7;0.7
-1.99968;-0.648725;2.10228;-0.038421;-2.20136;0.7;0.7
-1.8832;-0.599787;1.97641;0.00536645;0.307475;0.7;0.7
-1.88094;-0.43438;1.93044;0.0813763;4.66252;0.7;0.7
-1.93681;-0.442749;1.98677;0.00222366;0.127406;0.7;0.7
-1.82421;-0.521685;1.89734;-0.0538078;-3.08296;0.7;0.7
-1.83408;-0.63642;1.94136;-0.0554533;-3.17724;0.7;0.7
-1.8757;-0.625374;1.9772;0.0121782;0.697759;0.7;0.7
-1.89863;-0.651333;2.00724;-0.00865587;-0.495945;0.7;0.7
-1.76623;-0.819035;1.94689;-0.103729;-5.94326;0.7;0.7
-1.93045;-0.815989;2.09583;0.0342891;1.96462;0.7;0.7
-1.95587;-0.82587;2.12308;0.000372808;0.0213603;0.7;0.7
-1.81728;-0.779204;1.97729;-0.00552157;-0.316363;0.7;0.7
-1.93722;-0.777464;2.08741;0.0234112;1.34136;0.7;0.7
-1.84845;-0.714968;1.98191;0.0125829;0.720944;0.7;0.7
-1.83964;-0.749922;1.98662;-0.0180103;-1.03191;0.7;0.7
-1.85243;-0.745036;1.99664;0.00468306;0.26832;0.7;0.7
-1.85652;-0.756018;2.00455;-0.00432161;-0.24761;0.7;0.7
-1.76403;-0.830724;1.94985;-0.0533992;-3.05955;0.7;0.7
-1.81461;-0.780636;1.9754;0.0338545;1.93972;0.7;0.7
-1.83687;-0.794732;2.00142;-0.0020743;-0.118849;0.7;0.7
-1.80838;-0.855304;2.00044;-0.033452;-1.91666;0.7;0.7
-1.8393;-0.888205;2.04253;-0.008088;-0.463408;0.7;0.7
-1.65622;-0.801615;1.84001;-0.000891325;-0.0510692;0.7;0.7
-1.8275;-0.849828;2.01543;0.0154928;0.887672;0.7;0.7
-1.74601;-0.767376;1.9072;0.0211856;1.21385;0.7;0.7
-1.97411;-0.849174;2.149;0.0078607;0.450385;0.7;0.7
-2.00405;-0.759349;2.14309;0.0440378;2.52318;0.7;0.7
-1.95538;-0.860118;2.13619;-0.0522089;-2.99135;0.7;0.7
-2.16468;-0.966771;2.37076;-0.00563185;-0.322681;0.7;0.7
-1.84754;-0.877159;2.04519;-0.0232298;-1.33097;0.7;0.7
-1.66365;-0.692838;1.80215;0.048649;2.78739;0.7;0.7
-1.79503;-0.798572;1.96465;-0.023974;-1.37361;0.7;0.7
-1.5018;-0.944795;1.77427;-0.142962;-8.19113;0.7;0.7
-1.764;-1.05727;2.05657;0.0216023;1.23772;0.7;0.7
-1.8431;-0.892711;2.04791;0.0888944;5.09328;0.7;0.7
-1.86539;-0.918419;2.07923;-0.00645294;-0.369726;0.7;0.7
-1.44812;-0.901804;1.70596;-0.099469;-5.69915;0.7;0.7
-1.69659;-1.06851;2.00503;-0.00506636;-0.290281;0.7;0.7
-1.76153;-1.08204;2.06732;0.011202;0.64183;0.7;0.7
-1.71575;-0.995101;1.98344;0.0252699;1.44786;0.7;0.7
-1.85136;-1.08941;2.14811;-0.00630458;-0.361226;0.7;0.7
-1.7479;-1.17084;2.10381;-0.0583329;-3.34223;0.7;0.7
-1.48589;-0.87606;1.72492;0.0574802;3.29337;0.7;0.7
-1.70053;-1.03263;1.98951;-0.0130003;-0.744862;0.7;0.7
-1.56435;-0.923;1.81635;0.0126765;0.726311;0.7;0.7
-1.71257;-0.93945;1.95332;0.0313105;1.79396;0.7;0.7
-1.65526;-0.875928;1.87274;0.0150232;0.860765;0.7;0.7
-1.8051;-0.942082;2.03615;0.0057029;0.326752;0.7;0.7
-1.81624;-0.914122;2.03331;0.0147257;0.843723;0.7;0.7
-1.75928;-0.984751;2.01613;-0.0440086;-2.52151;0.7;0.7
-1.74462;-1.00032;2.01106;-0.0103155;-0.591037;0.7;0.7
-1.73344;-0.987428;1.99495;0.00281769;0.161442;0.7;0.7
-1.72632;-1.06664;2.02926;-0.0356592;-2.04312;0.7;0.7
-1.71921;-1.07754;2.02898;-0.00641572;-0.367593;0.7;0.7
-1.70878;-1.09682;2.03051;-0.0107732;-0.617258;0.7;0.7
-1.68779;-1.10214;2.01577;-0.00784472;-0.449469;0.7;0.7
-1.68964;-1.10348;2.01805;-5.49753e-05;-0.00314985;0.7;0.7
-1.76077;-1.07293;2.06191;0.0312741;1.79187;0.7;0.7
-1.75698;-1.06199;2.053;0.00358712;0.205527;0.7;0.7
-1.7026;-0.959241;1.95423;0.0306101;1.75383;0.7;0.7
-1.86876;-0.973499;2.10712;0.0328158;1.88021;0.7;0.7
-1.8599;-1.06909;2.14527;-0.0414363;-2.37412;0.7;0.7
-1.63531;-0.889424;1.86154;0.0235539;1.34954;0.7;0.7
-1.72002;-0.89728;1.94;0.017306;0.991562;0.7;0.7
-1.79159;-0.964825;2.03487;-0.0131624;-0.754152;0.7;0.7
-1.64086;-0.898193;1.87061;-0.0068443;-0.392149;0.7;0.7
-1.76562;-0.944073;2.00217;0.00981874;0.562573;0.7;0.7
-1.77971;-0.928193;2.00722;0.0102873;0.589417;0.7;0.7
-1.86695;-0.917193;2.08008;0.0240858;1.38001;0.7;0.7
-1.73947;-0.943261;1.97876;-0.0402425;-2.30573;0.7;0.7
-1.66463;-1.11607;2.00415;-0.0937342;-5.37057;0.7;0.7
-1.65442;-1.07825;1.97477;0.0130243;0.74624;0.7;0.7
-1.76893;-1.00209;2.03305;0.0621788;3.56258;0.7;0.7
-1.68759;-1.07505;2.00093;-0.0517868;-2.96717;0.7;0.7
-1.64222;-1.07469;1.96261;-0.012266;-0.702787;0.7;0.7
-1.68775;-1.15652;2.04598;-0.0212839;-1.21948;0.7;0.7
-1.62768;-1.17322;2.00644;-0.0237901;-1.36307;0.7;0.7
-1.63693;-1.17742;2.0164;0.000991532;0.0568106;0.7;0.7
-1.62209;-1.16276;1.9958;0.00162189;0.0929276;0.7;0.7
-1.51904;-1.19993;1.9358;-0.0466372;-2.67211;0.7;0.7
-1.4123;-1.13375;1.81107;-0.00785858;-0.450264;0.7;0.7
-1.68081;-1.21443;2.07363;0.0507447;2.90746;0.7;0.7
-1.73591;-1.35205;2.20032;-0.0360419;-2.06505;0.7;0.7
-1.58449;-1.22613;2.0035;0.00314548;0.180223;0.7;0.7
-1.61514;-1.20105;2.01276;0.0191757;1.09869;0.7;0.7
-1.6041;-1.18981;1.99719;0.00121387;0.0695499;0.7;0.7
-1.5791;-1.16347;1.96143;0.00319629;0.183134;0.7;0.7
-1.52817;-1.17455;1.9274;-0.0203035;-1.1633;0.7;0.7
-1.69952;-1.24996;2.10969;0.0211547;1.21207;0.7;0.7
-1.8157;-1.08088;2.11307;0.0971867;5.56839;0.7;0.7
-1.73414;-1.16694;2.09021;-0.0553629;-3.17206;0.7;0.7
-1.62607;-1.09391;1.95978;0.000129095;0.0073966;0.7;0.7
-1.52119;-1.11232;1.88448;-0.0391793;-2.24481;0.7;0.7
-1.68623;-1.19007;2.06389;0.0167894;0.96196;0.7;0.7
-1.44283;-1.21346;1.88527;-0.0846841;-4.85204;0.7;0.7
-1.47672;-1.28204;1.95559;-0.0156827;-0.89855;0.7;0.7
-1.42366;-1.35069;1.96244;-0.0441563;-2.52997;0.7;0.7
-1.46064;-1.39355;2.01877;-0.00279284;-0.160018;0.7;0.7
-1.42184;-1.34386;1.95642;0.0046853;0.268448;0.7;0.7
-1.20111;-1.14907;1.66223;-0.00604665;-0.346447;0.7;0.7
-1.36934;-1.31882;1.90115;-0.00334908;-0.191888;0.7;0.7
-1.45131;-1.38458;2.00584;0.00473482;0.271285;0.7;0.7
-1.46493;-1.39002;2.01945;0.0027065;0.155071;0.7;0.7
-1.47634;-1.24424;1.93073;0.0588717;3.3731;0.7;0.7
-1.4565;-1.31583;1.96286;-0.0344082;-1.97144;0.7;0.7
-1.48595;-1.33873;2.00006;0.0013744;0.0787471;0.7;0.7
-1.47226;-1.31292;1.97264;0.00507675;0.290876;0.7;0.7
-1.48471;-1.23128;1.92884;0.0358946;2.05661;0.7;0.7
-1.75644;-1.30385;2.18749;0.0537869;3.08176;0.7;0.7
-1.64512;-1.18971;2.03023;0.0124564;0.713702;0.7;0.7
-1.67571;-1.02734;1.96556;0.0761316;4.36202;0.7;0.7
-1.74454;-1.00064;2.01114;0.0292136;1.67381;0.7;0.7
-1.53237;-1.11705;1.89631;-0.109137;-6.2531;0.7;0.7
-1.79302;-1.04796;2.07681;0.100984;5.78594;0.7;0.7
-1.64893;-0.952995;1.90451;0.00487532;0.279335;0.7;0.7
-1.71617;-0.995354;1.98393;-0.00152714;-0.0874988;0.7;0.7
-1.64454;-0.848514;1.85054;0.04924;2.82124;0.7;0.7
-1.65492;-0.856334;1.86335;-0.00117464;-0.0673022;0.7;0.7
-1.77052;-0.873591;1.97431;0.0191464;1.09701;0.7;0.7
-1.96376;-0.947096;2.18022;0.00898463;0.514782;0.7;0.7
-1.80619;-0.816766;1.98228;0.024691;1.41469;0.7;0.7
-1.70684;-0.877545;1.91922;-0.0502044;-2.8765;0.7;0.7
-1.71155;-0.886698;1.9276;-0.00310726;-0.178033;0.7;0.7
-1.79656;-0.929735;2.02288;0.000441795;0.025313;0.7;0.7
-1.89851;-0.848692;2.07957;0.0571739;3.27583;0.7;0.7
-1.70638;-0.650268;1.82609;0.0562917;3.22528;0.7;0.7
-1.84851;-0.784206;2.00798;-0.0371337;-2.12761;0.7;0.7
-2.23031;-0.951351;2.42474;-0.00196369;-0.112511;0.7;0.7
-2.14332;-0.694396;2.253;0.0898768;5.14956;0.7;0.7
-1.94872;-0.673594;2.06185;-0.0194932;-1.11688;0.7;0.7
-1.91301;-0.597049;2.00402;0.0302845;1.73517;0.7;0.7
-1.95374;-0.573951;2.0363;0.0167875;0.961853;0.7;0.7
-1.90741;-0.590848;1.99682;-0.0146592;-0.839912;0.7;0.7
-1.86001;-0.508181;1.92818;0.0336858;1.93005;0.7;0.7
-1.91692;-0.57766;2.00207;-0.0259874;-1.48897;0.7;0.7
-2.00176;-0.530506;2.07086;0.0336283;1.92676;0.7;0.7
-1.98262;-0.475139;2.03876;0.0238477;1.36637;0.7;0.7
-1.9479;-0.435725;1.99604;0.0151495;0.868001;0.7;0.7
-1.93764;-0.410732;1.98069;0.0111835;0.640767;0.7;0.7
-1.99475;-0.40689;2.03583;0.00766381;0.439104;0.7;0.7
-1.79916;-0.439259;1.85201;-0.0382423;-2.19112;0.7;0.7
-1.92928;-0.515572;1.99698;-0.0216718;-1.2417;0.7;0.7
-2.05934;-0.597572;2.14429;-0.0212864;-1.21962;0.7;0.7
-1.8957;-0.643291;2.00187;-0.0447285;-2.56275;0.7;0.7
-1.9249;-0.777436;2.07597;-0.0567012;-3.24874;0.7;0.7
-1.95647;-0.643362;2.05954;0.0661506;3.79015;0.7;0.7
-1.87346;-0.702758;2.00093;-0.0411705;-2.3589;0.7;0.7
-1.90255;-0.634116;2.00544;0.0371502;2.12855;0.7;0.7
-2.04584;-0.734337;2.17364;-0.0228992;-1.31203;0.7;0.7
-1.9018;-0.578242;1.98777;0.0494513;2.83335;0.7;0.7
-1.80517;-0.578557;1.89561;-0.0149899;-0.858858;0.7;0.7
-1.8625;-0.606505;1.95877;-0.00465288;-0.26659;0.7;0.7
-2.02752;-0.611913;2.11785;0.0216999;1.24331;0.7;0.7
-1.93691;-0.675288;2.05126;-0.0423534;-2.42667;0.7;0.7
-1.89818;-0.653008;2.00737;0.00412866;0.236555;0.7;0.7
-1.96501;-0.687338;2.08175;-0.00515132;-0.295149;0.7;0.7
-1.96075;-0.584937;2.04614;0.0465694;2.66823;0.7;0.7
-1.94785;-0.514682;2.0147;0.0315896;1.80995;0.7;0.7
-1.84043;-0.769453;1.9948;-0.13767;-7.88792;0.7;0.7
-1.89956;-0.892332;2.09871;-0.0431634;-2.47308;0.7;0.7
-1.7356;-0.571755;1.82735;0.120929;6.9287;0.7;0.7
-2.08417;-0.672817;2.19008;0.00597105;0.342116;0.7;0.7
-1.44625;-0.558247;1.55025;-0.0561141;-3.2151;0.7;0.7
-1.75934;-0.780465;1.92468;-0.0491543;-2.81633;0.7;0.7
-1.91634;-0.97378;2.14956;-0.0526123;-3.01447;0.7;0.7
-1.76813;-0.901671;1.98477;-0.00143881;-0.0824379;0.7;0.7
-1.9444;-0.887708;2.13745;0.0432959;2.48067;0.7;0.7
-1.77661;-0.783532;1.94172;0.0129181;0.740152;0.7;0.7
-1.96256;-0.775668;2.11028;0.0389761;2.23317;0.7;0.7
-1.85489;-0.631415;1.95942;0.0482888;2.76675;0.7;0.7
-2.00391;-0.531933;2.0733;0.0686373;3.93263;0.7;0.7
-2.05475;-0.543528;2.12542;0.000864076;0.0495079;0.7;0.7
-1.93993;-0.519156;2.0082;-0.00288741;-0.165437;0.7;0.7
-1.94305;-0.543613;2.01766;-0.0113103;-0.648031;0.7;0.7
-1.99361;-0.573016;2.07432;-0.00708378;-0.405871;0.7;0.7
-1.9653;-0.487496;2.02486;0.0367378;2.10492;0.7;0.7
-1.59462;-0.52331;1.67829;-0.0739545;-4.23728;0.7;0.7
-1.93471;-0.61926;2.0314;0.00732384;0.419625;0.7;0.7
-1.91423;-0.692937;2.03579;-0.037544;-2.15111;0.7;0.7
-1.88256;-0.85317;2.06686;-0.0781908;-4.48001;0.7;0.7
-1.88097;-0.813365;2.04929;0.0173722;0.995355;0.7;0.7
-2.01987;-0.929497;2.22347;-0.0231481;-1.32629;0.7;0.7
-1.80372;-0.999681;2.06222;-0.0748018;-4.28583;0.7;0.7
-1.69354;-0.940668;1.93725;-0.000927161;-0.0531224;0.7;0.7
-1.65004;-0.82479;1.84469;0.0434777;2.49109;0.7;0.7
-1.73072;-0.680201;1.85959;0.0890655;5.10308;0.7;0.7
-1.91013;-0.898816;2.11103;-0.0653425;-3.74385;0.7;0.7
-1.81861;-0.827091;1.99785;0.0129808;0.743746;0.7;0.7
-1.75976;-0.789709;1.92883;0.00501058;0.287085;0.7;0.7
-1.82464;-0.978601;2.0705;-0.0704617;-4.03716;0.7;0.7
-1.64411;-0.866123;1.8583;0.00742547;0.425448;0.7;0.7
-1.77789;-0.897342;1.99151;0.0174392;0.999195;0.7;0.7
-1.67936;-1.04306;1.97692;-0.0883723;-5.06336;0.7;0.7
-1.70775;-1.09992;2.03131;-0.01641;-0.940225;0.7;0.7
-1.61435;-1.02199;1.91065;0.00782395;0.448279;0.7;0.7
-1.66734;-0.911667;1.90031;0.0640115;3.66759;0.7;0.7
-1.47261;-1.00847;1.78483;-0.100099;-5.73526;0.7;0.7
-1.67136;-1.06728;1.98306;0.0321666;1.84301;0.7;0.7
-1.7172;-1.06569;2.021;0.012871;0.737455;0.7;0.7
-1.71398;-1.08452;2.02828;-0.00872549;-0.499934;0.7;0.7
-1.7459;-1.034;2.02912;0.029457;1.68776;0.7;0.7
-1.96341;-1.15816;2.27954;0.00175801;0.100726;0.7;0.7
-1.65695;-1.04929;1.96125;-0.0315839;-1.80962;0.7;0.7
-1.65535;-1.06804;1.97;-0.00847403;-0.485526;0.7;0.7
-1.79856;-1.10592;2.11137;0.0216958;1.24308;0.7;0.7
-1.74408;-1.09957;2.06177;-0.0112147;-0.642553;0.7;0.7
-1.79741;-1.24736;2.18783;-0.0441587;-2.53011;0.7;0.7
-1.63486;-1.16148;2.00544;-0.0110278;-0.631846;0.7;0.7
-1.77725;-1.30416;2.20442;-0.0153534;-0.879684;0.7;0.7
-1.58402;-1.23669;2.00961;-0.0298254;-1.70887;0.7;0.7
-1.58333;-1.22203;2.00007;0.00556597;0.318907;0.7;0.7
-1.59383;-1.14917;1.96491;0.0326251;1.86928;0.7;0.7
-1.4478;-1.18239;1.86927;-0.0601433;-3.44596;0.7;0.7
-1.64563;-1.28704;2.08916;0.021103;1.20911;0.7;0.7
-1.50767;-1.30298;1.99269;-0.0489735;-2.80597;0.7;0.7
-1.46272;-1.32455;1.97332;-0.0231662;-1.32732;0.7;0.7
-1.32375;-1.40093;1.92741;-0.0778454;-4.46021;0.7;0.7
-1.41264;-1.34394;1.9498;0.0532319;3.04996;0.7;0.7
-1.49299;-1.27887;1.96584;0.0521768;2.98951;0.7;0.7
-1.54565;-1.33511;2.04243;-0.00413766;-0.237071;0.7;0.7
-1.43709;-1.24492;1.90133;-0.00142519;-0.0816572;0.7;0.7
-1.45798;-1.25495;1.92369;0.00316786;0.181505;0.7;0.7
-1.52256;-1.32319;2.01718;-0.00475263;-0.272306;0.7;0.7
-1.52134;-1.32843;2.01971;-0.00235451;-0.134904;0.7;0.7
-1.43779;-1.31895;1.95112;-0.0245093;-1.40428;0.7;0.7
-1.23314;-1.28099;1.77808;-0.0621097;-3.55863;0.7;0.7
-1.27337;-1.40205;1.89399;-0.0290298;-1.66328;0.7;0.7
-1.35268;-1.48169;2.00628;0.00257368;0.147461;0.7;0.7
-1.34997;-1.3379;1.90063;0.0499763;2.86343;0.7;0.7
-1.34209;-1.51563;2.02443;-0.0651419;-3.73236;0.7;0.7
-0.987583;-1.35072;1.67325;-0.0934176;-5.35244;0.7;0.7
-1.20892;-1.55552;1.97005;0.0293403;1.68108;0.7;0.7
-1.26294;-1.89567;2.27785;-0.0729757;-4.1812;0.7;0.7
-1.19478;-1.73005;2.10252;0.0166962;0.956624;0.7;0.7
-1.16067;-1.6242;1.99629;0.0160719;0.92085;0.7;0.7
-1.12422;-1.61379;1.96677;-0.0119964;-0.687345;0.7;0.7
-1.14591;-1.57826;1.95039;0.0195362;1.11934;0.7;0.7
-1.13427;-1.83479;2.15708;-0.0743046;-4.25734;0.7;0.7
-1.02812;-1.70454;1.9906;-0.0109525;-0.627532;0.7;0.7
-1.04292;-1.76315;2.0485;-0.0085927;-0.492326;0.7;0.7
-1.06425;-1.64957;1.96309;0.0388194;2.22419;0.7;0.7
-1.32965;-1.66557;2.13122;0.10074;5.77197;0.7;0.7
-1.25508;-1.54369;1.98952;0.00893027;0.511667;0.7;0.7
-1.2514;-1.5538;1.99507;-0.00462614;-0.265058;0.7;0.7
-1.2293;-1.52643;1.95989;-2.51331e-05;-0.00144002;0.7;0.7
-1.25159;-1.5535;1.99496;0.00019035;0.0109063;0.7;0.7
-1.12466;-1.73273;2.06572;-0.102461;-5.87061;0.7;0.7
-1.03771;-1.72568;2.01365;-0.0343208;-1.96644;0.7;0.7
-1.00065;-1.70294;1.97517;-0.0101471;-0.581387;0.7;0.7
-1.00873;-1.68498;1.96384;0.00818109;0.468742;0.7;0.7
-0.925271;-1.70996;1.94424;-0.0434424;-2.48907;0.7;0.7
-1.04571;-1.78434;2.06818;0.0341076;1.95422;0.7;0.7
-1.14315;-1.74035;2.08222;0.0510777;2.92654;0.7;0.7
-1.18635;-1.86018;2.20629;-0.0134523;-0.770761;0.7;0.7
-1.13133;-1.86371;2.18021;-0.0221494;-1.26907;0.7;0.7
-0.866132;-1.71812;1.92409;-0.0786382;-4.50564;0.7;0.7
-0.996891;-2.04296;2.27321;-0.0129638;-0.742768;0.7;0.7
-0.812553;-1.74322;1.92329;-0.0177919;-1.0194;0.7;0.7
-0.896077;-2.1448;2.32446;-0.0404312;-2.31654;0.7;0.7
-0.852678;-1.81778;2.00783;0.0428541;2.45536;0.7;0.7
-0.612879;-2.04574;2.13557;-0.147524;-8.4525;0.7;0.7
-0.47836;-1.96373;2.02115;-0.0521347;-2.9871;0.7;0.7
-0.669968;-1.90797;2.02218;0.0987472;5.6578;0.7;0.7
-0.815442;-1.73025;1.91278;0.102722;5.88552;0.7;0.7
-1.06275;-1.68657;1.99348;0.121864;6.9823;0.7;0.7
-0.949024;-1.59525;1.8562;-0.0256124;-1.46748;0.7;0.7
-1.05577;-1.7157;2.01452;0.0149708;0.857764;0.7;0.7
-1.0225;-1.68674;1.97246;-0.00667208;-0.382282;0.7;0.7
-1.07738;-1.69212;2.00599;0.0220104;1.2611;0.7;0.7
-1.05689;-1.6899;1.99319;-0.00807685;-0.462769;0.7;0.7
-1.10486;-1.7486;2.06841;0.00461479;0.264408;0.7;0.7
-1.19618;-1.65504;2.04206;0.062319;3.57061;0.7;0.7
-1.16954;-1.61952;1.99767;-0.000389643;-0.0223249;0.7;0.7
-1.15908;-1.62733;1.99792;-0.00653527;-0.374443;0.7;0.7
-1.09155;-1.62332;1.95619;-0.0269314;-1.54305;0.7;0.7
-1.03323;-1.93094;2.19;-0.100651;-5.76687;0.7;0.7
-1.04782;-1.62532;1.9338;0.0813083;4.65862;0.7;0.7
-1.08679;-1.44226;1.80589;0.073129;4.18998;0.7;0.7
-1.20481;-1.53807;1.95377;0.0187313;1.07322;0.7;0.7
-1.14521;-1.39116;1.8019;0.02424;1.38885;0.7;0.7
-1.19067;-1.53484;1.94253;-0.0289459;-1.65848;0.7;0.7
-1.34476;-1.74727;2.20484;-0.00383767;-0.219882;0.7;0.7
-1.27615;-1.51886;1.9838;0.0428285;2.45389;0.7;0.7
-1.28619;-1.53057;1.99923;7.62387e-05;0.00436815;0.7;0.7
-1.28573;-1.53095;1.99923;-0.000295139;-0.0169102;0.7;0.7
-1.27356;-1.41463;1.90345;0.0344072;1.97139;0.7;0.7
-1.37385;-1.5408;2.06435;-0.00478468;-0.274142;0.7;0.7
-1.26571;-1.16688;1.72152;0.0978198;5.60466;0.7;0.7
-1.43746;-1.41553;2.01743;-0.0329163;-1.88596;0.7;0.7
-1.45857;-1.49654;2.08975;-0.0205363;-1.17664;0.7;0.7
-1.35187;-1.57094;2.07254;-0.0619631;-3.55023;0.7;0.7
-1.30219;-1.55711;2.02985;-0.0141059;-0.80821;0.7;0.7
-1.42169;-1.42149;2.01043;0.0889911;5.09881;0.7;0.7
-1.30552;-1.4226;1.93085;-0.0429631;-2.46161;0.7;0.7
-1.34988;-1.38254;1.93225;0.0309369;1.77255;0.7;0.7
-1.4781;-1.2826;1.957;0.0826526;4.73564;0.7;0.7
-1.44819;-1.26407;1.92227;-0.00291677;-0.167119;0.7;0.7
-1.4811;-1.28789;1.96274;0.00188178;0.107818;0.7;0.7
-1.53314;-1.30806;2.01532;0.00939125;0.538079;0.7;0.7
-1.51132;-1.30874;1.99922;-0.0073437;-0.420763;0.7;0.7
-1.50051;-1.29052;1.97914;0.00338492;0.193942;0.7;0.7
-1.45136;-1.34065;1.9758;-0.0354619;-2.03182;0.7;0.7
-1.48892;-1.20331;1.91438;0.066057;3.78479;0.7;0.7
-1.52417;-1.28355;1.99263;-0.0201999;-1.15737;0.7;0.7
-1.5893;-1.34366;2.08117;-0.00193476;-0.110854;0.7;0.7
-1.54891;-0.921699;1.8024;0.165059;9.45719;0.7;0.7
-1.81619;-1.01601;2.08106;0.0267363;1.53188;0.7;0.7
-1.79593;-0.798789;1.96556;0.0915445;5.24511;0.7;0.7
-1.91071;-0.852419;2.09223;-0.0011272;-0.064584;0.7;0.7
-1.93673;-0.713473;2.06397;0.0666661;3.81968;0.7;0.7
-1.85093;-0.666715;1.96735;0.00722588;0.414012;0.7;0.7
-2.02404;-0.671525;2.13253;0.0253908;1.45479;0.7;0.7
-1.8264;-0.467445;1.88527;0.0697862;3.99846;0.7;0.7
-2.0087;-0.486551;2.06678;0.0129151;0.739982;0.7;0.7
-1.79101;-0.53626;1.86957;-0.0532779;-3.0526;0.7;0.7
-1.98554;-0.681864;2.09936;-0.0398736;-2.28459;0.7;0.7
-1.79409;-0.620441;1.89834;-0.00215422;-0.123427;0.7;0.7
-1.94986;-0.745525;2.08753;-0.0322462;-1.84757;0.7;0.7
-1.91821;-0.690357;2.03866;0.0197331;1.13062;0.7;0.7
-1.84881;-0.515284;1.91928;0.0736513;4.21991;0.7;0.7
-2.00396;-0.514692;2.069;0.0204087;1.16933;0.7;0.7
-1.87972;-0.428309;1.9279;0.027371;1.56824;0.7;0.7
-1.97576;-0.461254;2.02889;-0.00531659;-0.304618;0.7;0.7
-1.93053;-0.529727;2.00188;-0.0384544;-2.20328;0.7;0.7
-1.92556;-0.560479;2.00548;-0.0154433;-0.884834;0.7;0.7
-1.8738;-0.749379;2.0181;-0.0971938;-5.5688;0.7;0.7
-1.79692;-0.654388;1.91237;0.031197;1.78745;0.7;0.7
-1.8741;-0.687462;1.99621;-0.00233821;-0.133969;0.7;0.7
-1.94268;-0.857294;2.12343;-0.0640091;-3.66745;0.7;0.7
-1.80053;-0.823514;1.97992;-0.0133778;-0.766491;0.7;0.7
-1.92064;-0.794784;2.07859;0.0366127;2.09775;0.7;0.7
-1.64433;-0.692829;1.78433;-0.00641292;-0.367433;0.7;0.7
-1.7291;-0.835613;1.92043;-0.0513997;-2.94498;0.7;0.7
-1.71143;-0.935195;1.95028;-0.0499377;-2.86122;0.7;0.7
-1.63995;-0.869633;1.85626;0.0125304;0.71794;0.7;0.7
-1.76855;-0.918772;1.99296;0.00844549;0.483891;0.7;0.7
-1.76962;-0.986255;2.0259;-0.0293196;-1.67989;0.7;0.7
-1.98051;-1.08632;2.25888;0.00675664;0.387127;0.7;0.7
-1.74021;-0.927697;1.97204;0.0119217;0.683063;0.7;0.7
-1.78811;-0.937069;2.01877;0.00706488;0.404788;0.7;0.7
-1.83891;-0.950129;2.06986;0.00580375;0.33253;0.7;0.7
-1.77485;-0.918993;1.99866;-0.000872866;-0.0500116;0.7;0.7
-1.77735;-0.864067;1.97625;0.0252657;1.44762;0.7;0.7
-1.76757;-0.869077;1.96967;-0.00445764;-0.255404;0.7;0.7
-1.76308;-0.663067;1.88364;0.0972472;5.57185;0.7;0.7
-1.81257;-0.63408;1.92028;0.0232034;1.32946;0.7;0.7
-1.92176;-0.642873;2.02643;0.0136959;0.784715;0.7;0.7
-1.87272;-0.637604;1.97828;-0.00533875;-0.305888;0.7;0.7
-1.95142;-0.588068;2.03811;0.0354623;2.03184;0.7;0.7
-1.88125;-0.441057;1.93226;0.0624077;3.5757;0.7;0.7
-1.93665;-0.512981;2.00343;-0.0286445;-1.64121;0.7;0.7
-1.88899;-0.535484;1.96342;-0.0172946;-0.990905;0.7;0.7
-1.90604;-0.494434;1.96912;0.0224194;1.28454;0.7;0.7
-1.96945;-0.382904;2.00633;0.0617838;3.53995;0.7;0.7
-2.11259;-0.499635;2.17087;-0.0402095;-2.30383;0.7;0.7
-1.85459;-0.533245;1.92973;-0.0477396;-2.73528;0.7;0.7
-1.98731;-0.594626;2.07436;-0.0107582;-0.6164;0.7;0.7
-1.75744;-0.769809;1.91865;-0.12212;-6.99698;0.7;0.7
-1.57996;-0.789858;1.76639;-0.0507324;-2.90675;0.7;0.7
-1.77595;-0.917536;1.99897;-0.0132891;-0.76141;0.7;0.7
-1.95512;-0.684669;2.07154;0.140029;8.02307;0.7;0.7
-1.92933;-0.660456;2.03925;0.00702657;0.402593;0.7;0.7
-1.95219;-0.7526;2.09224;-0.0381378;-2.18513;0.7;0.7
-1.76455;-0.733434;1.91091;-0.0259666;-1.48778;0.7;0.7
-2.08767;-0.906263;2.27589;-0.0156322;-0.895659;0.7;0.7
-1.88605;-0.774939;2.03905;0.0197066;1.1291;0.7;0.7
-1.8239;-0.82503;2.00182;-0.0349507;-2.00253;0.7;0.7
-1.82189;-0.792098;1.98663;0.0146861;0.841451;0.7;0.7
-1.91422;-0.788497;2.07026;0.0193782;1.11029;0.7;0.7
-1.80625;-0.938505;2.03552;-0.0884577;-5.06825;0.7;0.7
-1.77994;-1.19259;2.14253;-0.111126;-6.36706;0.7;0.7
-1.67113;-1.0954;1.99814;0.0101001;0.578693;0.7;0.7
-1.65915;-1.09216;1.98635;-0.00194433;-0.111402;0.7;0.7
-1.60557;-1.01858;1.90141;0.0168308;0.964335;0.7;0.7
-1.45807;-0.929736;1.72927;-0.00230901;-0.132296;0.7;0.7
-1.6914;-1.00471;1.9673;0.0316396;1.81282;0.7;0.7
-1.91294;-0.959366;2.14003;0.0711443;4.07627;0.7;0.7
-1.59259;-0.888535;1.82368;-0.0440449;-2.52358;0.7;0.7
-1.76164;-0.986946;2.01927;-0.00176937;-0.101378;0.7;0.7
-1.4681;-1.00312;1.77808;-0.0887396;-5.0844;0.7;0.7
-1.86794;-1.20653;2.22372;0.0259139;1.48476;0.7;0.7
-1.71249;-1.07728;2.02316;0.0119744;0.68608;0.7;0.7
-1.47508;-1.09583;1.83758;-0.0774129;-4.43543;0.7;0.7
-1.70976;-1.16982;2.07165;0.0388933;2.22842;0.7;0.7
-1.64626;-1.1557;2.01142;-0.0120338;-0.689484;0.7;0.7
-1.62288;-1.15309;1.99082;-0.00567466;-0.325134;0.7;0.7
-1.58331;-1.22322;2.00078;-0.0400395;-2.2941;0.7;0.7
-1.81399;-1.25806;2.20755;0.0514199;2.94615;0.7;0.7
-1.65181;-1.32708;2.11887;-0.070443;-4.03609;0.7;0.7
-1.52949;-1.19814;1.9429;0.0123017;0.704836;0.7;0.7
-1.57606;-1.25967;2.0176;-0.00977296;-0.559949;0.7;0.7
-1.51321;-1.22973;1.94988;-0.00812701;-0.465643;0.7;0.7
-1.58902;-1.27154;2.03514;0.00754488;0.43229;0.7;0.7
-1.53331;-1.32705;2.02783;-0.0385431;-2.20836;0.7;0.7
-1.53522;-1.32974;2.03103;-0.000388016;-0.0222317;0.7;0.7
-1.50151;-1.3076;1.99107;-0.0026808;-0.153598;0.7;0.7
-1.53383;-1.23692;1.97043;0.0378315;2.16758;0.7;0.7
-1.606;-1.2254;2.02011;0.0268696;1.53952;0.7;0.7
-1.58543;-1.09117;1.92464;0.0489846;2.80661;0.7;0.7
-1.66409;-1.21211;2.05874;-0.0267358;-1.53185;0.7;0.7
-1.74755;-1.29058;2.17245;-0.00657606;-0.376781;0.7;0.7
-1.5992;-1.23497;2.02054;-0.0214795;-1.23069;0.7;0.7
-1.47384;-1.4209;2.04723;-0.109527;-6.27544;0.7;0.7
-1.47497;-1.3352;1.98955;0.0314099;1.79965;0.7;0.7
-1.61114;-1.51647;2.21257;-0.0194353;-1.11356;0.7;0.7
-1.25203;-1.43311;1.90299;-0.0975989;-5.59201;0.7;0.7
-1.33289;-1.51933;2.02112;0.00206594;0.11837;0.7;0.7
-1.17831;-1.43702;1.85834;-0.0333273;-1.90951;0.7;0.7
-1.45628;-1.52505;2.10869;0.0755375;4.32798;0.7;0.7
-1.41724;-1.35534;1.961;0.0453847;2.60035;0.7;0.7
-1.50692;-1.41973;2.07038;0.00746032;0.427445;0.7;0.7
-1.4658;-1.39739;2.02516;-0.00589572;-0.3378;0.7;0.7
-1.48846;-1.43533;2.06777;-0.00571712;-0.327567;0.7;0.7
-1.44183;-1.39098;2.00343;-0.000221928;-0.0127156;0.7;0.7
-1.31661;-1.23918;1.80805;0.0123392;0.706983;0.7;0.7
-1.81481;-1.47195;2.3367;0.0736524;4.21997;0.7;0.7
-1.82472;-1.43122;2.31905;0.0163331;0.935817;0.7;0.7
-1.56671;-1.18407;1.96382;0.0179455;1.0282;0.7;0.7
-1.5913;-1.20062;1.99341;0.000812756;0.0465675;0.7;0.7
-1.59997;-1.37414;2.10906;-0.0632426;-3.62353;0.7;0.7
-1.51202;-1.24802;1.96055;0.0195728;1.12144;0.7;0.7
-1.55798;-1.23143;1.98588;0.0211777;1.21339;0.7;0.7
-1.6863;-1.30442;2.13193;0.0104651;0.599604;0.7;0.7
-1.57717;-1.2343;2.00274;-0.00564672;-0.323533;0.7;0.7
-1.37033;-1.1682;1.80069;-0.0419027;-2.40085;0.7;0.7
-1.57127;-1.31837;2.05109;0.00784176;0.4493;0.7;0.7
-1.46261;-1.30999;1.96349;-0.0323057;-1.85098;0.7;0.7
-1.59073;-1.42925;2.1385;-0.00156842;-0.0898636;0.7;0.7
-1.1385;-1.12019;1.59718;-0.0453139;-2.5963;0.7;0.7
-1.3866;-1.48049;2.02843;-0.040841;-2.34002;0.7;0.7
-1.31959;-1.41572;1.93535;-0.00239636;-0.137301;0.7;0.7
-1.18816;-1.56882;1.96798;-0.102074;-5.84843;0.7;0.7
-1.06691;-1.62757;1.9461;-0.0679481;-3.89314;0.7;0.7
-1.06317;-1.69499;2.00083;-0.0200353;-1.14794;0.7;0.7
-1.13088;-1.74701;2.08109;0.0142819;0.818292;0.7;0.7
-1.09745;-1.7207;2.04089;-0.00674753;-0.386605;0.7;0.7
-0.962918;-1.62594;1.88968;-0.0330647;-1.89447;0.7;0.7
-1.01111;-1.72673;2.00098;-0.00494381;-0.283259;0.7;0.7
-0.73809;-1.7226;1.87406;-0.124926;-7.15774;0.7;0.7
-0.713693;-1.81993;1.95486;-0.0310855;-1.78107;0.7;0.7
-0.699648;-1.84874;1.9767;-0.0119368;-0.683928;0.7;0.7
-0.717297;-1.86676;1.99983;0.00506472;0.290187;0.7;0.7
-0.833547;-1.95931;2.12925;0.0353804;2.02715;0.7;0.7
-0.528741;-1.73736;1.81604;-0.106804;-6.11942;0.7;0.7
-0.416025;-1.96968;2.01313;-0.087274;-5.00043;0.7;0.7
-0.404425;-1.93905;1.98078;-0.00253433;-0.145206;0.7;0.7
-0.299412;-1.88048;1.90417;-0.047725;-2.73444;0.7;0.7
-0.181331;-2.08502;2.09289;-0.0711455;-4.07634;0.7;0.7
-0.171567;-1.99214;1.99951;-0.000840583;-0.0481619;0.7;0.7
-0.103048;-1.95062;1.95334;-0.0331306;-1.89824;0.7;0.7
-0.155084;-2.0404;2.04628;0.0230816;1.32248;0.7;0.7
-0.128069;-1.96877;1.97293;-0.0109019;-0.624635;0.7;0.7
-0.196083;-1.84378;1.85418;0.0409911;2.34862;0.7;0.7
-0.231328;-1.9942;2.00758;0.00953425;0.546272;0.7;0.7
-0.633071;-1.81266;1.92003;0.220522;12.635;0.7;0.7
-0.621824;-1.74142;1.84911;0.00696061;0.398814;0.7;0.7
-0.744636;-1.87823;2.02045;0.034481;1.97562;0.7;0.7
-0.610165;-1.67237;1.7802;-0.0276054;-1.58167;0.7;0.7
-0.699371;-2.1103;2.22317;-0.0298251;-1.70885;0.7;0.7
-0.742356;-1.93079;2.06859;0.047041;2.69525;0.7;0.7
-0.71514;-1.77316;1.91194;0.0163021;0.934041;0.7;0.7
-0.795995;-1.72613;1.90082;0.0487231;2.79163;0.7;0.7
-0.881593;-1.86926;2.06672;0.00860964;0.493296;0.7;0.7
-0.823089;-1.77474;1.95632;-0.0064401;-0.368991;0.7;0.7
-0.81471;-1.95247;2.11563;-0.0389468;-2.23149;0.7;0.7
-0.797373;-1.83455;2.00035;0.0147032;0.842431;0.7;0.7
-0.879432;-2.01266;2.19641;0.00193911;0.111103;0.7;0.7
-1.02163;-1.71016;1.99208;0.126547;7.25062;0.7;0.7
-1.00991;-1.71785;1.99272;-0.00702601;-0.402561;0.7;0.7
-0.997994;-1.82627;2.08117;-0.0313442;-1.79589;0.7;0.7
-0.907837;-1.75079;1.97216;-0.021763;-1.24693;0.7;0.7
-1.08363;-1.67571;1.99556;0.0956665;5.48129;0.7;0.7
-1.10123;-1.69139;2.01829;0.00310593;0.177957;0.7;0.7
-1.01982;-1.88456;2.1428;-0.081115;-4.64755;0.7;0.7
-0.851058;-1.80056;1.99157;-0.0544811;-3.12154;0.7;0.7
-0.782792;-1.79437;1.95768;-0.0301781;-1.72908;0.7;0.7
-0.750492;-1.85934;2.00509;-0.0277247;-1.58851;0.7;0.7
-0.560387;-2.05089;2.12607;-0.116905;-6.69819;0.7;0.7
-0.566625;-1.94885;2.02955;0.0162176;0.929199;0.7;0.7
-0.644432;-1.98222;2.08435;0.0313793;1.7979;0.7;0.7
-0.598281;-1.87862;1.97159;-0.00601464;-0.344614;0.7;0.7
-0.528529;-1.98383;2.05303;-0.0479423;-2.74689;0.7;0.7
-0.49733;-1.83443;1.90065;0.00437497;0.250668;0.7;0.7
-0.763057;-2.05123;2.18856;0.0913924;5.2364;0.7;0.7
-0.748336;-1.7394;1.89355;0.0501509;2.87344;0.7;0.7
-1.02218;-1.78671;2.05845;0.113365;6.49533;0.7;0.7
-1.04212;-1.55006;1.86781;0.0722437;4.13926;0.7;0.7
-1.18839;-1.63292;2.01957;0.0372241;2.13278;0.7;0.7
-1.18651;-1.53411;1.93941;0.0292002;1.67305;0.7;0.7
-1.17488;-1.63241;2.01125;-0.0344798;-1.97555;0.7;0.7
-1.17807;-1.62138;2.00417;0.00450499;0.258117;0.7;0.7
-1.30849;-1.56255;2.03807;0.0687905;3.9414;0.7;0.7
-1.44223;-1.45628;2.04958;0.083415;4.77933;0.7;0.7
-1.61202;-1.77852;2.40036;-0.044224;-2.53385;0.7;0.7
-1.15578;-1.42915;1.83802;-0.056291;-3.22524;0.7;0.7
-1.05478;-1.85287;2.13206;-0.162523;-9.31191;0.7;0.7
-0.867513;-1.93554;2.12106;-0.0961564;-5.50936;0.7;0.7
-0.84333;-2.06073;2.22662;-0.0329131;-1.88578;0.7;0.7
-0.78479;-1.73444;1.90373;0.0364651;2.0893;0.7;0.7
-0.760747;-1.77801;1.93392;-0.020614;-1.18109;0.7;0.7
-0.992664;-1.87006;2.11719;0.0837036;4.79586;0.7;0.7
-0.962689;-1.67306;1.93026;0.0341407;1.95612;0.7;0.7
-1.15112;-1.77327;2.11413;0.0536382;3.07324;0.7;0.7
-1.19141;-1.36403;1.81109;0.142174;8.14594;0.7;0.7
-1.40201;-1.45897;2.02342;0.0475386;2.72376;0.7;0.7
-1.38872;-1.43379;1.99607;0.0039422;0.225871;0.7;0.7
-1.31378;-1.4378;1.94763;-0.0290782;-1.66606;0.7;0.7
-1.2926;-1.41028;1.91303;0.00153372;0.0878759;0.7;0.7
-1.3339;-1.41503;1.94464;0.014005;0.802425;0.7;0.7
-1.51458;-1.32093;2.00968;0.0976951;5.59752;0.7;0.7
-1.61899;-1.34807;2.10675;0.022867;1.31018;0.7;0.7
-1.57868;-1.28138;2.03326;0.0125222;0.717469;0.7;0.7
-1.57333;-1.24722;2.00772;0.0115291;0.660568;0.7;0.7
-1.56094;-1.23686;1.99157;0.000212913;0.012199;0.7;0.7
-1.59318;-1.33496;2.07854;-0.0273635;-1.56781;0.7;0.7
-1.45389;-1.20994;1.8915;0.00336637;0.192879;0.7;0.7
-1.67298;-1.18588;2.05065;0.0774392;4.43694;0.7;0.7
-1.81252;-1.17875;2.1621;0.0400204;2.293;0.7;0.7
-1.73565;-1.31486;2.17746;-0.0717073;-4.10852;0.7;0.7
-1.81097;-0.901651;2.02301;0.186369;10.6781;0.7;0.7
-1.88541;-0.9204;2.09807;0.00781456;0.447741;0.7;0.7
-1.87092;-0.859549;2.05893;0.0234748;1.34501;0.7;0.7
-2.00229;-0.677198;2.11371;0.104529;5.98909;0.7;0.7
-1.92549;-0.706687;2.05108;-0.0256183;-1.46782;0.7;0.7
-1.90638;-0.66645;2.01952;0.0154445;0.884907;0.7;0.7
-1.8901;-0.65985;2.00197;0.000427687;0.0245047;0.7;0.7
-1.84585;-0.69651;1.97289;-0.024938;-1.42884;0.7;0.7
-1.86567;-0.704963;1.99441;-0.000458312;-0.0262593;0.7;0.7
-1.90202;-0.652437;2.01081;0.0308311;1.76649;0.7;0.7
-1.90837;-0.71105;2.03653;-0.0262148;-1.502;0.7;0.7
-1.87802;-0.82011;2.04928;-0.0550686;-3.1552;0.7;0.7
-2.00072;-0.916163;2.2005;-0.0176896;-1.01354;0.7;0.7
-1.69625;-0.632625;1.81038;0.0724423;4.15064;0.7;0.7
-1.88617;-0.709301;2.01513;-0.00271743;-0.155697;0.7;0.7
-1.96761;-0.575631;2.05009;0.0750836;4.30197;0.7;0.7
-1.91024;-0.719717;2.04132;-0.07571;-4.33786;0.7;0.7
-1.88521;-0.74997;2.02891;-0.018303;-1.04869;0.7;0.7
-1.71847;-0.878033;1.92979;-0.0937361;-5.37068;0.7;0.7
-1.75692;-1.07355;2.05895;-0.0761383;-4.36241;0.7;0.7
-1.51934;-1.00265;1.82036;-0.0348241;-1.99528;0.7;0.7
-1.49755;-1.03721;1.82166;-0.0224229;-1.28474;0.7;0.7
-1.77922;-1.06342;2.07279;0.0670241;3.8402;0.7;0.7
-1.65635;-0.891035;1.88081;0.0451758;2.58838;0.7;0.7
-1.70736;-0.835894;1.90099;0.0382645;2.19239;0.7;0.7
-1.85573;-0.706314;1.98561;0.0915991;5.24824;0.7;0.7
-1.48641;-0.678306;1.63386;-0.0644322;-3.69169;0.7;0.7
-1.79534;-0.874557;1.99702;-0.0251826;-1.44285;0.7;0.7
-1.83433;-0.881206;2.03502;0.00545482;0.312538;0.7;0.7
-1.64528;-1.04288;1.94796;-0.117106;-6.7097;0.7;0.7
-1.75686;-0.873705;1.96212;0.103453;5.92742;0.7;0.7
-2.04702;-0.770582;2.18726;0.101462;5.81332;0.7;0.7
-1.76884;-0.889497;1.9799;-0.105908;-6.06807;0.7;0.7
-1.80508;-0.863523;2.001;0.0197347;1.13071;0.7;0.7
-1.81432;-0.770687;1.97122;0.0445215;2.55089;0.7;0.7
-1.79391;-0.781688;1.95682;-0.00925298;-0.530157;0.7;0.7
-1.87751;-0.828152;2.05204;-0.00448309;-0.256862;0.7;0.7
-1.73391;-1.04176;2.02279;-0.125597;-7.1962;0.7;0.7
-1.64338;-1.1194;1.98841;-0.0569466;-3.2628;0.7;0.7
-1.65333;-1.16475;2.02241;-0.0157662;-0.903338;0.7;0.7
-1.576;-0.938783;1.83442;0.076498;4.38301;0.7;0.7
-1.67474;-0.970067;1.9354;0.0122219;0.700265;0.7;0.7
-1.86898;-0.896484;2.07287;0.0777637;4.45553;0.7;0.7
-1.84816;-0.813729;2.01937;0.0324956;1.86186;0.7;0.7
-1.82456;-0.851111;2.01331;-0.0217178;-1.24434;0.7;0.7
-1.99073;-0.937921;2.20061;-0.00382924;-0.2194;0.7;0.7
-1.75104;-0.750898;1.90525;0.0351882;2.01613;0.7;0.7
-1.87974;-0.721815;2.01356;0.0384745;2.20443;0.7;0.7
-1.93173;-0.753218;2.07338;-0.00514993;-0.29507;0.7;0.7
-1.82007;-0.4899;1.88485;0.108852;6.23677;0.7;0.7
-1.84519;-0.214609;1.85763;0.147147;8.43089;0.7;0.7
-1.91451;-0.163994;1.92152;0.0303369;1.73817;0.7;0.7
-1.89594;-0.203355;1.90681;-0.0214001;-1.22614;0.7;0.7
-1.71896;-0.0475177;1.71962;0.0792137;4.53861;0.7;0.7
-1.89386;0.209019;1.90536;0.137558;7.8815;0.7;0.7
-2.20688;0.367465;2.23727;0.0550732;3.15546;0.7;0.7
-2.00306;0.260819;2.01997;-0.0355135;-2.03478;0.7;0.7
-1.95616;0.265257;1.97406;0.00529703;0.303497;0.7;0.7
-2.00497;0.373869;2.03953;0.0495755;2.84047;0.7;0.7
-1.95446;0.359013;1.98716;-0.00269076;-0.154169;0.7;0.7
-2.03189;0.34807;2.06149;-0.0120069;-0.687947;0.7;0.7
-1.9521;0.386298;1.98996;0.0257076;1.47294;0.7;0.7
-1.91906;0.470914;1.97599;0.0452695;2.59375;0.7;0.7
-2.11158;0.449534;2.1589;-0.0308755;-1.76904;0.7;0.7
-2.12775;0.386744;2.16262;-0.029959;-1.71652;0.7;0.7
-1.98081;0.26537;1.9985;-0.0466211;-2.67119;0.7;0.7
-1.93451;0.345679;1.96515;0.0436468;2.50078;0.7;0.7
-2.08665;0.366791;2.11864;-0.00282257;-0.161722;0.7;0.7
-1.63291;0.640763;1.75413;0.199941;11.4558;0.7;0.7
-1.86308;0.486543;1.92556;-0.118499;-6.78949;0.7;0.7
-1.90772;0.441234;1.95809;-0.0281532;-1.61306;0.7;0.7
-1.93498;0.401909;1.97628;-0.0224966;-1.28896;0.7;0.7
-1.81752;0.526433;1.89223;0.0771333;4.41941;0.7;0.7
-2.02275;0.553815;2.09719;-0.0146842;-0.841344;0.7;0.7
-1.83335;0.491853;1.89818;-0.00513518;-0.294224;0.7;0.7
-1.93729;0.461714;1.99155;-0.028144;-1.61253;0.7;0.7
-1.81315;0.512405;1.88416;0.0414581;2.37537;0.7;0.7
-1.79931;0.512583;1.8709;0.00210331;0.120511;0.7;0.7
-1.91999;0.547083;1.99641;5.83287e-05;0.00334199;0.7;0.7
-1.75379;0.523802;1.83034;0.0126497;0.724773;0.7;0.7
-1.91914;0.755167;2.06237;0.0846505;4.85012;0.7;0.7
-1.88157;0.75477;2.02731;0.0066025;0.378295;0.7;0.7
-1.84891;0.743114;1.99266;0.000672345;0.0385225;0.7;0.7
-1.81172;0.684623;1.93676;-0.0208615;-1.19528;0.7;0.7
-1.89397;0.683807;2.01363;-0.0148178;-0.848998;0.7;0.7
-1.82374;0.696756;1.9523;0.0184555;1.05742;0.7;0.7
-1.885;0.68902;2.00698;-0.0144943;-0.830463;0.7;0.7
