#1 AntVel X	#2 AntVel Y	#3 Speed	#4 Turning Angle Rad		#5 Turning Angle Deg	#6 Detected Phero Left	#7 Detected Phero Right	
1.99503;0.0644626;1.99607;0.0106408;0.609674;0.7;0.7
2.00547;0.0807628;2.0071;-0.00794898;-0.455443;0.7;0.7
1.96327;0.127435;1.9674;-0.0245692;-1.40771;0.7;0.7
1.98467;0.164307;1.99146;-0.0177811;-1.01878;0.7;0.7
1.99436;0.117775;1.99783;0.0236141;1.35299;0.7;0.7
1.84031;0.123256;1.84443;-0.00788991;-0.452059;0.7;0.7
1.97062;0.130116;1.97491;0.000943152;0.0540387;0.7;0.7
1.98088;0.262372;1.99818;-0.0657533;-3.76738;0.7;0.7
1.9308;0.263231;1.94866;-0.00381168;-0.218393;0.7;0.7
1.99543;0.262458;2.01261;0.00471851;0.270351;0.7;0.7
2.25081;0.178219;2.25786;0.0517639;2.96585;0.7;0.7
2.10077;-0.0401734;2.10116;0.0981357;5.62276;0.7;0.7
1.94982;-0.148731;1.95548;0.0570113;3.2665;0.7;0.7
1.94089;0.121794;1.94471;-0.138801;-7.95273;0.7;0.7
2.10876;0.00705171;2.10878;0.0593253;3.39909;0.7;0.7
1.94682;0.136956;1.95163;-0.066889;-3.83246;0.7;0.7
1.91854;-0.0044595;1.91855;0.0725574;4.15723;0.7;0.7
1.90408;0.120364;1.90788;-0.065454;-3.75024;0.7;0.7
1.99682;0.124538;2.0007;0.000841816;0.0482325;0.7;0.7
2.04475;0.149982;2.05025;-0.0109309;-0.626292;0.7;0.7
1.97116;0.26909;1.98944;-0.0624559;-3.57846;0.7;0.7
1.94658;0.12965;1.95089;0.0691689;3.96309;0.7;0.7
1.91619;0.109707;1.91933;0.00931522;0.533723;0.7;0.7
2.08506;0.147973;2.0903;-0.0136589;-0.782597;0.7;0.7
1.72223;0.222904;1.7366;-0.0578625;-3.31528;0.7;0.7
2.04133;0.435371;2.08724;-0.0814184;-4.66493;0.7;0.7
1.94826;0.411775;1.9913;0.00184053;0.105455;0.7;0.7
1.94321;0.305379;1.96705;0.0524123;3.003;0.7;0.7
2.02121;0.591496;2.10598;-0.128818;-7.38074;0.7;0.7
1.97473;0.610894;2.06706;-0.0153227;-0.877929;0.7;0.7
1.91714;0.623617;2.01601;-0.0144718;-0.829173;0.7;0.7
2.07291;0.413256;2.11371;0.11771;6.74429;0.7;0.7
1.86478;0.441111;1.91624;-0.0354994;-2.03396;0.7;0.7
1.95799;0.329831;1.98557;0.065392;3.74669;0.7;0.7
1.92879;0.393782;1.96858;-0.0345055;-1.97702;0.7;0.7
1.90582;0.365592;1.94057;0.0118661;0.679876;0.7;0.7
2.0483;0.201355;2.05818;0.0915383;5.24476;0.7;0.7
2.07706;0.144591;2.08209;0.0284871;1.63219;0.7;0.7
1.9008;0.0971924;1.90328;0.0184135;1.05502;0.7;0.7
1.8891;0.10886;1.89224;-0.00647369;-0.370915;0.7;0.7
2.0093;-0.0141536;2.00935;0.0646054;3.70162;0.7;0.7
2.00265;0.107804;2.00555;-0.0608228;-3.48489;0.7;0.7
1.99919;0.125211;2.0031;-0.00877032;-0.502502;0.7;0.7
1.99606;0.165852;2.00294;-0.0203499;-1.16596;0.7;0.7
2.05691;0.395954;2.09467;-0.107274;-6.14637;0.7;0.7
2.11278;0.244875;2.12692;0.0747866;4.28496;0.7;0.7
1.97467;-0.0428806;1.97513;0.137099;7.85519;0.7;0.7
1.98986;-0.014206;1.98991;-0.0145729;-0.834965;0.7;0.7
1.87014;0.101567;1.8729;-0.0613955;-3.5177;0.7;0.7
1.83169;0.121389;1.83571;-0.0119187;-0.682892;0.7;0.7
1.97239;0.0391948;1.97278;0.046306;2.65314;0.7;0.7
1.72942;-0.0292874;1.72966;0.0368024;2.10862;0.7;0.7
2.28826;0.195916;2.29663;-0.102343;-5.86381;0.7;0.7
1.69679;0.17689;1.70598;-0.0184652;-1.05798;0.7;0.7
1.97406;0.156782;1.98028;0.0246199;1.41062;0.7;0.7
2.0825;0.133035;2.08674;0.0154589;0.885729;0.7;0.7
1.99437;0.125802;1.99833;0.00080076;0.0458802;0.7;0.7
2.14021;-0.0618285;2.1411;0.0918761;5.26411;0.7;0.7
1.95618;0.0335925;1.95646;-0.0460518;-2.63857;0.7;0.7
1.83447;-0.0188735;1.83456;0.0274587;1.57327;0.7;0.7
1.92759;-0.0525016;1.9283;0.0169423;0.970721;0.7;0.7
1.61124;0.046355;1.6119;-0.055992;-3.20811;0.7;0.7
1.77661;0.0940749;1.7791;-0.0241406;-1.38315;0.7;0.7
2.08891;0.241708;2.10285;-0.0622952;-3.56925;0.7;0.7
1.98795;0.206671;1.99866;0.0116077;0.665069;0.7;0.7
1.86676;0.221939;1.8799;-0.0147445;-0.844796;0.7;0.7
2.08496;0.273711;2.10285;-0.0121976;-0.69887;0.7;0.7
1.91572;0.192623;1.92538;0.0303204;1.73723;0.7;0.7
2.02715;0.13033;2.03133;0.0360078;2.06309;0.7;0.7
2.07972;0.144226;2.08471;-0.00503379;-0.288415;0.7;0.7
2.0062;0.13305;2.01061;0.00301525;0.172761;0.7;0.7
1.72258;-0.023119;1.72273;0.0796428;4.5632;0.7;0.7
1.92129;0.0823438;1.92305;-0.0562528;-3.22305;0.7;0.7
1.93995;0.147781;1.94558;-0.0331985;-1.90214;0.7;0.7
1.95021;-0.00304178;1.95021;0.0775907;4.44562;0.7;0.7
1.85855;0.0307971;1.85881;-0.0181287;-1.0387;0.7;0.7
2.00939;-0.0175369;2.00946;0.0252962;1.44937;0.7;0.7
1.82517;0.0666169;1.82639;-0.04521;-2.59034;0.7;0.7
1.99828;0.074241;1.99966;-0.000652677;-0.0373956;0.7;0.7
1.99743;0.0740725;1.9988;6.84538e-05;0.00392211;0.7;0.7
1.98921;0.0711389;1.99048;0.00131981;0.0756194;0.7;0.7
1.83889;0.0108353;1.83892;0.0298549;1.71056;0.7;0.7
2.09814;-0.247409;2.11267;0.123269;7.06279;0.7;0.7
2.08068;-0.262516;2.09718;0.00812841;0.465723;0.7;0.7
2.14554;-0.320341;2.16932;0.022706;1.30096;0.7;0.7
1.98068;-0.279314;2.00028;-0.00811544;-0.464981;0.7;0.7
2.09891;-0.521622;2.16276;0.10349;5.92954;0.7;0.7
1.90018;-0.292948;1.92263;-0.0906211;-5.19221;0.7;0.7
1.8241;-0.450002;1.87879;0.0889038;5.09381;0.7;0.7
1.9227;-0.506444;1.98828;0.015684;0.898627;0.7;0.7
2.041;-0.546885;2.113;0.0042478;0.243381;0.7;0.7
2.06193;-0.433271;2.10696;-0.0546842;-3.13317;0.7;0.7
1.95579;-0.408099;1.99791;-0.00140571;-0.0805415;0.7;0.7
2.14516;-0.524244;2.20829;0.0339769;1.94674;0.7;0.7
1.94224;-0.473001;1.99901;-0.000803623;-0.0460442;0.7;0.7
1.85084;-0.567858;1.93599;0.0588107;3.36961;0.7;0.7
1.80998;-0.543307;1.88977;-0.00607948;-0.348329;0.7;0.7
1.87018;-0.61704;1.96934;0.0270763;1.55136;0.7;0.7
1.85864;-0.685202;1.98092;0.0345076;1.97714;0.7;0.7
1.83436;-0.575999;1.92267;-0.0489423;-2.80419;0.7;0.7
1.90763;-0.595969;1.99856;-0.00145105;-0.083139;0.7;0.7
1.84025;-0.428576;1.8895;-0.073994;-4.23954;0.7;0.7
1.8576;-0.529969;1.93172;0.0491034;2.81342;0.7;0.7
1.98646;-0.565364;2.06535;-0.000637613;-0.0365326;0.7;0.7
1.56093;-0.477698;1.63239;0.0197073;1.12915;0.7;0.7
1.91439;-0.558128;1.99409;-0.0133038;-0.76225;0.7;0.7
1.76827;-0.493487;1.83584;-0.0115256;-0.66037;0.7;0.7
1.9043;-0.542716;1.98013;0.00548;0.313981;0.7;0.7
1.85666;-0.409012;1.90118;-0.0608033;-3.48377;0.7;0.7
1.88041;-0.550412;1.95931;0.067922;3.89164;0.7;0.7
1.92838;-0.599818;2.01951;0.0168079;0.963023;0.7;0.7
1.90164;-0.496904;1.96549;-0.045974;-2.63411;0.7;0.7
2.05576;-0.626168;2.149;0.040077;2.29625;0.7;0.7
2.02367;-0.474474;2.07855;-0.0653622;-3.74498;0.7;0.7
1.98996;-0.343506;2.01939;-0.0593674;-3.4015;0.7;0.7
1.95586;-0.272806;1.9748;-0.0323483;-1.85342;0.7;0.7
2.12203;-0.282154;2.1407;-0.006398;-0.366578;0.7;0.7
1.85302;-0.380737;1.89174;0.0704585;4.03698;0.7;0.7
1.94019;-0.400392;1.98107;0.000863391;0.0494686;0.7;0.7
1.79011;-0.171487;1.79831;-0.108006;-6.18826;0.7;0.7
1.95288;-0.222532;1.96552;0.017956;1.02881;0.7;0.7
1.87663;-0.312341;1.90244;0.0514643;2.94869;0.7;0.7
2.05466;-0.231615;2.06767;-0.0526728;-3.01793;0.7;0.7
1.91161;-0.0682615;1.91283;-0.076559;-4.38651;0.7;0.7
2.0464;0.023658;2.04654;-0.0472539;-2.70745;0.7;0.7
1.97024;0.0147658;1.9703;0.00406598;0.232963;0.7;0.7
2.20902;-0.018651;2.2091;0.0159372;0.913132;0.7;0.7
1.81753;0.0565822;1.81841;-0.0395642;-2.26686;0.7;0.7
2.03073;0.25113;2.0462;-0.0919191;-5.26658;0.7;0.7
1.98626;0.244348;2.00123;0.00063606;0.0364436;0.7;0.7
1.94842;0.283065;1.96888;-0.0218651;-1.25278;0.7;0.7
2.14921;0.372443;2.18124;-0.0273195;-1.56529;0.7;0.7
2.07454;0.220572;2.08623;0.0656634;3.76223;0.7;0.7
1.8472;0.228017;1.86122;-0.0168922;-0.967852;0.7;0.7
1.97978;0.147398;1.98526;0.0485032;2.77903;0.7;0.7
2.14073;0.170217;2.14749;-0.00503182;-0.288302;0.7;0.7
2.0422;0.182006;2.05029;-0.0095413;-0.546676;0.7;0.7
2.0598;0.291137;2.08027;-0.0515248;-2.95216;0.7;0.7
2.08693;0.0975497;2.08921;0.0937034;5.36881;0.7;0.7
2.22473;0.295262;2.24424;-0.0852378;-4.88377;0.7;0.7
1.86519;0.42969;1.91405;-0.0944757;-5.41306;0.7;0.7
1.89229;0.468925;1.94953;-0.016492;-0.944922;0.7;0.7
1.96364;0.409415;2.00587;0.0373616;2.14066;0.7;0.7
1.94982;0.426592;1.99594;-0.00983857;-0.563709;0.7;0.7
2.05906;0.702417;2.17557;-0.113364;-6.49528;0.7;0.7
1.86534;0.656727;1.97757;-0.00975957;-0.559182;0.7;0.7
1.91437;0.685241;2.03331;-0.00522157;-0.299174;0.7;0.7
2.03877;0.583232;2.12055;0.0651076;3.73039;0.7;0.7
2.03262;0.73479;2.16136;-0.0682526;-3.91059;0.7;0.7
1.69766;0.471616;1.76195;0.0759113;4.3494;0.7;0.7
2.08614;0.524879;2.15116;0.0244837;1.40281;0.7;0.7
1.93251;0.519215;2.00104;-0.0159893;-0.916119;0.7;0.7
1.92944;0.517903;1.99774;0.00023659;0.0135556;0.7;0.7
1.98036;0.537176;2.05193;-0.00263806;-0.15115;0.7;0.7
1.73474;0.447927;1.79164;0.0121869;0.698257;0.7;0.7
2.34763;0.268058;2.36288;0.139;7.96413;0.7;0.7
1.90904;0.50804;1.97548;-0.146405;-8.3884;0.7;0.7
1.85052;0.574743;1.93771;-0.0410441;-2.35165;0.7;0.7
1.77153;0.656249;1.88918;-0.0536286;-3.07269;0.7;0.7
1.87297;0.660347;1.98597;0.015808;0.905731;0.7;0.7
1.97409;0.564484;2.05321;0.0604465;3.46333;0.7;0.7
1.9474;0.376394;1.98344;0.0875871;5.01837;0.7;0.7
2.03442;0.433576;2.08011;-0.0190516;-1.09157;0.7;0.7
1.97449;0.400607;2.01472;0.00980352;0.561701;0.7;0.7
1.9857;0.359742;2.01802;0.0209517;1.20045;0.7;0.7
1.95712;0.364656;1.99081;-0.00498703;-0.285736;0.7;0.7
1.98757;0.290184;2.00864;0.0392344;2.24797;0.7;0.7
1.9792;0.289784;2.00031;-0.000405802;-0.0232507;0.7;0.7
1.9751;0.29584;1.99714;-0.00329786;-0.188954;0.7;0.7
1.95918;0.306573;1.98302;-0.00654249;-0.374857;0.7;0.7
2.12942;0.418858;2.17023;-0.0389992;-2.23449;0.7;0.7
2.06158;0.254062;2.07718;0.0716028;4.10254;0.7;0.7
1.9857;0.235885;1.99967;0.00438052;0.250986;0.7;0.7
1.91131;0.512061;1.97871;-0.143527;-8.22348;0.7;0.7
1.93757;0.497421;2.0004;0.0104672;0.599726;0.7;0.7
1.88685;0.437299;1.93686;0.0235567;1.3497;0.7;0.7
1.99662;0.236922;2.01063;0.109631;6.28141;0.7;0.7
1.99611;0.246102;2.01122;-0.00456286;-0.261433;0.7;0.7
2.02323;0.248575;2.03845;0.000424532;0.0243239;0.7;0.7
2.02015;0.684891;2.13309;-0.204622;-11.724;0.7;0.7
1.89393;0.642427;1.99992;-0.000154901;-0.00887517;0.7;0.7
1.91552;0.711483;2.04338;-0.0286147;-1.6395;0.7;0.7
1.89024;0.666795;2.00441;0.0165108;0.945999;0.7;0.7
1.88543;0.664651;1.99915;0.000210026;0.0120336;0.7;0.7
1.91146;0.604684;2.00483;0.0325327;1.86398;0.7;0.7
1.98558;0.675269;2.09726;-0.0214315;-1.22793;0.7;0.7
1.89015;0.594435;1.98142;0.0231198;1.32467;0.7;0.7
1.88644;0.494257;1.95011;0.0484512;2.77605;0.7;0.7
1.75378;0.246628;1.77104;0.116536;6.677;0.7;0.7
1.98251;0.272586;2.00116;0.0030713;0.175973;0.7;0.7
1.98021;0.24803;1.99568;0.0120329;0.689434;0.7;0.7
2.00939;0.2249;2.02194;0.0131454;0.753174;0.7;0.7
2.05809;0.233574;2.07131;-0.00154621;-0.0885912;0.7;0.7
2.0295;0.263247;2.0465;-0.0159835;-0.915789;0.7;0.7
1.97576;0.273672;1.99462;-0.00864913;-0.495559;0.7;0.7
1.94139;0.206686;1.95236;0.0315762;1.80918;0.7;0.7
1.82603;0.113378;1.82955;0.0440529;2.52405;0.7;0.7
1.86656;0.113436;1.87;0.00131186;0.0751641;0.7;0.7
2.11995;0.113693;2.123;0.00712002;0.407947;0.7;0.7
1.79896;0.167369;1.80673;-0.0391912;-2.24549;0.7;0.7
2.00438;0.202766;2.01461;-0.00804861;-0.461152;0.7;0.7
1.97828;0.231009;1.99172;-0.0154277;-0.883945;0.7;0.7
1.98335;0.246363;1.9986;-0.0073362;-0.420333;0.7;0.7
2.0687;0.280152;2.08759;-0.011023;-0.631572;0.7;0.7
1.99971;0.276693;2.01876;-0.00288852;-0.1655;0.7;0.7
1.87823;0.285935;1.89987;-0.013583;-0.778247;0.7;0.7
1.88674;0.437177;1.93673;-0.0766151;-4.38972;0.7;0.7
1.93455;0.629405;2.03436;-0.0868568;-4.97653;0.7;0.7
1.94279;0.495184;2.0049;0.0649796;3.72306;0.7;0.7
2.04965;0.487245;2.10676;0.0161792;0.927;0.7;0.7
2.02618;0.572565;2.10553;-0.0420123;-2.40713;0.7;0.7
1.95261;0.551374;2.02896;0.000189479;0.0108564;0.7;0.7
1.81449;0.67806;1.93704;-0.0824115;-4.72183;0.7;0.7
1.89923;0.725411;2.03305;-0.00722558;-0.413995;0.7;0.7
1.84813;0.705117;1.97807;0.00036688;0.0210207;0.7;0.7
1.80586;0.674111;1.92758;0.00721177;0.413204;0.7;0.7
2.05875;0.948746;2.26684;-0.0745571;-4.27181;0.7;0.7
1.8186;0.841872;2.00401;-0.0017212;-0.0986177;0.7;0.7
1.77703;0.863104;1.97555;-0.0185924;-1.06526;0.7;0.7
1.79362;0.595526;1.8899;0.13157;7.53842;0.7;0.7
2.0524;0.527269;2.11905;0.0691061;3.95949;0.7;0.7
1.86349;0.79136;2.02456;-0.150122;-8.60135;0.7;0.7
1.77304;1.00222;2.0367;-0.112893;-6.46832;0.7;0.7
1.82579;1.13396;2.14928;-0.0412934;-2.36594;0.7;0.7
1.52137;1.12144;1.89002;-0.0794371;-4.55141;0.7;0.7
1.42507;1.06065;1.77646;-0.00461705;-0.264537;0.7;0.7
1.59266;1.16225;1.97165;0.00941067;0.539192;0.7;0.7
1.62833;1.0898;1.95937;0.040613;2.32695;0.7;0.7
1.71438;1.22597;2.10763;-0.0309875;-1.77546;0.7;0.7
1.68924;1.09406;2.01258;0.0460598;2.63903;0.7;0.7
1.51202;1.20876;1.9358;-0.0996626;-5.71025;0.7;0.7
1.68048;1.04261;1.97763;0.119094;6.82361;0.7;0.7
1.73341;1.06135;2.03253;0.00589252;0.337617;0.7;0.7
1.72558;1.04025;2.01488;0.00690427;0.395585;0.7;0.7
1.75036;1.13052;2.08371;-0.0309697;-1.77443;0.7;0.7
1.60601;1.01977;1.90242;0.00773886;0.443404;0.7;0.7
1.62071;1.09333;1.95501;-0.0277394;-1.58935;0.7;0.7
1.80043;1.04302;2.08072;0.0684023;3.91916;0.7;0.7
1.77638;1.05222;2.06462;-0.00969578;-0.555527;0.7;0.7
1.88417;0.77164;2.03606;0.146066;8.36899;0.7;0.7
1.89278;0.886979;2.09029;-0.0495232;-2.83747;0.7;0.7
1.79933;0.878192;2.0022;-0.0158303;-0.90701;0.7;0.7
1.57092;0.769427;1.74923;-0.00139451;-0.0798994;0.7;0.7
1.7994;0.884274;2.00494;-0.00131709;-0.0754638;0.7;0.7
1.86504;0.859328;2.05349;0.0250035;1.4326;0.7;0.7
1.93039;0.991459;2.17011;-0.0427106;-2.44714;0.7;0.7
1.77872;0.915006;2.00027;-0.000642724;-0.0368254;0.7;0.7
1.72047;0.847107;1.91771;0.0175903;1.00785;0.7;0.7
1.91061;0.837515;2.08611;0.0444027;2.54409;0.7;0.7
1.94518;0.698306;2.06673;0.0684597;3.92245;0.7;0.7
2.06134;0.731172;2.18718;0.0038014;0.217804;0.7;0.7
1.88411;0.668879;1.99932;-0.000269823;-0.0154597;0.7;0.7
1.92523;0.762764;2.07082;-0.0360899;-2.0678;0.7;0.7
1.85827;0.736105;1.99876;6.17793e-05;0.0035397;0.7;0.7
1.82339;0.739977;1.96782;-0.00835796;-0.478876;0.7;0.7
1.96541;0.904267;2.16345;-0.0456963;-2.6182;0.7;0.7
1.82801;0.831142;2.00809;0.0044831;0.256863;0.7;0.7
1.7859;0.840235;1.97369;-0.013025;-0.746276;0.7;0.7
1.66648;0.818999;1.85686;-0.0170319;-0.975854;0.7;0.7
1.66263;0.777096;1.83527;0.0195673;1.12112;0.7;0.7
1.81782;0.881009;2.02007;-0.0140722;-0.806278;0.7;0.7
1.79409;0.801798;1.96511;0.0310116;1.77684;0.7;0.7
1.91267;0.955431;2.13802;-0.0429893;-2.4631;0.7;0.7
1.70802;0.878693;1.92079;-0.011872;-0.680215;0.7;0.7
1.67308;0.829007;1.8672;0.0151035;0.865369;0.7;0.7
1.85215;0.888281;2.05414;0.0128477;0.736117;0.7;0.7
1.75398;0.850215;1.94918;-0.00417099;-0.23898;0.7;0.7
1.79381;0.876584;1.99654;-0.00318073;-0.182243;0.7;0.7
1.72583;0.775359;1.892;0.032299;1.8506;0.7;0.7
1.73431;1.03018;2.0172;-0.113753;-6.51757;0.7;0.7
1.51532;0.89007;1.75739;0.00490649;0.281121;0.7;0.7
1.72876;0.946045;1.97069;0.0303688;1.74;0.7;0.7
1.80798;1.06585;2.09877;-0.0319597;-1.83115;0.7;0.7
2.00097;0.891634;2.19064;0.113491;6.50256;0.7;0.7
1.80417;0.891726;2.01251;-0.0398531;-2.28341;0.7;0.7
1.75474;0.765504;1.91444;0.0476826;2.73201;0.7;0.7
2.01309;0.822772;2.17474;0.0233678;1.33888;0.7;0.7
1.84573;0.799895;2.01161;-0.0209499;-1.20034;0.7;0.7
1.74235;0.870742;1.94781;-0.0545052;-3.12292;0.7;0.7
1.86298;1.00793;2.11816;-0.0324854;-1.86128;0.7;0.7
1.65556;1.13883;2.00943;-0.106616;-6.10862;0.7;0.7
1.58995;1.15673;1.96621;-0.0264125;-1.51333;0.7;0.7
1.69921;1.17045;2.06331;0.0257774;1.47694;0.7;0.7
1.62817;1.12021;1.97631;0.000544591;0.0312028;0.7;0.7
1.77526;0.936871;2.0073;0.117049;6.7064;0.7;0.7
1.79276;0.898276;2.00522;0.0210982;1.20884;0.7;0.7
1.78721;0.897305;1.99981;-0.000810693;-0.0464493;0.7;0.7
1.8071;0.911804;2.0241;-0.00199213;-0.114141;0.7;0.7
1.81137;1.00157;2.06983;-0.0377976;-2.16564;0.7;0.7
1.58338;0.830648;1.78804;0.0219566;1.25802;0.7;0.7
1.78775;1.02474;2.06062;-0.0373466;-2.1398;0.7;0.7
1.69135;0.938361;1.93421;0.0139614;0.799929;0.7;0.7
1.59893;0.892775;1.83129;-0.00271632;-0.155634;0.7;0.7
1.69547;0.882101;1.91121;0.0295061;1.69058;0.7;0.7
1.78463;0.932174;2.01342;-0.00162291;-0.0929857;0.7;0.7
1.7977;0.859234;1.99248;0.035491;2.03348;0.7;0.7
1.74839;0.985913;2.00721;-0.0675864;-3.87241;0.7;0.7
1.94447;0.716315;2.07221;0.16049;9.19539;0.7;0.7
1.8595;0.779882;2.01642;-0.0441613;-2.53026;0.7;0.7
1.81181;0.845656;1.99944;-0.039572;-2.26731;0.7;0.7
1.86031;0.835406;2.03928;0.0146149;0.83737;0.7;0.7
1.78416;0.887205;1.99257;-0.0393814;-2.25639;0.7;0.7
1.63043;0.715688;1.78059;0.0478275;2.74031;0.7;0.7
1.80755;0.798423;1.97603;-0.00231074;-0.132396;0.7;0.7
1.96724;0.596211;2.0556;0.121672;6.97132;0.7;0.7
2.08098;0.53612;2.14894;0.0421259;2.41364;0.7;0.7
1.96891;0.519107;2.03619;-0.00564112;-0.323212;0.7;0.7
2.1258;0.629079;2.21693;-0.0299292;-1.71482;0.7;0.7
2.07217;0.472083;2.12526;0.0637175;3.65075;0.7;0.7
2.00511;0.469379;2.05932;-0.00595265;-0.341062;0.7;0.7
2.15605;0.344621;2.18341;0.0714516;4.09388;0.7;0.7
2.07399;0.496296;2.13255;-0.0763796;-4.37623;0.7;0.7
2.20026;0.410686;2.23826;0.050348;2.88473;0.7;0.7
1.80684;0.222998;1.82055;0.0617322;3.537;0.7;0.7
1.88108;0.190898;1.89074;0.0216609;1.24108;0.7;0.7
1.94154;0.188509;1.95067;0.00434794;0.249119;0.7;0.7
1.84377;0.119188;1.84762;0.0322354;1.84695;0.7;0.7
2.04805;0.0629081;2.04901;0.0338471;1.9393;0.7;0.7
1.98926;0.0380054;1.98962;0.0116036;0.664835;0.7;0.7
2.26115;0.198871;2.26988;-0.0686228;-3.93179;0.7;0.7
1.90285;0.0728746;1.90425;0.0494469;2.8331;0.7;0.7
2.14163;-0.114302;2.14468;0.0915996;5.24827;0.7;0.7
2.12322;-0.122094;2.12673;0.00412003;0.236061;0.7;0.7
2.03371;-0.0441146;2.03419;-0.0357525;-2.04847;0.7;0.7
1.69712;0.0344216;1.69747;-0.0419678;-2.40458;0.7;0.7
2.02926;0.0491936;2.02985;-0.00395785;-0.226768;0.7;0.7
1.99869;0.043931;1.99918;0.00226114;0.129554;0.7;0.7
1.87679;-0.0545867;1.87758;0.0510533;2.92514;0.7;0.7
1.943;0.0424795;1.94347;-0.0509363;-2.91844;0.7;0.7
1.824;-0.0937434;1.82641;0.0732085;4.19454;0.7;0.7
2.03863;-0.027626;2.03882;-0.0377987;-2.16571;0.7;0.7
2.04514;-0.0395988;2.04552;0.00580955;0.332863;0.7;0.7
2.00621;-0.046568;2.00675;0.00384773;0.220459;0.7;0.7
2.24366;-0.145652;2.24838;0.0416185;2.38456;0.7;0.7
1.97774;-0.124618;1.98167;-0.001899;-0.108805;0.7;0.7
1.9727;-0.141709;1.97779;0.00878465;0.503323;0.7;0.7
2.16376;0.012461;2.1638;-0.0774707;-4.43875;0.7;0.7
2.01981;0.0912545;2.02187;-0.0393902;-2.25689;0.7;0.7
2.00151;0.237606;2.01557;-0.0730109;-4.18322;0.7;0.7
2.1822;0.328569;2.2068;-0.0312853;-1.79251;0.7;0.7
1.9547;0.264299;1.97248;0.0150478;0.862178;0.7;0.7
2.13738;0.307364;2.15937;-0.00842768;-0.482871;0.7;0.7
2.02426;0.407523;2.06487;-0.0558392;-3.19935;0.7;0.7
1.94861;0.343055;1.97858;0.024399;1.39796;0.7;0.7
1.96662;0.316696;1.99196;0.0146006;0.836551;0.7;0.7
1.87532;0.320722;1.90255;-0.00971858;-0.556834;0.7;0.7
1.92797;0.42518;1.97429;-0.0476753;-2.73159;0.7;0.7
1.66792;0.443286;1.72582;-0.0427081;-2.44699;0.7;0.7
1.75901;0.384013;1.80044;0.0448272;2.56841;0.7;0.7
1.95421;0.426533;2.00022;4.62199e-05;0.00264821;0.7;0.7
1.97966;0.44999;2.03016;-0.00861598;-0.493659;0.7;0.7
1.96484;0.401884;2.00552;0.0217548;1.24646;0.7;0.7
1.91926;0.378362;1.9562;0.00711105;0.407433;0.7;0.7
2.01333;0.551719;2.08755;-0.0728241;-4.17251;0.7;0.7
1.9003;0.837305;2.07659;-0.147555;-8.4543;0.7;0.7
2.05492;0.650159;2.15532;0.108596;6.22212;0.7;0.7
1.97079;0.523424;2.03911;0.046828;2.68305;0.7;0.7
1.84348;0.590791;1.93584;-0.0505356;-2.89548;0.7;0.7
1.9558;0.553846;2.03271;0.0341783;1.95827;0.7;0.7
1.86046;0.156268;1.86702;0.192159;11.0099;0.7;0.7
2.12443;0.280279;2.14284;-0.0473762;-2.71446;0.7;0.7
1.81382;0.28201;1.83561;-0.0230701;-1.32182;0.7;0.7
1.9284;0.37548;1.96461;-0.038061;-2.18074;0.7;0.7
1.82058;0.546094;1.90072;-0.0991113;-5.67866;0.7;0.7
1.91755;0.573428;2.00145;0.000838279;0.0480299;0.7;0.7
1.99028;0.563054;2.06839;0.0148799;0.852554;0.7;0.7
2.03758;0.606175;2.12583;-0.0134624;-0.771341;0.7;0.7
1.85488;0.480162;1.91602;0.0358565;2.05443;0.7;0.7
2.04431;0.493965;2.10314;0.0162186;0.929257;0.7;0.7
2.20374;0.559428;2.27364;-0.0115171;-0.659882;0.7;0.7
1.90215;0.463087;1.95771;0.00979377;0.561141;0.7;0.7
2.07344;0.404862;2.1126;0.0459739;2.63411;0.7;0.7
1.81149;0.452367;1.86712;-0.0518809;-2.97255;0.7;0.7
1.91888;0.41569;1.96339;0.0313801;1.79795;0.7;0.7
1.9676;0.464429;2.02167;-0.01846;-1.05768;0.7;0.7
1.83388;0.442485;1.8865;-0.00496336;-0.28438;0.7;0.7
1.96148;0.423221;2.00662;0.0242498;1.38941;0.7;0.7
2.03655;0.537619;2.10632;-0.0455882;-2.61201;0.7;0.7
1.88964;0.560288;1.97096;-0.0301495;-1.72744;0.7;0.7
1.91167;0.544998;1.98784;0.0105237;0.602961;0.7;0.7
1.94671;0.523838;2.01596;0.0148602;0.851426;0.7;0.7
1.93996;0.444654;1.99027;0.037547;2.15128;0.7;0.7
1.94838;0.447457;1.9991;-0.000425468;-0.0243775;0.7;0.7
1.91201;0.512775;1.97958;-0.0362796;-2.07867;0.7;0.7
2.09888;0.289075;2.11869;0.125153;7.17075;0.7;0.7
1.94793;0.403766;1.98933;-0.0675181;-3.8685;0.7;0.7
2.05435;0.432093;2.0993;-0.00292263;-0.167454;0.7;0.7
1.95289;0.41173;1.99582;-0.00048046;-0.0275283;0.7;0.7
1.91039;0.415508;1.95506;-0.0063747;-0.365244;0.7;0.7
2.05874;0.461588;2.10985;-0.00639741;-0.366544;0.7;0.7
1.93411;0.586941;2.02121;-0.0740747;-4.24417;0.7;0.7
2.01588;0.739857;2.14736;-0.0571159;-3.2725;0.7;0.7
1.78532;0.750045;1.93648;-0.0459763;-2.63425;0.7;0.7
1.90047;0.649724;2.00847;0.0683096;3.91385;0.7;0.7
1.93073;0.678552;2.04649;-0.00854711;-0.489713;0.7;0.7
2.04868;0.633228;2.14431;0.0381895;2.1881;0.7;0.7
1.94327;0.599481;2.03363;0.000547584;0.0313742;0.7;0.7
1.89613;0.605368;1.99042;-0.00980834;-0.561976;0.7;0.7
2.04537;0.614759;2.13576;0.0170648;0.977739;0.7;0.7
2.04553;0.606222;2.13347;0.00385371;0.220801;0.7;0.7
1.92453;0.615839;2.02066;-0.0215797;-1.23642;0.7;0.7
2.02251;0.470118;2.07642;0.0813102;4.65873;0.7;0.7
1.94457;0.416982;1.98878;0.0171525;0.982765;0.7;0.7
1.80099;0.463007;1.85955;-0.0404006;-2.31479;0.7;0.7
1.97417;0.375783;2.00962;0.0635366;3.64038;0.7;0.7
2.15054;0.524262;2.21352;-0.0510185;-2.92315;0.7;0.7
1.82618;0.422222;1.87435;0.0119048;0.682094;0.7;0.7
1.98322;0.275902;2.00232;0.0889815;5.09826;0.7;0.7
1.85148;0.271027;1.87121;-0.00712003;-0.407948;0.7;0.7
1.82839;0.157513;1.83517;0.0594152;3.40424;0.7;0.7
2.01536;0.0582716;2.01621;0.0570306;3.26761;0.7;0.7
2.11095;0.158574;2.11689;-0.0460735;-2.63981;0.7;0.7
1.85522;0.114363;1.85875;0.0134132;0.768522;0.7;0.7
2.20461;0.125564;2.20818;0.00467198;0.267685;0.7;0.7
2.19061;0.147473;2.19556;-0.0103255;-0.591606;0.7;0.7
2.00867;0.121876;2.01236;0.00661868;0.379222;0.7;0.7
2.05307;-0.22117;2.06494;0.167913;9.62073;0.7;0.7
1.94702;-0.125814;1.95108;-0.0427837;-2.45132;0.7;0.7
2.01073;-0.141363;2.01569;0.00565986;0.324286;0.7;0.7
2.00811;-0.147266;2.01351;0.00301564;0.172784;0.7;0.7
1.90019;-0.192983;1.90996;0.0280084;1.60477;0.7;0.7
1.7123;-0.179819;1.72172;0.00341935;0.195914;0.7;0.7
1.88014;-0.295478;1.90322;0.0512498;2.9364;0.7;0.7
1.99968;-0.294298;2.02122;-0.0097582;-0.559104;0.7;0.7
1.93502;-0.331929;1.96328;0.0237609;1.3614;0.7;0.7
2.0445;-0.173069;2.05181;-0.085435;-4.89507;0.7;0.7
2.04241;-0.177489;2.05011;0.00223425;0.128013;0.7;0.7
1.99269;-0.172277;2.00012;-0.000444022;-0.0254406;0.7;0.7
1.98777;-0.178565;1.99577;0.0033517;0.192038;0.7;0.7
1.90336;-0.313949;1.92908;0.0738808;4.23306;0.7;0.7
2.01102;-0.643404;2.11144;0.146175;8.37521;0.7;0.7
1.98916;-0.545137;2.06251;-0.0421618;-2.41569;0.7;0.7
1.9979;-0.845474;2.16943;0.132843;7.61136;0.7;0.7
1.84014;-0.801582;2.00715;0.010494;0.601264;0.7;0.7
1.92166;-0.600559;2.01332;-0.107919;-6.18329;0.7;0.7
1.88204;-0.562059;1.96417;-0.012692;-0.727197;0.7;0.7
2.07667;-0.490099;2.13372;-0.058451;-3.349;0.7;0.7
1.9757;-0.521638;2.0434;0.026375;1.51118;0.7;0.7
1.89465;-0.555735;1.97448;0.0271787;1.55722;0.7;0.7
1.91493;-0.455806;1.96843;-0.0516358;-2.95852;0.7;0.7
2.03363;-0.368549;2.06675;-0.0543977;-3.11676;0.7;0.7
1.95534;-0.52879;2.02558;0.0848345;4.86066;0.7;0.7
1.9643;-0.392037;2.00304;-0.0671232;-3.84588;0.7;0.7
1.77423;-0.342643;1.80701;-0.006219;-0.356323;0.7;0.7
1.93233;-0.409464;1.97524;0.018039;1.03356;0.7;0.7
1.96578;-0.385818;2.00328;-0.0150088;-0.859938;0.7;0.7
2.00932;-0.433878;2.05563;0.0188641;1.08083;0.7;0.7
1.965;-0.346468;1.99531;-0.0381427;-2.18541;0.7;0.7
2.00621;0.011692;2.00625;-0.180353;-10.3335;0.7;0.7
2.03715;0.189491;2.04594;-0.086923;-4.98032;0.7;0.7
2.19545;0.18483;2.20321;0.00876092;0.501964;0.7;0.7
2.28025;0.0737607;2.28144;0.0516535;2.95953;0.7;0.7
1.89967;0.146505;1.90531;-0.0446329;-2.55727;0.7;0.7
1.94259;0.271246;1.96143;-0.0617652;-3.53888;0.7;0.7
2.13072;0.324283;2.15526;-0.0123001;-0.704746;0.7;0.7
2.05326;0.210359;2.064;0.0489396;2.80403;0.7;0.7
2.09749;0.0108114;2.09752;0.0969406;5.55429;0.7;0.7
1.98092;-0.0327808;1.98119;0.0217012;1.24339;0.7;0.7
1.8271;-0.225867;1.84101;0.106449;6.0991;0.7;0.7
1.88222;-0.207345;1.8936;-0.0132785;-0.760803;0.7;0.7
2.04418;-0.275961;2.06272;0.0244701;1.40203;0.7;0.7
1.93211;-0.351179;1.96377;0.0456088;2.61319;0.7;0.7
2.06214;-0.238311;2.07587;-0.064742;-3.70944;0.7;0.7
1.95939;-0.151324;1.96522;-0.0379771;-2.17593;0.7;0.7
2.05395;-0.107004;2.05674;-0.0250277;-1.43398;0.7;0.7
1.91712;-0.0965713;1.91955;-0.00171899;-0.0984907;0.7;0.7
1.89473;-0.104748;1.89762;0.00489731;0.280595;0.7;0.7
1.94881;0.0396953;1.94921;-0.075594;-4.33122;0.7;0.7
2.18182;-0.040298;2.18219;0.038834;2.22502;0.7;0.7
2.01807;0.0125884;2.01811;-0.0247056;-1.41553;0.7;0.7
1.72317;0.076574;1.72487;-0.0381708;-2.18703;0.7;0.7
1.98864;0.215335;2.00026;-0.0634538;-3.63564;0.7;0.7
1.97839;0.186526;1.98717;0.0138587;0.794042;0.7;0.7
1.97504;0.225401;1.98786;-0.0196293;-1.12468;0.7;0.7
1.98983;-0.0587917;1.9907;0.143171;8.20307;0.7;0.7
1.9585;-0.11549;1.9619;0.029363;1.68238;0.7;0.7
1.93327;-0.266192;1.95151;0.077929;4.46501;0.7;0.7
2.03189;-0.476548;2.08702;0.0935414;5.35953;0.7;0.7
2.20974;-0.498822;2.26534;-0.0083537;-0.478632;0.7;0.7
1.71581;-0.726158;1.86315;0.17834;10.2181;0.7;0.7
1.8671;-0.774116;2.02122;-0.00732077;-0.419449;0.7;0.7
1.78545;-0.675971;1.90913;-0.0311136;-1.78268;0.7;0.7
1.63736;-0.81882;1.83068;0.101794;5.83238;0.7;0.7
1.62589;-1.02744;1.92332;0.0998458;5.72074;0.7;0.7
1.56602;-1.10264;1.91527;0.0499123;2.85976;0.7;0.7
1.48031;-1.06835;1.82557;0.0116687;0.668565;0.7;0.7
1.57774;-1.03156;1.88504;-0.0460884;-2.64067;0.7;0.7
1.6289;-1.17742;2.00989;0.0468298;2.68315;0.7;0.7
1.75749;-1.10391;2.07542;-0.0650492;-3.72704;0.7;0.7
1.71423;-1.06638;2.01885;-0.0043443;-0.24891;0.7;0.7
1.61521;-1.15537;1.98589;0.0644325;3.69171;0.7;0.7
1.94051;-1.16212;2.26188;-0.0813352;-4.66017;0.7;0.7
1.7318;-1.13503;2.07061;0.0405763;2.32485;0.7;0.7
1.68813;-1.16423;2.05066;0.023587;1.35143;0.7;0.7
1.88609;-1.35583;2.32285;0.0195187;1.11834;0.7;0.7
1.67191;-1.22812;2.0745;0.0102785;0.588913;0.7;0.7
1.61529;-1.37436;2.12086;0.0714349;4.09292;0.7;0.7
1.45192;-1.29767;1.94731;0.024374;1.39653;0.7;0.7
1.39606;-1.36191;1.95033;0.043659;2.50148;0.7;0.7
1.53473;-1.47251;2.12689;-0.00830547;-0.475868;0.7;0.7
1.41669;-1.38272;1.97963;0.0085537;0.490091;0.7;0.7
1.38926;-1.33204;1.92468;-0.00889242;-0.509498;0.7;0.7
1.39088;-1.35852;1.94426;0.00925513;0.53028;0.7;0.7
1.35601;-1.35603;1.9177;0.0117792;0.674897;0.7;0.7
1.7308;-1.71146;2.43409;-0.00562895;-0.322515;0.7;0.7
1.41487;-1.37546;1.97326;-0.0085046;-0.487278;0.7;0.7
1.41325;-1.5708;2.11298;0.0668729;3.83153;0.7;0.7
1.24629;-1.64584;2.06447;0.084533;4.84338;0.7;0.7
1.28188;-1.36226;1.87055;-0.106892;-6.12448;0.7;0.7
1.28925;-1.72172;2.15092;0.112267;6.43243;0.7;0.7
1.06905;-1.76965;2.0675;0.099311;5.6901;0.7;0.7
1.14184;-1.87398;2.19445;-0.00381091;-0.218349;0.7;0.7
1.02986;-1.70692;1.99354;0.00436862;0.250303;0.7;0.7
1.0494;-1.76946;2.05724;0.00757302;0.433902;0.7;0.7
1.02087;-1.80908;2.07725;0.0215408;1.2342;0.7;0.7
0.992008;-1.77899;2.03688;0.00508153;0.29115;0.7;0.7
1.05994;-1.74401;2.04084;-0.037427;-2.14441;0.7;0.7
1.03546;-1.7237;2.0108;0.00515431;0.29532;0.7;0.7
0.939943;-1.65592;1.90409;0.024675;1.41377;0.7;0.7
0.997881;-1.51991;1.81821;-0.0646833;-3.70608;0.7;0.7
1.1016;-1.67322;2.00329;-0.0012806;-0.0733729;0.7;0.7
1.09821;-1.67421;2.00226;0.0016855;0.0965721;0.7;0.7
0.824628;-1.66857;1.86122;0.121548;6.96417;0.7;0.7
0.960929;-2.09502;2.30489;0.0289636;1.65949;0.7;0.7
0.813223;-1.81938;1.99286;0.00970495;0.556053;0.7;0.7
0.910583;-1.78354;2.00254;-0.0517142;-2.963;0.7;0.7
0.926564;-1.68024;1.91879;-0.0319011;-1.8278;0.7;0.7
0.993632;-1.68378;1.9551;-0.0291693;-1.67128;0.7;0.7
0.993701;-1.7373;2.00141;0.01356;0.77693;0.7;0.7
1.1839;-1.71853;2.08685;-0.0836797;-4.79449;0.7;0.7
1.13214;-1.69713;2.0401;0.0149456;0.85632;0.7;0.7
1.14462;-1.68668;2.03839;-0.00793939;-0.454894;0.7;0.7
0.883176;-1.7623;1.97122;0.131668;7.54403;0.7;0.7
0.922359;-1.76303;1.98973;-0.0174405;-0.999269;0.7;0.7
0.788744;-1.66474;1.84214;0.0395433;2.26567;0.7;0.7
0.796437;-1.82799;1.99395;0.031574;1.80905;0.7;0.7
0.818393;-1.84974;2.0227;-0.00565499;-0.324007;0.7;0.7
1.06709;-1.63647;1.95364;-0.161282;-9.2408;0.7;0.7
1.19283;-1.47243;1.89496;-0.103049;-5.90428;0.7;0.7
1.19392;-1.60648;2.00156;0.0417482;2.392;0.7;0.7
1.13673;-1.57535;1.94265;0.0140684;0.806059;0.7;0.7
1.13997;-1.70676;2.05246;0.0361931;2.07371;0.7;0.7
1.19202;-1.72855;2.09972;-0.0148496;-0.850819;0.7;0.7
1.11472;-1.60031;1.95028;-0.00469963;-0.269269;0.7;0.7
1.0547;-1.72545;2.02227;0.0597561;3.42377;0.7;0.7
1.0865;-1.57311;1.91185;-0.0557797;-3.19594;0.7;0.7
1.19441;-1.74992;2.11869;0.00552154;0.316361;0.7;0.7
1.22438;-1.55182;1.97668;-0.0690786;-3.95791;0.7;0.7
1.21826;-1.65784;2.05733;0.034264;1.96318;0.7;0.7
1.16961;-1.59541;1.97821;0.00113079;0.0647895;0.7;0.7
1.28875;-1.66565;2.10601;-0.0259063;-1.48432;0.7;0.7
1.24945;-1.53611;1.98009;-0.0243413;-1.39466;0.7;0.7
1.31968;-1.51407;2.00848;-0.0340568;-1.95131;0.7;0.7
1.29826;-1.61875;2.07505;0.0409384;2.3456;0.7;0.7
1.2776;-1.56168;2.01769;-0.00970888;-0.556278;0.7;0.7
1.2564;-1.56092;2.00375;0.00795166;0.455596;0.7;0.7
1.10503;-1.51419;1.87453;0.0472919;2.70963;0.7;0.7
1.07873;-1.63765;1.96101;0.047965;2.74819;0.7;0.7
1.13441;-1.67794;2.02543;-0.0120183;-0.688596;0.7;0.7
1.33113;-1.54109;2.03639;-0.11794;-6.75744;0.7;0.7
1.15404;-1.54373;1.92741;0.070486;4.03855;0.7;0.7
1.06952;-1.52554;1.8631;0.0304917;1.74705;0.7;0.7
1.02486;-1.70973;1.99337;0.071452;4.0939;0.7;0.7
1.06113;-1.75793;2.05337;-0.00308132;-0.176547;0.7;0.7
1.16539;-1.71654;2.07476;-0.053356;-3.05708;0.7;0.7
1.21042;-1.51561;1.93964;-0.077476;-4.43905;0.7;0.7
1.25692;-1.55499;1.99946;-0.00587979;-0.336887;0.7;0.7
1.34447;-1.45703;1.98256;-0.0654544;-3.75026;0.7;0.7
1.34997;-1.48297;2.0054;0.0067625;0.387463;0.7;0.7
1.25295;-1.57325;2.01122;0.0659343;3.77776;0.7;0.7
1.41513;-1.61689;2.14871;-0.0464059;-2.65886;0.7;0.7
0.961755;-1.52834;1.80577;0.157281;9.01154;0.7;0.7
1.07066;-1.68513;1.99649;-0.00433984;-0.248654;0.7;0.7
0.930876;-1.52507;1.78672;0.0179943;1.031;0.7;0.7
1.15946;-1.73036;2.0829;-0.0423336;-2.42554;0.7;0.7
0.993152;-1.65017;1.92598;0.0485737;2.78307;0.7;0.7
0.906505;-1.71463;1.93952;0.0554445;3.17673;0.7;0.7
1.06304;-1.76978;2.06451;-0.0545741;-3.12687;0.7;0.7
0.958237;-1.79248;2.03254;0.0499743;2.86332;0.7;0.7
1.11532;-1.80928;2.12542;-0.0614929;-3.52328;0.7;0.7
1.10961;-1.61636;1.96057;-0.0491751;-2.81753;0.7;0.7
1.28801;-1.71082;2.14147;-0.0437298;-2.50553;0.7;0.7
1.20056;-1.59636;1.99742;0.000513899;0.0294442;0.7;0.7
1.2048;-1.60612;2.00778;0.0012306;0.0705082;0.7;0.7
1.21276;-1.66224;2.05762;0.0132735;0.760513;0.7;0.7
1.03876;-1.70596;1.99732;0.0833748;4.77703;0.7;0.7
0.919588;-1.76581;1.99091;0.0668097;3.82792;0.7;0.7
1.10685;-1.80649;2.11861;-0.0695844;-3.98689;0.7;0.7
0.982884;-1.57947;1.86032;-0.00693457;-0.397321;0.7;0.7
1.35105;-1.62932;2.11661;-0.135654;-7.77238;0.7;0.7
0.999543;-1.53776;1.83406;0.115925;6.64203;0.7;0.7
1.14671;-1.80464;2.13815;0.010317;0.591122;0.7;0.7
1.01289;-1.69907;1.97808;0.0284795;1.63176;0.7;0.7
1.08624;-1.71775;2.03239;-0.0262984;-1.50679;0.7;0.7
1.08341;-1.79609;2.09755;0.0211048;1.20922;0.7;0.7
1.04344;-1.75408;2.04097;0.0061378;0.35167;0.7;0.7
1.15526;-1.94649;2.26351;0.00100047;0.0573227;0.7;0.7
0.944314;-1.87871;2.10268;0.069877;4.00366;0.7;0.7
1.08753;-1.94854;2.23149;-0.0433034;-2.4811;0.7;0.7
0.891938;-1.71849;1.93617;0.0303107;1.73668;0.7;0.7
0.875041;-1.88536;2.07853;0.0442138;2.53327;0.7;0.7
0.928428;-1.74536;1.97693;-0.054337;-3.11328;0.7;0.7
0.961358;-1.79353;2.03494;-0.00316854;-0.181544;0.7;0.7
0.916228;-1.73396;1.96114;0.00593084;0.339812;0.7;0.7
1.04133;-1.92328;2.18709;-0.0101307;-0.580446;0.7;0.7
0.838557;-1.59621;1.80307;0.0125256;0.717666;0.7;0.7
0.883047;-1.8079;2.01203;0.0293596;1.68218;0.7;0.7
1.02107;-1.85549;2.11788;-0.0487165;-2.79125;0.7;0.7
0.774084;-1.67946;1.84927;0.0711808;4.07836;0.7;0.7
0.797921;-1.84244;2.0078;0.0231989;1.3292;0.7;0.7
0.756738;-1.65964;1.82402;-0.0191114;-1.095;0.7;0.7
0.773793;-2.02853;2.1711;0.0633863;3.63177;0.7;0.7
0.620139;-1.77531;1.8805;0.0283546;1.6246;0.7;0.7
0.482779;-2.13731;2.19116;0.11391;6.52657;0.7;0.7
0.459323;-2.00378;2.05575;-0.00318248;-0.182343;0.7;0.7
0.647545;-2.01139;2.11306;-0.0861249;-4.93459;0.7;0.7
0.5656;-1.94342;2.02405;0.0282497;1.61859;0.7;0.7
0.544777;-1.92685;2.00238;0.00767353;0.439661;0.7;0.7
0.610982;-1.78736;1.8889;-0.0538457;-3.08513;0.7;0.7
0.560477;-2.05561;2.13065;0.0631964;3.62088;0.7;0.7
0.479207;-1.81688;1.87901;0.00830667;0.475937;0.7;0.7
0.291989;-1.79579;1.81937;0.0966941;5.54017;0.7;0.7
0.366467;-2.01191;2.04501;-0.0189872;-1.08789;0.7;0.7
0.351526;-1.96739;1.99855;0.00336302;0.192687;0.7;0.7
0.362639;-1.96285;1.99607;-0.00588102;-0.336957;0.7;0.7
0.413134;-2.0602;2.10121;-0.0152148;-0.871746;0.7;0.7
0.409898;-1.96443;2.00674;-0.00780264;-0.447058;0.7;0.7
0.591486;-2.02112;2.10589;-0.0789939;-4.52602;0.7;0.7
0.429492;-1.91918;1.96665;0.0645406;3.6979;0.7;0.7
0.512072;-2.00774;2.07201;-0.0295632;-1.69385;0.7;0.7
0.679896;-1.81867;1.94161;-0.108029;-6.18962;0.7;0.7
0.694924;-1.7731;1.90442;-0.0157722;-0.903681;0.7;0.7
0.767664;-1.84424;1.99763;-0.0209083;-1.19796;0.7;0.7
0.741145;-2.08304;2.21096;0.0526031;3.01393;0.7;0.7
0.674989;-1.87638;1.99409;-0.00348421;-0.199631;0.7;0.7
0.620455;-2.09769;2.18753;0.0577356;3.30801;0.7;0.7
0.566078;-1.91746;1.99928;0.000512281;0.0293515;0.7;0.7
0.671494;-2.13672;2.23975;-0.0174226;-0.998241;0.7;0.7
0.556669;-1.92506;2.00393;0.0229986;1.31773;0.7;0.7
0.557604;-1.91415;1.99372;-0.00196935;-0.112836;0.7;0.7
0.499572;-1.90558;1.96998;0.0270691;1.55095;0.7;0.7
0.256279;-1.96486;1.9815;0.126694;7.259;0.7;0.7
-0.0314962;-2.03282;2.03306;0.145192;8.31886;0.7;0.7
-0.191012;-1.87449;1.8842;0.0860574;4.93073;0.7;0.7
-0.1935;-1.82589;1.83612;0.00403142;0.230984;0.7;0.7
-0.205872;-2.07038;2.08059;-0.00647022;-0.370716;0.7;0.7
-0.259348;-2.14573;2.16135;0.0211719;1.21306;0.7;0.7
-0.132743;-1.92478;1.92935;-0.051427;-2.94655;0.7;0.7
-0.383735;-1.70307;1.74577;0.152763;8.75267;0.7;0.7
-0.405234;-1.92965;1.97174;-0.0146232;-0.837846;0.7;0.7
-0.540651;-1.97854;2.05108;0.0597493;3.42338;0.7;0.7
-0.626813;-1.90345;2.004;0.0513745;2.94354;0.7;0.7
-0.638622;-1.90693;2.01103;0.00503543;0.288509;0.7;0.7
-0.683884;-1.79521;1.92106;0.040822;2.33893;0.7;0.7
-0.657082;-1.92334;2.03248;-0.0347725;-1.99232;0.7;0.7
-0.640306;-1.87835;1.98449;-0.000671635;-0.0384819;0.7;0.7
-0.810594;-1.96868;2.12903;0.0620573;3.55562;0.7;0.7
-0.723892;-1.7674;1.9099;-0.00185318;-0.106179;0.7;0.7
-0.624556;-1.74515;1.85355;-0.0450597;-2.58173;0.7;0.7
-0.703833;-1.80098;1.93363;0.0288767;1.65451;0.7;0.7
-0.714918;-1.89248;2.02301;-0.0113589;-0.650815;0.7;0.7
-0.669282;-1.7797;1.90138;-0.0014911;-0.0854338;0.7;0.7
-0.683717;-1.88029;2.00074;-0.010944;-0.627043;0.7;0.7
-0.706009;-1.91228;2.03845;0.00491289;0.281488;0.7;0.7
-0.838205;-1.76852;1.9571;0.0889255;5.09505;0.7;0.7
-0.737596;-1.93696;2.07265;-0.078753;-4.51221;0.7;0.7
-0.711788;-1.89379;2.02313;-0.00432583;-0.247852;0.7;0.7
-0.764616;-1.81103;1.96583;0.0399757;2.29044;0.7;0.7
-0.894759;-1.83486;2.04139;0.0542193;3.10654;0.7;0.7
-0.973041;-1.75843;2.0097;0.0517025;2.96233;0.7;0.7
-0.949914;-1.73319;1.97643;-0.00405561;-0.232369;0.7;0.7
-1.03141;-1.72249;2.00768;0.0381689;2.18691;0.7;0.7
-1.06635;-1.91727;2.19387;-0.0319536;-1.8308;0.7;0.7
-0.854905;-1.86064;2.04764;-0.0768769;-4.40472;0.7;0.7
-0.795738;-2.04417;2.19359;-0.0594769;-3.40778;0.7;0.7
-0.793359;-1.83455;1.99875;0.0369441;2.11674;0.7;0.7
-0.707745;-1.831;1.96302;-0.0393221;-2.25299;0.7;0.7
-1.05586;-1.59476;1.91261;0.215974;12.3744;0.7;0.7
-1.10127;-1.63241;1.96915;0.00867513;0.497048;0.7;0.7
-1.04453;-1.80804;2.08807;-0.0696235;-3.98913;0.7;0.7
-0.976489;-1.84296;2.08567;-0.0366305;-2.09877;0.7;0.7
-1.1114;-1.82029;2.13276;0.0609064;3.48968;0.7;0.7
-1.11748;-1.83936;2.15221;-0.00220207;-0.12617;0.7;0.7
-1.14682;-1.4177;1.82348;0.134215;7.68996;0.7;0.7
-1.28036;-1.65315;2.09098;-0.0211626;-1.21253;0.7;0.7
-1.1867;-1.53408;1.9395;-0.000588314;-0.0337079;0.7;0.7
-1.29771;-1.58142;2.04571;0.0287658;1.64816;0.7;0.7
-1.16182;-1.60018;1.97747;-0.0591738;-3.39041;0.7;0.7
-1.30249;-1.68107;2.12662;0.0311835;1.78668;0.7;0.7
-1.19977;-1.72801;2.10368;-0.0522909;-2.99605;0.7;0.7
-1.11258;-1.5643;1.9196;0.0113314;0.649239;0.7;0.7
-0.97691;-1.7223;1.98007;-0.102264;-5.85928;0.7;0.7
-0.963108;-1.75777;2.00433;-0.0147199;-0.843387;0.7;0.7
-1.0238;-1.67605;1.964;0.0471099;2.6992;0.7;0.7
-0.979642;-1.65453;1.9228;-0.0137618;-0.788492;0.7;0.7
-0.788188;-1.68954;1.86434;-0.0980895;-5.62011;0.7;0.7
-0.718863;-1.66317;1.81188;-0.0285258;-1.63441;0.7;0.7
-0.732279;-1.96772;2.09956;-0.0517076;-2.96263;0.7;0.7
-0.552361;-1.85305;1.93362;-0.0665699;-3.81418;0.7;0.7
-0.432338;-2.03797;2.08332;-0.080654;-4.62114;0.7;0.7
-0.463588;-1.85308;1.91019;0.0360973;2.06822;0.7;0.7
-0.498482;-1.95076;2.01344;0.00503939;0.288735;0.7;0.7
-0.536511;-1.93804;2.01093;0.0198898;1.1396;0.7;0.7
-0.759841;-1.94391;2.08713;0.102554;5.87589;0.7;0.7
-0.745532;-1.85609;2.00022;0.00932031;0.534014;0.7;0.7
-0.731995;-1.72529;1.87415;0.0193117;1.10648;0.7;0.7
-0.780922;-1.84072;1.99952;-2.17214e-05;-0.00124454;0.7;0.7
-0.7542;-1.85532;2.00276;-0.01513;-0.866887;0.7;0.7
-0.837532;-2.00753;2.17524;0.00913805;0.523572;0.7;0.7
-0.66117;-1.87189;1.98523;-0.0557101;-3.19195;0.7;0.7
-0.645725;-1.84096;1.95092;-0.00218466;-0.125172;0.7;0.7
-0.660719;-1.8848;1.99726;-0.000181118;-0.0103773;0.7;0.7
-0.785973;-1.91957;2.07425;0.0514637;2.94865;0.7;0.7
-0.7998;-1.88927;2.05159;0.0118324;0.677945;0.7;0.7
-0.524821;-1.70206;1.78114;-0.101367;-5.80787;0.7;0.7
-0.622212;-1.91979;2.01811;0.0143264;0.82084;0.7;0.7
-0.392811;-2.09299;2.12953;-0.1279;-7.32813;0.7;0.7
-0.370356;-1.97421;2.00865;-7.95813e-05;-0.00455967;0.7;0.7
-0.375956;-1.9813;2.01665;0.00208113;0.11924;0.7;0.7
-0.382738;-1.82023;1.86004;0.0197272;1.13028;0.7;0.7
-0.274817;-1.82933;1.84986;-0.0581365;-3.33097;0.7;0.7
-0.416176;-1.96285;2.00648;0.0598195;3.4274;0.7;0.7
-0.442015;-1.94469;1.99429;0.0145635;0.834425;0.7;0.7
-0.433636;-1.94084;1.98869;-0.00367887;-0.210784;0.7;0.7
-0.674323;-1.99086;2.10196;0.106764;6.11715;0.7;0.7
-0.715318;-1.8871;2.01813;0.0357403;2.04777;0.7;0.7
-0.768352;-1.91884;2.06696;0.0185508;1.06288;0.7;0.7
-0.788405;-2.06761;2.21282;-0.0165791;-0.949912;0.7;0.7
-0.641464;-1.86889;1.97591;-0.0336596;-1.92855;0.7;0.7
-0.747503;-1.86273;2.00712;0.0509872;2.92135;0.7;0.7
-0.794029;-1.7629;1.93347;0.0415744;2.38204;0.7;0.7
-0.718714;-1.86351;1.9973;-0.0550966;-3.1568;0.7;0.7
-0.718885;-1.89432;2.02614;-0.00539256;-0.308971;0.7;0.7
-0.706829;-2.01308;2.13356;-0.0250353;-1.43442;0.7;0.7
-0.654155;-1.87424;1.98512;-0.00186649;-0.106942;0.7;0.7
-0.790578;-2.19647;2.33441;0.00969031;0.555214;0.7;0.7
-0.612735;-1.93683;2.03145;-0.0390983;-2.24017;0.7;0.7
-0.260227;-1.80846;1.82709;-0.163484;-9.36692;0.7;0.7
-0.124558;-1.86517;1.86932;-0.0762313;-4.36773;0.7;0.7
-0.0702226;-1.95873;1.95999;-0.0308461;-1.76735;0.7;0.7
-0.151931;-1.89625;1.90233;0.0441152;2.52762;0.7;0.7
0.0856945;-2.01268;2.0145;-0.122503;-7.01888;0.7;0.7
0.083699;-1.99296;1.99472;0.00057906;0.0331777;0.7;0.7
-0.0376123;-2.17171;2.17204;0.0592901;3.39707;0.7;0.7
0.184954;-1.93934;1.94814;-0.1124;-6.44002;0.7;0.7
0.369898;-2.24286;2.27316;-0.0683688;-3.91724;0.7;0.7
0.352853;-1.87698;1.90986;-0.02237;-1.28171;0.7;0.7
0.425987;-1.81795;1.86719;-0.0443497;-2.54105;0.7;0.7
0.444217;-1.89179;1.94324;-0.000464337;-0.0266046;0.7;0.7
0.374496;-1.86824;1.90541;0.0328033;1.87949;0.7;0.7
0.292846;-1.73364;1.7582;0.0304924;1.74708;0.7;0.7
0.600468;-2.08592;2.17063;-0.11295;-6.47155;0.7;0.7
0.603132;-1.77973;1.87915;-0.0464541;-2.66163;0.7;0.7
0.675929;-1.93749;2.05201;-0.00892234;-0.511212;0.7;0.7
0.638917;-2.00027;2.09983;0.0264932;1.51795;0.7;0.7
0.462489;-1.92959;1.98424;0.073928;4.23576;0.7;0.7
0.744939;-1.75244;1.9042;-0.1667;-9.55121;0.7;0.7
0.66778;-1.97252;2.08249;0.0755144;4.32666;0.7;0.7
0.635528;-1.88261;1.98698;0.000863278;0.0494622;0.7;0.7
0.449537;-1.95129;2.0024;0.0991378;5.68018;0.7;0.7
0.474641;-1.89488;1.95342;-0.0190077;-1.08906;0.7;0.7
0.398585;-1.956;1.99619;0.0444133;2.54469;0.7;0.7
0.304262;-1.7856;1.81133;0.0322462;1.84757;0.7;0.7
0.132617;-2.03388;2.0382;0.103666;5.9396;0.7;0.7
0.102375;-2.05745;2.06;0.0153946;0.882047;0.7;0.7
0.242824;-1.92818;1.94341;-0.0755577;-4.32914;0.7;0.7
0.231036;-1.94285;1.95654;0.00691474;0.396186;0.7;0.7
-0.00229127;-1.98374;1.98374;0.119515;6.8477;0.7;0.7
-0.010504;-1.8934;1.89343;0.00439261;0.251678;0.7;0.7
-0.075719;-1.92537;1.92686;0.0337591;1.93425;0.7;0.7
-0.227063;-2.11616;2.12831;0.0675839;3.87227;0.7;0.7
-0.359318;-1.95547;1.98821;0.0748322;4.28757;0.7;0.7
-0.359268;-1.90615;1.93971;0.00457019;0.261852;0.7;0.7
-0.281726;-1.92649;1.94698;-0.0410838;-2.35393;0.7;0.7
-0.282793;-1.95774;1.97806;-0.00175241;-0.100406;0.7;0.7
-0.35762;-1.94194;1.9746;0.0386584;2.21496;0.7;0.7
-0.248609;-1.95026;1.96604;-0.055324;-3.16983;0.7;0.7
-0.284502;-1.95903;1.97958;0.0174266;0.998469;0.7;0.7
-0.282686;-2.04698;2.06641;-0.00698663;-0.400304;0.7;0.7
-0.211484;-1.81293;1.82522;-0.0211029;-1.20911;0.7;0.7
-0.231915;-1.98497;1.99847;0.00018006;0.0103167;0.7;0.7
-0.260342;-1.99621;2.01312;0.0133776;0.766479;0.7;0.7
-0.250197;-1.96269;1.97858;-0.0028935;-0.165785;0.7;0.7
-0.445266;-1.75494;1.81054;0.121686;6.97211;0.7;0.7
-0.641967;-1.91665;2.0213;0.0747197;4.28113;0.7;0.7
-0.60842;-2.05008;2.13846;-0.0346997;-1.98814;0.7;0.7
-0.684666;-1.89019;2.01037;0.0590217;3.38169;0.7;0.7
-0.773428;-1.57239;1.75232;0.10961;6.2802;0.7;0.7
-0.858374;-1.98024;2.15828;-0.0481078;-2.75637;0.7;0.7
-0.816123;-1.85546;2.02701;0.00535804;0.306993;0.7;0.7
-0.592944;-1.94232;2.03081;-0.118091;-6.76609;0.7;0.7
-0.562087;-1.88832;1.9702;-0.00697739;-0.399775;0.7;0.7
-0.49928;-1.87735;1.94261;-0.0293805;-1.68338;0.7;0.7
-0.426566;-1.81316;1.86266;-0.0288727;-1.65429;0.7;0.7
-0.304077;-2.18899;2.21001;-0.093031;-5.33028;0.7;0.7
-0.225399;-2.04583;2.05821;-0.0282966;-1.62128;0.7;0.7
0.0589159;-1.99409;1.99496;-0.139269;-7.97951;0.7;0.7
-0.0570413;-2.06139;2.06218;0.0572009;3.27737;0.7;0.7
0.0332064;-1.9937;1.99398;-0.0443184;-2.53926;0.7;0.7
-0.0254313;-2.20684;2.20699;0.0281774;1.61445;0.7;0.7
0.0840213;-2.02187;2.02362;-0.0530556;-3.03986;0.7;0.7
0.0752431;-1.9838;1.98522;0.00362158;0.207501;0.7;0.7
0.413544;-2.17866;2.21756;-0.149674;-8.57567;0.7;0.7
0.431516;-2.00486;2.05077;-0.0244165;-1.39896;0.7;0.7
0.421329;-1.97508;2.01952;0.00182846;0.104763;0.7;0.7
0.428725;-1.94763;1.99426;-0.00649894;-0.372362;0.7;0.7
0.480839;-1.89595;1.95597;-0.0317059;-1.81662;0.7;0.7
0.693844;-2.03343;2.14855;-0.0804534;-4.60964;0.7;0.7
0.645372;-1.89252;1.99953;0.000185563;0.010632;0.7;0.7
0.601682;-1.85557;1.95068;0.0150853;0.864325;0.7;0.7
0.621726;-1.78811;1.89311;-0.0210647;-1.20692;0.7;0.7
0.594312;-1.98904;2.07593;0.044275;2.53677;0.7;0.7
0.576036;-1.89542;1.98102;-0.00469018;-0.268728;0.7;0.7
0.485666;-1.79245;1.85708;0.0304416;1.74418;0.7;0.7
0.652847;-1.8341;1.94682;-0.0773677;-4.43284;0.7;0.7
0.661489;-1.70437;1.82824;-0.0282511;-1.61867;0.7;0.7
0.749752;-1.85694;2.00259;-0.0135237;-0.774848;0.7;0.7
0.612954;-1.69434;1.80181;0.0366235;2.09837;0.7;0.7
0.509668;-1.9402;2.00602;0.0902317;5.1699;0.7;0.7
0.51352;-1.92584;1.99313;-0.00369901;-0.211938;0.7;0.7
0.4719;-1.88671;1.94483;0.0154945;0.887769;0.7;0.7
0.561859;-1.91919;1.99974;-0.0397107;-2.27526;0.7;0.7
0.566242;-1.93484;2.016;9.52231e-05;0.00545588;0.7;0.7
0.649515;-1.85972;1.96988;-0.0513058;-2.93961;0.7;0.7
0.628222;-1.86921;1.97196;0.0117817;0.675041;0.7;0.7
0.613067;-2.00614;2.09772;0.027647;1.58406;0.7;0.7
0.531641;-1.93408;2.00582;0.0283277;1.62306;0.7;0.7
0.3092;-1.82059;1.84665;0.100024;5.73097;0.7;0.7
0.292462;-1.88225;1.90483;0.0140836;0.806928;0.7;0.7
0.261141;-1.8986;1.91647;0.0174603;1.0004;0.7;0.7
0.357571;-2.02383;2.05518;-0.0381889;-2.18806;0.7;0.7
0.439519;-2.0129;2.06033;-0.0401011;-2.29762;0.7;0.7
0.423721;-1.89308;1.93992;-0.00522075;-0.299127;0.7;0.7
0.335082;-2.08592;2.11266;0.0609178;3.49033;0.7;0.7
0.326207;-1.92641;1.95383;-0.00846345;-0.48492;0.7;0.7
0.345958;-1.96097;1.99125;-0.0068824;-0.394332;0.7;0.7
0.321645;-2.04348;2.06864;0.0185058;1.06031;0.7;0.7
0.320516;-2.00204;2.02753;-0.00262825;-0.150588;0.7;0.7
0.169853;-1.9028;1.91036;0.0697189;3.9946;0.7;0.7
0.183308;-1.96765;1.97617;-0.0038639;-0.221385;0.7;0.7
0.218486;-1.9095;1.92195;-0.0210326;-1.20508;0.7;0.7
0.413511;-1.80362;1.85041;-0.111447;-6.38546;0.7;0.7
0.346376;-2.04863;2.07771;0.0578797;3.31626;0.7;0.7
0.330365;-1.93224;1.96028;-0.00184461;-0.105689;0.7;0.7
0.522;-1.95596;2.02441;-0.0914616;-5.24036;0.7;0.7
0.475835;-1.93591;1.99353;0.0197827;1.13347;0.7;0.7
0.527233;-1.87811;1.95071;-0.0326649;-1.87156;0.7;0.7
0.58239;-1.89314;1.98069;-0.0247626;-1.41879;0.7;0.7
0.76977;-2.02121;2.16284;-0.0654414;-3.74951;0.7;0.7
0.663001;-2.00598;2.1127;0.0446756;2.55972;0.7;0.7
0.666775;-2.01557;2.123;-0.000270028;-0.0154715;0.7;0.7
0.623303;-1.8974;1.99715;0.00208163;0.119269;0.7;0.7
0.662103;-1.88525;1.99813;-0.0203477;-1.16584;0.7;0.7
0.771628;-1.96914;2.11493;-0.0357244;-2.04686;0.7;0.7
0.735391;-1.87561;2.01462;-0.000190737;-0.0109284;0.7;0.7
1.03338;-2.01479;2.26435;-0.100251;-5.74394;0.7;0.7
1.14449;-1.79232;2.12656;-0.094373;-5.40717;0.7;0.7
1.1248;-1.37453;1.77609;-0.117528;-6.73384;0.7;0.7
1.1129;-1.45874;1.8348;0.0340944;1.95346;0.7;0.7
1.20323;-1.49138;1.91624;-0.0271518;-1.55568;0.7;0.7
1.17498;-1.75658;2.11333;0.0893214;5.11774;0.7;0.7
1.31871;-1.75994;2.19918;-0.0535006;-3.06536;0.7;0.7
1.15927;-1.6858;2.04593;0.040648;2.32896;0.7;0.7
1.14749;-1.61247;1.97909;-0.0160927;-0.922046;0.7;0.7
1.09321;-1.66873;1.99494;0.0385302;2.20762;0.7;0.7
1.02674;-1.66697;1.9578;0.0279114;1.59921;0.7;0.7
0.938729;-1.63113;1.88197;0.0298363;1.7095;0.7;0.7
1.02123;-1.84335;2.10733;0.0162986;0.933839;0.7;0.7
1.01166;-1.52413;1.82932;-0.0800708;-4.58772;0.7;0.7
1.10527;-1.65124;1.98701;-0.0038762;-0.22209;0.7;0.7
1.21975;-1.71071;2.10103;-0.0295364;-1.69231;0.7;0.7
1.2743;-1.47347;1.94806;-0.0936398;-5.36516;0.7;0.7
1.29849;-1.45946;1.95348;-0.0140593;-0.80554;0.7;0.7
1.35025;-1.63397;2.11967;0.0364908;2.09077;0.7;0.7
1.15324;-1.45486;1.8565;0.0203463;1.16576;0.7;0.7
1.31714;-1.66271;2.12119;0.000316636;0.0181419;0.7;0.7
1.31796;-1.42881;1.94384;-0.0751174;-4.30391;0.7;0.7
1.3474;-1.47576;1.99834;0.00510106;0.292269;0.7;0.7
1.42363;-1.53561;2.09399;-0.0076154;-0.43633;0.7;0.7
1.33839;-1.46176;1.98193;0.00620855;0.355724;0.7;0.7
1.4422;-1.42291;2.02598;-0.0507607;-2.90838;0.7;0.7
1.43172;-1.38434;1.99154;-0.0100909;-0.578163;0.7;0.7
1.43996;-1.30885;1.94591;-0.0308386;-1.76692;0.7;0.7
1.5176;-1.27754;1.98374;-0.0380149;-2.1781;0.7;0.7
1.45716;-1.23389;1.90939;0.00289862;0.166079;0.7;0.7
1.77228;-1.171;2.1242;-0.118739;-6.80322;0.7;0.7
1.70543;-1.00811;1.9811;-0.0500178;-2.86581;0.7;0.7
1.70528;-1.11338;2.03657;0.0445487;2.55245;0.7;0.7
1.47903;-1.24383;1.93252;0.120819;6.9224;0.7;0.7
1.62398;-1.27464;2.06447;-0.0337732;-1.93506;0.7;0.7
1.52713;-1.42793;2.09072;0.0863831;4.94939;0.7;0.7
1.45774;-1.37504;2.00393;0.00436809;0.250273;0.7;0.7
1.45547;-1.36176;1.99319;-0.00406184;-0.232726;0.7;0.7
1.27926;-1.03516;1.64562;-0.0718292;-4.11551;0.7;0.7
1.68659;-1.30552;2.13284;-0.0215966;-1.2374;0.7;0.7
1.73559;-1.16236;2.08887;-0.0686073;-3.93091;0.7;0.7
1.70385;-1.10208;2.02921;-0.01598;-0.915589;0.7;0.7
1.68452;-1.09572;2.00953;0.00256507;0.146967;0.7;0.7
1.9066;-1.04183;2.17268;-0.0765973;-4.3887;0.7;0.7
2.1033;-1.10368;2.37529;-0.0168621;-0.966129;0.7;0.7
1.77097;-0.929397;2.00002;4.68135e-05;0.00268221;0.7;0.7
1.94255;-0.798308;2.10019;-0.0933701;-5.34971;0.7;0.7
1.9384;-0.748476;2.07788;-0.0214235;-1.22748;0.7;0.7
1.79645;-0.700084;1.92804;0.00310569;0.177943;0.7;0.7
1.94576;-0.696024;2.0665;-0.0280695;-1.60826;0.7;0.7
1.85984;-0.597655;1.95351;-0.032606;-1.86819;0.7;0.7
1.83336;-0.652037;1.94586;0.0307763;1.76335;0.7;0.7
1.87414;-0.541985;1.95094;-0.0601892;-3.44859;0.7;0.7
1.84556;-0.64914;1.95639;0.0567053;3.24898;0.7;0.7
1.98316;-0.853576;2.15905;0.0682295;3.90926;0.7;0.7
1.8009;-1.16099;2.14269;0.166176;9.5212;0.7;0.7
1.70222;-1.11197;2.03323;0.00602989;0.345487;0.7;0.7
1.65617;-0.99248;1.93078;-0.0387762;-2.22172;0.7;0.7
1.6332;-1.06738;1.95106;0.0389919;2.23407;0.7;0.7
1.66384;-1.05578;1.97054;-0.0134346;-0.769746;0.7;0.7
1.66913;-1.15038;2.02716;0.0380163;2.17817;0.7;0.7
1.88767;-0.942136;2.10972;-0.140522;-8.05131;0.7;0.7
1.93228;-0.927018;2.14314;-0.0156074;-0.89424;0.7;0.7
1.75982;-0.793886;1.9306;-0.0235364;-1.34854;0.7;0.7
1.76535;-0.787544;1.93305;-0.00416822;-0.238821;0.7;0.7
2.03236;-0.82718;2.19425;-0.0330854;-1.89565;0.7;0.7
1.87947;-0.78033;2.03502;0.00699953;0.401044;0.7;0.7
1.95741;-0.797125;2.1135;-0.00680236;-0.389746;0.7;0.7
2.05766;-0.667407;2.1632;-0.0730818;-4.18728;0.7;0.7
1.80638;-0.979908;2.05505;0.183398;10.508;0.7;0.7
1.65841;-0.790881;1.83734;-0.052053;-2.98242;0.7;0.7
1.94986;-0.884286;2.14101;-0.0192195;-1.10119;0.7;0.7
2.09619;-0.845557;2.26031;-0.0423561;-2.42682;0.7;0.7
1.89;-0.761047;2.03747;-0.00060831;-0.0348536;0.7;0.7
1.92812;-0.804876;2.08937;0.0126437;0.724428;0.7;0.7
1.75117;-0.916593;1.97655;0.0867553;4.97071;0.7;0.7
1.77453;-0.916269;1.99713;-0.00556901;-0.319081;0.7;0.7
1.90445;-0.850168;2.0856;-0.0567716;-3.25277;0.7;0.7
1.87429;-0.880434;2.07078;0.019285;1.10495;0.7;0.7
1.90119;-0.786124;2.05731;-0.0470682;-2.69681;0.7;0.7
1.8409;-0.752359;1.98871;-0.00410669;-0.235296;0.7;0.7
1.85411;-0.752544;2.00101;-0.00241099;-0.13814;0.7;0.7
1.86289;-0.703862;1.99143;-0.0243122;-1.39299;0.7;0.7
1.89651;-0.437721;1.94636;-0.13442;-7.70172;0.7;0.7
2.10084;-0.35102;2.12996;-0.0612756;-3.51083;0.7;0.7
1.8764;-0.426056;1.92417;0.0577182;3.30701;0.7;0.7
2.02093;-0.543156;2.09264;0.0392871;2.25098;0.7;0.7
1.95069;-0.273451;1.96976;-0.123287;-7.06384;0.7;0.7
1.8333;-0.39759;1.87592;0.0742901;4.25651;0.7;0.7
2.16849;-0.496887;2.22469;0.011687;0.669616;0.7;0.7
1.93532;-0.479834;1.99391;0.0177834;1.01892;0.7;0.7
1.94368;-0.552086;2.02057;0.0337179;1.9319;0.7;0.7
1.84896;-0.477488;1.90962;-0.0240267;-1.37663;0.7;0.7
1.90898;-0.505689;1.97482;0.00622698;0.35678;0.7;0.7
1.80721;-0.430848;1.85786;-0.0249167;-1.42762;0.7;0.7
1.96306;-0.30268;1.98625;-0.0810526;-4.64397;0.7;0.7
2.01612;-0.360008;2.04801;0.0237192;1.35901;0.7;0.7
1.89678;-0.332083;1.92563;-0.00338231;-0.193792;0.7;0.7
1.97258;-0.34346;2.00226;-0.000931625;-0.0533782;0.7;0.7
1.9876;-0.31783;2.01285;-0.0138247;-0.792095;0.7;0.7
2.09502;-0.26487;2.11169;-0.0328027;-1.87945;0.7;0.7
2.01653;-0.13711;2.02119;-0.057873;-3.31588;0.7;0.7
1.86997;-0.408214;1.914;0.14704;8.42475;0.7;0.7
1.90241;-0.396219;1.94323;-0.00959147;-0.549551;0.7;0.7
1.96376;-0.394557;2.003;-0.007057;-0.404336;0.7;0.7
2.0353;-0.609265;2.12454;0.0925794;5.30441;0.7;0.7
1.93826;-0.545913;2.01367;-0.0163196;-0.935046;0.7;0.7
1.75526;-0.294226;1.77975;-0.108458;-6.2142;0.7;0.7
1.97826;-0.279631;1.99792;-0.0256596;-1.47019;0.7;0.7
1.95454;-0.121496;1.95831;-0.0783403;-4.48857;0.7;0.7
2.12392;-0.106514;2.12659;-0.0119736;-0.686035;0.7;0.7
2.00211;-0.0785896;2.00365;-0.0108745;-0.623062;0.7;0.7
1.97531;-0.0324532;1.97557;-0.0228052;-1.30664;0.7;0.7
1.99788;-0.0338885;1.99817;0.000532623;0.030517;0.7;0.7
1.81079;0.130408;1.81548;-0.088854;-5.09096;0.7;0.7
1.95063;0.189646;1.95983;-0.0250247;-1.43381;0.7;0.7
1.84382;0.297253;1.86763;-0.062922;-3.60517;0.7;0.7
1.93705;0.411712;1.98032;-0.0495893;-2.84126;0.7;0.7
1.877;0.462831;1.93322;-0.0323275;-1.85223;0.7;0.7
1.85347;0.296978;1.87711;0.082879;4.74862;0.7;0.7
2.13055;0.296097;2.15103;0.0207856;1.19093;0.7;0.7
2.07023;0.228521;2.08281;0.0281533;1.61307;0.7;0.7
1.98902;0.217912;2.00092;0.000816551;0.0467849;0.7;0.7
1.9709;0.211395;1.98221;0.00227279;0.130221;0.7;0.7
1.89576;0.308105;1.92064;-0.0542643;-3.10911;0.7;0.7
2.0182;0.302632;2.04076;0.0122712;0.703089;0.7;0.7
1.98758;0.327878;2.01444;-0.0146485;-0.8393;0.7;0.7
2.02796;0.341059;2.05644;-0.00312791;-0.179216;0.7;0.7
2.0662;0.521879;2.13109;-0.0807848;-4.62863;0.7;0.7
1.9915;0.423506;2.03603;0.0378686;2.16971;0.7;0.7
2.06708;0.52439;2.13255;-0.0389101;-2.22938;0.7;0.7
1.87414;0.551478;1.9536;-0.0377339;-2.16199;0.7;0.7
1.87663;0.552362;1.95623;-7.42433e-05;-0.00425383;0.7;0.7
1.75453;0.396663;1.79881;0.0639124;3.66191;0.7;0.7
1.94906;0.413744;1.99249;0.0131677;0.754452;0.7;0.7
1.96119;0.417071;2.00505;-0.000366669;-0.0210086;0.7;0.7
1.71378;0.388581;1.75729;-0.0134285;-0.769395;0.7;0.7
1.90431;0.627337;2.00498;-0.0952642;-5.45824;0.7;0.7
1.96849;0.645169;2.07152;0.00151792;0.0869704;0.7;0.7
1.84745;0.618581;1.94826;-0.00638118;-0.365615;0.7;0.7
1.84091;0.573006;1.92802;0.021339;1.22264;0.7;0.7
1.96621;0.703488;2.08827;-0.0418392;-2.39721;0.7;0.7
2.04081;0.940963;2.24729;-0.0884277;-5.06653;0.7;0.7
1.81519;0.840554;2.00036;-0.00164308;-0.0941413;0.7;0.7
1.65617;0.995518;1.93235;-0.107558;-6.16262;0.7;0.7
1.5319;1.15689;1.91967;-0.105595;-6.05014;0.7;0.7
1.61471;1.06616;1.93494;0.0632516;3.62405;0.7;0.7
1.64191;1.02057;1.93324;0.0274328;1.57178;0.7;0.7
1.89436;1.03002;2.15628;0.0581202;3.33004;0.7;0.7
1.57699;0.809041;1.77241;0.0239995;1.37507;0.7;0.7
1.68523;1.18488;2.06008;-0.138786;-7.95187;0.7;0.7
1.65602;1.17474;2.03037;-0.00419023;-0.240083;0.7;0.7
1.60615;1.1595;1.98095;-0.00828717;-0.47482;0.7;0.7
1.51429;1.23284;1.95268;-0.0580224;-3.32444;0.7;0.7
1.64435;0.968979;1.90861;0.150803;8.64038;0.7;0.7
1.64349;1.08238;1.96789;-0.0498875;-2.85835;0.7;0.7
1.6804;1.08583;2.00069;0.00870721;0.498886;0.7;0.7
1.79617;1.0017;2.05661;0.0649521;3.72148;0.7;0.7
1.73109;0.983416;1.99092;-0.0078998;-0.452625;0.7;0.7
1.91118;0.772464;2.06138;0.13252;7.59284;0.7;0.7
1.84635;0.944983;2.07413;-0.0889453;-5.09619;0.7;0.7
1.6194;0.689141;1.75993;0.0707127;4.05154;0.7;0.7
1.88748;0.682582;2.00711;0.0553362;3.17053;0.7;0.7
1.9526;0.643401;2.05587;0.0286971;1.64422;0.7;0.7
1.87958;0.672702;1.99634;-0.0253888;-1.45467;0.7;0.7
1.9629;0.737671;2.09693;-0.0157835;-0.904328;0.7;0.7
2.0429;0.439054;2.08955;0.147782;8.46728;0.7;0.7
1.85439;0.310017;1.88013;0.0460481;2.63836;0.7;0.7
1.85044;0.200813;1.8613;0.0575495;3.29734;0.7;0.7
2.06698;0.312733;2.09051;-0.0420616;-2.40995;0.7;0.7
2.06686;0.309056;2.08984;0.00173143;0.0992035;0.7;0.7
2.1357;0.413162;2.1753;-0.0426655;-2.44455;0.7;0.7
1.92574;0.310579;1.95062;0.0311931;1.78723;0.7;0.7
2.13156;0.231958;2.14415;0.0515073;2.95115;0.7;0.7
2.01133;0.195426;2.0208;0.0115355;0.660938;0.7;0.7
1.90554;0.199936;1.916;-0.00768211;-0.440153;0.7;0.7
2.18903;0.276631;2.20644;-0.0211646;-1.21264;0.7;0.7
1.99215;0.123037;1.99594;0.0640225;3.66822;0.7;0.7
1.89881;0.266203;1.91738;-0.0776038;-4.44637;0.7;0.7
1.99007;0.281404;2.00987;-0.00118624;-0.0679664;0.7;0.7
1.971;0.307079;1.99477;-0.0140837;-0.806935;0.7;0.7
2.02041;0.268846;2.03822;0.0222688;1.27591;0.7;0.7
1.80631;0.138155;1.81159;0.0559517;3.20579;0.7;0.7
2.0347;0.182795;2.0429;-0.0132624;-0.75988;0.7;0.7
2.07382;0.1544;2.07956;0.0152837;0.875694;0.7;0.7
2.03217;0.0494314;2.03277;0.0499951;2.86451;0.7;0.7
1.96983;0.0595365;1.97073;-0.00589537;-0.33778;0.7;0.7
2.01791;-0.0524496;2.01859;0.0562012;3.22009;0.7;0.7
1.95334;-0.0211051;1.95345;-0.015182;-0.869867;0.7;0.7
2.0167;-0.211267;2.02773;0.0935739;5.36139;0.7;0.7
1.95501;-0.13911;1.95995;-0.0333422;-1.91037;0.7;0.7
1.94142;-0.182435;1.94997;0.0226588;1.29825;0.7;0.7
1.98785;-0.192989;1.9972;0.00308612;0.176821;0.7;0.7
1.93561;-0.229587;1.94918;0.0212797;1.21924;0.7;0.7
1.98087;-0.145396;1.9862;-0.044792;-2.56639;0.7;0.7
1.79796;-0.213154;1.81055;0.0447337;2.56305;0.7;0.7
2.00383;-0.0174908;2.00391;-0.109274;-6.26092;0.7;0.7
1.90648;0.155471;1.9128;-0.0900973;-5.1622;0.7;0.7
1.73927;0.263351;1.75909;-0.0689047;-3.94795;0.7;0.7
2.05732;0.286827;2.07722;0.0117488;0.673154;0.7;0.7
2.25695;0.374347;2.28779;-0.0258426;-1.48067;0.7;0.7
2.00547;0.0599948;2.00637;0.134461;7.70404;0.7;0.7
2.12547;0.195059;2.1344;-0.0616095;-3.52997;0.7;0.7
2.07143;0.370335;2.10428;-0.0853967;-4.89287;0.7;0.7
2.02679;0.140937;2.03168;0.107487;6.15857;0.7;0.7
2.00807;0.123781;2.01188;0.00786158;0.450435;0.7;0.7
2.18579;0.0835051;2.18738;0.0233788;1.33951;0.7;0.7
2.03435;-0.00430937;2.03435;0.0403034;2.30921;0.7;0.7
2.01093;-0.0784284;2.01246;0.0368629;2.11209;0.7;0.7
2.01108;-0.233793;2.02463;0.0767518;4.39756;0.7;0.7
1.92252;-0.184801;1.93138;-0.0199031;-1.14037;0.7;0.7
2.05228;-0.229384;2.06506;0.0154782;0.886835;0.7;0.7
2.30757;-0.180654;2.31463;-0.0331801;-1.90108;0.7;0.7
2.03776;-0.02528;2.03791;-0.0657228;-3.76564;0.7;0.7
1.84164;0.174277;1.84986;-0.106756;-6.11665;0.7;0.7
1.89927;0.194049;1.90915;-0.0074669;-0.427822;0.7;0.7
1.96324;0.230612;1.97674;-0.0151115;-0.865826;0.7;0.7
1.82246;0.273865;1.84293;-0.0322271;-1.84647;0.7;0.7
1.99977;0.277318;2.0189;0.0113596;0.650855;0.7;0.7
1.99319;0.263996;2.0106;0.00611385;0.350298;0.7;0.7
1.70047;0.15334;1.70737;0.0417506;2.39213;0.7;0.7
1.97544;0.225037;1.98822;-0.0234965;-1.34625;0.7;0.7
1.80046;0.294837;1.82444;-0.0488872;-2.80103;0.7;0.7
2.15731;0.36778;2.18844;-0.00654196;-0.374827;0.7;0.7
2.02091;0.21957;2.0328;0.0606329;3.47401;0.7;0.7
1.9135;0.221582;1.92629;-0.00706111;-0.404572;0.7;0.7
1.95705;0.445599;2.00714;-0.108586;-6.22153;0.7;0.7
1.97257;0.454229;2.02419;-0.0024549;-0.140655;0.7;0.7
2.16818;0.4552;2.21545;0.0193871;1.1108;0.7;0.7
1.70416;0.49008;1.77323;-0.073082;-4.18729;0.7;0.7
1.90765;0.687119;2.02763;-0.065702;-3.76445;0.7;0.7
1.77121;0.649178;1.88643;-0.00558769;-0.320151;0.7;0.7
1.97388;0.556735;2.05089;0.0764024;4.37754;0.7;0.7
2.06966;0.541247;2.13926;0.019122;1.09561;0.7;0.7
1.8798;0.576639;1.96626;-0.0418554;-2.39814;0.7;0.7
1.86632;0.615968;1.96534;-0.0211441;-1.21147;0.7;0.7
1.80592;0.920101;2.02681;-0.152424;-8.73328;0.7;0.7
1.97612;1.11995;2.27142;-0.0443931;-2.54354;0.7;0.7
1.75554;0.96433;2.00296;0.0132927;0.761618;0.7;0.7
1.74012;1.00026;2.00713;-0.0193897;-1.11095;0.7;0.7
1.69476;1.00923;1.9725;-0.0154038;-0.882572;0.7;0.7
1.58204;1.07139;1.91069;-0.0581667;-3.33271;0.7;0.7
1.62103;0.96353;1.88577;0.058984;3.37953;0.7;0.7
1.47564;0.805915;1.68137;0.0364082;2.08604;0.7;0.7
1.77018;1.02247;2.04425;-0.0239119;-1.37005;0.7;0.7
2.00667;0.962771;2.22568;0.0764462;4.38005;0.7;0.7
1.78593;0.824725;1.96716;0.0147305;0.843997;0.7;0.7
1.84795;0.832171;2.02667;0.00949278;0.543896;0.7;0.7
1.7095;0.955857;1.95858;-0.0867146;-4.96838;0.7;0.7
1.48902;1.07715;1.83778;-0.11642;-6.67035;0.7;0.7
1.60613;1.15615;1.97897;0.00233938;0.134036;0.7;0.7
1.84058;1.0917;2.13999;0.0885622;5.07424;0.7;0.7
1.66667;0.980792;1.93384;0.00345242;0.197809;0.7;0.7
1.93057;1.04973;2.19751;0.0338782;1.94108;0.7;0.7
1.62675;0.795358;1.81078;0.0432767;2.47957;0.7;0.7
1.93906;0.882985;2.13064;0.0274384;1.57211;0.7;0.7
1.81354;0.757272;1.96529;0.0317509;1.81919;0.7;0.7
1.83262;0.769873;1.98776;-0.00215002;-0.123187;0.7;0.7
1.77978;0.717416;1.91893;0.0145385;0.832996;0.7;0.7
1.87623;0.948161;2.1022;-0.0847532;-4.856;0.7;0.7
1.63231;0.983908;1.90592;-0.0745306;-4.27029;0.7;0.7
1.79604;0.959611;2.03632;0.0517489;2.96499;0.7;0.7
1.86156;0.794531;2.02402;0.0873017;5.00202;0.7;0.7
2.08955;0.926353;2.28568;-0.0138888;-0.795767;0.7;0.7
1.80357;0.773166;1.96231;0.0123024;0.704874;0.7;0.7
1.87005;0.800843;2.03431;0.000370737;0.0212417;0.7;0.7
1.90068;0.936426;2.11884;-0.0531564;-3.04564;0.7;0.7
1.80081;0.891006;2.00918;-0.0016894;-0.0967956;0.7;0.7
1.89481;1.0599;2.1711;-0.0505438;-2.89595;0.7;0.7
1.71964;0.935894;1.95782;0.0115996;0.66461;0.7;0.7
1.53914;0.740063;1.70782;0.0502152;2.87712;0.7;0.7
1.75949;0.730694;1.90518;0.0545784;3.12711;0.7;0.7
1.8137;0.794766;1.98019;-0.0193848;-1.11067;0.7;0.7
1.83321;0.823595;2.00972;-0.00924281;-0.529574;0.7;0.7
1.8975;0.720925;2.02983;0.059152;3.38916;0.7;0.7
1.69763;1.05518;1.99884;-0.193031;-11.0599;0.7;0.7
1.93367;1.18205;2.26635;0.00743401;0.425937;0.7;0.7
1.79581;1.01439;2.0625;0.0345031;1.97688;0.7;0.7
1.91579;1.17443;2.24712;-0.0357561;-2.04868;0.7;0.7
1.70426;1.04281;1.99798;0.000828758;0.0474843;0.7;0.7
1.7238;0.82481;1.91097;0.102825;5.89141;0.7;0.7
1.81444;0.884206;2.01842;-0.00716213;-0.41036;0.7;0.7
1.69157;0.997377;1.96371;-0.0793001;-4.54356;0.7;0.7
1.71712;1.05612;2.01591;-0.018665;-1.06943;0.7;0.7
1.87308;0.899482;2.07786;0.103718;5.94262;0.7;0.7
1.87145;1.07127;2.15637;-0.0722017;-4.13685;0.7;0.7
1.74582;0.995485;2.0097;0.00167162;0.095777;0.7;0.7
1.63347;0.988411;1.90924;-0.0259332;-1.48586;0.7;0.7
1.8271;0.895808;2.03489;0.0883112;5.05986;0.7;0.7
1.86241;0.988649;2.10855;-0.0321696;-1.84318;0.7;0.7
1.92501;0.999921;2.16922;0.0089428;0.512385;0.7;0.7
1.85067;0.895204;2.05581;0.028537;1.63505;0.7;0.7
1.80194;0.850265;1.99247;0.00965439;0.553156;0.7;0.7
1.81793;0.957127;2.0545;-0.0437334;-2.50574;0.7;0.7
1.7817;0.926535;2.00821;0.00507462;0.290754;0.7;0.7
1.83212;0.763542;1.98485;0.0846764;4.8516;0.7;0.7
1.90187;0.809095;2.06682;-0.00736043;-0.421722;0.7;0.7
1.87151;1.01546;2.12925;-0.094909;-5.43788;0.7;0.7
1.69949;1.01391;1.97896;-0.0407772;-2.33636;0.7;0.7
1.63121;0.995313;1.91089;-0.00994995;-0.57009;0.7;0.7
1.70758;1.04303;2.00094;-0.0004793;-0.0274619;0.7;0.7
1.77015;1.04065;2.05338;0.0168779;0.967034;0.7;0.7
1.53511;0.859834;1.75951;0.0208912;1.19698;0.7;0.7
1.767;1.07187;2.06668;-0.0346885;-1.9875;0.7;0.7
1.69626;1.10239;2.02301;-0.0310391;-1.77841;0.7;0.7
1.67545;1.24086;2.08492;-0.0611654;-3.50452;0.7;0.7
1.71437;1.22844;2.10906;0.0157132;0.900302;0.7;0.7
1.84583;1.32808;2.27396;-0.00194533;-0.111459;0.7;0.7
1.63228;1.04598;1.93866;0.0538084;3.08299;0.7;0.7
1.73128;1.03676;2.01797;0.0303254;1.73752;0.7;0.7
1.67372;1.07308;1.98818;-0.0305557;-1.75071;0.7;0.7
1.74756;1.0956;2.06259;0.0101332;0.580589;0.7;0.7
1.69721;0.920221;1.93063;0.0631538;3.61845;0.7;0.7
1.73491;0.874143;1.94269;0.0301069;1.725;0.7;0.7
1.86335;0.69982;1.99043;0.107454;6.15666;0.7;0.7
1.83785;0.59577;1.932;0.0457929;2.62374;0.7;0.7
2.02992;0.830848;2.19337;-0.0750199;-4.29832;0.7;0.7
1.86953;0.754332;2.01598;0.00498955;0.28588;0.7;0.7
1.72243;0.805019;1.90127;-0.0536989;-3.07672;0.7;0.7
1.86165;0.58352;1.95096;0.133464;7.64695;0.7;0.7
1.4825;0.642479;1.61573;-0.1052;-6.02751;0.7;0.7
1.74534;0.773647;1.90913;-0.008294;-0.475211;0.7;0.7
2.09009;0.910823;2.27993;0.00626952;0.359217;0.7;0.7
1.79896;0.76701;1.95565;0.00794371;0.455141;0.7;0.7
1.87818;0.846274;2.06004;-0.020313;-1.16385;0.7;0.7
1.85203;0.834259;2.03126;0.000104268;0.00597409;0.7;0.7
1.94369;0.721347;2.07323;0.067867;3.88849;0.7;0.7
1.83509;0.853589;2.0239;-0.0800127;-4.58439;0.7;0.7
1.81342;0.843479;1.99999;1.23495e-05;0.000707573;0.7;0.7
1.69123;1.03243;1.98146;-0.112708;-6.45771;0.7;0.7
1.86258;1.10064;2.16348;0.0143555;0.822508;0.7;0.7
1.75764;0.995979;2.02022;0.0181771;1.04147;0.7;0.7
1.77006;0.987441;2.02686;0.00668625;0.383094;0.7;0.7
1.69324;0.831289;1.88629;0.0524774;3.00673;0.7;0.7
2.05196;0.878669;2.23217;0.0517921;2.96747;0.7;0.7
1.90202;0.974553;2.13716;-0.068914;-3.94848;0.7;0.7
1.76753;0.92012;1.99269;-0.00646525;-0.370431;0.7;0.7
1.73537;1.05621;2.03153;-0.0667821;-3.82633;0.7;0.7
1.6956;1.06209;2.00077;-0.0128445;-0.735938;0.7;0.7
1.70098;1.06292;2.00577;0.00107481;0.0615818;0.7;0.7
1.87508;1.05305;2.15055;0.0468091;2.68196;0.7;0.7
1.78333;0.942458;2.01705;0.0255354;1.46307;0.7;0.7
1.92442;1.05847;2.1963;-0.0166874;-0.956116;0.7;0.7
1.68698;1.17469;2.05568;-0.105398;-6.03887;0.7;0.7
1.59044;1.16581;1.97196;-0.0242818;-1.39124;0.7;0.7
1.519;1.31569;2.00958;-0.0812581;-4.65575;0.7;0.7
1.56175;1.17542;1.95466;0.0686175;3.93149;0.7;0.7
1.59796;1.21114;2.00508;-0.00337626;-0.193446;0.7;0.7
1.62602;1.28698;2.07371;-0.0209729;-1.20166;0.7;0.7
1.64303;1.26089;2.07109;0.0149732;0.857899;0.7;0.7
1.64374;0.936081;1.8916;0.13688;7.84262;0.7;0.7
1.82859;1.06257;2.1149;-0.00871974;-0.499605;0.7;0.7
1.67616;1.15858;2.0376;-0.0784055;-4.49231;0.7;0.7
1.58003;1.0851;1.91675;0.003019;0.172976;0.7;0.7
1.64901;1.15136;2.01119;-0.00774373;-0.443683;0.7;0.7
1.64318;1.14387;2.00212;0.00140016;0.0802235;0.7;0.7
1.86802;1.18688;2.21318;0.0421093;2.41268;0.7;0.7
1.76265;0.993966;2.02358;0.0525611;3.01153;0.7;0.7
1.78258;0.900306;1.99703;0.0457709;2.62248;0.7;0.7
1.68273;0.786707;1.85754;0.0303587;1.73942;0.7;0.7
1.87076;0.789188;2.03041;0.0381236;2.18432;0.7;0.7
1.78338;0.79599;1.95296;-0.0206003;-1.18031;0.7;0.7
1.58204;0.680067;1.72202;0.0138181;0.791719;0.7;0.7
1.86482;0.868445;2.05712;-0.029847;-1.7101;0.7;0.7
1.79779;0.757483;1.95085;0.0370648;2.12365;0.7;0.7
1.86665;0.826924;2.04161;-0.0182492;-1.0456;0.7;0.7
1.79833;1.00177;2.05853;-0.0912297;-5.22707;0.7;0.7
1.80554;1.05936;2.09338;-0.0223551;-1.28085;0.7;0.7
1.48447;1.12865;1.8648;-0.119463;-6.84471;0.7;0.7
1.71014;1.17538;2.07511;0.0479124;2.74518;0.7;0.7
1.64776;1.14411;2.00602;-0.00477006;-0.273304;0.7;0.7
1.74143;1.19197;2.1103;0.00669113;0.383373;0.7;0.7
1.63096;1.11333;1.97473;0.00126342;0.0723884;0.7;0.7
1.40696;1.22753;1.86718;-0.118428;-6.78544;0.7;0.7
1.57557;1.42117;2.12182;-0.0165263;-0.946886;0.7;0.7
1.50936;1.32846;2.01072;0.012183;0.698033;0.7;0.7
1.47944;1.29357;1.96521;0.00327028;0.187373;0.7;0.7
1.51562;1.32009;2.0099;0.00191475;0.109707;0.7;0.7
1.5919;1.18;1.98155;0.0786772;4.50787;0.7;0.7
1.63099;1.34071;2.11132;-0.0501488;-2.87331;0.7;0.7
1.53869;1.26383;1.99119;0.000389266;0.0223033;0.7;0.7
1.54921;1.25638;1.99463;0.00623718;0.357364;0.7;0.7
1.56443;1.1364;1.93361;0.0531755;3.04673;0.7;0.7
2.00477;1.36305;2.42426;0.0311135;1.78267;0.7;0.7
1.75934;1.14743;2.10044;0.019195;1.09979;0.7;0.7
1.7801;1.34853;2.23322;-0.0704079;-4.03407;0.7;0.7
1.57641;1.31878;2.0553;-0.0483233;-2.76872;0.7;0.7
1.30417;1.17983;1.75865;-0.0387373;-2.21948;0.7;0.7
1.50058;1.32067;1.99898;0.0136695;0.783207;0.7;0.7
1.50752;1.34922;2.02312;-0.00832765;-0.477139;0.7;0.7
1.49739;1.303;1.98494;0.0139483;0.79918;0.7;0.7
1.49878;1.26788;1.96313;0.0139623;0.799982;0.7;0.7
1.32976;1.44722;1.96538;-0.125538;-7.19282;0.7;0.7
1.41394;1.54459;2.09404;-0.00185897;-0.106511;0.7;0.7
1.29517;1.43606;1.93384;-0.00741;-0.424562;0.7;0.7
1.21707;1.51407;1.94259;-0.0567813;-3.25333;0.7;0.7
0.962126;1.29316;1.61182;-0.0374194;-2.14397;0.7;0.7
1.19989;1.6227;2.01814;-0.00294825;-0.168922;0.7;0.7
1.3148;1.65797;2.11602;0.033761;1.93436;0.7;0.7
1.23938;1.57116;2.00115;-0.00257719;-0.147662;0.7;0.7
1.23886;1.56118;1.993;0.0028985;0.166072;0.7;0.7
1.39297;1.75677;2.24201;-0.00038356;-0.0219764;0.7;0.7
1.39717;1.55102;2.08752;0.062854;3.60127;0.7;0.7
1.33883;1.48282;1.9978;0.00114941;0.0658561;0.7;0.7
1.34031;1.48715;2.00201;-0.00089955;-0.0515404;0.7;0.7
1.35744;1.49849;2.02191;0.00253858;0.14545;0.7;0.7
1.22338;1.66195;2.06367;-0.101498;-5.81542;0.7;0.7
1.25058;1.68826;2.10099;0.0030006;0.171922;0.7;0.7
0.87873;1.34913;1.61006;-0.060241;-3.45155;0.7;0.7
1.15734;1.81791;2.15505;-0.0103896;-0.595278;0.7;0.7
1.00705;1.75384;2.0224;-0.0456911;-2.61791;0.7;0.7
0.968737;1.71092;1.96614;-0.00603027;-0.345509;0.7;0.7
1.00626;1.74803;2.01697;0.00712471;0.408216;0.7;0.7
0.922166;1.54304;1.7976;0.0163483;0.936691;0.7;0.7
0.895011;1.86897;2.07222;-0.0920651;-5.27494;0.7;0.7
0.921148;1.7946;2.01721;0.0276127;1.58209;0.7;0.7
0.840873;1.82045;2.00527;-0.0415129;-2.37851;0.7;0.7
0.915887;1.79252;2.01295;0.0396614;2.27243;0.7;0.7
0.905429;1.65556;1.88698;0.0280906;1.60948;0.7;0.7
1.10928;1.71184;2.03983;0.0745091;4.26906;0.7;0.7
0.915608;1.70135;1.93208;-0.0812565;-4.65566;0.7;0.7
0.980128;1.85246;2.09577;-0.00706025;-0.404522;0.7;0.7
0.941637;1.76619;2.00153;0.00315817;0.18095;0.7;0.7
0.939319;1.98085;2.19228;-0.0470149;-2.69375;0.7;0.7
0.869403;1.8355;2.03099;-0.000440574;-0.025243;0.7;0.7
1.01402;1.91447;2.16643;0.0447403;2.56343;0.7;0.7
1.22502;1.98744;2.33465;0.0652812;3.74034;0.7;0.7
0.885263;1.82677;2.02997;-0.101121;-5.79379;0.7;0.7
0.662308;1.85326;1.96805;-0.108027;-6.18949;0.7;0.7
0.697702;1.91296;2.03622;0.00650179;0.372525;0.7;0.7
0.685492;2.04302;2.15496;-0.0260063;-1.49005;0.7;0.7
0.669664;2.0326;2.14007;-0.00546241;-0.312973;0.7;0.7
0.581104;1.91491;2.00114;-0.0236321;-1.35402;0.7;0.7
0.636561;1.90805;2.01143;0.0273775;1.56862;0.7;0.7
0.552123;1.9743;2.05005;-0.0493187;-2.82575;0.7;0.7
0.659542;1.98376;2.09053;0.0482845;2.7665;0.7;0.7
0.605407;1.89319;1.98764;-0.0114693;-0.657143;0.7;0.7
0.583448;1.98505;2.06902;-0.023634;-1.35413;0.7;0.7
0.956337;2.06676;2.2773;0.147513;8.45188;0.7;0.7
0.768191;1.77682;1.93577;-0.0253109;-1.45021;0.7;0.7
0.864286;2.0062;2.18445;-0.00129308;-0.0740882;0.7;0.7
0.942949;1.85245;2.07864;0.0640635;3.67057;0.7;0.7
1.02377;1.67019;1.95899;0.0790581;4.52969;0.7;0.7
0.978351;1.55939;1.84089;0.0104162;0.596806;0.7;0.7
1.10008;1.88049;2.17862;-0.0310037;-1.77638;0.7;0.7
0.9427;1.68377;1.92971;-0.0189219;-1.08414;0.7;0.7
0.914025;1.71855;1.9465;-0.0215845;-1.2367;0.7;0.7
1.06182;1.65776;1.96866;0.0808715;4.63359;0.7;0.7
0.986284;1.45144;1.75483;0.0271697;1.55671;0.7;0.7
1.13355;1.64837;2.00052;0.00556209;0.318684;0.7;0.7
1.12642;1.61371;1.96797;0.00699414;0.400734;0.7;0.7
1.12419;1.6884;2.02842;-0.0219812;-1.25943;0.7;0.7
1.15171;1.64377;2.00709;0.0237402;1.36021;0.7;0.7
1.17724;1.5867;1.97573;0.0271585;1.55607;0.7;0.7
1.22957;1.63322;2.04432;0.00700017;0.40108;0.7;0.7
1.22269;1.57437;1.9934;0.0149995;0.859408;0.7;0.7
1.15493;1.55387;1.93608;-0.0211495;-1.21178;0.7;0.7
1.22026;1.57072;1.98901;0.0213097;1.22096;0.7;0.7
1.27291;1.98125;2.35492;-0.0894113;-5.12289;0.7;0.7
1.06511;1.72437;2.02679;-0.0177531;-1.01718;0.7;0.7
1.07562;1.75683;2.05995;-0.0039393;-0.225705;0.7;0.7
1.07037;1.48706;1.83222;0.0745043;4.26878;0.7;0.7
1.17646;1.49654;1.9036;0.0423358;2.42567;0.7;0.7
1.21679;1.65827;2.0568;-0.0331853;-1.90138;0.7;0.7
1.24414;1.55619;1.99239;0.0413926;2.37162;0.7;0.7
1.15167;1.58041;1.95551;-0.0446871;-2.56038;0.7;0.7
1.06881;1.57725;1.90528;-0.0341775;-1.95823;0.7;0.7
1.09382;1.67231;1.99826;-0.0163242;-0.935305;0.7;0.7
1.09908;1.69335;2.01877;-0.0035254;-0.201991;0.7;0.7
0.888449;1.53236;1.77129;-0.0502835;-2.88103;0.7;0.7
1.00923;1.75476;2.02429;-0.00348926;-0.19992;0.7;0.7
1.06694;1.72002;2.02407;0.0332784;1.90671;0.7;0.7
1.07154;1.79078;2.08689;-0.0159988;-0.916666;0.7;0.7
1.03151;1.71421;2.00063;0.00247811;0.141985;0.7;0.7
1.07728;1.61464;1.94103;0.0466718;2.6741;0.7;0.7
1.17074;1.63935;2.01447;0.0317925;1.82157;0.7;0.7
1.13448;1.6093;1.96898;-0.00611887;-0.350585;0.7;0.7
1.33519;1.70329;2.16424;0.0507962;2.91041;0.7;0.7
1.29861;1.33243;1.86058;0.107708;6.17123;0.7;0.7
1.43729;1.22235;1.88678;0.0934894;5.35655;0.7;0.7
1.53035;1.28324;1.99717;0.00696481;0.399054;0.7;0.7
1.52013;1.32133;2.01413;-0.0177489;-1.01694;0.7;0.7
1.82979;1.43587;2.32591;0.05019;2.87567;0.7;0.7
1.55983;0.955121;1.82902;0.115922;6.64186;0.7;0.7
1.65392;0.976365;1.92061;0.0161508;0.92537;0.7;0.7
1.59225;1.03722;1.90028;-0.0440907;-2.52621;0.7;0.7
1.83401;1.26079;2.22558;-0.0248816;-1.42561;0.7;0.7
1.65582;1.0737;1.97346;0.0269772;1.54568;0.7;0.7
1.76213;1.0296;2.04088;0.0464879;2.66356;0.7;0.7
1.69855;0.902943;1.92364;0.0401858;2.30248;0.7;0.7
1.81799;0.927737;2.04103;0.0167429;0.959298;0.7;0.7
1.78276;0.91389;2.00335;-0.00183837;-0.105331;0.7;0.7
1.58295;0.83389;1.78916;-0.0111551;-0.639139;0.7;0.7
1.71935;0.932573;1.95598;-0.0121354;-0.69531;0.7;0.7
1.71398;0.809373;1.89547;0.0558132;3.19786;0.7;0.7
1.90575;0.905496;2.10993;-0.00238524;-0.136664;0.7;0.7
1.74669;0.882028;1.95676;-0.0240551;-1.37826;0.7;0.7
1.73687;0.626747;1.84649;0.121309;6.95048;0.7;0.7
1.85802;0.644942;1.96677;0.012207;0.69941;0.7;0.7
2.01076;0.66047;2.11646;0.0167357;0.958887;0.7;0.7
1.90067;0.623864;2.00044;0.00021133;0.0121083;0.7;0.7
1.81534;0.605715;1.91373;-0.00489496;-0.280461;0.7;0.7
1.95129;0.628397;2.04998;0.0104949;0.601315;0.7;0.7
2.09103;0.56277;2.16543;0.0486472;2.78728;0.7;0.7
1.92204;0.503619;1.98692;0.00664378;0.380661;0.7;0.7
1.86831;0.354123;1.90157;0.0689429;3.95014;0.7;0.7
2.01809;0.395976;2.05657;-0.00643233;-0.368546;0.7;0.7
1.97913;0.370081;2.01343;0.00889469;0.509628;0.7;0.7
1.94569;0.376295;1.98174;-0.00618337;-0.354281;0.7;0.7
2.27403;0.300467;2.29379;0.0596719;3.41895;0.7;0.7
1.84331;0.422009;1.89101;-0.0936927;-5.3682;0.7;0.7
1.86739;0.366432;1.903;0.0312967;1.79317;0.7;0.7
1.85867;0.326033;1.88705;0.0201194;1.15275;0.7;0.7
1.96324;0.344418;1.99322;-2.14337e-05;-0.00122806;0.7;0.7
1.94525;0.318473;1.97115;0.0113882;0.652498;0.7;0.7
2.08621;0.237394;2.09967;0.0489739;2.806;0.7;0.7
2.10684;0.293633;2.1272;-0.0251744;-1.44239;0.7;0.7
1.96174;0.398533;2.00181;-0.0619467;-3.54929;0.7;0.7
1.94869;0.400027;1.98933;-0.0020413;-0.116958;0.7;0.7
1.94182;0.486036;2.00172;-0.0427935;-2.45189;0.7;0.7
1.7662;0.38604;1.8079;0.0300745;1.72314;0.7;0.7
1.88323;0.444689;1.93502;-0.0166978;-0.956713;0.7;0.7
1.85553;0.344033;1.88716;0.0485568;2.7821;0.7;0.7
2.08562;0.244115;2.09985;0.0668104;3.82795;0.7;0.7
1.88736;0.00878975;1.88738;0.11186;6.40908;0.7;0.7
2.00297;0.00888488;2.00299;0.000221311;0.0126802;0.7;0.7
2.05401;-0.152208;2.05964;0.0784036;4.49219;0.7;0.7
2.00835;-0.180764;2.01647;0.0157963;0.905062;0.7;0.7
2.12322;-0.328469;2.14848;0.0637223;3.65102;0.7;0.7
1.7855;-0.412447;1.83252;0.0735292;4.21291;0.7;0.7
1.95029;-0.394624;1.98981;-0.0273693;-1.56815;0.7;0.7
2.08223;-0.480292;2.13691;0.0270508;1.54989;0.7;0.7
1.96719;-0.595664;2.05539;0.0673266;3.85753;0.7;0.7
1.73436;-0.811705;1.91491;0.143709;8.2339;0.7;0.7
2.00537;-0.798545;2.15851;-0.0587757;-3.3676;0.7;0.7
2.03603;-0.848039;2.20558;0.015706;0.899886;0.7;0.7
1.98538;-0.59898;2.07377;-0.101652;-5.82421;0.7;0.7
1.91748;-0.578642;2.00289;7.07488e-05;0.00405361;0.7;0.7
1.88819;-0.623822;1.98857;0.0260097;1.49025;0.7;0.7
1.90171;-0.672299;2.01705;0.0207198;1.18716;0.7;0.7
1.85887;-0.481302;1.92017;-0.0864535;-4.95342;0.7;0.7
1.97516;-0.527926;2.0445;0.0078199;0.448047;0.7;0.7
1.91874;-0.494826;1.98152;-0.00878607;-0.503404;0.7;0.7
1.88633;-0.540441;1.96223;0.0266374;1.52621;0.7;0.7
2.07804;-0.50203;2.13782;-0.0419827;-2.40543;0.7;0.7
1.76618;-0.333526;1.79739;-0.0504033;-2.8879;0.7;0.7
2.05104;-0.198028;2.06058;-0.0903912;-5.17904;0.7;0.7
1.99;-0.259696;2.00687;0.0335157;1.92031;0.7;0.7
1.96139;0.0589595;1.96228;-0.159818;-9.15691;0.7;0.7
1.96865;0.0963682;1.971;-0.0188615;-1.08068;0.7;0.7
1.99346;0.098544;1.99589;-0.000481022;-0.0275606;0.7;0.7
1.92384;-0.0534379;1.92458;0.077163;4.42111;0.7;0.7
2.14067;-0.189265;2.14902;0.0604148;3.46151;0.7;0.7
1.9891;-0.240257;2.00355;0.0320204;1.83464;0.7;0.7
2.02928;-0.227518;2.042;-0.00855343;-0.490075;0.7;0.7
1.99566;-0.200703;2.00573;-0.0114187;-0.654244;0.7;0.7
1.89336;-0.170973;1.90106;-0.0101754;-0.583009;0.7;0.7
1.97195;-0.294782;1.99386;0.0583314;3.34214;0.7;0.7
1.93197;-0.404095;1.97378;0.0578007;3.31174;0.7;0.7
1.83712;-0.377803;1.87557;-0.00336754;-0.192946;0.7;0.7
1.87129;-0.438484;1.92198;0.0273471;1.56687;0.7;0.7
1.97104;-0.544658;2.04491;0.0394335;2.25938;0.7;0.7
1.93535;-0.673367;2.04915;0.0652267;3.73721;0.7;0.7
2.06552;-0.569555;2.1426;-0.0657705;-3.76837;0.7;0.7
1.80601;-0.596164;1.90187;0.0497785;2.8521;0.7;0.7
1.90643;-0.612334;2.00236;-0.00805132;-0.461306;0.7;0.7
1.89008;-0.561247;1.97164;-0.0221345;-1.26822;0.7;0.7
2.01186;-0.826392;2.17497;0.101097;5.79241;0.7;0.7
1.90356;-0.918021;2.11336;0.0596117;3.4155;0.7;0.7
1.77604;-0.595356;1.87317;-0.125915;-7.2144;0.7;0.7
1.95689;-0.596141;2.04568;-0.0277393;-1.58935;0.7;0.7
2.03486;-0.602882;2.12229;-0.0076679;-0.439338;0.7;0.7
1.91928;-0.516239;1.9875;-0.0252811;-1.4485;0.7;0.7
1.95148;-0.493537;2.01292;-0.0150461;-0.862076;0.7;0.7
1.93895;-0.490391;2;1.15173e-05;0.000659893;0.7;0.7
2.00736;-0.587181;2.09148;0.0368534;2.11154;0.7;0.7
1.79552;-0.580914;1.88716;0.0283313;1.62326;0.7;0.7
1.85713;-0.632715;1.96196;0.0154547;0.885487;0.7;0.7
1.63004;-0.445902;1.68993;-0.0613412;-3.51459;0.7;0.7
1.91815;-0.505129;1.98354;-0.00952324;-0.545641;0.7;0.7
1.6432;-0.623693;1.75758;0.105267;6.03135;0.7;0.7
1.91497;-0.683163;2.03318;-0.0200884;-1.15098;0.7;0.7
1.79737;-0.682665;1.92265;0.0203086;1.1636;0.7;0.7
1.86004;-0.693282;1.98504;-0.00620979;-0.355795;0.7;0.7
1.70955;-0.951272;1.95639;0.151006;8.652;0.7;0.7
1.69251;-0.626583;1.80477;-0.153216;-8.77862;0.7;0.7
1.89366;-0.758081;2.03977;0.026223;1.50247;0.7;0.7
1.62539;-0.881431;1.849;0.116117;6.65301;0.7;0.7
1.72355;-0.90254;1.94556;-0.014513;-0.831531;0.7;0.7
1.67984;-0.989479;1.9496;0.0499241;2.86044;0.7;0.7
1.67943;-1.04568;1.97837;0.0245853;1.40863;0.7;0.7
1.70499;-1.18891;2.07858;0.052022;2.98064;0.7;0.7
1.68949;-1.23099;2.09039;0.0207497;1.18887;0.7;0.7
1.57743;-1.18799;1.97474;0.0158227;0.906573;0.7;0.7
1.64371;-1.20932;2.04065;-0.0111893;-0.641097;0.7;0.7
1.4984;-1.05842;1.83452;-0.019318;-1.10684;0.7;0.7
1.59016;-1.30496;2.05707;0.0722171;4.13774;0.7;0.7
1.52319;-1.50732;2.14293;0.0929573;5.32606;0.7;0.7
1.43351;-1.41729;2.01585;-0.000450706;-0.0258236;0.7;0.7
1.37061;-1.41827;1.97233;0.0227753;1.30493;0.7;0.7
1.3455;-1.43927;1.97025;0.0165691;0.949337;0.7;0.7
0.959181;-1.2806;1.59999;0.108873;6.23795;0.7;0.7
1.1445;-1.49415;1.88212;-0.0107839;-0.617873;0.7;0.7
1.51617;-1.36272;2.03857;-0.184998;-10.5996;0.7;0.7
1.56823;-1.30208;2.03832;-0.0392063;-2.24635;0.7;0.7
1.68952;-1.2647;2.11044;-0.0503632;-2.8856;0.7;0.7
1.59304;-1.22667;2.0106;0.0136126;0.779944;0.7;0.7
1.72462;-1.28442;2.15036;-0.0160516;-0.919688;0.7;0.7
1.58164;-1.2571;2.02037;0.0314303;1.80082;0.7;0.7
1.5514;-1.44044;2.117;0.0767597;4.39801;0.7;0.7
1.38785;-1.51622;2.05549;0.0812472;4.65512;0.7;0.7
1.34123;-1.56667;2.06237;0.033198;1.90211;0.7;0.7
1.35042;-1.4807;2.00402;-0.0313906;-1.79855;0.7;0.7
1.41812;-1.52396;2.0817;-0.0100254;-0.57441;0.7;0.7
1.44165;-1.47304;2.06111;-0.0251884;-1.44319;0.7;0.7
1.72681;-1.46137;2.26219;-0.0938358;-5.3764;0.7;0.7
1.58527;-1.66959;2.3023;0.108967;6.24332;0.7;0.7
1.3714;-1.50613;2.03695;0.0208878;1.19678;0.7;0.7
1.30535;-1.49159;1.98212;0.0197018;1.12883;0.7;0.7
1.2124;-1.45404;1.89318;0.0238858;1.36856;0.7;0.7
1.22678;-1.42455;1.87998;-0.0159221;-0.912272;0.7;0.7
0.973117;-1.50755;1.79435;0.137743;7.89209;0.7;0.7
1.01604;-1.62773;1.91881;0.015173;0.86935;0.7;0.7
0.853015;-1.53951;1.76003;0.052056;2.98259;0.7;0.7
0.892465;-1.74215;1.95744;0.0325499;1.86497;0.7;0.7
0.727671;-1.78654;1.92905;0.0866328;4.96369;0.7;0.7
0.861571;-1.86371;2.05323;-0.0462358;-2.64911;0.7;0.7
0.711085;-1.67087;1.81589;0.0306648;1.75696;0.7;0.7
0.729083;-2.02287;2.15025;0.0564331;3.23338;0.7;0.7
0.70927;-1.81821;1.95165;-0.0260096;-1.49024;0.7;0.7
0.704177;-1.93271;2.05699;0.0225378;1.29132;0.7;0.7
0.705562;-1.83288;1.96399;-0.0180641;-1.035;0.7;0.7
0.806288;-1.77356;1.94824;-0.0592221;-3.39317;0.7;0.7
0.831564;-1.8504;2.02866;0.0043326;0.24824;0.7;0.7
0.579622;-1.82573;1.91553;0.114943;6.58574;0.7;0.7
0.56369;-1.79334;1.87985;0.0028645;0.164124;0.7;0.7
0.526975;-1.97033;2.03958;0.0432073;2.47559;0.7;0.7
0.745191;-2.10951;2.23727;-0.0782312;-4.48232;0.7;0.7
0.608921;-1.91389;2.00842;0.0315369;1.80693;0.7;0.7
0.625961;-2.00475;2.1002;0.00538554;0.308569;0.7;0.7
0.533381;-1.95356;2.02506;0.0361125;2.0691;0.7;0.7
0.514445;-1.91559;1.98346;0.00416745;0.238777;0.7;0.7
0.481879;-1.90595;1.96593;0.0147282;0.843861;0.7;0.7
0.489349;-1.93993;2.0007;0.000543245;0.0311256;0.7;0.7
0.513816;-1.94718;2.01383;-0.0108999;-0.62452;0.7;0.7
